labels 10 0
10 0.999967 3.31704e-05
10 0.999859 0.000140764
10 0.994667 0.00533343
10 1 1.24981e-07
10 1 1e-07
10 0.998846 0.00115405
10 0.999893 0.000106958
10 1 1e-07
10 1 1e-07
10 1 1e-07
10 0.999962 3.77024e-05
0 7.60862e-06 0.999992
10 1 2.06006e-07
0 0.00337352 0.996626
10 1 1e-07
10 1 1e-07
10 1 1e-07
10 1 1e-07
0 2.75323e-05 0.999972
10 0.999998 1.51064e-06
10 0.999999 1.44997e-06
10 0.992801 0.00719876
10 0.99983 0.000170479
10 0.999987 1.27144e-05
10 0.998774 0.00122559
0 0.000794429 0.999206
10 0.998954 0.00104641
0 0.0039612 0.996039
10 0.999966 3.37511e-05
10 0.999986 1.43575e-05
10 1 1e-07
10 1 1e-07
10 0.999918 8.18703e-05
10 1 2.9722e-07
10 0.999189 0.000811143
10 1 1e-07
10 0.999985 1.4737e-05
0 0.0039262 0.996074
10 1 1e-07
10 0.999935 6.47574e-05
10 0.999476 0.000523607
10 0.99999 9.5906e-06
10 0.999973 2.71841e-05
10 0.999907 9.27539e-05
0 0.00308141 0.996919
10 0.999986 1.39214e-05
10 0.997569 0.00243099
10 0.999888 0.000112379
10 0.999556 0.000443908
10 0.99939 0.000610191
10 1 1e-07
10 1 1e-07
10 1 1e-07
10 0.999971 2.88399e-05
10 0.999989 1.11118e-05
10 0.99964 0.000360408
10 0.991735 0.00826481
10 0.99901 0.000990148
0 0.00246947 0.997531
10 0.999871 0.000128895
0 0.00389179 0.996108
10 0.999953 4.70759e-05
10 0.999803 0.000196618
10 0.999744 0.00025606
10 1 1e-07
10 1 1e-07
10 0.99841 0.00158959
0 0.000675516 0.999324
10 1 1e-07
10 1 1e-07
10 0.998469 0.00153073
10 1 1e-07
10 0.999853 0.000147168
10 0.999859 0.000141197
10 1 1e-07
10 1 1e-07
10 0.999998 2.16593e-06
10 0.99813 0.00187035
0 0.000430669 0.999569
10 0.999753 0.000246943
0 2.40992e-05 0.999976
0 3.15896e-05 0.999968
10 1 1e-07
10 0.997522 0.00247834
10 1 1.72895e-07
10 0.99987 0.000130121
10 0.998533 0.00146681
0 8.20429e-05 0.999918
10 0.999958 4.17902e-05
0 0.00574678 0.994253
10 1 1e-07
10 0.999917 8.32177e-05
10 1 1e-07
10 0.999086 0.000913543
10 0.996726 0.00327428
10 1 1e-07
0 0.000155292 0.999845
10 0.99945 0.000550136
10 0.999756 0.000244282
10 1 1.48359e-07
10 0.999845 0.000154918
10 0.999834 0.000165963
10 0.999998 2.27863e-06
10 0.999986 1.36329e-05
10 0.999972 2.8068e-05
10 1 1e-07
10 1 1e-07
10 0.999961 3.94335e-05
10 1 1e-07
10 0.990916 0.00908435
10 0.994207 0.00579275
10 1 1e-07
10 0.999988 1.17588e-05
10 0.999936 6.44788e-05
10 0.999887 0.000112511
10 0.999911 8.8543e-05
10 0.99999 9.6895e-06
10 1 1e-07
10 0.999841 0.000159161
10 0.999771 0.000228913
10 0.999596 0.000404282
10 0.999985 1.45299e-05
10 0.99986 0.000139504
10 1 1e-07
0 0.000291163 0.999709
10 0.999839 0.000160883
10 1 3.30342e-07
10 0.999246 0.000754142
0 0.000916491 0.999084
10 0.999442 0.000558341
10 0.999698 0.000301897
10 1 1e-07
10 0.99926 0.000739608
10 0.999941 5.85862e-05
10 0.999984 1.56635e-05
10 1 1e-07
10 0.999995 5.23866e-06
0 0.00205418 0.997946
10 1 1e-07
10 1 1e-07
0 0.000468301 0.999532
10 1 1e-07
10 0.999646 0.000354431
0 0.0021691 0.997831
10 0.997326 0.00267385
10 0.998555 0.0014451
10 1 1e-07
10 0.999039 0.000960933
10 0.999999 6.37912e-07
10 0.999996 3.61882e-06
0 0.0084715 0.991529
10 0.999971 2.93991e-05
10 0.999936 6.40805e-05
10 1 1.12115e-07
10 0.998008 0.00199168
10 0.999742 0.000258373
10 0.997821 0.00217931
10 0.999998 1.74561e-06
10 1 1e-07
10 1 1.06256e-07
10 1 1e-07
10 1 1.94301e-07
10 1 1e-07
0 7.73398e-05 0.999923
10 0.999988 1.21075e-05
10 0.999997 2.53192e-06
10 1 1e-07
10 1 1e-07
0 0.000212299 0.999788
10 1 1e-07
10 1 1e-07
10 0.999394 0.000605547
10 1 1.70345e-07
10 0.999998 1.85428e-06
10 0.999992 8.16146e-06
10 0.999996 4.07691e-06
10 1 1e-07
10 1 1e-07
10 0.999991 9.12569e-06
0 0.00161555 0.998384
10 1 1e-07
10 0.997111 0.00288912
10 0.999906 9.36676e-05
0 0.00699173 0.993008
10 1 1e-07
10 0.996574 0.00342621
10 0.999392 0.00060768
0 0.000206175 0.999794
10 0.99953 0.000469619
10 0.9999 0.000100366
10 0.99915 0.000849806
10 1 4.92073e-07
10 0.999998 2.34323e-06
0 0.43775 0.56225
10 0.999468 0.000532047
10 0.999998 1.78185e-06
0 0.000396793 0.999603
10 1 1e-07
0 0.00420112 0.995799
10 0.998199 0.00180146
10 0.999999 6.06255e-07
10 0.999905 9.47741e-05
10 0.998975 0.00102516
10 0.999644 0.000356048
10 0.997068 0.00293228
10 1 1e-07
10 0.999467 0.000533333
10 0.999901 9.87822e-05
0 0.000144591 0.999855
10 0.999996 3.92149e-06
10 0.998373 0.0016272
10 0.999989 1.1029e-05
10 0.999804 0.000195774
10 1 1e-07
10 0.999746 0.000253977
10 0.998831 0.00116941
10 1 1e-07
10 0.99986 0.000139544
10 1 1.10167e-07
10 0.999979 2.07076e-05
10 0.999992 8.4173e-06
10 1 1e-07
10 0.997282 0.00271811
10 0.999876 0.000123681
10 0.999678 0.000322348
10 0.999986 1.39125e-05
0 4.61087e-05 0.999954
10 0.999924 7.58702e-05
10 0.998325 0.00167498
10 0.999987 1.33089e-05
10 0.999998 1.55368e-06
10 1 1e-07
0 0.000719585 0.99928
10 0.999776 0.000224244
10 0.999871 0.000128735
10 1 1e-07
10 0.995518 0.00448242
10 0.999971 2.92529e-05
10 0.999899 0.000100874
10 0.999954 4.58948e-05
10 0.999845 0.000154989
0 0.0014324 0.998568
10 1 4.71089e-07
10 1 1e-07
10 1 1e-07
10 0.999974 2.61209e-05
10 0.998825 0.00117513
10 0.99996 4.02432e-05
10 1 1e-07
10 0.99432 0.00568028
10 0.998675 0.00132512
10 1 1e-07
10 0.999962 3.83738e-05
10 0.998822 0.00117779
10 0.999999 6.17666e-07
0 0.00219694 0.997803
10 0.996642 0.00335791
10 0.999978 2.24499e-05
10 0.999929 7.10037e-05
10 0.999957 4.34083e-05
10 0.999975 2.52648e-05
10 0.999987 1.25047e-05
10 0.998774 0.00122628
10 0.999942 5.80965e-05
10 1 1e-07
0 0.000174836 0.999825
10 1 1e-07
10 0.500697 0.499303
10 0.996536 0.00346391
0 0.000505715 0.999494
10 0.999475 0.000524674
10 0.999999 9.63222e-07
10 0.999997 2.85554e-06
10 0.999839 0.000161228
10 0.999967 3.33038e-05
10 0.997676 0.00232388
10 0.997551 0.00244936
10 0.999965 3.51883e-05
10 0.998916 0.0010844
10 1 1e-07
10 0.999992 7.73715e-06
10 0.999991 9.08454e-06
10 0.999992 7.89284e-06
10 0.999838 0.00016172
0 6.38452e-05 0.999936
0 0.00406366 0.995936
10 0.999691 0.000309185
10 0.964155 0.0358447
10 1 1e-07
10 0.998795 0.00120547
10 1 1e-07
10 0.999998 1.53778e-06
0 0.000788051 0.999212
10 0.999913 8.69578e-05
10 1 1e-07
10 0.999999 5.92654e-07
10 0.998033 0.00196716
10 1 1e-07
10 0.993277 0.00672334
10 1 1e-07
10 1 1e-07
10 0.999996 3.94313e-06
10 0.999836 0.000164296
0 0.000152545 0.999847
10 0.999966 3.37549e-05
10 0.999994 5.58078e-06
10 0.999974 2.6188e-05
10 0.999907 9.26973e-05
10 1 1e-07
10 0.999996 3.69174e-06
10 0.99995 5.00835e-05
10 1 1.23701e-07
10 1 1e-07
10 0.999993 7.09743e-06
10 0.999999 5.4155e-07
10 0.999935 6.54138e-05
10 0.999461 0.000539062
10 0.999992 7.73175e-06
10 0.999994 6.19658e-06
10 0.999441 0.000558914
10 1 1e-07
0 6.68949e-05 0.999933
10 0.999476 0.000524008
10 1 1e-07
10 0.999993 7.0796e-06
10 0.999981 1.89045e-05
10 0.999972 2.78965e-05
10 0.999948 5.1822e-05
10 0.996308 0.0036917
10 0.99994 5.97669e-05
10 1 1e-07
10 1 3.8088e-07
10 0.999858 0.000141745
10 0.999541 0.00045929
10 0.999994 6.07345e-06
10 0.998662 0.00133822
10 1 1e-07
10 1 1e-07
10 0.99999 1.03832e-05
10 0.999998 2.29599e-06
10 0.998047 0.00195259
10 0.999984 1.60908e-05
0 0.00128195 0.998718
10 0.998577 0.00142255
10 0.998313 0.00168699
10 1 1.09126e-07
10 1 3.69665e-07
10 0.999999 8.76746e-07
10 1 1e-07
10 0.998835 0.00116527
10 0.99977 0.000230128
10 0.99994 5.98825e-05
10 0.999978 2.18006e-05
10 1 1e-07
10 0.998361 0.00163921
10 0.999952 4.80875e-05
10 0.999999 7.18602e-07
10 1 1e-07
10 0.999999 9.32972e-07
10 0.99995 4.96486e-05
10 1 1e-07
10 0.999977 2.33964e-05
10 0.968265 0.0317354
10 0.99995 4.96037e-05
10 1 1e-07
10 0.999999 9.96112e-07
10 0.999808 0.000191815
10 0.999861 0.000138747
10 0.99982 0.000180152
0 0.000475553 0.999524
10 0.99999 9.98327e-06
0 0.000894702 0.999105
10 1 1e-07
10 1 1e-07
10 0.999987 1.29961e-05
10 0.999811 0.000189149
10 0.999986 1.44318e-05
10 0.998067 0.00193325
10 0.999975 2.46288e-05
10 1 1e-07
10 0.999888 0.000111887
10 0.999999 1.26592e-06
10 0.994905 0.00509452
10 0.999792 0.000208366
10 0.999415 0.000585425
10 0.999942 5.81077e-05
10 0.999918 8.17233e-05
0 0.0104538 0.989546
10 1 1e-07
10 0.999998 2.24784e-06
0 0.00830267 0.991697
10 0.999931 6.94297e-05
10 0.999981 1.89292e-05
10 1 1.53605e-07
10 0.999999 9.67802e-07
10 0.999999 5.33504e-07
10 1 1.8256e-07
10 0.998783 0.00121746
10 0.999948 5.18406e-05
10 0.999977 2.30654e-05
10 0.999662 0.000337612
0 0.000348361 0.999652
10 1 1e-07
10 1 1e-07
10 0.999984 1.62246e-05
10 1 1e-07
10 1 1.66818e-07
10 0.999633 0.000367253
10 1 3.55558e-07
10 1 1e-07
10 0.999896 0.000104267
10 1 1e-07
10 0.999963 3.66848e-05
10 0.999819 0.000181113
10 1 1e-07
10 0.999987 1.26054e-05
0 0.00127058 0.998729
10 0.995816 0.00418398
10 0.999983 1.70011e-05
10 1 1e-07
10 1 1.00097e-07
10 0.999992 7.86582e-06
10 0.999948 5.19322e-05
10 1 1e-07
10 0.998774 0.00122554
10 0.99999 1.03137e-05
0 0.00566164 0.994338
10 0.995294 0.00470563
10 1 1e-07
0 0.000765635 0.999234
0 0.381899 0.618101
10 1 1e-07
10 1 1.48458e-07
10 0.999996 4.02091e-06
10 0.999176 0.000823786
10 0.999948 5.15809e-05
10 0.998801 0.00119934
10 0.999981 1.88808e-05
10 0.999886 0.000114251
0 0.00845489 0.991545
10 0.999928 7.1558e-05
10 1 1e-07
10 1 1e-07
10 0.999864 0.000136132
10 0.997646 0.00235391
10 0.999977 2.33745e-05
10 0.987833 0.012167
10 0.999996 3.83769e-06
10 1 4.15976e-07
10 0.999447 0.000552843
10 0.999998 1.96161e-06
10 0.999992 7.61411e-06
10 1 1e-07
0 0.0317919 0.968208
10 0.99997 2.96099e-05
10 0.999988 1.20454e-05
0 0.000177022 0.999823
10 0.999709 0.000290961
10 1 1e-07
10 0.999991 9.44558e-06
0 0.00104159 0.998958
10 1 1e-07
10 1 1e-07
10 0.997573 0.00242717
10 0.999986 1.41955e-05
10 0.998068 0.0019316
10 1 1e-07
0 0.00300288 0.996997
10 0.99991 8.95334e-05
10 0.999993 7.30271e-06
10 0.997677 0.00232259
10 0.999997 2.70844e-06
10 0.999992 7.62662e-06
10 0.999918 8.24617e-05
10 0.999999 8.39811e-07
10 0.999996 3.63521e-06
10 0.999971 2.91618e-05
10 0.999999 1.08256e-06
10 0.999949 5.1358e-05
10 1 1e-07
10 0.999969 3.05627e-05
10 0.999997 2.56267e-06
10 0.999931 6.86705e-05
10 0.999868 0.000132362
10 1 1e-07
10 0.999996 4.38058e-06
10 0.999993 6.97512e-06
10 0.999992 7.93496e-06
10 1 1e-07
10 1 1e-07
10 1 1e-07
10 0.999993 6.54804e-06
10 0.999968 3.24863e-05
10 0.999526 0.000473612
10 1 2.21401e-07
10 0.99987 0.000129664
10 1 1e-07
10 0.999996 3.52424e-06
10 1 1.42391e-07
10 0.99984 0.000159908
10 1 4.75868e-07
10 1 1e-07
10 1 1e-07
10 0.999423 0.000576893
10 0.999997 3.415e-06
10 0.999833 0.000167288
10 0.999988 1.17828e-05
10 0.999808 0.000191696
10 1 3.25627e-07
0 0.0049051 0.995095
10 0.999996 3.96461e-06
10 0.999947 5.30917e-05
10 1 1e-07
10 0.99994 6.00227e-05
10 0.999981 1.87701e-05
10 0.999678 0.000322389
10 0.999993 6.97686e-06
0 5.69037e-05 0.999943
10 1 1.18102e-07
10 0.999974 2.57046e-05
0 0.00403509 0.995965
0 0.000236821 0.999763
10 1 1e-07
10 0.999876 0.000124467
10 0.999773 0.000227434
10 0.999986 1.43649e-05
0 9.82916e-05 0.999902
10 1 1e-07
10 1 1e-07
10 0.87355 0.12645
10 0.999741 0.000258757
10 0.993855 0.0061446
10 0.999724 0.000276305
10 1 1e-07
10 1 1e-07
10 0.999798 0.000201874
10 0.99997 2.96189e-05
0 0.000215424 0.999785
0 0.000275661 0.999724
10 1 2.33138e-07
10 1 2.73516e-07
10 1 3.73347e-07
10 1 2.23933e-07
10 0.999994 6.02884e-06
10 1 4.69253e-07
10 0.99873 0.00127023
10 0.999803 0.0001973
10 1 1e-07
0 0.000155424 0.999845
10 0.999992 7.95597e-06
10 0.999996 3.56049e-06
0 0.000405854 0.999594
10 0.999637 0.000363429
0 0.358049 0.641951
10 0.999971 2.93948e-05
10 1 2.53773e-07
10 0.99862 0.00138039
10 0.999895 0.000105494
0 0.000674556 0.999325
10 0.993838 0.00616244
10 0.999424 0.000576105
10 0.999844 0.000155659
0 0.00126364 0.998736
10 0.999884 0.000116465
10 1 1e-07
10 0.99995 5.00536e-05
10 0.99998 1.97257e-05
10 1 3.07217e-07
10 1 1e-07
10 1 1e-07
10 1 1e-07
0 0.00258437 0.997416
10 0.998819 0.00118118
10 0.99898 0.00102032
10 0.999949 5.09878e-05
10 1 1e-07
10 1 1e-07
10 0.997734 0.00226626
10 0.99999 1.01835e-05
10 1 1e-07
10 0.999925 7.52906e-05
10 1 1e-07
10 1 1e-07
10 0.986844 0.0131564
0 0.000215131 0.999785
10 0.999947 5.28704e-05
0 0.000736617 0.999263
10 0.999974 2.56766e-05
10 0.998809 0.00119104
10 0.999989 1.14317e-05
10 1 1e-07
10 0.999996 3.94836e-06
10 0.999013 0.000986746
10 0.999979 2.11043e-05
10 1 1e-07
0 0.000240773 0.999759
10 1 1e-07
10 0.999941 5.86011e-05
10 0.999948 5.1948e-05
10 1 3.90326e-07
0 0.0573992 0.942601
10 0.999881 0.000118604
10 0.999439 0.000561491
10 0.999694 0.000306248
10 0.999999 5.7079e-07
10 1 1e-07
10 1 1e-07
10 1 1e-07
10 0.999705 0.000295019
10 0.999743 0.000257344
10 0.999989 1.11983e-05
10 0.999784 0.000216122
10 0.999955 4.50321e-05
10 0.998333 0.00166713
0 0.00154387 0.998456
10 0.999985 1.47346e-05
10 0.99981 0.000189912
10 0.999999 7.4359e-07
0 0.000467878 0.999532
10 1 1.79276e-07
10 0.999968 3.17424e-05
10 1 1.22933e-07
10 0.999144 0.000855998
0 0.00020886 0.999791
10 0.99976 0.000239589
10 0.999299 0.000700655
10 0.997405 0.00259477
0 0.2504 0.7496
10 0.99997 2.96382e-05
10 0.99999 9.93474e-06
10 0.999999 6.00338e-07
0 0.000452527 0.999547
10 1 1e-07
0 0.000528187 0.999472
10 0.999662 0.000337725
10 0.999978 2.17404e-05
0 0.00037394 0.999626
10 0.999927 7.3109e-05
10 0.999962 3.771e-05
10 0.999988 1.23181e-05
10 0.999916 8.37672e-05
10 0.999463 0.00053715
10 0.999981 1.93462e-05
10 1 1e-07
10 1 1.42793e-07
10 0.999974 2.60114e-05
10 0.999595 0.000405276
10 0.999901 9.85216e-05
10 1 1e-07
10 0.999943 5.66467e-05
10 0.999942 5.7604e-05
10 0.99908 0.000919608
0 0.000251974 0.999748
10 0.996754 0.00324593
10 0.99981 0.000189609
10 1 1e-07
10 0.999976 2.3618e-05
10 0.999991 9.45255e-06
10 0.998824 0.00117598
10 0.999973 2.73639e-05
10 0.999983 1.71546e-05
10 0.999998 1.77092e-06
10 0.999934 6.58953e-05
10 0.999989 1.14408e-05
0 0.000107355 0.999893
0 0.0406989 0.959301
10 0.999729 0.000270949
10 0.999949 5.07337e-05
10 0.999865 0.000135242
10 0.999206 0.000794198
10 0.999834 0.000166032
10 0.999563 0.000436847
10 0.999501 0.000499425
10 0.999154 0.000845831
10 0.999965 3.47206e-05
10 0.999856 0.000144223
0 0.000497928 0.999502
10 0.997796 0.00220429
10 0.999999 1.07439e-06
10 0.999803 0.00019701
10 0.999754 0.000246002
10 1 1e-07
10 0.999991 8.55354e-06
10 1 1e-07
10 0.994198 0.00580218
10 0.99999 9.60055e-06
10 1 1e-07
10 1 1e-07
10 0.999801 0.000198705
10 0.999907 9.32085e-05
10 1 1e-07
10 0.999997 2.75297e-06
10 0.999392 0.000608182
10 0.999628 0.000371973
10 0.99978 0.000220276
10 0.999746 0.00025399
10 0.998934 0.00106634
10 1 1e-07
10 0.999935 6.47018e-05
10 1 1e-07
10 0.999996 4.28678e-06
10 0.999995 4.62913e-06
10 0.999989 1.13101e-05
10 0.999867 0.000132662
10 0.999999 1.45921e-06
0 0.00065982 0.99934
10 0.999993 6.94664e-06
10 0.999984 1.6043e-05
10 0.999974 2.62269e-05
10 0.999974 2.62384e-05
10 0.868834 0.131166
10 0.999999 1.03525e-06
10 0.999777 0.000223256
10 0.998292 0.00170831
10 1 1e-07
10 0.999989 1.14945e-05
10 0.999925 7.53622e-05
10 1 1e-07
10 0.70293 0.29707
10 1 1e-07
10 0.999958 4.18602e-05
0 0.000584124 0.999416
10 0.999999 7.45609e-07
10 0.999626 0.000374007
10 1 1e-07
10 0.998522 0.00147796
0 0.000176626 0.999823
10 0.997559 0.00244105
10 0.999964 3.61034e-05
10 0.999991 8.90929e-06
10 0.998292 0.00170815
10 0.999954 4.60855e-05
10 0.996511 0.00348851
10 1 1e-07
10 0.999947 5.27377e-05
10 0.999997 2.66882e-06
10 0.999425 0.00057499
0 8.17976e-05 0.999918
10 0.999979 2.0931e-05
10 0.99997 3.00048e-05
10 0.989145 0.0108546
10 0.999988 1.22625e-05
10 0.999998 2.05272e-06
10 0.999876 0.00012403
0 0.000224123 0.999776
10 0.999983 1.68841e-05
10 0.999818 0.000181698
10 1 1.40256e-07
10 0.999918 8.17656e-05
10 0.999611 0.000388932
10 0.999938 6.22252e-05
10 0.998816 0.00118402
10 1 1e-07
10 0.999791 0.000209057
10 0.999888 0.000112002
10 0.999886 0.000113506
10 1 1e-07
10 0.999429 0.000571411
10 0.999583 0.000416512
10 0.999988 1.23204e-05
10 1 1.81102e-07
10 0.998967 0.00103271
10 1 1e-07
10 0.99933 0.000670198
10 0.998316 0.00168409
10 0.999957 4.28642e-05
10 1 1e-07
10 0.999996 3.73508e-06
10 0.99958 0.000420194
10 1 1e-07
10 0.999914 8.62684e-05
10 1 1e-07
0 0.0022424 0.997758
10 1 3.26078e-07
10 0.999993 7.44231e-06
10 0.999711 0.000289141
10 0.999843 0.0001568
10 0.997071 0.00292912
10 1 1e-07
10 1 1e-07
10 0.999969 3.13417e-05
0 8.99795e-05 0.99991
10 0.999299 0.000700915
10 0.999737 0.00026305
10 0.999999 9.89864e-07
10 0.999669 0.000331006
10 0.999998 1.5781e-06
10 1 1e-07
0 0.000358605 0.999641
10 1 3.33612e-07
10 0.999984 1.63875e-05
10 0.999987 1.27876e-05
10 0.999794 0.000206253
10 0.999892 0.00010797
10 0.99985 0.000149829
10 0.999903 9.65141e-05
10 0.995997 0.00400301
10 0.997516 0.00248352
10 0.999977 2.32307e-05
10 0.999976 2.39385e-05
10 0.999363 0.000636668
10 1 1e-07
10 0.99988 0.000119569
10 0.999144 0.000856116
10 0.995061 0.00493907
10 0.99984 0.000159786
10 0.999749 0.000251485
10 1 1.97503e-07
10 1 1e-07
10 1 2.10077e-07
10 1 1e-07
10 0.999999 1.33489e-06
10 1 1e-07
10 1 1e-07
10 0.999969 3.11642e-05
10 0.999999 5.59597e-07
10 0.99958 0.000419503
10 1 1e-07
10 1 1e-07
10 0.999637 0.000362755
10 0.999746 0.000253871
10 0.999989 1.13878e-05
10 0.995408 0.00459226
0 0.000107567 0.999892
10 1 1e-07
10 0.999893 0.000107086
10 1 1e-07
10 0.998432 0.00156817
10 0.999997 3.30471e-06
10 1 1e-07
10 0.999919 8.0963e-05
10 0.99996 3.96303e-05
10 0.998423 0.0015769
10 0.99998 2.02601e-05
10 0.999992 7.81964e-06
10 0.999912 8.76967e-05
0 0.000229297 0.999771
10 1 1e-07
10 0.995338 0.00466246
10 0.999998 2.29735e-06
0 0.00105796 0.998942
10 0.999998 1.79737e-06
10 1 1e-07
10 0.999999 7.40928e-07
10 0.999987 1.26967e-05
10 0.999991 9.32629e-06
10 1 1e-07
10 0.999996 3.88219e-06
10 0.999999 7.44861e-07
10 0.999986 1.38548e-05
10 0.999996 3.73218e-06
10 0.994816 0.00518398
10 1 1e-07
0 5.0417e-06 0.999995
10 1 1e-07
0 0.000201892 0.999798
0 0.0030722 0.996928
10 0.999832 0.000167712
10 0.998698 0.00130244
10 1 1e-07
10 1 1e-07
10 0.999853 0.000146766
10 0.999893 0.000106967
10 0.999993 6.50804e-06
10 0.999925 7.48613e-05
0 0.00044166 0.999558
10 0.999699 0.000300656
10 0.999996 3.64152e-06
10 0.9997 0.000300031
10 0.99999 9.58978e-06
10 1 1e-07
10 1 1e-07
10 1 1e-07
10 1 1e-07
10 1 1e-07
10 0.999921 7.8534e-05
10 0.999709 0.000290812
10 0.997582 0.00241782
10 0.998736 0.00126391
10 0.99547 0.00453003
10 1 1.21806e-07
10 0.999999 5.93271e-07
10 1 1e-07
10 0.999999 9.7764e-07
10 0.99995 5.02855e-05
0 0.00113809 0.998862
10 0.999303 0.000697452
10 1 1e-07
10 0.999999 1.45428e-06
10 0.999937 6.30068e-05
10 0.99995 5.04855e-05
10 0.999965 3.53498e-05
10 1 1e-07
0 0.252121 0.747879
10 0.999948 5.2465e-05
10 0.999718 0.000281779
10 0.999989 1.07248e-05
10 1 1e-07
10 1 1e-07
10 0.999647 0.00035309
0 0.000715661 0.999284
10 0.999999 1.04403e-06
10 0.999819 0.000180837
10 1 1e-07
10 0.999969 3.11228e-05
10 0.999935 6.48582e-05
10 0.999946 5.44391e-05
10 0.99368 0.00632009
10 0.999999 1.08977e-06
10 0.998529 0.00147072
10 0.999993 7.46849e-06
10 1 1e-07
10 0.999896 0.000104279
10 0.998763 0.00123735
10 1 1e-07
10 1 2.97966e-07
10 1 1e-07
10 0.999984 1.5734e-05
0 0.00175814 0.998242
10 0.999984 1.63274e-05
10 0.999954 4.58806e-05
10 0.997688 0.00231239
0 0.000511373 0.999489
10 0.999996 3.61179e-06
0 0.00518071 0.994819
10 0.999965 3.46596e-05
0 0.000693333 0.999307
10 1 1e-07
10 1 1e-07
10 0.999736 0.000264003
10 1 3.66865e-07
0 0.00168321 0.998317
10 1 1.32093e-07
10 0.999525 0.000474509
10 1 1e-07
10 1 1e-07
10 1 1e-07
10 1 1e-07
10 0.999994 5.95168e-06
10 0.997885 0.0021149
10 0.999894 0.0001056
10 1 1e-07
10 0.999566 0.000433856
10 0.999997 2.87019e-06
10 0.999957 4.34286e-05
10 0.996638 0.0033619
10 0.997011 0.00298856
10 1 1e-07
10 0.999985 1.4519e-05
10 0.997837 0.00216277
10 0.999611 0.000389039
10 0.999985 1.48477e-05
10 1 1e-07
10 0.999964 3.5587e-05
0 0.0023171 0.997683
10 1 1e-07
10 0.999984 1.55473e-05
10 0.999902 9.82888e-05
10 0.999999 1.09429e-06
10 0.999253 0.000747104
10 0.999594 0.000406282
10 0.999995 5.28887e-06
10 0.999986 1.36415e-05
10 0.999854 0.000146192
10 0.999993 7.21103e-06
10 0.999911 8.94069e-05
10 0.999787 0.000212917
10 0.999946 5.38834e-05
10 0.999613 0.000387458
10 1 1e-07
10 0.99995 4.99288e-05
10 0.99833 0.0016703
10 0.999954 4.63987e-05
10 0.999292 0.000707867
10 1 2.01466e-07
10 0.999981 1.89085e-05
10 0.999892 0.000108076
10 0.992894 0.00710592
10 0.999999 1.36953e-06
10 0.999984 1.64599e-05
10 0.999699 0.000301213
10 1 1e-07
0 0.000341089 0.999659
10 0.999986 1.36354e-05
10 0.999954 4.56177e-05
10 1 1e-07
0 0.00114639 0.998854
10 0.99887 0.00112966
10 1 1e-07
10 0.999987 1.29589e-05
10 0.999991 9.09249e-06
10 1 2.53308e-07
0 0.000697418 0.999303
10 0.999712 0.000288361
10 0.999999 1.12777e-06
10 0.996291 0.00370916
10 1 1e-07
10 0.999982 1.81536e-05
10 0.99999 9.54843e-06
10 0.99756 0.00244041
10 1 1e-07
10 0.999787 0.000213005
10 0.999984 1.55154e-05
10 0.999986 1.38731e-05
10 1 1e-07
10 0.997515 0.00248521
10 0.999986 1.4011e-05
10 0.999992 7.54591e-06
0 0.0010548 0.998945
10 0.999265 0.000735138
10 0.998657 0.00134343
10 0.999999 1.04718e-06
10 1 1e-07
10 1 1e-07
10 1 1e-07
10 1 1e-07
0 0.0032555 0.996745
10 1 1e-07
10 0.999981 1.88972e-05
0 0.000454012 0.999546
10 0.999998 1.69416e-06
0 0.00249859 0.997501
10 0.95282 0.0471803
10 0.999999 1.14687e-06
10 0.999846 0.000154147
10 0.999988 1.1659e-05
10 0.999985 1.52018e-05
10 0.999999 6.03393e-07
10 0.999998 1.84284e-06
10 1 1e-07
10 1 1e-07
10 0.999786 0.000213627
10 0.999523 0.00047651
10 1 1e-07
10 1 1e-07
10 0.999948 5.15377e-05
10 0.999944 5.57951e-05
10 0.999938 6.16015e-05
10 0.999961 3.88522e-05
10 1 4.09633e-07
10 1 1e-07
0 0.00175553 0.998244
10 0.99851 0.00149007
10 0.998483 0.00151657
10 0.999906 9.43997e-05
10 0.997557 0.00244251
10 0.999989 1.12819e-05
10 1 1e-07
10 1 1e-07
10 0.999975 2.51459e-05
10 0.999999 1.30632e-06
10 0.999871 0.000128835
10 0.999938 6.24682e-05
10 0.999233 0.000767372
0 7.83205e-05 0.999922
10 0.998699 0.00130104
10 1 1e-07
10 0.999985 1.47931e-05
10 1 1e-07
10 0.999997 2.67254e-06
10 1 1e-07
10 0.999978 2.24161e-05
10 1 1e-07
0 0.000262329 0.999738
10 0.996662 0.00333784
0 0.000679411 0.999321
0 0.000472817 0.999527
10 1 1e-07
10 0.999713 0.000287472
10 0.999996 4.00784e-06
10 0.999997 2.97655e-06
10 0.999986 1.37025e-05
0 0.000233481 0.999767
0 0.00607406 0.993926
10 0.999966 3.39528e-05
10 0.999749 0.000250797
10 0.999999 6.28536e-07
10 0.999958 4.1554e-05
10 0.999956 4.35849e-05
10 1 1e-07
10 0.999999 9.01196e-07
10 0.999999 7.40791e-07
10 0.999867 0.000133393
0 0.000110238 0.99989
10 1 1e-07
10 1 1e-07
10 0.999914 8.56841e-05
10 1 1e-07
10 1 1e-07
10 1 1e-07
10 0.999952 4.7632e-05
10 0.998601 0.00139883
10 0.999509 0.00049079
10 0.999999 1.32066e-06
10 0.99999 9.59428e-06
10 0.999029 0.000971123
10 0.997845 0.00215542
10 0.999998 1.72427e-06
10 0.999999 8.5611e-07
10 0.999704 0.000295817
10 0.999762 0.000238275
10 0.999999 1.26843e-06
10 0.999993 6.6726e-06
10 0.998417 0.00158256
10 0.99968 0.000319976
10 1 1e-07
10 0.998801 0.00119863
0 0.000821905 0.999178
10 0.998328 0.0016716
10 0.99958 0.000420318
10 1 1e-07
10 0.999869 0.000130811
0 0.00101139 0.998989
10 0.999992 8.09894e-06
10 0.999999 5.33344e-07
10 0.999904 9.6368e-05
10 0.999632 0.000368257
10 0.999995 4.87153e-06
10 0.999992 8.49895e-06
10 0.999994 6.19815e-06
10 1 1e-07
10 0.996801 0.00319949
10 0.999981 1.92949e-05
10 1 4.83171e-07
10 0.999998 2.36456e-06
10 0.999997 2.65315e-06
10 1 1e-07
10 0.999926 7.43495e-05
10 1 1e-07
10 0.992633 0.00736715
10 1 1e-07
10 1 1e-07
10 1 1e-07
10 0.999692 0.000308383
10 0.999994 5.74814e-06
10 0.999998 2.04542e-06
10 1 1e-07
10 1 1e-07
10 0.999993 6.78059e-06
10 0.998955 0.00104458
10 0.999639 0.00036127
10 0.999485 0.000514792
10 0.999173 0.000826867
10 1 1e-07
10 0.999997 2.6803e-06
10 0.999993 6.85173e-06
10 0.999893 0.000106655
10 0.997687 0.00231346
10 0.999952 4.79711e-05
10 0.999817 0.0001833
10 1 1e-07
10 0.999991 9.28263e-06
10 0.999994 5.69136e-06
0 0.00175433 0.998246
10 0.999996 3.85846e-06
10 0.999998 2.49638e-06
10 0.999618 0.000382201
10 0.999999 5.12819e-07
10 0.99999 9.59047e-06
0 0.000193309 0.999807
10 0.999836 0.000164006
10 0.997918 0.00208227
10 1 1e-07
10 1 1e-07
10 1 1e-07
10 1 1e-07
10 0.996457 0.00354315
10 0.999976 2.35055e-05
10 0.999937 6.34188e-05
10 0.999928 7.15452e-05
10 0.999973 2.70167e-05
10 0.999958 4.17353e-05
10 0.998371 0.00162929
10 0.999756 0.000244092
10 0.999341 0.000659349
0 0.000472979 0.999527
10 0.999458 0.000542335
10 0.999941 5.94772e-05
10 0.99884 0.00115957
10 0.99987 0.000129586
10 1 4.89017e-07
10 0.997979 0.0020212
10 0.997234 0.00276579
10 0.999229 0.000771015
10 0.999955 4.51006e-05
10 0.999838 0.000161928
10 1 2.41902e-07
0 9.18084e-05 0.999908
10 0.999914 8.58316e-05
10 1 1.33686e-07
10 0.998408 0.00159176
10 0.999995 5.22275e-06
10 0.999997 2.98539e-06
10 1 1e-07
10 0.999905 9.5112e-05
10 0.99814 0.00185954
10 0.999955 4.46602e-05
10 1 1e-07
10 0.999915 8.46375e-05
10 0.999995 5.25527e-06
10 0.999989 1.13334e-05
10 0.999994 5.8961e-06
10 0.999951 4.87993e-05
10 0.999954 4.64724e-05
10 1 3.7373e-07
10 0.999983 1.68297e-05
10 0.999997 2.7843e-06
10 1 1e-07
10 0.999981 1.90236e-05
10 0.998534 0.00146622
0 0.239156 0.760844
10 0.999922 7.76499e-05
10 0.999872 0.000128265
10 0.999952 4.81217e-05
10 0.999184 0.000816269
10 0.999919 8.06701e-05
10 0.999996 3.74661e-06
10 0.999847 0.000153279
10 0.996918 0.0030816
10 0.999938 6.19558e-05
10 0.999966 3.42939e-05
10 0.998213 0.00178709
10 0.999849 0.000150819
0 0.000139181 0.999861
10 0.999992 8.08961e-06
10 0.999988 1.23401e-05
10 0.999355 0.000645416
10 1 1e-07
10 0.999199 0.000801003
10 1 1e-07
10 1 1e-07
10 1 1e-07
10 0.998687 0.00131254
10 0.999914 8.62195e-05
0 0.000789674 0.99921
10 1 1e-07
10 0.999157 0.000842936
10 1 1.03052e-07
10 0.998181 0.00181941
10 1 1e-07
10 0.999904 9.58919e-05
10 0.999922 7.81926e-05
10 0.99991 9.01547e-05
10 0.999291 0.000709283
10 0.999824 0.000176468
0 0.00901896 0.990981
10 0.999614 0.000385565
10 0.999632 0.000367699
0 0.000315519 0.999684
0 0.000250415 0.99975
10 1 1e-07
10 0.999456 0.000543825
10 0.999962 3.77354e-05
0 0.00905211 0.990948
10 0.999666 0.000334236
10 0.99998 2.04534e-05
10 0.999978 2.2013e-05
10 0.996005 0.00399467
10 1 1e-07
10 0.999976 2.44534e-05
10 1 1e-07
10 0.999887 0.000113434
10 0.999099 0.000901246
10 0.99911 0.0008903
10 0.99969 0.00030978
10 1 1e-07
10 0.999969 3.05428e-05
10 1 1e-07
10 1 1e-07
10 1 1e-07
10 0.999134 0.000865502
10 0.999992 7.59937e-06
10 1 2.80593e-07
0 0.00175026 0.99825
10 1 1e-07
10 1 1e-07
10 0.999997 2.97787e-06
10 0.997617 0.00238291
10 1 1e-07
10 1 1e-07
10 1 1e-07
10 0.999395 0.000604791
10 1 1e-07
0 9.24063e-05 0.999908
10 0.996435 0.00356517
10 0.999715 0.000284824
0 0.000529206 0.999471
10 0.999983 1.69262e-05
0 0.00185713 0.998143
10 0.999826 0.000174439
10 0.999994 5.63754e-06
10 1 1e-07
10 0.999289 0.000711167
10 0.997764 0.00223614
10 0.997088 0.0029117
10 0.999381 0.000619037
10 0.997136 0.00286427
10 0.999867 0.000133276
10 0.999872 0.000128266
10 0.999983 1.66072e-05
10 1 3.39463e-07
10 0.999965 3.50213e-05
10 0.999926 7.39831e-05
10 0.999864 0.000135571
10 1 1e-07
10 0.999971 2.91558e-05
10 0.99999 1.04261e-05
10 1 1e-07
10 0.999952 4.80745e-05
10 0.999999 6.48986e-07
0 0.000180762 0.999819
10 0.999992 8.23342e-06
10 0.99998 1.96224e-05
10 1 1e-07
10 0.998667 0.00133342
10 1 3.74293e-07
10 0.999805 0.000195434
10 0.913144 0.0868564
10 0.999938 6.20535e-05
10 0.999996 3.73744e-06
10 0.999883 0.000117487
0 0.00024233 0.999758
10 1 1e-07
10 0.999794 0.000205977
0 0.00355053 0.996449
10 0.999605 0.000394673
10 1 1e-07
10 0.999959 4.08796e-05
10 0.984931 0.0150692
10 0.999945 5.49289e-05
10 1 1.45786e-07
10 0.999871 0.000128569
10 0.999996 3.86108e-06
0 0.00184352 0.998156
10 1 1e-07
10 0.999997 2.98974e-06
10 0.999955 4.54628e-05
10 0.999989 1.0724e-05
10 1 1e-07
10 1 2.10743e-07
10 0.999999 5.79011e-07
10 0.998825 0.00117483
10 0.999269 0.000730718
10 1 1e-07
10 0.999844 0.000155566
10 0.999777 0.000223074
10 1 1e-07
10 0.997976 0.00202399
10 0.999877 0.000123275
10 0.999926 7.39332e-05
10 0.999982 1.82297e-05
10 0.999995 5.02307e-06
10 1 3.77162e-07
10 1 1e-07
10 1 1.62222e-07
10 0.999997 2.62174e-06
10 0.999999 1.47954e-06
10 0.997357 0.00264332
10 0.999768 0.000231523
10 1 2.21692e-07
0 0.000297692 0.999702
10 0.999608 0.000392054
0 0.000648892 0.999351
10 0.999996 4.30366e-06
10 0.999905 9.47373e-05
10 1 1e-07
10 0.999792 0.000208485
10 0.999633 0.000367158
10 1 1e-07
0 0.000721471 0.999279
10 0.999861 0.000138846
10 0.999953 4.66186e-05
10 1 1e-07
10 0.999995 4.87474e-06
0 0.00174349 0.998257
10 0.999999 1.46847e-06
10 0.999838 0.000161778
10 1 1.67506e-07
10 1 1e-07
10 0.999999 7.97508e-07
10 1 2.38942e-07
0 0.257565 0.742435
10 0.999911 8.93014e-05
10 0.809348 0.190652
10 0.997606 0.00239396
10 0.996935 0.00306451
0 0.00208275 0.997917
10 0.999655 0.000345096
10 0.999954 4.5525e-05
10 0.999963 3.69299e-05
10 0.999991 9.07882e-06
10 0.999749 0.000250603
0 0.00159091 0.998409
10 1 3.51419e-07
10 0.999854 0.00014641
10 0.999549 0.000450649
10 0.999202 0.000798458
10 0.999644 0.000355624
10 0.999959 4.10806e-05
10 0.999828 0.000172468
10 1 3.73604e-07
10 0.998223 0.00177749
10 1 1e-07
0 0.000244845 0.999755
10 0.999829 0.000170596
10 0.999917 8.31646e-05
10 0.999942 5.82274e-05
10 0.999825 0.000174752
10 1 1e-07
10 0.999999 1.4878e-06
10 0.999999 1.06597e-06
10 1 1e-07
10 0.999991 9.17587e-06
10 0.999989 1.08537e-05
10 1 1e-07
10 1 1e-07
10 0.999994 5.64989e-06
10 0.999998 2.21187e-06
10 1 1e-07
10 1 1e-07
10 0.998809 0.00119061
0 0.211932 0.788068
10 1 1.28503e-07
10 0.999992 8.20493e-06
0 0.000780561 0.999219
10 0.999861 0.000139383
10 0.999859 0.000140765
10 0.999982 1.76179e-05
10 0.999932 6.81481e-05
10 0.999838 0.000161898
10 1 1e-07
10 0.998635 0.00136495
0 0.00117201 0.998828
10 0.999737 0.000262864
10 1 1e-07
0 0.00624227 0.993758
10 0.999999 1.46668e-06
0 0.00580442 0.994196
10 0.999969 3.14905e-05
10 0.998547 0.00145348
10 0.999727 0.00027288
10 0.999572 0.000427579
10 1 1e-07
10 0.999178 0.000821768
10 1 1e-07
0 0.000544178 0.999456
0 1.54661e-05 0.999985
0 0.00247716 0.997523
10 0.999821 0.000178928
10 1 2.80492e-07
10 1 1e-07
10 0.999296 0.000704079
10 0.999935 6.53368e-05
10 0.999754 0.000245828
10 0.999683 0.000316524
10 1 1e-07
10 1 1e-07
0 0.000555647 0.999444
0 0.00039369 0.999606
10 0.99948 0.000520229
10 0.999935 6.53619e-05
10 0.999991 8.89244e-06
10 1 1e-07
10 1 1e-07
10 0.999999 9.04888e-07
10 0.999879 0.00012118
10 0.998664 0.00133622
0 5.78667e-05 0.999942
10 1 1e-07
10 0.99996 3.99129e-05
10 0.998955 0.0010448
10 0.999866 0.000133665
10 0.999972 2.78856e-05
10 0.999995 5.47832e-06
10 0.999992 8.49034e-06
10 0.998605 0.00139516
10 1 1e-07
10 1 1e-07
10 0.99968 0.000319569
10 0.998758 0.00124236
10 0.998767 0.0012326
0 0.000391123 0.999609
10 0.999978 2.23157e-05
10 1 1e-07
10 0.999999 6.52363e-07
10 0.999991 9.46039e-06
10 0.999999 9.10873e-07
10 0.999951 4.86344e-05
10 0.999736 0.000263782
10 1 1.72588e-07
10 0.998972 0.00102799
10 0.999992 7.81822e-06
10 0.999946 5.38252e-05
10 0.99996 4.04719e-05
10 0.998599 0.00140065
0 2.54676e-05 0.999975
0 5.3455e-06 0.999995
0 0.000730366 0.99927
10 1 1e-07
10 0.999961 3.86027e-05
10 0.999999 9.01451e-07
10 0.999916 8.44086e-05
10 0.999112 0.000887928
10 1 1e-07
10 0.999999 7.91358e-07
10 0.999979 2.11047e-05
10 1 1e-07
10 1 1.0428e-07
10 0.999973 2.73328e-05
10 0.999686 0.000314401
10 0.999947 5.28781e-05
10 0.999798 0.000201691
10 0.985681 0.0143192
10 0.999493 0.000506787
10 0.999999 9.93227e-07
10 1 1.59228e-07
10 1 1e-07
10 1 1e-07
0 0.0037184 0.996282
10 0.99994 5.96481e-05
10 0.999936 6.3891e-05
10 0.991298 0.00870152
10 0.999736 0.000264414
10 1 1e-07
10 0.999712 0.000287539
0 0.000867715 0.999132
10 1 1e-07
10 0.999876 0.000123879
10 0.999985 1.52759e-05
10 0.998468 0.00153208
10 0.993183 0.00681711
10 0.999967 3.27816e-05
10 1 1e-07
10 0.99991 9.02063e-05
10 0.999999 1.42681e-06
10 0.999927 7.34901e-05
10 0.999978 2.20626e-05
10 1 1e-07
10 0.999981 1.93529e-05
10 0.997013 0.00298733
10 1 1e-07
10 1 1e-07
10 1 1e-07
10 1 1e-07
10 0.999987 1.28911e-05
10 0.999994 5.99851e-06
10 0.999926 7.36864e-05
10 0.998729 0.00127113
10 0.999836 0.000164385
10 0.999895 0.000104886
10 1 1e-07
10 0.999998 1.84304e-06
0 0.0150228 0.984977
10 0.999983 1.65884e-05
10 1 1e-07
10 0.999997 3.03948e-06
10 0.999946 5.37576e-05
10 1 1e-07
10 1 1.8424e-07
10 1 1e-07
10 1 1e-07
10 0.999865 0.000135156
10 1 1e-07
10 0.999955 4.49091e-05
10 0.999793 0.00020749
10 1 1e-07
10 0.999989 1.14846e-05
10 1 1e-07
10 0.999698 0.000301546
10 1 1e-07
10 0.999964 3.58707e-05
10 0.998837 0.00116277
10 0.999785 0.000215211
10 0.999946 5.41586e-05
10 0.999972 2.77684e-05
10 0.999883 0.000116753
10 0.999995 5.49338e-06
10 0.999997 3.38691e-06
10 1 1e-07
10 1 3.03691e-07
10 1 1.84806e-07
10 1 1e-07
10 0.996798 0.00320205
10 0.999209 0.00079148
10 1 1e-07
10 0.999784 0.000215971
10 0.999301 0.000698782
10 0.999867 0.000132863
10 0.999997 2.64197e-06
10 1 1e-07
0 0.00116753 0.998832
10 0.997535 0.00246498
10 1 1e-07
10 0.999996 4.20873e-06
10 0.999989 1.10175e-05
10 0.99999 9.76585e-06
0 0.000374199 0.999626
10 0.998692 0.00130842
10 1 1e-07
10 0.998543 0.00145655
10 0.999844 0.000156065
10 1 1e-07
0 0.000209721 0.99979
10 0.999858 0.00014241
0 0.00901733 0.990983
10 1 1e-07
10 0.999578 0.000421735
10 0.999324 0.000676023
10 1 1e-07
10 1 1e-07
10 1 1.51204e-07
10 0.999983 1.67145e-05
10 0.999814 0.0001862
10 0.999951 4.90277e-05
10 0.99927 0.000729962
10 0.999964 3.6115e-05
10 1 1e-07
10 1 1e-07
10 0.99999 9.71277e-06
10 0.999501 0.000498899
10 0.999064 0.000936158
10 1 1.69918e-07
10 0.994318 0.00568198
10 0.999483 0.000517353
10 0.999577 0.000422714
10 0.999734 0.000266087
10 0.999996 4.41292e-06
10 0.999828 0.000172414
10 0.99922 0.000779903
10 0.99072 0.00927979
0 0.000309865 0.99969
0 9.17291e-05 0.999908
10 1 1e-07
10 0.999996 4.01654e-06
10 1 2.25911e-07
10 0.999973 2.73926e-05
10 0.999982 1.77158e-05
10 1 1e-07
10 1 1e-07
10 0.999975 2.51e-05
10 0.997541 0.00245904
10 0.999952 4.79141e-05
10 0.999225 0.000774794
10 1 1e-07
10 1 1e-07
10 0.999994 6.40114e-06
10 1 1e-07
10 0.999999 6.3248e-07
10 0.999597 0.000403367
10 0.999378 0.000622288
10 0.999998 1.66292e-06
0 0.00404113 0.995959
10 0.99997 3.01574e-05
0 0.445086 0.554914
10 0.99998 2.02896e-05
10 0.996707 0.00329263
10 0.999999 8.61657e-07
10 0.985783 0.0142166
10 1 1e-07
10 1 1e-07
10 0.999615 0.000385339
10 1 1e-07
10 1 1e-07
10 0.999296 0.000704469
10 1 1e-07
10 0.999366 0.000633959
10 1 1e-07
10 0.99857 0.00142985
10 0.998936 0.00106439
10 0.999968 3.20853e-05
0 0.00463566 0.995364
10 0.999086 0.000913657
10 0.9977 0.0023002
10 0.998832 0.00116843
10 0.999985 1.50053e-05
10 0.999909 9.08669e-05
10 0.999899 0.000100553
10 1 1e-07
10 0.999978 2.18913e-05
10 0.999952 4.81385e-05
10 0.999957 4.31379e-05
10 0.999931 6.88317e-05
10 0.999994 5.79795e-06
10 0.999551 0.000448594
10 1 1e-07
0 0.000312567 0.999687
10 0.999991 9.22452e-06
10 0.999988 1.19302e-05
10 0.999918 8.20763e-05
10 0.998791 0.00120879
10 0.999874 0.000126068
10 0.99996 3.97155e-05
10 0.999929 7.12516e-05
10 0.999436 0.00056386
10 0.999924 7.6145e-05
10 0.999994 5.58441e-06
10 0.999999 5.44456e-07
10 0.999992 8.06613e-06
10 0.997138 0.00286171
10 0.998285 0.00171518
10 0.999674 0.000325835
10 1 2.00396e-07
0 0.000426703 0.999573
10 1 1e-07
10 1 1e-07
10 0.997962 0.00203812
10 0.9997 0.000299813
0 0.0153798 0.98462
10 1 2.74415e-07
10 0.999573 0.000426987
10 1 1e-07
10 0.999945 5.53336e-05
10 1 1e-07
10 0.999912 8.75495e-05
10 1 2.35642e-07
10 0.999947 5.34727e-05
10 0.999948 5.1811e-05
0 0.0146027 0.985397
10 1 1e-07
10 0.999883 0.000117362
10 0.994632 0.005368
10 0.999233 0.000767183
10 0.999927 7.28419e-05
10 0.999999 7.53414e-07
10 0.99998 1.97513e-05
10 1 1e-07
10 0.999995 5.39715e-06
10 0.999751 0.000249154
10 0.99856 0.0014402
10 0.998775 0.00122466
10 0.999922 7.81617e-05
0 0.000154069 0.999846
10 1 1e-07
10 0.999981 1.85633e-05
10 1 1.75069e-07
10 0.999994 5.96422e-06
10 0.999995 5.44546e-06
10 0.999952 4.81297e-05
10 0.9996 0.000399809
10 0.999193 0.000806676
10 0.998227 0.00177306
10 0.999999 9.84964e-07
10 0.999997 2.98397e-06
10 0.999986 1.36771e-05
0 0.118066 0.881934
0 0.000898877 0.999101
10 1 1e-07
10 0.998982 0.00101793
10 0.999791 0.00020938
10 0.999946 5.40562e-05
10 0.999999 5.57856e-07
10 1 1e-07
10 0.999997 2.54509e-06
0 0.00118672 0.998813
10 0.999997 3.08089e-06
10 0.999961 3.91962e-05
10 1 1e-07
10 0.999961 3.86702e-05
10 0.999998 2.02109e-06
10 0.997486 0.00251397
10 0.999988 1.15436e-05
10 0.994792 0.00520766
10 1 1e-07
10 1 2.40141e-07
10 0.999996 3.86457e-06
10 1 1e-07
10 1 1e-07
0 0.00273578 0.997264
10 0.999523 0.000476938
10 1 3.38097e-07
10 0.999983 1.70646e-05
10 1 1e-07
10 1 1e-07
10 0.999994 6.21897e-06
10 0.997044 0.00295612
10 0.99995 5.0012e-05
0 0.000893066 0.999107
10 0.999451 0.000549139
10 0.999998 1.76497e-06
10 1 1e-07
10 0.999944 5.58061e-05
10 0.99994 5.96461e-05
10 1 1.42627e-07
0 0.000378307 0.999622
10 0.998399 0.00160062
10 1 1e-07
10 0.999999 5.56188e-07
10 0.999975 2.51818e-05
10 1 1e-07
10 0.99856 0.0014397
10 0.998518 0.00148158
10 1 1e-07
10 1 1e-07
10 0.999928 7.17522e-05
10 0.999967 3.29329e-05
10 0.999444 0.000556294
10 0.999625 0.000375434
10 1 1.18399e-07
10 0.999814 0.000186473
10 0.998933 0.00106692
0 0.000139954 0.99986
10 0.99951 0.00048988
10 0.999968 3.24504e-05
10 1 3.9016e-07
10 0.999999 1.0708e-06
10 0.999993 7.07046e-06
10 0.999996 4.07457e-06
10 0.999999 1.24296e-06
10 0.999991 9.4083e-06
10 0.999914 8.60812e-05
10 0.999347 0.000653488
10 0.999939 6.12862e-05
0 0.00120229 0.998798
10 0.999883 0.000116931
10 0.999245 0.000755381
10 1 1e-07
10 0.995319 0.00468101
10 0.999729 0.000271222
10 0.99951 0.000490018
10 0.999987 1.25723e-05
10 0.999999 6.50512e-07
0 0.000292792 0.999707
10 0.999962 3.77729e-05
0 0.00116437 0.998836
10 0.999976 2.36789e-05
10 0.999984 1.55228e-05
0 0.0020561 0.997944
10 0.996032 0.00396767
10 1 2.58387e-07
10 1 1e-07
10 0.999825 0.000174731
10 0.998144 0.00185592
10 0.999775 0.000224664
10 1 2.082e-07
10 0.999989 1.10236e-05
10 0.999196 0.000804025
0 0.00219355 0.997806
0 0.00294537 0.997055
10 0.999178 0.000822225
10 1 1e-07
10 0.999815 0.000184545
0 0.000217594 0.999782
10 0.999994 5.65604e-06
10 0.99919 0.000810456
10 1 1e-07
10 0.999721 0.000279022
10 1 1e-07
0 0.00199372 0.998006
10 0.999287 0.0007127
10 1 1e-07
10 0.999911 8.93184e-05
10 0.999183 0.000816553
10 1 1e-07
10 1 4.03161e-07
10 0.99448 0.00552035
10 0.999809 0.000190579
10 0.999996 4.38014e-06
10 0.999998 2.42954e-06
0 0.00043558 0.999564
10 0.999947 5.31201e-05
10 0.999964 3.57094e-05
10 1 1e-07
10 1 1e-07
10 1 1e-07
10 1 1e-07
10 0.999871 0.00012875
10 0.999979 2.05755e-05
10 0.999377 0.000623242
10 1 1e-07
10 1 1e-07
10 0.999997 3.33811e-06
10 0.999954 4.63766e-05
10 0.99995 4.96538e-05
10 0.99987 0.000130041
10 0.999862 0.000137853
10 1 1e-07
10 0.999978 2.17888e-05
10 0.999986 1.37415e-05
10 1 1e-07
10 0.999998 2.18418e-06
10 0.999998 1.88206e-06
10 0.99996 3.98279e-05
10 0.999937 6.25056e-05
10 1 1e-07
10 1 1e-07
10 0.951184 0.0488156
10 0.999988 1.18394e-05
10 0.99995 4.99065e-05
10 0.999999 5.78993e-07
10 0.999974 2.61599e-05
10 1 1e-07
10 1 1e-07
10 0.999997 3.3752e-06
0 0.000163819 0.999836
10 1 1e-07
10 0.99817 0.00182954
10 0.999725 0.000275097
10 0.999802 0.000197755
10 0.999925 7.48786e-05
0 0.000192327 0.999808
10 0.807548 0.192452
10 1 1e-07
10 0.999656 0.000344436
10 0.999967 3.29191e-05
10 0.799322 0.200678
10 1 1.8242e-07
10 0.999939 6.1056e-05
10 1 1e-07
10 0.999991 9.07093e-06
10 1 1e-07
10 0.999979 2.08659e-05
10 0.998737 0.00126269
0 0.0119105 0.98809
10 0.999992 7.70116e-06
10 1 1e-07
10 1 1e-07
10 1 2.17987e-07
10 0.999869 0.000131412
10 1 1e-07
10 0.999999 9.2111e-07
10 0.999928 7.23788e-05
10 0.999745 0.000255265
10 0.999999 1.24801e-06
10 0.996559 0.00344056
10 0.999993 6.95279e-06
10 1 1e-07
0 1.23819e-05 0.999988
10 0.999986 1.36375e-05
10 1 1e-07
10 0.999525 0.000475
10 0.99989 0.00010953
10 0.999244 0.000756358
10 0.999989 1.06611e-05
10 0.999998 2.21941e-06
10 0.999565 0.000434756
10 0.997732 0.00226806
10 0.999955 4.51266e-05
10 1 1e-07
10 0.999966 3.39345e-05
10 1 1e-07
10 1 1e-07
10 0.999986 1.4115e-05
10 0.999849 0.00015104
10 0.999999 9.4227e-07
10 0.999837 0.000163231
10 0.999999 5.40953e-07
10 0.999365 0.000634856
10 0.999809 0.000190822
0 0.00027065 0.999729
10 0.89053 0.10947
10 0.999664 0.000335602
0 0.00139081 0.998609
10 0.999961 3.90865e-05
10 1 1e-07
10 0.999952 4.76585e-05
10 1 1e-07
10 1 1e-07
10 1 1e-07
10 0.999946 5.42538e-05
10 1 1e-07
10 1 1e-07
10 0.999756 0.000243819
10 0.999932 6.75954e-05
10 0.854322 0.145678
10 0.999976 2.39814e-05
10 0.999549 0.000450586
10 0.999944 5.60093e-05
0 1.45205e-05 0.999985
10 0.999999 1.20631e-06
10 1 1.03962e-07
10 0.999991 9.20405e-06
10 0.999848 0.000151824
10 0.999986 1.40926e-05
10 0.999992 8.00095e-06
10 1 1.05047e-07
10 0.999999 6.21801e-07
10 0.999998 2.33581e-06
0 0.00433725 0.995663
10 0.999929 7.0605e-05
10 1 1e-07
10 1 1e-07
0 0.000153477 0.999847
10 0.999999 5.93845e-07
10 1 1e-07
10 0.999757 0.000242895
10 0.99998 2.02382e-05
0 1.15658e-05 0.999988
10 0.999895 0.000104704
10 0.999826 0.000174138
10 0.999965 3.46866e-05
0 0.000380243 0.99962
10 0.99992 7.99729e-05
10 0.999827 0.000172833
10 0.996708 0.00329197
10 0.999966 3.39986e-05
10 0.999998 2.43752e-06
10 0.999999 1.05571e-06
10 0.999997 2.6978e-06
10 0.999974 2.63151e-05
0 0.000404012 0.999596
10 0.999895 0.0001052
10 1 1e-07
10 1 1e-07
10 0.999999 9.67576e-07
10 1 1e-07
10 0.999826 0.000173967
10 0.999733 0.000267193
10 1 1e-07
10 1 1e-07
10 0.999986 1.43825e-05
10 0.999958 4.15671e-05
10 1 3.41895e-07
10 0.999929 7.06602e-05
10 0.999685 0.000314783
10 1 1e-07
10 0.997941 0.00205942
10 1 1e-07
10 0.999971 2.90444e-05
0 6.37677e-05 0.999936
10 0.999981 1.85713e-05
10 0.999999 1.35294e-06
0 0.000498943 0.999501
10 0.999997 3.19552e-06
10 1 1e-07
10 0.99962 0.000380051
10 1 1e-07
10 0.994463 0.00553665
10 0.981399 0.0186007
0 0.00115244 0.998848
10 1 1e-07
10 1 4.02018e-07
10 0.999993 6.57676e-06
0 0.00262414 0.997376
10 0.999998 1.99515e-06
10 0.999923 7.67173e-05
10 0.999999 1.20218e-06
10 0.997272 0.00272835
10 0.999956 4.36347e-05
10 1 1e-07
10 1 1e-07
10 0.999778 0.000221711
0 0.0206968 0.979303
10 0.999961 3.92448e-05
10 0.999876 0.000124245
10 0.999732 0.000268274
10 1 1e-07
10 1 1e-07
10 1 2.67036e-07
10 0.999819 0.000181045
10 0.999655 0.00034488
10 0.999988 1.20302e-05
10 1 1e-07
10 0.999999 9.23959e-07
10 1 1e-07
10 1 1e-07
10 0.999901 9.85738e-05
0 0.000647843 0.999352
10 0.999572 0.000428187
10 1 1e-07
10 0.999918 8.15538e-05
10 1 1e-07
0 0.00230883 0.997691
10 0.999978 2.15046e-05
10 0.997529 0.00247074
10 0.999975 2.45693e-05
10 0.999121 0.000878524
10 0.999455 0.000545339
10 0.999741 0.000259417
10 1 1e-07
10 0.999778 0.000221952
0 0.000108672 0.999891
10 0.999755 0.000244576
10 1 1e-07
10 0.999881 0.000118739
10 1 1e-07
10 0.999939 6.12856e-05
10 0.999993 6.79645e-06
10 1 1e-07
10 1 4.22096e-07
10 0.999834 0.000165774
10 0.99871 0.00128963
10 0.999812 0.000188186
10 0.999952 4.78794e-05
10 1 1e-07
10 0.999971 2.87154e-05
10 0.999984 1.6248e-05
10 0.999938 6.16521e-05
10 0.999978 2.21441e-05
10 0.999892 0.000107777
10 1 1.65244e-07
10 1 1e-07
10 0.998833 0.00116672
10 0.999877 0.000123346
10 0.999953 4.73439e-05
10 0.999762 0.00023839
10 0.999508 0.00049196
0 0.000717006 0.999283
10 0.999541 0.000459153
10 0.999999 1.10355e-06
10 1 1e-07
10 0.999973 2.74954e-05
10 1 1e-07
10 1 1e-07
10 0.999979 2.11656e-05
0 5.64749e-05 0.999944
10 1 1e-07
10 1 1e-07
10 0.99927 0.000730255
10 0.999996 3.73203e-06
10 0.999922 7.79257e-05
10 1 1e-07
10 0.99952 0.000480319
10 1 1e-07
10 0.999938 6.189e-05
10 0.999974 2.59641e-05
10 0.999928 7.16309e-05
10 0.999984 1.56294e-05
10 0.999382 0.000617637
10 0.999957 4.3303e-05
10 0.999998 1.87123e-06
10 0.999741 0.000259161
10 0.999961 3.9473e-05
10 1 1e-07
10 0.99984 0.000159952
10 0.999904 9.58148e-05
10 1 1e-07
10 0.999881 0.000118509
10 1 2.47041e-07
10 0.999982 1.8403e-05
10 1 1e-07
10 1 3.90882e-07
10 1 4.88703e-07
10 0.999995 4.61826e-06
10 1 1e-07
10 1 1e-07
0 0.00165282 0.998347
10 0.999632 0.000367681
10 0.999694 0.00030642
10 0.999876 0.000124154
10 0.999068 0.000932354
10 1 1e-07
10 0.999992 7.96776e-06
0 0.000120752 0.999879
10 1 1e-07
10 1 1e-07
10 1 1e-07
10 1 1e-07
10 0.999716 0.000283688
0 0.00786682 0.992133
10 1 1e-07
10 0.999709 0.000291123
10 0.999815 0.000185117
10 0.999998 1.67725e-06
10 0.9996 0.000399655
10 0.999597 0.000402522
10 0.999998 2.33595e-06
10 0.999931 6.9273e-05
10 0.992369 0.00763115
10 0.999857 0.000142717
10 1 1e-07
0 0.00262805 0.997372
10 0.999817 0.00018326
10 0.998458 0.0015424
10 0.999977 2.3057e-05
10 0.999936 6.36957e-05
10 0.999998 2.21027e-06
10 1 1e-07
10 0.999862 0.0001384
10 0.999848 0.000152016
10 0.999484 0.000515844
10 1 1.30501e-07
10 0.999792 0.000208026
10 0.999884 0.000116311
10 0.999983 1.7316e-05
10 0.999955 4.5183e-05
10 0.995547 0.00445303
10 1 1e-07
0 0.000228197 0.999772
10 1 1e-07
10 0.999977 2.28332e-05
10 0.999999 6.37056e-07
0 0.000433916 0.999566
10 0.999675 0.000325494
10 1 1e-07
10 0.91247 0.08753
10 1 1e-07
10 0.997098 0.00290212
10 0.999911 8.8707e-05
10 1 1.82065e-07
10 0.999998 2.13216e-06
10 1 1e-07
10 0.999919 8.10586e-05
10 0.999999 7.66409e-07
10 0.999999 1.10658e-06
0 0.000110769 0.999889
10 0.999882 0.000118119
10 0.999906 9.37033e-05
10 1 1e-07
10 1 1e-07
10 0.999999 6.37086e-07
10 0.999849 0.000151279
10 0.999997 2.53525e-06
10 0.99148 0.00852022
10 0.999992 7.5462e-06
10 1 1e-07
10 0.999998 2.28462e-06
10 1 1e-07
10 1 1.75988e-07
10 0.999829 0.000171178
0 0.00291241 0.997088
10 0.999482 0.000517707
10 0.999807 0.000192607
10 0.999303 0.000696637
10 0.999915 8.45725e-05
10 0.999855 0.00014531
10 1 1e-07
10 0.997936 0.00206361
10 0.99999 1.04694e-05
10 1 1e-07
10 1 1e-07
10 0.999954 4.62333e-05
0 2.01156e-05 0.99998
10 1 1e-07
10 0.997416 0.0025836
0 0.00054322 0.999457
10 1 1e-07
10 0.999981 1.88122e-05
10 0.999535 0.000465077
10 0.999948 5.21886e-05
10 0.999785 0.000215117
10 1 1e-07
10 0.999463 0.000536509
10 1 1e-07
10 0.999285 0.000715281
10 0.999994 5.61963e-06
10 0.999995 5.41203e-06
0 2.231e-05 0.999978
10 1 1e-07
10 0.999959 4.10884e-05
10 1 1e-07
10 0.999981 1.88956e-05
10 0.97819 0.0218101
10 1 1e-07
10 0.999985 1.50242e-05
10 0.999955 4.53974e-05
10 0.998571 0.00142855
10 1 1e-07
10 0.999962 3.76587e-05
10 0.999946 5.4091e-05
0 0.074479 0.925521
10 0.999861 0.000139083
0 0.00320701 0.996793
10 0.999988 1.19965e-05
0 0.00410956 0.99589
10 0.999359 0.000641091
10 0.999894 0.000106394
10 0.999815 0.000184759
10 0.999973 2.72041e-05
10 1 1e-07
10 1 1e-07
10 0.999998 1.58879e-06
10 0.99983 0.000170285
0 0.000955729 0.999044
10 1 1e-07
10 0.999792 0.000208024
10 1 1e-07
10 0.99963 0.000370262
10 0.999838 0.000162403
10 0.999998 1.55804e-06
0 8.63415e-05 0.999914
10 1 1e-07
10 0.999988 1.18966e-05
10 0.999912 8.83924e-05
10 1 1e-07
10 1 1e-07
10 0.999998 2.15768e-06
10 1 1e-07
10 1 1.34471e-07
10 1 1e-07
10 0.999596 0.00040387
0 0.000588015 0.999412
10 0.998886 0.00111409
10 1 1e-07
10 0.999914 8.64921e-05
10 0.999949 5.06588e-05
10 0.999996 4.18608e-06
0 0.00062489 0.999375
10 0.999893 0.000106624
0 8.09248e-06 0.999992
10 1 1e-07
10 0.99996 3.99748e-05
10 0.999533 0.000467478
10 0.999997 3.22918e-06
10 1 1e-07
10 0.999959 4.12449e-05
10 0.999999 5.8572e-07
10 0.970104 0.0298962
10 0.999534 0.000465911
10 0.99994 5.96099e-05
10 0.999024 0.000976198
10 0.999589 0.000410819
0 0.0283063 0.971694
10 0.999969 3.10479e-05
10 0.99984 0.000160442
0 0.00364318 0.996357
10 0.999988 1.16923e-05
10 0.981575 0.0184253
10 0.99998 2.03648e-05
10 1 1e-07
10 0.999308 0.000692426
10 0.999946 5.41791e-05
10 0.999995 5.43739e-06
10 1 3.8405e-07
10 0.999999 1.02917e-06
10 1 1e-07
10 0.999997 2.85599e-06
10 0.999573 0.000426689
10 1 1e-07
10 1 1e-07
10 0.999982 1.76803e-05
10 0.999999 1.27326e-06
10 0.999712 0.000287999
10 1 1.62377e-07
10 0.999928 7.17489e-05
10 0.999972 2.7529e-05
10 0.998825 0.00117457
10 1 1e-07
10 1 1e-07
10 0.99996 3.97194e-05
0 0.000183237 0.999817
10 0.99178 0.00821991
10 0.999974 2.60869e-05
10 1 1e-07
10 0.99992 7.9872e-05
10 0.997239 0.00276122
10 0.99991 9.01068e-05
10 1 1e-07
10 0.999942 5.77042e-05
10 0.999629 0.000370591
10 0.999863 0.0001372
10 0.999998 2.40883e-06
10 0.999518 0.000481827
0 0.000714622 0.999285
10 0.999916 8.37856e-05
0 5.34385e-05 0.999947
10 1 1e-07
10 1 1e-07
10 0.999999 1.40673e-06
10 0.999999 1.22854e-06
10 0.995592 0.00440752
10 0.999997 3.4353e-06
10 1 1e-07
10 0.999996 3.83797e-06
10 1 1e-07
10 1 1e-07
10 0.999985 1.49997e-05
10 0.999982 1.79091e-05
10 0.999944 5.6367e-05
10 0.999999 6.04407e-07
10 0.999978 2.17914e-05
10 1 1e-07
10 1 1e-07
10 0.999833 0.000167133
10 0.999903 9.71136e-05
10 1 1e-07
0 1.1099e-05 0.999989
10 1 1e-07
10 0.999097 0.000902974
10 0.999806 0.000194447
10 0.999871 0.00012898
10 1 1e-07
10 0.999654 0.000346403
10 0.999996 4.12061e-06
10 1 1e-07
10 0.999996 4.18169e-06
10 0.999999 1.04195e-06
10 1 1e-07
10 0.999997 2.73778e-06
10 1 1e-07
10 1 1.56878e-07
10 1 1e-07
10 0.999967 3.29811e-05
10 0.999974 2.61168e-05
10 0.999612 0.000387995
10 1 1e-07
10 0.999529 0.000470705
10 0.999999 1.43417e-06
10 0.999943 5.66512e-05
10 0.999977 2.31863e-05
10 0.9999 9.98111e-05
10 0.999998 2.08341e-06
10 0.999931 6.90595e-05
0 0.0045091 0.995491
10 0.999065 0.000934829
0 0.00931289 0.990687
10 0.998835 0.00116543
10 0.999998 2.34724e-06
0 0.00151544 0.998485
10 1 1e-07
10 0.999734 0.000265657
10 0.999994 6.08607e-06
0 0.010302 0.989698
10 0.998777 0.00122305
10 0.998258 0.0017421
0 0.0170978 0.982902
0 0.00091917 0.999081
10 1 1e-07
10 0.999971 2.93795e-05
10 0.999068 0.000932193
10 0.999991 9.03871e-06
10 1 1e-07
10 0.999732 0.000268318
10 1 1e-07
10 0.999479 0.000520509
10 0.993494 0.00650619
0 0.00277227 0.997228
10 0.996224 0.00377629
10 1 1e-07
0 0.000977131 0.999023
10 1 1e-07
10 1 1e-07
10 1 1e-07
10 0.999721 0.000279257
10 0.999636 0.000364417
10 0.999717 0.000282746
10 1 1e-07
10 1 1e-07
10 1 3.77349e-07
10 1 1e-07
10 0.999958 4.15921e-05
0 0.000744428 0.999256
10 1 1e-07
10 0.999801 0.000198729
10 1 1e-07
10 0.998895 0.00110531
10 0.999767 0.000233419
10 1 1e-07
10 1 1e-07
10 0.99971 0.000290424
10 1 1e-07
0 0.000336905 0.999663
10 0.999336 0.000664171
10 1 1e-07
0 9.73734e-05 0.999903
10 0.999856 0.000143867
10 1 1e-07
0 0.000996371 0.999004
10 0.99979 0.00021021
10 0.998318 0.00168196
10 0.999989 1.07556e-05
0 0.000319279 0.999681
10 0.999978 2.16631e-05
10 0.999975 2.45073e-05
10 0.999951 4.89207e-05
10 0.99973 0.000270204
10 0.999621 0.000378838
10 1 4.79616e-07
10 0.993442 0.00655809
10 0.999989 1.11349e-05
10 0.999957 4.27205e-05
10 0.999366 0.000633829
0 0.000370564 0.999629
10 0.99993 6.9676e-05
10 0.999927 7.28462e-05
10 1 1e-07
10 1 1e-07
10 0.999128 0.000871665
10 0.999593 0.00040668
10 1 1e-07
10 0.999984 1.63421e-05
10 1 1e-07
0 0.000155533 0.999844
0 0.000314974 0.999685
10 0.999997 2.95207e-06
10 1 4.78274e-07
10 0.999935 6.53426e-05
0 0.000195013 0.999805
10 0.999999 8.23958e-07
10 0.998782 0.00121751
10 0.999989 1.0646e-05
10 0.999999 1.13874e-06
10 0.999789 0.000210749
10 1 1e-07
10 0.999976 2.44674e-05
10 0.999973 2.65604e-05
10 0.999824 0.000176492
10 0.999998 2.06953e-06
10 0.999933 6.73194e-05
10 0.999898 0.00010228
10 1 1e-07
10 0.99872 0.00128014
0 0.000508149 0.999492
10 0.998405 0.00159475
10 1 1e-07
10 0.999941 5.94965e-05
10 0.998782 0.00121798
10 0.999996 4.38477e-06
10 0.998518 0.00148213
10 1 1.47687e-07
10 0.999937 6.33456e-05
10 0.9997 0.000299628
10 0.995991 0.00400911
0 0.0278402 0.97216
0 0.00177165 0.998228
10 1 1e-07
10 1 1e-07
10 0.999959 4.05319e-05
0 0.000379388 0.999621
10 0.999934 6.64212e-05
10 0.998143 0.00185689
0 0.000480134 0.99952
10 0.999978 2.1945e-05
10 0.999985 1.50201e-05
10 1 1e-07
10 0.999796 0.000204107
10 1 1e-07
10 0.999985 1.51106e-05
10 0.996828 0.00317246
10 1 1e-07
10 0.999984 1.63788e-05
10 0.999999 6.89405e-07
10 0.998363 0.00163716
10 0.999993 6.5075e-06
10 0.999932 6.81765e-05
10 0.999686 0.000313864
10 0.999994 5.82531e-06
10 0.999881 0.000119176
10 0.999842 0.000158208
10 0.999795 0.000204922
10 0.999662 0.000337978
10 0.999999 9.77238e-07
10 0.999999 1.30259e-06
0 0.000371254 0.999629
10 0.999998 2.28818e-06
10 1 1e-07
10 0.999873 0.000126999
0 0.0100503 0.98995
10 0.999662 0.000338093
10 0.999697 0.000302687
10 0.999947 5.30232e-05
10 0.999924 7.64238e-05
10 0.999996 4.3539e-06
10 1 1e-07
10 0.999996 3.91522e-06
10 0.997962 0.00203754
10 0.999779 0.000221015
0 0.00513256 0.994867
10 0.999967 3.34583e-05
10 0.999993 6.52788e-06
10 1 1e-07
10 0.999957 4.25788e-05
10 0.999867 0.000132766
10 0.999962 3.79567e-05
10 0.999944 5.58135e-05
10 0.999997 3.37147e-06
10 1 1.40032e-07
10 0.987874 0.0121255
0 0.0930351 0.906965
10 0.999821 0.000179095
10 0.999999 1.35547e-06
10 1 1e-07
10 0.999996 4.16206e-06
0 0.00144296 0.998557
10 0.999897 0.000102664
10 0.999885 0.000114755
10 0.998962 0.00103843
10 1 3.51041e-07
10 0.999317 0.000683097
10 1 1e-07
10 0.999846 0.000154319
10 0.9997 0.000299853
10 0.99972 0.000280195
10 1 4.45845e-07
10 0.999996 4.08267e-06
10 0.999947 5.32308e-05
10 0.999107 0.000892654
10 1 4.32198e-07
10 0.999983 1.74478e-05
10 0.999934 6.6068e-05
10 0.999665 0.000335462
10 1 1e-07
10 1 1e-07
10 0.999997 3.03767e-06
10 0.999999 7.5069e-07
10 0.999544 0.000455574
10 0.999634 0.000365883
10 0.993393 0.00660743
10 1 1e-07
10 0.998023 0.00197674
10 1 2.16737e-07
0 0.000336375 0.999664
10 0.993143 0.0068574
10 0.997723 0.002277
10 0.99964 0.000360372
10 0.999556 0.000444421
10 1 1e-07
10 0.999999 7.51522e-07
10 0.999439 0.000561499
10 0.999999 9.10365e-07
10 1 1e-07
0 0.00368135 0.996319
10 0.999952 4.81766e-05
10 1 1e-07
10 0.999918 8.15993e-05
10 0.989794 0.0102059
10 0.999842 0.000157507
10 1 1e-07
10 0.999949 5.09253e-05
10 1 1e-07
10 1 1e-07
10 1 1e-07
10 0.999925 7.51391e-05
10 0.999993 7.34394e-06
10 0.999993 7.37543e-06
10 0.999989 1.07144e-05
0 0.00728019 0.99272
10 0.999992 8.20482e-06
10 0.999516 0.000483875
10 0.999161 0.000838782
10 0.99985 0.00015038
10 1 1e-07
10 0.999929 7.08798e-05
10 0.999804 0.00019569
10 0.993998 0.00600171
10 0.999982 1.81753e-05
10 0.99767 0.0023299
10 0.999854 0.000145833
10 0.999694 0.000306005
10 1 1e-07
10 0.997336 0.00266409
10 0.999727 0.000272744
10 1 1e-07
0 0.00169289 0.998307
10 1 1e-07
10 0.99999 1.02887e-05
10 0.999925 7.46806e-05
10 0.996486 0.00351403
10 0.998859 0.00114122
10 0.998785 0.00121512
10 0.999237 0.000763149
10 0.999841 0.000159118
0 0.18019 0.81981
10 1 1e-07
10 1 1e-07
10 1 1e-07
10 0.999781 0.000219377
10 0.999889 0.000111496
10 0.999984 1.60539e-05
10 0.999978 2.21079e-05
10 1 2.84955e-07
10 0.999945 5.4581e-05
10 1 1e-07
0 0.00117757 0.998822
10 0.999859 0.000140525
10 1 1e-07
10 0.999931 6.92067e-05
10 1 1e-07
10 1 1e-07
10 0.999998 1.76011e-06
0 0.1415 0.8585
10 0.999973 2.66042e-05
10 0.999955 4.52879e-05
10 0.998424 0.00157566
10 0.999907 9.28267e-05
10 0.999986 1.40084e-05
10 1 1e-07
0 0.000333975 0.999666
10 0.999989 1.13042e-05
10 0.999997 2.73804e-06
10 0.999375 0.000624627
10 1 3.54678e-07
10 0.999963 3.6847e-05
10 1 1e-07
10 0.999915 8.47699e-05
10 0.999973 2.69982e-05
10 1 1e-07
0 0.000108825 0.999891
10 0.999998 1.5228e-06
10 0.999983 1.66124e-05
10 1 1e-07
10 1 1e-07
10 1 1e-07
10 0.999543 0.00045712
10 1 1e-07
10 1 1e-07
10 1 1e-07
10 0.998599 0.00140097
10 0.998524 0.00147649
10 0.999875 0.000124661
10 1 1e-07
10 1 1e-07
10 1 1e-07
0 0.00208704 0.997913
10 0.999886 0.000114445
10 1 1e-07
10 0.999633 0.000366721
10 0.999992 8.4605e-06
10 0.998633 0.00136667
10 1 1e-07
10 0.999983 1.6823e-05
10 0.999997 2.85712e-06
10 1 1e-07
10 1 1e-07
10 1 1.50711e-07
10 1 1e-07
10 0.99994 6.0309e-05
10 0.999403 0.000597321
10 1 2.87627e-07
10 0.999996 3.60074e-06
10 1 1e-07
10 0.99868 0.00131998
10 0.999842 0.000157802
10 0.9996 0.00039998
10 0.999966 3.36233e-05
10 0.999948 5.2006e-05
10 1 1e-07
10 0.997636 0.0023639
10 0.999505 0.000495
10 1 1e-07
10 1 1e-07
10 0.999805 0.0001946
10 0.999976 2.42107e-05
10 1 1e-07
10 0.999841 0.000158549
10 0.999985 1.49567e-05
0 0.000825926 0.999174
10 1 1.61266e-07
10 1 1e-07
10 1 1e-07
0 0.00247083 0.997529
10 0.99951 0.000489906
10 0.999999 5.0714e-07
10 0.999943 5.6956e-05
10 0.999996 3.57604e-06
10 1 2.36285e-07
10 1 1e-07
10 0.999983 1.72447e-05
10 1 1e-07
10 0.999994 6.33915e-06
10 1 3.26811e-07
10 0.999835 0.000164532
0 0.00267648 0.997324
10 0.999279 0.000720759
10 0.999982 1.81286e-05
10 0.999728 0.000272489
10 1 1e-07
10 0.999961 3.87522e-05
10 0.999999 7.12722e-07
0 0.000786539 0.999213
10 0.999992 7.93847e-06
10 0.999901 9.88376e-05
10 0.99968 0.000320433
0 0.000982383 0.999018
0 0.00195427 0.998046
10 0.999979 2.06671e-05
0 0.00783805 0.992162
10 1 1e-07
10 1 1e-07
10 0.999994 6.46449e-06
10 0.99998 2.01406e-05
10 0.99998 1.98793e-05
10 0.999532 0.000467583
10 1 1.14598e-07
10 0.998764 0.0012364
0 0.000121602 0.999878
0 0.000308098 0.999692
0 0.00165686 0.998343
10 0.999712 0.000287554
0 0.31479 0.68521
10 0.999998 1.67363e-06
10 0.999999 7.42494e-07
10 0.999652 0.000348367
10 1 1e-07
10 0.997999 0.00200123
10 0.999543 0.000457103
10 0.998948 0.00105217
10 0.999414 0.000586008
10 0.999944 5.61391e-05
10 0.999988 1.24468e-05
10 0.999929 7.07471e-05
10 0.999998 2.34993e-06
10 0.99999 1.00726e-05
10 0.999985 1.46554e-05
10 0.999857 0.000142645
10 0.998094 0.00190604
10 0.999846 0.000153867
0 0.00434406 0.995656
10 0.999904 9.57043e-05
10 1 1e-07
10 1 1e-07
10 0.999961 3.93665e-05
10 0.99989 0.000110102
10 0.999995 4.98068e-06
10 1 1e-07
10 0.999998 1.95125e-06
10 0.999924 7.55414e-05
10 0.999993 7.36091e-06
10 0.999948 5.17373e-05
10 0.999999 5.30954e-07
10 1 1e-07
0 0.000375576 0.999624
10 0.99992 7.99743e-05
10 1 1e-07
10 0.999992 7.62261e-06
10 0.999902 9.84501e-05
10 0.999998 2.02679e-06
10 0.999803 0.000196817
10 0.99837 0.0016297
0 0.188622 0.811378
10 0.999804 0.000195717
10 0.999866 0.000133891
10 0.999989 1.14768e-05
10 0.99996 3.97835e-05
10 0.999998 1.547e-06
0 0.000514542 0.999485
10 0.99988 0.000120439
10 1 1.37916e-07
10 0.999653 0.000347489
10 0.998409 0.00159117
10 1 1e-07
10 0.999966 3.38805e-05
10 0.999973 2.74327e-05
10 1 4.61723e-07
10 0.999999 5.94238e-07
10 1 1.14175e-07
10 0.999889 0.000110856
10 0.999846 0.000153735
10 1 1e-07
10 0.99998 2.01296e-05
10 0.999938 6.17087e-05
0 0.000422835 0.999577
10 0.999956 4.36816e-05
10 0.997497 0.00250321
10 0.999888 0.000112428
10 0.99956 0.000440174
10 1 1e-07
10 0.999466 0.000533985
10 0.999996 4.41269e-06
0 0.000205088 0.999795
10 0.999997 3.08344e-06
10 0.997429 0.00257148
0 0.00134125 0.998659
10 1 1e-07
10 0.999979 2.12151e-05
10 1 1e-07
0 0.0022328 0.997767
10 0.999616 0.000384359
10 0.999974 2.56756e-05
10 0.999995 4.80485e-06
10 0.999721 0.000279224
10 0.999965 3.53033e-05
0 0.00047235 0.999528
10 1 1.20533e-07
10 1 1.04328e-07
10 1 1e-07
10 1 1.0941e-07
10 0.999738 0.000262262
10 1 1e-07
10 0.999406 0.000594051
10 0.999966 3.38424e-05
10 0.99979 0.000209935
10 0.99994 5.95555e-05
0 3.22679e-05 0.999968
10 1 1e-07
10 0.998145 0.00185515
10 1 1e-07
10 0.999834 0.000165702
10 0.999998 2.15796e-06
10 0.999999 5.81501e-07
10 0.999931 6.90833e-05
10 0.999967 3.29421e-05
10 0.999999 7.8715e-07
0 0.00803039 0.99197
10 0.99827 0.00172966
10 0.999993 7.05274e-06
10 1 3.1961e-07
10 0.999663 0.000336924
10 0.993375 0.00662534
10 0.999927 7.28321e-05
10 0.998857 0.00114266
10 0.99992 8.04644e-05
10 0.999999 7.33382e-07
10 0.999909 9.10663e-05
10 0.999964 3.63682e-05
10 0.999856 0.000144258
10 1 1e-07
10 1 1e-07
10 0.999975 2.53022e-05
10 0.999998 1.5003e-06
10 0.999977 2.28791e-05
10 0.999941 5.93632e-05
10 1 1e-07
10 0.999773 0.00022672
10 1 1.60724e-07
10 0.999921 7.8718e-05
10 0.99986 0.000140413
10 1 1e-07
10 0.999644 0.000356066
10 0.999977 2.30033e-05
10 0.998882 0.00111829
10 0.993935 0.0060645
10 0.999464 0.000535675
10 1 1e-07
10 0.999983 1.67681e-05
0 0.000844477 0.999156
10 0.940755 0.0592446
10 0.999971 2.90629e-05
10 0.999749 0.000250728
10 0.999987 1.34544e-05
10 0.998004 0.00199645
10 1 4.93473e-07
10 1 1e-07
10 0.999961 3.91776e-05
10 0.999778 0.000222367
0 0.00157879 0.998421
10 1 1e-07
10 0.999941 5.87718e-05
10 1 1e-07
10 0.998336 0.00166424
10 1 1e-07
10 0.999882 0.000117551
0 0.00110127 0.998899
10 0.99946 0.000539819
10 0.99934 0.000660197
10 1 1e-07
10 0.999965 3.48452e-05
10 1 1e-07
0 0.00270513 0.997295
10 0.999999 1.43372e-06
10 1 1e-07
10 0.999999 1.28624e-06
10 1 1e-07
10 0.99989 0.00010985
10 0.999996 3.58688e-06
10 0.999998 1.78477e-06
10 0.999336 0.000663554
10 0.999971 2.9084e-05
10 1 1e-07
10 1 2.94538e-07
10 0.999999 9.30061e-07
0 0.000216792 0.999783
10 0.999996 3.55251e-06
10 1 1e-07
10 1 1e-07
10 0.999925 7.52194e-05
10 1 1e-07
10 1 3.73e-07
10 1 1e-07
0 0.00700787 0.992992
10 0.999415 0.000585152
10 0.998699 0.00130051
10 1 1e-07
10 0.999982 1.8084e-05
10 0.997541 0.00245926
10 1 1e-07
10 1 1e-07
10 0.99937 0.000630146
10 0.9996 0.000400466
10 1 1e-07
10 0.99988 0.000119811
10 1 1e-07
10 0.998938 0.00106164
10 0.999982 1.76731e-05
10 0.997999 0.00200056
10 0.999451 0.000548698
10 1 1e-07
10 1 1e-07
10 0.99996 3.98192e-05
10 1 1e-07
10 1 1e-07
10 0.999915 8.50328e-05
10 0.999497 0.000503303
10 1 3.6301e-07
10 0.999994 6.43728e-06
10 0.999935 6.46645e-05
10 0.999981 1.92652e-05
10 0.999991 9.10125e-06
10 1 2.36168e-07
10 0.999994 6.36592e-06
10 0.999977 2.25546e-05
10 0.999659 0.000341321
10 1 1e-07
0 0.0282131 0.971787
10 0.998948 0.00105248
10 1 1e-07
10 1 2.95284e-07
10 0.999697 0.000303462
10 0.999998 2.43031e-06
10 0.999986 1.40345e-05
10 0.999991 9.13287e-06
10 0.999716 0.000284367
10 0.999989 1.14877e-05
10 0.997064 0.00293616
10 1 4.77246e-07
10 0.999566 0.000433597
10 0.997315 0.00268468
10 0.999999 6.51397e-07
10 0.99593 0.00407007
10 0.998329 0.00167086
10 0.999999 1.46698e-06
0 0.00653101 0.993469
0 0.00695042 0.99305
10 1 1e-07
10 0.99954 0.000460298
10 0.999681 0.000319311
10 1 1e-07
10 0.99996 4.00773e-05
10 0.999999 1.28283e-06
10 0.999918 8.17131e-05
10 0.999902 9.8472e-05
10 0.999996 3.87512e-06
10 0.999986 1.37477e-05
10 0.999997 2.61324e-06
0 0.00125946 0.998741
10 1 1e-07
0 0.000578441 0.999422
10 0.99998 2.0246e-05
10 0.999871 0.000129007
10 0.999979 2.08428e-05
10 0.999901 9.88002e-05
10 0.999803 0.000197426
10 0.999994 6.14068e-06
10 1 1e-07
10 0.994809 0.00519144
10 0.999817 0.000183405
10 1 1e-07
10 0.999972 2.81264e-05
10 1 1e-07
10 1 1e-07
10 1 1e-07
10 0.999981 1.91414e-05
10 0.999472 0.000527587
0 1.94577e-05 0.999981
10 0.99994 6.039e-05
10 0.999953 4.70698e-05
10 0.999832 0.000167736
10 1 1e-07
10 0.999969 3.06403e-05
10 1 1e-07
10 1 1e-07
10 1 1e-07
10 0.999635 0.000364725
10 0.995335 0.00466459
0 0.0849298 0.91507
10 0.999941 5.93791e-05
10 1 1.5174e-07
10 0.999996 3.95e-06
10 1 1e-07
10 1 1e-07
10 1 1e-07
10 0.998681 0.00131926
10 1 1e-07
10 0.999858 0.000141504
10 0.999978 2.20632e-05
10 0.999506 0.000493812
10 0.999938 6.21184e-05
10 0.999951 4.91582e-05
10 0.99896 0.00103957
10 1 1e-07
10 1 1e-07
10 1 1e-07
10 0.999991 9.28967e-06
10 1 1e-07
10 1 1e-07
10 0.999934 6.60668e-05
10 0.999986 1.44714e-05
10 0.999993 7.15995e-06
10 1 2.76143e-07
0 0.00218543 0.997815
10 0.999304 0.000695879
10 0.999986 1.44787e-05
10 0.999184 0.000815849
0 0.000579663 0.99942
10 0.999999 1.18618e-06
10 0.99997 3.04997e-05
0 0.00464655 0.995353
10 0.999996 3.87316e-06
10 0.999973 2.72663e-05
10 1 1e-07
10 1 1e-07
10 1 1e-07
10 0.999778 0.000222169
10 0.99975 0.000250145
10 0.999994 5.99115e-06
10 0.996977 0.00302317
10 0.999173 0.000826959
10 1 1e-07
0 0.000364626 0.999635
10 0.999946 5.4345e-05
10 1 1e-07
10 0.999988 1.1772e-05
10 0.999707 0.000292844
10 0.999991 8.76833e-06
10 1 1e-07
10 0.998915 0.0010846
10 0.998302 0.0016979
0 0.0282327 0.971767
10 0.999165 0.000835195
10 0.999904 9.58639e-05
0 0.00411889 0.995881
10 0.999999 7.22394e-07
10 0.998349 0.00165083
10 1 1e-07
10 0.999699 0.000301411
0 0.00331457 0.996685
10 0.999958 4.22433e-05
10 1 1e-07
10 0.99743 0.00257032
10 1 1e-07
10 0.999619 0.000380793
10 1 1e-07
10 1 1.07924e-07
10 0.999942 5.76892e-05
10 0.999794 0.000205957
10 1 1e-07
10 1 1e-07
10 0.999271 0.000729352
10 0.99579 0.00421006
10 0.999999 8.18774e-07
10 0.999995 5.46849e-06
0 0.0335119 0.966488
10 1 1e-07
0 0.00101426 0.998986
10 0.999995 4.9855e-06
10 0.999995 4.5721e-06
10 1 1e-07
0 0.000249698 0.99975
10 0.999639 0.000360976
10 0.999891 0.000109373
10 0.999996 4.21033e-06
10 0.998233 0.00176718
10 0.999825 0.0001754
10 1 1e-07
10 0.999942 5.84588e-05
10 1 1e-07
10 0.999963 3.7497e-05
10 0.999943 5.7285e-05
10 0.998747 0.001253
10 1 1e-07
10 0.999935 6.53069e-05
0 0.00116172 0.998838
10 1 1e-07
10 1 1e-07
10 0.999855 0.000145317
10 0.999873 0.000126523
10 1 1e-07
10 0.999884 0.000115585
10 0.999999 1.44847e-06
10 0.999969 3.09195e-05
10 0.999935 6.51406e-05
10 0.99994 6.04666e-05
10 1 1e-07
10 0.999905 9.53406e-05
10 0.999999 8.16921e-07
10 0.998107 0.00189296
10 0.999832 0.000168272
10 1 3.43781e-07
10 0.986474 0.013526
10 0.99826 0.00174048
10 0.999985 1.47163e-05
10 0.999253 0.000746943
10 1 1e-07
10 0.999983 1.69543e-05
0 0.00011607 0.999884
10 0.999993 7.20299e-06
10 0.999997 2.97334e-06
10 0.999999 9.45232e-07
10 1 1e-07
10 1 1e-07
10 0.997727 0.00227349
10 0.999982 1.82829e-05
10 0.9998 0.000200391
10 0.999998 2.15995e-06
10 0.999991 8.54515e-06
10 0.999943 5.71202e-05
0 1.91721e-05 0.999981
10 0.999932 6.84367e-05
10 0.999985 1.50644e-05
10 0.999417 0.000583059
10 0.999996 3.79562e-06
0 0.000148318 0.999852
10 0.999635 0.000365009
10 0.999975 2.45564e-05
10 1 1e-07
10 0.999944 5.64353e-05
10 1 1e-07
0 0.00146074 0.998539
10 0.99787 0.00212996
10 0.999975 2.50385e-05
10 0.997818 0.00218214
10 0.998588 0.00141181
10 0.999964 3.58659e-05
10 1 1.41467e-07
10 1 1.13388e-07
10 1 1e-07
10 0.961797 0.0382033
10 0.999979 2.10271e-05
10 0.997567 0.00243261
0 0.000391301 0.999609
10 0.999552 0.000447721
10 0.999951 4.86984e-05
0 0.000140586 0.999859
10 0.999978 2.21681e-05
10 1 1e-07
10 0.998671 0.00132897
0 4.84672e-05 0.999952
10 1 1e-07
10 0.999207 0.000793012
10 0.99995 4.99637e-05
10 1 1.13091e-07
10 0.999535 0.000465001
10 0.999669 0.0003312
10 0.999972 2.84257e-05
0 0.000353519 0.999646
0 0.00223864 0.997761
0 0.000951448 0.999049
10 1 1e-07
10 0.99976 0.000240004
10 0.999932 6.76334e-05
10 0.999867 0.000132595
10 0.999979 2.06865e-05
10 0.999934 6.57683e-05
10 0.995403 0.00459656
10 0.999976 2.37288e-05
10 0.999963 3.67606e-05
0 0.00228978 0.99771
10 1 1e-07
10 0.999994 5.70812e-06
10 1 1e-07
10 1 2.21153e-07
10 0.999978 2.17176e-05
0 0.00011008 0.99989
0 0.000942035 0.999058
10 0.999851 0.000148535
10 0.99585 0.00414981
10 0.99986 0.000139813
10 1 1e-07
10 0.999548 0.00045235
10 0.995557 0.00444259
10 0.999985 1.54333e-05
10 1 3.09534e-07
10 1 1e-07
10 1 1e-07
10 1 1e-07
0 0.0157738 0.984226
10 0.999988 1.18822e-05
10 0.998598 0.00140167
10 0.998735 0.00126533
10 0.999728 0.000272009
10 0.997297 0.0027031
10 0.999997 2.76276e-06
10 0.999801 0.000198862
10 0.99998 1.98844e-05
10 0.999915 8.54843e-05
10 1 1e-07
10 0.999788 0.000212138
10 0.999993 7.42856e-06
10 0.999996 3.61056e-06
10 0.999998 1.89961e-06
10 0.996882 0.00311752
10 0.999928 7.16322e-05
10 0.999635 0.000365024
10 0.999986 1.35192e-05
10 1 1e-07
10 1 1e-07
10 1 1e-07
10 0.999592 0.000407976
10 0.999948 5.17819e-05
10 1 3.78234e-07
10 0.999731 0.000268904
10 0.999996 3.70188e-06
10 0.999998 1.57962e-06
10 0.99988 0.000119544
10 1 1e-07
10 0.999512 0.000487671
10 1 1.6204e-07
10 0.999977 2.31753e-05
0 0.000249786 0.99975
10 0.999956 4.36514e-05
10 0.999909 9.08967e-05
10 1 2.65063e-07
10 1 1e-07
10 1 2.37862e-07
10 0.99643 0.00357032
10 0.993982 0.00601848
10 0.998143 0.00185703
10 0.999885 0.000115252
10 0.999977 2.29248e-05
10 0.999998 1.59642e-06
10 1 1e-07
10 1 1e-07
10 1 1e-07
10 0.999997 3.02455e-06
10 0.998528 0.00147199
10 0.999891 0.000108961
10 1 1e-07
0 9.90428e-05 0.999901
10 0.999734 0.000265841
10 0.999992 7.7458e-06
10 0.999769 0.000230937
10 0.999729 0.000270852
10 1 1e-07
10 1 1e-07
10 0.999983 1.74414e-05
10 0.999778 0.000221989
0 0.000729136 0.999271
10 1 1e-07
10 0.999575 0.000425228
10 0.999963 3.71414e-05
10 1 1e-07
10 0.999291 0.000708671
10 0.999997 2.62656e-06
10 1 1e-07
10 0.999947 5.30569e-05
10 0.999997 2.7774e-06
10 0.999969 3.05968e-05
10 0.999102 0.000897963
0 0.000765505 0.999234
10 0.999988 1.22349e-05
10 0.999997 2.7994e-06
10 0.999971 2.93496e-05
10 0.998882 0.00111835
10 0.997362 0.00263799
0 0.0153062 0.984694
10 0.999873 0.000126806
10 1 1e-07
10 0.999837 0.000162965
10 0.999266 0.000733927
0 0.000275192 0.999725
10 0.999854 0.000146361
10 0.999948 5.24725e-05
10 0.989483 0.0105167
10 0.999746 0.000253694
10 0.998157 0.0018431
10 0.998203 0.00179674
10 0.999999 7.48554e-07
10 0.999949 5.06505e-05
10 0.998803 0.00119684
10 0.999996 4.04514e-06
10 0.999289 0.000711377
10 0.999991 8.68535e-06
10 0.999988 1.22775e-05
10 1 1e-07
10 0.999991 8.86856e-06
10 1 1e-07
10 0.999908 9.20069e-05
10 0.999864 0.000135649
10 1 1e-07
10 0.999998 1.81586e-06
10 0.999998 1.69812e-06
10 0.99994 6.02274e-05
10 1 1e-07
10 1 1e-07
10 0.999999 7.98013e-07
10 0.999942 5.84383e-05
10 0.999994 5.84213e-06
10 0.999077 0.000922647
10 1 1e-07
10 0.999967 3.25264e-05
10 0.999721 0.000279284
10 0.999999 1.08517e-06
10 1 1e-07
10 0.999933 6.70899e-05
10 0.999712 0.000288496
10 0.99997 3.003e-05
10 0.999987 1.31015e-05
10 1 1e-07
10 1 4.16126e-07
10 0.999694 0.000306372
10 1 1e-07
10 0.986728 0.0132716
10 1 3.30195e-07
10 0.999999 1.25095e-06
10 1 1e-07
10 0.999989 1.10199e-05
10 0.999987 1.34354e-05
10 1 1e-07
10 1 1e-07
10 1 4.46995e-07
10 0.999736 0.000263658
10 0.996785 0.00321458
10 1 1e-07
10 0.999999 7.0211e-07
10 0.999877 0.000123225
10 1 1e-07
10 0.999867 0.000133218
10 0.99749 0.0025099
10 1 1e-07
10 0.9989 0.0011002
10 0.999511 0.000488614
10 0.999942 5.8288e-05
10 1 1.2238e-07
10 1 2.99374e-07
10 1 1e-07
10 0.999947 5.28126e-05
10 0.999996 3.73245e-06
10 0.999962 3.77442e-05
10 0.999899 0.00010121
10 0.997097 0.00290333
10 0.999117 0.000883245
10 0.99964 0.000360444
10 1 1e-07
10 1 1e-07
10 0.999913 8.67716e-05
10 0.999862 0.000138487
10 0.999866 0.000134358
10 1 3.96608e-07
10 0.999982 1.78128e-05
10 1 1e-07
10 0.99908 0.000919871
10 0.999998 1.714e-06
10 1 1e-07
10 1 1e-07
10 1 1e-07
10 0.999989 1.10726e-05
10 1 1e-07
10 0.999938 6.18155e-05
10 0.999993 7.21008e-06
10 0.999937 6.32221e-05
10 0.999995 4.99655e-06
10 0.999457 0.000542511
10 0.999472 0.000527636
10 0.99909 0.000910388
10 1 1.66897e-07
10 0.999966 3.40869e-05
10 0.999203 0.000797225
10 0.999754 0.000246379
10 1 1e-07
10 0.999763 0.000236951
10 0.991863 0.00813716
10 0.999656 0.000344364
10 0.998058 0.00194158
10 0.999779 0.000221183
10 1 1e-07
10 1 1e-07
10 0.999944 5.61899e-05
10 0.998522 0.00147756
10 0.999944 5.62082e-05
10 0.99986 0.000140204
10 0.999868 0.000132422
10 1 1e-07
10 0.998892 0.00110768
10 0.999843 0.000157109
10 1 1e-07
10 0.999956 4.43241e-05
10 0.999986 1.36934e-05
10 0.999372 0.000627722
10 0.999517 0.000483268
0 0.000167189 0.999833
10 0.999995 5.30464e-06
10 0.998606 0.0013943
10 1 2.20834e-07
10 0.999986 1.37902e-05
10 1 1e-07
10 0.998578 0.00142174
10 0.999992 7.65458e-06
10 0.999447 0.000553383
10 0.993867 0.0061332
10 1 1e-07
10 0.999998 1.74957e-06
10 1 1e-07
10 1 1e-07
10 0.98811 0.01189
10 0.999987 1.33873e-05
10 1 1e-07
10 0.999972 2.79908e-05
10 0.999395 0.000605455
10 1 1e-07
10 0.999979 2.07196e-05
10 0.999942 5.76389e-05
10 0.999029 0.000971024
10 1 1e-07
10 0.999958 4.18921e-05
10 0.999827 0.000173427
10 0.999914 8.63829e-05
10 0.999976 2.38649e-05
10 0.999992 7.89758e-06
0 0.00101444 0.998986
10 0.99987 0.000130321
10 0.999982 1.75248e-05
10 0.999913 8.72646e-05
10 0.999694 0.000306132
10 1 1.13644e-07
10 1 1e-07
0 0.00440801 0.995592
0 0.000304078 0.999696
10 1 3.91985e-07
10 0.999958 4.18991e-05
10 1 1e-07
10 0.999714 0.000286179
10 0.999841 0.00015892
10 1 1e-07
10 0.998627 0.00137298
10 0.999988 1.16314e-05
10 0.996942 0.0030579
0 0.000501517 0.999498
0 0.000658039 0.999342
10 0.999703 0.000297207
