labels 10 0
10 0.999967 3.31322e-05
10 0.999859 0.000140636
10 0.994665 0.00533541
10 1 1.25244e-07
10 1 1e-07
10 0.998843 0.00115716
10 0.999893 0.000106888
10 1 1e-07
10 1 1e-07
10 1 1e-07
10 0.999962 3.77611e-05
0 7.62381e-06 0.999992
10 1 2.06878e-07
0 0.00337405 0.996626
10 1 1e-07
10 1 1e-07
10 1 1e-07
10 1 1e-07
0 2.75876e-05 0.999972
10 0.999998 1.51559e-06
10 0.999999 1.45486e-06
10 0.992789 0.00721149
10 0.999829 0.000170845
10 0.999987 1.2752e-05
10 0.998773 0.00122698
0 0.000795226 0.999205
10 0.998952 0.00104849
0 0.00396216 0.996038
10 0.999966 3.38564e-05
10 0.999986 1.43997e-05
10 1 1e-07
10 1 1e-07
10 0.999918 8.18839e-05
10 1 2.97414e-07
10 0.999187 0.000813013
10 1 1e-07
10 0.999985 1.47773e-05
0 0.00392562 0.996074
10 1 1e-07
10 0.999935 6.49869e-05
10 0.999476 0.000523989
10 0.99999 9.60972e-06
10 0.999973 2.72061e-05
10 0.999907 9.29098e-05
0 0.00308174 0.996918
10 0.999986 1.39413e-05
10 0.997564 0.00243586
10 0.999887 0.000112611
10 0.999555 0.000444824
10 0.99939 0.000610283
10 1 1e-07
10 1 1e-07
10 1 1e-07
10 0.999971 2.88872e-05
10 0.999989 1.1143e-05
10 0.999639 0.000361185
10 0.991716 0.00828435
10 0.999009 0.000990977
0 0.00247054 0.997529
10 0.999871 0.000129101
0 0.00389328 0.996107
10 0.999953 4.70286e-05
10 0.999803 0.000196943
10 0.999743 0.000256698
10 1 1e-07
10 1 1e-07
10 0.998408 0.00159164
0 0.000675801 0.999324
10 1 1e-07
10 1 1e-07
10 0.998471 0.00152913
10 1 1e-07
10 0.999853 0.000147442
10 0.999859 0.000141469
10 1 1e-07
10 1 1e-07
10 0.999998 2.16852e-06
10 0.99813 0.00187036
0 0.000430887 0.999569
10 0.999753 0.000247388
0 2.41331e-05 0.999976
0 3.16196e-05 0.999968
10 1 1e-07
10 0.997516 0.00248366
10 1 1.73488e-07
10 0.99987 0.000130364
10 0.99853 0.00146956
0 8.21465e-05 0.999918
10 0.999958 4.17373e-05
0 0.00574619 0.994254
10 1 1e-07
10 0.999917 8.33962e-05
10 1 1e-07
10 0.999085 0.000914794
10 0.996718 0.00328195
10 1 1e-07
0 0.00015542 0.999845
10 0.999449 0.000550588
10 0.999755 0.000244808
10 1 1.49139e-07
10 0.999845 0.000155185
10 0.999834 0.00016632
10 0.999998 2.27815e-06
10 0.999986 1.36708e-05
10 0.999972 2.8144e-05
10 1 1e-07
10 1 1e-07
10 0.99996 3.95255e-05
10 1 1e-07
10 0.9909 0.00909955
10 0.994195 0.00580543
10 1 1e-07
10 0.999988 1.18052e-05
10 0.999935 6.46654e-05
10 0.999887 0.000112731
10 0.999911 8.87465e-05
10 0.99999 9.68397e-06
10 1 1e-07
10 0.999841 0.000159063
10 0.999771 0.000229397
10 0.999595 0.000405325
10 0.999985 1.45655e-05
10 0.99986 0.000139739
10 1 1e-07
0 0.000291204 0.999709
10 0.999839 0.000161269
10 1 3.30568e-07
10 0.999246 0.000753647
0 0.000916786 0.999083
10 0.99944 0.000559773
10 0.999698 0.000302256
10 1 1e-07
10 0.999262 0.000738289
10 0.999941 5.8731e-05
10 0.999984 1.56844e-05
10 1 1e-07
10 0.999995 5.24687e-06
0 0.00205489 0.997945
10 1 1e-07
10 1 1e-07
0 0.000468487 0.999532
10 1 1e-07
10 0.999645 0.000355045
0 0.00216883 0.997831
10 0.997328 0.0026723
10 0.998552 0.00144798
10 1 1e-07
10 0.999038 0.000962231
10 0.999999 6.39856e-07
10 0.999996 3.62343e-06
0 0.00847162 0.991528
10 0.999971 2.94913e-05
10 0.999936 6.4231e-05
10 1 1.12612e-07
10 0.998004 0.00199603
10 0.999741 0.000258612
10 0.997816 0.00218376
10 0.999998 1.74973e-06
10 1 1e-07
10 1 1.06633e-07
10 1 1e-07
10 1 1.95085e-07
10 1 1e-07
0 7.74288e-05 0.999923
10 0.999988 1.21418e-05
10 0.999997 2.53666e-06
10 1 1e-07
10 1 1e-07
0 0.00021247 0.999788
10 1 1e-07
10 1 1e-07
10 0.999393 0.000606673
10 1 1.70864e-07
10 0.999998 1.85879e-06
10 0.999992 8.16082e-06
10 0.999996 4.07837e-06
10 1 1e-07
10 1 1e-07
10 0.999991 9.12983e-06
0 0.0016175 0.998382
10 1 1e-07
10 0.997104 0.00289595
10 0.999906 9.38436e-05
0 0.00699774 0.993002
10 1 1e-07
10 0.996571 0.00342893
10 0.999391 0.000609081
0 0.000206424 0.999794
10 0.999529 0.000470586
10 0.9999 0.000100453
10 0.999148 0.000851825
10 1 4.93455e-07
10 0.999998 2.35146e-06
0 0.437648 0.562352
10 0.999467 0.000533152
10 0.999998 1.78267e-06
0 0.000397085 0.999603
10 1 1e-07
0 0.00420251 0.995797
10 0.998197 0.00180305
10 0.999999 6.0768e-07
10 0.999905 9.50307e-05
10 0.998973 0.00102701
10 0.999643 0.000357042
10 0.997062 0.00293842
10 1 1e-07
10 0.999466 0.000534136
10 0.999901 9.89072e-05
0 0.000144753 0.999855
10 0.999996 3.9401e-06
10 0.99837 0.00163048
10 0.999989 1.10347e-05
10 0.999804 0.000196144
10 1 1e-07
10 0.999745 0.000254681
10 0.998828 0.00117221
10 1 1e-07
10 0.99986 0.000139539
10 1 1.10205e-07
10 0.999979 2.07494e-05
10 0.999992 8.4316e-06
10 1 1e-07
10 0.997281 0.00271948
10 0.999876 0.000123778
10 0.999677 0.000322972
10 0.999986 1.39132e-05
0 4.61397e-05 0.999954
10 0.999924 7.60742e-05
10 0.998321 0.00167866
10 0.999987 1.33443e-05
10 0.999998 1.56054e-06
10 1 1e-07
0 0.000719541 0.99928
10 0.999775 0.000224764
10 0.999871 0.000129015
10 1 1e-07
10 0.995515 0.0044853
10 0.999971 2.93412e-05
10 0.999899 0.000101053
10 0.999954 4.59715e-05
10 0.999845 0.000155453
0 0.00143506 0.998565
10 1 4.73154e-07
10 1 1e-07
10 1 1e-07
10 0.999974 2.61893e-05
10 0.998823 0.00117732
10 0.99996 4.02162e-05
10 1 1e-07
10 0.994306 0.00569372
10 0.998672 0.00132822
10 1 1e-07
10 0.999962 3.83377e-05
10 0.99882 0.00118007
10 0.999999 6.18391e-07
0 0.00219688 0.997803
10 0.996634 0.00336575
10 0.999978 2.24901e-05
10 0.999929 7.12457e-05
10 0.999956 4.35607e-05
10 0.999975 2.53027e-05
10 0.999987 1.25006e-05
10 0.998773 0.00122694
10 0.999942 5.82431e-05
10 1 1e-07
0 0.000174982 0.999825
10 1 1e-07
10 0.500421 0.499579
10 0.996527 0.00347334
0 0.000505947 0.999494
10 0.999475 0.000524816
10 0.999999 9.65526e-07
10 0.999997 2.8655e-06
10 0.999838 0.000161571
10 0.999967 3.33867e-05
10 0.99767 0.00232968
10 0.997547 0.00245332
10 0.999965 3.52833e-05
10 0.998914 0.00108633
10 1 1e-07
10 0.999992 7.75695e-06
10 0.999991 9.11696e-06
10 0.999992 7.91629e-06
10 0.999838 0.000162053
0 6.39491e-05 0.999936
0 0.00406419 0.995936
10 0.99969 0.000310121
10 0.964137 0.0358628
10 1 1e-07
10 0.998793 0.00120747
10 1 1e-07
10 0.999998 1.54544e-06
0 0.000788672 0.999211
10 0.999913 8.71543e-05
10 1 1e-07
10 0.999999 5.92395e-07
10 0.99803 0.00197034
10 1 1e-07
10 0.993264 0.00673645
10 1 1e-07
10 1 1e-07
10 0.999996 3.94237e-06
10 0.999835 0.000164662
0 0.000152809 0.999847
10 0.999966 3.3784e-05
10 0.999994 5.59191e-06
10 0.999974 2.62766e-05
10 0.999907 9.28711e-05
10 1 1e-07
10 0.999996 3.70204e-06
10 0.99995 5.01912e-05
10 1 1.24114e-07
10 1 1e-07
10 0.999993 7.08942e-06
10 0.999999 5.43685e-07
10 0.999935 6.54835e-05
10 0.999461 0.000538538
10 0.999992 7.75142e-06
10 0.999994 6.20117e-06
10 0.99944 0.00055994
10 1 1e-07
0 6.69321e-05 0.999933
10 0.999475 0.000524978
10 1 1e-07
10 0.999993 7.08333e-06
10 0.999981 1.89537e-05
10 0.999972 2.79777e-05
10 0.999948 5.17863e-05
10 0.996309 0.00369108
10 0.99994 5.99009e-05
10 1 1e-07
10 1 3.82242e-07
10 0.999858 0.000142082
10 0.99954 0.000460225
10 0.999994 6.08322e-06
10 0.998661 0.00133922
10 1 1e-07
10 1 1e-07
10 0.99999 1.04247e-05
10 0.999998 2.307e-06
10 0.99805 0.00194953
10 0.999984 1.61306e-05
0 0.0012826 0.998717
10 0.998576 0.0014235
10 0.99831 0.00168994
10 1 1.09595e-07
10 1 3.71563e-07
10 0.999999 8.78944e-07
10 1 1e-07
10 0.998833 0.00116684
10 0.99977 0.000230269
10 0.99994 6.00058e-05
10 0.999978 2.18888e-05
10 1 1e-07
10 0.998357 0.00164252
10 0.999952 4.80516e-05
10 0.999999 7.20112e-07
10 1 1e-07
10 0.999999 9.33898e-07
10 0.99995 4.97231e-05
10 1 1e-07
10 0.999977 2.34555e-05
10 0.96821 0.0317896
10 0.99995 4.97096e-05
10 1 1e-07
10 0.999999 1.00048e-06
10 0.999808 0.000192179
10 0.999861 0.000139092
10 0.999819 0.000180542
0 0.000475959 0.999524
10 0.99999 9.99808e-06
0 0.00089511 0.999105
10 1 1e-07
10 1 1e-07
10 0.999987 1.30143e-05
10 0.999811 0.000189084
10 0.999986 1.44244e-05
10 0.998063 0.00193749
10 0.999975 2.46662e-05
10 1 1e-07
10 0.999888 0.000112101
10 0.999999 1.2686e-06
10 0.994912 0.00508847
10 0.999791 0.000209032
10 0.999413 0.000586535
10 0.999942 5.81971e-05
10 0.999918 8.19188e-05
0 0.0104551 0.989545
10 1 1e-07
10 0.999998 2.25501e-06
0 0.00830032 0.9917
10 0.99993 6.95516e-05
10 0.999981 1.89575e-05
10 1 1.54305e-07
10 0.999999 9.70089e-07
10 0.999999 5.36169e-07
10 1 1.83178e-07
10 0.998781 0.00121947
10 0.999948 5.19238e-05
10 0.999977 2.31413e-05
10 0.999662 0.000338364
0 0.000348337 0.999652
10 1 1e-07
10 1 1e-07
10 0.999984 1.6259e-05
10 1 1e-07
10 1 1.67492e-07
10 0.999632 0.00036836
10 1 3.57177e-07
10 1 1e-07
10 0.999895 0.00010451
10 1 1e-07
10 0.999963 3.67724e-05
10 0.999818 0.000181703
10 1 1e-07
10 0.999987 1.26169e-05
0 0.00127135 0.998729
10 0.995807 0.00419252
10 0.999983 1.70362e-05
10 1 1e-07
10 1 1.00648e-07
10 0.999992 7.89002e-06
10 0.999948 5.18871e-05
10 1 1e-07
10 0.998774 0.00122621
10 0.99999 1.03263e-05
0 0.00566219 0.994338
10 0.995292 0.00470754
10 1 1e-07
0 0.000766958 0.999233
0 0.381513 0.618487
10 1 1e-07
10 1 1.49282e-07
10 0.999996 4.02533e-06
10 0.999176 0.000823505
10 0.999948 5.17786e-05
10 0.998798 0.00120228
10 0.999981 1.88662e-05
10 0.999886 0.000114215
0 0.0084583 0.991542
10 0.999928 7.18042e-05
10 1 1e-07
10 1 1e-07
10 0.999864 0.000136438
10 0.997641 0.00235868
10 0.999977 2.34386e-05
10 0.987811 0.0121888
10 0.999996 3.84235e-06
10 1 4.16535e-07
10 0.999446 0.000553937
10 0.999998 1.96697e-06
10 0.999992 7.61059e-06
10 1 1e-07
0 0.0317714 0.968229
10 0.99997 2.96845e-05
10 0.999988 1.20705e-05
0 0.000177202 0.999823
10 0.999709 0.000291303
10 1 1e-07
10 0.999991 9.45757e-06
0 0.00104243 0.998958
10 1 1e-07
10 1 1e-07
10 0.997568 0.00243155
10 0.999986 1.42394e-05
10 0.998067 0.001933
10 1 1e-07
0 0.00300261 0.996997
10 0.99991 8.97863e-05
10 0.999993 7.3173e-06
10 0.997674 0.00232627
10 0.999997 2.72007e-06
10 0.999992 7.65275e-06
10 0.999917 8.26067e-05
10 0.999999 8.42653e-07
10 0.999996 3.63999e-06
10 0.999971 2.91898e-05
10 0.999999 1.08424e-06
10 0.999949 5.14717e-05
10 1 1e-07
10 0.999969 3.06363e-05
10 0.999997 2.57226e-06
10 0.999931 6.88711e-05
10 0.999867 0.000132607
10 1 1e-07
10 0.999996 4.39325e-06
10 0.999993 6.96683e-06
10 0.999992 7.96699e-06
10 1 1e-07
10 1 1e-07
10 1 1e-07
10 0.999993 6.57389e-06
10 0.999967 3.26157e-05
10 0.999526 0.0004743
10 1 2.22544e-07
10 0.99987 0.000129937
10 1 1e-07
10 0.999996 3.53155e-06
10 1 1.42985e-07
10 0.99984 0.000160265
10 1 4.77619e-07
10 1 1e-07
10 1 1e-07
10 0.999422 0.000578317
10 0.999997 3.42445e-06
10 0.999832 0.000167688
10 0.999988 1.18158e-05
10 0.999808 0.00019167
10 1 3.26264e-07
0 0.00490547 0.995095
10 0.999996 3.98354e-06
10 0.999947 5.31873e-05
10 1 1e-07
10 0.99994 6.01315e-05
10 0.999981 1.88045e-05
10 0.999677 0.000323089
10 0.999993 7.00224e-06
0 5.69425e-05 0.999943
10 1 1.18394e-07
10 0.999974 2.57073e-05
0 0.00403417 0.995966
0 0.000237028 0.999763
10 1 1e-07
10 0.999875 0.000124684
10 0.999772 0.000228122
10 0.999986 1.43969e-05
0 9.84201e-05 0.999902
10 1 1e-07
10 1 1e-07
10 0.873362 0.126638
10 0.999741 0.000259495
10 0.993843 0.00615666
10 0.999723 0.00027684
10 1 1e-07
10 1 1e-07
10 0.999798 0.000202287
10 0.99997 2.96296e-05
0 0.000215737 0.999784
0 0.00027588 0.999724
10 1 2.33758e-07
10 1 2.74927e-07
10 1 3.75098e-07
10 1 2.24069e-07
10 0.999994 6.04127e-06
10 1 4.70017e-07
10 0.998729 0.0012715
10 0.999802 0.000197688
10 1 1e-07
0 0.000155484 0.999845
10 0.999992 7.98052e-06
10 0.999996 3.57121e-06
0 0.000406442 0.999594
10 0.999636 0.000364242
0 0.357639 0.642361
10 0.999971 2.9454e-05
10 1 2.54473e-07
10 0.998616 0.00138426
10 0.999894 0.000105743
0 0.000675192 0.999325
10 0.993839 0.00616126
10 0.999424 0.000576397
10 0.999844 0.000156065
0 0.00126461 0.998735
10 0.999883 0.000116763
10 1 1e-07
10 0.99995 5.00053e-05
10 0.99998 1.97624e-05
10 1 3.07912e-07
10 1 1e-07
10 1 1e-07
10 1 1e-07
0 0.00258644 0.997414
10 0.998817 0.00118259
10 0.998978 0.0010223
10 0.999949 5.11005e-05
10 1 1e-07
10 1 1e-07
10 0.997727 0.00227262
10 0.99999 1.02048e-05
10 1 1e-07
10 0.999925 7.54713e-05
10 1 1e-07
10 1 1e-07
10 0.98685 0.0131502
0 0.000215254 0.999785
10 0.999947 5.30067e-05
0 0.000736947 0.999263
10 0.999974 2.56484e-05
10 0.998807 0.00119313
10 0.999989 1.14641e-05
10 1 1e-07
10 0.999996 3.95222e-06
10 0.999011 0.000988727
10 0.999979 2.11384e-05
10 1 1e-07
0 0.000240862 0.999759
10 1 1e-07
10 0.999941 5.8596e-05
10 0.999948 5.18562e-05
10 1 3.91026e-07
0 0.0573969 0.942603
10 0.999881 0.000118843
10 0.999439 0.000561018
10 0.999693 0.000307012
10 0.999999 5.71662e-07
10 1 1e-07
10 1 1e-07
10 1 1e-07
10 0.999704 0.000295565
10 0.999742 0.000258049
10 0.999989 1.12343e-05
10 0.999783 0.000216632
10 0.999955 4.51779e-05
10 0.998333 0.00166729
0 0.00154398 0.998456
10 0.999985 1.48006e-05
10 0.99981 0.000190251
10 0.999999 7.46226e-07
0 0.000468312 0.999532
10 1 1.79766e-07
10 0.999968 3.17982e-05
10 1 1.22963e-07
10 0.999144 0.000855825
0 0.000209076 0.999791
10 0.99976 0.000240334
10 0.999298 0.000701911
10 0.997402 0.00259761
0 0.250535 0.749465
10 0.99997 2.97389e-05
10 0.99999 9.97537e-06
10 0.999999 6.01933e-07
0 0.000452829 0.999547
10 1 1e-07
0 0.000528438 0.999472
10 0.999662 0.000338287
10 0.999978 2.1714e-05
0 0.000374314 0.999626
10 0.999927 7.33383e-05
10 0.999962 3.78096e-05
10 0.999988 1.23522e-05
10 0.999916 8.37302e-05
10 0.999463 0.000537382
10 0.999981 1.94057e-05
10 1 1e-07
10 1 1.43003e-07
10 0.999974 2.60821e-05
10 0.999595 0.000404723
10 0.999901 9.87613e-05
10 1 1e-07
10 0.999943 5.68063e-05
10 0.999942 5.75598e-05
10 0.999079 0.000921353
0 0.000252405 0.999748
10 0.996748 0.00325209
10 0.99981 0.00018995
10 1 1e-07
10 0.999976 2.36411e-05
10 0.999991 9.48058e-06
10 0.998825 0.00117454
10 0.999973 2.74679e-05
10 0.999983 1.7177e-05
10 0.999998 1.7779e-06
10 0.999934 6.60114e-05
10 0.999989 1.1468e-05
0 0.000107556 0.999892
0 0.0406836 0.959316
10 0.999728 0.000271642
10 0.999949 5.08492e-05
10 0.999865 0.000135491
10 0.999206 0.000794482
10 0.999833 0.000166554
10 0.999562 0.000437657
10 0.9995 0.000499784
10 0.999154 0.000845555
10 0.999965 3.47913e-05
10 0.999855 0.000144621
0 0.000498277 0.999502
10 0.99779 0.00220965
10 0.999999 1.07457e-06
10 0.999803 0.00019687
10 0.999753 0.000246519
10 1 1e-07
10 0.999991 8.58587e-06
10 1 1e-07
10 0.994194 0.00580594
10 0.99999 9.63227e-06
10 1 1e-07
10 1 1e-07
10 0.999801 0.000199198
10 0.999907 9.34695e-05
10 1 1e-07
10 0.999997 2.76178e-06
10 0.999391 0.00060933
10 0.999627 0.000372958
10 0.99978 0.00022013
10 0.999746 0.00025414
10 0.998932 0.00106814
10 1 1e-07
10 0.999935 6.48547e-05
10 1 1e-07
10 0.999996 4.299e-06
10 0.999995 4.6305e-06
10 0.999989 1.13462e-05
10 0.999867 0.000132975
10 0.999999 1.45869e-06
0 0.000660276 0.99934
10 0.999993 6.95803e-06
10 0.999984 1.60737e-05
10 0.999974 2.62023e-05
10 0.999974 2.63352e-05
10 0.868713 0.131287
10 0.999999 1.03571e-06
10 0.999777 0.00022294
10 0.998289 0.00171144
10 1 1e-07
10 0.999988 1.15241e-05
10 0.999924 7.55043e-05
10 1 1e-07
10 0.702911 0.297089
10 1 1e-07
10 0.999958 4.18753e-05
0 0.000585256 0.999415
10 0.999999 7.47156e-07
10 0.999625 0.000374783
10 1 1e-07
10 0.998518 0.00148177
0 0.000176512 0.999823
10 0.997553 0.00244692
10 0.999964 3.61767e-05
10 0.999991 8.90565e-06
10 0.998292 0.0017078
10 0.999954 4.62223e-05
10 0.996504 0.00349633
10 1 1e-07
10 0.999947 5.28434e-05
10 0.999997 2.6786e-06
10 0.999424 0.000576228
0 8.18454e-05 0.999918
10 0.999979 2.09871e-05
10 0.99997 3.00656e-05
10 0.989142 0.0108577
10 0.999988 1.2256e-05
10 0.999998 2.05617e-06
10 0.999876 0.000124433
0 0.00022438 0.999776
10 0.999983 1.69115e-05
10 0.999818 0.000181783
10 1 1.40843e-07
10 0.999918 8.19829e-05
10 0.99961 0.000389609
10 0.999938 6.23571e-05
10 0.998813 0.00118671
10 1 1e-07
10 0.99979 0.000209614
10 0.999888 0.000112344
10 0.999886 0.000113612
10 1 1e-07
10 0.999427 0.000572651
10 0.999582 0.000417654
10 0.999988 1.23549e-05
10 1 1.81659e-07
10 0.998966 0.00103379
10 1 1e-07
10 0.999331 0.000669391
10 0.998312 0.00168801
10 0.999957 4.2867e-05
10 1 1e-07
10 0.999996 3.73582e-06
10 0.99958 0.000420082
10 1 1e-07
10 0.999914 8.64569e-05
10 1 1e-07
0 0.00224242 0.997758
10 1 3.26962e-07
10 0.999993 7.46479e-06
10 0.99971 0.000289791
10 0.999843 0.000157141
10 0.997065 0.00293457
10 1 1e-07
10 1 1e-07
10 0.999969 3.14441e-05
0 9.01452e-05 0.99991
10 0.999299 0.000701167
10 0.999736 0.000263598
10 0.999999 9.91833e-07
10 0.999668 0.000331869
10 0.999998 1.57788e-06
10 1 1e-07
0 0.000358982 0.999641
10 1 3.34264e-07
10 0.999984 1.64233e-05
10 0.999987 1.28234e-05
10 0.999793 0.000206585
10 0.999892 0.000108207
10 0.99985 0.000150022
10 0.999903 9.65279e-05
10 0.995994 0.00400632
10 0.997512 0.00248811
10 0.999977 2.32431e-05
10 0.999976 2.39427e-05
10 0.999363 0.000637225
10 1 1e-07
10 0.99988 0.000119759
10 0.999145 0.000854931
10 0.995055 0.00494512
10 0.99984 0.00016013
10 0.999748 0.000252028
10 1 1.98028e-07
10 1 1e-07
10 1 2.10185e-07
10 1 1e-07
10 0.999999 1.339e-06
10 1 1e-07
10 1 1e-07
10 0.999969 3.11562e-05
10 0.999999 5.59702e-07
10 0.999581 0.000419065
10 1 1e-07
10 1 1e-07
10 0.999637 0.000363202
10 0.999746 0.000254411
10 0.999989 1.13958e-05
10 0.995399 0.00460075
0 0.000107661 0.999892
10 1 1e-07
10 0.999893 0.000107233
10 1 1e-07
10 0.998428 0.00157189
10 0.999997 3.30583e-06
10 1 1e-07
10 0.999919 8.12055e-05
10 0.99996 3.96845e-05
10 0.99842 0.00158029
10 0.99998 2.0301e-05
10 0.999992 7.83913e-06
10 0.999912 8.7941e-05
0 0.000229652 0.99977
10 1 1e-07
10 0.995329 0.00467066
10 0.999998 2.30482e-06
0 0.00105858 0.998941
10 0.999998 1.79847e-06
10 1 1e-07
10 0.999999 7.41182e-07
10 0.999987 1.27236e-05
10 0.999991 9.35334e-06
10 1 1e-07
10 0.999996 3.88845e-06
10 0.999999 7.45689e-07
10 0.999986 1.38927e-05
10 0.999996 3.73872e-06
10 0.994803 0.00519656
10 1 1e-07
0 5.04841e-06 0.999995
10 1 1e-07
0 0.000202096 0.999798
0 0.00307324 0.996927
10 0.999832 0.000168113
10 0.998694 0.0013061
10 1 1e-07
10 1 1e-07
10 0.999853 0.000147072
10 0.999893 0.000107247
10 0.999993 6.52687e-06
10 0.999925 7.50282e-05
0 0.000442032 0.999558
10 0.999699 0.000301383
10 0.999996 3.65502e-06
10 0.9997 0.000299822
10 0.99999 9.61717e-06
10 1 1e-07
10 1 1e-07
10 1 1e-07
10 1 1e-07
10 1 1e-07
10 0.999921 7.85742e-05
10 0.999709 0.000290666
10 0.997577 0.00242263
10 0.998733 0.00126683
10 0.995459 0.00454139
10 1 1.2229e-07
10 0.999999 5.95593e-07
10 1 1e-07
10 0.999999 9.78214e-07
10 0.99995 5.04194e-05
0 0.00113854 0.998861
10 0.999301 0.000698904
10 1 1e-07
10 0.999999 1.45857e-06
10 0.999937 6.31635e-05
10 0.999949 5.05382e-05
10 0.999965 3.53351e-05
10 1 1e-07
0 0.251893 0.748107
10 0.999948 5.24907e-05
10 0.999718 0.000282289
10 0.999989 1.07575e-05
10 1 1e-07
10 1 1e-07
10 0.999646 0.000354026
0 0.000715601 0.999284
10 0.999999 1.04627e-06
10 0.999819 0.00018096
10 1 1e-07
10 0.999969 3.11824e-05
10 0.999935 6.48312e-05
10 0.999945 5.4563e-05
10 0.993686 0.00631379
10 0.999999 1.09015e-06
10 0.998526 0.00147351
10 0.999993 7.46028e-06
10 1 1e-07
10 0.999896 0.00010437
10 0.99876 0.00123951
10 1 1e-07
10 1 2.98885e-07
10 1 1e-07
10 0.999984 1.5775e-05
0 0.00175835 0.998242
10 0.999984 1.63738e-05
10 0.999954 4.59246e-05
10 0.99769 0.00231046
0 0.000511904 0.999488
10 0.999996 3.62263e-06
0 0.00517891 0.994821
10 0.999965 3.46997e-05
0 0.000693669 0.999306
10 1 1e-07
10 1 1e-07
10 0.999736 0.000263853
10 1 3.68139e-07
0 0.00168407 0.998316
10 1 1.32611e-07
10 0.999524 0.000475534
10 1 1e-07
10 1 1e-07
10 1 1e-07
10 1 1e-07
10 0.999994 5.96732e-06
10 0.997882 0.00211847
10 0.999895 0.000105476
10 1 1e-07
10 0.999565 0.000434933
10 0.999997 2.87507e-06
10 0.999957 4.34932e-05
10 0.996632 0.00336758
10 0.997007 0.0029928
10 1 1e-07
10 0.999985 1.45206e-05
10 0.997832 0.00216796
10 0.999612 0.00038834
10 0.999985 1.48705e-05
10 1 1e-07
10 0.999964 3.56626e-05
0 0.00231835 0.997682
10 1 1e-07
10 0.999984 1.55913e-05
10 0.999902 9.84181e-05
10 0.999999 1.09885e-06
10 0.999252 0.000748254
10 0.999593 0.000407386
10 0.999995 5.30177e-06
10 0.999986 1.36575e-05
10 0.999854 0.000146293
10 0.999993 7.22696e-06
10 0.99991 8.959e-05
10 0.999787 0.000212862
10 0.999946 5.39705e-05
10 0.999612 0.000388339
10 1 1e-07
10 0.99995 5.00946e-05
10 0.998327 0.0016733
10 0.999954 4.64504e-05
10 0.99929 0.000709573
10 1 2.0235e-07
10 0.999981 1.89574e-05
10 0.999892 0.000108159
10 0.992896 0.00710397
10 0.999999 1.37288e-06
10 0.999983 1.65069e-05
10 0.999699 0.000301436
10 1 1e-07
0 0.000341336 0.999659
10 0.999986 1.36728e-05
10 0.999954 4.57157e-05
10 1 1e-07
0 0.00114692 0.998853
10 0.998868 0.00113197
10 1 1e-07
10 0.999987 1.29917e-05
10 0.999991 9.11967e-06
10 1 2.53617e-07
0 0.000698292 0.999302
10 0.999711 0.000288785
10 0.999999 1.12848e-06
10 0.996295 0.00370506
10 1 1e-07
10 0.999982 1.82116e-05
10 0.99999 9.57859e-06
10 0.997554 0.00244595
10 1 1e-07
10 0.999787 0.000213388
10 0.999984 1.55668e-05
10 0.999986 1.38997e-05
10 1 1e-07
10 0.997517 0.00248265
10 0.999986 1.40327e-05
10 0.999992 7.5638e-06
0 0.00105518 0.998945
10 0.999263 0.000737364
10 0.998654 0.00134632
10 0.999999 1.05129e-06
10 1 1e-07
10 1 1e-07
10 1 1e-07
10 1 1e-07
0 0.003256 0.996744
10 1 1e-07
10 0.999981 1.89443e-05
0 0.000454323 0.999546
10 0.999998 1.695e-06
0 0.00249967 0.9975
10 0.95282 0.0471804
10 0.999999 1.14733e-06
10 0.999846 0.000154399
10 0.999988 1.16846e-05
10 0.999985 1.52554e-05
10 0.999999 6.03792e-07
10 0.999998 1.8435e-06
10 1 1e-07
10 1 1e-07
10 0.999786 0.000214131
10 0.999523 0.000477423
10 1 1e-07
10 1 1e-07
10 0.999949 5.14578e-05
10 0.999944 5.59789e-05
10 0.999938 6.17889e-05
10 0.999961 3.89253e-05
10 1 4.11046e-07
10 1 1e-07
0 0.00175532 0.998245
10 0.998508 0.00149177
10 0.998481 0.00151922
10 0.999906 9.44896e-05
10 0.997551 0.00244854
10 0.999989 1.131e-05
10 1 1e-07
10 1 1e-07
10 0.999975 2.52081e-05
10 0.999999 1.31051e-06
10 0.999871 0.000128951
10 0.999937 6.2618e-05
10 0.999231 0.000769272
0 7.83476e-05 0.999922
10 0.998696 0.00130427
10 1 1e-07
10 0.999985 1.47817e-05
10 1 1e-07
10 0.999997 2.67222e-06
10 1 1e-07
10 0.999978 2.24805e-05
10 1 1e-07
0 0.000262732 0.999737
10 0.996658 0.00334196
0 0.000680203 0.99932
0 0.000473195 0.999527
10 1 1e-07
10 0.999712 0.000287617
10 0.999996 4.00834e-06
10 0.999997 2.98799e-06
10 0.999986 1.37108e-05
0 0.000233528 0.999766
0 0.00607083 0.993929
10 0.999966 3.40069e-05
10 0.999749 0.000251201
10 0.999999 6.30007e-07
10 0.999958 4.16538e-05
10 0.999956 4.36929e-05
10 1 1e-07
10 0.999999 9.03701e-07
10 0.999999 7.4268e-07
10 0.999866 0.00013365
0 0.000110277 0.99989
10 1 1e-07
10 1 1e-07
10 0.999914 8.56146e-05
10 1 1e-07
10 1 1e-07
10 1 1e-07
10 0.999952 4.77518e-05
10 0.998597 0.00140285
10 0.999509 0.000490871
10 0.999999 1.32395e-06
10 0.99999 9.61396e-06
10 0.999027 0.000972634
10 0.99784 0.00216023
10 0.999998 1.7287e-06
10 0.999999 8.58392e-07
10 0.999704 0.000296484
10 0.999761 0.000238959
10 0.999999 1.27448e-06
10 0.999993 6.6858e-06
10 0.998414 0.00158594
10 0.999679 0.000320518
10 1 1e-07
10 0.998799 0.0012013
0 0.0008222 0.999178
10 0.998325 0.00167463
10 0.999579 0.000421446
10 1 1e-07
10 0.999869 0.000130744
0 0.0010124 0.998988
10 0.999992 8.11217e-06
10 0.999999 5.34867e-07
10 0.999903 9.65925e-05
10 0.999632 0.000367946
10 0.999995 4.88783e-06
10 0.999991 8.51743e-06
10 0.999994 6.21205e-06
10 1 1e-07
10 0.996801 0.00319914
10 0.999981 1.93336e-05
10 1 4.84864e-07
10 0.999998 2.3692e-06
10 0.999997 2.66441e-06
10 1 1e-07
10 0.999925 7.46002e-05
10 1 1e-07
10 0.992636 0.00736448
10 1 1e-07
10 1 1e-07
10 1 1e-07
10 0.999691 0.000309087
10 0.999994 5.73968e-06
10 0.999998 2.04861e-06
10 1 1e-07
10 1 1e-07
10 0.999993 6.78292e-06
10 0.998956 0.00104382
10 0.999638 0.000361918
10 0.999485 0.000514838
10 0.999171 0.000829011
10 1 1e-07
10 0.999997 2.68642e-06
10 0.999993 6.84932e-06
10 0.999893 0.000106955
10 0.997681 0.00231879
10 0.999952 4.80697e-05
10 0.999817 0.000183243
10 1 1e-07
10 0.999991 9.31931e-06
10 0.999994 5.68953e-06
0 0.00175458 0.998245
10 0.999996 3.86396e-06
10 0.999997 2.50319e-06
10 0.999617 0.000382685
10 0.999999 5.14589e-07
10 0.99999 9.61928e-06
0 0.000193662 0.999806
10 0.999836 0.000164406
10 0.997918 0.00208157
10 1 1e-07
10 1 1e-07
10 1 1e-07
10 1 1e-07
10 0.996451 0.00354917
10 0.999977 2.34852e-05
10 0.999937 6.34203e-05
10 0.999928 7.17155e-05
10 0.999973 2.7023e-05
10 0.999958 4.17325e-05
10 0.998367 0.00163279
10 0.999755 0.000244593
10 0.99934 0.000660043
0 0.000473547 0.999526
10 0.999457 0.000542954
10 0.99994 5.96074e-05
10 0.998838 0.00116205
10 0.99987 0.000129987
10 1 4.9099e-07
10 0.997976 0.00202426
10 0.997229 0.00277079
10 0.999228 0.000772391
10 0.999955 4.52379e-05
10 0.999838 0.000162227
10 1 2.42374e-07
0 9.18431e-05 0.999908
10 0.999914 8.60925e-05
10 1 1.34231e-07
10 0.998404 0.00159553
10 0.999995 5.23883e-06
10 0.999997 2.99296e-06
10 1 1e-07
10 0.999905 9.52956e-05
10 0.998137 0.00186342
10 0.999955 4.46413e-05
10 1 1e-07
10 0.999915 8.48238e-05
10 0.999995 5.26349e-06
10 0.999989 1.13627e-05
10 0.999994 5.91105e-06
10 0.999951 4.89361e-05
10 0.999953 4.65794e-05
10 1 3.74997e-07
10 0.999983 1.68677e-05
10 0.999997 2.7903e-06
10 1 1e-07
10 0.999981 1.91004e-05
10 0.998531 0.00146909
0 0.238877 0.761123
10 0.999922 7.76148e-05
10 0.999872 0.000128414
10 0.999952 4.8223e-05
10 0.999182 0.000817685
10 0.999919 8.08424e-05
10 0.999996 3.75653e-06
10 0.999846 0.000153606
10 0.996918 0.00308243
10 0.999938 6.20323e-05
10 0.999966 3.42745e-05
10 0.99821 0.00179013
10 0.999849 0.000151333
0 0.00013939 0.999861
10 0.999992 8.12357e-06
10 0.999988 1.23646e-05
10 0.999353 0.000646852
10 1 1e-07
10 0.999198 0.00080241
10 1 1e-07
10 1 1e-07
10 1 1e-07
10 0.998687 0.00131282
10 0.999914 8.6436e-05
0 0.000790062 0.99921
10 1 1e-07
10 0.999156 0.000844468
10 1 1.03094e-07
10 0.998179 0.001821
10 1 1e-07
10 0.999904 9.61209e-05
10 0.999922 7.83729e-05
10 0.99991 9.04021e-05
10 0.999289 0.000710894
10 0.999824 0.000176306
0 0.00901484 0.990985
10 0.999614 0.000386372
10 0.999632 0.000367756
0 0.000315908 0.999684
0 0.000250771 0.999749
10 1 1e-07
10 0.999456 0.000544473
10 0.999962 3.78361e-05
0 0.00906221 0.990938
10 0.999665 0.000334803
10 0.999979 2.05084e-05
10 0.999978 2.20981e-05
10 0.995996 0.00400446
10 1 1e-07
10 0.999976 2.44857e-05
10 1 1e-07
10 0.999886 0.000113659
10 0.999097 0.000903225
10 0.999111 0.000888596
10 0.99969 0.00031037
10 1 1e-07
10 0.999969 3.06192e-05
10 1 1e-07
10 1 1e-07
10 1 1e-07
10 0.999133 0.00086724
10 0.999992 7.61023e-06
10 1 2.81332e-07
0 0.00175099 0.998249
10 1 1e-07
10 1 1e-07
10 0.999997 2.99302e-06
10 0.997611 0.0023886
10 1 1e-07
10 1 1e-07
10 1 1e-07
10 0.999394 0.00060631
10 1 1e-07
0 9.25457e-05 0.999907
10 0.996431 0.00356884
10 0.999714 0.000285523
0 0.000529488 0.999471
10 0.999983 1.69598e-05
0 0.00185755 0.998142
10 0.999825 0.000174782
10 0.999994 5.65402e-06
10 1 1e-07
10 0.999287 0.000713015
10 0.997765 0.00223526
10 0.997083 0.00291697
10 0.999379 0.00062052
10 0.997139 0.00286136
10 0.999866 0.000133598
10 0.999872 0.000128407
10 0.999983 1.66732e-05
10 1 3.40391e-07
10 0.999965 3.51095e-05
10 0.999926 7.41708e-05
10 0.999864 0.000136021
10 1 1e-07
10 0.999971 2.92169e-05
10 0.99999 1.04644e-05
10 1 1e-07
10 0.999952 4.79868e-05
10 0.999999 6.51719e-07
0 0.000181077 0.999819
10 0.999992 8.25805e-06
10 0.99998 1.96524e-05
10 1 1e-07
10 0.998666 0.00133385
10 1 3.74822e-07
10 0.999805 0.000195413
10 0.91306 0.0869405
10 0.999938 6.2228e-05
10 0.999996 3.73762e-06
10 0.999883 0.000117398
0 0.000242481 0.999758
10 1 1e-07
10 0.999794 0.000206348
0 0.00355201 0.996448
10 0.999606 0.000394261
10 1 1e-07
10 0.999959 4.09703e-05
10 0.984904 0.0150962
10 0.999945 5.51043e-05
10 1 1.46004e-07
10 0.999871 0.000128808
10 0.999996 3.86078e-06
0 0.00184455 0.998155
10 1 1e-07
10 0.999997 2.99142e-06
10 0.999954 4.55681e-05
10 0.999989 1.07657e-05
10 1 1e-07
10 1 2.11589e-07
10 0.999999 5.79835e-07
10 0.998823 0.00117693
10 0.999268 0.000732216
10 1 1e-07
10 0.999844 0.000155906
10 0.999777 0.000222955
10 1 1e-07
10 0.997972 0.00202773
10 0.999877 0.000123459
10 0.999926 7.41056e-05
10 0.999982 1.82965e-05
10 0.999995 5.03658e-06
10 1 3.78306e-07
10 1 1e-07
10 1 1.62481e-07
10 0.999997 2.63477e-06
10 0.999999 1.48428e-06
10 0.997354 0.00264569
10 0.999769 0.000231271
10 1 2.22113e-07
0 0.000297963 0.999702
10 0.999607 0.000393174
0 0.000649263 0.999351
10 0.999996 4.30545e-06
10 0.999905 9.49496e-05
10 1 1e-07
10 0.999792 0.00020832
10 0.999632 0.000367722
10 1 1e-07
0 0.000721837 0.999278
10 0.999861 0.000138842
10 0.999953 4.67782e-05
10 1 1e-07
10 0.999995 4.88437e-06
0 0.00174273 0.998257
10 0.999999 1.47133e-06
10 0.999838 0.000162123
10 1 1.67931e-07
10 1 1e-07
10 0.999999 8.00264e-07
10 1 2.40115e-07
0 0.257682 0.742318
10 0.99991 8.95177e-05
10 0.809341 0.190659
10 0.997601 0.00239857
10 0.99693 0.00306984
0 0.00208517 0.997915
10 0.999654 0.000346037
10 0.999954 4.55618e-05
10 0.999963 3.7027e-05
10 0.999991 9.10137e-06
10 0.999749 0.000251378
0 0.00159103 0.998409
10 1 3.51639e-07
10 0.999854 0.000146497
10 0.999548 0.000451537
10 0.9992 0.000800169
10 0.999644 0.000355892
10 0.999959 4.11128e-05
10 0.999827 0.000172809
10 1 3.75419e-07
10 0.998222 0.00177764
10 1 1e-07
0 0.000245286 0.999755
10 0.999829 0.000170753
10 0.999917 8.33341e-05
10 0.999942 5.81786e-05
10 0.999825 0.000174942
10 1 1e-07
10 0.999999 1.48681e-06
10 0.999999 1.07012e-06
10 1 1e-07
10 0.999991 9.1639e-06
10 0.999989 1.08805e-05
10 1 1e-07
10 1 1e-07
10 0.999994 5.65379e-06
10 0.999998 2.21961e-06
10 1 1e-07
10 1 1e-07
10 0.998808 0.0011921
0 0.211697 0.788303
10 1 1.29146e-07
10 0.999992 8.22449e-06
0 0.000780901 0.999219
10 0.99986 0.000139809
10 0.999859 0.000141191
10 0.999982 1.76763e-05
10 0.999932 6.82917e-05
10 0.999838 0.000162163
10 1 1e-07
10 0.998631 0.00136854
0 0.00117305 0.998827
10 0.999737 0.000262711
10 1 1e-07
0 0.00624043 0.99376
10 0.999999 1.46991e-06
0 0.00580337 0.994197
10 0.999968 3.15821e-05
10 0.998545 0.00145543
10 0.999727 0.000273475
10 0.999572 0.00042806
10 1 1e-07
10 0.999177 0.000823408
10 1 1e-07
0 0.000544549 0.999455
0 1.54888e-05 0.999985
0 0.00247737 0.997523
10 0.999821 0.000179178
10 1 2.81064e-07
10 1 1e-07
10 0.999294 0.000705524
10 0.999935 6.53421e-05
10 0.999753 0.000246515
10 0.999684 0.000316493
10 1 1e-07
10 1 1e-07
0 0.000556049 0.999444
0 0.000394099 0.999606
10 0.999478 0.000521708
10 0.999935 6.5455e-05
10 0.999991 8.91029e-06
10 1 1e-07
10 1 1e-07
10 0.999999 9.06499e-07
10 0.999879 0.000121306
10 0.99866 0.00133961
0 5.79953e-05 0.999942
10 1 1e-07
10 0.99996 4.00413e-05
10 0.998953 0.00104668
10 0.999866 0.000134082
10 0.999972 2.7958e-05
10 0.999995 5.49795e-06
10 0.999991 8.51745e-06
10 0.998602 0.00139802
10 1 1e-07
10 1 1e-07
10 0.999681 0.000319395
10 0.998755 0.00124456
10 0.998766 0.00123417
0 0.000391584 0.999608
10 0.999978 2.23578e-05
10 1 1e-07
10 0.999999 6.54313e-07
10 0.999991 9.46147e-06
10 0.999999 9.13715e-07
10 0.999951 4.87219e-05
10 0.999736 0.000264234
10 1 1.73189e-07
10 0.99897 0.00102995
10 0.999992 7.83567e-06
10 0.999946 5.39613e-05
10 0.999959 4.05433e-05
10 0.998597 0.00140345
0 2.55051e-05 0.999974
0 5.35499e-06 0.999995
0 0.000730511 0.999269
10 1 1e-07
10 0.999961 3.8689e-05
10 0.999999 9.05873e-07
10 0.999915 8.45953e-05
10 0.999111 0.000888592
10 1 1e-07
10 0.999999 7.92456e-07
10 0.999979 2.11886e-05
10 1 1e-07
10 1 1.0453e-07
10 0.999973 2.74429e-05
10 0.999685 0.000314785
10 0.999947 5.29886e-05
10 0.999799 0.000201484
10 0.985669 0.0143315
10 0.999492 0.000508096
10 0.999999 9.9585e-07
10 1 1.59727e-07
10 1 1e-07
10 1 1e-07
0 0.00371868 0.996281
10 0.99994 5.97701e-05
10 0.999936 6.41327e-05
10 0.991292 0.00870825
10 0.999735 0.000265082
10 1 1e-07
10 0.999712 0.000288157
0 0.000868534 0.999131
10 1 1e-07
10 0.999876 0.00012399
10 0.999985 1.52531e-05
10 0.998465 0.00153486
10 0.99319 0.00680968
10 0.999967 3.28696e-05
10 1 1e-07
10 0.99991 9.03474e-05
10 0.999999 1.42804e-06
10 0.999926 7.36512e-05
10 0.999978 2.21282e-05
10 1 1e-07
10 0.999981 1.93932e-05
10 0.997007 0.00299343
10 1 1e-07
10 1 1e-07
10 1 1e-07
10 1 1e-07
10 0.999987 1.29177e-05
10 0.999994 6.00166e-06
10 0.999926 7.38392e-05
10 0.998727 0.00127322
10 0.999835 0.000164773
10 0.999895 0.000105147
10 1 1e-07
10 0.999998 1.8487e-06
0 0.0150202 0.98498
10 0.999983 1.6612e-05
10 1 1e-07
10 0.999997 3.04392e-06
10 0.999946 5.38691e-05
10 1 1e-07
10 1 1.84993e-07
10 1 1e-07
10 1 1e-07
10 0.999865 0.000134943
10 1 1e-07
10 0.999955 4.50122e-05
10 0.999792 0.00020775
10 1 1e-07
10 0.999988 1.15148e-05
10 1 1e-07
10 0.999698 0.000301915
10 1 1e-07
10 0.999964 3.59776e-05
10 0.998835 0.00116513
10 0.999785 0.000215322
10 0.999946 5.41637e-05
10 0.999972 2.78166e-05
10 0.999883 0.000117049
10 0.999994 5.50404e-06
10 0.999997 3.39921e-06
10 1 1e-07
10 1 3.03865e-07
10 1 1.85263e-07
10 1 1e-07
10 0.996792 0.0032077
10 0.999207 0.000793053
10 1 1e-07
10 0.999783 0.000216569
10 0.999301 0.000699402
10 0.999867 0.000132863
10 0.999997 2.65133e-06
10 1 1e-07
0 0.00116869 0.998831
10 0.99753 0.0024701
10 1 1e-07
10 0.999996 4.22693e-06
10 0.999989 1.10351e-05
10 0.99999 9.79286e-06
0 0.000374539 0.999625
10 0.998689 0.00131111
10 1 1e-07
10 0.998542 0.00145797
10 0.999843 0.000156614
10 1 1e-07
0 0.000210095 0.99979
10 0.999857 0.000142658
0 0.00901877 0.990981
10 1 1e-07
10 0.999578 0.000422109
10 0.999322 0.000677532
10 1 1e-07
10 1 1e-07
10 1 1.51683e-07
10 0.999983 1.67516e-05
10 0.999814 0.000186436
10 0.999951 4.91095e-05
10 0.999269 0.00073105
10 0.999964 3.62074e-05
10 1 1e-07
10 1 1e-07
10 0.99999 9.71282e-06
10 0.9995 0.000499617
10 0.999062 0.000938323
10 1 1.70498e-07
10 0.994307 0.00569293
10 0.999482 0.000517953
10 0.999577 0.000423133
10 0.999734 0.000266488
10 0.999996 4.4143e-06
10 0.999828 0.000172278
10 0.999219 0.000781306
10 0.990703 0.00929744
0 0.000310176 0.99969
0 9.19077e-05 0.999908
10 1 1e-07
10 0.999996 4.02663e-06
10 1 2.26713e-07
10 0.999973 2.74558e-05
10 0.999982 1.77599e-05
10 1 1e-07
10 1 1e-07
10 0.999975 2.5134e-05
10 0.997537 0.00246281
10 0.999952 4.8024e-05
10 0.999224 0.000776167
10 1 1e-07
10 1 1e-07
10 0.999994 6.41512e-06
10 1 1e-07
10 0.999999 6.35277e-07
10 0.999596 0.000404456
10 0.999376 0.000623618
10 0.999998 1.67165e-06
0 0.00404204 0.995958
10 0.99997 3.02584e-05
0 0.444742 0.555258
10 0.99998 2.02821e-05
10 0.996699 0.00330075
10 0.999999 8.64464e-07
10 0.985779 0.0142212
10 1 1e-07
10 1 1e-07
10 0.999615 0.000384863
10 1 1e-07
10 1 1e-07
10 0.999294 0.000706017
10 1 1e-07
10 0.999365 0.000635191
10 1 1e-07
10 0.998567 0.00143263
10 0.998933 0.00106738
10 0.999968 3.2143e-05
0 0.00463482 0.995365
10 0.999085 0.000915178
10 0.997699 0.0023007
10 0.99883 0.00116958
10 0.999985 1.50326e-05
10 0.999909 9.10849e-05
10 0.999899 0.000100712
10 1 1e-07
10 0.999978 2.19309e-05
10 0.999952 4.82221e-05
10 0.999957 4.32662e-05
10 0.999931 6.88231e-05
10 0.999994 5.81935e-06
10 0.999551 0.000449417
10 1 1e-07
0 0.000312709 0.999687
10 0.999991 9.23673e-06
10 0.999988 1.19605e-05
10 0.999918 8.22567e-05
10 0.99879 0.00120958
10 0.999874 0.000126397
10 0.99996 3.97802e-05
10 0.999929 7.12208e-05
10 0.999435 0.000565069
10 0.999924 7.62807e-05
10 0.999994 5.59934e-06
10 0.999999 5.45984e-07
10 0.999992 8.08069e-06
10 0.99714 0.00285966
10 0.998282 0.00171818
10 0.999674 0.000325835
10 1 2.01201e-07
0 0.00042725 0.999573
10 1 1e-07
10 1 1e-07
10 0.997958 0.00204165
10 0.9997 0.000300336
0 0.0153654 0.984635
10 1 2.75215e-07
10 0.999572 0.000428043
10 1 1e-07
10 0.999945 5.54625e-05
10 1 1e-07
10 0.999912 8.78199e-05
10 1 2.35728e-07
10 0.999947 5.34659e-05
10 0.999948 5.18618e-05
0 0.0145937 0.985406
10 1 1e-07
10 0.999882 0.000117599
10 0.99462 0.00537986
10 0.999231 0.000769138
10 0.999927 7.30519e-05
10 0.999999 7.55389e-07
10 0.99998 1.97633e-05
10 1 1e-07
10 0.999995 5.41192e-06
10 0.99975 0.000249662
10 0.998556 0.00144407
10 0.998773 0.00122665
10 0.999922 7.83231e-05
0 0.000154222 0.999846
10 1 1e-07
10 0.999981 1.8605e-05
10 1 1.75481e-07
10 0.999994 5.97039e-06
10 0.999995 5.46341e-06
10 0.999952 4.81264e-05
10 0.999601 0.000399248
10 0.999192 0.000808273
10 0.998224 0.00177641
10 0.999999 9.87772e-07
10 0.999997 2.99159e-06
10 0.999986 1.36934e-05
0 0.118108 0.881892
0 0.000899735 0.9991
10 1 1e-07
10 0.998982 0.00101826
10 0.99979 0.000209618
10 0.999946 5.40854e-05
10 0.999999 5.58714e-07
10 1 1e-07
10 0.999997 2.55334e-06
0 0.00118721 0.998813
10 0.999997 3.08247e-06
10 0.999961 3.92419e-05
10 1 1e-07
10 0.999961 3.87617e-05
10 0.999998 2.02707e-06
10 0.997482 0.00251816
10 0.999988 1.15656e-05
10 0.994803 0.00519717
10 1 1e-07
10 1 2.41342e-07
10 0.999996 3.87755e-06
10 1 1e-07
10 1 1e-07
0 0.00273528 0.997265
10 0.999522 0.000478256
10 1 3.39766e-07
10 0.999983 1.70613e-05
10 1 1e-07
10 1 1e-07
10 0.999994 6.21465e-06
10 0.997038 0.00296245
10 0.99995 5.01396e-05
0 0.00089449 0.999106
10 0.99945 0.000549583
10 0.999998 1.76954e-06
10 1 1e-07
10 0.999944 5.59336e-05
10 0.99994 5.97079e-05
10 1 1.42749e-07
0 0.00037865 0.999621
10 0.998397 0.00160266
10 1 1e-07
10 0.999999 5.56459e-07
10 0.999975 2.52056e-05
10 1 1e-07
10 0.998561 0.001439
10 0.998519 0.00148073
10 1 1e-07
10 1 1e-07
10 0.999928 7.19237e-05
10 0.999967 3.30051e-05
10 0.999442 0.000557793
10 0.999624 0.000375895
10 1 1.18571e-07
10 0.999813 0.000186849
10 0.998934 0.00106613
0 0.000139986 0.99986
10 0.999509 0.000491059
10 0.999967 3.25173e-05
10 1 3.90381e-07
10 0.999999 1.07594e-06
10 0.999993 7.08613e-06
10 0.999996 4.09191e-06
10 0.999999 1.24382e-06
10 0.999991 9.44534e-06
10 0.999914 8.61984e-05
10 0.999347 0.000652729
10 0.999939 6.13869e-05
0 0.0012025 0.998797
10 0.999883 0.000117155
10 0.999243 0.000756651
10 1 1e-07
10 0.995307 0.00469309
10 0.999728 0.000271737
10 0.999509 0.000491068
10 0.999987 1.25964e-05
10 0.999999 6.51895e-07
0 0.000292797 0.999707
10 0.999962 3.77969e-05
0 0.0011655 0.998835
10 0.999976 2.37317e-05
10 0.999984 1.55721e-05
0 0.00205786 0.997942
10 0.996023 0.00397716
10 1 2.58545e-07
10 1 1e-07
10 0.999825 0.000175165
10 0.998141 0.00185925
10 0.999775 0.000225191
10 1 2.08731e-07
10 0.999989 1.10217e-05
10 0.999194 0.000805612
0 0.00219524 0.997805
0 0.00294566 0.997054
10 0.999176 0.00082354
10 1 1e-07
10 0.999815 0.000184975
0 0.000218028 0.999782
10 0.999994 5.66943e-06
10 0.999189 0.000811068
10 1 1e-07
10 0.99972 0.00027976
10 1 1e-07
0 0.0019941 0.998006
10 0.999286 0.000713514
10 1 1e-07
10 0.99991 8.95052e-05
10 0.999183 0.000817208
10 1 1e-07
10 1 4.03552e-07
10 0.99447 0.00553017
10 0.99981 0.000190366
10 0.999996 4.39039e-06
10 0.999998 2.43929e-06
0 0.000435829 0.999564
10 0.999947 5.32069e-05
10 0.999964 3.57989e-05
10 1 1e-07
10 1 1e-07
10 1 1e-07
10 1 1e-07
10 0.999871 0.000128986
10 0.999979 2.06423e-05
10 0.999376 0.000624373
10 1 1e-07
10 1 1e-07
10 0.999997 3.35355e-06
10 0.999954 4.64047e-05
10 0.99995 4.96021e-05
10 0.99987 0.000130242
10 0.999862 0.000137909
10 1 1e-07
10 0.999978 2.18308e-05
10 0.999986 1.3761e-05
10 1 1e-07
10 0.999998 2.18909e-06
10 0.999998 1.88648e-06
10 0.99996 3.99529e-05
10 0.999937 6.26084e-05
10 1 1e-07
10 1 1e-07
10 0.951088 0.0489121
10 0.999988 1.18439e-05
10 0.99995 5.00342e-05
10 0.999999 5.80985e-07
10 0.999974 2.62305e-05
10 1 1e-07
10 1 1e-07
10 0.999997 3.38277e-06
0 0.000163972 0.999836
10 1 1e-07
10 0.998167 0.00183349
10 0.999724 0.000275574
10 0.999802 0.000198191
10 0.999925 7.50801e-05
0 0.000192624 0.999807
10 0.80731 0.19269
10 1 1e-07
10 0.999655 0.000344804
10 0.999967 3.30013e-05
10 0.799145 0.200855
10 1 1.82926e-07
10 0.999939 6.11471e-05
10 1 1e-07
10 0.999991 9.10448e-06
10 1 1e-07
10 0.999979 2.08266e-05
10 0.998735 0.00126477
0 0.0119028 0.988097
10 0.999992 7.69907e-06
10 1 1e-07
10 1 1e-07
10 1 2.18456e-07
10 0.999868 0.000131604
10 1 1e-07
10 0.999999 9.23364e-07
10 0.999928 7.24796e-05
10 0.999744 0.000255761
10 0.999999 1.24948e-06
10 0.996552 0.00344794
10 0.999993 6.96887e-06
10 1 1e-07
0 1.23969e-05 0.999988
10 0.999986 1.36737e-05
10 1 1e-07
10 0.999524 0.000476009
10 0.99989 0.000109726
10 0.999242 0.000758128
10 0.999989 1.06962e-05
10 0.999998 2.2259e-06
10 0.999564 0.000436012
10 0.997727 0.00227283
10 0.999955 4.52356e-05
10 1 1e-07
10 0.999966 3.40366e-05
10 1 1e-07
10 1 1e-07
10 0.999986 1.41336e-05
10 0.999849 0.00015089
10 0.999999 9.45595e-07
10 0.999837 0.000163494
10 0.999999 5.4319e-07
10 0.999364 0.000636117
10 0.999809 0.00019116
0 0.00027083 0.999729
10 0.89039 0.10961
10 0.999664 0.00033597
0 0.00139187 0.998608
10 0.999961 3.91567e-05
10 1 1e-07
10 0.999952 4.78345e-05
10 1 1e-07
10 1 1e-07
10 1 1e-07
10 0.999946 5.43401e-05
10 1 1e-07
10 1 1e-07
10 0.999756 0.000244489
10 0.999932 6.77362e-05
10 0.854117 0.145883
10 0.999976 2.40526e-05
10 0.99955 0.000450299
10 0.999944 5.61643e-05
0 1.45379e-05 0.999985
10 0.999999 1.208e-06
10 1 1.04023e-07
10 0.999991 9.22486e-06
10 0.999848 0.000151729
10 0.999986 1.41102e-05
10 0.999992 8.02143e-06
10 1 1.05137e-07
10 0.999999 6.23993e-07
10 0.999998 2.34098e-06
0 0.0043339 0.995666
10 0.999929 7.05999e-05
10 1 1e-07
10 1 1e-07
0 0.00015375 0.999846
10 0.999999 5.95969e-07
10 1 1e-07
10 0.999757 0.000243288
10 0.99998 2.02445e-05
0 1.1587e-05 0.999988
10 0.999895 0.000104902
10 0.999825 0.000174552
10 0.999965 3.47542e-05
0 0.000380467 0.99962
10 0.99992 8.01574e-05
10 0.999827 0.000173269
10 0.99671 0.0032904
10 0.999966 3.40916e-05
10 0.999998 2.43613e-06
10 0.999999 1.05775e-06
10 0.999997 2.70347e-06
10 0.999974 2.63706e-05
0 0.000404434 0.999596
10 0.999895 0.000105432
10 1 1e-07
10 1 1e-07
10 0.999999 9.70368e-07
10 1 1e-07
10 0.999826 0.000174424
10 0.999732 0.000268022
10 1 1e-07
10 1 1e-07
10 0.999986 1.43906e-05
10 0.999958 4.16802e-05
10 1 3.42188e-07
10 0.999929 7.07701e-05
10 0.999685 0.000315319
10 1 1e-07
10 0.997936 0.00206388
10 1 1e-07
10 0.999971 2.90985e-05
0 6.38758e-05 0.999936
10 0.999981 1.85544e-05
10 0.999999 1.35514e-06
0 0.000499326 0.999501
10 0.999997 3.19778e-06
10 1 1e-07
10 0.999619 0.000380845
10 1 1e-07
10 0.994451 0.00554904
10 0.981354 0.0186462
0 0.00115392 0.998846
10 1 1e-07
10 1 4.02108e-07
10 0.999993 6.58964e-06
0 0.00262529 0.997375
10 0.999998 1.99526e-06
10 0.999923 7.68413e-05
10 0.999999 1.20122e-06
10 0.997265 0.00273484
10 0.999956 4.37269e-05
10 1 1e-07
10 1 1e-07
10 0.999778 0.000221595
0 0.0206871 0.979313
10 0.999961 3.93322e-05
10 0.999875 0.000124504
10 0.999731 0.000269133
10 1 1e-07
10 1 1e-07
10 1 2.67599e-07
10 0.999819 0.000180861
10 0.999655 0.000345416
10 0.999988 1.20517e-05
10 1 1e-07
10 0.999999 9.26627e-07
10 1 1e-07
10 1 1e-07
10 0.999901 9.89453e-05
0 0.000648221 0.999352
10 0.999571 0.000429109
10 1 1e-07
10 0.999918 8.16403e-05
10 1 1e-07
0 0.00230946 0.997691
10 0.999978 2.15656e-05
10 0.997524 0.00247624
10 0.999975 2.46314e-05
10 0.99912 0.00087965
10 0.999453 0.000546666
10 0.99974 0.000260021
10 1 1e-07
10 0.999778 0.000222354
0 0.000108814 0.999891
10 0.999755 0.000244956
10 1 1e-07
10 0.999881 0.000119007
10 1 1e-07
10 0.999939 6.1367e-05
10 0.999993 6.81107e-06
10 1 1e-07
10 1 4.22444e-07
10 0.999834 0.000165718
10 0.998707 0.00129253
10 0.999811 0.000188607
10 0.999952 4.799e-05
10 1 1e-07
10 0.999971 2.87937e-05
10 0.999984 1.62369e-05
10 0.999938 6.17135e-05
10 0.999978 2.22353e-05
10 0.999892 0.000108017
10 1 1.65955e-07
10 1 1e-07
10 0.998831 0.0011691
10 0.999877 0.000123441
10 0.999953 4.74989e-05
10 0.999761 0.000238845
10 0.999508 0.000491512
0 0.000717368 0.999283
10 0.99954 0.000460269
10 0.999999 1.10834e-06
10 1 1e-07
10 0.999973 2.74758e-05
10 1 1e-07
10 1 1e-07
10 0.999979 2.12021e-05
0 5.65614e-05 0.999943
10 1 1e-07
10 1 1.00059e-07
10 0.99927 0.000730425
10 0.999996 3.72943e-06
10 0.999922 7.81016e-05
10 1 1e-07
10 0.999519 0.000481305
10 1 1e-07
10 0.999938 6.21068e-05
10 0.999974 2.59671e-05
10 0.999928 7.17742e-05
10 0.999984 1.56925e-05
10 0.999381 0.000619026
10 0.999957 4.32651e-05
10 0.999998 1.87474e-06
10 0.99974 0.000259751
10 0.99996 3.9557e-05
10 1 1e-07
10 0.99984 0.000160295
10 0.999904 9.59997e-05
10 1 1e-07
10 0.999881 0.000118637
10 1 2.48302e-07
10 0.999982 1.8394e-05
10 1 1e-07
10 1 3.92305e-07
10 1 4.90827e-07
10 0.999995 4.63554e-06
10 1 1e-07
10 1 1e-07
0 0.00165532 0.998345
10 0.999631 0.00036852
10 0.999693 0.00030707
10 0.999876 0.000124222
10 0.999067 0.000933097
10 1 1e-07
10 0.999992 7.97493e-06
0 0.000120806 0.999879
10 1 1e-07
10 1 1e-07
10 1 1e-07
10 1 1e-07
10 0.999716 0.000283716
0 0.00786869 0.992131
10 1 1e-07
10 0.999708 0.000291746
10 0.999815 0.000185454
10 0.999998 1.68352e-06
10 0.9996 0.000400221
10 0.999597 0.000403232
10 0.999998 2.3357e-06
10 0.999931 6.94179e-05
10 0.992365 0.00763507
10 0.999857 0.000143014
10 1 1e-07
0 0.00262751 0.997372
10 0.999816 0.000183633
10 0.998456 0.00154352
10 0.999977 2.31199e-05
10 0.999936 6.38821e-05
10 0.999998 2.21582e-06
10 1 1e-07
10 0.999861 0.000138555
10 0.999848 0.000152361
10 0.999484 0.00051623
10 1 1.30773e-07
10 0.999791 0.000208561
10 0.999883 0.000116502
10 0.999983 1.73663e-05
10 0.999955 4.53053e-05
10 0.995549 0.0044511
10 1 1e-07
0 0.000228355 0.999772
10 1 1e-07
10 0.999977 2.29156e-05
10 0.999999 6.39414e-07
0 0.000434238 0.999566
10 0.999675 0.000325462
10 1 1e-07
10 0.912343 0.0876572
10 1 1e-07
10 0.997094 0.00290599
10 0.999911 8.898e-05
10 1 1.82378e-07
10 0.999998 2.12882e-06
10 1 1e-07
10 0.999919 8.11778e-05
10 0.999999 7.70297e-07
10 0.999999 1.1081e-06
0 0.000110864 0.999889
10 0.999882 0.000118367
10 0.999906 9.3693e-05
10 1 1e-07
10 1 1e-07
10 0.999999 6.38321e-07
10 0.999848 0.000151694
10 0.999997 2.53596e-06
10 0.991461 0.00853936
10 0.999992 7.55682e-06
10 1 1e-07
10 0.999998 2.28815e-06
10 1 1e-07
10 1 1.76556e-07
10 0.999828 0.000171533
0 0.00291375 0.997086
10 0.999482 0.000518344
10 0.999807 0.000193046
10 0.999302 0.000697908
10 0.999915 8.46895e-05
10 0.999854 0.000145759
10 1 1e-07
10 0.997935 0.00206469
10 0.99999 1.04845e-05
10 1 1e-07
10 1 1e-07
10 0.999954 4.63449e-05
0 2.01301e-05 0.99998
10 1 1e-07
10 0.99741 0.00258969
0 0.00054342 0.999457
10 1 1e-07
10 0.999981 1.88595e-05
10 0.999534 0.000466406
10 0.999948 5.23009e-05
10 0.999785 0.000215087
10 1 1e-07
10 0.999463 0.000537494
10 1 1e-07
10 0.999284 0.000716089
10 0.999994 5.63502e-06
10 0.999995 5.40496e-06
0 2.23585e-05 0.999978
10 1 1e-07
10 0.999959 4.10535e-05
10 1 1e-07
10 0.999981 1.8939e-05
10 0.978148 0.0218516
10 1 1e-07
10 0.999985 1.50614e-05
10 0.999954 4.55023e-05
10 0.99857 0.00143004
10 1 1e-07
10 0.999962 3.77475e-05
10 0.999946 5.40809e-05
0 0.0743988 0.925601
10 0.99986 0.000139666
0 0.00321229 0.996788
10 0.999988 1.20254e-05
0 0.0041094 0.995891
10 0.999359 0.000640744
10 0.999893 0.000106598
10 0.999815 0.000185151
10 0.999973 2.72728e-05
10 1 1e-07
10 1 1e-07
10 0.999998 1.59359e-06
10 0.999829 0.000170555
0 0.000956027 0.999044
10 1 1e-07
10 0.999792 0.000208223
10 1 1e-07
10 0.999629 0.000370643
10 0.999837 0.000162875
10 0.999998 1.55811e-06
0 8.64353e-05 0.999914
10 1 1e-07
10 0.999988 1.19287e-05
10 0.999911 8.86625e-05
10 1 1e-07
10 1 1e-07
10 0.999998 2.1628e-06
10 1 1e-07
10 1 1.34893e-07
10 1 1e-07
10 0.999596 0.000404001
0 0.000588756 0.999411
10 0.998884 0.00111629
10 1 1e-07
10 0.999913 8.65905e-05
10 0.999949 5.07766e-05
10 0.999996 4.20239e-06
0 0.000625469 0.999375
10 0.999893 0.000107024
0 8.115e-06 0.999992
10 1 1e-07
10 0.99996 4.0055e-05
10 0.999532 0.000468188
10 0.999997 3.2359e-06
10 1 1e-07
10 0.999959 4.13319e-05
10 0.999999 5.86556e-07
10 0.970066 0.0299341
10 0.999534 0.000466362
10 0.99994 5.97534e-05
10 0.999022 0.000977502
10 0.999588 0.000411666
0 0.0282913 0.971709
10 0.999969 3.11597e-05
10 0.999839 0.000160964
0 0.00364207 0.996358
10 0.999988 1.1717e-05
10 0.981535 0.0184653
10 0.99998 2.04075e-05
10 1 1e-07
10 0.999306 0.000693705
10 0.999946 5.41501e-05
10 0.999995 5.43853e-06
10 1 3.85076e-07
10 0.999999 1.03183e-06
10 1 1e-07
10 0.999997 2.86223e-06
10 0.999573 0.000426903
10 1 1e-07
10 1 1e-07
10 0.999982 1.77267e-05
10 0.999999 1.27662e-06
10 0.999712 0.00028819
10 1 1.62804e-07
10 0.999928 7.18001e-05
10 0.999972 2.75443e-05
10 0.998824 0.00117551
10 1 1e-07
10 1 1e-07
10 0.99996 3.9811e-05
0 0.000183293 0.999817
10 0.991765 0.00823486
10 0.999974 2.61229e-05
10 1 1e-07
10 0.99992 8.00589e-05
10 0.997233 0.00276693
10 0.99991 9.03095e-05
10 1 1e-07
10 0.999942 5.78406e-05
10 0.999629 0.000371117
10 0.999863 0.000137459
10 0.999998 2.41086e-06
10 0.999518 0.000482437
0 0.000714509 0.999285
10 0.999916 8.39215e-05
0 5.3496e-05 0.999947
10 1 1e-07
10 1 1e-07
10 0.999999 1.41243e-06
10 0.999999 1.23026e-06
10 0.995592 0.00440779
10 0.999997 3.4432e-06
10 1 1e-07
10 0.999996 3.84046e-06
10 1 1e-07
10 1 1e-07
10 0.999985 1.50407e-05
10 0.999982 1.7971e-05
10 0.999943 5.65268e-05
10 0.999999 6.06184e-07
10 0.999978 2.18498e-05
10 1 1e-07
10 1 1e-07
10 0.999833 0.000167486
10 0.999903 9.7422e-05
10 1 1e-07
0 1.11197e-05 0.999989
10 1 1e-07
10 0.999094 0.000905571
10 0.999805 0.000194816
10 0.999871 0.000129266
10 1 1e-07
10 0.999654 0.000346365
10 0.999996 4.1323e-06
10 1 1e-07
10 0.999996 4.18718e-06
10 0.999999 1.04519e-06
10 1 1e-07
10 0.999997 2.74417e-06
10 1 1e-07
10 1 1.57554e-07
10 1 1e-07
10 0.999967 3.30725e-05
10 0.999974 2.61576e-05
10 0.999612 0.000388281
10 1 1e-07
10 0.999528 0.000471626
10 0.999999 1.43773e-06
10 0.999943 5.67542e-05
10 0.999977 2.32469e-05
10 0.9999 9.99268e-05
10 0.999998 2.08735e-06
10 0.999931 6.91957e-05
0 0.00450956 0.99549
10 0.999063 0.000936687
0 0.00930971 0.99069
10 0.998832 0.001168
10 0.999998 2.3559e-06
0 0.00151517 0.998485
10 1 1e-07
10 0.999734 0.000266096
10 0.999994 6.09937e-06
0 0.0102999 0.9897
10 0.998775 0.00122514
10 0.998258 0.00174207
0 0.0170959 0.982904
0 0.000919884 0.99908
10 1 1e-07
10 0.999971 2.94585e-05
10 0.999066 0.00093401
10 0.999991 9.05908e-06
10 1 1e-07
10 0.999731 0.000268844
10 1 1e-07
10 0.999478 0.000521663
10 0.993489 0.00651052
0 0.00277213 0.997228
10 0.996216 0.00378392
10 1 1e-07
0 0.000977551 0.999022
10 1 1e-07
10 1 1e-07
10 1 1e-07
10 0.99972 0.000279698
10 0.999635 0.000365159
10 0.999717 0.000282722
10 1 1e-07
10 1 1e-07
10 1 3.78187e-07
10 1 1e-07
10 0.999958 4.16783e-05
0 0.000744817 0.999255
10 1 1e-07
10 0.999801 0.000199125
10 1 1e-07
10 0.998893 0.0011074
10 0.999766 0.000233868
10 1 1e-07
10 1 1e-07
10 0.99971 0.000290337
10 1 1e-07
0 0.000337004 0.999663
10 0.999336 0.000664207
10 1 1e-07
0 9.74945e-05 0.999903
10 0.999856 0.000144039
10 1 1e-07
0 0.000996831 0.999003
10 0.999789 0.000210651
10 0.998315 0.00168477
10 0.999989 1.07489e-05
0 0.000319594 0.99968
10 0.999978 2.17025e-05
10 0.999975 2.45174e-05
10 0.999951 4.90101e-05
10 0.99973 0.000269953
10 0.999622 0.000378348
10 1 4.81949e-07
10 0.993429 0.00657109
10 0.999989 1.11645e-05
10 0.999957 4.28266e-05
10 0.999365 0.000634754
0 0.000371058 0.999629
10 0.99993 6.98954e-05
10 0.999927 7.30494e-05
10 1 1e-07
10 1 1e-07
10 0.999127 0.000872619
10 0.999592 0.000407763
10 1 1e-07
10 0.999984 1.63866e-05
10 1 1e-07
0 0.000155796 0.999844
0 0.000315174 0.999685
10 0.999997 2.95996e-06
10 1 4.78581e-07
10 0.999934 6.55499e-05
0 0.000195148 0.999805
10 0.999999 8.24114e-07
10 0.99878 0.00122002
10 0.999989 1.06656e-05
10 0.999999 1.14032e-06
10 0.999789 0.00021102
10 1 1e-07
10 0.999975 2.45145e-05
10 0.999973 2.66131e-05
10 0.999823 0.000176706
10 0.999998 2.07603e-06
10 0.999933 6.74645e-05
10 0.999897 0.000102506
10 1 1e-07
10 0.998717 0.001283
0 0.000508802 0.999491
10 0.998404 0.00159648
10 1 1e-07
10 0.99994 5.96352e-05
10 0.998781 0.0012192
10 0.999996 4.38711e-06
10 0.998516 0.00148444
10 1 1.48366e-07
10 0.999937 6.34725e-05
10 0.9997 0.000299719
10 0.995982 0.0040175
0 0.0278058 0.972194
0 0.00177414 0.998226
10 1 1e-07
10 1 1e-07
10 0.999959 4.05578e-05
0 0.000379722 0.99962
10 0.999934 6.64454e-05
10 0.99814 0.00186036
0 0.000480072 0.99952
10 0.999978 2.1963e-05
10 0.999985 1.50569e-05
10 1 1e-07
10 0.999795 0.000204548
10 1 1e-07
10 0.999985 1.51589e-05
10 0.996819 0.00318072
10 1 1e-07
10 0.999984 1.63862e-05
10 0.999999 6.9101e-07
10 0.998359 0.00164135
10 0.999993 6.52946e-06
10 0.999932 6.8345e-05
10 0.999685 0.000314563
10 0.999994 5.84047e-06
10 0.999881 0.000119398
10 0.999841 0.000158647
10 0.999795 0.000205484
10 0.999661 0.000338505
10 0.999999 9.81076e-07
10 0.999999 1.30541e-06
0 0.000371632 0.999628
10 0.999998 2.29134e-06
10 1 1e-07
10 0.999873 0.000127257
0 0.0100419 0.989958
10 0.999662 0.000338035
10 0.999697 0.000303072
10 0.999947 5.3148e-05
10 0.999923 7.66197e-05
10 0.999996 4.36315e-06
10 1 1e-07
10 0.999996 3.91552e-06
10 0.99796 0.0020395
10 0.999778 0.000221725
0 0.00513334 0.994867
10 0.999966 3.35374e-05
10 0.999993 6.54059e-06
10 1 1e-07
10 0.999957 4.26927e-05
10 0.999867 0.000132943
10 0.999962 3.80728e-05
10 0.999944 5.6037e-05
10 0.999997 3.37056e-06
10 1 1.4036e-07
10 0.98785 0.0121498
0 0.093078 0.906922
10 0.999821 0.000179495
10 0.999999 1.36036e-06
10 1 1e-07
10 0.999996 4.17081e-06
0 0.0014437 0.998556
10 0.999897 0.000102873
10 0.999885 0.000114957
10 0.99896 0.00103964
10 1 3.52199e-07
10 0.999316 0.000684242
10 1 1e-07
10 0.999845 0.000154818
10 0.9997 0.000300287
10 0.999719 0.00028072
10 1 4.47107e-07
10 0.999996 4.08926e-06
10 0.999947 5.32918e-05
10 0.999108 0.000891569
10 1 4.34321e-07
10 0.999983 1.74748e-05
10 0.999934 6.62182e-05
10 0.999664 0.000335867
10 1 1e-07
10 1 1e-07
10 0.999997 3.04371e-06
10 0.999999 7.54166e-07
10 0.999544 0.000456116
10 0.999634 0.000365611
10 0.993385 0.00661472
10 1 1e-07
10 0.998019 0.0019815
10 1 2.17365e-07
0 0.000336791 0.999663
10 0.99313 0.00686997
10 0.997718 0.00228229
10 0.999639 0.000361031
10 0.999554 0.000445619
10 1 1e-07
10 0.999999 7.52996e-07
10 0.999439 0.000561324
10 0.999999 9.12314e-07
10 1 1e-07
0 0.0036818 0.996318
10 0.999952 4.82782e-05
10 1 1e-07
10 0.999918 8.17556e-05
10 0.989776 0.0102237
10 0.999842 0.000157782
10 1 1e-07
10 0.999949 5.10917e-05
10 1 1e-07
10 1 1e-07
10 1 1e-07
10 0.999925 7.50836e-05
10 0.999993 7.34646e-06
10 0.999993 7.38862e-06
10 0.999989 1.07281e-05
0 0.00727976 0.99272
10 0.999992 8.21874e-06
10 0.999516 0.000483681
10 0.99916 0.000840312
10 0.999849 0.000150724
10 1 1e-07
10 0.999929 7.10746e-05
10 0.999804 0.000196152
10 0.993993 0.00600671
10 0.999982 1.82144e-05
10 0.997669 0.00233108
10 0.999854 0.000146268
10 0.999693 0.000306604
10 1 1e-07
10 0.997335 0.00266512
10 0.999727 0.000272815
10 1 1e-07
0 0.00169241 0.998308
10 1 1e-07
10 0.99999 1.03126e-05
10 0.999925 7.48411e-05
10 0.996478 0.00352172
10 0.998857 0.00114349
10 0.998784 0.00121596
10 0.999237 0.000762862
10 0.999841 0.0001595
0 0.179953 0.820047
10 1 1e-07
10 1 1e-07
10 1 1e-07
10 0.99978 0.000219778
10 0.999888 0.000111702
10 0.999984 1.60391e-05
10 0.999978 2.20907e-05
10 1 2.85051e-07
10 0.999945 5.45271e-05
10 1 1e-07
0 0.00117977 0.99882
10 0.999859 0.000140712
10 1 1e-07
10 0.999931 6.93731e-05
10 1 1e-07
10 1 1e-07
10 0.999998 1.76376e-06
0 0.141337 0.858663
10 0.999973 2.66937e-05
10 0.999955 4.535e-05
10 0.998422 0.00157802
10 0.999907 9.31046e-05
10 0.999986 1.40375e-05
10 1 1e-07
0 0.00033431 0.999666
10 0.999989 1.13359e-05
10 0.999997 2.74529e-06
10 0.999374 0.000625855
10 1 3.54827e-07
10 0.999963 3.68405e-05
10 1 1e-07
10 0.999915 8.50207e-05
10 0.999973 2.69777e-05
10 1 1e-07
0 0.000109008 0.999891
10 0.999998 1.52978e-06
10 0.999983 1.66169e-05
10 1 1e-07
10 1 1e-07
10 1 1e-07
10 0.999542 0.00045844
10 1 1e-07
10 1 1e-07
10 1 1e-07
10 0.998596 0.00140366
10 0.99852 0.00148025
10 0.999875 0.000124972
10 1 1e-07
10 1 1e-07
10 1 1e-07
0 0.00208743 0.997913
10 0.999885 0.000114883
10 1 1e-07
10 0.999634 0.000366365
10 0.999992 8.49543e-06
10 0.99863 0.00136964
10 1 1e-07
10 0.999983 1.68572e-05
10 0.999997 2.86327e-06
10 1 1e-07
10 1 1e-07
10 1 1.51016e-07
10 1 1e-07
10 0.99994 6.03124e-05
10 0.999401 0.000598821
10 1 2.87673e-07
10 0.999996 3.61635e-06
10 1 1e-07
10 0.998677 0.00132284
10 0.999842 0.000157946
10 0.9996 0.000400402
10 0.999966 3.37496e-05
10 0.999948 5.20856e-05
10 1 1e-07
10 0.997632 0.00236842
10 0.999504 0.000495953
10 1 1e-07
10 1 1e-07
10 0.999805 0.000195144
10 0.999976 2.42718e-05
10 1 1e-07
10 0.999841 0.000158878
10 0.999985 1.49662e-05
0 0.000826597 0.999173
10 1 1.61846e-07
10 1 1e-07
10 1 1e-07
0 0.00247171 0.997528
10 0.99951 0.000490444
10 0.999999 5.0794e-07
10 0.999943 5.6907e-05
10 0.999996 3.59153e-06
10 1 2.36181e-07
10 1 1e-07
10 0.999983 1.73194e-05
10 1 1e-07
10 0.999994 6.34825e-06
10 1 3.2774e-07
10 0.999835 0.000164914
0 0.00267835 0.997322
10 0.999278 0.000722189
10 0.999982 1.81547e-05
10 0.999727 0.000273052
10 1 1e-07
10 0.999961 3.88647e-05
10 0.999999 7.14369e-07
0 0.000787275 0.999213
10 0.999992 7.96146e-06
10 0.999901 9.91642e-05
10 0.999679 0.000321265
0 0.000983171 0.999017
0 0.00195495 0.998045
10 0.999979 2.06397e-05
0 0.00783605 0.992164
10 1 1e-07
10 1 1e-07
10 0.999994 6.48353e-06
10 0.99998 2.02051e-05
10 0.99998 1.99652e-05
10 0.999532 0.000467952
10 1 1.14945e-07
10 0.998762 0.00123842
0 0.000121649 0.999878
0 0.000308469 0.999692
0 0.00165832 0.998342
10 0.999712 0.000287966
0 0.31439 0.68561
10 0.999998 1.67425e-06
10 0.999999 7.44389e-07
10 0.999651 0.000349191
10 1 1e-07
10 0.997995 0.00200501
10 0.999543 0.000456722
10 0.998949 0.00105105
10 0.999413 0.000587178
10 0.999944 5.62813e-05
10 0.999988 1.24484e-05
10 0.999929 7.08806e-05
10 0.999998 2.35405e-06
10 0.99999 1.00926e-05
10 0.999985 1.46905e-05
10 0.999857 0.000142897
10 0.998094 0.00190628
10 0.999846 0.000153747
0 0.00434447 0.995656
10 0.999904 9.56548e-05
10 1 1e-07
10 1 1e-07
10 0.999961 3.94548e-05
10 0.99989 0.000110355
10 0.999995 5.00536e-06
10 1 1e-07
10 0.999998 1.95255e-06
10 0.999925 7.54543e-05
10 0.999993 7.38063e-06
10 0.999948 5.17899e-05
10 0.999999 5.32586e-07
10 1 1e-07
0 0.000375889 0.999624
10 0.99992 8.01462e-05
10 1 1e-07
10 0.999992 7.6412e-06
10 0.999901 9.85336e-05
10 0.999998 2.035e-06
10 0.999803 0.000197427
10 0.998367 0.0016329
0 0.188365 0.811635
10 0.999804 0.0001961
10 0.999866 0.000133976
10 0.999988 1.1525e-05
10 0.99996 3.97876e-05
10 0.999998 1.55079e-06
0 0.000514918 0.999485
10 0.999879 0.000120666
10 1 1.38022e-07
10 0.999652 0.000348132
10 0.998405 0.00159529
10 1 1e-07
10 0.999966 3.39145e-05
10 0.999973 2.74986e-05
10 1 4.62724e-07
10 0.999999 5.96543e-07
10 1 1.14562e-07
10 0.999889 0.000111188
10 0.999846 0.000153692
10 1 1e-07
10 0.99998 2.01842e-05
10 0.999938 6.18479e-05
0 0.000423109 0.999577
10 0.999956 4.36896e-05
10 0.997493 0.00250719
10 0.999888 0.000112412
10 0.999559 0.000441392
10 1 1e-07
10 0.999465 0.000535098
10 0.999996 4.42302e-06
0 0.000205284 0.999795
10 0.999997 3.08774e-06
10 0.997431 0.00256888
0 0.00134315 0.998657
10 1 1e-07
10 0.999979 2.12345e-05
10 1 1e-07
0 0.00223428 0.997766
10 0.999615 0.000385105
10 0.999974 2.57512e-05
10 0.999995 4.81638e-06
10 0.99972 0.000280012
10 0.999965 3.54102e-05
0 0.000472828 0.999527
10 1 1.20869e-07
10 1 1.04763e-07
10 1 1e-07
10 1 1.09597e-07
10 0.999737 0.000262709
10 1 1e-07
10 0.999405 0.000595241
10 0.999966 3.38262e-05
10 0.99979 0.000210254
10 0.99994 5.96996e-05
0 3.23216e-05 0.999968
10 1 1e-07
10 0.998141 0.00185886
10 1 1e-07
10 0.999834 0.000166104
10 0.999998 2.16398e-06
10 0.999999 5.81476e-07
10 0.999931 6.91206e-05
10 0.999967 3.30057e-05
10 0.999999 7.89078e-07
0 0.00803118 0.991969
10 0.998267 0.00173343
10 0.999993 7.06356e-06
10 1 3.20739e-07
10 0.999663 0.000336716
10 0.993362 0.00663801
10 0.999927 7.28001e-05
10 0.998855 0.00114492
10 0.999919 8.06349e-05
10 0.999999 7.34828e-07
10 0.999909 9.12166e-05
10 0.999964 3.64558e-05
10 0.999856 0.000144167
10 1 1e-07
10 1 1e-07
10 0.999975 2.53241e-05
10 0.999998 1.50642e-06
10 0.999977 2.29138e-05
10 0.999941 5.9494e-05
10 1 1e-07
10 0.999773 0.00022686
10 1 1.61031e-07
10 0.999921 7.87319e-05
10 0.99986 0.000140439
10 1 1e-07
10 0.999643 0.000356524
10 0.999977 2.30677e-05
10 0.998881 0.00111893
10 0.993921 0.00607868
10 0.999464 0.000536277
10 1 1e-07
10 0.999983 1.67629e-05
0 0.000844839 0.999155
10 0.940675 0.059325
10 0.999971 2.90583e-05
10 0.999749 0.000251371
10 0.999987 1.34921e-05
10 0.998 0.00199976
10 1 4.94594e-07
10 1 1e-07
10 0.999961 3.91097e-05
10 0.999777 0.000222883
0 0.00157893 0.998421
10 1 1e-07
10 0.999941 5.89463e-05
10 1 1e-07
10 0.998332 0.00166792
10 1 1e-07
10 0.999882 0.000117929
0 0.00110149 0.998899
10 0.999459 0.000541277
10 0.999339 0.00066129
10 1 1e-07
10 0.999965 3.4824e-05
10 1 1e-07
0 0.00270601 0.997294
10 0.999999 1.43293e-06
10 1 1e-07
10 0.999999 1.28909e-06
10 1 1e-07
10 0.99989 0.000110105
10 0.999996 3.59553e-06
10 0.999998 1.78881e-06
10 0.999335 0.000664801
10 0.999971 2.91684e-05
10 1 1e-07
10 1 2.95213e-07
10 0.999999 9.3192e-07
0 0.000217012 0.999783
10 0.999996 3.56235e-06
10 1 1e-07
10 1 1e-07
10 0.999925 7.53283e-05
10 1 1e-07
10 1 3.73834e-07
10 1 1e-07
0 0.00701286 0.992987
10 0.999414 0.000586458
10 0.998697 0.001303
10 1 1e-07
10 0.999982 1.80704e-05
10 0.997539 0.00246127
10 1 1e-07
10 1 1e-07
10 0.999369 0.000631386
10 0.999599 0.000400541
10 1 1e-07
10 0.99988 0.000119855
10 1 1e-07
10 0.998936 0.00106377
10 0.999982 1.77025e-05
10 0.997999 0.00200131
10 0.99945 0.000549617
10 1 1e-07
10 1 1e-07
10 0.99996 3.99096e-05
10 1 1e-07
10 1 1e-07
10 0.999915 8.4962e-05
10 0.999496 0.000504454
10 1 3.64292e-07
10 0.999994 6.464e-06
10 0.999935 6.4705e-05
10 0.999981 1.93183e-05
10 0.999991 9.12452e-06
10 1 2.37193e-07
10 0.999994 6.38701e-06
10 0.999977 2.25387e-05
10 0.999658 0.000342257
10 1 1e-07
0 0.0282061 0.971794
10 0.998947 0.00105324
10 1 1e-07
10 1 2.96033e-07
10 0.999696 0.000304141
10 0.999998 2.42935e-06
10 0.999986 1.40696e-05
10 0.999991 9.13803e-06
10 0.999715 0.000285126
10 0.999989 1.15e-05
10 0.997058 0.0029418
10 1 4.79575e-07
10 0.999565 0.000434584
10 0.99731 0.00268982
10 0.999999 6.51467e-07
10 0.995925 0.00407477
10 0.998329 0.00167071
10 0.999999 1.47141e-06
0 0.00653205 0.993468
0 0.00694865 0.993051
10 1 1e-07
10 0.999539 0.00046053
10 0.99968 0.00031997
10 1 1e-07
10 0.99996 4.01064e-05
10 0.999999 1.28467e-06
10 0.999918 8.18872e-05
10 0.999901 9.86021e-05
10 0.999996 3.87414e-06
10 0.999986 1.37423e-05
10 0.999997 2.61358e-06
0 0.00126022 0.99874
10 1 1e-07
0 0.000578882 0.999421
10 0.99998 2.0285e-05
10 0.999871 0.000128843
10 0.999979 2.08993e-05
10 0.999901 9.87287e-05
10 0.999802 0.000197572
10 0.999994 6.16035e-06
10 1 1e-07
10 0.994808 0.00519246
10 0.999816 0.00018379
10 1 1e-07
10 0.999972 2.81849e-05
10 1 1e-07
10 1 1e-07
10 1 1e-07
10 0.999981 1.91921e-05
10 0.999473 0.000527183
0 1.94953e-05 0.999981
10 0.99994 6.03352e-05
10 0.999953 4.71675e-05
10 0.999832 0.000168108
10 1 1e-07
10 0.999969 3.07355e-05
10 1 1e-07
10 1 1e-07
10 1 1e-07
10 0.999635 0.000365469
10 0.99534 0.00466018
0 0.0849129 0.915087
10 0.99994 5.95025e-05
10 1 1.52041e-07
10 0.999996 3.9443e-06
10 1 1e-07
10 1 1e-07
10 1 1e-07
10 0.998679 0.00132112
10 1 1e-07
10 0.999859 0.000141351
10 0.999978 2.21437e-05
10 0.999505 0.000495061
10 0.999938 6.22413e-05
10 0.999951 4.91732e-05
10 0.998959 0.00104137
10 1 1e-07
10 1 1e-07
10 1 1e-07
10 0.999991 9.29554e-06
10 1 1e-07
10 1 1e-07
10 0.999934 6.61196e-05
10 0.999986 1.44964e-05
10 0.999993 7.18143e-06
10 1 2.7679e-07
0 0.00218872 0.997811
10 0.999303 0.000696776
10 0.999985 1.45052e-05
10 0.999182 0.000817644
0 0.000580155 0.99942
10 0.999999 1.18936e-06
10 0.999969 3.05739e-05
0 0.00464624 0.995354
10 0.999996 3.88192e-06
10 0.999973 2.72559e-05
10 1 1e-07
10 1 1e-07
10 1 1e-07
10 0.999777 0.000222594
10 0.99975 0.000250172
10 0.999994 5.99166e-06
10 0.996974 0.00302638
10 0.999172 0.00082782
10 1 1e-07
0 0.000365005 0.999635
10 0.999945 5.45248e-05
10 1 1e-07
10 0.999988 1.18184e-05
10 0.999707 0.00029291
10 0.999991 8.77445e-06
10 1 1e-07
10 0.998913 0.00108651
10 0.998299 0.00170093
0 0.028247 0.971753
10 0.999163 0.000836821
10 0.999904 9.61502e-05
0 0.00411731 0.995883
10 0.999999 7.24474e-07
10 0.998345 0.00165451
10 1 1e-07
10 0.999698 0.000302194
0 0.00331826 0.996682
10 0.999958 4.22552e-05
10 1 1e-07
10 0.997425 0.00257502
10 1 1e-07
10 0.999618 0.000381509
10 1 1e-07
10 1 1.08279e-07
10 0.999942 5.78578e-05
10 0.999794 0.000206409
10 1 1e-07
10 1 1e-07
10 0.99927 0.000730346
10 0.99578 0.00421963
10 0.999999 8.23186e-07
10 0.999995 5.48461e-06
0 0.0335101 0.96649
10 1 1e-07
0 0.00101443 0.998986
10 0.999995 4.9849e-06
10 0.999995 4.58683e-06
10 1 1e-07
0 0.000250063 0.99975
10 0.999638 0.000361947
10 0.99989 0.000109551
10 0.999996 4.22033e-06
10 0.998229 0.0017708
10 0.999824 0.000175843
10 1 1e-07
10 0.999941 5.85129e-05
10 1 1e-07
10 0.999962 3.75193e-05
10 0.999943 5.74805e-05
10 0.998746 0.00125391
10 1 1e-07
10 0.999935 6.54104e-05
0 0.00116238 0.998838
10 1 1e-07
10 1 1e-07
10 0.999854 0.000145747
10 0.999873 0.000126875
10 1 1e-07
10 0.999884 0.000115605
10 0.999999 1.45136e-06
10 0.999969 3.09768e-05
10 0.999935 6.52617e-05
10 0.99994 6.04103e-05
10 1 1e-07
10 0.999904 9.55319e-05
10 0.999999 8.18938e-07
10 0.998103 0.00189737
10 0.999831 0.000168661
10 1 3.4424e-07
10 0.986454 0.013546
10 0.998256 0.00174437
10 0.999985 1.47494e-05
10 0.999252 0.000748313
10 1 1e-07
10 0.999983 1.69535e-05
0 0.000116123 0.999884
10 0.999993 7.21045e-06
10 0.999997 2.97959e-06
10 0.999999 9.49628e-07
10 1 1e-07
10 1 1e-07
10 0.997722 0.00227813
10 0.999982 1.8329e-05
10 0.999799 0.000200826
10 0.999998 2.16524e-06
10 0.999991 8.57128e-06
10 0.999943 5.71979e-05
0 1.92094e-05 0.999981
10 0.999931 6.85372e-05
10 0.999985 1.51228e-05
10 0.999416 0.000584007
10 0.999996 3.81376e-06
0 0.000148526 0.999851
10 0.999634 0.000365764
10 0.999975 2.46394e-05
10 1 1e-07
10 0.999943 5.65154e-05
10 1 1e-07
0 0.00146123 0.998539
10 0.99787 0.00213046
10 0.999975 2.50321e-05
10 0.997817 0.00218291
10 0.998586 0.00141447
10 0.999964 3.59615e-05
10 1 1.42055e-07
10 1 1.13997e-07
10 1 1e-07
10 0.96183 0.0381698
10 0.999979 2.10889e-05
10 0.997568 0.0024316
0 0.000391494 0.999609
10 0.999552 0.000448448
10 0.999951 4.88549e-05
0 0.000140748 0.999859
10 0.999978 2.21706e-05
10 1 1e-07
10 0.998671 0.00132948
0 4.8563e-05 0.999951
10 1 1e-07
10 0.999206 0.000794161
10 0.99995 5.01019e-05
10 1 1.13605e-07
10 0.999534 0.000465959
10 0.999669 0.000331254
10 0.999972 2.84185e-05
0 0.000353811 0.999646
0 0.00223841 0.997762
0 0.000952816 0.999047
10 1 1e-07
10 0.99976 0.000240214
10 0.999932 6.78069e-05
10 0.999867 0.000132827
10 0.999979 2.07241e-05
10 0.999934 6.59323e-05
10 0.995394 0.00460602
10 0.999976 2.37727e-05
10 0.999963 3.67347e-05
0 0.00229144 0.997709
10 1 1e-07
10 0.999994 5.70412e-06
10 1 1e-07
10 1 2.22146e-07
10 0.999978 2.18013e-05
0 0.000110253 0.99989
0 0.000942594 0.999057
10 0.999851 0.000148578
10 0.995843 0.00415725
10 0.99986 0.000140143
10 1 1e-07
10 0.999547 0.000453393
10 0.995555 0.00444497
10 0.999985 1.54428e-05
10 1 3.10246e-07
10 1 1e-07
10 1 1e-07
10 1 1e-07
0 0.0157884 0.984212
10 0.999988 1.19077e-05
10 0.998596 0.00140384
10 0.998732 0.00126772
10 0.999728 0.000272051
10 0.997291 0.00270938
10 0.999997 2.76631e-06
10 0.999801 0.000199249
10 0.99998 1.9894e-05
10 0.999914 8.56328e-05
10 1 1e-07
10 0.999788 0.000212474
10 0.999993 7.43824e-06
10 0.999996 3.61094e-06
10 0.999998 1.90702e-06
10 0.996877 0.00312333
10 0.999928 7.17369e-05
10 0.999635 0.00036502
10 0.999986 1.35686e-05
10 1 1.00361e-07
10 1 1e-07
10 1 1e-07
10 0.999591 0.000408755
10 0.999948 5.19089e-05
10 1 3.79634e-07
10 0.999731 0.000269414
10 0.999996 3.71766e-06
10 0.999998 1.58274e-06
10 0.999881 0.000119463
10 1 1e-07
10 0.999512 0.000488428
10 1 1.62538e-07
10 0.999977 2.32484e-05
0 0.000249876 0.99975
10 0.999956 4.37199e-05
10 0.999909 9.11435e-05
10 1 2.66168e-07
10 1 1e-07
10 1 2.38961e-07
10 0.996422 0.00357814
10 0.993971 0.00602907
10 0.998139 0.00186136
10 0.999885 0.000115486
10 0.999977 2.29319e-05
10 0.999998 1.59984e-06
10 1 1e-07
10 1 1e-07
10 1 1e-07
10 0.999997 3.03839e-06
10 0.998525 0.00147498
10 0.999891 0.000109212
10 1 1e-07
0 9.9163e-05 0.999901
10 0.999734 0.000265924
10 0.999992 7.76889e-06
10 0.999768 0.000231562
10 0.999729 0.000271456
10 1 1e-07
10 1 1e-07
10 0.999983 1.74865e-05
10 0.999778 0.000222447
0 0.000729193 0.999271
10 1 1e-07
10 0.999574 0.000426171
10 0.999963 3.7179e-05
10 1 1e-07
10 0.99929 0.000709918
10 0.999997 2.63279e-06
10 1 1e-07
10 0.999947 5.30562e-05
10 0.999997 2.78032e-06
10 0.999969 3.06816e-05
10 0.9991 0.000900112
0 0.000766102 0.999234
10 0.999988 1.22441e-05
10 0.999997 2.80928e-06
10 0.999971 2.94178e-05
10 0.998879 0.00112063
10 0.997356 0.00264363
0 0.0153002 0.9847
10 0.999873 0.000126975
10 1 1e-07
10 0.999837 0.000163446
10 0.999264 0.000735833
0 0.000275412 0.999725
10 0.999853 0.000146791
10 0.999947 5.25763e-05
10 0.989485 0.0105149
10 0.999746 0.000254181
10 0.998153 0.00184653
10 0.9982 0.0017997
10 0.999999 7.50201e-07
10 0.999949 5.07598e-05
10 0.998801 0.0011993
10 0.999996 4.05708e-06
10 0.999287 0.0007127
10 0.999991 8.68325e-06
10 0.999988 1.23011e-05
10 1 1e-07
10 0.999991 8.90691e-06
10 1 1e-07
10 0.999908 9.21858e-05
10 0.999864 0.000135914
10 1 1e-07
10 0.999998 1.81645e-06
10 0.999998 1.69841e-06
10 0.99994 6.04247e-05
10 1 1e-07
10 1 1e-07
10 0.999999 8.00444e-07
10 0.999941 5.85019e-05
10 0.999994 5.85314e-06
10 0.999075 0.000925123
10 1 1e-07
10 0.999967 3.25783e-05
10 0.99972 0.000279533
10 0.999999 1.08774e-06
10 1 1e-07
10 0.999933 6.71912e-05
10 0.999711 0.000289126
10 0.99997 3.01515e-05
10 0.999987 1.31549e-05
10 1 1e-07
10 1 4.17762e-07
10 0.999693 0.000306978
10 1 1e-07
10 0.986719 0.0132815
10 1 3.31029e-07
10 0.999999 1.25446e-06
10 1 1e-07
10 0.999989 1.10233e-05
10 0.999987 1.34278e-05
10 1 1e-07
10 1 1e-07
10 1 4.4912e-07
10 0.999736 0.000264286
10 0.996777 0.00322256
10 1 1e-07
10 0.999999 7.04362e-07
10 0.999877 0.000123476
10 1 1e-07
10 0.999867 0.000133471
10 0.997488 0.00251195
10 1 1e-07
10 0.998899 0.00110134
10 0.99951 0.000489681
10 0.999942 5.82588e-05
10 1 1.22889e-07
10 1 3.00772e-07
10 1 1e-07
10 0.999947 5.29319e-05
10 0.999996 3.74046e-06
10 0.999962 3.78962e-05
10 0.999899 0.000101117
10 0.997091 0.00290939
10 0.999115 0.000884591
10 0.999639 0.000360507
10 1 1e-07
10 1 1e-07
10 0.999913 8.69749e-05
10 0.999861 0.000138924
10 0.999865 0.000134639
10 1 3.96868e-07
10 0.999982 1.78399e-05
10 1 1e-07
10 0.99908 0.000919983
10 0.999998 1.7162e-06
10 1 1e-07
10 1 1e-07
10 1 1e-07
10 0.999989 1.10901e-05
10 1 1e-07
10 0.999938 6.19576e-05
10 0.999993 7.23819e-06
10 0.999937 6.33706e-05
10 0.999995 5.00434e-06
10 0.999456 0.000543576
10 0.999472 0.000528002
10 0.999088 0.000912077
10 1 1.67223e-07
10 0.999966 3.40486e-05
10 0.999201 0.000798906
10 0.999753 0.000246937
10 1 1e-07
10 0.999762 0.000237571
10 0.991859 0.00814056
10 0.999656 0.000343863
10 0.998054 0.00194556
10 0.999778 0.000221686
10 1 1e-07
10 1 1e-07
10 0.999944 5.63198e-05
10 0.998522 0.00147832
10 0.999944 5.62732e-05
10 0.999859 0.000140531
10 0.999867 0.000132547
10 1 1e-07
10 0.99889 0.00111008
10 0.999843 0.000157322
10 1 1e-07
10 0.999956 4.42808e-05
10 0.999986 1.3693e-05
10 0.999371 0.00062863
10 0.999517 0.000483197
0 0.000167332 0.999833
10 0.999995 5.31925e-06
10 0.998603 0.00139723
10 1 2.21669e-07
10 0.999986 1.38154e-05
10 1 1e-07
10 0.998578 0.00142219
10 0.999992 7.68256e-06
10 0.999445 0.000554555
10 0.993862 0.0061379
10 1 1e-07
10 0.999998 1.75272e-06
10 1 1e-07
10 1 1e-07
10 0.988105 0.0118952
10 0.999987 1.34122e-05
10 1 1e-07
10 0.999972 2.80963e-05
10 0.999395 0.000604749
10 1 1e-07
10 0.999979 2.07293e-05
10 0.999942 5.76424e-05
10 0.999027 0.00097272
10 1 1e-07
10 0.999958 4.19639e-05
10 0.999827 0.000173362
10 0.999913 8.65604e-05
10 0.999976 2.39297e-05
10 0.999992 7.92875e-06
0 0.00101478 0.998985
10 0.999869 0.000130594
10 0.999982 1.7565e-05
10 0.999912 8.75049e-05
10 0.999693 0.000306707
10 1 1.13917e-07
10 1 1e-07
0 0.00441103 0.995589
0 0.000304113 0.999696
10 1 3.92428e-07
10 0.999958 4.19901e-05
10 1 1e-07
10 0.999713 0.000286828
10 0.999841 0.000159298
10 1 1e-07
10 0.998629 0.00137144
10 0.999988 1.16624e-05
10 0.996936 0.00306429
0 0.000502285 0.999498
0 0.000658624 0.999341
10 0.999702 0.000297899
