labels 1 0
0 0.381851 0.618149
0 0.377507 0.622493
0 0.0830413 0.916959
1 0.774058 0.225942
1 0.90137 0.0986296
1 0.994325 0.00567505
0 0.0099025 0.990097
1 0.999915 8.50271e-05
1 0.999917 8.32079e-05
1 0.515463 0.484537
1 0.946707 0.0532929
0 1.23628e-06 0.999999
1 0.999992 8.39175e-06
0 6.58665e-05 0.999934
1 0.990856 0.00914411
1 0.770389 0.229611
1 0.999581 0.000419278
1 0.999982 1.82398e-05
0 1.63501e-07 1
0 0.340549 0.659451
1 0.933806 0.0661941
0 0.0120653 0.987935
1 0.955206 0.0447944
1 0.966656 0.0333437
0 0.113476 0.886524
0 7.82086e-05 0.999922
0 0.191416 0.808584
0 3.84874e-06 0.999996
0 0.329698 0.670302
1 0.999622 0.000378264
1 0.998889 0.00111146
1 0.999804 0.000196191
1 0.723145 0.276855
0 1.59966e-05 0.999984
1 0.77782 0.22218
1 0.999996 4.14468e-06
1 0.998982 0.00101753
0 5.28705e-05 0.999947
1 0.999991 9.0601e-06
1 0.997576 0.00242439
0 0.144669 0.855331
0 0.234808 0.765192
1 0.824169 0.175831
0 0.37311 0.62689
0 8.81125e-07 0.999999
0 0.116237 0.883763
1 0.988056 0.0119441
0 0.122332 0.877668
1 0.988337 0.0116626
1 0.967332 0.0326679
1 0.999997 3.41051e-06
1 0.98443 0.0155702
1 0.99803 0.00197002
0 0.26566 0.73434
1 0.997622 0.00237806
1 0.994971 0.00502881
1 0.996052 0.0039475
0 0.427339 0.572661
0 4.83306e-06 0.999995
0 0.00974123 0.990259
0 5.94078e-05 0.999941
1 0.641762 0.358238
0 0.208534 0.791466
1 0.999579 0.000420716
1 0.73031 0.26969
1 0.930811 0.0691892
1 0.987625 0.0123748
0 5.54286e-05 0.999945
1 0.999997 3.0303e-06
1 0.999949 5.09328e-05
0 0.460106 0.539894
1 0.999707 0.000292617
1 0.996977 0.00302273
1 0.990743 0.00925735
1 0.997581 0.00241875
0 0.459039 0.540961
1 0.546178 0.453822
1 0.856232 0.143768
0 4.64035e-05 0.999954
0 0.446596 0.553404
0 1.30787e-06 0.999999
0 4.75871e-07 1
0 0.423696 0.576304
1 0.983832 0.0161678
1 0.996136 0.0038639
1 0.995895 0.00410541
1 0.975756 0.0242442
0 2.84854e-06 0.999997
1 0.734701 0.265299
0 1.95922e-06 0.999998
1 0.560154 0.439846
1 0.975766 0.0242344
1 0.996785 0.00321529
1 0.99115 0.00884995
1 0.974141 0.0258592
1 0.99883 0.00117005
0 1.08468e-05 0.999989
1 0.922932 0.0770685
1 0.962262 0.0377384
1 0.899958 0.100042
0 0.373712 0.626288
1 0.982219 0.0177807
0 0.00205375 0.997946
1 0.997892 0.00210817
1 0.981386 0.0186139
1 0.830041 0.169959
1 0.999895 0.000104592
1 0.998909 0.00109063
1 0.999732 0.000268123
1 0.984843 0.0151574
1 0.990962 0.00903829
1 0.999387 0.000613276
1 0.982734 0.0172662
1 0.979934 0.0200661
1 0.97639 0.0236102
1 0.98971 0.0102903
0 0.326729 0.673271
1 0.995481 0.00451933
1 0.806976 0.193024
1 0.987341 0.0126587
1 0.98509 0.0149096
1 0.744209 0.255791
1 0.988501 0.011499
1 0.995716 0.004284
0 0.000112028 0.999888
1 0.997424 0.00257603
1 0.752269 0.247731
0 0.000116956 0.999883
0 1.96962e-05 0.99998
1 0.989657 0.0103431
1 0.572855 0.427145
1 0.998127 0.00187297
0 0.0953974 0.904603
1 0.995855 0.00414503
1 0.525123 0.474877
1 0.99993 6.98307e-05
0 0.078198 0.921802
0 1.22897e-05 0.999988
1 0.999963 3.67363e-05
1 0.999995 5.09713e-06
0 0.000155617 0.999844
1 0.999712 0.000287887
1 0.997252 0.00274771
0 1.43229e-05 0.999986
1 0.528622 0.471378
1 0.977724 0.022276
1 0.999999 1.39493e-06
1 0.9958 0.00419953
0 0.0689561 0.931044
1 0.687884 0.312116
0 0.000102872 0.999897
1 0.999551 0.000449209
1 0.996036 0.00396369
1 0.978119 0.0218811
1 0.982282 0.0177175
1 0.983246 0.0167542
1 0.978494 0.0215065
0 0.0480275 0.951972
0 0.272204 0.727796
1 0.99999 9.53573e-06
1 0.997855 0.0021454
1 0.995696 0.00430373
1 0.997877 0.00212255
0 5.00707e-06 0.999995
1 0.999771 0.000228645
1 0.710933 0.289067
1 1 1e-07
1 0.999976 2.35379e-05
0 2.31589e-06 0.999998
1 0.999608 0.000392262
1 0.999914 8.60953e-05
1 0.991932 0.00806791
0 0.267577 0.732423
1 0.535302 0.464698
0 0.0148892 0.985111
1 0.565004 0.434996
1 0.999596 0.000404117
1 1 1.80341e-07
1 0.725469 0.274531
0 3.19442e-07 1
1 0.818287 0.181713
1 0.987823 0.0121767
1 0.845893 0.154107
0 3.17555e-06 0.999997
1 0.99999 9.99297e-06
1 0.774057 0.225943
1 0.986753 0.0132471
0 4.9009e-06 0.999995
1 0.5782 0.4218
0 0.184363 0.815637
1 0.989514 0.0104864
1 0.997458 0.00254151
1 0.999623 0.000376735
1 0.733235 0.266765
1 0.992188 0.00781208
1 0.794363 0.205637
0 2.13525e-05 0.999979
1 0.999425 0.000574783
0 1.96585e-06 0.999998
0 0.312735 0.687265
1 0.99685 0.00314985
1 0.9883 0.0117002
1 0.971089 0.0289106
1 0.925783 0.0742167
1 0.981973 0.0180272
1 0.998302 0.00169764
1 0.829263 0.170737
1 0.995987 0.00401345
0 2.51353e-06 0.999997
1 0.999489 0.000510737
1 0.985605 0.0143953
1 0.888067 0.111933
1 0.539118 0.460882
1 0.999375 0.000624512
1 0.996243 0.0037573
1 0.990337 0.00966312
1 0.999996 4.25583e-06
1 0.937352 0.0626482
1 0.664417 0.335583
0 0.216955 0.783045
0 0.00184812 0.998152
1 0.998985 0.00101503
1 0.551855 0.448145
1 0.976499 0.023501
1 0.99633 0.00367033
1 0.533284 0.466716
0 0.00125462 0.998745
1 0.999077 0.000922858
1 0.998852 0.00114845
1 0.994779 0.00522131
1 0.620096 0.379904
1 0.999983 1.68042e-05
0 0.000268453 0.999732
1 0.972579 0.0274209
1 0.996376 0.00362443
1 0.99989 0.000110452
0 0.0626601 0.93734
1 0.808429 0.191571
1 0.834335 0.165665
0 0.28105 0.71895
1 0.996578 0.00342222
0 1e-07 1
1 0.999417 0.000583231
1 0.999721 0.000278834
1 0.999763 0.000237433
1 0.938837 0.0611632
1 0.911934 0.0880659
1 0.500554 0.499446
1 0.998094 0.001906
1 0.971725 0.0282751
1 0.995011 0.0049892
1 0.999825 0.000174599
0 0.331205 0.668795
1 0.979553 0.0204467
1 0.629104 0.370896
0 3.92856e-05 0.999961
1 0.990277 0.0097234
1 0.552913 0.447087
1 0.949129 0.0508713
1 0.99845 0.00155007
0 0.0273717 0.972628
1 0.836642 0.163358
0 0.0448471 0.955153
1 0.934812 0.0651883
1 0.999974 2.61725e-05
0 3.23799e-05 0.999968
1 0.998141 0.0018592
1 0.982859 0.0171415
1 0.972969 0.0270313
0 8.59139e-06 0.999991
1 0.970691 0.0293092
1 0.568841 0.431159
1 0.999578 0.000421661
1 0.942947 0.0570534
1 0.991029 0.00897084
1 0.996122 0.0038783
0 0.0356103 0.96439
1 0.996482 0.00351843
1 0.985761 0.0142386
1 0.999657 0.000342942
1 0.997697 0.00230271
1 0.998432 0.00156777
1 0.999391 0.000608997
1 0.993419 0.00658057
0 8.83476e-06 0.999991
0 0.000201435 0.999799
1 0.998068 0.00193246
0 0.00526456 0.994735
1 0.99556 0.00444046
1 0.977661 0.0223386
1 0.999745 0.000254877
1 0.998751 0.00124884
0 3.49695e-05 0.999965
1 0.997052 0.00294807
1 0.998986 0.00101383
0 0.000380541 0.999619
0 0.000783294 0.999217
1 0.999992 8.14513e-06
1 0.985241 0.0147586
1 0.992462 0.00753751
1 0.999833 0.000166797
1 0.660431 0.339569
1 0.944906 0.0550945
0 4.35254e-06 0.999996
0 0.0357386 0.964261
0 0.483427 0.516573
1 0.99866 0.00133982
0 0.433604 0.566396
1 0.999849 0.000150869
0 0.00312859 0.996871
0 0.434573 0.565427
1 0.928944 0.071056
1 0.998163 0.00183741
1 0.589021 0.410979
1 0.999819 0.000180873
0 0.268235 0.731765
0 9.71352e-06 0.99999
1 0.975747 0.0242529
0 0.0223564 0.977644
1 0.953652 0.0463481
1 0.999938 6.23572e-05
0 2.30686e-06 0.999998
1 0.978046 0.0219538
1 0.999971 2.86985e-05
1 0.820692 0.179308
1 0.989779 0.0102213
1 0.996388 0.00361205
1 0.677456 0.322544
0 0.147152 0.852848
0 0.261256 0.738744
1 0.999988 1.2394e-05
0 0.366541 0.633459
1 0.969652 0.0303482
1 0.993243 0.00675655
0 0.036295 0.963705
1 0.590731 0.409269
1 0.999709 0.000290622
1 0.998487 0.00151257
1 0.997969 0.00203063
1 0.999284 0.000715693
1 0.527855 0.472145
0 0.312695 0.687305
0 3.73629e-05 0.999963
0 0.142259 0.857741
1 0.978726 0.0212744
1 0.999741 0.000258782
1 0.999666 0.000333867
0 0.00761662 0.992383
1 0.999829 0.00017085
0 0.107672 0.892328
0 0.0501643 0.949836
1 0.999231 0.000768565
1 0.999297 0.00070252
1 0.99247 0.00752954
1 0.985395 0.0146049
1 0.775773 0.224227
0 0.470408 0.529592
1 0.999991 9.02189e-06
0 0.113195 0.886805
1 0.913476 0.0865242
1 0.997745 0.00225539
1 0.997697 0.00230342
1 0.958385 0.0416152
1 0.994132 0.00586785
1 0.968545 0.0314552
1 0.999893 0.000106921
1 0.97811 0.0218903
1 0.973084 0.0269164
1 0.905765 0.0942354
0 8.87771e-06 0.999991
0 0.390687 0.609313
0 3.38317e-06 0.999997
1 1 1.76336e-07
1 0.928793 0.0712074
1 0.999211 0.000789002
1 0.810494 0.189506
0 0.000201601 0.999798
0 0.0409449 0.959055
0 0.0138772 0.986123
1 0.721572 0.278428
1 0.974461 0.0255392
1 0.999789 0.000210759
1 0.506271 0.493729
1 0.999277 0.000722987
1 0.991349 0.00865052
0 0.028455 0.971545
1 0.944049 0.0559508
0 0.000519607 0.99948
1 0.999993 6.84624e-06
0 0.201504 0.798496
0 0.000399272 0.999601
1 0.977405 0.0225947
1 0.999465 0.000535472
1 0.999931 6.93671e-05
1 0.99995 4.98151e-05
1 0.999999 1.28949e-06
1 0.929884 0.0701157
0 0.19037 0.80963
1 0.664563 0.335437
1 0.997093 0.00290684
1 0.971909 0.0280912
0 0.000480738 0.999519
1 0.999995 5.22289e-06
1 0.999953 4.69645e-05
1 0.810003 0.189997
1 0.999884 0.000115875
1 0.999805 0.000195138
1 0.997927 0.0020731
1 0.999962 3.79108e-05
1 0.997013 0.0029866
1 0.999021 0.00097859
1 0.999528 0.000471502
1 0.994427 0.00557297
1 0.999278 0.000721985
1 0.999774 0.000225717
0 0.00249662 0.997503
0 0.000181247 0.999819
1 0.973868 0.0261323
0 0.106876 0.893124
1 0.999972 2.75529e-05
1 0.880038 0.119962
0 0.0869736 0.913026
0 0.0774667 0.922533
1 0.999932 6.76017e-05
1 0.912827 0.0871731
1 0.957201 0.0427987
0 2.21179e-05 0.999978
0 0.143139 0.856861
1 0.995057 0.00494276
0 3.42024e-06 0.999997
1 0.968539 0.0314606
1 0.997543 0.00245715
1 0.999961 3.86902e-05
0 0.21078 0.78922
0 0.0265336 0.973466
1 0.999436 0.000564345
1 0.988638 0.0113623
1 0.573082 0.426918
1 0.896941 0.103059
0 9.11174e-05 0.999909
1 0.981931 0.0180695
1 0.999872 0.000127851
1 0.999954 4.58334e-05
1 0.945661 0.0543387
1 0.984235 0.0157653
1 0.989375 0.0106254
1 0.982575 0.0174248
0 0.099631 0.900369
1 0.999362 0.000638079
1 0.934015 0.0659854
1 0.984224 0.0157759
0 0.0049329 0.995067
1 0.999898 0.00010212
0 0.0196933 0.980307
1 0.999698 0.000301921
0 0.163336 0.836664
0 2.85129e-05 0.999971
1 0.562295 0.437705
1 0.895987 0.104013
1 0.918751 0.081249
0 2.39581e-06 0.999998
1 0.999803 0.000196956
1 0.999997 3.10575e-06
1 0.96529 0.0347095
1 0.999862 0.000137605
0 0.199271 0.800729
1 0.999956 4.36394e-05
0 1.36028e-05 0.999986
1 0.982379 0.0176207
0 0.116278 0.883722
1 0.980473 0.0195272
1 0.977834 0.0221663
1 0.962303 0.0376969
1 0.985117 0.0148829
1 0.949737 0.050263
0 0.0566631 0.943337
0 0.00211933 0.997881
0 0.459401 0.540599
1 0.996093 0.0039074
1 0.998557 0.00144304
1 0.827183 0.172817
1 0.999153 0.000847214
1 0.994993 0.00500691
1 0.981304 0.0186955
1 0.999487 0.000512711
1 0.921507 0.0784931
0 0.00106811 0.998932
1 0.999943 5.71456e-05
1 0.999684 0.000315939
1 0.99998 1.99387e-05
1 1 3.21207e-07
1 0.993873 0.00612745
1 0.999293 0.000706577
0 0.132339 0.867661
1 0.998156 0.00184372
1 0.999195 0.000804666
1 0.999987 1.29092e-05
1 0.999662 0.000337604
1 0.997726 0.00227422
1 0.914832 0.0851676
1 0.99395 0.00605017
1 0.99995 5.02288e-05
1 0.999883 0.000116593
1 0.992879 0.00712122
0 0.0258144 0.974186
1 0.968202 0.0317976
1 0.99798 0.00202032
1 0.801861 0.198139
0 0.366841 0.633159
0 1.77755e-05 0.999982
1 0.999215 0.000785335
1 0.998712 0.00128773
1 0.999945 5.4738e-05
0 0.232712 0.767288
1 0.971024 0.0289763
1 0.996926 0.00307424
1 0.994791 0.00520921
0 0.000295037 0.999705
1 0.995111 0.0048894
1 0.796077 0.203923
0 0.00084471 0.999155
0 3.09976e-06 0.999997
1 0.997644 0.00235574
0 0.0187617 0.981238
1 0.997953 0.0020469
1 0.795647 0.204353
0 7.49914e-07 0.999999
1 0.896252 0.103748
1 0.999802 0.000198354
1 0.983056 0.0169436
1 0.991482 0.00851757
1 0.974283 0.0257167
1 0.997091 0.00290862
1 0.999348 0.000652496
1 0.99999 1.02624e-05
1 0.993677 0.00632348
1 0.781351 0.218649
0 1.89645e-06 0.999998
0 3.15928e-07 1
1 0.993122 0.00687847
1 0.999527 0.000473008
1 0.998751 0.00124919
1 0.749776 0.250224
0 0.326829 0.673171
1 0.845102 0.154898
0 0.420642 0.579358
1 0.951029 0.0489714
1 0.99999 1.03409e-05
0 2.9163e-06 0.999997
1 0.845508 0.154492
1 0.939212 0.0607881
0 1e-07 1
1 0.956811 0.043189
1 0.954981 0.0450188
1 0.783801 0.216199
0 0.467409 0.532591
1 0.981001 0.0189991
1 0.992217 0.00778325
0 0.000116111 0.999884
0 0.0274424 0.972558
0 0.0387415 0.961258
1 0.956578 0.0434216
0 4.75374e-07 1
1 0.952259 0.0477412
1 0.999928 7.24764e-05
0 0.486856 0.513144
0 0.0593825 0.940617
1 0.553567 0.446433
1 0.999973 2.73253e-05
1 0.998315 0.00168487
1 0.999173 0.000826934
0 0.0448534 0.955147
0 0.00211421 0.997886
1 0.990664 0.00933565
1 0.992771 0.00722932
1 0.998789 0.00121064
1 0.998744 0.00125613
1 0.990942 0.00905816
0 0.00503988 0.99496
1 0.999811 0.000188661
1 0.998734 0.00126642
1 0.999789 0.000211277
1 0.946257 0.0537432
1 0.814557 0.185443
0 1.61164e-05 0.999984
1 0.952113 0.0478875
0 8.41232e-05 0.999916
0 0.0698188 0.930181
1 0.986679 0.0133207
1 0.999705 0.000295314
1 0.999942 5.75168e-05
1 0.578207 0.421793
0 0.484648 0.515352
0 0.00091848 0.999082
1 0.999502 0.000498185
0 2.51709e-05 0.999975
1 0.998217 0.00178317
1 0.644058 0.355942
0 0.124453 0.875547
0 0.0433992 0.956601
0 0.00467438 0.995326
1 0.984654 0.0153457
0 0.262351 0.737649
1 0.969254 0.0307459
1 0.999585 0.000415216
1 0.999696 0.000304383
1 0.999705 0.000295143
1 0.901878 0.0981219
0 0.109693 0.890307
1 0.988117 0.0118825
1 0.900328 0.0996724
1 0.958494 0.0415062
1 0.987596 0.0124043
0 0.460828 0.539172
0 4.06439e-05 0.999959
1 0.999239 0.00076089
1 0.998164 0.00183579
1 0.999917 8.33343e-05
0 1e-07 1
0 0.459427 0.540573
0 0.000368198 0.999632
0 0.289153 0.710847
0 0.00482729 0.995173
0 3.47984e-06 0.999997
1 0.996042 0.0039577
1 0.787239 0.212761
0 0.0677239 0.932276
0 0.021667 0.978333
1 0.994319 0.00568118
1 0.99922 0.000780018
1 0.999869 0.000131032
0 1.61039e-06 0.999998
1 0.611937 0.388063
0 5.67785e-05 0.999943
1 0.994355 0.00564517
1 0.563071 0.436929
0 1e-07 1
1 0.998947 0.00105283
1 0.996174 0.00382596
1 0.949288 0.0507124
1 0.783362 0.216638
0 0.00381748 0.996183
1 0.998327 0.0016733
1 0.9987 0.00130045
1 0.99957 0.000429629
1 0.999564 0.00043561
0 1e-07 1
1 0.987519 0.0124806
1 0.999832 0.000168329
1 0.979604 0.0203958
1 0.808204 0.191796
1 0.783233 0.216767
0 3.47928e-07 1
1 0.968499 0.0315012
1 0.984864 0.0151361
1 0.999923 7.70818e-05
0 0.00222097 0.997779
1 0.999144 0.000856379
0 0.00084369 0.999156
1 0.999379 0.000620869
0 0.0832679 0.916732
1 0.999979 2.12058e-05
0 0.245571 0.754429
1 0.99212 0.00787972
0 1e-07 1
0 0.000213899 0.999786
1 0.972838 0.0271617
1 0.988037 0.0119633
1 0.840388 0.159612
0 0.442707 0.557293
1 0.995851 0.00414931
1 0.989773 0.0102273
0 0.000679157 0.999321
1 0.949949 0.0500508
0 0.462391 0.537609
1 0.990067 0.00993305
0 2.49733e-05 0.999975
1 0.989512 0.0104882
1 0.74453 0.25547
0 0.0558224 0.944178
1 0.988799 0.0112011
1 0.999824 0.000176342
1 0.996856 0.00314432
1 0.983607 0.0163926
1 0.886778 0.113222
1 0.996501 0.00349934
1 0.999994 5.80635e-06
1 0.997831 0.00216918
1 0.995933 0.00406744
1 0.999934 6.57323e-05
1 0.9995 0.000499898
1 0.999341 0.000658822
1 0.994968 0.00503197
1 0.989528 0.0104718
0 0.333393 0.666607
0 0.024338 0.975662
1 0.98582 0.0141798
1 0.999728 0.000272153
1 0.996866 0.00313351
1 0.999954 4.59587e-05
1 0.999478 0.000522187
1 0.717619 0.282381
1 0.997917 0.00208284
1 0.647649 0.352351
0 0.406718 0.593282
0 5.36293e-06 0.999995
1 0.999762 0.000238143
1 0.999563 0.000437391
1 0.714004 0.285996
1 0.998768 0.00123161
0 2.70363e-05 0.999973
1 0.747721 0.252279
1 0.681007 0.318993
1 0.974101 0.0258987
1 0.789553 0.210447
1 0.999215 0.000785426
0 0.127627 0.872373
0 0.39946 0.60054
0 4.26505e-06 0.999996
1 0.999962 3.75628e-05
1 0.636745 0.363255
0 1.01197e-05 0.99999
1 0.952957 0.047043
1 0.969294 0.0307061
0 0.208629 0.791371
1 0.995625 0.00437515
0 0.00157974 0.99842
1 0.990038 0.00996222
1 0.756394 0.243606
1 0.818822 0.181178
0 0.275183 0.724817
1 0.969577 0.0304231
1 0.987259 0.0127409
1 0.89961 0.10039
1 0.999041 0.000959489
1 0.999916 8.37504e-05
1 0.982158 0.0178419
0 5.20266e-06 0.999995
1 0.990093 0.00990746
0 0.492003 0.507997
0 0.0352479 0.964752
0 0.00606257 0.993937
1 0.959637 0.0403625
1 0.997249 0.00275131
0 3.07401e-06 0.999997
1 0.95062 0.0493796
0 0.00224836 0.997752
1 0.996318 0.00368243
1 0.994318 0.00568192
1 0.994539 0.00546136
1 0.76922 0.23078
1 0.98934 0.0106597
1 0.999148 0.000852067
1 0.682321 0.317679
1 0.995663 0.00433661
0 0.00836529 0.991635
1 0.99805 0.00194972
1 0.99003 0.00997008
1 0.985389 0.0146106
1 0.955811 0.0441891
1 0.982426 0.0175743
0 0.242596 0.757404
1 0.999887 0.000112786
0 0.319061 0.680939
1 0.990562 0.00943817
0 0.470806 0.529194
1 0.998922 0.00107765
1 0.737746 0.262254
1 0.744412 0.255588
1 0.999829 0.000170747
1 0.913646 0.0863543
1 0.999978 2.21453e-05
0 3.56222e-06 0.999996
1 0.999938 6.24388e-05
1 0.999078 0.000922032
1 0.994825 0.0051751
1 0.937413 0.0625867
1 0.975234 0.0247663
1 0.971834 0.0281664
1 0.97813 0.0218701
1 0.897524 0.102476
0 5.80655e-06 0.999994
0 0.0356069 0.964393
1 0.996937 0.00306336
0 0.346163 0.653837
1 0.988239 0.0117609
1 0.643978 0.356022
1 0.997918 0.00208218
0 1.27696e-05 0.999987
1 0.999281 0.00071934
1 0.717143 0.282857
1 0.955626 0.0443742
0 0.44168 0.55832
1 0.956194 0.043806
1 0.983929 0.0160706
1 0.944481 0.0555191
1 0.958686 0.0413137
1 0.978316 0.0216842
0 0.083721 0.916279
1 0.823241 0.176759
1 0.64475 0.35525
1 0.99877 0.00123006
1 0.643257 0.356743
0 0.0231235 0.976876
0 0.162295 0.837705
0 0.488125 0.511875
1 0.776382 0.223618
1 0.984771 0.0152295
1 0.999601 0.000398967
1 0.534647 0.465353
1 0.999999 7.80847e-07
1 0.913177 0.0868232
1 0.995224 0.00477589
1 0.998374 0.00162554
0 0.000290321 0.99971
1 0.599529 0.400471
0 0.250567 0.749433
1 0.999555 0.000445396
1 0.998564 0.00143618
0 0.0329449 0.967055
1 0.996524 0.0034765
1 0.855594 0.144406
1 0.986504 0.0134955
0 4.81395e-06 0.999995
1 0.999782 0.000218417
1 0.993782 0.00621757
1 0.99678 0.0032203
1 0.997594 0.00240563
1 0.754268 0.245732
1 0.999841 0.000159033
1 0.585926 0.414074
1 0.998925 0.00107496
1 0.985074 0.0149256
1 0.99918 0.000820226
1 0.507766 0.492234
1 0.991487 0.00851345
0 1.19811e-06 0.999999
1 0.989514 0.0104865
1 0.975144 0.024856
1 0.951642 0.0483581
0 5.80328e-06 0.999994
0 0.0408517 0.959148
1 0.999208 0.000792201
1 0.740736 0.259264
1 0.984 0.0160001
1 0.985483 0.0145174
1 0.996225 0.00377511
0 0.0267532 0.973247
1 0.819766 0.180234
1 0.998296 0.00170353
1 0.872354 0.127646
1 0.973659 0.0263408
1 0.999772 0.000227902
0 4.9044e-06 0.999995
1 0.998995 0.00100492
0 5.20545e-06 0.999995
0 0.000112401 0.999888
1 0.986835 0.0131648
1 0.981135 0.0188652
1 0.999852 0.000148197
1 1 1e-07
1 0.906337 0.0936633
1 0.860194 0.139806
0 0.433049 0.566951
1 0.988766 0.0112341
0 7.58715e-06 0.999992
1 0.97796 0.0220397
1 0.99977 0.000230259
1 0.576853 0.423147
1 0.832111 0.167889
1 0.999822 0.000177797
1 0.989349 0.0106513
1 0.999653 0.000346971
1 0.999842 0.000157711
1 0.991527 0.00847316
0 0.0262886 0.973711
1 0.899691 0.100309
1 0.979365 0.0206352
1 0.984853 0.0151467
1 0.987191 0.0128088
1 0.999662 0.000338306
1 0.997883 0.00211739
1 0.998738 0.00126155
1 0.733328 0.266672
1 0.994379 0.00562058
0 1.95139e-07 1
1 0.993707 0.0062931
1 0.998836 0.0011643
0 0.0469938 0.953006
1 0.997897 0.00210326
1 0.974987 0.0250135
1 0.715402 0.284598
1 0.999822 0.000178337
1 0.762611 0.237389
0 0.011498 0.988502
1 0.991186 0.00881407
1 0.998733 0.00126694
1 0.999257 0.000742514
1 0.999802 0.000198241
1 0.995791 0.00420909
0 0.00127065 0.998729
1 0.815303 0.184697
0 0.00044009 0.99956
1 0.99975 0.00024959
1 0.998631 0.00136854
1 0.740421 0.259579
1 0.992292 0.0077078
0 0.00310095 0.996899
1 0.79961 0.20039
1 0.978687 0.0213131
0 0.0706123 0.929388
1 0.999838 0.000162381
0 0.0183598 0.98164
1 0.998755 0.00124546
1 0.999861 0.000138631
1 0.999852 0.000147526
1 0.998802 0.00119789
1 0.996169 0.00383136
0 0.000202477 0.999798
0 0.287965 0.712035
1 0.637023 0.362977
0 0.497627 0.502373
0 1.33067e-06 0.999999
1 0.570039 0.429961
0 0.000720991 0.999279
0 0.0486967 0.951303
0 0.000102092 0.999898
1 0.998939 0.00106083
1 0.999533 0.000467193
0 0.000413547 0.999586
1 0.801639 0.198361
0 8.39271e-06 0.999992
1 0.701896 0.298104
1 0.991805 0.00819473
1 0.999385 0.000615454
1 0.999996 4.43085e-06
1 0.997574 0.00242565
1 0.999943 5.72206e-05
1 0.999482 0.000517997
1 0.98211 0.0178897
1 0.754611 0.245389
1 0.735915 0.264085
1 0.996973 0.00302671
1 0.999448 0.000551519
0 0.0556333 0.944367
1 0.97497 0.0250297
0 0.00388571 0.996114
1 0.981361 0.0186393
0 1.09178e-05 0.999989
1 0.987775 0.0122254
0 0.00172593 0.998274
0 0.028123 0.971877
1 1 1e-07
1 0.989755 0.0102451
0 0.000465484 0.999535
1 0.999915 8.50322e-05
1 0.99838 0.00161951
1 0.618145 0.381855
1 0.99647 0.00352964
0 0.00939894 0.990601
1 0.998243 0.00175671
0 0.0116127 0.988387
0 0.385681 0.614319
1 0.724871 0.275129
1 0.734479 0.265521
1 0.964584 0.0354164
1 0.810816 0.189184
1 0.998029 0.00197113
1 0.984349 0.0156513
1 0.992745 0.0072555
1 0.998503 0.00149712
1 0.984427 0.0155728
1 0.964276 0.0357237
1 0.988143 0.0118575
1 0.999969 3.07434e-05
1 0.997345 0.0026552
1 0.832794 0.167206
1 0.7284 0.2716
1 0.999962 3.82484e-05
1 0.993472 0.0065282
0 0.0544704 0.94553
1 0.99632 0.00367962
0 4.54493e-05 0.999955
1 0.864674 0.135326
1 0.902841 0.0971588
1 0.97967 0.0203296
0 0.000201979 0.999798
1 0.979102 0.0208975
1 0.999985 1.47753e-05
1 0.909148 0.0908515
1 0.998993 0.00100661
0 0.368245 0.631755
0 1.58574e-06 0.999998
0 0.158701 0.841299
1 0.778981 0.221019
1 0.786465 0.213535
1 0.99965 0.000350076
1 0.965972 0.0340283
1 0.998959 0.00104059
0 0.240078 0.759922
1 0.773224 0.226776
1 0.997784 0.00221555
1 0.971218 0.0287817
1 0.525609 0.474391
1 0.999667 0.000333243
1 0.723674 0.276326
1 0.998675 0.0013252
0 0.00632315 0.993677
0 3.84332e-06 0.999996
1 0.994486 0.00551433
1 0.980454 0.0195463
1 0.999949 5.11783e-05
1 0.999028 0.000972072
1 0.9998 0.000200198
1 0.99787 0.00212959
1 0.999953 4.69242e-05
0 7.58162e-05 0.999924
1 0.999999 5.98217e-07
1 0.997784 0.00221596
0 6.82826e-05 0.999932
1 0.686074 0.313926
0 1.49643e-06 0.999999
0 4.03548e-07 1
1 0.73116 0.26884
0 0.0282155 0.971785
1 0.999814 0.000185529
1 0.994524 0.00547626
1 0.755531 0.244469
1 0.74639 0.25361
1 0.999995 5.07716e-06
1 0.999943 5.73293e-05
1 0.993151 0.00684856
1 0.929712 0.0702876
1 0.954724 0.0452764
1 0.992495 0.00750525
1 0.683339 0.316661
1 0.99387 0.00612997
1 0.998351 0.0016485
1 0.695468 0.304532
1 0.999976 2.44836e-05
1 0.996265 0.0037355
0 3.89662e-05 0.999961
1 0.640334 0.359666
1 0.579847 0.420153
0 0.0380839 0.961916
1 0.979163 0.0208368
1 0.999568 0.000431821
1 0.996299 0.00370119
1 0.999616 0.000384388
0 0.188882 0.811118
1 0.999918 8.22517e-05
1 0.755107 0.244893
1 0.983861 0.016139
1 0.991266 0.00873413
0 4.26525e-05 0.999957
1 0.989087 0.0109129
1 1 1e-07
0 3.98472e-05 0.99996
1 0.999966 3.44804e-05
1 0.734489 0.265511
1 0.999978 2.16467e-05
1 0.995299 0.00470131
1 0.999837 0.000163496
0 1.67264e-05 0.999983
1 0.628192 0.371808
0 3.82914e-06 0.999996
0 5.227e-07 0.999999
1 0.999999 8.55342e-07
0 0.0138511 0.986149
0 0.010423 0.989577
1 0.854726 0.145274
1 0.865344 0.134656
0 5.34562e-05 0.999947
0 5.20549e-05 0.999948
1 0.92179 0.0782102
0 0.00307988 0.99692
0 0.0342438 0.965756
1 0.996147 0.00385348
1 0.989341 0.0106587
1 0.99738 0.00262002
1 0.997559 0.00244051
1 0.999955 4.45511e-05
1 0.887263 0.112737
0 1.61428e-05 0.999984
1 0.999566 0.000433677
1 0.999464 0.00053599
0 0.383061 0.616939
1 0.999975 2.46821e-05
1 0.976836 0.0231645
1 0.983638 0.0163622
1 0.97395 0.0260502
1 0.99287 0.00713021
1 0.598598 0.401402
1 0.989304 0.0106957
1 0.599386 0.400614
0 0.432016 0.567984
1 0.990995 0.00900488
1 0.999701 0.00029915
1 0.999833 0.00016712
1 0.982646 0.0173538
1 0.995355 0.00464547
1 0.999999 9.116e-07
0 0.471286 0.528714
1 0.987779 0.0122215
0 0.00361287 0.996387
1 0.999403 0.000597292
1 0.999463 0.000537044
0 1.7876e-05 0.999982
1 0.971646 0.0283545
1 0.996592 0.00340794
1 0.756148 0.243852
1 0.793335 0.206665
0 2.93108e-06 0.999997
1 0.794088 0.205912
1 0.999979 2.1234e-05
1 0.834173 0.165827
1 0.522176 0.477824
1 0.999142 0.000857954
1 0.999381 0.000619267
1 0.876327 0.123673
1 0.999985 1.46712e-05
0 0.0223536 0.977646
1 0.513868 0.486132
1 0.98048 0.0195201
0 0.0342721 0.965728
1 0.999267 0.000732731
1 0.566833 0.433167
1 0.99817 0.00183046
1 0.999949 5.13955e-05
0 0.0416527 0.958347
1 0.999955 4.48292e-05
1 0.999764 0.000236081
1 0.999963 3.73357e-05
1 0.99254 0.00745952
0 0.303871 0.696129
0 0.023607 0.976393
1 0.999829 0.000170591
1 0.919007 0.0809928
1 0.80315 0.19685
0 0.326552 0.673448
0 0.219587 0.780413
0 0.0294204 0.97058
1 0.995626 0.00437363
1 0.999971 2.87961e-05
1 0.75125 0.24875
1 0.588161 0.411839
1 0.990807 0.00919298
1 0.998192 0.00180833
1 0.985116 0.0148844
0 0.434101 0.565899
1 0.999547 0.000452999
1 0.99985 0.000150259
0 0.496371 0.503629
0 0.000195587 0.999804
0 0.117934 0.882066
1 0.903119 0.0968808
0 0.0192027 0.980797
1 0.999948 5.20763e-05
1 0.890682 0.109318
0 1e-07 1
1 0.687973 0.312027
0 0.00523617 0.994764
1 0.999874 0.000125689
1 0.999957 4.30143e-05
1 0.999999 7.91485e-07
1 0.999977 2.32907e-05
1 0.981532 0.018468
1 0.703119 0.296881
1 0.776274 0.223726
1 0.948367 0.0516335
1 0.75557 0.24443
1 0.727233 0.272767
1 0.979802 0.0201983
0 0.456918 0.543082
1 0.993539 0.00646098
0 2.59705e-06 0.999997
1 0.811374 0.188626
1 0.91819 0.0818095
1 0.991754 0.00824593
1 0.996866 0.00313431
1 0.999981 1.91276e-05
1 0.982043 0.0179571
1 0.983392 0.0166083
1 0.975666 0.0243341
1 0.99509 0.00490967
1 0.849297 0.150703
1 0.943012 0.0569877
0 4.67344e-06 0.999995
1 0.995006 0.00499444
1 0.990309 0.00969051
1 0.982563 0.0174366
1 0.690106 0.309894
1 0.999646 0.000353618
1 0.999402 0.000598415
1 0.973942 0.026058
1 0.984971 0.015029
1 0.808413 0.191587
1 0.999953 4.73375e-05
0 0.397636 0.602364
0 0.00264237 0.997358
1 0.892446 0.107554
1 0.982307 0.0176931
1 0.99379 0.00621034
1 0.997007 0.00299314
1 0.999951 4.89273e-05
1 0.939011 0.0609885
0 0.000318695 0.999681
1 0.99875 0.00125002
1 0.999923 7.72966e-05
1 0.979837 0.0201633
1 0.83823 0.16177
1 0.870036 0.129964
0 0.390631 0.609369
1 0.894169 0.105831
1 0.988491 0.0115088
0 0.0784316 0.921568
1 0.970278 0.0297225
1 0.994158 0.00584248
0 0.0429199 0.95708
0 0.012411 0.987589
0 0.00421728 0.995783
1 0.989514 0.0104862
1 0.999547 0.000452621
0 5.3088e-06 0.999995
1 0.999973 2.66423e-05
0 0.164175 0.835825
1 0.988399 0.0116006
1 0.999613 0.00038675
1 0.605164 0.394836
1 1 1e-07
1 0.99926 0.00074046
1 0.999589 0.000410523
0 0.0160036 0.983996
1 0.99393 0.00606983
0 5.66305e-05 0.999943
1 0.998658 0.00134176
1 0.983284 0.0167159
1 0.711607 0.288393
0 0.429783 0.570217
1 0.999941 5.94192e-05
1 0.997297 0.00270295
1 0.998028 0.00197245
1 0.998861 0.00113893
1 0.982022 0.0179777
0 0.104004 0.895996
0 8.17663e-05 0.999918
1 0.994299 0.00570138
1 0.881965 0.118035
0 1e-07 1
0 1e-07 1
0 0.0170207 0.982979
0 0.42798 0.57202
1 0.997375 0.00262465
0 2.39151e-05 0.999976
1 0.818306 0.181694
1 0.999799 0.000200883
1 0.999786 0.000213666
1 0.98597 0.0140297
1 0.999957 4.27403e-05
1 0.996908 0.0030919
1 0.999982 1.82641e-05
1 0.971587 0.0284127
1 0.989232 0.0107677
0 1e-07 1
1 0.774918 0.225082
1 0.999577 0.00042295
1 0.992112 0.00788832
1 0.99881 0.00119029
1 0.998104 0.0018957
1 0.989237 0.0107633
1 0.980356 0.0196441
0 0.0881565 0.911843
1 0.997976 0.00202405
0 5.42779e-07 0.999999
1 0.998955 0.0010455
1 0.998993 0.00100702
1 0.998881 0.00111927
1 0.992074 0.00792564
1 0.999119 0.000881272
1 0.999142 0.000857839
1 0.996936 0.00306432
1 0.997929 0.00207092
1 0.999301 0.000698566
0 1.72396e-07 1
0 0.324566 0.675434
1 0.992 0.00800035
0 9.58707e-06 0.99999
1 0.514568 0.485432
0 5.56868e-06 0.999994
1 0.987555 0.0124447
1 0.868336 0.131664
1 0.999114 0.000885938
1 0.991219 0.00878092
1 0.687352 0.312648
1 0.974461 0.0255386
0 0.053203 0.946797
0 0.498379 0.501621
1 0.973325 0.0266748
0 2.26133e-05 0.999977
1 0.992968 0.00703157
1 0.998821 0.00117919
1 0.944157 0.055843
1 0.972309 0.0276911
1 0.995805 0.0041948
1 0.998593 0.00140723
0 0.409229 0.590771
1 0.999798 0.000202268
1 0.971249 0.0287506
0 0.0353156 0.964684
1 0.999524 0.000475848
0 2.34148e-07 1
1 0.999793 0.000206875
0 0.22772 0.77228
1 0.999973 2.71711e-05
0 0.195833 0.804167
1 0.998749 0.0012511
1 0.895786 0.104214
1 0.98925 0.0107503
1 0.969388 0.0306124
0 0.483227 0.516773
0 0.327351 0.672649
0 1.79897e-06 0.999998
1 0.999977 2.34839e-05
1 0.992823 0.00717664
0 0.000221471 0.999779
1 0.820959 0.179041
1 0.998662 0.00133803
1 0.997545 0.00245494
1 0.990248 0.00975223
1 0.998471 0.00152919
1 0.999552 0.000448359
1 0.891483 0.108517
1 0.73517 0.26483
0 6.18297e-05 0.999938
1 0.998061 0.00193912
0 0.000381439 0.999619
1 0.995936 0.00406431
1 0.999359 0.000640662
1 0.999008 0.000992323
1 0.997594 0.0024057
1 0.813445 0.186555
1 0.984343 0.0156567
1 0.995695 0.00430454
1 0.999998 1.51038e-06
0 0.205123 0.794877
0 1.46013e-07 1
1 0.999995 5.37094e-06
1 0.681426 0.318574
0 0.0898175 0.910183
1 0.928344 0.0716555
1 0.762851 0.237149
1 0.984694 0.0153061
1 0.988673 0.0113268
1 0.999908 9.23179e-05
1 0.898109 0.101891
1 0.999901 9.90886e-05
1 0.999802 0.000198233
1 0.805529 0.194471
0 2.53413e-05 0.999975
1 0.899488 0.100512
0 3.78033e-05 0.999962
1 0.994151 0.00584898
0 6.83464e-05 0.999932
1 0.749227 0.250773
1 0.996546 0.00345391
1 0.997555 0.00244495
0 0.0377363 0.962264
1 0.986669 0.0133312
1 0.999918 8.20907e-05
0 1e-07 1
0 0.000585918 0.999414
1 0.999005 0.000995172
1 0.99987 0.000129878
1 0.999371 0.000628627
0 1.84259e-06 0.999998
1 0.998743 0.00125666
1 0.962333 0.0376672
1 0.699787 0.300213
1 0.994268 0.0057317
1 0.932387 0.0676132
1 0.709283 0.290717
0 0.018028 0.981972
1 0.979926 0.0200736
0 1e-07 1
1 0.986862 0.013138
1 0.978964 0.021036
0 6.77256e-05 0.999932
1 0.530072 0.469928
1 0.905327 0.094673
1 0.981589 0.018411
1 0.968527 0.0314731
1 0.999091 0.000909032
0 8.66934e-05 0.999913
1 0.754778 0.245222
0 0.0805377 0.919462
1 0.941128 0.0588721
1 0.992648 0.00735236
1 0.984754 0.0152461
0 0.198236 0.801764
1 0.978264 0.0217364
1 0.999994 5.54103e-06
0 0.00324428 0.996756
1 0.999529 0.000471438
0 1e-07 1
1 0.998246 0.00175434
1 0.993391 0.00660904
1 0.652014 0.347986
1 0.99904 0.000959993
1 0.998005 0.00199539
0 0.00141329 0.998587
1 0.994652 0.00534813
1 0.994032 0.00596785
0 0.145062 0.854938
1 0.997293 0.00270659
1 0.908745 0.0912555
1 0.99999 9.78906e-06
1 0.538096 0.461904
0 0.0672932 0.932707
1 0.998962 0.00103761
1 0.998896 0.00110398
1 0.996636 0.00336436
0 0.415421 0.584579
1 0.999813 0.000186781
1 0.855302 0.144698
0 7.7429e-05 0.999923
1 0.99804 0.00196024
1 0.646272 0.353728
1 0.992497 0.00750306
1 0.994432 0.00556806
1 0.982617 0.017383
1 0.999708 0.000291712
1 0.993246 0.00675354
0 1.90056e-06 0.999998
0 0.00822517 0.991775
1 0.998254 0.00174611
0 0.000580314 0.99942
0 0.0829042 0.917096
0 4.87458e-06 0.999995
1 0.992974 0.00702551
0 0.0065878 0.993412
1 0.953787 0.0462127
1 0.988085 0.011915
1 0.995165 0.00483493
1 0.978808 0.021192
1 0.999623 0.000377206
0 0.000156365 0.999844
0 1.7233e-07 1
0 0.000507491 0.999493
1 0.993236 0.00676432
0 0.257873 0.742127
1 0.951807 0.0481931
1 0.988232 0.0117676
0 0.000491826 0.999508
1 0.987247 0.0127532
1 0.947865 0.0521354
1 0.999962 3.78904e-05
1 0.999909 9.13798e-05
0 4.92761e-06 0.999995
0 1.37133e-06 0.999999
1 0.989543 0.0104565
0 0.0229312 0.977069
1 0.990817 0.00918287
1 0.636486 0.363514
1 0.999847 0.000152824
1 0.999797 0.000203343
1 0.968164 0.0318359
1 0.995025 0.00497487
0 1e-07 1
1 0.999892 0.00010776
1 0.970993 0.0290069
1 0.985933 0.0140668
1 0.992186 0.00781352
1 0.998024 0.00197582
1 0.766339 0.233661
1 0.999012 0.000987988
1 0.986791 0.0132089
1 0.926542 0.0734581
1 0.863541 0.136459
1 0.900479 0.0995205
0 0.362614 0.637386
0 0.487053 0.512947
0 2.1808e-06 0.999998
0 0.118544 0.881456
1 0.997499 0.00250137
1 0.999945 5.48839e-05
0 0.001752 0.998248
1 0.935493 0.0645067
1 0.98556 0.0144403
0 0.0372481 0.962752
1 0.999988 1.17323e-05
1 0.976553 0.0234474
1 0.728087 0.271913
1 0.979715 0.020285
0 0.146063 0.853937
1 0.982083 0.0179167
0 0.000138416 0.999862
0 1.98996e-06 0.999998
0 0.000152153 0.999848
1 0.999873 0.000127372
1 0.995001 0.00499948
1 0.99987 0.000129792
1 0.72326 0.27674
0 0.000444584 0.999555
1 0.932919 0.0670814
1 0.766693 0.233307
1 0.998995 0.0010046
1 0.99999 9.75934e-06
1 0.997452 0.00254823
1 0.999976 2.4384e-05
0 0.0409275 0.959073
1 0.996762 0.00323833
0 0.152686 0.847314
0 0.0619009 0.938099
1 0.997266 0.00273369
0 0.0899418 0.910058
0 0.0349495 0.965051
1 0.962608 0.0373919
1 0.999719 0.000280574
0 0.00125191 0.998748
1 0.991406 0.00859421
1 0.999576 0.000423681
0 0.421787 0.578213
1 0.995593 0.00440677
1 0.999833 0.000167335
1 0.995486 0.00451412
0 0.000137448 0.999863
1 0.999389 0.000611414
1 0.683822 0.316178
0 0.354778 0.645222
1 0.987794 0.0122059
0 1.82284e-05 0.999982
1 0.994314 0.00568592
1 0.997312 0.00268787
1 0.726295 0.273705
1 0.954869 0.0451311
1 0.995814 0.00418616
1 0.976784 0.0232164
1 0.999036 0.000963641
1 0.615512 0.384488
1 0.975978 0.0240223
1 0.998657 0.00134282
1 0.999985 1.53422e-05
1 0.999763 0.000236558
1 0.994156 0.0058438
0 0.0170486 0.982951
1 0.820138 0.179862
1 0.976276 0.0237243
1 0.982295 0.0177047
1 0.986235 0.0137655
1 0.952311 0.047689
1 0.989282 0.0107181
0 0.138638 0.861362
0 8.31155e-05 0.999917
0 0.0255131 0.974487
1 0.999482 0.000518059
0 0.0428294 0.957171
1 0.997387 0.00261316
1 0.961844 0.0381557
1 0.996394 0.00360646
1 0.999301 0.000699474
1 0.996989 0.00301145
0 0.0431202 0.95688
1 0.999272 0.000728081
1 0.996272 0.00372845
1 0.576287 0.423713
1 0.998148 0.0018518
1 0.822561 0.177439
1 0.999899 0.00010139
1 0.909075 0.0909249
1 0.999136 0.000864398
1 0.99912 0.00088029
0 0.0407945 0.959206
0 0.0135403 0.98646
1 0.680416 0.319584
1 0.998985 0.0010153
1 0.997292 0.0027077
1 0.613562 0.386438
1 0.998998 0.00100224
1 0.997912 0.00208754
1 0.711051 0.288949
1 0.993248 0.00675164
1 0.992429 0.00757085
1 0.881737 0.118263
1 0.853322 0.146678
1 0.999439 0.000560615
1 0.995274 0.00472648
1 0.972233 0.027767
1 0.762034 0.237966
1 0.993115 0.00688504
1 0.999961 3.89249e-05
0 1.72951e-05 0.999983
1 0.977218 0.0227818
1 0.999933 6.71838e-05
1 0.999909 9.05516e-05
1 0.999574 0.00042615
1 0.999476 0.000524361
0 1.62141e-05 0.999984
1 0.990506 0.00949367
1 0.999739 0.000260869
0 0.220746 0.779254
1 0.782868 0.217132
1 0.999651 0.000348649
0 1e-07 1
1 0.976737 0.0232629
0 0.000175671 0.999824
1 1 1e-07
0 0.321541 0.678459
1 0.987417 0.0125832
1 1 1.28303e-07
1 0.999891 0.000108801
1 0.999985 1.48179e-05
1 0.523091 0.476909
0 0.194639 0.805361
1 0.996752 0.00324808
1 0.982995 0.0170048
1 0.945466 0.054534
1 0.996423 0.00357746
1 0.999586 0.000414351
1 0.75087 0.24913
0 0.26213 0.73787
1 0.996572 0.00342753
1 0.987043 0.0129572
0 0.297272 0.702728
0 0.367204 0.632796
0 0.0555742 0.944426
0 0.216213 0.783787
1 0.732698 0.267302
0 0.19531 0.80469
1 0.993238 0.00676164
1 0.964196 0.0358041
0 3.23652e-06 0.999997
0 3.30294e-07 1
1 0.889612 0.110388
1 0.999757 0.000242637
1 0.999961 3.9224e-05
1 0.837805 0.162195
1 0.995635 0.00436534
1 0.997965 0.00203504
1 0.999936 6.42241e-05
1 0.986724 0.0132763
1 0.977011 0.0229889
0 0.276101 0.723899
1 0.958404 0.0415963
1 0.999236 0.000764282
1 0.99904 0.000959916
0 0.257833 0.742167
1 0.984427 0.0155728
1 0.810437 0.189563
1 0.991897 0.00810293
1 0.98885 0.0111498
1 0.999858 0.000141923
0 0.00092268 0.999077
1 0.996598 0.00340204
0 0.424977 0.575023
1 0.776008 0.223992
1 0.998395 0.00160533
1 0.907405 0.092595
0 0.0533049 0.946695
1 0.999217 0.000783301
1 1 1e-07
1 0.673225 0.326775
1 0.999733 0.000266921
1 0.999971 2.884e-05
1 0.993137 0.0068627
1 0.813933 0.186067
1 0.926496 0.0735037
1 0.859375 0.140625
1 0.999245 0.000755234
1 0.995362 0.00463771
0 0.457322 0.542678
0 2.28266e-05 0.999977
1 0.999276 0.000723786
0 0.0519719 0.948028
0 0.232048 0.767952
1 0.999719 0.000281326
1 0.986851 0.0131491
0 0.00733729 0.992663
1 0.999926 7.37393e-05
1 0.999483 0.000517312
1 0.841605 0.158395
1 0.97994 0.0200602
0 0.0772834 0.922717
1 0.998389 0.00161065
1 0.946964 0.0530362
1 0.999676 0.000323613
0 1.54149e-05 0.999985
0 0.492543 0.507457
1 0.876683 0.123317
1 0.858787 0.141213
1 0.986316 0.0136844
1 0.965349 0.0346514
0 0.0472737 0.952726
1 0.865479 0.134521
1 0.929219 0.0707805
0 0.166907 0.833093
1 0.9997 0.000299698
0 0.0807621 0.919238
1 0.926049 0.0739506
0 0.12507 0.87493
1 0.991107 0.00889321
0 0.00131746 0.998683
1 0.999828 0.000171529
0 3.96409e-07 1
1 0.999088 0.000912471
1 0.999994 5.75631e-06
1 0.975394 0.0246061
1 0.998263 0.00173679
0 0.00242654 0.997573
1 0.999988 1.18539e-05
1 0.991812 0.00818776
1 0.999997 2.77514e-06
1 0.996592 0.0034083
1 1 1e-07
1 0.995149 0.00485098
1 0.98912 0.0108805
0 0.000392613 0.999607
0 0.00444388 0.995556
0 0.000648111 0.999352
1 0.999512 0.000487692
0 0.0636557 0.936344
1 0.973008 0.0269918
1 0.993418 0.00658176
1 0.995964 0.00403565
1 0.999927 7.25572e-05
0 0.042815 0.957185
1 0.999977 2.32122e-05
0 0.165031 0.834969
1 0.998415 0.00158534
1 0.996171 0.00382903
0 0.240518 0.759482
0 0.102143 0.897857
0 7.69582e-06 0.999992
1 0.998279 0.00172141
1 0.997224 0.0027756
1 0.97157 0.0284303
1 0.997804 0.00219604
1 0.965689 0.0343106
1 0.649108 0.350892
1 0.66006 0.33994
1 0.979431 0.0205692
1 0.98209 0.01791
0 0.0348124 0.965188
1 0.659814 0.340186
0 0.48801 0.51199
0 0.00808991 0.99191
0 0.000316993 0.999683
1 1 2.66875e-07
0 0.17579 0.82421
0 0.100307 0.899693
0 0.0424046 0.957595
1 0.868292 0.131708
1 0.999999 1.20237e-06
1 0.999969 3.09556e-05
0 1.00189e-05 0.99999
0 0.00428777 0.995712
0 0.0763766 0.923623
1 0.999904 9.57615e-05
1 0.949289 0.050711
1 0.891369 0.108631
1 0.966002 0.0339982
0 0.0219675 0.978033
0 1.99931e-05 0.99998
1 0.998547 0.00145311
1 0.999925 7.52261e-05
1 0.999232 0.000767591
1 0.999845 0.000154582
1 0.999932 6.80194e-05
0 0.0103801 0.98962
1 0.99422 0.00577957
1 0.99513 0.00486966
1 0.727932 0.272068
1 0.999976 2.41445e-05
1 1 1e-07
0 0.00465108 0.995349
1 0.982779 0.0172208
1 0.997164 0.00283618
0 6.3095e-06 0.999994
1 0.780529 0.219471
1 0.999966 3.35661e-05
1 0.93447 0.0655303
1 0.992415 0.00758486
0 0.0174294 0.982571
1 0.729802 0.270198
0 2.18675e-06 0.999998
0 0.162295 0.837705
1 0.830929 0.169071
1 0.694515 0.305485
0 0.00851342 0.991487
1 0.999866 0.000133948
1 0.74475 0.25525
0 0.0115361 0.988464
1 0.999999 8.46705e-07
1 0.999934 6.59055e-05
1 0.996245 0.00375489
1 0.610531 0.389469
1 0.992209 0.00779129
0 0.466662 0.533338
1 0.9997 0.000299661
1 0.962947 0.0370526
0 0.000726616 0.999273
0 7.05686e-06 0.999993
1 0.977829 0.0221708
1 0.750969 0.249031
1 0.758524 0.241476
1 0.99994 5.95189e-05
1 0.539427 0.460573
1 0.86834 0.13166
1 0.514091 0.485909
1 0.999593 0.000406683
1 0.996745 0.00325478
0 0.321004 0.678996
1 0.64895 0.35105
0 7.79082e-05 0.999922
1 0.965154 0.0348461
1 0.978161 0.0218387
1 0.999836 0.00016365
1 0.98812 0.0118801
1 0.987921 0.012079
1 0.997803 0.00219706
0 0.437885 0.562115
1 0.935697 0.0643029
0 9.4146e-05 0.999906
1 0.869072 0.130928
0 1.55904e-06 0.999998
1 0.702234 0.297766
1 0.997858 0.00214247
0 2.09328e-05 0.999979
1 0.986373 0.0136272
1 0.699894 0.300106
0 0.487169 0.512831
0 0.454695 0.545305
0 6.52613e-07 0.999999
1 0.995109 0.00489117
1 0.992151 0.00784892
1 0.669254 0.330746
1 0.981482 0.0185184
0 2.40363e-06 0.999998
0 8.1184e-05 0.999919
0 0.052628 0.947372
1 0.996248 0.00375173
1 0.964985 0.0350147
0 1.05588e-06 0.999999
0 0.0135814 0.986419
1 0.732644 0.267356
1 0.999993 7.14367e-06
1 0.980493 0.019507
1 0.999999 1.46136e-06
0 0.000216089 0.999784
0 0.000850907 0.999149
1 1 2.56723e-07
1 0.99484 0.00515991
1 0.990319 0.00968136
1 0.999843 0.000157406
1 0.81889 0.18111
1 0.985103 0.0148968
0 0.220378 0.779622
1 0.999035 0.000965139
1 0.999972 2.8071e-05
0 2.21599e-05 0.999978
0 0.11861 0.88139
1 0.996852 0.00314803
1 0.998508 0.00149219
1 0.986824 0.0131756
1 0.999233 0.000767321
1 0.999692 0.000308398
1 0.972885 0.0271145
1 0.996763 0.00323713
1 0.848857 0.151143
1 0.949155 0.050845
1 0.998445 0.00155506
1 0.999992 7.54417e-06
1 0.717619 0.282381
1 0.725229 0.274771
0 0.0908992 0.909101
0 0.00780522 0.992195
0 0.170014 0.829986
1 0.999194 0.000806481
0 0.43546 0.56454
1 0.994864 0.00513557
1 0.997825 0.00217528
0 0.0200217 0.979978
1 0.998872 0.00112807
0 0.287617 0.712383
1 0.9984 0.00159971
1 0.999235 0.000765218
1 0.990964 0.00903647
1 0.655975 0.344025
1 0.963973 0.0360274
1 0.999987 1.31821e-05
1 0.95741 0.0425897
1 0.998049 0.00195097
0 3.12219e-06 0.999997
0 0.24828 0.75172
0 1.45298e-05 0.999985
1 0.974446 0.0255544
1 0.985142 0.0148576
1 0.965884 0.0341155
1 0.955977 0.0440232
1 0.971755 0.0282447
0 5.04604e-05 0.99995
1 0.989239 0.010761
1 0.998265 0.001735
0 0.00503991 0.99496
1 0.996376 0.00362366
1 0.994144 0.00585613
1 0.999946 5.42136e-05
0 0.198382 0.801618
1 0.99997 3.00573e-05
1 0.999682 0.000318067
1 0.991988 0.008012
0 0.478143 0.521857
0 5.9413e-05 0.999941
0 0.00509243 0.994908
1 0.695691 0.304309
1 0.996799 0.00320097
1 0.999521 0.000479275
1 0.72103 0.27897
1 0.518579 0.481421
1 0.999851 0.000149217
0 0.142977 0.857023
1 0.996555 0.00344538
1 0.995503 0.00449702
0 0.0241509 0.975849
1 0.975081 0.0249189
0 0.140785 0.859215
1 0.998557 0.00144319
0 0.000363406 0.999637
1 0.999292 0.000707916
1 0.999985 1.52139e-05
1 0.949219 0.0507814
1 0.998807 0.00119331
1 0.990739 0.00926133
1 0.994245 0.00575529
1 0.597674 0.402326
1 0.997831 0.00216932
1 0.978914 0.0210856
1 0.937129 0.0628708
1 0.998858 0.00114222
1 0.998578 0.00142164
1 0.996296 0.0037045
1 0.999535 0.000465225
0 0.103996 0.896004
0 0.000374555 0.999625
1 0.935117 0.0648828
1 0.987914 0.012086
1 0.989464 0.0105358
1 0.985837 0.0141629
0 0.0234428 0.976557
0 4.59333e-05 0.999954
1 0.99336 0.00663953
1 0.990571 0.00942923
0 1.04041e-05 0.99999
1 0.999509 0.000490761
1 0.999989 1.05987e-05
1 0.997255 0.00274453
1 0.999848 0.000151652
1 0.957181 0.0428194
1 0.999862 0.000138197
1 0.998919 0.00108145
1 0.999794 0.000206089
1 0.999868 0.000131667
1 0.993943 0.00605652
1 0.913278 0.0867217
1 0.996869 0.00313095
1 0.999336 0.000664395
0 0.000100404 0.9999
1 0.997275 0.00272539
0 0.00371511 0.996285
0 0.129548 0.870452
1 0.691386 0.308614
0 0.0778418 0.922158
1 0.733608 0.266392
1 0.652609 0.347391
1 0.991137 0.00886273
1 0.66789 0.33211
1 0.998147 0.00185292
1 0.639597 0.360403
0 1.89935e-06 0.999998
0 0.0179678 0.982032
1 0.999712 0.00028766
1 0.999855 0.000145307
0 1e-07 1
1 0.884882 0.115118
1 0.998339 0.00166106
0 0.390639 0.609361
0 4.17799e-06 0.999996
0 4.94898e-07 1
1 0.684551 0.315449
1 0.979236 0.0207643
1 0.695547 0.304453
0 4.99938e-06 0.999995
1 0.905966 0.0940343
1 0.994867 0.00513294
0 0.399711 0.600289
1 0.568121 0.431879
1 0.558896 0.441104
1 0.717686 0.282314
0 0.468882 0.531118
1 0.814666 0.185334
0 1.05871e-06 0.999999
1 0.959939 0.0400613
1 0.631096 0.368904
1 0.995607 0.00439318
1 0.987945 0.012055
0 0.0513172 0.948683
1 0.995874 0.00412605
1 0.995089 0.00491141
1 0.999747 0.000253289
1 0.999991 9.17974e-06
0 0.181995 0.818005
1 0.998865 0.0011354
1 0.512629 0.487371
1 0.995149 0.00485102
1 0.866096 0.133904
1 0.999999 6.49976e-07
1 0.987985 0.0120155
1 0.997992 0.00200792
1 0.999344 0.000655721
0 1e-07 1
0 0.408136 0.591864
0 0.481755 0.518245
0 1.29466e-06 0.999999
1 0.759886 0.240114
1 0.999482 0.000517887
1 0.995747 0.0042529
1 0.999933 6.66471e-05
1 0.980605 0.0193947
1 0.979569 0.0204309
0 2.87469e-06 0.999997
1 0.999099 0.00090119
1 0.709176 0.290824
1 0.999772 0.000227779
0 0.00252154 0.997478
1 0.737 0.263
0 0.208021 0.791979
0 1.78755e-06 0.999998
1 0.991818 0.00818225
1 0.99431 0.0056903
1 0.999044 0.000955828
1 0.983126 0.0168739
0 0.000298876 0.999701
0 0.000298836 0.999701
1 0.984331 0.015669
1 0.992143 0.00785744
1 0.998664 0.00133609
1 0.972881 0.0271194
1 0.904914 0.0950859
0 0.471213 0.528787
1 0.709736 0.290264
1 0.607628 0.392372
1 0.968577 0.0314226
1 0.999426 0.000574476
1 0.913561 0.0864394
1 0.999866 0.000133676
1 0.892206 0.107794
1 0.997535 0.00246476
0 2.08446e-05 0.999979
1 0.981412 0.0185877
1 0.999902 9.75787e-05
0 0.0217946 0.978205
1 0.997865 0.00213517
0 5.74918e-05 0.999943
1 0.611709 0.388291
1 0.988877 0.0111233
1 0.869181 0.130819
0 0.0066657 0.993334
1 0.982638 0.0173616
1 0.962013 0.0379875
1 0.999421 0.000578813
1 0.912248 0.0877521
0 4.92407e-06 0.999995
1 0.971497 0.0285027
1 0.69192 0.30808
1 0.952938 0.0470622
1 0.999857 0.000142549
1 0.995416 0.00458438
0 0.171037 0.828963
1 1 3.38013e-07
1 0.774866 0.225134
1 0.898127 0.101873
1 0.99314 0.00685984
1 0.962221 0.0377794
1 0.644187 0.355813
1 0.999915 8.54657e-05
1 0.916138 0.083862
0 0.492079 0.507921
0 0.0533595 0.946641
1 0.999388 0.00061242
1 0.994419 0.00558082
1 0.999815 0.000184562
1 0.99996 4.04288e-05
1 0.967509 0.0324906
0 0.050558 0.949442
1 0.991777 0.00822273
1 0.976109 0.0238906
0 0.015605 0.984395
0 4.79618e-05 0.999952
0 0.17879 0.82121
1 0.998842 0.00115782
1 0.548333 0.451667
1 0.706515 0.293485
1 0.876461 0.123539
1 0.99996 4.03642e-05
0 0.247874 0.752126
0 1.36232e-06 0.999999
1 0.998462 0.00153787
1 0.999982 1.77943e-05
0 0.0527611 0.947239
0 4.73029e-06 0.999995
1 0.996199 0.00380125
1 0.79947 0.20053
1 0.992322 0.00767787
1 0.998443 0.00155706
1 0.998746 0.00125417
1 0.749649 0.250351
1 0.795034 0.204966
1 0.998589 0.00141067
1 0.988627 0.0113729
0 0.294121 0.705879
0 0.26054 0.73946
1 0.950314 0.0496862
1 0.981857 0.0181434
1 0.99984 0.000160239
1 0.952038 0.0479617
0 0.110912 0.889088
1 0.99933 0.000670357
0 0.0687386 0.931261
1 0.99997 2.9638e-05
0 0.301231 0.698769
1 0.99345 0.00655024
1 0.999874 0.00012565
1 0.999187 0.000813001
1 0.998064 0.00193556
1 0.998524 0.00147557
1 0.999932 6.78868e-05
0 2.71641e-06 0.999997
1 0.97836 0.0216405
1 0.993953 0.00604669
0 0.136896 0.863104
0 0.00644593 0.993554
1 0.708151 0.291849
0 0.0188218 0.981178
0 2.6775e-06 0.999997
1 0.511798 0.488202
1 0.999999 5.74672e-07
1 0.999792 0.000208276
1 0.999721 0.000278733
1 0.884723 0.115277
0 0.000466882 0.999533
1 0.995296 0.00470384
1 0.947923 0.0520767
1 0.988471 0.0115292
1 0.999748 0.000251819
1 0.996777 0.00322262
1 0.989464 0.0105357
1 0.760721 0.239279
1 0.864671 0.135329
0 0.0105666 0.989433
1 0.994217 0.00578264
1 0.999836 0.000164477
0 2.67454e-05 0.999973
1 0.993079 0.0069211
1 0.984833 0.0151666
1 0.999524 0.000475861
1 0.992462 0.00753839
1 0.999708 0.000291965
1 0.990401 0.00959909
0 0.0822322 0.917768
1 0.989069 0.0109307
0 0.0372208 0.962779
0 0.385475 0.614525
1 0.899911 0.100089
0 0.128827 0.871173
1 0.998596 0.00140359
1 0.99224 0.00775973
1 0.819832 0.180168
1 0.997537 0.00246313
0 1.77868e-06 0.999998
1 0.999615 0.000384521
1 0.999958 4.24362e-05
1 0.999895 0.000104912
0 1.566e-06 0.999998
1 0.882205 0.117795
1 0.999938 6.16863e-05
1 0.993707 0.00629332
1 0.990799 0.00920065
0 0.483297 0.516703
1 0.976081 0.0239188
1 0.671765 0.328235
0 0.00769981 0.9923
1 0.998695 0.00130477
0 0.0620832 0.937917
1 0.999813 0.000187266
0 0.0259685 0.974032
0 1e-07 1
0 0.300554 0.699446
0 0.033652 0.966348
1 0.999999 7.18918e-07
1 0.99903 0.000970091
1 0.999371 0.000628684
1 0.996426 0.00357444
0 0.00425869 0.995741
1 0.99583 0.00416992
0 0.0113579 0.988642
1 0.999781 0.000219129
0 0.0675772 0.932423
1 0.966555 0.0334451
1 0.85699 0.14301
0 0.368445 0.631555
0 4.42297e-06 0.999996
1 0.64612 0.35388
1 0.998325 0.00167512
1 0.934544 0.0654563
1 0.998249 0.00175062
1 0.995912 0.0040882
1 0.999953 4.72282e-05
0 0.0281616 0.971838
0 0.00786421 0.992136
1 0.99988 0.000119671
1 1 1.99082e-07
1 0.996141 0.00385865
0 5.94726e-06 0.999994
1 0.999494 0.000506146
1 0.987007 0.0129932
0 5.69718e-06 0.999994
1 0.999896 0.000103794
1 0.922205 0.0777947
1 0.992462 0.00753798
1 0.996809 0.00319123
1 0.924069 0.0759308
1 0.99963 0.000369749
1 0.987209 0.0127909
1 0.999999 5.0152e-07
1 0.509541 0.490459
1 0.935418 0.064582
0 0.000134043 0.999866
0 1.8257e-06 0.999998
1 0.999888 0.000111799
0 0.000758174 0.999242
1 0.999965 3.48005e-05
1 0.997548 0.00245249
1 0.990022 0.00997761
1 0.998884 0.00111552
1 0.837535 0.162465
1 0.998243 0.00175671
0 0.120263 0.879737
1 0.523815 0.476185
1 0.996834 0.0031663
1 0.861248 0.138752
1 0.549808 0.450192
1 0.999793 0.000206542
0 2.15699e-05 0.999978
1 0.999619 0.000381111
0 6.43893e-05 0.999936
0 0.12063 0.87937
0 0.290248 0.709752
1 0.989979 0.0100206
1 0.998315 0.00168531
1 0.998943 0.00105733
1 0.997905 0.00209497
1 0.688964 0.311036
0 0.257856 0.742144
0 7.93118e-05 0.999921
1 0.998443 0.00155733
1 0.819076 0.180924
1 0.999734 0.000266405
1 0.993137 0.0068635
1 0.993868 0.00613206
1 0.743204 0.256796
0 5.60056e-05 0.999944
1 0.999541 0.000458659
1 0.997923 0.00207744
1 0.981052 0.018948
1 0.99917 0.000830458
1 0.997168 0.00283196
0 0.0129357 0.987064
1 0.999737 0.000263488
1 0.983617 0.0163828
1 0.999876 0.000124467
1 0.958941 0.0410586
0 3.39836e-05 0.999966
1 0.974968 0.0250317
1 0.997199 0.00280121
0 0.0675888 0.932411
1 0.996322 0.00367769
1 0.995622 0.00437766
0 1.0119e-06 0.999999
1 0.999446 0.000553525
0 1e-07 1
1 0.99996 3.99974e-05
1 0.999803 0.00019709
0 0.323262 0.676738
1 0.671153 0.328847
1 0.99975 0.00025016
1 0.979655 0.0203451
1 0.697965 0.302035
1 0.516295 0.483705
0 0.355502 0.644498
1 0.999474 0.000526181
0 0.216233 0.783767
1 0.926962 0.0730384
0 3.65673e-05 0.999963
1 0.998865 0.00113537
1 0.997217 0.00278254
0 1.826e-05 0.999982
1 0.967676 0.0323237
1 0.972355 0.0276448
1 0.999637 0.000363147
1 0.930574 0.0694264
1 0.994859 0.00514099
1 0.641735 0.358265
1 0.698342 0.301658
1 0.998567 0.00143348
1 0.999864 0.000136147
1 0.99845 0.00155014
1 0.624256 0.375744
1 0.975515 0.0244846
1 0.999711 0.000289455
1 0.999923 7.67721e-05
1 0.999085 0.000915058
1 0.99993 7.00851e-05
0 0.0422569 0.957743
0 0.254904 0.745096
1 0.93778 0.0622199
0 0.000443319 0.999557
0 0.141982 0.858018
1 0.999821 0.000178931
1 0.999952 4.75083e-05
1 0.994056 0.00594359
0 0.000240772 0.999759
1 0.986276 0.0137238
0 0.0295454 0.970455
1 0.999981 1.90237e-05
1 0.998105 0.00189532
1 0.978596 0.0214038
1 0.995036 0.00496375
1 0.997771 0.00222927
1 0.98025 0.0197501
0 0.0913556 0.908644
0 0.26866 0.73134
0 1.13568e-05 0.999989
1 0.928491 0.0715086
0 0.000595996 0.999404
0 0.0775221 0.922478
0 1.06867e-06 0.999999
0 0.0427115 0.957289
1 0.999627 0.000372506
1 0.999907 9.28267e-05
1 0.998845 0.00115518
0 0.0272593 0.972741
1 0.999615 0.000385121
1 0.981038 0.0189617
1 0.651685 0.348315
1 0.995196 0.004804
1 0.999936 6.36639e-05
1 0.998721 0.00127915
1 0.997889 0.0021113
1 0.983965 0.016035
1 0.997453 0.002547
1 0.887099 0.112901
1 0.996841 0.00315877
1 0.994519 0.00548141
1 0.976687 0.023313
1 0.998425 0.00157499
1 0.991611 0.00838851
0 7.21984e-06 0.999993
1 0.9143 0.0857001
1 0.982356 0.0176435
1 0.904867 0.0951327
1 0.99079 0.00921005
1 0.999192 0.000808187
1 0.942942 0.0570576
1 0.914355 0.0856448
1 0.510531 0.489469
1 0.785439 0.214561
0 0.25924 0.74076
1 0.999512 0.000488193
0 0.108705 0.891295
1 0.992941 0.00705877
1 0.999525 0.000475456
1 0.999983 1.71406e-05
1 0.639904 0.360096
1 0.999543 0.000457163
1 0.870673 0.129327
1 0.999802 0.000198255
1 0.989745 0.0102545
1 0.972277 0.0277226
1 0.969608 0.0303916
1 0.998048 0.00195167
1 0.521243 0.478757
0 0.0118382 0.988162
1 0.979496 0.0205038
0 0.000137533 0.999862
1 0.893766 0.106234
0 6.41931e-05 0.999936
1 0.984214 0.015786
1 0.999957 4.25255e-05
0 3.85843e-05 0.999961
1 0.728493 0.271507
1 0.952395 0.0476054
1 0.998537 0.00146337
0 5.29854e-06 0.999995
1 0.988912 0.0110878
0 0.0858111 0.914189
0 8.13219e-06 0.999992
0 0.000175157 0.999825
1 0.998067 0.00193267
1 0.998637 0.00136322
1 0.978315 0.0216852
0 0.23617 0.76383
1 0.999801 0.000198529
1 0.987061 0.0129393
1 0.997455 0.00254504
1 0.992245 0.00775547
0 0.0468574 0.953143
0 4.12634e-06 0.999996
1 0.979686 0.0203138
1 0.999942 5.82158e-05
0 0.000213236 0.999787
1 0.999787 0.000212836
1 0.999986 1.44643e-05
1 0.999206 0.000793519
1 0.589768 0.410232
1 0.934403 0.0655969
1 0.836031 0.163969
1 0.999711 0.000288681
1 0.999855 0.000145388
1 0.932062 0.0679384
1 0.998142 0.00185803
0 0.0556943 0.944306
0 1.28222e-06 0.999999
1 0.99876 0.00123982
1 0.983683 0.0163169
1 0.997915 0.00208511
1 0.915119 0.0848807
1 0.867883 0.132117
1 0.983282 0.0167177
1 0.999955 4.48184e-05
1 0.853813 0.146187
1 0.996658 0.00334245
0 2.05062e-06 0.999998
1 0.671209 0.328791
1 0.999987 1.28127e-05
0 5.13534e-07 0.999999
1 0.916843 0.0831569
1 0.999584 0.000416426
0 1.21464e-06 0.999999
1 0.94555 0.0544496
1 0.979337 0.0206625
1 0.712226 0.287774
0 2.10389e-06 0.999998
1 0.9986 0.00140028
1 0.861298 0.138702
1 0.999794 0.000205654
0 0.329834 0.670166
1 0.69778 0.30222
1 0.999996 3.69859e-06
1 0.989956 0.0100439
1 0.910624 0.0893761
1 0.999414 0.000586395
0 0.496721 0.503279
0 2.90515e-06 0.999997
1 0.996565 0.00343459
1 0.999022 0.000978357
1 0.999434 0.000566398
0 0.375545 0.624455
0 0.0494275 0.950572
1 0.990598 0.00940165
1 0.996011 0.00398928
1 0.99839 0.00160977
1 0.962125 0.0378753
0 2.43191e-07 1
0 9.56868e-06 0.99999
1 0.839743 0.160257
0 0.299087 0.700913
1 0.995694 0.00430594
0 9.43028e-05 0.999906
1 0.744097 0.255903
1 0.948086 0.0519141
0 0.0847973 0.915203
1 0.861947 0.138053
1 0.996491 0.00350853
1 0.997504 0.00249618
1 0.516286 0.483714
1 0.999607 0.000392747
0 0.434006 0.565994
1 0.999927 7.25391e-05
1 0.967257 0.032743
1 0.999178 0.000822296
1 0.98911 0.0108902
1 0.989699 0.0103013
0 3.69222e-06 0.999996
0 0.00244755 0.997552
1 0.999746 0.000253628
1 0.943823 0.056177
0 0.00756056 0.992439
1 0.719323 0.280677
0 0.182914 0.817086
1 0.99999 1.03742e-05
1 0.96222 0.0377801
0 0.0216265 0.978374
1 0.984906 0.0150943
0 0.035734 0.964266
0 1.86026e-05 0.999981
1 0.99998 2.03855e-05
1 0.996699 0.00330112
1 0.931852 0.0681484
0 3.9678e-06 0.999996
1 0.984564 0.0154358
1 0.971793 0.0282068
0 0.000127921 0.999872
1 0.642668 0.357332
1 0.998059 0.00194083
1 1 4.06608e-07
1 0.949322 0.050678
1 0.999976 2.39914e-05
1 0.999333 0.000666838
1 0.99439 0.00560989
1 0.9849 0.0151001
0 0.00838207 0.991618
0 0.0155408 0.984459
1 0.997867 0.00213318
0 0.275731 0.724269
1 0.994175 0.0058251
1 0.690386 0.309614
1 0.999438 0.000562297
0 0.253691 0.746309
1 0.579449 0.420551
1 0.99606 0.00394026
1 0.976047 0.0239526
1 0.999816 0.000183567
0 0.163317 0.836683
0 1.6555e-06 0.999998
1 0.998714 0.00128621
1 0.999917 8.261e-05
1 0.984492 0.0155082
0 0.00964569 0.990354
0 0.00835397 0.991646
0 0.28402 0.71598
1 0.987093 0.012907
1 0.960212 0.0397875
1 0.999582 0.00041802
1 0.99978 0.00022037
1 0.739452 0.260548
1 0.591347 0.408653
1 0.996306 0.00369426
0 0.000258319 0.999742
1 0.99593 0.00407034
1 0.67758 0.32242
1 0.996911 0.00308936
1 0.677743 0.322257
0 0.0357942 0.964206
1 0.856064 0.143936
1 0.998664 0.00133562
0 0.00237203 0.997628
0 0.0323254 0.967675
1 0.990663 0.00933683
1 0.781926 0.218074
1 0.970434 0.0295657
1 0.999788 0.000211668
1 0.999984 1.61725e-05
1 0.999666 0.000334473
0 1.80698e-05 0.999982
1 0.967533 0.0324665
1 0.651635 0.348365
0 0.290672 0.709328
1 0.993412 0.00658789
0 0.0464166 0.953583
1 0.999981 1.88851e-05
1 0.998707 0.00129291
1 0.548305 0.451695
1 0.999415 0.000585091
1 0.999978 2.17257e-05
0 0.0272903 0.97271
0 0.124881 0.875119
1 0.711079 0.288921
1 0.993683 0.00631699
1 0.950189 0.0498107
1 0.996335 0.00366466
0 0.135173 0.864827
1 0.999997 3.28334e-06
1 0.998817 0.0011827
0 0.0029769 0.997023
1 0.996422 0.00357758
0 0.474588 0.525412
0 0.0226675 0.977333
0 0.429156 0.570844
1 0.999815 0.00018492
1 0.980615 0.0193848
1 0.994107 0.0058933
0 3.51459e-06 0.999996
1 0.97056 0.0294397
1 0.990002 0.00999752
1 0.994548 0.00545164
1 0.991402 0.00859785
1 0.999183 0.000817262
1 0.943681 0.0563187
0 9.24367e-05 0.999908
0 0.365865 0.634135
1 0.998926 0.00107407
0 0.000441106 0.999559
1 0.985223 0.0147773
1 0.989821 0.0101788
1 0.751168 0.248832
1 0.98855 0.0114503
1 0.562222 0.437778
1 0.681365 0.318635
1 0.999349 0.000650717
1 0.999969 3.09897e-05
1 0.996924 0.00307555
1 1 1e-07
1 0.773942 0.226058
0 0.00775505 0.992245
1 0.999719 0.000281153
1 0.739371 0.260629
0 0.000313321 0.999687
0 0.0765181 0.923482
1 0.683241 0.316759
1 0.984209 0.0157909
1 0.989543 0.0104569
1 0.999649 0.000351081
1 0.971485 0.0285151
1 0.987301 0.0126994
1 0.506142 0.493858
1 0.830761 0.169239
0 0.0253858 0.974614
1 0.946231 0.0537695
1 0.993597 0.0064027
1 0.999968 3.16325e-05
0 0.100015 0.899985
0 0.00224233 0.997758
1 0.98726 0.0127401
0 8.25993e-05 0.999917
1 0.987897 0.0121034
0 0.00903094 0.990969
1 0.893654 0.106346
1 0.985567 0.014433
1 0.998449 0.00155133
0 0.0390295 0.960971
0 0.173009 0.826991
1 0.996545 0.00345497
1 0.96362 0.0363804
1 0.999625 0.000375332
1 0.999872 0.000127597
1 0.909151 0.0908488
0 0.192848 0.807152
1 0.988685 0.0113153
1 0.724365 0.275635
1 0.80447 0.19553
1 0.667008 0.332992
1 0.770396 0.229604
1 0.9925 0.00750016
0 2.69133e-07 1
0 0.245279 0.754721
1 0.994318 0.00568153
1 0.997935 0.00206464
1 0.991855 0.00814519
1 0.999929 7.08502e-05
1 0.999106 0.000893953
1 0.503515 0.496485
1 0.998749 0.00125087
0 0.0210689 0.978931
0 0.453688 0.546312
1 0.995958 0.00404154
0 0.0810034 0.918997
1 0.999129 0.000871205
0 8.15132e-07 0.999999
1 0.94167 0.05833
1 0.702399 0.297601
1 0.987361 0.0126392
1 0.659141 0.340859
1 0.800851 0.199149
1 0.98752 0.0124799
1 0.98843 0.0115705
1 0.672566 0.327434
1 0.997325 0.00267451
0 1.17456e-07 1
1 0.999997 3.48088e-06
0 0.00042935 0.999571
1 0.99966 0.000340395
1 0.98816 0.0118397
1 0.999509 0.000490558
1 0.999101 0.000899489
1 0.999959 4.07177e-05
1 0.999744 0.000255881
1 0.999992 8.38892e-06
1 0.573114 0.426886
1 0.997954 0.00204639
1 0.998237 0.00176259
1 0.990689 0.00931089
1 0.999954 4.59864e-05
1 0.999494 0.000506072
0 1.48122e-06 0.999999
1 0.996794 0.00320601
1 0.82 0.18
0 0.00103202 0.998968
1 0.999209 0.000790637
1 0.97795 0.0220501
1 0.998185 0.00181514
1 0.999368 0.000632474
1 0.998573 0.00142694
1 0.99979 0.000210446
1 0.994578 0.00542184
1 0.999763 0.000237333
1 0.997041 0.00295919
0 0.0972518 0.902748
1 0.997105 0.00289487
1 0.691757 0.308243
1 0.999722 0.000277505
1 0.999732 0.000267738
1 0.99207 0.00793001
0 0.109855 0.890145
1 0.708785 0.291215
1 0.99983 0.000170086
0 0.119264 0.880736
1 0.999988 1.19403e-05
1 0.974587 0.0254129
1 0.988167 0.011833
1 0.999781 0.000218505
1 0.736978 0.263022
1 0.994573 0.00542663
1 0.880655 0.119345
1 0.999984 1.55126e-05
1 0.999071 0.000929399
0 0.000416627 0.999583
0 0.000153181 0.999847
1 0.999993 7.46564e-06
1 0.999953 4.65714e-05
1 0.999982 1.8164e-05
0 4.71183e-05 0.999953
0 0.0167798 0.98322
1 0.759014 0.240986
1 0.738492 0.261508
1 0.999738 0.000261648
1 0.90555 0.0944495
1 1 2.40615e-07
1 0.999773 0.00022686
1 0.99848 0.00151994
1 0.651289 0.348711
1 0.994334 0.00566595
1 0.93617 0.0638298
0 5.18979e-05 0.999948
1 0.917384 0.0826162
1 0.998654 0.00134574
1 0.930901 0.0690989
1 0.998402 0.00159775
1 0.99524 0.00475976
1 0.986709 0.0132909
0 6.54483e-06 0.999993
1 0.964022 0.0359775
1 0.997455 0.00254515
1 0.990584 0.00941598
0 6.3117e-05 0.999937
0 1.37821e-05 0.999986
0 0.000142303 0.999858
0 2.71994e-07 1
1 0.999301 0.000698619
1 0.999893 0.000107432
1 0.998862 0.00113763
1 0.97811 0.02189
1 0.99959 0.000409623
0 0.0209028 0.979097
1 0.835396 0.164604
1 0.982164 0.0178359
0 5.16196e-06 0.999995
0 1.72727e-05 0.999983
0 1.76073e-05 0.999982
1 0.619778 0.380222
1 0.974659 0.0253406
1 0.638454 0.361546
1 0.999916 8.36468e-05
1 0.992389 0.00761057
1 0.999676 0.000324466
1 0.979135 0.0208648
1 0.590067 0.409933
0 5.88803e-06 0.999994
1 0.991911 0.0080885
1 0.994446 0.00555418
1 0.77185 0.22815
0 0.409247 0.590753
0 0.45036 0.54964
1 0.536804 0.463196
1 0.997636 0.00236425
1 0.962988 0.0370119
0 0.0936967 0.906303
0 1e-07 1
0 9.39894e-05 0.999906
1 0.751728 0.248272
1 0.988577 0.0114228
1 0.999976 2.42374e-05
1 0.995556 0.00444396
1 0.994315 0.00568452
1 0.999944 5.62548e-05
1 0.998314 0.00168612
1 0.776437 0.223563
1 0.71924 0.28076
1 0.999801 0.000199087
0 0.0178405 0.98216
1 0.999973 2.73211e-05
1 0.999496 0.000503866
0 7.54196e-06 0.999992
1 0.977106 0.0228937
1 0.998528 0.00147221
1 0.989512 0.0104877
1 0.874727 0.125273
1 0.855499 0.144501
1 0.973497 0.0265033
1 0.993318 0.00668176
1 0.946569 0.0534306
1 0.997611 0.00238931
0 0.00472405 0.995276
1 0.960295 0.0397049
1 0.705595 0.294405
1 0.998607 0.00139276
0 3.8993e-05 0.999961
0 0.368407 0.631593
1 0.770474 0.229526
1 0.981805 0.0181947
1 0.997798 0.00220216
1 0.999437 0.000562906
0 0.0431338 0.956866
0 0.38583 0.61417
0 0.274578 0.725422
1 0.621853 0.378147
1 0.9211 0.0789001
1 0.998943 0.00105681
1 0.857678 0.142322
1 0.99933 0.000669962
1 0.998271 0.00172881
1 0.991987 0.00801319
0 5.84048e-06 0.999994
1 0.808834 0.191166
0 0.336934 0.663066
0 0.0251701 0.97483
1 0.995276 0.00472384
1 0.999783 0.000216781
1 0.956619 0.0433809
1 0.977368 0.0226315
0 5.80193e-06 0.999994
1 0.884094 0.115906
0 0.0202741 0.979726
0 1.53598e-06 0.999998
1 0.999977 2.33599e-05
0 0.00850578 0.991494
1 0.999947 5.31124e-05
0 2.19091e-06 0.999998
1 0.837232 0.162768
1 0.998756 0.00124425
0 0.432629 0.567371
1 0.988645 0.0113548
1 0.997341 0.00265855
0 5.0905e-06 0.999995
1 0.993219 0.00678119
1 0.999701 0.000298797
1 0.994579 0.005421
1 0.954662 0.0453378
0 0.264111 0.735889
1 0.999932 6.78235e-05
1 0.99233 0.00767046
0 0.164844 0.835156
0 0.495665 0.504335
1 0.984897 0.0151029
0 1.28908e-05 0.999987
1 0.999756 0.000244367
1 0.980295 0.0197048
1 0.944015 0.0559847
1 0.949133 0.0508666
1 0.999774 0.000225716
1 0.51282 0.48718
1 0.883392 0.116608
1 0.999524 0.00047587
1 0.745482 0.254518
0 0.000840691 0.999159
1 0.98232 0.01768
1 0.828421 0.171579
1 0.997869 0.00213073
0 0.0489522 0.951048
1 0.983855 0.0161453
1 0.841004 0.158996
1 0.819224 0.180776
1 0.980251 0.0197486
0 0.257568 0.742432
0 0.320353 0.679647
1 0.999206 0.000794341
0 3.42383e-06 0.999997
1 0.999998 2.06042e-06
1 0.998496 0.00150364
1 0.976517 0.0234827
1 0.999121 0.00087904
1 0.999743 0.00025674
1 0.995041 0.00495857
1 0.999756 0.000244048
0 0.00424946 0.995751
1 0.966839 0.0331613
1 0.829263 0.170737
0 0.0610001 0.939
1 0.959143 0.0408569
1 0.65049 0.34951
1 0.883167 0.116833
0 0.00707636 0.992924
1 0.984028 0.0159719
0 0.263217 0.736783
1 0.998985 0.00101452
1 0.657807 0.342193
0 8.53061e-05 0.999915
1 0.988348 0.0116517
1 0.869147 0.130853
1 0.987034 0.0129655
1 0.999928 7.16251e-05
1 0.975316 0.0246837
0 0.119195 0.880805
1 0.778916 0.221084
0 0.000727247 0.999273
1 0.992699 0.00730119
0 0.000867747 0.999132
1 0.999962 3.7919e-05
1 0.968801 0.0311988
1 0.99995 5.04102e-05
1 0.98847 0.0115295
1 0.999085 0.000915246
1 0.997552 0.00244809
0 3.53997e-05 0.999965
1 0.991663 0.00833674
1 0.989459 0.0105409
1 0.99999 9.60183e-06
0 0.172065 0.827935
1 0.724026 0.275974
0 0.000112546 0.999887
1 0.607261 0.392739
1 0.999892 0.000107711
1 0.533267 0.466733
1 0.997496 0.0025036
1 0.949252 0.0507481
1 0.982969 0.0170308
1 0.982542 0.0174582
0 0.130599 0.869401
1 0.98823 0.0117699
1 0.999962 3.84948e-05
1 0.960708 0.0392916
1 0.998956 0.00104407
0 4.22683e-05 0.999958
1 0.906847 0.093153
1 0.999921 7.88337e-05
1 0.999868 0.000132235
0 0.152898 0.847102
1 0.999858 0.000142413
1 0.99818 0.00182038
1 0.999998 1.63631e-06
0 0.000215077 0.999785
1 0.99512 0.00487989
1 0.981258 0.0187425
1 0.998449 0.00155069
0 0.390812 0.609188
0 0.000140362 0.99986
1 0.983128 0.016872
1 0.999948 5.21808e-05
1 0.989774 0.0102262
0 0.406964 0.593036
1 0.999934 6.57624e-05
0 0.00164552 0.998354
1 0.993154 0.00684565
1 0.988394 0.0116055
1 0.97298 0.0270203
1 0.974572 0.0254276
0 0.0159612 0.984039
1 0.999468 0.000531872
1 0.945688 0.0543117
1 0.778979 0.221021
1 0.999956 4.37985e-05
1 0.999998 1.91554e-06
0 0.401019 0.598981
1 0.95696 0.0430398
1 0.99709 0.00291021
1 0.999996 3.87208e-06
1 0.946282 0.0537184
1 0.812817 0.187183
1 0.999651 0.00034933
1 0.999988 1.16193e-05
1 0.999645 0.000355194
1 0.789037 0.210963
1 0.994188 0.00581152
1 0.998772 0.00122825
0 0.000174116 0.999826
1 0.991288 0.00871242
1 0.999222 0.000777783
0 0.320136 0.679864
1 0.970225 0.0297753
0 0.00527997 0.99472
1 0.994916 0.00508384
1 0.751175 0.248825
1 0.997002 0.00299792
0 0.0270449 0.972955
1 0.948592 0.051408
1 0.985339 0.0146609
1 0.993945 0.00605523
1 0.97929 0.0207096
1 0.764446 0.235554
0 0.056023 0.943977
1 0.81819 0.18181
1 0.722618 0.277382
0 4.97009e-05 0.99995
0 0.00150051 0.998499
1 0.911731 0.0882688
1 0.979509 0.0204913
0 0.046949 0.953051
1 0.995976 0.00402367
0 0.00744995 0.99255
1 0.926679 0.0733212
1 0.998572 0.00142783
0 0.440721 0.559279
1 0.678714 0.321286
1 0.743634 0.256366
1 0.516494 0.483506
0 3.2205e-06 0.999997
1 0.999947 5.25449e-05
0 3.02758e-05 0.99997
0 0.332716 0.667284
1 0.775387 0.224613
1 0.955549 0.0444515
0 0.255482 0.744518
0 0.0739938 0.926006
1 0.999431 0.000568984
1 0.996416 0.0035838
0 0.0169044 0.983096
1 0.924196 0.0758043
1 0.79378 0.20622
1 0.995523 0.00447653
1 0.999956 4.37153e-05
1 0.999507 0.000493111
1 0.805492 0.194508
1 0.955686 0.0443135
0 0.0226907 0.977309
0 1e-07 1
0 0.31598 0.68402
1 0.87199 0.12801
1 0.952589 0.0474113
1 0.999893 0.000106807
1 0.997431 0.00256939
1 0.907377 0.0926233
1 0.989543 0.0104571
1 0.996509 0.00349076
1 0.996666 0.0033341
0 0.000751457 0.999249
0 0.0119615 0.988038
0 0.489621 0.510379
1 0.992824 0.00717648
0 0.0333235 0.966677
1 0.9995 0.000500464
1 0.993326 0.00667357
1 0.999971 2.88863e-05
1 0.973202 0.0267982
1 0.999047 0.000953131
0 0.294725 0.705275
1 0.997838 0.00216185
1 0.990286 0.00971382
1 0.597326 0.402674
1 0.878712 0.121288
1 0.526912 0.473088
1 0.997615 0.00238476
1 0.999464 0.000535877
1 0.996443 0.0035566
0 0.000600492 0.9994
1 0.998307 0.00169255
1 0.999967 3.34279e-05
1 0.566749 0.433251
0 0.0363362 0.963664
1 0.998372 0.00162821
1 0.923029 0.076971
0 6.18805e-07 0.999999
1 0.993817 0.00618304
1 0.999218 0.000781578
1 0.978437 0.0215626
0 1.56772e-05 0.999984
1 0.993638 0.00636231
1 0.997293 0.00270699
0 1.52951e-05 0.999985
0 0.00986217 0.990138
0 0.401718 0.598282
1 0.98614 0.0138598
1 0.998775 0.00122471
1 0.990878 0.00912185
0 0.37784 0.62216
1 0.969887 0.0301132
1 0.738256 0.261744
0 0.159838 0.840162
0 0.3374 0.6626
1 0.998906 0.00109358
0 4.88415e-07 1
1 0.998764 0.00123574
1 0.999975 2.47998e-05
1 0.999898 0.000102334
0 0.00269732 0.997303
0 0.279661 0.720339
1 0.998357 0.00164253
0 0.0610442 0.938956
1 0.963786 0.0362144
0 2.4724e-05 0.999975
0 0.0116866 0.988313
1 0.999018 0.000982127
0 0.00155852 0.998441
1 0.892378 0.107622
1 0.994431 0.00556916
1 0.999602 0.000398455
1 0.99584 0.00415981
0 1.1595e-05 0.999988
1 0.930372 0.0696284
1 0.999879 0.000120687
0 0.0340225 0.965978
1 0.999584 0.000416387
1 0.998671 0.00132943
1 0.979388 0.0206124
1 0.99434 0.00565951
1 0.989087 0.0109127
1 0.9995 0.000500216
1 0.718194 0.281806
1 0.996862 0.00313763
0 0.17108 0.82892
1 0.985714 0.0142857
1 0.999917 8.26282e-05
1 0.99985 0.000149985
0 0.00425559 0.995744
1 0.994678 0.00532226
0 5.92902e-06 0.999994
0 0.0159249 0.984075
1 0.999677 0.000323132
1 0.999657 0.00034256
0 1.40069e-07 1
1 0.998519 0.00148116
0 0.286025 0.713975
1 0.999909 9.07732e-05
1 0.987308 0.0126923
0 0.312556 0.687444
1 0.874294 0.125706
1 0.979695 0.0203048
1 0.999837 0.000163295
0 0.0538021 0.946198
1 0.995371 0.00462927
1 0.991413 0.00858699
1 0.98679 0.0132102
0 0.172069 0.827931
0 0.000126019 0.999874
1 0.999996 4.19173e-06
1 0.999531 0.000468806
1 0.998877 0.00112288
1 0.991021 0.0089788
1 0.999919 8.13529e-05
0 1e-07 1
0 0.0399193 0.960081
0 0.25685 0.74315
0 0.194208 0.805792
0 0.422341 0.577659
1 0.719562 0.280438
1 0.984441 0.0155586
1 0.999772 0.000228184
1 0.985943 0.0140574
1 0.973055 0.0269454
1 0.702328 0.297672
1 0.980299 0.019701
1 0.993069 0.00693084
1 0.798032 0.201968
1 0.884859 0.115141
1 0.988866 0.011134
0 0.000161626 0.999838
0 2.85197e-05 0.999971
0 0.0378751 0.962125
1 0.770669 0.229331
1 0.99996 3.9964e-05
1 0.936123 0.0638769
1 0.999824 0.000176015
1 0.980512 0.0194878
1 0.8862 0.1138
1 0.986744 0.0132558
1 0.998618 0.00138228
1 0.998664 0.00133627
1 0.997667 0.00233255
0 2.2184e-07 1
0 0.233646 0.766354
1 0.998419 0.00158089
0 0.416908 0.583092
1 0.999896 0.000104238
0 1.50542e-07 1
1 0.991169 0.00883084
1 0.993309 0.00669117
1 0.998588 0.0014119
0 0.00915361 0.990846
1 0.999984 1.64129e-05
0 1.90542e-06 0.999998
1 0.858063 0.141937
1 0.746119 0.253881
1 0.974958 0.0250423
1 0.549176 0.450824
1 0.997748 0.00225194
1 0.996477 0.00352259
1 0.999985 1.54138e-05
1 0.999995 4.87066e-06
0 0.00667435 0.993326
1 0.999298 0.000701871
0 0.292363 0.707637
0 0.00104756 0.998952
0 0.433477 0.566523
1 0.994454 0.00554615
0 2.24503e-06 0.999998
0 0.00209035 0.99791
1 0.988914 0.0110856
0 0.154285 0.845715
0 1.14015e-07 1
1 0.999999 1.08105e-06
1 0.656796 0.343204
1 0.999921 7.92278e-05
1 0.999733 0.000267472
1 0.842742 0.157258
0 0.029912 0.970088
1 0.765689 0.234311
0 1e-07 1
0 0.000112206 0.999888
0 9.13253e-06 0.999991
1 0.997988 0.00201239
0 0.110294 0.889706
1 0.979884 0.0201158
1 0.68162 0.31838
1 0.999828 0.000172272
1 0.99536 0.00463983
1 0.986734 0.0132661
0 0.0119334 0.988067
0 0.375268 0.624732
0 4.67308e-05 0.999953
1 0.999512 0.000487675
0 0.382126 0.617874
1 0.999934 6.6412e-05
1 0.999992 7.9987e-06
1 0.992086 0.00791428
0 3.4187e-07 1
0 4.14027e-06 0.999996
0 0.127219 0.872781
1 0.977652 0.0223483
1 0.987254 0.0127465
0 0.397823 0.602177
0 0.305655 0.694345
0 0.0372606 0.962739
0 0.000974528 0.999025
1 0.537618 0.462382
1 0.999955 4.54524e-05
1 0.964216 0.0357845
1 0.999997 3.20666e-06
0 2.52739e-05 0.999975
1 0.99939 0.000610258
0 0.138371 0.861629
1 0.988596 0.0114043
1 0.932084 0.067916
1 0.985922 0.0140784
0 0.171508 0.828492
0 0.442006 0.557994
0 0.0125142 0.987486
1 0.545457 0.454543
1 0.999747 0.000252802
0 0.27596 0.72404
0 0.0561883 0.943812
1 0.628985 0.371015
1 0.999764 0.000235513
1 0.97772 0.0222802
0 0.0102428 0.989757
1 0.579774 0.420226
1 0.999629 0.00037071
1 0.999523 0.000476935
1 0.999935 6.48503e-05
1 0.998583 0.00141653
1 0.992134 0.00786598
1 0.921942 0.0780578
1 0.99997 3.01992e-05
1 0.995346 0.00465365
1 0.998877 0.00112256
1 0.593278 0.406722
1 0.746018 0.253982
1 0.99601 0.00398996
0 0.00204556 0.997954
1 0.841713 0.158287
1 0.970304 0.029696
0 9.86213e-05 0.999901
0 0.242887 0.757113
1 0.979233 0.0207667
1 0.999823 0.000177162
1 1 1e-07
1 0.994876 0.00512442
1 0.982254 0.0177462
1 0.979451 0.0205493
1 0.984277 0.015723
1 0.996765 0.00323523
1 0.914488 0.0855122
1 0.999251 0.000749315
1 0.995491 0.00450917
1 0.997122 0.00287763
1 0.999194 0.000806236
1 0.999995 5.4395e-06
1 0.988916 0.0110837
1 0.929314 0.070686
1 0.99953 0.000470455
0 1.36676e-05 0.999986
1 0.956242 0.0437584
1 0.532413 0.467587
1 0.99075 0.00925019
1 0.989056 0.0109437
1 0.998952 0.00104845
1 0.999999 9.0199e-07
1 0.997488 0.00251239
1 0.98291 0.0170898
0 2.36515e-05 0.999976
1 0.995571 0.0044295
1 0.995284 0.00471565
1 0.96887 0.0311302
1 0.999968 3.17024e-05
1 0.987644 0.0123565
1 0.999758 0.000241623
1 0.999952 4.79742e-05
1 0.911189 0.088811
0 0.138482 0.861518
1 0.99741 0.00258959
1 0.989129 0.0108712
0 2.02834e-07 1
0 0.154833 0.845167
1 0.99988 0.000119829
1 0.998116 0.00188363
1 0.977844 0.0221562
1 0.977009 0.0229913
0 1.27972e-05 0.999987
0 0.025766 0.974234
1 0.999699 0.000300919
1 0.998121 0.00187931
1 0.99076 0.00924008
0 5.03145e-06 0.999995
1 0.997356 0.00264396
1 0.997472 0.00252774
0 0.119806 0.880194
1 0.992013 0.00798698
1 0.995798 0.00420209
1 0.987152 0.0128484
1 0.579024 0.420976
1 0.873997 0.126003
1 0.985676 0.0143238
0 0.0621443 0.937856
1 0.946456 0.0535444
1 0.524898 0.475102
1 0.991119 0.00888109
1 1 2.30267e-07
1 0.999858 0.000142367
1 0.995669 0.00433096
1 0.983786 0.0162138
1 0.977968 0.0220318
1 0.999932 6.78896e-05
1 0.633616 0.366384
1 0.710703 0.289297
1 0.880802 0.119198
1 0.999936 6.37262e-05
1 0.997845 0.00215493
1 0.951322 0.0486783
1 0.504028 0.495972
1 0.606496 0.393504
1 0.993382 0.00661771
1 0.99999 9.67545e-06
0 0.276756 0.723244
1 0.988671 0.0113287
0 0.469654 0.530346
1 0.999968 3.19271e-05
1 0.621834 0.378166
1 0.990943 0.00905732
1 0.999653 0.000346768
1 0.997728 0.00227172
1 0.999992 8.21463e-06
1 0.999906 9.41596e-05
1 0.964669 0.0353307
1 0.999848 0.000152379
0 0.0732167 0.926783
1 0.957815 0.0421847
1 0.999948 5.17828e-05
1 0.999332 0.000668198
1 0.799654 0.200346
1 0.828961 0.171039
1 0.953349 0.0466509
1 0.997806 0.00219372
1 0.999991 9.21991e-06
1 0.993941 0.0060588
1 0.987743 0.0122565
1 0.999903 9.67142e-05
0 0.0442728 0.955727
1 0.971935 0.0280649
1 0.997211 0.00278884
1 0.993919 0.00608074
1 0.968562 0.0314381
1 0.999545 0.00045482
0 0.00484363 0.995156
1 0.948033 0.0519673
0 0.000167001 0.999833
1 0.999996 3.72482e-06
1 0.996065 0.0039353
1 0.999993 6.7218e-06
1 0.998325 0.0016747
0 0.0697545 0.930245
1 0.999847 0.000152587
1 0.600448 0.399552
1 0.984765 0.0152345
1 0.992065 0.00793517
0 0.493672 0.506328
1 0.999726 0.000274224
1 0.999414 0.000586296
1 0.9889 0.0110996
1 0.97681 0.0231901
1 0.997807 0.00219345
0 0.0411122 0.958888
1 0.994193 0.00580657
1 0.999998 1.86624e-06
1 0.590127 0.409873
0 0.000797693 0.999202
1 0.999928 7.17483e-05
1 0.997034 0.00296608
1 0.999985 1.49021e-05
1 0.816109 0.183891
1 0.998967 0.00103294
1 0.985311 0.014689
1 0.99525 0.00475002
1 0.982558 0.0174422
1 0.544814 0.455186
1 0.993552 0.00644757
0 0.01019 0.98981
1 0.986429 0.0135714
0 0.103695 0.896305
0 0.193497 0.806503
1 0.979178 0.0208223
1 0.991643 0.00835699
1 0.999964 3.63316e-05
1 0.996733 0.00326714
0 2.87864e-05 0.999971
0 0.429042 0.570958
1 0.985572 0.0144283
1 0.95904 0.0409595
1 0.97294 0.0270604
1 0.999988 1.19497e-05
1 0.996152 0.00384757
1 0.978856 0.0211442
0 0.30666 0.69334
1 0.996242 0.00375812
1 0.997786 0.00221383
1 0.576555 0.423445
1 0.994398 0.00560238
0 0.125547 0.874453
1 0.996251 0.00374888
1 0.788605 0.211395
1 0.667653 0.332347
1 0.525583 0.474417
0 0.000359055 0.999641
0 1.38547e-05 0.999986
1 0.734581 0.265419
1 0.987929 0.0120714
1 0.933567 0.0664333
0 0.103828 0.896172
1 0.999972 2.81069e-05
0 0.0372579 0.962742
1 0.974377 0.025623
1 0.95027 0.04973
0 0.0475756 0.952424
1 0.999438 0.000561647
0 0.311367 0.688633
1 0.719201 0.280799
1 0.632606 0.367394
0 0.00851972 0.99148
0 0.326526 0.673474
1 1 1e-07
1 0.998884 0.00111642
0 0.0511502 0.94885
1 0.999294 0.000706498
1 0.611047 0.388953
1 0.897964 0.102036
1 0.985395 0.0146054
1 0.999269 0.000730771
1 0.754283 0.245717
1 0.848463 0.151537
1 0.984337 0.0156627
1 0.998151 0.00184868
1 0.999639 0.000361113
0 5.62381e-05 0.999944
1 0.999252 0.000748192
1 0.981753 0.0182466
1 0.55919 0.44081
0 0.0915936 0.908406
1 0.633116 0.366884
1 0.998457 0.00154266
0 0.00127272 0.998727
0 0.000171421 0.999829
1 0.623391 0.376609
1 0.795766 0.204234
1 0.999995 4.73773e-06
1 0.997136 0.00286397
1 0.99905 0.00095023
1 0.999898 0.000102117
1 0.750702 0.249298
0 0.193273 0.806727
1 0.975247 0.0247531
0 1.54893e-07 1
0 1.49349e-05 0.999985
1 0.711801 0.288199
