labels 10 1
10 1 1e-07
10 1 1e-07
10 1 1e-07
10 1 1e-07
10 1 1e-07
1 0.311619 0.688381
10 0.999504 0.000496472
10 0.998758 0.00124235
10 0.999984 1.58111e-05
10 1 1e-07
10 1 1e-07
10 1 1e-07
10 0.986739 0.0132613
10 1 1e-07
10 0.999267 0.000733338
10 1 1e-07
10 0.999999 7.88377e-07
10 0.97796 0.0220401
10 1 1e-07
10 0.99996 3.98016e-05
10 0.999999 1.17208e-06
10 1 1e-07
10 1 2.73142e-07
10 0.999882 0.000117633
10 1 1e-07
10 1 1e-07
10 1 1e-07
10 1 1e-07
10 1 4.68996e-07
1 0.00835766 0.991642
10 1 1e-07
10 1 1e-07
10 1 1e-07
10 1 1e-07
10 1 1e-07
1 7.55515e-06 0.999992
1 0.3195 0.6805
10 1 1e-07
10 1 1e-07
10 0.999997 3.40697e-06
10 1 1e-07
10 1 1e-07
10 1 1e-07
10 1 1e-07
10 1 1e-07
10 1 1e-07
10 0.999758 0.00024229
10 1 1e-07
10 1 1e-07
10 1 1e-07
1 1e-07 1
10 1 1e-07
10 1 1e-07
10 0.999995 5.14081e-06
1 0.000472391 0.999528
10 0.978456 0.0215445
1 0.317596 0.682404
10 1 1e-07
10 1 1e-07
10 1 1e-07
10 1 1e-07
10 1 1e-07
10 1 1e-07
10 0.999466 0.000533901
10 1 1.39994e-07
10 1 1e-07
10 0.999999 7.74237e-07
10 1 1e-07
10 0.999721 0.00027898
10 1 1e-07
10 1 1e-07
10 0.999989 1.05316e-05
1 0.361036 0.638964
1 2.08823e-05 0.999979
10 0.999998 1.7548e-06
10 1 1e-07
10 1 1e-07
10 1 1e-07
10 1 1e-07
10 1 1e-07
10 1 1e-07
10 1 1e-07
10 1 1e-07
1 0.00504774 0.994952
10 0.95551 0.04449
1 0.000195445 0.999805
10 0.971939 0.0280613
10 1 1e-07
10 1 1e-07
10 1 1e-07
10 1 1e-07
10 0.999993 7.3446e-06
10 0.999991 8.9539e-06
10 1 1e-07
10 0.993979 0.00602088
10 1 1e-07
10 1 1e-07
10 1 1e-07
10 0.999996 3.89057e-06
10 1 1e-07
10 1 1e-07
10 1 1e-07
10 1 2.68528e-07
1 0.0392159 0.960784
10 0.999998 1.65135e-06
10 1 1e-07
10 1 1.34635e-07
1 0.000329632 0.99967
10 0.999999 6.5757e-07
1 0.00188956 0.99811
1 0.00163831 0.998362
10 0.999995 4.51224e-06
10 1 1e-07
10 0.999703 0.000297176
10 1 2.09074e-07
10 0.999981 1.94028e-05
10 1 1e-07
10 1 3.58503e-07
10 1 1e-07
1 0.000712319 0.999288
10 1 1e-07
10 1 1e-07
10 0.999953 4.71639e-05
10 0.999997 3.27926e-06
10 1 1e-07
10 0.999984 1.55515e-05
10 1 1e-07
10 1 1.86061e-07
10 1 1e-07
10 0.993967 0.00603333
10 1 1e-07
10 0.997819 0.00218127
10 1 1e-07
1 0.0121113 0.987889
10 1 1.06751e-07
10 0.533071 0.466929
10 1 3.74132e-07
10 1 1e-07
10 1 1e-07
10 0.963662 0.0363384
10 1 1e-07
10 0.999136 0.000863544
10 0.99785 0.00214985
10 1 1e-07
10 1 1e-07
10 0.938597 0.0614025
10 0.615301 0.384699
1 0.000900442 0.9991
10 1 1e-07
10 1 1e-07
10 1 1e-07
10 1 1e-07
1 0.000999766 0.999
10 0.994092 0.00590762
10 0.999909 9.14965e-05
10 1 1.12442e-07
10 0.988138 0.0118624
10 0.999998 1.77244e-06
10 1 1e-07
1 0.0113399 0.98866
10 0.999999 9.69942e-07
10 0.999987 1.34451e-05
10 1 1e-07
10 1 1e-07
10 0.999897 0.000102723
10 1 1e-07
1 0.0750909 0.924909
10 0.998707 0.0012928
10 1 1e-07
10 1 1e-07
10 0.999995 5.42558e-06
10 0.999469 0.00053061
10 0.999906 9.4287e-05
10 0.999999 1.3368e-06
10 1 1e-07
10 1 1e-07
10 0.999999 5.02681e-07
1 6.5527e-05 0.999934
10 1 1e-07
10 1 1e-07
10 1 1e-07
1 0.00546209 0.994538
10 1 2.09586e-07
10 1 1e-07
10 0.997803 0.00219745
10 1 1e-07
10 0.999999 6.94749e-07
10 1 1e-07
10 1 1e-07
10 0.999978 2.20656e-05
10 0.997975 0.002025
10 0.871396 0.128604
1 0.0104843 0.989516
10 0.999991 8.94696e-06
10 0.998932 0.00106764
10 1 1e-07
10 1 1e-07
10 0.999972 2.81064e-05
10 1 1e-07
10 0.999999 1.10743e-06
10 0.990569 0.0094307
10 0.99998 1.96085e-05
1 0.0255274 0.974473
10 1 1e-07
10 0.999901 9.91319e-05
10 0.940439 0.0595606
10 1 1e-07
1 0.00285102 0.997149
10 1 1e-07
10 0.999993 7.04994e-06
1 0.00189335 0.998107
10 1 1e-07
10 1 1e-07
10 0.999049 0.000951282
10 0.999956 4.42493e-05
10 0.999861 0.000138898
10 0.988807 0.0111932
10 1 1e-07
10 1 1e-07
10 0.999995 4.91155e-06
10 1 1.41529e-07
10 1 1e-07
10 1 1e-07
10 1 1e-07
1 0.000583217 0.999417
10 1 1e-07
10 1 1e-07
10 0.999404 0.000595797
10 0.999999 1.01994e-06
10 0.999927 7.3173e-05
10 1 1e-07
10 0.981197 0.0188034
10 1 1e-07
10 0.918692 0.0813077
10 0.998401 0.00159858
10 0.999954 4.60393e-05
10 1 1e-07
10 1 1e-07
10 1 1e-07
10 1 1e-07
10 1 1e-07
10 1 1e-07
10 0.998934 0.00106626
10 0.9982 0.00180014
10 0.999974 2.61608e-05
10 0.999782 0.000218316
10 1 1e-07
10 1 1e-07
10 0.999999 1.32497e-06
10 0.957419 0.0425812
1 0.00578406 0.994216
10 0.999776 0.000223821
10 1 1e-07
10 0.998564 0.00143631
10 1 1e-07
10 1 1e-07
10 0.999999 8.79604e-07
10 1 1e-07
10 1 1e-07
10 1 1e-07
10 1 1e-07
10 1 1e-07
10 1 1e-07
10 0.999999 8.66196e-07
10 0.996001 0.00399853
10 1 1e-07
10 1 1e-07
10 1 1e-07
10 0.99374 0.00626006
10 1 1e-07
10 1 1e-07
10 0.999908 9.21224e-05
1 0.00032125 0.999679
10 0.999999 6.32785e-07
10 1 4.23408e-07
1 0.0335816 0.966418
10 1 1e-07
1 0.00035647 0.999644
10 0.968038 0.0319621
10 1 1e-07
1 0.000563713 0.999436
1 0.467866 0.532134
10 0.990945 0.00905503
10 0.997029 0.00297109
10 1 1e-07
10 1 1e-07
10 0.999998 1.7331e-06
10 1 1e-07
10 0.999999 1.21128e-06
1 0.120083 0.879917
10 0.999999 9.48242e-07
10 0.972526 0.0274738
10 1 1e-07
10 0.999908 9.22676e-05
10 0.999999 8.04511e-07
10 1 1e-07
10 1 1e-07
10 1 1e-07
1 0.00177268 0.998227
10 1 2.21217e-07
10 1 1e-07
10 1 1e-07
10 0.999922 7.7852e-05
10 1 1e-07
10 0.999997 2.99354e-06
10 1 1e-07
10 0.999981 1.91501e-05
10 1 1e-07
10 0.99983 0.000170428
10 0.99999 9.57683e-06
10 1 1e-07
10 0.999879 0.000120561
10 1 3.68422e-07
10 1 1e-07
10 1 1e-07
10 1 1e-07
10 1 1e-07
10 0.999457 0.000543059
10 1 1e-07
10 0.999981 1.90723e-05
10 0.999587 0.000413133
10 1 1e-07
10 1 1e-07
10 0.99961 0.000389882
10 1 1e-07
10 0.999999 9.75907e-07
10 0.95487 0.04513
10 1 1e-07
10 1 1e-07
10 1 1e-07
10 0.999985 1.54938e-05
10 0.999999 1.36358e-06
10 1 1.6969e-07
10 0.998785 0.00121461
10 1 1e-07
10 0.999996 3.8189e-06
10 0.996476 0.00352433
10 1 1e-07
10 1 1e-07
10 0.999926 7.37208e-05
10 1 1e-07
10 0.999998 1.82481e-06
10 1 1e-07
10 1 1e-07
1 0.0494961 0.950504
10 0.944395 0.0556049
10 0.999985 1.52258e-05
10 1 4.1757e-07
10 0.999974 2.57265e-05
10 1 1e-07
10 1 1e-07
10 0.998437 0.00156281
10 1 1e-07
10 0.998826 0.00117404
10 0.995487 0.00451336
10 1 1e-07
10 1 1e-07
1 0.000468427 0.999532
10 1 1e-07
10 1 1e-07
10 0.999214 0.00078557
10 0.969435 0.0305653
10 0.632939 0.367061
1 0.00414762 0.995852
10 1 1e-07
10 1 1e-07
10 1 4.43741e-07
10 0.999996 3.68075e-06
10 1 1e-07
10 1 1e-07
10 1 2.43628e-07
10 1 1e-07
1 0.000474431 0.999526
10 1 1.97174e-07
10 0.998659 0.00134081
10 1 1e-07
10 1 4.27331e-07
10 1 1e-07
10 1 1e-07
10 1 1e-07
10 1 3.85472e-07
1 0.00178108 0.998219
10 1 1e-07
10 0.999981 1.891e-05
1 0.00640053 0.993599
10 1 1e-07
10 0.999885 0.000114743
10 1 1e-07
1 0.00765351 0.992346
10 0.999997 3.44243e-06
10 1 1e-07
10 1 1e-07
1 2.04018e-06 0.999998
10 0.999493 0.000506576
1 0.00322151 0.996778
10 1 1e-07
10 0.994964 0.00503568
10 1 1e-07
10 0.999986 1.35694e-05
10 1 1e-07
10 1 1e-07
10 1 1e-07
1 0.0032855 0.996715
10 0.99997 3.02198e-05
10 1 1e-07
10 0.999986 1.41871e-05
10 0.999998 2.46682e-06
10 1 1e-07
10 1 1e-07
10 0.999967 3.28462e-05
10 0.999993 6.6074e-06
10 0.999466 0.000534121
1 0.0107063 0.989294
10 1 1e-07
10 0.99988 0.000120271
10 1 1e-07
10 1 1e-07
10 0.999844 0.000155635
10 0.999998 1.9639e-06
10 1 3.73985e-07
10 1 1e-07
10 0.999996 4.22481e-06
10 1 1e-07
10 1 4.70062e-07
10 1 1e-07
10 1 1e-07
10 1 1e-07
10 1 1e-07
10 0.997896 0.00210431
10 1 1e-07
10 1 1e-07
10 1 2.64555e-07
10 0.99999 9.92292e-06
10 1 1e-07
10 1 1e-07
10 1 1e-07
10 0.99995 5.0218e-05
10 1 1e-07
10 1 1e-07
10 1 1e-07
10 1 1e-07
10 0.998177 0.00182337
10 0.999259 0.000740586
10 0.99999 1.00575e-05
10 0.998086 0.00191423
10 0.999989 1.13923e-05
1 0.000549659 0.99945
10 1 1e-07
10 0.988055 0.0119446
10 1 1e-07
10 0.999902 9.83448e-05
10 1 1e-07
10 0.999115 0.00088524
10 1 1e-07
1 0.161216 0.838784
10 0.999989 1.06641e-05
10 1 1e-07
10 0.999999 1.01148e-06
10 0.999999 1.04597e-06
10 1 1e-07
10 1 1e-07
10 0.999879 0.000120583
10 0.865805 0.134195
10 0.959501 0.0404992
10 0.999998 1.84151e-06
10 1 1e-07
10 0.983639 0.0163607
10 1 1e-07
10 1 1e-07
10 1 1e-07
10 0.999871 0.00012907
10 1 1e-07
10 1 1e-07
10 1 1e-07
10 0.999919 8.08302e-05
10 1 1e-07
10 0.999965 3.49739e-05
10 1 1e-07
1 0.00881088 0.991189
10 0.999465 0.000534545
10 1 1e-07
1 0.000149466 0.999851
10 1 1e-07
10 0.999782 0.000217971
10 0.999993 6.76497e-06
10 1 1e-07
10 1 1e-07
10 1 1e-07
10 0.999744 0.000255907
10 0.999527 0.000473464
1 0.441104 0.558896
10 1 1e-07
10 1 1e-07
10 1 1e-07
10 1 1e-07
10 0.999966 3.3636e-05
10 0.99218 0.00781957
1 0.00281025 0.99719
10 1 1e-07
10 1 1e-07
10 1 1e-07
10 1 1e-07
10 0.999658 0.000341794
1 0.0216809 0.978319
10 0.999954 4.64371e-05
10 1 1e-07
1 0.000851002 0.999149
10 1 1e-07
10 1 1e-07
10 1 1e-07
10 0.999879 0.000121209
1 0.000800142 0.9992
10 1 1e-07
10 1 1e-07
10 1 1e-07
10 0.99997 3.02733e-05
10 0.999994 6.38664e-06
10 1 1e-07
10 1 1e-07
10 1 1e-07
10 1 1e-07
10 1 1e-07
10 1 1e-07
10 1 1e-07
10 1 1e-07
10 1 1e-07
10 1 1e-07
10 1 1e-07
10 0.814842 0.185158
10 1 1e-07
10 0.999871 0.000129278
10 0.995281 0.00471935
10 0.991657 0.00834292
10 1 1e-07
1 0.301021 0.698979
1 0.00765555 0.992344
10 1 1e-07
10 1 1e-07
10 1 1e-07
10 0.999997 2.78395e-06
10 0.99996 4.04593e-05
10 1 1e-07
10 1 1e-07
10 0.999999 1.24533e-06
10 1 1e-07
10 1 1e-07
10 1 1e-07
10 0.974534 0.0254663
10 1 1e-07
10 1 1e-07
10 0.998892 0.00110805
10 1 1e-07
10 0.999996 3.99559e-06
10 1 1e-07
10 0.999999 1.16538e-06
10 1 1e-07
10 0.980826 0.0191741
10 0.999999 7.17845e-07
10 1 1e-07
10 1 1e-07
10 0.999996 4.24767e-06
10 1 1e-07
10 1 1e-07
10 1 1e-07
10 0.999998 1.84436e-06
10 1 1e-07
10 0.999999 1.09664e-06
10 1 1e-07
10 0.749202 0.250798
10 1 1e-07
10 0.999902 9.83469e-05
10 0.697063 0.302937
10 1 1e-07
10 0.999905 9.48647e-05
1 0.00064411 0.999356
10 0.999923 7.70203e-05
10 0.999967 3.27997e-05
10 0.999999 1.12161e-06
10 1 1e-07
10 1 2.20536e-07
10 0.983179 0.016821
10 0.99416 0.00584029
10 1 1e-07
10 1 1e-07
10 1 1e-07
10 0.999998 2.17206e-06
10 1 1e-07
10 1 1e-07
10 0.999793 0.000207054
10 0.997702 0.00229831
10 0.999972 2.7751e-05
10 1 1e-07
10 1 2.28044e-07
10 1 1e-07
10 1 1e-07
10 1 1e-07
10 0.994319 0.00568119
10 1 1e-07
10 1 1e-07
10 1 1e-07
10 1 1e-07
10 1 1e-07
10 1 1e-07
10 0.999996 3.58564e-06
10 0.992621 0.00737933
10 0.998256 0.00174354
10 0.999921 7.93186e-05
10 1 1e-07
10 0.999999 6.25764e-07
10 1 1e-07
10 0.999999 1.11294e-06
10 0.980914 0.0190858
10 1 1e-07
10 1 1e-07
10 1 1e-07
10 0.999991 8.78343e-06
10 0.999976 2.37959e-05
1 0.0152808 0.984719
10 1 1e-07
10 1 1e-07
10 1 1e-07
10 1 1e-07
10 1 1e-07
10 1 1e-07
10 0.999869 0.000131089
10 1 1e-07
10 1 1e-07
10 1 1e-07
1 0.224514 0.775486
10 0.970666 0.0293336
1 3.21185e-05 0.999968
10 1 1e-07
10 1 1e-07
10 1 1e-07
10 0.998867 0.00113327
10 1 1e-07
10 1 1e-07
10 0.999984 1.58997e-05
10 0.904566 0.0954339
10 0.999991 9.44315e-06
10 1 1e-07
10 1 2.15317e-07
1 0.00127275 0.998727
10 1 1e-07
10 0.84944 0.15056
10 1 1e-07
10 1 1e-07
10 0.999977 2.27481e-05
10 0.999986 1.3589e-05
10 1 1e-07
10 1 1e-07
10 1 1e-07
10 1 1e-07
10 0.982199 0.0178005
10 0.999928 7.212e-05
10 0.704803 0.295197
10 1 1e-07
10 0.999448 0.000552126
10 1 1e-07
10 1 1.96405e-07
10 1 1e-07
1 0.000277045 0.999723
10 1 1e-07
10 0.999952 4.80004e-05
10 1 1e-07
10 1 1e-07
10 1 1e-07
10 1 2.72276e-07
10 0.999999 6.79578e-07
10 1 1e-07
10 1 1e-07
10 0.997431 0.00256942
10 1 1e-07
10 1 1e-07
10 1 1e-07
10 1 1e-07
10 1 1e-07
10 0.99998 2.04795e-05
10 1 1e-07
10 1 1e-07
1 0.000510505 0.999489
10 0.980831 0.0191685
10 0.999959 4.09012e-05
10 1 1.65806e-07
10 0.999917 8.31484e-05
10 0.999964 3.62689e-05
10 0.999894 0.000105584
10 0.986511 0.0134894
10 0.99868 0.00132002
10 1 1e-07
10 0.999622 0.000378035
10 0.968211 0.0317886
1 0.00026201 0.999738
10 0.99999 1.00144e-05
10 1 1e-07
10 1 1e-07
1 0.00445337 0.995547
10 0.999974 2.55751e-05
1 0.164761 0.835239
10 0.999795 0.000205472
10 0.758157 0.241843
10 1 1e-07
1 0.000139734 0.99986
10 1 1e-07
10 1 1e-07
10 1 1e-07
1 1.50317e-07 1
1 0.000665893 0.999334
10 1 1e-07
10 1 1e-07
10 1 1e-07
10 1 1e-07
10 1 1e-07
10 0.973885 0.0261153
10 1 1e-07
10 0.976543 0.0234568
10 0.999978 2.21324e-05
10 1 1e-07
10 1 1e-07
10 0.999977 2.29616e-05
10 1 1e-07
10 1 1e-07
10 1 1e-07
10 0.999188 0.000811715
10 1 1e-07
1 0.0899075 0.910093
10 1 1e-07
10 0.99996 4.0453e-05
10 0.999936 6.44016e-05
10 1 1e-07
10 1 1e-07
10 0.999995 5.21678e-06
10 0.999343 0.000657468
10 1 1e-07
1 0.000173772 0.999826
1 0.00372599 0.996274
10 0.817821 0.182179
10 1 1e-07
10 1 1e-07
10 1 1e-07
10 1 1e-07
10 0.999995 5.13885e-06
10 1 1e-07
10 1 1e-07
10 1 1e-07
10 1 1e-07
10 1 1.00314e-07
10 1 1e-07
10 1 3.17879e-07
10 0.999552 0.000448406
10 1 1e-07
10 0.999931 6.94969e-05
10 0.999998 2.31076e-06
10 1 1e-07
1 0.116266 0.883734
10 0.999997 2.61073e-06
10 0.999596 0.000404249
10 1 1.72826e-07
1 0.0118672 0.988133
10 0.999998 1.72631e-06
10 0.999984 1.55246e-05
10 1 1e-07
10 0.992158 0.00784193
10 1 1e-07
1 0.00285851 0.997141
10 1 1e-07
10 0.999979 2.08174e-05
10 1 1e-07
10 1 1e-07
10 0.999941 5.89774e-05
10 1 4.81934e-07
10 0.999973 2.71734e-05
10 1 1e-07
1 0.00644762 0.993552
1 0.000116566 0.999883
1 0.243722 0.756278
10 0.999966 3.36945e-05
10 0.545036 0.454964
10 1 1e-07
10 1 1e-07
10 1 1e-07
10 1 1e-07
10 1 1e-07
10 0.998725 0.00127465
10 1 1e-07
10 0.999982 1.81997e-05
10 1 1e-07
10 0.999998 1.53609e-06
10 1 1e-07
10 0.994352 0.00564768
10 1 1e-07
10 0.999967 3.33218e-05
10 1 1e-07
10 1 1e-07
10 1 1e-07
10 1 1e-07
1 5.5796e-06 0.999994
10 0.999655 0.000344507
10 1 1e-07
10 1 1e-07
10 1 1e-07
10 1 1e-07
10 1 1e-07
10 1 1e-07
10 1 1e-07
10 0.999999 5.05602e-07
10 0.999997 3.25334e-06
10 1 1e-07
10 0.999984 1.5705e-05
10 1 1e-07
10 1 1e-07
10 1 3.09984e-07
10 0.999921 7.8552e-05
10 0.999988 1.24903e-05
10 0.999999 1.04681e-06
10 1 1e-07
10 1 1e-07
10 0.999839 0.000161427
10 1 1e-07
10 1 1e-07
10 0.996709 0.00329078
10 1 1e-07
1 0.000489087 0.999511
10 1 1e-07
10 0.999999 6.60315e-07
1 0.0020889 0.997911
10 0.999598 0.000402415
10 0.999997 3.23694e-06
10 1 1e-07
10 0.999985 1.50344e-05
10 0.999997 3.45596e-06
1 2.71045e-06 0.999997
10 0.999571 0.00042862
1 2.89745e-05 0.999971
10 1 1e-07
10 0.999999 7.42338e-07
10 1 1e-07
10 0.999958 4.16454e-05
10 0.999806 0.000194114
10 0.999442 0.000557818
10 1 1e-07
10 1 1e-07
10 0.606087 0.393913
10 1 1e-07
10 0.999997 2.94757e-06
10 1 1e-07
10 0.999936 6.37549e-05
10 1 1e-07
10 1 2.98408e-07
1 0.0020563 0.997944
10 1 1e-07
10 0.995728 0.0042724
10 0.999996 4.44958e-06
10 1 1e-07
10 0.999604 0.000395854
10 1 1e-07
10 1 1e-07
10 0.999926 7.43987e-05
10 0.994853 0.0051471
10 0.999995 5.22631e-06
1 0.000204084 0.999796
10 1 1e-07
10 0.999221 0.000779177
10 1 1e-07
1 0.00624421 0.993756
10 1 1e-07
10 0.997434 0.00256584
1 0.000479313 0.999521
10 1 1e-07
10 1 1e-07
10 0.984045 0.0159546
10 0.999675 0.000325192
10 0.999763 0.000237425
10 1 2.56111e-07
10 1 1e-07
10 1 1.52177e-07
10 1 1e-07
10 0.993257 0.00674273
10 0.998086 0.00191413
10 0.999941 5.91617e-05
10 0.813715 0.186285
10 0.99994 5.98609e-05
10 0.971378 0.028622
10 1 1e-07
10 1 1e-07
10 1 1e-07
10 0.999784 0.000215678
10 1 1e-07
10 1 1e-07
10 0.996679 0.00332116
10 1 1e-07
10 1 1e-07
1 0.474018 0.525982
10 1 1e-07
10 1 1e-07
1 2.40524e-05 0.999976
1 0.000468147 0.999532
10 0.999863 0.000136748
1 0.264789 0.735211
10 0.998045 0.00195517
10 1 1e-07
10 1 1.63355e-07
10 1 1e-07
10 0.999724 0.000275536
1 0.000165321 0.999835
10 1 1e-07
10 0.999965 3.46763e-05
10 0.999748 0.000251571
10 1 1e-07
10 0.999119 0.000881253
10 1 1e-07
10 0.999801 0.000199346
10 1 1e-07
10 0.999287 0.000712858
10 0.999998 2.48947e-06
1 0.0164438 0.983556
10 0.996894 0.00310589
1 0.000483656 0.999516
10 1 1e-07
10 0.999796 0.000203766
10 1 1e-07
10 1 1e-07
10 1 1e-07
10 1 1e-07
10 1 1e-07
10 1 1e-07
10 1 1e-07
10 0.999997 3.06433e-06
10 1 2.6017e-07
10 0.999999 1.00438e-06
10 0.999989 1.14354e-05
10 1 1e-07
10 1 1e-07
10 0.998222 0.00177769
10 1 1e-07
1 2.9133e-06 0.999997
10 0.999997 2.6779e-06
10 0.999849 0.000150944
1 0.00977662 0.990223
10 0.996002 0.00399794
10 1 1e-07
10 1 1e-07
1 0.014475 0.985525
1 4.14185e-05 0.999959
10 0.999998 2.21078e-06
10 0.83554 0.16446
10 1 1e-07
10 1 1e-07
10 1 1e-07
1 0.0122243 0.987776
10 1 1e-07
10 0.999999 5.9972e-07
1 0.00257367 0.997426
10 1 2.02432e-07
10 1 1e-07
10 0.999999 7.42345e-07
1 0.00011795 0.999882
10 1 2.34576e-07
10 0.999996 3.80682e-06
10 1 1e-07
10 0.966196 0.0338037
10 0.999989 1.13913e-05
10 1 1.62033e-07
10 1 1e-07
10 1 1e-07
10 0.99999 9.58814e-06
10 1 1e-07
10 0.99996 3.96823e-05
10 0.933552 0.0664484
10 0.999999 7.13442e-07
10 0.999809 0.000190752
10 0.978917 0.0210827
10 1 1e-07
10 0.999606 0.000393715
10 1 2.65091e-07
1 0.00408602 0.995914
10 1 1e-07
10 1 1e-07
1 0.000200809 0.999799
10 1 1e-07
10 1 1e-07
10 0.999999 5.03282e-07
10 1 1e-07
10 1 1e-07
10 1 1e-07
10 0.999997 3.4088e-06
10 1 1e-07
10 0.999122 0.000878181
10 0.999879 0.000120876
10 0.99993 6.98127e-05
1 0.16676 0.83324
10 1 1e-07
10 1 1e-07
10 1 1e-07
10 1 1e-07
10 1 1e-07
10 0.96274 0.0372596
10 0.992131 0.00786873
1 0.00592127 0.994079
10 1 1e-07
10 1 1e-07
10 0.999652 0.000347886
10 0.99991 9.00702e-05
10 1 1e-07
10 0.999999 8.68442e-07
10 1 1e-07
1 0.00312058 0.996879
10 1 1e-07
10 1 1e-07
10 0.999926 7.41953e-05
10 0.947561 0.0524393
10 0.819826 0.180174
10 1 1e-07
10 0.999993 6.73634e-06
10 0.997988 0.00201156
10 0.999998 2.18996e-06
10 1 1e-07
1 3.20266e-05 0.999968
1 0.000879898 0.99912
10 1 1e-07
10 1 1e-07
10 1 1e-07
10 1 1e-07
10 1 1e-07
10 1 1e-07
1 0.00326295 0.996737
10 0.999997 2.63403e-06
10 1 1e-07
10 1 1e-07
10 0.980541 0.0194593
10 0.999989 1.06225e-05
10 0.997376 0.00262362
10 1 1e-07
10 1 1e-07
10 0.927652 0.0723479
10 1 1e-07
10 0.999634 0.000366221
10 0.998251 0.00174929
10 1 1.67352e-07
1 0.000809017 0.999191
10 1 1.39443e-07
10 1 1e-07
10 0.999999 1.2599e-06
10 1 1e-07
10 1 1e-07
10 0.998675 0.00132523
10 0.999894 0.00010562
10 0.99998 1.98006e-05
10 0.999383 0.000616855
10 0.999997 2.99202e-06
10 0.811932 0.188068
10 1 1e-07
10 1 1e-07
10 0.999963 3.72854e-05
10 1 1e-07
10 0.999967 3.25507e-05
1 0.235163 0.764837
10 1 1e-07
10 0.999999 5.45579e-07
10 1 1e-07
10 1 1.72432e-07
10 0.999999 5.00178e-07
10 0.999704 0.000296333
10 1 1e-07
10 0.999999 1.27712e-06
10 1 1e-07
10 1 1e-07
1 0.252669 0.747331
10 1 1e-07
10 1 1e-07
10 0.999997 2.74202e-06
1 0.00289923 0.997101
10 1 1e-07
10 1 1e-07
10 1 1e-07
10 1 1e-07
10 1 1e-07
1 0.00247899 0.997521
10 1 1e-07
10 0.999998 1.60823e-06
10 0.780479 0.219521
1 1.2578e-07 1
10 1 1e-07
10 1 1e-07
10 1 1e-07
10 1 1.19209e-07
10 1 1e-07
10 0.999962 3.83042e-05
10 1 1e-07
10 0.999857 0.000143267
10 1 1e-07
10 0.999995 5.01456e-06
10 1 1e-07
10 1 1e-07
10 1 1e-07
10 1 1.48228e-07
10 1 1e-07
1 0.0607851 0.939215
10 0.975173 0.0248267
10 0.999995 4.86351e-06
10 0.99965 0.000349938
10 1 1e-07
10 1 1e-07
10 0.999987 1.25283e-05
10 1 1e-07
10 0.971903 0.0280967
1 0.000221727 0.999778
10 1 1e-07
10 0.968488 0.0315118
1 0.0151286 0.984871
10 1 1e-07
10 1 1e-07
10 1 1e-07
10 1 1e-07
1 3.30791e-05 0.999967
10 1 1e-07
10 1 1e-07
1 2.45116e-05 0.999975
10 0.999952 4.75242e-05
10 1 1e-07
1 7.21507e-05 0.999928
10 1 1e-07
10 1 1e-07
10 0.999995 5.32485e-06
10 1 1e-07
10 0.992449 0.00755087
10 1 1e-07
10 0.99961 0.000389576
10 0.99972 0.000280243
10 1 1e-07
1 0.209761 0.790239
10 0.949422 0.050578
10 0.9636 0.0364002
10 0.972677 0.0273232
10 1 1e-07
10 1 1e-07
10 0.999725 0.000274542
10 1 1e-07
10 1 1e-07
10 1 1e-07
10 1 1e-07
10 0.999982 1.75815e-05
10 0.999944 5.57866e-05
10 0.99978 0.000219947
10 0.999997 3.26188e-06
10 1 1e-07
10 0.998984 0.00101572
10 1 1e-07
10 0.999998 1.7466e-06
10 1 1e-07
10 0.999779 0.000220898
10 0.99995 4.99567e-05
10 1 1e-07
10 1 1e-07
10 1 1e-07
10 0.999992 7.67783e-06
10 1 1e-07
1 0.000401061 0.999599
10 1 1e-07
10 1 1e-07
10 0.999998 2.20428e-06
10 0.99999 9.62336e-06
10 0.998574 0.00142557
10 0.999796 0.000203625
1 2.86687e-05 0.999971
10 0.999974 2.58657e-05
10 0.996415 0.00358484
10 1 1e-07
10 1 1e-07
10 0.993863 0.00613711
10 1 1e-07
10 1 1e-07
10 0.999528 0.000472166
10 1 1e-07
1 0.000379214 0.999621
10 1 1e-07
10 1 1e-07
10 0.999963 3.70265e-05
10 0.999415 0.000584784
10 0.999918 8.17579e-05
10 0.99955 0.000450073
10 0.99735 0.00265003
10 0.940973 0.059027
10 0.945016 0.0549835
10 0.999941 5.86938e-05
10 1 1e-07
10 1 1e-07
10 1 1e-07
10 0.995964 0.00403591
10 0.999958 4.18451e-05
10 0.97909 0.0209101
10 1 1e-07
10 1 1e-07
10 0.99992 7.96539e-05
10 1 1e-07
10 0.996885 0.00311492
10 1 1e-07
10 0.999999 5.49055e-07
10 1 1e-07
10 1 1e-07
10 1 1.03731e-07
10 0.9962 0.00380023
10 1 1.33968e-07
1 0.00311241 0.996888
1 0.0182747 0.981725
10 1 1.70073e-07
10 1 1e-07
10 1 1e-07
10 1 1e-07
10 0.896458 0.103542
10 1 1e-07
10 1 1e-07
10 1 3.82007e-07
10 0.999999 1.22965e-06
10 0.999842 0.000157563
10 1 1e-07
10 1 1e-07
1 9.40138e-05 0.999906
10 1 1.31716e-07
10 1 1.96391e-07
10 1 1e-07
10 0.995905 0.00409471
10 1 1e-07
10 1 1e-07
10 1 1e-07
10 1 1e-07
10 0.992707 0.0072932
10 0.999587 0.000413386
10 0.999918 8.24336e-05
1 1e-07 1
10 0.999993 7.19741e-06
10 0.999021 0.000978832
10 1 1e-07
1 0.00823249 0.991768
10 1 1e-07
10 1 1e-07
10 0.998281 0.00171932
10 1 1e-07
10 1 1e-07
10 0.999993 6.55986e-06
10 0.998998 0.00100167
1 0.182498 0.817502
10 0.99982 0.000179623
10 0.50752 0.49248
10 1 1e-07
10 1 1e-07
10 0.927301 0.0726988
10 1 1e-07
10 1 1e-07
10 1 1e-07
10 1 1e-07
10 1 1e-07
1 0.00132498 0.998675
10 1 1e-07
10 1 1e-07
10 0.901546 0.0984544
10 1 1e-07
10 0.999934 6.60445e-05
10 1 1e-07
1 0.0810456 0.918954
10 1 1e-07
10 0.999996 3.96302e-06
10 0.999537 0.000463147
10 1 1e-07
10 1 1e-07
10 0.999988 1.23395e-05
1 0.00785278 0.992147
10 0.999991 8.62656e-06
10 0.999998 1.68676e-06
10 0.999989 1.09563e-05
10 0.960178 0.0398221
10 1 1e-07
10 0.83865 0.16135
10 1 1e-07
10 0.925879 0.0741212
10 0.999992 7.69872e-06
10 0.999988 1.22796e-05
1 0.0108667 0.989133
10 1 3.89062e-07
10 0.999999 1.33387e-06
10 0.999949 5.05586e-05
10 1 1e-07
10 0.999933 6.74565e-05
10 1 1e-07
10 1 1e-07
10 0.881849 0.118151
10 1 1e-07
10 1 1e-07
10 1 1e-07
10 1 1e-07
10 1 1e-07
10 1 3.88919e-07
1 0.0160366 0.983963
10 1 1e-07
1 0.0924633 0.907537
10 1 1e-07
10 1 1e-07
10 1 1e-07
10 1 1e-07
10 0.999972 2.7777e-05
10 0.997404 0.00259645
10 0.999999 8.99464e-07
10 1 2.17052e-07
10 0.999997 2.72503e-06
1 0.310543 0.689457
10 1 1e-07
10 1 1e-07
10 1 1e-07
10 1 1e-07
10 0.998863 0.00113694
10 1 1e-07
10 0.99999 9.94603e-06
10 1 1e-07
10 1 1.91586e-07
10 1 1e-07
10 0.990954 0.00904639
10 1 1e-07
10 1 1e-07
10 1 1.58091e-07
10 1 1e-07
10 1 1e-07
10 1 1e-07
10 0.999979 2.08037e-05
1 0.000360469 0.99964
10 1 1e-07
10 1 1e-07
10 0.999969 3.12222e-05
1 0.023631 0.976369
1 0.00161724 0.998383
10 0.999509 0.000491343
10 0.999203 0.000797279
10 0.999999 7.75504e-07
10 1 1e-07
10 1 1e-07
10 1 1e-07
10 1 1e-07
1 0.00117122 0.998829
10 1 1e-07
10 1 1e-07
10 0.999986 1.39239e-05
10 1 1e-07
10 0.999248 0.000752326
10 0.999987 1.31933e-05
10 0.999745 0.000254678
10 0.999994 6.09227e-06
10 1 1e-07
1 0.0734118 0.926588
10 1 1e-07
10 1 1e-07
10 1 1e-07
10 1 1e-07
10 0.995378 0.00462191
10 0.999716 0.000283866
10 0.999986 1.35092e-05
10 1 1e-07
10 0.999988 1.22174e-05
10 0.997721 0.00227876
10 1 1e-07
10 1 1e-07
10 1 1e-07
10 1 1e-07
10 0.99944 0.000559842
10 1 1e-07
10 1 1e-07
1 0.0950407 0.904959
10 0.978146 0.0218542
10 0.997221 0.00277916
1 8.28266e-05 0.999917
10 0.999999 1.05452e-06
10 1 1e-07
10 1 1e-07
10 1 1e-07
10 0.999874 0.000125732
1 1e-07 1
10 1 1e-07
1 3.33837e-05 0.999967
10 0.999998 1.51984e-06
10 1 1e-07
10 0.995869 0.00413065
10 0.99999 9.67259e-06
10 1 1e-07
10 1 1e-07
10 0.999962 3.84521e-05
10 1 1e-07
1 0.00104699 0.998953
10 0.999996 3.80924e-06
10 1 1e-07
10 1 1e-07
10 1 1e-07
10 0.999999 1.40084e-06
10 0.999392 0.000607502
10 1 3.42136e-07
10 1 1e-07
10 1 1e-07
10 1 1e-07
10 0.999999 7.18822e-07
10 0.998172 0.0018278
10 1 1e-07
10 1 1e-07
10 0.999999 6.48383e-07
10 1 1e-07
10 1 1e-07
10 0.999968 3.2021e-05
10 1 1e-07
10 0.998146 0.00185425
10 0.996649 0.0033508
10 1 1e-07
1 1e-07 1
10 0.999845 0.000155344
10 1 1e-07
10 0.999989 1.06739e-05
10 0.999996 4.25596e-06
10 1 1e-07
1 0.000812662 0.999187
10 1 1e-07
10 0.975351 0.0246495
10 1 1e-07
10 0.9997 0.000300214
1 0.436793 0.563207
10 0.999997 2.79649e-06
10 1 1e-07
10 1 1e-07
10 0.999999 1.13837e-06
10 0.999946 5.39793e-05
10 1 1e-07
1 0.0639094 0.936091
10 1 4.64852e-07
10 0.99999 1.01076e-05
1 5.4078e-05 0.999946
10 0.999997 2.98798e-06
10 0.988397 0.0116032
10 0.999994 5.52106e-06
10 1 1e-07
10 1 1e-07
10 0.999982 1.76415e-05
10 1 1e-07
10 0.99999 1.00665e-05
10 1 1e-07
10 0.950456 0.0495444
10 1 1e-07
10 0.997171 0.00282868
10 1 1e-07
10 0.97565 0.0243499
10 0.935247 0.064753
10 0.999989 1.12662e-05
10 1 1e-07
10 1 1e-07
10 1 1e-07
1 0.000305255 0.999695
10 1 1e-07
10 1 1e-07
10 0.999273 0.00072711
10 1 1e-07
10 0.999987 1.31798e-05
10 1 1e-07
10 0.999368 0.000632478
10 0.999838 0.000162488
10 1 1e-07
10 1 1e-07
10 0.994648 0.00535161
10 1 1e-07
10 1 1e-07
10 1 1e-07
10 0.999749 0.000250739
1 2.85915e-06 0.999997
10 1 1e-07
1 0.0821371 0.917863
10 1 1e-07
10 0.727123 0.272877
10 1 1e-07
1 0.0014528 0.998547
10 0.999659 0.000341034
1 0.00486529 0.995135
10 0.999964 3.58569e-05
1 0.000192575 0.999807
10 0.999979 2.10066e-05
10 1 1e-07
10 1 1e-07
10 1 1e-07
10 1 1e-07
10 1 1e-07
10 1 1e-07
10 0.999976 2.37064e-05
10 1 1e-07
1 9.2019e-05 0.999908
10 1 1e-07
10 0.999999 1.16997e-06
10 0.999999 7.26086e-07
10 1 1e-07
10 0.99767 0.00232999
10 0.92957 0.0704297
10 1 1e-07
10 1 1e-07
10 1 1e-07
10 0.992573 0.00742703
10 1 1e-07
10 1 1e-07
10 1 1e-07
10 0.995374 0.00462637
1 0.000897567 0.999102
10 1 1e-07
10 1 1e-07
10 1 1e-07
10 1 1e-07
10 1 1e-07
10 0.97069 0.0293105
10 0.999985 1.45125e-05
10 1 1e-07
10 1 1e-07
10 0.999998 2.17554e-06
1 0.000304887 0.999695
10 1 1e-07
10 1 1e-07
10 1 1.90464e-07
10 0.999995 4.84602e-06
10 1 1e-07
10 1 1e-07
10 0.999916 8.37927e-05
10 1 1e-07
10 1 1e-07
10 0.985235 0.0147649
10 1 1e-07
10 0.999959 4.14996e-05
10 0.999999 1.45203e-06
10 0.992633 0.00736736
10 1 1e-07
10 0.999948 5.15808e-05
10 1 1e-07
10 1 1e-07
10 0.982882 0.0171182
10 0.999999 5.96285e-07
10 1 1.42938e-07
10 0.999999 6.72389e-07
10 1 2.32113e-07
10 0.997977 0.00202307
1 0.0149085 0.985091
10 0.840169 0.159831
10 0.999997 3.06789e-06
10 1 1e-07
10 0.999878 0.00012172
10 1 1e-07
10 1 1e-07
10 1 1e-07
10 1 1e-07
10 1 1e-07
10 1 1e-07
10 0.999996 3.92878e-06
10 0.999871 0.000128872
10 0.999993 6.58584e-06
10 0.99986 0.000140434
10 1 1e-07
10 0.999936 6.42241e-05
10 1 1e-07
10 0.999996 3.81536e-06
10 0.999999 7.70824e-07
10 1 1e-07
1 0.00653591 0.993464
10 1 1e-07
10 0.999988 1.19274e-05
10 0.999999 7.56887e-07
10 0.999663 0.000336645
10 1 1e-07
10 1 1e-07
1 0.00116031 0.99884
10 1 1.25017e-07
10 1 4.66001e-07
10 0.999983 1.71173e-05
10 0.967896 0.0321038
10 1 1e-07
10 0.999996 3.88848e-06
10 0.999967 3.28779e-05
10 1 1e-07
10 1 1e-07
10 1 1e-07
1 5.54627e-05 0.999945
10 0.999865 0.000135324
10 1 1e-07
10 0.987022 0.0129777
10 0.99998 1.97397e-05
10 1 1e-07
10 0.998913 0.00108691
10 1 1e-07
10 1 1e-07
10 1 1e-07
10 1 1e-07
10 0.999408 0.000592123
10 0.999999 6.88266e-07
10 1 1e-07
10 1 1e-07
10 1 1e-07
10 1 1e-07
10 0.99753 0.00246958
10 0.999898 0.000101768
10 0.999998 1.99214e-06
1 4.08177e-06 0.999996
1 0.0424863 0.957514
10 1 1e-07
10 0.999972 2.75215e-05
10 0.999997 2.97031e-06
10 1 1e-07
10 1 1e-07
10 0.999524 0.000475991
10 1 1e-07
10 0.999962 3.8241e-05
10 1 1e-07
1 1.09764e-06 0.999999
10 1 1e-07
10 0.977501 0.0224992
10 0.978982 0.0210177
10 0.999999 5.007e-07
1 0.0018852 0.998115
10 1 1e-07
10 0.999951 4.8971e-05
1 0.00575834 0.994242
1 7.18284e-05 0.999928
10 0.999994 5.99079e-06
10 0.999436 0.000564419
10 1 1e-07
10 1 1e-07
10 0.999999 5.4933e-07
1 2.28332e-05 0.999977
10 0.999998 2.40073e-06
10 1 1e-07
10 1 1e-07
10 1 1e-07
10 1 1e-07
10 1 1e-07
10 1 1e-07
10 0.99979 0.000210021
10 0.945701 0.0542987
10 1 1e-07
10 1 1e-07
10 1 1.49713e-07
1 1.31599e-06 0.999999
1 0.0075464 0.992454
10 1 1e-07
1 0.0318346 0.968165
10 0.999882 0.000118024
10 0.951796 0.0482043
10 1 1e-07
1 0.154161 0.845839
10 1 1e-07
10 1 1e-07
10 0.627727 0.372273
10 0.999933 6.66082e-05
10 1 4.40393e-07
10 0.989628 0.0103722
10 1 1e-07
10 0.999999 1.08043e-06
10 0.996794 0.0032057
10 0.999993 6.9598e-06
10 1 1.87199e-07
10 0.997276 0.00272366
10 1 1e-07
10 1 1e-07
1 0.0394283 0.960572
10 1 1e-07
10 1 1e-07
10 0.99994 6.02101e-05
1 1.18752e-07 1
10 1 1e-07
10 0.999876 0.000124374
10 0.999665 0.000335285
10 0.999928 7.18954e-05
10 0.999999 1.28342e-06
10 1 1e-07
10 1 1e-07
1 0.33525 0.66475
10 0.616224 0.383776
10 1 1e-07
10 1 1e-07
1 0.00338814 0.996612
10 1 1.52275e-07
10 1 1e-07
10 0.999877 0.000123494
10 1 3.2751e-07
10 1 1e-07
10 1 1e-07
10 0.999647 0.000353277
10 1 1e-07
10 0.999978 2.16236e-05
10 0.999641 0.000359291
10 0.990062 0.0099377
10 0.999989 1.07205e-05
10 0.999919 8.10839e-05
10 1 1e-07
10 1 1e-07
10 1 4.11308e-07
10 1 1e-07
10 1 1e-07
10 1 3.6131e-07
10 1 1e-07
10 1 1e-07
10 1 1e-07
10 1 2.45212e-07
10 0.996875 0.00312467
10 1 1.78744e-07
10 0.995304 0.0046958
10 1 1e-07
10 0.981897 0.0181033
10 1 4.26164e-07
10 0.999999 1.05516e-06
10 1 1e-07
10 0.998665 0.00133484
10 0.99991 8.96567e-05
10 0.990013 0.00998678
10 0.996574 0.0034261
10 1 1e-07
1 0.000872525 0.999127
10 0.97366 0.0263402
1 0.000766502 0.999233
1 0.00340376 0.996596
1 1.9557e-06 0.999998
10 0.987181 0.0128192
1 0.26683 0.73317
10 0.999982 1.77652e-05
10 1 1.35984e-07
10 1 1e-07
10 0.997918 0.00208215
10 1 1e-07
10 0.999942 5.82885e-05
10 1 1e-07
10 1 3.75567e-07
1 5.83919e-05 0.999942
10 1 1e-07
10 1 1e-07
10 0.999963 3.65889e-05
10 0.999479 0.000520805
1 0.0788502 0.92115
10 1 1e-07
10 1 1e-07
10 1 1e-07
10 0.999998 2.14289e-06
1 0.011715 0.988285
10 1 1e-07
10 0.760917 0.239083
10 1 1e-07
10 1 1e-07
10 1 1e-07
10 0.960539 0.0394608
10 0.89163 0.10837
10 0.999998 1.70938e-06
10 1 1e-07
10 1 1e-07
10 1 1e-07
10 1 1e-07
1 1.40375e-05 0.999986
10 1 1e-07
10 0.999999 8.5859e-07
10 1 1e-07
10 0.999987 1.25052e-05
10 1 1e-07
10 0.999999 1.16462e-06
10 1 1e-07
10 1 1e-07
10 0.999999 8.27559e-07
10 0.999813 0.000187397
10 0.999973 2.71249e-05
10 0.999943 5.65561e-05
10 0.99502 0.00498014
10 0.999992 8.37185e-06
10 1 1e-07
10 1 1e-07
10 1 1e-07
1 0.00686332 0.993137
10 0.999983 1.72175e-05
10 0.999946 5.42287e-05
10 0.999999 5.85841e-07
10 0.999991 8.77433e-06
10 1 1e-07
10 1 1e-07
10 1 1e-07
1 0.00810823 0.991892
10 1 1e-07
10 0.999309 0.000691259
10 0.864936 0.135064
10 1 1e-07
10 1 1e-07
1 1e-07 1
10 1 1e-07
1 0.00127561 0.998724
10 1 2.84871e-07
10 1 1e-07
10 1 1e-07
10 1 1e-07
10 1 1e-07
10 1 1e-07
10 1 1e-07
10 0.999903 9.7023e-05
10 0.999999 9.50242e-07
10 1 1e-07
1 1.00875e-05 0.99999
10 0.999838 0.000162299
1 0.00788778 0.992112
10 1 1e-07
10 1 1e-07
10 1 1e-07
10 0.994408 0.00559232
10 0.999989 1.09162e-05
10 1 2.38921e-07
10 1 1e-07
10 1 1e-07
10 0.999999 6.90633e-07
10 1 1e-07
10 0.777353 0.222647
10 0.99999 1.03374e-05
10 1 1e-07
10 1 1e-07
10 0.999957 4.32226e-05
1 0.00193979 0.99806
10 1 1e-07
10 0.999999 6.75754e-07
10 1 1e-07
10 0.999999 5.34926e-07
10 0.999997 2.57895e-06
10 0.999995 4.71412e-06
1 0.165579 0.834421
1 0.179988 0.820012
10 0.999265 0.000735413
10 0.999984 1.63562e-05
10 1 1e-07
10 1 1e-07
10 1 1e-07
10 1 1e-07
10 1 1.92025e-07
1 0.00321217 0.996788
10 1 1e-07
10 0.999976 2.36976e-05
10 1 1e-07
10 1 1e-07
10 0.999426 0.000573688
10 1 1e-07
10 0.999999 1.02366e-06
10 0.999878 0.000121874
10 1 1e-07
10 0.994976 0.00502401
10 1 1e-07
10 1 1e-07
10 1 4.9239e-07
10 0.999846 0.000153776
10 1 1e-07
10 1 1e-07
10 1 1.97843e-07
10 1 1e-07
10 1 1e-07
10 1 1e-07
10 0.99998 2.00303e-05
10 1 1e-07
10 1 1e-07
1 1.80229e-06 0.999998
1 0.000598012 0.999402
10 1 1e-07
10 0.999978 2.15033e-05
10 1 1e-07
1 0.000470875 0.999529
10 1 1e-07
10 0.999994 5.93488e-06
10 0.999995 5.42624e-06
10 1 1e-07
10 0.999998 1.5276e-06
1 0.00167519 0.998325
10 0.999869 0.000130756
10 1 1e-07
10 0.999999 7.34419e-07
10 0.999317 0.000682913
10 0.999999 1.09256e-06
10 0.999999 8.35786e-07
10 1 1e-07
10 0.997779 0.00222132
10 0.999944 5.64203e-05
10 1 1e-07
10 1 1e-07
10 1 1e-07
10 0.999985 1.49177e-05
10 1 3.56585e-07
10 1 1e-07
1 3.98511e-05 0.99996
10 1 1e-07
10 0.999983 1.73679e-05
10 0.90512 0.0948805
10 1 1e-07
10 0.995783 0.00421692
10 1 1e-07
10 0.999992 7.58878e-06
10 1 2.94847e-07
1 0.0413885 0.958612
10 1 1e-07
10 0.999999 7.80493e-07
1 0.000100345 0.9999
10 0.999951 4.90967e-05
10 1 1e-07
10 1 1e-07
10 0.999989 1.06392e-05
10 1 1e-07
10 1 1e-07
10 0.999942 5.7975e-05
10 1 1e-07
10 1 1e-07
10 1 1e-07
10 1 1e-07
10 1 1e-07
10 1 2.74667e-07
10 1 1e-07
10 0.9982 0.00179961
10 0.999525 0.000474652
1 0.0100137 0.989986
10 1 1e-07
10 0.999239 0.000760754
10 0.999817 0.000182642
10 0.999997 3.14184e-06
10 1 1e-07
10 1 1e-07
10 1 1e-07
10 1 1e-07
10 1 1e-07
10 1 1e-07
10 1 1e-07
10 1 1e-07
10 0.964534 0.0354657
10 1 1e-07
1 0.00470955 0.99529
1 0.0102287 0.989771
10 1 1e-07
10 0.999925 7.50321e-05
10 0.999994 5.77602e-06
10 0.998675 0.00132528
10 0.99985 0.000149903
1 0.000184851 0.999815
10 0.9999 9.98823e-05
10 0.999998 2.39947e-06
10 0.999517 0.000483077
10 0.999713 0.000286867
10 0.999996 4.42721e-06
10 1 1e-07
1 0.0136382 0.986362
10 0.999676 0.000324221
10 0.997412 0.00258753
10 0.999989 1.13252e-05
10 0.985169 0.0148313
10 0.999997 2.67027e-06
10 0.800457 0.199543
10 1 1e-07
10 1 1e-07
10 1 1e-07
10 1 1e-07
10 0.999961 3.87237e-05
1 8.61245e-05 0.999914
10 1 1e-07
10 1 1e-07
10 1 1e-07
1 1.51993e-07 1
10 1 1e-07
10 0.999966 3.3576e-05
10 0.99954 0.000460354
10 0.999145 0.000855069
10 0.999925 7.51987e-05
10 1 1e-07
10 1 1.73667e-07
1 0.00157328 0.998427
10 0.997955 0.00204545
10 0.997541 0.00245882
10 0.998635 0.0013653
10 1 4.33153e-07
10 1 1e-07
10 0.999979 2.0637e-05
10 0.999999 1.28083e-06
1 0.000581343 0.999419
10 1 1e-07
10 1 1e-07
10 1 1e-07
10 0.999991 9.10464e-06
10 1 1e-07
10 1 1.11564e-07
10 1 3.56707e-07
10 1 1e-07
10 0.999982 1.83541e-05
10 0.999999 6.32482e-07
10 1 1e-07
10 0.999967 3.29013e-05
10 1 1e-07
10 1 1e-07
10 1 1e-07
10 1 1e-07
10 0.999999 9.05265e-07
10 1 1e-07
10 1 1e-07
10 1 1e-07
10 1 1e-07
10 1 1e-07
10 1 1e-07
10 1 1e-07
10 0.999999 1.05953e-06
10 1 1e-07
10 1 1e-07
10 1 1e-07
10 1 1e-07
10 1 1e-07
10 1 3.50787e-07
10 1 1e-07
10 1 1e-07
10 0.999794 0.000205773
10 1 1e-07
10 0.997315 0.00268476
10 0.996225 0.00377467
10 1 1e-07
10 0.999999 5.2091e-07
10 1 1e-07
10 0.999975 2.51685e-05
10 0.991366 0.00863443
10 1 1e-07
10 0.997417 0.00258298
10 1 1e-07
1 6.17089e-07 0.999999
10 0.999997 2.69076e-06
10 0.994994 0.00500645
10 0.988755 0.0112446
10 1 2.05039e-07
10 1 1e-07
10 1 1e-07
10 1 1e-07
10 1 1e-07
10 1 1e-07
10 1 1e-07
10 1 4.33143e-07
10 0.955334 0.0446661
10 0.999999 9.96817e-07
10 0.998939 0.00106109
10 0.999969 3.1419e-05
10 1 1e-07
10 0.961473 0.0385273
10 1 1e-07
1 3.57319e-07 1
10 1 1e-07
10 1 1e-07
10 1 1e-07
10 1 1e-07
10 0.999984 1.62385e-05
1 0.000288474 0.999712
10 1 1.58455e-07
10 1 4.61157e-07
10 1 2.10897e-07
10 1 1e-07
10 1 1.36183e-07
1 0.000143548 0.999856
10 1 1e-07
10 1 1e-07
10 1 1e-07
10 1 1e-07
10 1 1e-07
10 1 1e-07
10 1 1e-07
10 1 4.60762e-07
10 0.999344 0.000656283
10 0.999386 0.000614436
10 1 1e-07
10 0.999996 4.41147e-06
10 1 1e-07
10 0.977603 0.0223966
10 0.997315 0.00268477
10 0.999999 6.07535e-07
10 0.99993 6.9689e-05
10 1 1e-07
10 0.999652 0.000347622
1 0.00719513 0.992805
10 1 1.50055e-07
10 1 1e-07
10 1 1e-07
10 1 1e-07
10 0.999895 0.000105093
10 0.999987 1.2903e-05
10 1 1e-07
10 0.999999 1.45516e-06
10 1 1e-07
10 0.998923 0.00107692
10 0.999969 3.05232e-05
10 0.864188 0.135812
10 1 1e-07
10 0.996111 0.0038886
10 1 1e-07
10 1 1e-07
10 0.999671 0.000328986
10 0.999999 9.30179e-07
10 1 1e-07
10 0.998978 0.00102167
10 1 1e-07
10 1 1e-07
10 1 1e-07
10 1 1e-07
1 0.00227035 0.99773
10 0.999999 1.13851e-06
10 0.999949 5.06628e-05
10 0.9935 0.00649971
10 0.999992 8.21757e-06
10 0.99997 3.03798e-05
10 1 3.85808e-07
10 1 1e-07
10 1 1e-07
10 1 1e-07
10 1 1e-07
10 1 1e-07
10 1 1e-07
10 1 1e-07
10 1 1e-07
10 1 1e-07
10 1 1e-07
10 1 1e-07
10 0.640473 0.359527
10 1 1e-07
10 1 1e-07
1 0.00127548 0.998725
10 1 1e-07
10 0.999443 0.000557494
1 0.105667 0.894333
10 0.999994 5.63434e-06
10 1 1e-07
10 1 1e-07
10 1 2.73529e-07
10 0.999995 5.36496e-06
10 1 1e-07
10 1 1e-07
10 1 1.9081e-07
10 0.99999 9.50033e-06
10 0.999806 0.00019437
10 1 1e-07
10 0.999996 4.36781e-06
10 0.997876 0.00212413
10 0.999998 1.82357e-06
10 1 1e-07
10 1 1e-07
10 0.999863 0.000137372
1 0.0085662 0.991434
10 0.999824 0.000175621
10 0.999763 0.00023674
10 0.999993 7.0651e-06
10 1 2.08448e-07
10 1 1e-07
10 1 1e-07
10 0.984664 0.0153358
10 1 1e-07
10 1 1e-07
10 1 1e-07
10 0.999994 5.84205e-06
10 1 1e-07
10 1 1e-07
1 0.00143451 0.998565
10 0.998739 0.00126103
10 0.997404 0.00259573
10 1 1e-07
10 1 1e-07
10 0.998411 0.00158866
10 0.999994 6.44172e-06
10 0.999089 0.000911429
10 0.952586 0.0474137
1 0.000380627 0.999619
10 0.999908 9.20407e-05
10 1 1e-07
10 1 1e-07
10 1 1e-07
10 1 2.75255e-07
10 0.999979 2.08618e-05
10 1 1e-07
1 0.00442033 0.99558
10 1 1e-07
10 0.99999 9.90953e-06
10 0.999643 0.00035652
10 0.997668 0.002332
10 0.999999 1.14881e-06
10 1 1.31524e-07
10 0.999983 1.68922e-05
10 1 3.47307e-07
10 1 1e-07
10 1 1e-07
10 1 1e-07
10 0.993369 0.00663101
10 0.999994 6.02011e-06
10 1 1e-07
10 1 1e-07
10 1 1e-07
10 0.99999 1.01737e-05
10 1 1e-07
10 0.999113 0.000887452
10 1 1e-07
10 1 1e-07
10 0.999167 0.000832734
10 1 1e-07
10 1 1e-07
10 1 1.58496e-07
10 1 2.93652e-07
10 1 1e-07
10 1 1e-07
10 1 1.27306e-07
10 1 1.00436e-07
10 1 1e-07
10 1 1e-07
10 1 1e-07
10 0.999996 4.0141e-06
10 1 1e-07
1 0.000472883 0.999527
10 0.995684 0.00431599
10 0.997594 0.00240616
10 0.688235 0.311765
10 0.999997 3.01335e-06
1 0.0204298 0.97957
10 1 1e-07
10 0.999994 5.56447e-06
10 0.999999 1.1441e-06
10 1 1e-07
10 1 1.56411e-07
10 1 1e-07
10 1 1e-07
10 1 4.50069e-07
10 0.999414 0.000586488
10 0.99994 5.99617e-05
1 0.00495192 0.995048
10 0.803229 0.196771
10 0.999876 0.000124146
10 1 1.22785e-07
10 0.999991 8.93574e-06
10 0.999979 2.0884e-05
1 0.000135777 0.999864
1 0.000544859 0.999455
10 1 1e-07
10 0.999997 3.25211e-06
10 0.999956 4.36821e-05
10 1 1e-07
10 0.999678 0.000321506
10 0.999953 4.73029e-05
1 0.0898036 0.910196
1 0.000158376 0.999842
10 1 1e-07
10 1 1e-07
1 0.000460197 0.99954
1 0.00301345 0.996987
10 1 1e-07
10 0.999991 8.99425e-06
10 1 1e-07
10 1 1e-07
10 0.997531 0.00246881
10 1 1e-07
10 0.548674 0.451326
1 0.0332826 0.966717
1 0.00548532 0.994515
10 0.99863 0.00137012
10 1 1e-07
10 0.999743 0.000257087
10 1 1e-07
10 1 1e-07
1 0.0231985 0.976801
10 1 1e-07
10 1 1e-07
10 1 1e-07
10 1 1e-07
10 0.999995 4.79479e-06
10 1 1e-07
10 1 1e-07
10 1 1e-07
1 0.0563635 0.943636
1 0.0342574 0.965743
1 0.4327 0.5673
10 0.999959 4.09193e-05
10 1 1e-07
10 1 1e-07
10 1 1e-07
10 0.999875 0.000124856
10 1 1e-07
10 1 1e-07
10 1 1e-07
10 0.996167 0.00383317
10 1 1e-07
10 1 1e-07
10 0.999546 0.000453825
1 0.00199844 0.998002
10 1 3.9719e-07
10 0.999997 3.35198e-06
10 0.99628 0.00372016
10 1 1e-07
10 1 1e-07
10 0.999793 0.000207011
10 0.999998 1.70967e-06
10 1 1e-07
10 1 1e-07
10 0.924056 0.0759443
10 1 1e-07
10 0.999898 0.00010184
1 0.00239473 0.997605
10 0.999987 1.30179e-05
10 1 1e-07
10 1 1e-07
10 1 1e-07
10 0.991963 0.00803688
10 0.999841 0.000159123
10 1 1e-07
10 0.999995 4.67977e-06
1 0.281572 0.718428
10 1 1e-07
10 1 1e-07
10 0.9981 0.00190027
10 1 1e-07
10 0.999948 5.23202e-05
10 1 1e-07
10 1 1e-07
10 1 1e-07
10 0.999893 0.000106843
10 0.999874 0.000125677
10 1 1e-07
10 0.999997 3.32984e-06
10 0.987471 0.012529
1 1.71448e-07 1
10 1 1e-07
10 0.999941 5.91231e-05
10 1 1e-07
10 1 1e-07
10 0.999997 3.01697e-06
1 0.00297733 0.997023
10 0.999957 4.25548e-05
10 0.999999 6.78601e-07
10 1 1e-07
10 0.944395 0.0556046
10 1 4.35829e-07
1 0.000234088 0.999766
10 0.999995 5.41368e-06
10 1 1e-07
10 1 1e-07
10 1 1e-07
10 0.999999 1.37925e-06
10 1 1e-07
10 0.999925 7.48948e-05
10 0.998146 0.00185359
1 0.0586952 0.941305
10 1 1e-07
1 0.000505393 0.999495
10 0.999997 2.89509e-06
10 1 1e-07
1 0.0501086 0.949891
10 0.96461 0.0353904
1 0.00115904 0.998841
10 0.999996 3.65689e-06
10 1 2.22215e-07
10 0.999996 3.65078e-06
10 1 1e-07
10 1 1e-07
10 1 2.01024e-07
10 1 1e-07
10 1 1e-07
10 1 1e-07
10 1 1e-07
10 0.999993 6.7803e-06
1 0.0116245 0.988376
10 0.939688 0.060312
10 1 1e-07
1 7.53818e-05 0.999925
10 1 1e-07
10 1 1e-07
10 1 1e-07
10 1 1e-07
1 0.00714694 0.992853
10 0.994226 0.00577356
10 0.999895 0.000104595
10 0.99408 0.00591963
10 1 1e-07
10 0.999358 0.000641578
10 0.999986 1.37475e-05
10 1 1e-07
10 0.999868 0.000132166
10 0.99994 5.99054e-05
10 1 1e-07
10 1 1e-07
10 0.988163 0.0118367
10 0.999941 5.8827e-05
10 0.997828 0.00217159
10 0.89805 0.10195
10 1 1e-07
10 1 4.43663e-07
10 1 1e-07
10 1 1e-07
10 0.999948 5.18589e-05
10 0.996569 0.00343051
10 0.99999 1.03189e-05
10 1 2.11307e-07
10 0.99997 3.02128e-05
10 0.997976 0.00202352
10 1 1e-07
1 7.67387e-07 0.999999
10 1 1e-07
10 0.969319 0.0306809
10 0.998306 0.0016945
10 0.999995 4.61331e-06
10 1 1e-07
1 0.00433101 0.995669
10 1 1e-07
10 0.999999 9.56822e-07
10 1 2.77909e-07
10 1 1e-07
10 1 1e-07
10 1 1e-07
1 0.00771198 0.992288
10 0.999998 2.21549e-06
10 1 1e-07
10 1 1e-07
10 1 1.80539e-07
10 0.999639 0.000361455
10 1 1e-07
10 0.999958 4.21381e-05
10 1 1e-07
10 1 1e-07
10 1 1e-07
10 0.999977 2.26477e-05
1 0.00442634 0.995574
10 0.995579 0.00442087
10 1 1e-07
10 0.886684 0.113316
1 0.00311296 0.996887
10 0.999919 8.12263e-05
10 0.999414 0.000586402
10 1 1e-07
10 1 1e-07
10 0.979721 0.0202794
10 0.99999 1.04244e-05
10 1 1e-07
1 0.427738 0.572262
10 0.999293 0.000707262
10 0.999946 5.3734e-05
10 1 1.20813e-07
10 1 1.49285e-07
10 1 1e-07
10 0.999484 0.000515886
1 0.251299 0.748701
10 1 1e-07
10 0.99991 9.0018e-05
10 0.999998 1.7981e-06
10 1 1e-07
10 0.999997 3.35856e-06
10 0.999998 1.53619e-06
10 1 2.92472e-07
10 0.999981 1.94677e-05
10 1 1e-07
10 1 1e-07
10 0.999999 1.14775e-06
10 1 1e-07
10 0.999866 0.000133962
10 1 1e-07
10 1 1e-07
1 0.00341103 0.996589
10 1 1e-07
10 1 1e-07
10 0.999842 0.000158004
10 1 1e-07
10 1 1e-07
10 0.994887 0.00511256
10 1 1e-07
10 1 1e-07
1 0.000439726 0.99956
10 1 1e-07
10 0.999975 2.53968e-05
10 1 1e-07
10 1 1e-07
10 1 3.60722e-07
1 0.001222 0.998778
10 0.999931 6.94069e-05
10 0.999999 9.26766e-07
10 1 1e-07
10 1 1e-07
10 1 1e-07
10 0.999985 1.54645e-05
10 0.999647 0.00035317
10 1 1e-07
10 1 1e-07
10 0.996503 0.00349722
10 1 1e-07
10 0.999171 0.000828853
10 1 1e-07
10 1 1e-07
10 1 1e-07
10 1 1e-07
10 1 1e-07
10 0.999997 2.7826e-06
10 1 1e-07
10 1 1e-07
10 0.999847 0.000153095
10 1 1e-07
10 1 1e-07
1 0.000184124 0.999816
10 0.999991 8.53673e-06
10 1 3.22491e-07
1 6.65856e-07 0.999999
10 0.999996 3.6916e-06
10 0.99997 2.98187e-05
10 0.999995 4.52578e-06
10 0.999939 6.12234e-05
10 1 1e-07
10 0.996012 0.00398775
10 1 1e-07
10 1 1e-07
10 0.999986 1.41673e-05
10 1 2.51162e-07
10 1 1e-07
10 1 1e-07
10 1 1e-07
10 0.999812 0.000188435
10 0.999999 7.07991e-07
10 1 1e-07
1 0.00219455 0.997805
10 1 1e-07
10 1 1e-07
10 1 1e-07
10 1 4.59627e-07
10 1 1e-07
10 1 1e-07
10 1 1e-07
10 0.967651 0.0323493
10 1 1e-07
10 1 1e-07
1 0.000643288 0.999357
10 0.999998 2.25928e-06
10 0.999999 7.70787e-07
10 0.999923 7.72049e-05
10 0.999374 0.000626206
1 0.107511 0.892489
10 0.999999 8.53862e-07
10 1 1e-07
10 0.999999 1.43789e-06
1 0.0194146 0.980585
10 0.999877 0.000123032
10 1 1e-07
10 1 1e-07
10 0.999999 1.49106e-06
10 1 1e-07
10 0.999993 6.76734e-06
10 1 4.92181e-07
10 0.999976 2.39986e-05
1 0.000126679 0.999873
10 1 2.77286e-07
10 1 1e-07
10 0.534335 0.465665
10 1 1e-07
10 1 3.09446e-07
10 1 1e-07
10 1 1e-07
10 1 1e-07
10 0.999998 2.44379e-06
10 1 1e-07
1 7.35358e-05 0.999926
10 0.999953 4.73807e-05
10 1 1e-07
10 1 3.43158e-07
10 1 1e-07
10 1 1e-07
1 0.00298236 0.997018
10 0.999993 6.84657e-06
10 1 1e-07
10 1 1e-07
10 1 1e-07
10 1 1e-07
10 1 4.20899e-07
10 1 1e-07
10 1 1e-07
1 0.00256125 0.997439
10 0.999966 3.39652e-05
10 0.999979 2.06461e-05
10 0.999326 0.00067392
10 0.999688 0.000312425
1 2.78282e-05 0.999972
10 1 1e-07
10 0.999999 5.23045e-07
10 1 4.32218e-07
10 1 1e-07
10 0.996234 0.00376645
10 1 1e-07
10 0.999257 0.000743403
10 1 1e-07
10 1 1e-07
10 0.999997 2.72695e-06
1 8.80339e-05 0.999912
10 1 1e-07
10 0.999998 2.04438e-06
10 1 1e-07
10 1 1e-07
10 1 1e-07
1 0.0262809 0.973719
10 0.999988 1.20269e-05
10 0.999165 0.000835122
10 1 1e-07
10 1 1e-07
10 0.999906 9.38932e-05
10 1 1e-07
10 1 1e-07
10 1 1e-07
10 0.999503 0.000496528
10 0.991932 0.00806803
10 0.999991 9.37196e-06
10 1 1e-07
10 0.983232 0.0167678
10 0.999996 3.73218e-06
10 0.999992 8.49561e-06
10 0.998654 0.00134609
10 0.999579 0.000421168
10 1 1e-07
10 1 1e-07
10 1 1e-07
10 0.999997 2.63356e-06
10 1 1e-07
10 1 1.42274e-07
10 1 1e-07
10 1 1e-07
1 0.000142294 0.999858
10 1 1e-07
10 1 1e-07
10 0.999825 0.000175267
10 0.999948 5.18472e-05
10 0.999949 5.05173e-05
1 7.88783e-06 0.999992
10 1 1e-07
10 1 1e-07
1 8.41625e-06 0.999992
10 1 1e-07
10 1 1e-07
10 1 1e-07
10 1 1e-07
10 0.993396 0.00660352
10 0.999995 4.7574e-06
10 0.999981 1.90474e-05
10 1 1e-07
10 0.999933 6.70529e-05
10 1 1e-07
10 0.999999 9.64325e-07
10 1 1e-07
10 1 1e-07
1 0.00238533 0.997615
10 0.985473 0.0145272
10 1 1e-07
10 1 1e-07
10 1 1e-07
10 1 1e-07
10 1 1e-07
10 0.999981 1.87559e-05
10 1 4.86957e-07
1 0.00332107 0.996679
10 0.999854 0.000145647
10 1 1e-07
10 1 1e-07
10 0.996444 0.00355589
10 1 1e-07
10 1 1e-07
10 0.997432 0.00256762
10 1 1e-07
10 1 1e-07
10 1 1e-07
10 1 1e-07
10 1 1e-07
10 1 1e-07
10 1 1e-07
10 0.999993 6.62124e-06
10 1 1e-07
10 0.999998 1.82941e-06
10 1 1e-07
1 0.00263374 0.997366
10 1 1e-07
10 0.999996 4.23888e-06
1 0.0061346 0.993865
10 1 1e-07
1 0.0662954 0.933705
10 0.999999 5.92302e-07
10 1 1e-07
10 0.99792 0.00208031
10 0.999995 4.57637e-06
10 1 1e-07
10 1 1e-07
10 0.999997 2.69934e-06
10 0.999998 2.42915e-06
10 0.997677 0.00232256
10 1 1e-07
10 1 1e-07
10 1 1e-07
10 1 1e-07
10 1 1e-07
10 0.994583 0.00541686
10 1 1e-07
10 1 1e-07
10 1 1e-07
10 0.989255 0.0107455
10 1 1e-07
10 0.999999 1.19921e-06
10 1 2.13568e-07
10 0.99998 2.04635e-05
10 0.98622 0.0137795
10 0.999962 3.78098e-05
10 1 1e-07
1 0.00603152 0.993968
10 0.999987 1.305e-05
10 0.999998 1.94231e-06
10 0.9998 0.00019987
10 0.99999 1.04862e-05
10 1 1e-07
10 0.999357 0.000643378
10 1 1e-07
10 0.99993 6.96849e-05
10 0.962706 0.0372943
10 0.999821 0.000179067
10 0.999978 2.22975e-05
10 0.934496 0.0655035
1 0.00527557 0.994724
10 0.985006 0.0149944
10 0.999836 0.000163853
10 0.972879 0.0271214
10 1 1e-07
10 1 1e-07
1 0.025608 0.974392
10 1 1e-07
10 0.999997 2.91325e-06
10 0.999998 2.07215e-06
10 0.999924 7.6193e-05
10 1 4.01051e-07
10 1 1e-07
10 1 1e-07
10 0.999991 9.01371e-06
1 0.000152273 0.999848
10 0.999845 0.00015478
10 0.993723 0.00627699
10 1 1e-07
10 1 1e-07
10 0.998071 0.00192898
10 1 1e-07
1 0.00375287 0.996247
10 1 1e-07
10 1 3.18955e-07
10 1 1e-07
10 0.999955 4.49369e-05
10 0.992658 0.00734234
10 0.999899 0.000101246
10 1 1e-07
10 1 2.92491e-07
10 1 1e-07
10 1 1e-07
10 0.54985 0.45015
10 1 1e-07
1 0.00174543 0.998255
10 1 1e-07
10 1 1e-07
10 1 1e-07
10 0.988254 0.0117462
10 1 1e-07
10 1 1e-07
10 1 1e-07
1 7.33361e-07 0.999999
10 1 2.24227e-07
10 0.999975 2.50617e-05
10 0.993655 0.00634528
10 1 1.26871e-07
10 1 1e-07
10 0.998142 0.0018581
10 0.999952 4.82727e-05
10 0.996087 0.00391272
10 1 1e-07
10 1 1e-07
10 1 1e-07
10 1 1e-07
10 1 1e-07
10 1 1e-07
1 0.0481627 0.951837
10 1 1e-07
10 1 1e-07
10 1 1e-07
10 0.999154 0.000845811
10 0.998007 0.00199281
10 1 1e-07
10 1 1e-07
10 1 1e-07
10 1 1.34001e-07
10 1 1e-07
10 1 1e-07
1 1.2231e-06 0.999999
10 0.999325 0.000675037
10 0.999993 7.06891e-06
10 0.996928 0.00307173
10 1 1e-07
10 1 1e-07
10 0.999084 0.000915845
10 1 1e-07
10 1 1e-07
10 1 1e-07
10 1 1e-07
10 1 1e-07
1 0.00148323 0.998517
10 0.999999 1.16573e-06
10 1 1e-07
10 1 1e-07
10 1 1e-07
10 1 1e-07
10 1 1.34916e-07
10 0.999825 0.000175148
1 0.00277288 0.997227
10 1 2.53456e-07
10 1 1e-07
10 0.999895 0.000105162
10 1 1e-07
10 1 1e-07
10 0.999997 2.87495e-06
10 1 1e-07
1 0.00682475 0.993175
10 0.999992 8.05154e-06
10 1 1e-07
10 0.999991 9.01469e-06
10 0.999999 5.80031e-07
10 0.999996 4.28229e-06
10 1 1e-07
10 1 1e-07
10 1 1e-07
10 0.99764 0.00235997
10 1 1e-07
10 0.999723 0.000277294
10 1 1.62434e-07
10 1 1e-07
10 1 1e-07
10 0.550068 0.449932
10 1 1e-07
10 1 1e-07
10 1 1e-07
10 0.999973 2.68064e-05
1 0.0269623 0.973038
10 0.999987 1.31112e-05
10 1 1.55905e-07
10 1 1e-07
10 1 1e-07
10 1 1e-07
10 0.99805 0.00195023
10 1 1e-07
10 1 1e-07
10 0.999993 7.41004e-06
1 0.000819403 0.999181
1 0.00428614 0.995714
10 1 1e-07
10 1 1e-07
10 1 1e-07
10 1 1e-07
1 0.019971 0.980029
10 0.730105 0.269895
10 1 1e-07
10 1 1e-07
10 1 1e-07
10 0.999996 4.08824e-06
10 1 1e-07
10 1 1e-07
1 0.0310061 0.968994
10 0.999999 6.03485e-07
10 0.999581 0.000418993
10 1 1e-07
10 0.999999 7.71986e-07
1 0.00737506 0.992625
10 1 1e-07
10 1 4.17163e-07
10 0.971115 0.0288851
10 1 1e-07
10 0.999364 0.00063559
10 0.998572 0.00142798
10 1 1e-07
10 0.999999 6.332e-07
10 1 1e-07
10 0.999866 0.000133655
10 0.9984 0.00160041
10 0.989557 0.010443
10 0.999869 0.000130874
10 0.99999 9.90606e-06
10 1 1e-07
10 0.999219 0.000780685
10 0.981828 0.0181723
10 0.999934 6.55057e-05
10 1 1e-07
10 1 1e-07
10 1 1e-07
10 1 1e-07
10 0.999972 2.77483e-05
10 1 1e-07
10 1 1e-07
10 0.978675 0.0213252
10 1 1e-07
10 0.943005 0.0569947
10 1 1e-07
1 0.000903052 0.999097
10 1 1e-07
10 1 1e-07
10 1 4.89223e-07
10 1 1e-07
10 0.999896 0.00010353
10 0.999796 0.000204238
10 1 1e-07
10 0.999999 8.06537e-07
10 0.999996 3.91806e-06
10 1 1e-07
10 0.999397 0.000602759
1 3.36834e-06 0.999997
1 0.000177094 0.999823
10 0.999931 6.90322e-05
10 1 1e-07
10 1 1e-07
10 1 1e-07
10 1 1e-07
10 1 1e-07
10 1 1e-07
10 1 1e-07
10 1 1e-07
10 0.999991 8.52793e-06
10 1 1e-07
10 0.999464 0.000535707
10 1 1e-07
10 1 1e-07
10 1 1e-07
10 1 1e-07
10 0.999532 0.00046767
1 3.28557e-06 0.999997
1 0.0247561 0.975244
10 1 1e-07
10 1 1e-07
10 1 1e-07
10 1 2.33132e-07
10 1 1e-07
10 0.999147 0.000852834
10 1 1e-07
10 0.999999 9.93751e-07
10 0.999852 0.000148235
10 0.999997 3.21135e-06
1 0.189914 0.810086
10 1 1e-07
10 1 1.16688e-07
1 0.0359947 0.964005
10 0.999913 8.71562e-05
10 1 1e-07
10 1 1e-07
10 1 1e-07
10 1 1e-07
10 0.999998 2.35386e-06
10 1 1e-07
10 0.999995 5.37527e-06
10 0.999903 9.69747e-05
10 1 3.28123e-07
10 0.999999 6.1934e-07
10 1 1e-07
10 0.999994 5.83167e-06
1 0.336972 0.663028
10 1 1e-07
1 3.66347e-05 0.999963
10 1 1e-07
10 0.999997 3.00057e-06
10 0.842308 0.157692
10 0.999971 2.86965e-05
10 0.99998 1.96461e-05
10 0.999999 1.28354e-06
10 0.998816 0.00118352
1 0.0213004 0.9787
10 1 1e-07
10 0.999986 1.41654e-05
10 0.998754 0.00124585
10 0.999525 0.000475278
10 1 1e-07
10 1 1e-07
10 1 1e-07
10 0.9999 9.98561e-05
10 0.996586 0.00341392
10 1 1.9844e-07
10 0.999336 0.000663936
10 0.999999 1.11991e-06
10 1 1e-07
10 0.999593 0.000407437
10 1 1e-07
10 1 1e-07
10 1 1e-07
10 1 2.9737e-07
10 1 1e-07
10 1 1e-07
10 0.998415 0.00158457
1 4.98157e-05 0.99995
10 1 1e-07
10 0.999994 6.29924e-06
10 1 1e-07
10 1 1e-07
10 1 1e-07
10 1 1e-07
10 0.999939 6.06712e-05
10 0.995496 0.00450394
1 0.00111618 0.998884
10 1 1e-07
10 0.997242 0.00275791
10 0.997363 0.00263675
10 1 1e-07
1 0.000299136 0.999701
10 1 1e-07
10 1 1e-07
10 1 1e-07
10 1 1e-07
1 0.000601991 0.999398
10 1 1e-07
10 1 1e-07
10 1 1e-07
10 1 1e-07
10 1 1e-07
10 0.999991 8.5501e-06
10 0.997618 0.0023816
10 1 1e-07
10 1 1e-07
10 1 1e-07
10 1 1e-07
10 1 1e-07
10 1 1e-07
10 1 1e-07
10 1 1e-07
10 1 1.03897e-07
10 0.999963 3.74633e-05
10 1 2.45207e-07
10 0.999981 1.91672e-05
1 0.000811577 0.999188
10 1 1e-07
10 1 1e-07
10 1 1e-07
10 1 1e-07
10 1 1e-07
10 0.999953 4.73597e-05
10 1 1e-07
10 1 1e-07
10 1 1e-07
10 0.999997 3.2335e-06
10 1 1e-07
10 1 1e-07
1 0.00779867 0.992201
10 0.999988 1.21928e-05
10 1 1e-07
10 0.999999 9.75988e-07
10 1 1e-07
1 1.07088e-05 0.999989
10 0.999936 6.39821e-05
10 1 1e-07
10 1 1e-07
10 0.999999 1.23485e-06
10 1 1e-07
10 1 1e-07
10 1 1e-07
10 1 1.7515e-07
10 1 2.70529e-07
10 0.925077 0.0749227
10 0.983317 0.0166835
10 1 1e-07
10 1 1e-07
10 0.998861 0.00113871
10 0.999722 0.000277935
10 0.999994 6.04985e-06
10 1 1e-07
10 1 1e-07
10 0.998966 0.00103387
10 1 1e-07
10 1 2.75041e-07
10 0.999972 2.83338e-05
10 0.996945 0.0030549
10 1 1e-07
10 1 1e-07
10 1 1e-07
10 0.999099 0.000901329
10 0.999998 2.07157e-06
10 0.999989 1.12347e-05
10 1 1e-07
10 1 1e-07
10 0.999995 4.60638e-06
10 0.999995 4.89551e-06
10 0.999977 2.28399e-05
10 1 1e-07
10 0.999967 3.27237e-05
10 0.999618 0.000381892
10 1 1e-07
10 1 2.87557e-07
1 0.001506 0.998494
10 1 1e-07
10 1 1e-07
1 0.000526138 0.999474
1 3.41595e-05 0.999966
10 0.998486 0.00151416
10 1 1e-07
10 0.999999 5.87607e-07
1 0.0016319 0.998368
10 1 1e-07
10 1 1e-07
10 1 1e-07
10 1 1e-07
10 1 1e-07
10 0.999998 2.09683e-06
10 1 1e-07
10 1 1e-07
10 1 1e-07
10 1 1e-07
10 1 1e-07
10 0.999999 1.26927e-06
10 1 1e-07
10 0.999945 5.51681e-05
10 0.998591 0.00140914
10 1 1e-07
10 0.999945 5.53105e-05
10 1 1e-07
10 0.999819 0.000181228
10 1 2.70929e-07
10 0.999874 0.000125913
10 1 1e-07
10 1 1e-07
10 0.999972 2.79522e-05
10 1 1e-07
10 0.999897 0.000103039
10 0.999962 3.79708e-05
10 1 1e-07
1 0.0361082 0.963892
10 1 1e-07
10 1 1e-07
10 0.999561 0.000438506
10 1 1e-07
10 0.999882 0.000117506
1 0.00114367 0.998856
10 1 1e-07
10 0.999521 0.000479201
10 0.999986 1.37667e-05
10 0.999967 3.32722e-05
10 1 1e-07
10 1 1e-07
10 1 1e-07
1 0.0322661 0.967734
10 1 1e-07
10 0.999982 1.80065e-05
10 1 1e-07
10 1 1e-07
10 1 1e-07
10 0.999993 6.66593e-06
10 0.999883 0.000116835
10 0.741079 0.258921
10 1 1e-07
10 1 1e-07
10 1 1e-07
1 1e-07 1
10 0.999409 0.000591385
10 0.999965 3.52969e-05
10 1 1e-07
10 0.999999 1.30533e-06
10 1 1e-07
10 1 1e-07
10 1 1e-07
10 1 1e-07
10 0.999985 1.54588e-05
10 0.999999 1.12347e-06
10 1 1e-07
1 7.19778e-06 0.999993
10 0.998098 0.0019018
10 0.999721 0.000278699
10 1 1e-07
10 0.999961 3.90831e-05
10 1 1e-07
10 1 1e-07
10 0.999998 1.51115e-06
10 0.999947 5.25734e-05
10 1 1e-07
10 1 1e-07
10 0.999989 1.13328e-05
1 4.65656e-06 0.999995
1 0.00745594 0.992544
10 0.762041 0.237959
10 1 1e-07
1 0.000145761 0.999854
10 0.999987 1.31405e-05
10 0.999999 6.92309e-07
10 1 1e-07
10 1 1e-07
10 1 1e-07
10 1 1e-07
10 1 1e-07
10 1 1e-07
10 1 1e-07
10 1 3.72468e-07
10 0.999989 1.07334e-05
10 0.999992 7.95962e-06
10 1 3.55114e-07
10 1 3.7731e-07
10 0.957004 0.0429963
1 0.00425956 0.99574
1 5.2939e-07 0.999999
10 1 1e-07
10 0.999996 4.05222e-06
10 1 1e-07
10 1 1e-07
10 1 1e-07
10 1 1e-07
10 0.998055 0.00194453
10 0.999983 1.69537e-05
10 0.999993 6.73087e-06
10 0.999998 2.28308e-06
10 0.999963 3.74095e-05
10 1 1e-07
10 1 1e-07
10 1 1e-07
10 1 1e-07
10 1 1e-07
1 0.0149487 0.985051
10 0.99999 9.99224e-06
10 0.999997 2.66777e-06
10 0.992426 0.00757398
10 1 1e-07
10 0.999661 0.000339353
10 1 1e-07
10 0.99996 4.03959e-05
10 0.99942 0.000580354
10 1 1e-07
10 1 1e-07
10 0.999999 1.22963e-06
10 1 1e-07
10 1 1e-07
10 1 1e-07
10 0.999996 4.36273e-06
10 1 1e-07
1 0.0823691 0.917631
10 0.999089 0.000911129
10 1 1e-07
10 1 1e-07
10 1 1e-07
10 1 1e-07
10 1 1e-07
10 1 1e-07
10 1 1e-07
10 0.999997 2.56558e-06
10 0.999992 8.23937e-06
10 0.999999 7.21257e-07
10 0.999816 0.000183692
1 0.00204439 0.997956
1 0.00268281 0.997317
10 0.999999 1.13272e-06
10 1 1e-07
10 1 1e-07
10 0.998599 0.00140052
10 1 1e-07
10 0.999994 5.58555e-06
10 1 1e-07
10 1 1.23903e-07
10 1 1e-07
10 1 1e-07
10 1 1e-07
10 0.997811 0.00218933
10 0.99999 1.04443e-05
10 1 1e-07
10 1 1e-07
10 1 1e-07
10 1 1e-07
10 1 1e-07
10 0.998404 0.00159649
10 1 1e-07
10 0.997928 0.00207205
10 1 1e-07
1 0.00442537 0.995575
10 1 1e-07
1 0.0842047 0.915795
10 1 1e-07
1 0.00434071 0.995659
10 1 1e-07
10 1 1e-07
10 1 1e-07
10 1 1e-07
10 0.999584 0.000416124
10 1 1e-07
10 1 1e-07
10 1 1e-07
1 0.00011223 0.999888
10 0.99926 0.000739519
10 1 1e-07
10 1 1e-07
10 0.999908 9.24182e-05
10 0.999884 0.00011603
10 0.999962 3.84721e-05
10 0.998192 0.00180772
10 0.524446 0.475554
10 0.999979 2.14186e-05
1 0.000254505 0.999745
1 0.000995936 0.999004
10 0.999909 9.0764e-05
10 1 1e-07
10 1 1e-07
10 1 1e-07
10 1 1e-07
10 0.999996 4.27687e-06
10 0.999999 8.72131e-07
10 1 1e-07
10 1 1e-07
10 0.999998 2.14076e-06
10 0.996795 0.00320461
1 1e-07 1
10 1 1e-07
10 0.999934 6.62955e-05
1 0.183079 0.816921
10 0.976237 0.0237626
10 0.999732 0.000267815
10 1 1e-07
1 0.0205535 0.979446
10 0.999887 0.000113427
10 0.999998 1.8256e-06
10 1 1e-07
10 1 1e-07
10 0.999993 7.34521e-06
10 0.999999 5.95774e-07
10 0.999998 1.78395e-06
10 1 1e-07
10 1 1e-07
10 0.999993 6.90592e-06
10 1 1e-07
10 0.99191 0.00809023
10 0.999664 0.000335524
10 0.653233 0.346767
1 0.000635093 0.999365
10 0.999996 3.52615e-06
10 1 1e-07
10 0.999991 8.75962e-06
10 0.999934 6.62426e-05
1 0.00112368 0.998876
10 0.999989 1.06194e-05
10 0.998043 0.00195688
1 4.71028e-06 0.999995
10 0.999764 0.000235986
10 1 1e-07
10 1 1e-07
1 0.000967226 0.999033
10 0.997975 0.00202473
10 1 1e-07
10 1 1e-07
10 0.999977 2.25621e-05
1 0.00400388 0.995996
10 0.981137 0.0188628
10 0.992016 0.00798387
10 1 1e-07
10 1 1e-07
10 0.999827 0.000173367
1 0.0189737 0.981026
10 0.999872 0.000127942
10 1 1e-07
10 0.995755 0.00424541
1 0.000485687 0.999514
10 1 1e-07
10 0.992238 0.00776208
10 0.998781 0.00121896
10 0.967049 0.0329509
10 1 1e-07
10 1 1e-07
10 0.976982 0.0230183
10 0.999601 0.000398768
10 0.999997 2.61913e-06
10 1 1e-07
10 0.983482 0.0165181
1 7.75167e-05 0.999922
10 0.999998 2.48985e-06
10 0.99996 4.04887e-05
10 1 1e-07
10 1 1.96965e-07
10 0.997885 0.00211484
10 1 1e-07
10 1 1e-07
10 1 1e-07
10 0.997909 0.00209083
10 0.999574 0.000426111
10 1 1e-07
10 1 1.24774e-07
10 1 3.96155e-07
10 0.999929 7.08519e-05
10 0.999998 2.28885e-06
10 0.999999 1.05494e-06
1 0.000742339 0.999258
10 1 1e-07
10 0.991641 0.00835876
10 1 1.46522e-07
10 0.999641 0.000358683
10 0.999999 1.00311e-06
10 0.999815 0.000185131
10 0.982012 0.0179883
10 0.997575 0.00242514
10 0.999857 0.000143413
10 0.99998 2.00033e-05
10 1 1e-07
10 1 1e-07
1 1.56158e-06 0.999998
10 0.999972 2.83038e-05
10 1 1e-07
10 1 1e-07
10 1 1e-07
10 0.999952 4.79031e-05
10 1 1e-07
10 0.998081 0.0019192
10 0.999976 2.40657e-05
10 0.996936 0.00306395
10 0.999825 0.000175498
10 0.999998 1.86315e-06
10 0.999995 4.83797e-06
1 7.63677e-05 0.999924
1 2.19695e-06 0.999998
10 0.999986 1.39371e-05
10 1 1e-07
10 1 1e-07
10 1 1e-07
10 0.999854 0.000146486
10 0.999986 1.3989e-05
10 0.999405 0.000594979
10 0.998146 0.00185442
10 1 1e-07
10 1 1e-07
10 1 1e-07
1 0.00291695 0.997083
10 0.997856 0.00214434
10 1 1e-07
10 0.999991 9.26261e-06
10 0.999962 3.8306e-05
10 0.999995 4.55914e-06
10 1 1e-07
10 0.99952 0.000479741
10 1 1e-07
1 0.00381596 0.996184
1 0.000219273 0.999781
10 1 1e-07
10 1 1e-07
10 0.999996 4.33903e-06
10 0.9994 0.000600229
10 0.999954 4.57274e-05
10 1 1e-07
10 0.99988 0.000120205
10 0.999994 5.69491e-06
10 0.999989 1.11673e-05
10 1 1e-07
10 1 1e-07
1 0.0890381 0.910962
10 1 1e-07
10 0.994179 0.00582115
10 1 1e-07
10 1 1e-07
10 0.81768 0.18232
1 0.0879137 0.912086
10 0.999992 7.6004e-06
10 0.988723 0.0112769
10 1 1e-07
10 1 1e-07
10 0.999901 9.89654e-05
10 0.999999 1.18089e-06
10 1 1e-07
10 0.994966 0.00503391
1 0.000595989 0.999404
10 1 1e-07
10 1 2.79093e-07
10 0.999216 0.000784267
1 1.28661e-06 0.999999
10 1 1e-07
1 0.00387799 0.996122
10 0.999999 1.21488e-06
10 1 1e-07
10 1 1e-07
10 1 1e-07
10 0.999936 6.42617e-05
10 0.999997 2.86134e-06
10 1 1e-07
10 1 1e-07
10 0.988684 0.011316
10 1 1e-07
10 1 1e-07
10 0.878529 0.121471
10 0.994795 0.00520526
10 1 1e-07
10 0.999992 8.27537e-06
10 1 1e-07
10 0.999856 0.000143646
10 1 1e-07
10 1 1e-07
10 1 1e-07
10 1 1e-07
10 0.99988 0.000120029
1 1e-07 1
10 0.995942 0.0040583
10 1 1e-07
10 0.999912 8.84691e-05
10 1 1e-07
10 1 1e-07
10 0.998838 0.00116212
10 0.999994 5.59451e-06
10 0.999903 9.65412e-05
10 1 1e-07
10 1 3.35107e-07
1 0.000471159 0.999529
10 0.999989 1.09215e-05
10 1 1e-07
10 0.999835 0.000165381
10 0.999979 2.06021e-05
10 1 1e-07
10 1 2.56545e-07
10 1 1e-07
10 0.999996 3.96063e-06
10 1 1e-07
10 1 1e-07
10 1 1e-07
10 1 1e-07
10 0.999877 0.000123371
10 1 1e-07
10 1 1e-07
10 0.998982 0.00101814
10 1 1e-07
10 0.99975 0.000250211
10 0.999305 0.0006951
10 1 1e-07
10 1 1e-07
10 0.999999 1.43251e-06
