labels 2 0
0 0.159141 0.840859
0 0.25625 0.74375
0 0.0981609 0.901839
0 3.40251e-05 0.999966
0 0.00122634 0.998774
2 0.89769 0.10231
0 0.00102246 0.998978
2 0.82621 0.17379
0 0.0423659 0.957634
0 1.03698e-05 0.99999
0 0.060394 0.939606
0 6.52296e-06 0.999993
2 0.999993 7.45192e-06
0 0.000137266 0.999863
0 0.448202 0.551798
0 0.00299373 0.997006
2 0.805304 0.194696
2 0.542199 0.457801
0 8.13483e-07 0.999999
0 0.0190403 0.98096
2 0.702924 0.297076
0 0.0165345 0.983466
2 0.989539 0.0104608
2 0.837681 0.162319
0 0.045761 0.954239
0 0.000219761 0.99978
0 0.153358 0.846642
0 9.4123e-06 0.999991
0 0.17454 0.82546
2 0.999856 0.000144094
0 0.0320229 0.967977
2 0.763599 0.236401
2 0.713319 0.286681
0 1e-07 1
2 0.582397 0.417603
2 0.728544 0.271456
2 0.998952 0.0010481
0 0.000118067 0.999882
0 0.0325017 0.967498
2 0.999351 0.000649431
0 0.152255 0.847745
0 0.022501 0.977499
2 0.795831 0.204169
0 0.144105 0.855895
0 2.38105e-06 0.999998
0 0.135879 0.864121
2 0.996986 0.00301414
0 0.137996 0.862004
2 0.997293 0.00270671
2 0.933515 0.0664853
2 0.560282 0.439718
0 0.106852 0.893148
0 0.287973 0.712027
0 0.0934065 0.906593
2 0.998824 0.00117636
2 0.998657 0.0013432
2 0.916292 0.0837084
0 0.226095 0.773905
0 1.46056e-05 0.999985
0 0.0152507 0.984749
0 0.000110764 0.999889
0 0.396606 0.603394
0 0.0895448 0.910455
2 0.999803 0.000197452
0 9.35389e-06 0.999991
0 0.00014782 0.999852
2 0.955384 0.0446162
0 0.000135195 0.999865
2 0.932639 0.0673609
2 0.765774 0.234226
0 0.284035 0.715965
2 0.917328 0.0826724
2 0.99921 0.000789741
2 0.980514 0.019486
2 0.74551 0.25449
0 0.000191799 0.999808
2 0.506888 0.493112
2 0.854365 0.145635
0 0.000129929 0.99987
0 0.416191 0.583809
0 1.81606e-06 0.999998
0 3.25231e-07 1
0 0.000644019 0.999356
2 0.814834 0.185166
2 0.69854 0.30146
2 0.997643 0.00235699
2 0.989158 0.0108424
0 5.06847e-06 0.999995
2 0.54201 0.45799
0 7.24321e-06 0.999993
0 1.30959e-06 0.999999
2 0.993825 0.00617539
2 0.744304 0.255696
2 0.941519 0.0584809
2 0.993035 0.00696498
0 0.00256839 0.997432
0 3.49763e-05 0.999965
2 0.768348 0.231652
2 0.979611 0.0203889
2 0.511061 0.488939
0 0.140046 0.859954
2 0.995641 0.00435883
0 8.96985e-05 0.99991
2 0.996533 0.00346726
2 0.996849 0.00315056
0 0.000948303 0.999052
2 0.742875 0.257125
2 0.999687 0.000312756
2 0.948107 0.0518935
2 0.870767 0.129233
2 0.862085 0.137915
2 0.782606 0.217394
2 0.997199 0.00280099
2 0.995788 0.00421158
2 0.992698 0.00730201
2 0.998057 0.00194312
0 0.473983 0.526017
2 0.720876 0.279124
2 0.634821 0.365179
2 0.991696 0.00830354
2 0.889363 0.110637
0 0.447951 0.552049
0 0.485526 0.514474
2 0.712626 0.287374
0 0.00011074 0.999889
2 0.999656 0.000343779
2 0.710174 0.289826
0 1.42866e-05 0.999986
0 6.1196e-05 0.999939
2 0.995385 0.00461464
0 0.110396 0.889604
2 0.756159 0.243841
0 0.0243841 0.975616
2 0.994738 0.00526224
0 0.0914308 0.908569
0 0.367845 0.632155
0 0.00736754 0.992632
0 2.95089e-05 0.99997
2 0.764707 0.235293
2 0.999979 2.09908e-05
0 0.000318458 0.999682
2 0.94459 0.0554105
2 0.999632 0.000368486
0 5.6102e-06 0.999994
0 0.261312 0.738688
2 0.991277 0.00872342
2 0.999974 2.58695e-05
0 0.430146 0.569854
0 0.0031846 0.996815
0 0.101703 0.898297
0 0.000134425 0.999866
2 0.994776 0.00522433
2 0.991447 0.00855255
2 0.787809 0.212191
2 0.99704 0.00295952
2 0.980282 0.0197184
2 0.994747 0.00525345
0 0.00542223 0.994578
0 0.338901 0.661099
2 0.965949 0.0340508
2 0.673548 0.326452
0 0.493609 0.506391
0 0.0833083 0.916692
0 3.53205e-06 0.999996
2 0.999905 9.53454e-05
0 0.0845344 0.915466
2 0.995944 0.00405643
2 0.995348 0.0046517
0 1.38999e-06 0.999999
0 0.00269256 0.997307
0 0.346805 0.653195
2 0.997567 0.00243309
0 0.0279462 0.972054
0 0.198293 0.801707
0 0.0916211 0.908379
2 0.548002 0.451998
2 0.688904 0.311096
2 0.97719 0.0228099
2 0.728953 0.271047
0 1.34595e-06 0.999999
0 0.0091691 0.990831
2 0.791158 0.208842
0 0.478431 0.521569
0 9.89318e-06 0.99999
2 0.999961 3.94658e-05
2 0.623494 0.376506
2 0.926726 0.0732736
0 3.86595e-06 0.999996
0 0.370214 0.629786
0 0.0586748 0.941325
2 0.997775 0.00222457
0 0.480248 0.519752
2 0.999616 0.000383687
0 0.385499 0.614501
2 0.997818 0.00218222
2 0.769245 0.230755
0 6.10745e-05 0.999939
2 0.895227 0.104773
0 5.03301e-06 0.999995
0 0.147897 0.852103
0 0.28207 0.71793
2 0.997624 0.00237576
2 0.981478 0.0185221
2 0.755526 0.244474
2 0.996409 0.003591
0 0.01189 0.98811
0 0.371347 0.628653
0 0.473962 0.526038
0 9.21786e-06 0.999991
2 0.999925 7.48639e-05
2 0.81755 0.18245
2 0.629331 0.370669
0 0.215626 0.784374
2 0.805005 0.194995
2 0.999206 0.000793928
2 0.997988 0.00201214
2 0.50535 0.49465
2 0.935413 0.0645873
2 0.660233 0.339767
0 0.0390176 0.960982
0 2.86844e-05 0.999971
0 0.00417754 0.995822
0 0.249914 0.750086
2 0.944911 0.0550891
2 0.99425 0.00574987
2 0.552187 0.447813
0 0.00127897 0.998721
2 0.999527 0.000472566
2 0.999891 0.000109239
2 0.998547 0.00145283
0 0.296282 0.703718
2 0.998116 0.00188368
0 0.000149074 0.999851
2 0.878276 0.121724
2 0.999126 0.000874024
2 0.964636 0.0353638
0 0.029669 0.970331
0 0.324261 0.675739
0 0.164498 0.835502
0 0.107188 0.892812
2 0.999198 0.000801884
0 1.675e-07 1
2 0.987456 0.0125436
0 0.15287 0.84713
2 0.75895 0.24105
2 0.815334 0.184666
2 0.890176 0.109824
0 0.221378 0.778622
2 0.560512 0.439488
2 0.99379 0.00620995
2 0.813462 0.186538
2 0.839697 0.160303
0 0.174686 0.825314
2 0.994651 0.00534852
2 0.616171 0.383829
0 0.000103975 0.999896
2 0.998826 0.00117364
0 0.271271 0.728729
2 0.886145 0.113855
2 0.999459 0.000540676
0 0.00158835 0.998412
2 0.591169 0.408831
0 0.00767039 0.99233
2 0.803419 0.196581
2 0.919127 0.0808733
0 3.90233e-05 0.999961
0 0.0162493 0.983751
2 0.982069 0.0179307
2 0.994633 0.00536663
0 2.01618e-05 0.99998
2 0.964004 0.0359956
0 0.0317497 0.96825
2 0.999324 0.000675794
2 0.773277 0.226723
2 0.999296 0.000703928
2 0.894598 0.105402
0 0.0468869 0.953113
2 0.993539 0.00646085
2 0.992658 0.00734157
0 0.0289954 0.971005
2 0.995656 0.00434426
2 0.999611 0.000388846
2 0.999602 0.000398289
2 0.997564 0.00243616
0 1.81937e-05 0.999982
0 0.000363442 0.999637
2 0.999697 0.000302827
0 0.0075209 0.992479
2 0.664014 0.335986
2 0.987546 0.0124541
2 0.741873 0.258127
2 0.999802 0.000198082
0 9.77038e-05 0.999902
2 0.99916 0.000840197
2 0.717308 0.282692
0 0.00158435 0.998416
0 0.00158596 0.998414
2 0.84709 0.15291
2 0.844032 0.155968
2 0.756168 0.243832
0 0.475493 0.524507
2 0.731019 0.268981
2 0.827797 0.172203
0 1.06025e-05 0.999989
0 0.00712514 0.992875
0 0.0797906 0.920209
2 0.99984 0.000160418
0 0.168644 0.831356
2 0.520072 0.479928
0 0.000359242 0.999641
0 0.136857 0.863143
2 0.668557 0.331443
2 0.752886 0.247114
0 0.445013 0.554987
2 0.997875 0.00212468
0 0.290335 0.709665
0 1.12263e-06 0.999999
0 0.406648 0.593352
0 0.029554 0.970446
2 0.986032 0.0139678
2 0.854736 0.145264
0 1.83552e-06 0.999998
2 0.996751 0.00324865
2 0.937657 0.0623434
2 0.811194 0.188806
2 0.997144 0.00285637
2 0.998851 0.0011486
2 0.679154 0.320846
0 0.0306924 0.969308
0 0.0558236 0.944176
2 0.941203 0.0587973
0 0.0882711 0.911729
2 0.992611 0.00738917
2 0.997837 0.00216279
0 0.0467968 0.953203
0 0.435198 0.564802
2 0.878274 0.121726
0 0.0459985 0.954002
2 0.999479 0.000521152
2 0.999824 0.0001756
2 0.535633 0.464367
0 0.142938 0.857062
0 0.000106351 0.999894
0 0.128003 0.871997
2 0.988081 0.0119187
2 0.956643 0.0433567
2 0.999957 4.32363e-05
0 0.000482964 0.999517
2 0.853534 0.146466
0 0.257302 0.742698
0 0.00565988 0.99434
2 0.999824 0.000175537
2 0.957789 0.0422111
2 0.525215 0.474785
2 0.995899 0.00410136
2 0.807222 0.192778
0 0.0323813 0.967619
2 0.912758 0.0872421
0 5.37514e-05 0.999946
2 0.709347 0.290653
2 0.627638 0.372362
2 0.998341 0.00165898
2 0.978664 0.0213359
2 0.993565 0.00643477
0 0.143729 0.856271
2 0.999921 7.94069e-05
2 0.992247 0.00775308
2 0.993789 0.00621068
2 0.672029 0.327971
0 2.6526e-05 0.999973
0 0.0589092 0.941091
0 1.06818e-05 0.999989
2 0.961875 0.0381248
0 0.399262 0.600738
2 0.998871 0.00112868
2 0.683897 0.316103
0 9.55511e-06 0.99999
0 0.0428575 0.957143
0 0.0219148 0.978085
0 0.000195807 0.999804
2 0.987764 0.0122364
2 0.570359 0.429641
2 0.538659 0.461341
2 0.999784 0.000216315
2 0.996399 0.00360103
0 0.00732284 0.992677
2 0.836258 0.163742
0 0.00095401 0.999046
2 0.842427 0.157573
0 0.0906545 0.909345
0 0.000759315 0.999241
2 0.993208 0.00679217
0 0.0092583 0.990742
2 0.994563 0.00543668
2 0.622401 0.377599
2 0.999991 8.82538e-06
2 0.673631 0.326369
0 0.0778706 0.922129
0 0.374145 0.625855
2 0.999043 0.000957499
2 0.831662 0.168338
0 0.000364751 0.999635
2 0.847715 0.152285
2 0.728992 0.271008
0 0.119244 0.880756
2 0.956962 0.0430376
2 0.991943 0.00805689
2 0.994839 0.00516075
2 0.999954 4.6213e-05
2 0.828525 0.171475
2 0.998694 0.001306
2 0.787268 0.212732
2 0.997181 0.00281943
2 0.998074 0.00192608
2 0.732768 0.267232
0 1e-07 1
0 0.000469474 0.999531
2 0.994321 0.00567923
0 0.015784 0.984216
0 0.378864 0.621136
0 0.359459 0.640541
0 0.0198707 0.980129
0 0.0842128 0.915787
2 0.865135 0.134865
2 0.832854 0.167146
0 0.0366235 0.963377
0 4.16442e-05 0.999958
0 0.0956254 0.904375
0 0.473322 0.526678
0 1.21129e-05 0.999988
2 0.972663 0.027337
2 0.753789 0.246211
2 0.99999 1.02127e-05
0 0.000627999 0.999372
0 0.0299629 0.970037
2 0.930401 0.0695986
2 0.998084 0.00191597
2 0.661443 0.338557
2 0.937943 0.0620569
0 0.000186339 0.999814
2 0.892074 0.107926
0 0.44604 0.55396
2 0.76193 0.23807
2 0.84695 0.15305
2 0.995013 0.004987
2 0.998502 0.00149844
2 0.862372 0.137628
0 7.50172e-05 0.999925
2 0.751092 0.248908
2 0.822547 0.177453
0 0.497855 0.502145
0 0.00699628 0.993004
2 0.892542 0.107458
0 0.00793016 0.99207
2 0.999859 0.000140712
0 0.0349803 0.96502
0 2.54108e-05 0.999975
0 0.306241 0.693759
0 0.220581 0.779419
0 0.0103599 0.98964
0 8.16731e-06 0.999992
2 0.713728 0.286272
2 0.920784 0.0792163
2 0.889491 0.110509
2 0.999945 5.46749e-05
0 0.103478 0.896522
2 0.990753 0.00924666
0 3.41069e-05 0.999966
2 0.880498 0.119502
0 0.147848 0.852152
2 0.995713 0.00428679
2 0.960194 0.039806
2 0.71085 0.28915
0 0.218389 0.781611
2 0.695161 0.304839
0 0.0728425 0.927158
0 0.00023285 0.999767
0 0.0395352 0.960465
2 0.99444 0.00556005
2 0.603783 0.396217
2 0.503479 0.496521
2 0.999544 0.000455951
2 0.999385 0.000615466
2 0.983703 0.016297
2 0.847366 0.152634
0 0.413412 0.586588
0 0.00157753 0.998422
2 0.999697 0.000302727
2 0.752577 0.247423
0 0.407495 0.592505
2 0.917848 0.082152
2 0.790147 0.209853
2 0.946975 0.0530252
0 0.0399913 0.960009
2 0.964123 0.0358769
2 0.999811 0.00018914
2 0.958452 0.0415476
0 0.432152 0.567848
0 0.380364 0.619636
2 0.797414 0.202586
0 0.222176 0.777824
0 0.0826002 0.9174
2 0.909666 0.0903336
2 0.772753 0.227247
0 0.00500572 0.994994
2 0.812904 0.187096
2 0.995574 0.00442558
2 0.857338 0.142662
0 0.00057849 0.999422
0 4.66886e-05 0.999953
2 0.999767 0.000232534
0 0.409236 0.590764
0 0.13509 0.86491
0 0.0792268 0.920773
2 0.891517 0.108483
2 0.999327 0.00067347
2 0.998917 0.00108335
0 0.000407537 0.999592
0 0.00669408 0.993306
2 0.774955 0.225045
0 0.00140023 0.9986
0 1.33225e-05 0.999987
0 0.00040354 0.999596
0 0.00783545 0.992165
2 0.999612 0.000388224
2 0.503319 0.496681
0 3.78876e-06 0.999996
0 0.000205715 0.999794
0 0.401735 0.598265
2 0.96894 0.03106
2 0.998233 0.00176715
2 0.989889 0.0101108
2 0.998712 0.00128773
0 0.202651 0.797349
2 0.67115 0.32885
2 0.996533 0.00346719
2 0.795614 0.204386
0 6.46003e-06 0.999994
0 1.15471e-06 0.999999
0 0.00214144 0.997859
2 0.999926 7.35948e-05
2 0.993473 0.00652709
2 0.719206 0.280794
0 0.0358942 0.964106
0 0.0574646 0.942535
0 0.219556 0.780444
2 0.987693 0.0123071
2 0.919583 0.0804169
0 1.63088e-06 0.999998
0 0.046244 0.953756
2 0.798649 0.201351
0 2.87749e-07 1
2 0.981597 0.0184026
2 0.967832 0.0321681
0 0.485063 0.514937
0 2.10312e-05 0.999979
2 0.996119 0.00388107
2 0.999429 0.000570819
0 0.000282248 0.999718
0 0.00407798 0.995922
0 0.0126204 0.98738
2 0.729659 0.270341
0 2.01361e-06 0.999998
2 0.98756 0.0124397
0 0.0808338 0.919166
0 0.485508 0.514492
0 0.00984235 0.990158
0 0.0263633 0.973637
2 0.990936 0.00906434
0 0.000457145 0.999543
2 0.786195 0.213805
0 0.00805331 0.991947
0 0.000558932 0.999441
2 0.998095 0.00190482
2 0.995463 0.00453678
2 0.698039 0.301961
2 0.697919 0.302081
2 0.99918 0.000819646
0 0.000892088 0.999108
2 0.716362 0.283638
2 0.999206 0.000793898
0 0.408975 0.591025
0 7.25207e-05 0.999927
2 0.79935 0.20065
0 5.16648e-05 0.999948
2 0.975934 0.0240659
0 0.000209128 0.999791
0 0.0878376 0.912162
2 0.997389 0.00261138
2 0.999804 0.000196435
2 0.83019 0.16981
0 0.00506407 0.994936
0 0.39459 0.60541
0 0.00226283 0.997737
0 0.0624779 0.937522
0 2.11678e-05 0.999979
0 0.0213779 0.978622
2 0.702974 0.297026
0 0.0849847 0.915015
0 0.000973601 0.999026
0 0.00623652 0.993763
2 0.997692 0.00230835
0 0.214191 0.785809
2 0.65388 0.34612
2 0.998264 0.00173626
2 0.826883 0.173117
2 0.665767 0.334233
0 0.00240754 0.997592
0 0.0398554 0.960145
2 0.911947 0.0880528
2 0.647387 0.352613
2 0.853628 0.146372
2 0.998462 0.0015376
2 0.725345 0.274655
0 0.000105343 0.999895
2 0.999864 0.000136154
2 0.996879 0.00312132
2 0.955193 0.0448075
0 1e-07 1
0 0.000120702 0.999879
0 0.000999695 0.999
0 2.12768e-05 0.999979
0 0.00523229 0.994768
0 1.26812e-05 0.999987
2 0.99911 0.000890056
0 0.484151 0.515849
0 0.0881675 0.911832
0 0.0163054 0.983695
2 0.701355 0.298645
2 0.999799 0.000200704
0 0.179772 0.820228
0 6.07876e-06 0.999994
0 5.95691e-05 0.99994
0 0.000146619 0.999853
2 0.999186 0.000814111
0 0.471281 0.528719
0 1.70907e-07 1
2 0.999724 0.000276149
2 0.998472 0.00152837
2 0.786157 0.213843
2 0.62561 0.37439
0 0.000732423 0.999268
2 0.998253 0.00174701
2 0.755305 0.244695
2 0.603716 0.396284
2 0.998075 0.00192477
0 1e-07 1
2 0.997053 0.00294689
2 0.902606 0.0973938
2 0.995424 0.0045765
2 0.833362 0.166638
2 0.661025 0.338975
0 1.5647e-06 0.999998
2 0.986566 0.0134343
2 0.525925 0.474075
0 0.326752 0.673248
0 0.000161981 0.999838
2 0.999745 0.000254873
0 0.00104411 0.998956
2 0.999701 0.000298527
0 0.128911 0.871089
2 0.999944 5.59399e-05
0 0.0724301 0.92757
2 0.555477 0.444523
0 1e-07 1
0 0.000413228 0.999587
2 0.81407 0.18593
2 0.998322 0.00167755
2 0.590687 0.409313
0 0.180313 0.819687
2 0.999499 0.000500876
2 0.996553 0.00344745
0 0.00150025 0.9985
2 0.90017 0.0998302
0 0.143331 0.856669
2 0.99839 0.00160954
0 6.68115e-05 0.999933
2 0.998623 0.00137699
2 0.734601 0.265399
0 0.064594 0.935406
2 0.982293 0.0177074
2 0.75061 0.24939
2 0.99956 0.000439803
2 0.814264 0.185736
2 0.550364 0.449636
2 0.998544 0.00145601
2 0.626047 0.373953
0 0.0762884 0.923712
2 0.998606 0.00139365
2 0.999788 0.000212249
2 0.952585 0.0474147
2 0.999531 0.000469051
2 0.905037 0.0949634
2 0.996583 0.00341696
0 0.271125 0.728875
0 0.00125936 0.998741
2 0.993409 0.00659101
2 0.895502 0.104498
2 0.998957 0.0010428
2 0.846648 0.153352
2 0.506894 0.493106
2 0.772906 0.227094
2 0.99711 0.00288958
2 0.680528 0.319472
0 0.478555 0.521445
0 1.81933e-05 0.999982
0 0.0497464 0.950254
0 0.464507 0.535493
2 0.745337 0.254663
2 0.999831 0.000169396
0 1.44451e-05 0.999986
2 0.720978 0.279022
2 0.716577 0.283423
2 0.990328 0.00967231
2 0.731858 0.268142
2 0.999128 0.000871936
0 0.083924 0.916076
0 0.00205296 0.997947
0 1.04035e-05 0.99999
2 0.798514 0.201486
0 0.0082341 0.991766
0 2.8939e-05 0.999971
0 0.156279 0.843721
2 0.981308 0.0186917
0 3.17201e-06 0.999997
2 0.91175 0.0882496
0 0.000854912 0.999145
2 0.998242 0.00175755
2 0.519261 0.480739
2 0.815128 0.184872
0 0.0623413 0.937659
2 0.995554 0.00444576
2 0.996784 0.00321563
0 4.95474e-05 0.99995
0 0.363989 0.636011
2 0.999693 0.000306604
2 0.993267 0.00673282
0 4.41079e-06 0.999996
2 0.997595 0.00240474
0 0.211116 0.788884
0 0.0247605 0.97524
0 0.000171111 0.999829
0 0.0445407 0.955459
2 0.999154 0.000845767
0 7.39231e-06 0.999993
2 0.829601 0.170399
0 0.000276135 0.999724
0 0.375015 0.624985
2 0.99893 0.00107037
2 0.672916 0.327084
0 0.379147 0.620853
2 0.997778 0.00222232
2 0.588552 0.411448
0 0.494457 0.505543
2 0.915171 0.0848295
0 0.00247188 0.997528
2 0.718194 0.281806
2 0.996839 0.00316072
2 0.671129 0.328871
2 0.968494 0.0315058
0 0.348401 0.651599
0 0.117817 0.882183
0 0.406865 0.593135
0 0.19636 0.80364
2 0.833881 0.166119
0 0.116482 0.883518
2 0.640164 0.359836
2 0.700688 0.299312
2 0.826374 0.173626
2 0.725252 0.274748
2 0.720874 0.279126
2 0.833124 0.166876
0 1.07323e-05 0.999989
2 0.501126 0.498874
2 0.999415 0.000584734
2 0.998708 0.0012925
2 0.820503 0.179497
2 0.904967 0.0950326
0 0.0848073 0.915193
0 0.135995 0.864005
2 0.55737 0.44263
0 1.36361e-05 0.999986
0 0.0441082 0.955892
2 0.999228 0.000772083
0 0.0225829 0.977417
2 0.99646 0.00354014
2 0.641498 0.358502
2 0.800636 0.199364
0 3.947e-05 0.999961
2 0.601395 0.398605
0 0.426102 0.573898
2 0.794187 0.205813
0 0.16139 0.83861
2 0.780293 0.219707
2 0.965655 0.0343452
2 0.900921 0.0990793
0 0.155335 0.844665
2 0.997142 0.00285809
0 0.0859008 0.914099
2 0.842087 0.157913
0 0.00805829 0.991942
0 7.3864e-05 0.999926
0 0.338979 0.661021
0 0.00733678 0.992663
0 0.0765108 0.923489
2 0.504936 0.495064
2 0.706126 0.293874
0 0.242429 0.757571
2 0.697355 0.302645
2 0.522477 0.477523
2 0.999978 2.19709e-05
2 0.520204 0.479796
2 0.800287 0.199713
2 0.864091 0.135909
0 3.12526e-05 0.999969
2 0.607141 0.392859
0 0.150767 0.849233
2 0.755794 0.244206
0 0.00402297 0.995977
0 0.0477274 0.952273
2 0.998941 0.00105933
2 0.804129 0.195871
2 0.844458 0.155542
0 1.09568e-05 0.999989
0 0.0953897 0.90461
0 0.362463 0.637537
0 0.431069 0.568931
2 0.999705 0.000295236
2 0.734923 0.265077
0 0.188263 0.811737
0 0.253162 0.746838
0 0.011206 0.988794
2 0.996937 0.00306321
0 0.346355 0.653645
0 0.143613 0.856387
2 0.998516 0.00148358
0 6.2515e-06 0.999994
0 0.453534 0.546466
2 0.994063 0.00593724
2 0.79536 0.20464
0 2.08929e-05 0.999979
0 0.0808932 0.919107
0 0.00585873 0.994141
2 0.707979 0.292021
0 0.417335 0.582665
2 0.996956 0.0030436
2 0.750517 0.249483
0 6.83014e-07 0.999999
0 0.0118977 0.988102
2 0.998571 0.00142897
0 0.000279912 0.99972
2 0.993332 0.00666797
2 0.876262 0.123738
0 1.26919e-05 0.999987
0 0.414147 0.585853
0 1.44354e-05 0.999986
0 0.000172222 0.999828
2 0.991973 0.00802665
2 0.996557 0.00344284
2 0.738168 0.261832
2 0.996171 0.003829
2 0.641895 0.358105
2 0.597342 0.402658
0 0.0951511 0.904849
2 0.994218 0.00578161
0 1.4827e-05 0.999985
2 0.991273 0.00872691
2 0.999702 0.000297631
2 0.64347 0.35653
0 0.295902 0.704098
2 0.861612 0.138388
0 0.00930543 0.990695
2 0.914179 0.0858211
2 0.596175 0.403825
0 0.00516009 0.99484
0 0.00262869 0.997371
2 0.918489 0.0815109
2 0.99606 0.00394029
2 0.997036 0.00296382
2 0.998085 0.00191523
2 0.878315 0.121685
2 0.690052 0.309948
0 0.00102145 0.998979
2 0.705775 0.294225
0 0.363653 0.636347
0 7.45644e-07 0.999999
2 0.998347 0.00165262
0 0.00450726 0.995493
0 0.00491754 0.995082
2 0.998599 0.00140084
2 0.952162 0.0478377
0 0.485163 0.514837
0 0.0976267 0.902373
2 0.691648 0.308352
0 0.0164695 0.98353
2 0.982562 0.0174384
2 0.997298 0.00270244
2 0.860754 0.139246
2 0.555583 0.444417
2 0.99882 0.00118022
0 0.000722945 0.999277
0 0.228125 0.771875
0 2.17775e-05 0.999978
2 0.747701 0.252299
0 0.347239 0.652761
0 0.302199 0.697801
2 0.586354 0.413646
0 0.000244072 0.999756
2 0.774956 0.225044
2 0.993667 0.00633322
0 0.0358265 0.964173
2 0.834315 0.165685
0 0.0285875 0.971412
2 0.999695 0.000305285
0 0.482508 0.517492
2 0.7831 0.2169
2 0.799869 0.200131
2 0.99844 0.00156021
0 0.000335383 0.999665
0 0.168764 0.831236
0 0.411755 0.588245
0 0.401084 0.598916
0 4.44676e-06 0.999996
0 0.108187 0.891813
0 0.000349077 0.999651
0 0.0571733 0.942827
0 0.000248984 0.999751
2 0.64118 0.35882
2 0.683347 0.316653
0 3.64188e-05 0.999964
0 0.314584 0.685416
0 2.07412e-05 0.999979
0 0.14168 0.85832
2 0.998051 0.00194882
2 0.648406 0.351594
0 0.20263 0.79737
2 0.666628 0.333372
2 0.86343 0.13657
2 0.83379 0.16621
2 0.994797 0.00520288
2 0.781112 0.218888
0 0.000179994 0.99982
2 0.795537 0.204463
2 0.98844 0.0115604
0 0.00563105 0.994369
2 0.989023 0.0109772
0 0.00684705 0.993153
0 0.142813 0.857187
0 1e-07 1
2 0.796854 0.203146
0 0.00061082 0.999389
0 0.00295159 0.997048
2 0.982187 0.0178128
2 0.998657 0.00134281
0 0.00101526 0.998985
2 0.847047 0.152953
2 0.997637 0.00236285
0 0.347976 0.652024
2 0.838103 0.161897
0 0.0134124 0.986588
2 0.999649 0.000351203
0 0.00282627 0.997174
0 0.0329858 0.967014
0 0.00317752 0.996822
0 0.343049 0.656951
2 0.99547 0.00453003
2 0.907061 0.0929393
2 0.999721 0.000278626
2 0.993552 0.006448
0 0.000290897 0.999709
2 0.999748 0.000251917
2 0.993031 0.00696895
2 0.822825 0.177175
2 0.997532 0.00246776
2 0.99951 0.000490496
2 0.99933 0.000669533
2 0.87166 0.12834
0 0.342733 0.657267
0 0.46528 0.53472
2 0.9122 0.0878003
0 0.0544552 0.945545
2 0.665473 0.334527
0 0.000135096 0.999865
2 0.576203 0.423797
2 0.703272 0.296728
0 0.352399 0.647601
0 0.000151765 0.999848
2 0.995557 0.00444303
2 0.9649 0.0351
2 0.716058 0.283942
2 0.999065 0.00093461
0 5.28505e-06 0.999995
0 2.421e-06 0.999998
0 0.0589729 0.941027
2 0.734641 0.265359
2 0.775372 0.224628
2 0.728636 0.271364
2 0.774878 0.225122
2 0.999637 0.000362911
0 0.26146 0.73854
0 0.00922516 0.990775
2 0.999588 0.000411962
2 0.837544 0.162456
0 0.211658 0.788342
2 0.713396 0.286604
2 0.726554 0.273446
2 0.53791 0.46209
0 0.0115361 0.988464
0 1.12642e-05 0.999989
2 0.999311 0.000688818
2 0.993187 0.00681328
2 0.996619 0.00338095
0 0.00035126 0.999649
2 0.809058 0.190942
2 0.817474 0.182526
2 0.882281 0.117719
0 0.000167221 0.999833
2 0.879917 0.120083
2 0.995701 0.00429892
0 0.000199041 0.999801
2 0.654208 0.345792
0 5.74913e-06 0.999994
0 1.44585e-06 0.999999
2 0.730851 0.269149
0 0.00654543 0.993455
2 0.596289 0.403711
2 0.99915 0.000849641
2 0.739959 0.260041
2 0.74292 0.25708
2 0.964287 0.0357129
2 0.90845 0.0915499
2 0.998651 0.00134892
2 0.873586 0.126414
0 0.0658231 0.934177
0 0.000444933 0.999555
0 0.461386 0.538614
2 0.998745 0.00125531
2 0.999576 0.000423576
0 0.406236 0.593764
2 0.966864 0.0331365
0 0.152483 0.847517
0 8.59339e-05 0.999914
0 0.450061 0.549939
0 0.406476 0.593524
0 0.00325446 0.996746
2 0.995722 0.00427759
2 0.999617 0.000383257
2 0.815475 0.184525
2 0.811081 0.188919
0 0.0699242 0.930076
2 0.999903 9.71832e-05
0 0.0036017 0.996398
2 0.996467 0.00353298
2 0.998949 0.00105149
0 5.07185e-05 0.999949
2 0.998309 0.00169149
2 0.980363 0.0196369
0 2.26481e-07 1
2 0.919689 0.0803108
2 0.797693 0.202307
2 0.668423 0.331577
2 0.998372 0.00162813
2 0.941829 0.0581709
0 5.98365e-05 0.99994
0 0.232315 0.767685
0 6.26441e-06 0.999994
0 2.55454e-06 0.999997
2 0.949512 0.0504875
0 0.00126238 0.998738
0 0.0245119 0.975488
0 0.438357 0.561643
0 0.00111843 0.998882
0 4.55066e-05 0.999954
0 0.000102225 0.999898
0 0.0143703 0.98563
0 0.0057096 0.99429
0 1.04794e-06 0.999999
2 0.995918 0.0040818
2 0.99474 0.00526041
2 0.719906 0.280094
2 0.540162 0.459838
0 0.0292116 0.970788
2 0.607671 0.392329
0 8.56604e-06 0.999991
2 0.829736 0.170264
2 0.574482 0.425518
0 0.268225 0.731775
2 0.999969 3.07981e-05
0 1.17237e-05 0.999988
0 0.181726 0.818274
2 0.993382 0.00661798
2 0.999292 0.000707517
2 0.621059 0.378941
0 0.198165 0.801835
0 0.258316 0.741684
0 0.259848 0.740152
2 0.997426 0.00257404
2 0.851386 0.148614
2 0.999513 0.000487235
2 0.994749 0.00525056
2 0.998838 0.00116226
2 0.999996 3.70082e-06
0 0.151605 0.848395
2 0.99738 0.00262049
0 0.00637831 0.993622
2 0.832959 0.167041
2 0.83564 0.16436
0 4.70362e-05 0.999953
2 0.9865 0.0135
2 0.807057 0.192943
0 9.42626e-05 0.999906
2 0.819336 0.180664
0 7.53114e-06 0.999992
0 0.00106164 0.998938
2 0.632312 0.367688
2 0.524236 0.475764
0 0.203325 0.796675
2 0.998568 0.0014319
2 0.999391 0.000609206
0 0.217497 0.782503
0 0.424005 0.575995
0 0.0021334 0.997867
0 0.172755 0.827245
2 0.96085 0.0391503
0 0.0504539 0.949546
2 0.999859 0.000141244
0 0.000187636 0.999812
2 0.99961 0.000390492
2 0.908986 0.0910144
0 0.00579828 0.994202
2 0.69136 0.30864
2 0.607097 0.392903
2 0.966706 0.0332936
2 0.997236 0.00276434
0 0.176314 0.823686
0 5.06202e-07 0.999999
2 0.821498 0.178502
0 0.114755 0.885245
2 0.766843 0.233157
0 0.237457 0.762543
0 0.136126 0.863874
0 0.004397 0.995603
2 0.984365 0.0156354
2 0.936382 0.0636184
0 0.446885 0.553115
2 0.611558 0.388442
2 0.997484 0.00251631
2 0.99986 0.00013993
2 0.996931 0.00306924
0 0.453284 0.546716
2 0.589415 0.410585
2 0.999966 3.41249e-05
0 0.481333 0.518667
0 0.000403941 0.999596
0 0.139492 0.860508
2 0.602894 0.397106
0 0.00539924 0.994601
2 0.94635 0.0536495
2 0.655748 0.344252
0 2.58783e-07 1
2 0.50311 0.49689
0 0.00106449 0.998936
2 0.760816 0.239184
2 0.784709 0.215291
2 0.985741 0.0142588
2 0.904313 0.095687
2 0.993559 0.00644083
2 0.88825 0.11175
0 0.463164 0.536836
2 0.845623 0.154377
2 0.764015 0.235985
2 0.73264 0.26736
2 0.996819 0.00318081
0 0.0933525 0.906648
2 0.516857 0.483143
0 5.65316e-06 0.999994
0 0.00785935 0.992141
2 0.769286 0.230714
2 0.997125 0.00287462
2 0.999475 0.000525464
2 0.999991 8.90999e-06
2 0.994555 0.00544478
2 0.992738 0.00726233
2 0.985997 0.0140034
2 0.998635 0.00136472
0 0.498143 0.501857
0 0.0369132 0.963087
0 2.48963e-06 0.999998
2 0.998572 0.00142778
2 0.859998 0.140002
2 0.994273 0.00572665
0 0.27887 0.72113
2 0.994997 0.00500292
2 0.809039 0.190961
2 0.994699 0.00530113
2 0.995914 0.00408597
2 0.559117 0.440883
2 0.682182 0.317818
0 0.0982064 0.901794
0 0.00540989 0.99459
2 0.619077 0.380923
2 0.620383 0.379617
2 0.999451 0.000548768
2 0.995165 0.00483486
2 0.964844 0.0351564
2 0.91032 0.08968
0 0.000816255 0.999184
0 0.0104673 0.989533
2 0.999909 9.08991e-05
2 0.992409 0.00759119
2 0.823011 0.176989
2 0.870078 0.129922
0 0.101039 0.898961
2 0.653154 0.346846
2 0.997055 0.00294477
0 0.00795636 0.992044
0 0.0805987 0.919401
2 0.989059 0.0109411
0 0.0142575 0.985742
0 0.00161297 0.998387
0 0.0081617 0.991838
2 0.994971 0.00502862
2 0.99985 0.000149854
0 1.71408e-05 0.999983
2 0.999992 8.13741e-06
0 0.0445563 0.955444
2 0.997185 0.00281532
2 0.764662 0.235338
0 0.393506 0.606494
2 0.993999 0.00600085
2 0.670277 0.329723
2 0.836508 0.163492
0 0.00229505 0.997705
2 0.998789 0.00121059
0 0.000146389 0.999854
2 0.675357 0.324643
2 0.993369 0.00663054
2 0.663973 0.336027
0 0.263674 0.736326
2 0.950266 0.0497345
2 0.998746 0.00125378
2 0.998474 0.00152562
2 0.999556 0.000444452
2 0.990481 0.00951879
0 0.098577 0.901423
0 0.000131249 0.999869
2 0.997845 0.0021545
2 0.917815 0.0821854
0 1.74722e-07 1
0 1e-07 1
0 1.69844e-06 0.999998
0 0.201216 0.798784
2 0.997598 0.00240223
0 6.40959e-05 0.999936
2 0.531685 0.468315
2 0.999933 6.74494e-05
2 0.999912 8.82749e-05
2 0.997591 0.00240923
0 0.232856 0.767144
2 0.990342 0.00965824
0 0.11558 0.88442
2 0.996645 0.00335472
2 0.996875 0.0031247
0 1e-07 1
0 0.387411 0.612589
0 0.026428 0.973572
2 0.995812 0.00418791
2 0.657067 0.342933
2 0.811084 0.188916
0 0.318868 0.681132
2 0.992648 0.00735196
0 0.113576 0.886424
0 0.481737 0.518263
0 2.2342e-06 0.999998
0 0.301622 0.698378
2 0.781406 0.218594
2 0.999645 0.000354529
2 0.816121 0.183879
2 0.945404 0.0545965
2 0.58958 0.41042
2 0.739027 0.260973
2 0.993604 0.00639558
2 0.944921 0.0550786
0 7.94197e-07 0.999999
0 0.18735 0.81265
2 0.99655 0.00344989
0 3.30725e-05 0.999967
0 0.110736 0.889264
0 1.81235e-05 0.999982
2 0.997284 0.00271575
0 0.441136 0.558864
2 0.799599 0.200401
2 0.737252 0.262748
0 0.445698 0.554302
2 0.98764 0.0123596
0 0.0591739 0.940826
0 0.388469 0.611531
2 0.992409 0.00759062
0 5.9383e-05 0.999941
2 0.998541 0.00145867
0 0.338914 0.661086
2 0.767255 0.232745
2 0.994596 0.00540411
2 0.998127 0.00187299
0 0.000841204 0.999159
0 0.107076 0.892924
2 0.999719 0.000281359
0 0.00012079 0.999879
0 0.0199109 0.980089
2 0.916175 0.0838247
0 8.84052e-07 0.999999
2 0.999057 0.000943065
0 0.00997237 0.990028
0 0.291884 0.708116
0 0.201875 0.798125
2 0.693894 0.306106
2 0.913636 0.0863644
2 0.966522 0.033478
2 0.993447 0.00655347
2 0.574973 0.425027
0 0.298194 0.701806
0 7.77626e-06 0.999992
0 0.109147 0.890853
2 0.995102 0.00489766
0 0.000467171 0.999533
2 0.812573 0.187427
2 0.886573 0.113427
2 0.997583 0.00241677
2 0.94178 0.0582196
2 0.999565 0.000435178
2 0.615359 0.384641
2 0.672942 0.327058
2 0.771095 0.228905
0 0.000106545 0.999893
0 0.00179833 0.998202
0 1.84813e-05 0.999982
2 0.992998 0.00700197
2 0.99977 0.000229654
2 0.731122 0.268878
2 0.604137 0.395863
2 0.760372 0.239628
2 0.994241 0.005759
2 0.999171 0.000829016
2 0.705914 0.294086
0 0.125612 0.874388
0 1e-07 1
0 0.136895 0.863105
0 0.485903 0.514097
0 0.104088 0.895912
2 0.63577 0.36423
2 0.62944 0.37056
2 0.658796 0.341204
2 0.54058 0.45942
2 0.759426 0.240574
0 0.0134086 0.986591
2 0.999971 2.85362e-05
2 0.999788 0.00021223
2 0.503568 0.496432
0 4.68199e-07 1
0 0.0408153 0.959185
0 6.48989e-05 0.999935
2 0.998824 0.00117638
0 0.000145522 0.999854
2 0.718608 0.281392
2 0.997683 0.00231717
0 0.00403062 0.995969
0 0.00640481 0.993595
2 0.988194 0.0118056
2 0.867971 0.132029
0 3.11325e-07 1
0 1.9118e-05 0.999981
2 0.999579 0.000421048
2 0.885673 0.114327
0 0.0156221 0.984378
0 5.68605e-06 0.999994
2 0.512314 0.487686
2 0.989398 0.0106023
0 0.000157406 0.999843
0 0.0107861 0.989214
2 0.730438 0.269562
0 0.24797 0.75203
0 0.0151873 0.984813
2 0.996221 0.00377935
0 1.7191e-07 1
2 0.806207 0.193793
2 0.994623 0.00537672
0 0.000113595 0.999886
2 0.562417 0.437583
0 0.0123051 0.987695
2 0.996286 0.00371373
2 0.735891 0.264109
2 0.996831 0.00316886
0 0.000210816 0.999789
2 0.71996 0.28004
0 0.1001 0.8999
2 0.818095 0.181905
2 0.996775 0.0032253
2 0.952855 0.0471451
0 0.0124036 0.987596
2 0.993978 0.00602164
2 0.999873 0.000127364
0 0.000278738 0.999721
2 0.83824 0.16176
0 1e-07 1
2 0.99737 0.00263047
2 0.997556 0.00244367
0 0.290865 0.709135
0 0.0126895 0.987311
2 0.857665 0.142335
0 0.00279367 0.997206
2 0.683309 0.316691
2 0.708967 0.291033
0 0.140586 0.859414
2 0.998352 0.0016485
0 0.00446252 0.995537
2 0.999977 2.29021e-05
2 0.530674 0.469326
0 0.00579667 0.994203
0 0.0130643 0.986936
2 0.780406 0.219594
2 0.969365 0.030635
0 0.358888 0.641112
2 0.945848 0.0541515
2 0.584131 0.415869
0 0.000158804 0.999841
2 0.665967 0.334033
0 0.495632 0.504368
2 0.998347 0.00165335
2 0.98849 0.01151
0 0.378147 0.621853
0 0.100812 0.899188
2 0.999114 0.00088587
0 5.91494e-06 0.999994
0 0.00840444 0.991596
2 0.669853 0.330147
0 0.000895995 0.999104
0 0.00325603 0.996744
0 1.02104e-05 0.99999
2 0.998668 0.00133165
0 0.0104159 0.989584
2 0.853178 0.146822
2 0.935211 0.064789
2 0.630775 0.369225
2 0.99221 0.00778962
2 0.848995 0.151005
0 0.000303936 0.999696
0 8.40303e-07 0.999999
0 0.000934996 0.999065
0 0.286416 0.713584
0 2.74331e-05 0.999973
0 0.000315664 0.999684
2 0.996762 0.00323786
0 4.15231e-05 0.999958
2 0.997071 0.00292873
2 0.91652 0.0834802
2 0.773619 0.226381
2 0.795202 0.204798
0 1.60564e-05 0.999984
0 4.83207e-06 0.999995
2 0.997499 0.00250061
0 0.00140947 0.998591
0 0.0189533 0.981047
0 1.6915e-05 0.999983
2 0.704072 0.295928
0 0.0271196 0.97288
2 0.878412 0.121588
2 0.907292 0.0927078
0 1e-07 1
2 0.526636 0.473364
2 0.812757 0.187243
2 0.98853 0.0114699
2 0.998839 0.00116064
2 0.996937 0.00306329
0 0.401053 0.598947
2 0.999495 0.000505118
2 0.997619 0.00238102
0 0.000324704 0.999675
0 4.75082e-07 1
2 0.940624 0.0593762
0 0.229309 0.770691
0 0.28187 0.71813
0 8.35172e-06 0.999992
0 0.0475116 0.952488
0 0.00304988 0.99695
0 0.356896 0.643104
0 6.66596e-06 0.999993
2 0.849948 0.150052
0 0.358432 0.641568
0 0.049672 0.950328
2 0.999973 2.68104e-05
2 0.988064 0.0119364
0 0.413734 0.586266
2 0.994677 0.00532262
0 0.163916 0.836084
2 0.994756 0.00524413
0 0.000319359 0.999681
0 8.59421e-06 0.999991
0 0.000312819 0.999687
2 0.698897 0.301103
2 0.996241 0.00375949
2 0.866891 0.133109
0 0.307156 0.692844
0 0.0010139 0.998986
2 0.582132 0.417868
0 0.110434 0.889566
2 0.999803 0.000197033
2 0.985632 0.0143679
0 0.0419943 0.958006
2 0.999987 1.31939e-05
0 0.0112794 0.988721
2 0.994297 0.00570273
0 0.149532 0.850468
0 0.0206118 0.979388
2 0.984955 0.0150447
0 0.0119314 0.988069
0 1e-07 1
0 0.00179348 0.998207
2 0.903754 0.0962459
0 0.00158694 0.998413
2 0.99832 0.00168013
2 0.999847 0.000153297
0 0.232402 0.767598
2 0.997023 0.00297698
2 0.784309 0.215691
2 0.998121 0.0018795
0 0.000310686 0.999689
2 0.764951 0.235049
2 0.648734 0.351266
0 0.380882 0.619118
2 0.994751 0.00524949
0 1.5415e-06 0.999998
2 0.99913 0.000869852
2 0.717552 0.282448
0 0.406406 0.593594
0 0.0536631 0.946337
2 0.99551 0.00449036
2 0.865761 0.134239
2 0.775113 0.224887
0 0.284175 0.715825
2 0.994043 0.00595719
2 0.686282 0.313718
0 0.293109 0.706891
0 0.0168673 0.983133
0 0.00346239 0.996538
0 1.83467e-05 0.999982
2 0.7957 0.2043
2 0.996876 0.00312435
2 0.99534 0.00466012
2 0.996182 0.00381833
2 0.833589 0.166411
0 0.000621143 0.999379
0 0.0070928 0.992907
0 0.000144529 0.999855
0 0.00582014 0.99418
2 0.822497 0.177503
0 0.0507458 0.949254
2 0.998817 0.00118303
0 0.0153905 0.98461
2 0.649106 0.350894
2 0.551503 0.448497
2 0.709036 0.290964
0 0.0252539 0.974746
2 0.788626 0.211374
2 0.994599 0.00540125
0 0.257942 0.742058
2 0.779393 0.220607
0 0.496048 0.503952
0 0.016512 0.983488
2 0.968 0.032
2 0.770768 0.229232
2 0.999667 0.000332739
0 0.043198 0.956802
0 0.00140372 0.998596
2 0.688071 0.311929
0 0.326642 0.673358
2 0.999598 0.000401938
0 0.0729379 0.927062
2 0.999773 0.000227286
2 0.740886 0.259114
2 0.698445 0.301555
0 0.182452 0.817548
0 0.0217329 0.978267
2 0.867926 0.132074
2 0.546447 0.453553
0 0.00885136 0.991149
2 0.998984 0.00101617
2 0.919333 0.0806674
2 0.807993 0.192007
0 0.487923 0.512077
2 0.763418 0.236582
0 5.24926e-05 0.999948
2 0.994626 0.00537404
2 0.918973 0.0810274
2 0.911927 0.0880731
0 0.0504937 0.949506
2 0.999399 0.00060079
0 5.08578e-05 0.999949
2 0.997969 0.00203121
2 0.831744 0.168256
0 0.385603 0.614397
2 0.848531 0.151469
2 0.89241 0.10759
0 1e-07 1
0 0.488358 0.511642
0 0.000325712 0.999674
2 0.999632 0.000368211
0 0.0738276 0.926172
2 0.995277 0.00472327
2 0.883773 0.116227
2 0.757014 0.242986
2 0.837492 0.162508
0 0.197761 0.802239
0 0.0789383 0.921062
2 0.998348 0.00165227
2 0.982815 0.017185
2 0.812379 0.187621
2 0.754065 0.245935
2 0.586215 0.413785
2 0.725653 0.274347
0 0.084276 0.915724
2 0.933668 0.0663323
0 0.409701 0.590299
0 0.26585 0.73415
0 0.186387 0.813613
0 0.0054 0.9946
0 0.0457621 0.954238
2 0.699813 0.300187
0 0.134553 0.865447
2 0.998077 0.00192345
2 0.984757 0.0152429
0 1.00313e-05 0.99999
0 1.74391e-06 0.999998
0 0.276808 0.723192
2 0.996835 0.00316474
2 0.881684 0.118316
2 0.536277 0.463723
2 0.997901 0.00209896
2 0.738503 0.261497
2 0.525756 0.474244
2 0.97828 0.0217201
2 0.990022 0.0099781
0 0.0718956 0.928104
2 0.993126 0.00687356
0 0.00525827 0.994742
2 0.704072 0.295928
0 0.0246196 0.97538
0 0.00146261 0.998537
0 0.295949 0.704051
2 0.918876 0.081124
2 0.996486 0.00351427
2 0.999791 0.000209139
0 0.00108494 0.998915
2 0.999299 0.000701053
0 0.391437 0.608563
2 0.773806 0.226194
2 0.878809 0.121191
0 0.479944 0.520056
0 0.0618656 0.938134
2 0.538636 0.461364
2 0.999069 0.000930695
2 0.71659 0.28341
2 0.886472 0.113528
2 0.896974 0.103026
2 0.998859 0.00114119
0 0.239411 0.760589
2 0.717044 0.282956
0 0.000156636 0.999843
2 0.99906 0.000939666
2 0.850114 0.149886
0 0.166605 0.833395
0 4.81799e-05 0.999952
2 0.999313 0.000686991
0 0.00276912 0.997231
0 0.125066 0.874934
2 0.999911 8.92584e-05
2 0.996919 0.00308131
0 0.0015508 0.998449
2 0.948162 0.0518382
2 0.999758 0.000242046
0 0.124142 0.875858
2 0.802302 0.197698
0 0.0134353 0.986565
2 0.999606 0.000393558
2 0.982761 0.0172391
2 0.962263 0.037737
0 5.16568e-05 0.999948
0 0.000152614 0.999847
2 0.595205 0.404795
2 0.581838 0.418162
2 0.951284 0.048716
2 0.993271 0.00672852
0 0.0524038 0.947596
2 0.810789 0.189211
2 0.669483 0.330517
0 0.0413978 0.958602
2 0.999605 0.000394794
0 0.00167254 0.998327
0 0.0374794 0.962521
0 0.071673 0.928327
2 0.9964 0.00359967
0 0.000192825 0.999807
2 0.933242 0.0667578
0 1.61243e-06 0.999998
2 0.701337 0.298663
2 0.771546 0.228454
2 0.988703 0.011297
2 0.999834 0.000165591
0 0.00301313 0.996987
2 0.653022 0.346978
2 0.996997 0.00300285
2 0.908375 0.0916255
2 0.996026 0.00397352
2 0.976486 0.0235137
2 0.998309 0.00169079
0 0.0309645 0.969035
0 4.01185e-05 0.99996
0 0.000594906 0.999405
0 0.000989482 0.999011
2 0.864565 0.135435
0 0.0754756 0.924524
2 0.996758 0.00324173
2 0.998208 0.00179194
2 0.9984 0.00160028
0 0.444942 0.555058
0 0.0481152 0.951885
0 0.0517558 0.948244
0 0.0651005 0.934899
2 0.999557 0.00044287
2 0.873856 0.126144
0 0.0859327 0.914067
0 0.109421 0.890579
0 2.43661e-05 0.999976
2 0.872949 0.127051
2 0.998191 0.0018087
0 0.00485651 0.995143
0 0.490018 0.509982
2 0.792216 0.207784
2 0.67014 0.32986
2 0.705064 0.294936
2 0.99212 0.00788045
2 0.992265 0.00773468
0 0.00214251 0.997857
0 0.282392 0.717608
0 0.000297583 0.999702
0 0.0087816 0.991218
0 0.00034807 0.999652
2 0.996493 0.00350682
0 0.0308269 0.969173
0 0.0262694 0.973731
0 0.0795577 0.920442
0 0.0145192 0.985481
2 0.883695 0.116305
2 0.99997 2.98116e-05
0 2.87234e-05 0.999971
0 0.00660884 0.993391
0 0.015327 0.984673
2 0.808208 0.191792
2 0.801377 0.198623
2 0.731163 0.268837
2 0.891308 0.108692
0 0.00376241 0.996238
0 1.40952e-07 1
0 0.000869104 0.999131
2 0.883105 0.116895
2 0.999308 0.000692003
2 0.854365 0.145635
2 0.718859 0.281141
0 0.0104296 0.98957
2 0.999029 0.000971414
2 0.993249 0.00675084
2 0.785061 0.214939
0 0.0933159 0.906684
2 0.76502 0.23498
0 0.0947387 0.905261
2 0.997929 0.00207106
2 0.998047 0.00195277
0 1.86309e-05 0.999981
0 0.480821 0.519179
0 0.0451666 0.954833
0 3.70974e-05 0.999963
2 0.998351 0.00164891
0 0.00256731 0.997433
2 0.687861 0.312139
0 8.74379e-06 0.999991
0 0.0314558 0.968544
0 0.124074 0.875926
2 0.689826 0.310174
0 0.000659084 0.999341
2 0.94541 0.0545903
0 0.091491 0.908509
0 0.0117497 0.98825
2 0.803229 0.196771
2 0.83726 0.16274
2 0.995103 0.00489703
0 0.272069 0.727931
2 0.998007 0.00199333
0 0.252089 0.747911
2 0.641398 0.358602
2 0.987844 0.0121565
0 0.000107498 0.999893
0 5.78107e-06 0.999994
2 0.885984 0.114016
0 0.451459 0.548541
2 0.717972 0.282028
2 0.999983 1.65489e-05
0 0.179126 0.820874
2 0.849917 0.150083
2 0.580182 0.419818
2 0.999911 8.86728e-05
0 0.433482 0.566518
0 0.161743 0.838257
0 0.389053 0.610947
0 2.81756e-05 0.999972
2 0.97073 0.0292705
2 0.993958 0.00604158
2 0.831072 0.168928
2 0.858111 0.141889
2 0.996144 0.00385636
2 0.995978 0.00402171
0 0.164041 0.835959
0 0.0055389 0.994461
0 3.96811e-05 0.99996
2 0.822267 0.177733
0 4.86936e-06 0.999995
0 0.289697 0.710303
2 0.997833 0.00216653
0 5.57905e-05 0.999944
2 0.997932 0.00206849
2 0.627274 0.372726
2 0.535638 0.464362
0 0.31753 0.68247
0 2.60226e-06 0.999997
2 0.998873 0.00112732
0 0.17932 0.82068
2 0.665393 0.334607
2 0.992285 0.00771549
0 8.67136e-06 0.999991
0 0.000159123 0.999841
0 0.0353847 0.964615
2 0.881236 0.118764
2 0.785159 0.214841
0 5.2639e-06 0.999995
0 0.00125761 0.998742
2 0.661657 0.338343
0 0.0576473 0.942353
2 0.994639 0.00536085
2 0.995651 0.00434931
0 0.000474556 0.999525
0 0.00167859 0.998321
2 0.61253 0.38747
2 0.994286 0.00571444
2 0.984262 0.0157377
2 0.90225 0.0977503
2 0.76307 0.23693
2 0.854488 0.145512
0 0.10121 0.89879
2 0.998921 0.00107885
2 0.999933 6.67813e-05
0 7.25481e-05 0.999927
0 0.045058 0.954942
2 0.996978 0.00302181
2 0.833161 0.166839
0 0.00609406 0.993906
2 0.733914 0.266086
2 0.9077 0.0923003
2 0.991903 0.00809691
2 0.99901 0.000990388
2 0.571657 0.428343
2 0.588579 0.411421
2 0.709795 0.290205
2 0.999993 7.18585e-06
2 0.742341 0.257659
2 0.576643 0.423357
0 0.0261891 0.973811
0 0.000987121 0.999013
0 2.77145e-06 0.999997
0 0.152974 0.847026
0 0.0643376 0.935662
2 0.710012 0.289988
0 0.458304 0.541696
0 0.0316176 0.968382
2 0.999648 0.000352231
0 0.0950899 0.90491
2 0.616634 0.383366
0 0.0039957 0.996004
2 0.890786 0.109214
2 0.687798 0.312202
2 0.994903 0.00509674
2 0.9912 0.00879956
2 0.835929 0.164071
0 0.0665172 0.933483
0 1e-07 1
0 0.0601556 0.939844
0 2.51533e-05 0.999975
0 0.000334319 0.999666
2 0.99779 0.0022104
0 0.166297 0.833703
2 0.74117 0.25883
2 0.993457 0.00654325
0 0.000137423 0.999863
2 0.988307 0.0116925
2 0.726953 0.273047
0 0.000775465 0.999225
2 0.648143 0.351857
2 0.985251 0.0147491
0 0.464969 0.535031
0 0.0767443 0.923256
2 0.91324 0.0867599
2 0.999939 6.06919e-05
2 0.841712 0.158288
0 0.351774 0.648226
0 0.000170537 0.999829
0 0.00278059 0.997219
2 0.682248 0.317752
2 0.743366 0.256634
2 0.511454 0.488546
0 0.0232445 0.976756
0 0.317367 0.682633
0 0.0034696 0.99653
0 0.000167991 0.999832
0 0.473272 0.526728
2 0.996577 0.00342306
0 0.0533185 0.946682
2 0.99487 0.00512984
0 0.0285284 0.971472
2 0.63952 0.36048
0 0.00035087 0.999649
2 0.99846 0.00153958
2 0.885921 0.114079
2 0.8633 0.1367
2 0.999767 0.000232835
2 0.99841 0.00159035
2 0.998595 0.0014047
0 0.0589714 0.941029
2 0.863037 0.136963
2 0.996651 0.00334858
2 0.817951 0.182049
2 0.770961 0.229039
2 0.999509 0.000490536
2 0.836595 0.163405
0 0.133669 0.866331
0 0.123908 0.876092
0 0.000905997 0.999094
0 0.167634 0.832366
2 0.997545 0.00245463
2 0.863191 0.136809
2 0.976386 0.0236145
0 0.00991501 0.990085
0 0.000120791 0.999879
2 0.985464 0.0145358
0 0.0880526 0.911947
0 3.38281e-05 0.999966
2 0.999851 0.00014856
2 0.8496 0.1504
2 0.999411 0.000588537
2 0.91575 0.08425
0 0.000145107 0.999855
0 0.0522089 0.947791
2 0.529929 0.470071
2 0.852307 0.147693
2 0.800999 0.199001
2 0.998671 0.00132853
2 0.747244 0.252756
2 0.99623 0.00376983
2 0.999703 0.000296679
0 1.49084e-05 0.999985
2 0.996382 0.00361837
0 0.0059031 0.994097
0 0.178219 0.821781
2 0.656714 0.343286
0 0.023781 0.976219
2 0.764188 0.235812
0 0.166794 0.833206
2 0.99183 0.00817001
2 0.639953 0.360047
2 0.881436 0.118564
0 0.14661 0.85339
0 5.23928e-06 0.999995
0 0.00160638 0.998394
2 0.748652 0.251348
0 0.00503594 0.994964
0 1e-07 1
0 0.398937 0.601063
0 0.0970003 0.903
0 0.131808 0.868192
0 1.35178e-05 0.999986
0 2.52911e-06 0.999997
0 0.371728 0.628272
2 0.993448 0.0065521
0 0.286755 0.713245
0 1.437e-05 0.999986
2 0.645722 0.354278
2 0.999332 0.000668162
0 0.103791 0.896209
0 0.133467 0.866533
2 0.622735 0.377265
0 0.000367714 0.999632
0 0.0740614 0.925939
2 0.51932 0.48068
0 3.8596e-06 0.999996
2 0.827509 0.172491
0 0.000268816 0.999731
0 0.00078432 0.999216
2 0.579472 0.420528
0 4.66585e-06 0.999995
2 0.99952 0.000479666
2 0.998436 0.00156398
2 0.955082 0.0449179
2 0.999982 1.84878e-05
0 0.189525 0.810475
2 0.999484 0.000516466
0 0.470235 0.529765
0 0.00826788 0.991732
2 0.5566 0.4434
2 0.729485 0.270515
2 0.9965 0.00350008
0 0.00435401 0.995646
2 0.999489 0.000510751
0 2.26339e-07 1
0 0.0952581 0.904742
0 0.000204987 0.999795
0 5.45362e-06 0.999995
2 0.742262 0.257738
2 0.541287 0.458713
2 0.997313 0.00268715
2 0.812118 0.187882
2 0.995539 0.00446109
2 0.996369 0.00363145
0 1.10192e-05 0.999989
2 0.697641 0.302359
2 0.680745 0.319255
0 0.0218924 0.978108
0 0.00452564 0.995474
2 0.727551 0.272449
0 0.0305844 0.969416
0 5.16805e-06 0.999995
2 0.998726 0.00127437
2 0.994252 0.00574788
2 0.711294 0.288706
0 0.000113829 0.999886
0 1.96149e-05 0.99998
0 0.000379186 0.999621
2 0.994559 0.00544054
2 0.988623 0.0113771
2 0.999768 0.000231737
0 0.000490338 0.99951
0 0.0319098 0.96809
0 0.0145989 0.985401
0 0.347595 0.652405
0 0.272123 0.727877
0 0.293822 0.706178
2 0.825167 0.174833
2 0.697901 0.302099
2 0.769586 0.230414
0 0.0074568 0.992543
2 0.999361 0.000639399
0 3.80406e-05 0.999962
2 0.992828 0.00717198
2 0.868165 0.131835
0 0.00414231 0.995858
2 0.819515 0.180485
0 0.000149641 0.99985
2 0.522355 0.477645
2 0.817701 0.182299
2 0.592416 0.407584
0 0.0109559 0.989044
2 0.86448 0.13552
2 0.798058 0.201942
2 0.846567 0.153433
2 0.672536 0.327464
0 1.77324e-05 0.999982
0 0.378233 0.621767
0 1.61096e-05 0.999984
2 0.838967 0.161033
2 0.901587 0.0984135
2 0.767202 0.232798
0 1.15991e-05 0.999988
2 0.987691 0.0123089
2 0.717012 0.282988
2 0.903071 0.0969293
2 0.998673 0.00132656
2 0.981765 0.018235
0 0.196419 0.803581
2 0.804968 0.195032
2 0.605644 0.394356
0 0.470687 0.529313
0 0.00326765 0.996732
2 0.99992 7.9671e-05
2 0.997785 0.00221453
2 0.991015 0.00898485
2 0.882125 0.117875
2 0.905926 0.0940739
0 0.0145706 0.985429
2 0.998693 0.00130671
2 0.980021 0.0199788
0 0.0117623 0.988238
0 0.00013138 0.999869
0 0.13775 0.86225
2 0.997435 0.00256545
2 0.561656 0.438344
2 0.702122 0.297878
0 0.000275618 0.999724
2 0.929395 0.0706046
0 0.0669267 0.933073
0 5.30587e-06 0.999995
0 0.432008 0.567992
2 0.993844 0.0061561
0 0.00548736 0.994513
0 1e-07 1
2 0.999203 0.000797293
0 0.00354664 0.996453
2 0.997873 0.00212674
0 0.0016891 0.998311
2 0.961528 0.0384722
2 0.704649 0.295351
0 0.460979 0.539021
2 0.999778 0.000222365
2 0.996918 0.00308158
0 0.365529 0.634471
0 0.2852 0.7148
2 0.988539 0.0114607
2 0.996174 0.00382569
2 0.902081 0.0979191
2 0.989475 0.0105246
0 0.0632424 0.936758
0 0.0125289 0.987471
0 0.0138537 0.986146
2 0.999818 0.000181649
0 0.113765 0.886235
2 0.652837 0.347163
2 0.949233 0.0507675
2 0.939343 0.0606573
2 0.838533 0.161467
2 0.685826 0.314174
2 0.712006 0.287994
0 1.01568e-05 0.99999
2 0.854546 0.145454
2 0.998244 0.00175605
0 0.00661557 0.993384
0 0.00125625 0.998744
2 0.665754 0.334246
0 0.00214671 0.997853
0 1.33847e-06 0.999999
0 1e-07 1
2 0.646207 0.353793
2 0.824219 0.175781
2 0.822333 0.177667
2 0.913101 0.0868989
0 0.000552407 0.999448
2 0.8731 0.1269
2 0.972492 0.0275083
2 0.651626 0.348374
2 0.999877 0.000123197
2 0.512802 0.487198
2 0.99644 0.00355977
2 0.739797 0.260203
2 0.631141 0.368859
0 0.0170114 0.982989
2 0.998213 0.00178687
2 0.905979 0.0940211
0 6.29061e-05 0.999937
2 0.996566 0.00343404
2 0.977218 0.0227822
2 0.999792 0.000207999
2 0.997764 0.00223597
2 0.999828 0.000172246
2 0.904191 0.0958091
0 0.00966452 0.990335
2 0.996435 0.00356474
0 0.00486565 0.995134
0 0.0059216 0.994078
2 0.677941 0.322059
0 0.00900592 0.990994
2 0.99933 0.000669639
2 0.998841 0.00115943
2 0.662907 0.337093
0 0.073055 0.926945
0 6.35357e-06 0.999994
2 0.811935 0.188065
2 0.999712 0.000287531
2 0.999907 9.31501e-05
0 4.14395e-06 0.999996
2 0.929032 0.0709682
2 0.681816 0.318184
2 0.985289 0.0147106
0 0.0054427 0.994557
0 0.159764 0.840236
2 0.995223 0.00477669
0 0.0157635 0.984236
0 0.0128523 0.987148
2 0.77627 0.22373
0 0.0131916 0.986808
2 0.915691 0.0843086
0 4.19967e-07 1
0 2.79878e-07 1
0 0.293237 0.706763
0 0.0428316 0.957168
2 0.830762 0.169238
0 0.204953 0.795047
2 0.746727 0.253273
2 0.998631 0.00136874
0 9.97722e-05 0.9999
2 0.903203 0.0967968
0 0.000806209 0.999194
2 0.947695 0.052305
0 0.0103431 0.989657
0 0.000481306 0.999519
0 0.181072 0.818928
0 0.129486 0.870514
0 1.38311e-05 0.999986
0 0.468978 0.531022
2 0.999684 0.000315949
2 0.970529 0.0294706
2 0.511496 0.488504
2 0.999502 0.000498285
2 0.95941 0.0405904
0 0.00551458 0.994485
0 0.00136354 0.998636
2 0.987766 0.0122339
2 0.976928 0.0230718
2 0.992978 0.00702248
0 3.42251e-06 0.999997
0 0.0144256 0.985574
2 0.997385 0.00261455
0 1.77983e-05 0.999982
2 0.93579 0.0642098
2 0.773245 0.226755
2 0.824934 0.175066
2 0.995284 0.00471591
2 0.938377 0.0616226
0 0.0027336 0.997266
2 0.990309 0.00969063
2 0.977927 0.0220731
0 0.285092 0.714908
2 0.752094 0.247906
0 0.000350915 0.999649
0 8.75504e-06 0.999991
0 0.387949 0.612051
0 0.00133334 0.998667
2 0.925284 0.0747161
2 0.997903 0.00209677
2 0.883914 0.116086
2 0.76378 0.23622
0 0.435508 0.564492
2 0.999379 0.00062071
0 0.0443787 0.955621
0 1e-07 1
2 0.996197 0.00380317
2 0.934849 0.0651505
2 0.556127 0.443873
2 0.932519 0.0674809
0 5.97908e-05 0.99994
2 0.999771 0.000229082
0 0.000128611 0.999871
0 0.0290319 0.970968
0 0.11127 0.88873
2 0.993298 0.00670191
2 0.99819 0.00181003
0 0.0235323 0.976468
2 0.698009 0.301991
0 0.260173 0.739827
0 0.250684 0.749316
0 0.00017159 0.999828
2 0.540948 0.459052
2 0.760201 0.239799
0 0.00401547 0.995985
2 0.981857 0.0181425
2 0.998763 0.00123653
2 0.742908 0.257092
0 0.000154564 0.999845
2 0.782901 0.217099
2 0.998131 0.00186866
2 0.996306 0.00369422
2 0.660951 0.339049
2 0.718101 0.281899
0 1e-07 1
0 0.012367 0.987633
2 0.528375 0.471625
0 0.00560261 0.994397
2 0.921311 0.0786891
0 0.000108082 0.999892
2 0.990021 0.0099791
0 0.000195861 0.999804
0 0.0182121 0.981788
2 0.994407 0.00559288
2 0.999311 0.000688517
0 3.11943e-06 0.999997
2 0.999532 0.000468077
0 1e-07 1
2 0.854356 0.145644
2 0.999954 4.61414e-05
0 0.118727 0.881273
0 0.345848 0.654152
0 0.00703465 0.992965
2 0.825741 0.174259
0 0.0114884 0.988512
0 0.320874 0.679126
0 0.0809238 0.919076
2 0.99991 8.99992e-05
0 0.0814241 0.918576
2 0.779014 0.220986
0 6.30562e-05 0.999937
2 0.999845 0.000155038
2 0.999481 0.000519186
0 4.44856e-05 0.999956
0 0.444345 0.555655
2 0.991581 0.00841892
0 0.23783 0.76217
0 0.0135393 0.986461
2 0.998675 0.00132527
0 0.443634 0.556366
2 0.683197 0.316803
0 0.0554763 0.944524
0 0.469388 0.530612
2 0.646272 0.353728
0 0.329561 0.670439
2 0.94772 0.05228
2 0.5211 0.4789
2 0.75452 0.24548
2 0.997219 0.00278149
2 0.999786 0.000214349
0 0.00367091 0.996329
0 4.35594e-06 0.999996
2 0.652675 0.347325
0 2.84951e-05 0.999972
0 0.18104 0.81896
2 0.747196 0.252804
0 0.0349915 0.965009
2 0.994803 0.00519669
0 0.000519752 0.99948
2 0.853735 0.146265
0 0.00250628 0.997494
0 0.0759297 0.92407
2 0.999428 0.000572087
2 0.992337 0.00766268
2 0.996886 0.00311379
2 0.681969 0.318031
2 0.993654 0.00634649
0 0.0347031 0.965297
0 0.264679 0.735321
0 3.15603e-05 0.999968
2 0.964957 0.0350433
0 0.000249208 0.999751
0 0.0844362 0.915564
0 7.02223e-07 0.999999
0 0.00164047 0.99836
0 0.0180171 0.981983
2 0.999871 0.000128954
2 0.595726 0.404274
0 0.0365923 0.963408
0 0.298056 0.701944
0 0.0865918 0.913408
2 0.626759 0.373241
0 5.65837e-05 0.999943
2 0.934818 0.0651815
2 0.997805 0.00219495
2 0.999486 0.000513786
2 0.996422 0.00357788
0 0.314589 0.685411
2 0.570527 0.429473
2 0.801969 0.198031
0 0.381475 0.618525
2 0.991478 0.00852241
2 0.999732 0.000268198
0 0.487936 0.512064
0 2.85655e-05 0.999971
0 0.0140497 0.98595
2 0.996351 0.00364943
2 0.762034 0.237966
2 0.997097 0.00290301
2 0.547779 0.452221
2 0.964878 0.0351224
2 0.860456 0.139544
0 8.01338e-05 0.99992
0 0.00806672 0.991933
0 0.0895795 0.91042
2 0.855307 0.144693
0 0.0250444 0.974956
0 0.366077 0.633923
2 0.95565 0.0443498
2 0.789385 0.210615
2 0.53445 0.46555
0 0.0607694 0.939231
0 0.0994856 0.900514
2 0.816997 0.183003
2 0.996514 0.00348552
0 0.0648435 0.935157
0 0.252909 0.747091
2 0.88988 0.11012
0 0.00191509 0.998085
0 0.000746694 0.999253
2 0.994564 0.00543604
0 0.000293463 0.999707
2 0.791075 0.208925
0 0.000119752 0.99988
2 0.787832 0.212168
2 0.999949 5.14118e-05
0 9.55414e-05 0.999904
2 0.684321 0.315679
2 0.981821 0.018179
2 0.997601 0.00239914
0 1.50472e-05 0.999985
2 0.997888 0.00211199
0 0.0203594 0.979641
0 1.95446e-05 0.99998
0 0.000426154 0.999574
2 0.832178 0.167822
2 0.997913 0.00208723
2 0.993178 0.00682222
0 0.0595497 0.94045
0 0.0311365 0.968864
2 0.993807 0.00619259
2 0.716191 0.283809
2 0.997089 0.00291075
0 0.0172107 0.982789
0 1.26354e-05 0.999987
2 0.993072 0.00692826
2 0.876635 0.123365
0 0.000362108 0.999638
0 0.0154254 0.984575
2 0.75568 0.24432
2 0.839699 0.160301
0 0.376667 0.623333
2 0.966208 0.0337924
2 0.920194 0.0798057
0 0.442699 0.557301
0 0.336837 0.663163
0 0.0108444 0.989156
2 0.827348 0.172652
0 0.0267828 0.973217
0 5.07479e-06 0.999995
2 0.706097 0.293903
2 0.994561 0.00543878
2 0.627399 0.372601
2 0.636959 0.363041
2 0.634062 0.365938
0 0.00779375 0.992206
0 0.156421 0.843579
2 0.840915 0.159085
2 0.699412 0.300588
0 6.67034e-06 0.999993
2 0.598648 0.401352
2 0.65058 0.34942
0 2.31268e-06 0.999998
2 0.963354 0.036646
2 0.746054 0.253946
0 4.31144e-06 0.999996
2 0.970869 0.0291305
2 0.993313 0.00668701
2 0.721302 0.278698
0 8.42257e-06 0.999992
0 0.37496 0.62504
2 0.828553 0.171447
2 0.999925 7.45266e-05
0 0.224212 0.775788
2 0.717241 0.282759
2 0.999993 7.45129e-06
2 0.853951 0.146049
2 0.737036 0.262964
2 0.998469 0.00153125
0 0.246394 0.753606
0 7.65798e-06 0.999992
2 0.999371 0.000628577
2 0.99961 0.00038954
2 0.679571 0.320429
0 0.309263 0.690737
0 0.0182929 0.981707
2 0.997365 0.00263507
0 0.4608 0.5392
2 0.99959 0.000410043
0 0.0024093 0.997591
0 8.66189e-07 0.999999
0 1.51312e-05 0.999985
0 0.195257 0.804743
0 0.00018722 0.999813
2 0.999484 0.000515787
0 0.000253846 0.999746
2 0.714331 0.285669
2 0.763682 0.236318
0 0.0255427 0.974457
0 0.0304907 0.969509
0 0.401682 0.598318
2 0.843085 0.156915
0 0.208472 0.791528
0 0.130106 0.869894
0 0.194234 0.805766
2 0.999961 3.93378e-05
2 0.976294 0.023706
2 0.999822 0.000177658
0 0.000680897 0.999319
2 0.998158 0.00184224
0 8.77372e-06 0.999991
0 0.00463664 0.995363
2 0.698949 0.301051
2 0.741301 0.258699
0 0.00951405 0.990486
2 0.696482 0.303518
0 0.0779874 0.922013
2 0.999269 0.00073137
2 0.942469 0.0575314
0 0.0291801 0.97082
2 0.821586 0.178414
0 0.0243098 0.97569
0 5.82298e-05 0.999942
0 0.233975 0.766025
0 0.308263 0.691737
2 0.815625 0.184375
0 9.44714e-06 0.999991
2 0.979828 0.0201723
2 0.988434 0.0115664
0 0.000276934 0.999723
2 0.651908 0.348092
2 0.9979 0.00209988
2 0.999998 1.7818e-06
2 0.788945 0.211055
2 0.936611 0.0633885
2 0.999711 0.000288507
2 0.89784 0.10216
0 0.331128 0.668872
0 0.0137125 0.986287
0 0.00111174 0.998888
2 0.929912 0.0700878
0 0.113139 0.886861
2 0.999284 0.00071577
0 0.334048 0.665952
2 0.998662 0.00133829
0 0.0479427 0.952057
0 0.393705 0.606295
2 0.999596 0.000403948
2 0.501419 0.498581
2 0.999277 0.00072276
0 0.0125667 0.987433
0 6.64036e-06 0.999993
2 0.684679 0.315321
0 0.470635 0.529365
2 0.99597 0.00402957
0 0.00447215 0.995528
0 0.020703 0.979297
0 0.0900471 0.909953
2 0.997098 0.00290162
2 0.788965 0.211035
0 0.270568 0.729432
2 0.584218 0.415782
2 0.717733 0.282267
0 0.34605 0.65395
2 0.998797 0.00120288
0 0.00045736 0.999543
2 0.99485 0.00514966
0 0.374071 0.625929
2 0.707422 0.292578
0 0.311101 0.688899
0 0.00638035 0.99362
2 0.54852 0.45148
2 0.999404 0.00059586
0 0.00647101 0.993529
0 1.86533e-07 1
2 0.875062 0.124938
2 0.610178 0.389822
2 0.984047 0.0159534
2 0.999925 7.52766e-05
2 0.853692 0.146308
0 0.0890609 0.910939
0 4.97904e-05 0.99995
2 0.993667 0.00633324
0 0.30956 0.69044
0 0.111003 0.888997
2 0.67648 0.32352
0 0.0584352 0.941565
2 0.915122 0.0848785
2 0.998608 0.00139229
0 0.279281 0.720719
2 0.999492 0.000508182
2 0.690011 0.309989
0 0.00158207 0.998418
0 0.0281854 0.971815
2 0.703632 0.296368
2 0.991286 0.00871377
0 0.089298 0.910702
2 0.998653 0.00134749
0 0.0501098 0.94989
2 0.939091 0.0609092
2 0.651468 0.348532
0 0.000161445 0.999839
2 0.886977 0.113023
0 0.278157 0.721843
0 0.0307158 0.969284
0 0.2901 0.7099
2 0.543838 0.456162
2 0.994515 0.00548531
0 0.431616 0.568384
0 1.33708e-05 0.999987
2 0.990061 0.00993938
2 0.998697 0.00130327
2 0.540007 0.459993
2 0.998365 0.00163521
2 0.817685 0.182315
0 0.0510685 0.948931
0 5.60413e-06 0.999994
0 5.95859e-05 0.99994
2 0.534058 0.465942
0 0.000894048 0.999106
2 0.997539 0.00246061
2 0.731342 0.268658
0 0.476456 0.523544
2 0.872933 0.127067
0 0.279816 0.720184
2 0.664923 0.335077
2 0.999829 0.000170675
2 0.85737 0.14263
2 0.871763 0.128237
2 0.999278 0.00072233
2 0.77222 0.22778
0 0.0130194 0.986981
0 0.0166076 0.983392
0 0.261474 0.738526
0 0.000575341 0.999425
0 0.0923095 0.907691
2 0.843781 0.156219
2 0.994779 0.00522147
2 0.997476 0.00252417
2 0.87282 0.12718
2 0.85802 0.14198
2 0.996398 0.00360184
0 0.335227 0.664773
2 0.551225 0.448775
0 0.0129571 0.987043
2 0.700091 0.299909
2 0.994277 0.0057231
2 0.946585 0.0534152
0 0.113301 0.886699
0 0.00477093 0.995229
0 0.0877916 0.912208
0 0.00015666 0.999843
0 0.136444 0.863556
0 0.00204971 0.99795
2 0.878539 0.121461
2 0.810512 0.189488
2 0.999596 0.000403741
0 0.04822 0.95178
0 0.070759 0.929241
2 0.998278 0.00172181
2 0.981992 0.0180078
0 0.0636765 0.936324
2 0.837804 0.162196
0 0.000327274 0.999673
0 0.0419227 0.958077
2 0.997805 0.00219503
2 0.581584 0.418416
2 0.783665 0.216335
2 0.691881 0.308119
2 0.773836 0.226164
0 0.343902 0.656098
0 1.24981e-06 0.999999
0 0.0815534 0.918447
0 0.0177649 0.982235
2 0.99794 0.00205972
0 0.000834438 0.999166
2 0.82888 0.17112
0 0.280801 0.719199
0 0.360331 0.639669
0 0.48286 0.51714
0 0.0032756 0.996724
0 0.164061 0.835939
2 0.999279 0.000720921
0 0.020513 0.979487
2 0.578621 0.421379
0 2.91889e-06 0.999997
2 0.76638 0.23362
0 0.0545434 0.945457
2 0.995237 0.00476288
2 0.608502 0.391498
2 0.802442 0.197558
0 0.0690466 0.930953
2 0.997909 0.00209101
2 0.686663 0.313337
2 0.823048 0.176952
0 6.79119e-07 0.999999
2 0.999981 1.92686e-05
0 1.16339e-07 1
2 0.653952 0.346048
0 0.00638071 0.993619
0 0.478951 0.521049
2 0.996937 0.00306332
2 0.929497 0.0705031
2 0.744134 0.255866
2 0.666739 0.333261
0 0.314995 0.685005
2 0.813743 0.186257
2 0.999802 0.000197939
0 0.0020069 0.997993
2 0.941695 0.0583048
0 0.20001 0.79999
0 3.85507e-06 0.999996
2 0.99906 0.00094039
0 0.248443 0.751557
0 2.52134e-05 0.999975
2 0.999849 0.000151194
2 0.996064 0.00393559
2 0.668418 0.331582
0 0.471321 0.528679
0 0.244987 0.755013
0 0.203388 0.796612
0 0.0108015 0.989199
2 0.899113 0.100887
0 0.0115034 0.988497
0 0.0208099 0.97919
2 0.788416 0.211584
2 0.702053 0.297947
2 0.999936 6.37257e-05
2 0.583526 0.416474
2 0.99866 0.00133999
0 0.0263399 0.97366
0 0.00139306 0.998607
2 0.999875 0.000124624
0 0.0126525 0.987348
2 0.52015 0.47985
2 0.99598 0.00402037
2 0.996275 0.00372471
2 0.759944 0.240056
0 0.000193322 0.999807
2 0.998286 0.00171375
0 0.107296 0.892704
2 0.736581 0.263419
2 0.999441 0.000558532
0 6.29499e-06 0.999994
0 0.000416778 0.999583
2 0.999978 2.1977e-05
2 0.935421 0.0645791
2 0.511321 0.488679
0 0.000125408 0.999875
0 0.00318314 0.996817
0 0.016938 0.983062
2 0.769812 0.230188
2 0.999949 5.12514e-05
0 0.00445537 0.995545
2 0.99411 0.00589008
2 0.999828 0.00017194
0 0.000428516 0.999571
0 0.00025389 0.999746
0 0.329861 0.670139
2 0.667142 0.332858
0 0.000139845 0.99986
2 0.700457 0.299543
0 0.0152346 0.984765
2 0.760972 0.239028
2 0.834562 0.165438
2 0.998474 0.00152583
0 0.0405619 0.959438
0 1.57736e-05 0.999984
2 0.81085 0.18915
2 0.999627 0.000373229
2 0.997188 0.00281187
0 0.000106039 0.999894
0 4.14815e-05 0.999959
0 2.73338e-05 0.999973
0 8.93932e-07 0.999999
2 0.719417 0.280583
2 0.756766 0.243234
2 0.833411 0.166589
2 0.839617 0.160383
2 0.949681 0.0503188
0 0.00289953 0.9971
2 0.524591 0.475409
2 0.995115 0.00488539
0 4.52739e-06 0.999995
0 6.01018e-05 0.99994
0 3.12086e-05 0.999969
0 0.393497 0.606503
2 0.986947 0.0130532
2 0.628185 0.371815
0 0.302253 0.697747
2 0.997865 0.00213466
0 0.0518654 0.948135
2 0.992794 0.00720564
0 0.279417 0.720583
0 4.85922e-07 1
2 0.997593 0.0024071
2 0.997844 0.00215645
2 0.775613 0.224387
0 0.155202 0.844798
0 0.0319407 0.968059
0 0.106849 0.893151
2 0.998222 0.00177808
2 0.988113 0.0118867
0 0.0137027 0.986297
0 1e-07 1
0 0.000189266 0.999811
2 0.505494 0.494506
0 0.025964 0.974036
2 0.994641 0.00535932
2 0.996654 0.00334582
2 0.996678 0.00332238
2 0.999984 1.58446e-05
2 0.849831 0.150169
2 0.740482 0.259518
2 0.756351 0.243649
2 0.99977 0.000230303
0 0.0223823 0.977618
2 0.970328 0.0296721
2 0.630853 0.369147
0 2.58429e-05 0.999974
2 0.993159 0.00684113
2 0.749366 0.250634
2 0.517159 0.482841
2 0.867601 0.132399
2 0.533084 0.466916
2 0.852841 0.147159
2 0.997608 0.00239187
2 0.938531 0.0614691
2 0.998366 0.00163354
0 0.000693098 0.999307
2 0.864323 0.135677
0 0.493726 0.506274
0 0.3342 0.6658
0 0.000113611 0.999886
0 0.13584 0.86416
2 0.720525 0.279475
2 0.987696 0.0123036
2 0.931446 0.068554
2 0.847592 0.152408
0 0.00393996 0.99606
0 0.0197586 0.980241
0 0.0136094 0.986391
0 0.0972103 0.90279
2 0.669634 0.330366
2 0.995038 0.00496234
2 0.745357 0.254643
2 0.73797 0.26203
2 0.998789 0.00121061
2 0.995156 0.00484429
0 1.74269e-05 0.999983
2 0.660237 0.339763
0 0.154109 0.845891
0 0.0440964 0.955904
2 0.735136 0.264864
0 0.00695327 0.993047
2 0.761551 0.238449
0 0.174959 0.825041
0 2.00532e-05 0.99998
0 0.0427645 0.957236
0 0.0234525 0.976547
0 4.58689e-06 0.999995
2 0.553838 0.446162
0 0.000799408 0.999201
2 0.899654 0.100346
0 5.26905e-06 0.999995
2 0.877564 0.122436
2 0.99898 0.00101963
0 0.146078 0.853922
2 0.910938 0.0890618
2 0.999054 0.000945941
0 1.55653e-05 0.999984
0 0.24378 0.75622
2 0.927279 0.072721
0 0.00042777 0.999572
0 0.0276981 0.972302
0 0.0875418 0.912458
2 0.871627 0.128373
2 0.999056 0.000943753
0 0.00498861 0.995011
0 0.298971 0.701029
2 0.997912 0.00208813
0 4.0688e-05 0.999959
2 0.919534 0.0804655
2 0.992771 0.0072285
0 0.00421071 0.995789
2 0.744063 0.255937
2 0.999542 0.000457725
2 0.539898 0.460102
2 0.856397 0.143603
2 0.999764 0.000235781
0 0.000230992 0.999769
0 0.00107711 0.998923
2 0.994616 0.00538393
2 0.759835 0.240165
2 0.799744 0.200256
0 0.0131189 0.986881
2 0.847693 0.152307
2 0.686252 0.313748
2 0.654558 0.345442
2 0.997481 0.00251866
0 1.93685e-05 0.999981
0 0.134704 0.865296
2 0.999453 0.000546854
0 1.04417e-07 1
0 0.342577 0.657423
2 0.84429 0.15571
2 0.948933 0.0510669
2 0.934016 0.0659844
2 0.998047 0.00195287
2 0.996117 0.00388339
2 0.901422 0.0985779
0 0.000347743 0.999652
0 0.084997 0.915003
2 0.815599 0.184401
0 0.0849295 0.91507
0 0.0229169 0.977083
0 0.434529 0.565471
0 0.47764 0.52236
0 0.0144012 0.985599
2 0.997765 0.00223522
0 0.00470692 0.995293
2 0.824821 0.175179
0 0.33012 0.66988
0 0.000232148 0.999768
2 0.958871 0.041129
2 0.865943 0.134057
2 0.995618 0.00438169
2 0.542135 0.457865
2 0.981662 0.0183377
0 1.47727e-06 0.999999
0 3.4197e-06 0.999997
0 0.000749729 0.99925
2 0.99856 0.00143965
0 0.000368406 0.999632
2 0.844386 0.155614
2 0.994541 0.00545862
2 0.810695 0.189305
2 0.99751 0.00249001
2 0.876903 0.123097
2 0.913556 0.086444
0 9.27537e-05 0.999907
2 0.992839 0.00716057
2 0.994256 0.00574356
2 0.792755 0.207245
0 0.19174 0.80826
2 0.690495 0.309505
0 0.000223067 0.999777
2 0.656472 0.343528
2 0.7576 0.2424
0 0.000175045 0.999825
2 0.572255 0.427745
2 0.84667 0.15333
0 0.143985 0.856015
0 0.204695 0.795305
0 0.138694 0.861306
2 0.997904 0.00209558
0 0.0227111 0.977289
0 0.043443 0.956557
0 0.0196714 0.980329
0 7.66405e-05 0.999923
2 0.686112 0.313888
0 0.253449 0.746551
2 0.794446 0.205554
0 0.0556593 0.944341
2 0.694241 0.305759
0 0.0930092 0.906991
2 0.786763 0.213237
0 0.000178281 0.999822
2 0.999229 0.000771054
2 0.994597 0.0054029
2 0.892643 0.107357
0 0.400572 0.599428
0 0.000283297 0.999717
0 0.0148736 0.985126
2 0.925567 0.0744327
2 0.996229 0.00377124
0 0.0306276 0.969372
0 0.16199 0.83801
0 0.000211022 0.999789
0 0.0949914 0.905009
2 0.99644 0.00356009
0 0.0978299 0.90217
2 0.957567 0.0424333
0 0.024062 0.975938
2 0.737143 0.262857
0 0.000776299 0.999224
0 0.467737 0.532263
2 0.811038 0.188962
2 0.999921 7.89815e-05
0 0.468277 0.531723
2 0.990965 0.00903454
2 0.842692 0.157308
2 0.999996 3.57369e-06
2 0.920408 0.0795923
0 0.410931 0.589069
2 0.9995 0.000499628
2 0.999993 7.10492e-06
2 0.999654 0.000346482
2 0.802379 0.197621
2 0.998552 0.00144753
0 0.00561338 0.994387
0 0.000315851 0.999684
2 0.597402 0.402598
0 0.00126639 0.998734
0 1.05846e-05 0.999989
2 0.844058 0.155942
0 0.0107111 0.989289
2 0.996297 0.00370305
2 0.692278 0.307722
2 0.998951 0.0010491
0 1.94179e-06 0.999998
2 0.908747 0.0912531
2 0.950793 0.0492067
2 0.99901 0.000990018
2 0.994728 0.00527217
2 0.736842 0.263158
0 0.0735162 0.926484
2 0.883697 0.116303
0 0.182354 0.817646
0 8.54479e-05 0.999915
0 0.000727764 0.999272
0 0.000136717 0.999863
2 0.968717 0.0312827
0 0.0288144 0.971186
2 0.768248 0.231752
0 0.00116509 0.998835
0 0.0314106 0.968589
2 0.997454 0.00254623
0 0.0938687 0.906131
2 0.673989 0.326011
2 0.76569 0.23431
0 0.402017 0.597983
0 1.08165e-05 0.999989
2 0.925904 0.0740965
0 7.9736e-05 0.99992
0 0.119748 0.880252
2 0.76048 0.23952
2 0.974717 0.0252834
0 0.0773107 0.922689
0 0.00421088 0.995789
2 0.999473 0.000526931
2 0.749466 0.250534
0 0.00271733 0.997283
2 0.787289 0.212711
0 0.18537 0.81463
2 0.987091 0.0129091
2 0.867151 0.132849
0 0.012034 0.987966
0 4.99539e-06 0.999995
2 0.971741 0.0282587
0 0.0256395 0.974361
0 1.64996e-07 1
0 0.169619 0.830381
2 0.568045 0.431955
2 0.988732 0.011268
0 0.294221 0.705779
2 0.999129 0.000870961
0 9.99178e-05 0.9999
0 0.0350716 0.964928
2 0.887037 0.112963
2 0.999245 0.000755499
0 0.000159083 0.999841
0 0.0141736 0.985826
0 0.181546 0.818454
0 0.0639598 0.93604
0 0.0446776 0.955322
2 0.764088 0.235912
0 0.0306372 0.969363
2 0.873313 0.126687
2 0.992529 0.0074706
0 0.00441178 0.995588
0 0.322029 0.677971
2 0.999421 0.000579316
2 0.997677 0.00232316
0 0.449636 0.550364
2 0.795089 0.204911
0 0.332608 0.667392
0 0.485243 0.514757
2 0.755985 0.244015
2 0.792409 0.207591
0 0.00125846 0.998742
2 0.798597 0.201403
2 0.783174 0.216826
2 0.586923 0.413077
0 0.00411128 0.995889
2 0.997663 0.00233722
0 0.00494383 0.995056
0 2.36799e-06 0.999998
0 0.395695 0.604305
0 0.168294 0.831706
2 0.995138 0.00486189
0 4.56096e-05 0.999954
0 0.225748 0.774252
2 0.997053 0.00294702
0 3.5425e-05 0.999965
0 0.0015823 0.998418
0 0.219816 0.780184
0 0.0029826 0.997017
0 0.00549575 0.994504
0 0.20853 0.79147
0 0.12897 0.87103
2 0.955452 0.0445484
2 0.741406 0.258594
0 0.0621787 0.937821
0 0.111837 0.888163
2 0.759696 0.240304
0 1.1369e-06 0.999999
2 0.999736 0.000264374
2 0.693524 0.306476
2 0.999948 5.20912e-05
0 0.000209799 0.99979
0 0.315234 0.684766
2 0.706902 0.293098
0 0.0360657 0.963934
2 0.905261 0.0947394
0 6.08362e-05 0.999939
0 0.0150855 0.984914
2 0.999824 0.000176398
0 0.0023174 0.997683
2 0.572325 0.427675
2 0.999152 0.000847977
0 0.000283311 0.999717
2 0.740851 0.259149
0 2.89454e-05 0.999971
2 0.928293 0.0717068
2 0.738917 0.261083
0 0.0285172 0.971483
2 0.516861 0.483139
2 0.99596 0.00403995
0 0.00434694 0.995653
0 0.287458 0.712542
2 0.997602 0.00239819
2 0.999226 0.000774175
2 0.685868 0.314132
0 0.000987961 0.999012
0 0.0679745 0.932026
2 0.843994 0.156006
2 0.881864 0.118136
2 0.999935 6.49964e-05
0 0.00574818 0.994252
0 0.00226837 0.997732
0 1.8449e-05 0.999982
0 0.00149048 0.99851
2 0.99989 0.000109801
0 0.00625058 0.993749
0 3.92939e-07 1
2 0.99541 0.00458997
0 0.083973 0.916027
0 0.0583762 0.941624
2 0.997602 0.00239783
0 0.300321 0.699679
0 0.000122246 0.999878
2 0.962257 0.0377434
0 0.0266822 0.973318
0 0.0873299 0.91267
2 0.999514 0.00048575
2 0.976834 0.0231662
2 0.640615 0.359385
0 0.0281597 0.97184
0 0.000316342 0.999684
2 0.993469 0.00653119
2 0.595651 0.404349
2 0.999716 0.000284162
2 0.998775 0.00122522
2 0.853522 0.146478
0 2.45769e-07 1
0 0.0566281 0.943372
0 0.048427 0.951573
0 0.0827402 0.91726
0 0.334645 0.665355
0 0.00307772 0.996922
2 0.634539 0.365461
0 0.112501 0.887499
2 0.783874 0.216126
2 0.99345 0.00655032
0 0.00155508 0.998445
2 0.874375 0.125625
2 0.99887 0.00112985
2 0.524316 0.475684
2 0.687701 0.312299
0 0.103825 0.896175
0 1.80506e-06 0.999998
0 1.58981e-05 0.999984
0 0.000126535 0.999873
0 0.00381343 0.996187
2 0.999916 8.43258e-05
0 0.00705914 0.992941
2 0.759478 0.240522
2 0.99698 0.00302016
2 0.515866 0.484134
2 0.997456 0.00254419
0 0.289938 0.710062
2 0.998357 0.00164269
0 0.00919519 0.990805
0 1.15118e-06 0.999999
0 0.0730326 0.926967
2 0.999783 0.000216708
0 0.13867 0.86133
2 0.912622 0.0873776
0 4.23987e-07 1
2 0.996098 0.00390238
2 0.999165 0.00083526
2 0.598549 0.401451
0 0.00119958 0.9988
2 0.876295 0.123705
0 6.39107e-06 0.999994
2 0.919605 0.080395
2 0.698853 0.301147
2 0.950617 0.0493832
0 0.219127 0.780873
2 0.99772 0.00228039
2 0.63338 0.36662
2 0.999985 1.50415e-05
2 0.999968 3.2466e-05
0 0.00685733 0.993143
2 0.999599 0.000401455
0 0.0718884 0.928112
0 0.00114203 0.998858
0 0.236023 0.763977
2 0.997814 0.00218587
0 5.17739e-06 0.999995
0 0.000107476 0.999893
0 0.0218156 0.978184
0 0.0308669 0.969133
0 6.08118e-07 0.999999
2 0.907749 0.092251
0 0.342189 0.657811
2 0.999787 0.000212809
2 0.909837 0.0901628
2 0.672973 0.327027
0 0.00136724 0.998633
2 0.776739 0.223261
0 4.79148e-07 1
0 0.000252202 0.999748
0 2.69403e-05 0.999973
0 0.00194237 0.998058
0 0.0367924 0.963208
2 0.996101 0.00389943
0 0.35991 0.64009
2 0.999879 0.000120586
2 0.99551 0.00448996
2 0.833553 0.166447
0 0.00249309 0.997507
0 0.432584 0.567416
0 0.000105579 0.999894
2 0.823414 0.176586
0 0.118435 0.881565
2 0.72501 0.27499
2 0.999859 0.000140918
2 0.998815 0.00118527
0 1.65194e-06 0.999998
0 1.39998e-05 0.999986
0 0.138357 0.861643
2 0.995679 0.0043206
2 0.996814 0.00318579
0 0.46654 0.53346
0 0.209732 0.790268
0 0.0174881 0.982512
0 2.03975e-05 0.99998
0 0.0163047 0.983695
2 0.942186 0.0578136
0 0.00119243 0.998808
2 0.950742 0.0492579
0 6.80682e-05 0.999932
0 0.409182 0.590818
0 0.145486 0.854514
2 0.995516 0.00448408
2 0.962571 0.0374287
2 0.783887 0.216113
0 0.2081 0.7919
0 0.0751584 0.924842
0 0.000684782 0.999315
0 0.174218 0.825782
2 0.868571 0.131429
0 0.106629 0.893371
0 0.0711413 0.928859
2 0.64164 0.35836
2 0.999666 0.000333919
2 0.996426 0.00357407
0 0.00212762 0.997872
2 0.584096 0.415904
2 0.999906 9.3894e-05
2 0.928165 0.0718346
2 0.863549 0.136451
2 0.789715 0.210285
2 0.99561 0.00438993
2 0.7584 0.2416
2 0.992519 0.00748103
2 0.993314 0.00668558
2 0.999784 0.000216327
0 0.0248373 0.975163
2 0.680193 0.319807
0 0.00577367 0.994226
0 0.00424567 0.995754
0 0.429309 0.570691
2 0.54997 0.45003
0 0.000241566 0.999758
0 0.0785285 0.921471
2 0.99363 0.00636993
2 0.91362 0.0863803
2 0.99573 0.00426971
2 0.890613 0.109387
2 0.997037 0.00296295
2 0.911453 0.0885466
2 0.995061 0.00493879
2 0.998758 0.00124178
2 0.899205 0.100795
0 0.341928 0.658072
2 0.756741 0.243259
2 0.704882 0.295118
2 0.720986 0.279014
2 0.999975 2.54133e-05
2 0.998744 0.00125619
2 0.955919 0.0440806
2 0.763884 0.236116
0 2.6678e-05 0.999973
2 0.972932 0.0270678
0 0.237408 0.762592
2 0.998966 0.00103421
2 0.996714 0.00328602
2 0.713087 0.286913
2 0.999904 9.64767e-05
2 0.997577 0.00242282
2 0.992924 0.00707605
0 6.65966e-05 0.999933
2 0.679809 0.320191
2 0.999088 0.000911858
0 0.0160974 0.983903
2 0.913843 0.0861566
2 0.995858 0.00414243
0 0.364905 0.635095
2 0.798286 0.201714
2 0.887587 0.112413
0 0.00560448 0.994396
2 0.997784 0.00221575
2 0.997677 0.00232277
0 9.78391e-07 0.999999
0 0.17468 0.82532
2 0.99997 3.0304e-05
2 0.997689 0.00231141
2 0.992959 0.00704054
2 0.994528 0.00547207
0 2.58794e-05 0.999974
0 0.0367274 0.963273
2 0.944319 0.0556807
2 0.691764 0.308236
2 0.998803 0.0011972
0 1.59246e-05 0.999984
2 0.999196 0.000803672
2 0.992839 0.00716072
0 0.0208264 0.979174
2 0.996567 0.00343339
2 0.99885 0.00114954
2 0.993821 0.00617918
0 0.0376454 0.962355
2 0.622756 0.377244
2 0.994628 0.00537158
0 0.0120055 0.987995
2 0.904331 0.0956689
2 0.622166 0.377834
0 0.338759 0.661241
2 0.994014 0.00598585
2 0.999955 4.52455e-05
0 0.0627131 0.937287
2 0.995819 0.00418102
2 0.996286 0.00371364
2 0.835263 0.164737
2 0.60882 0.39118
2 0.64121 0.35879
2 0.906678 0.093322
0 0.203272 0.796728
0 0.00293003 0.99707
0 0.0123271 0.987673
0 0.0914326 0.908567
0 0.138796 0.861204
2 0.998359 0.00164085
0 0.126679 0.873321
0 0.0582258 0.941774
0 0.478035 0.521965
0 0.171112 0.828888
0 0.389656 0.610344
0 0.348395 0.651605
2 0.997858 0.00214176
2 0.999952 4.79157e-05
2 0.999586 0.0004141
2 0.999975 2.52094e-05
2 0.999954 4.62169e-05
2 0.525828 0.474172
2 0.788168 0.211832
0 0.0299015 0.970098
0 0.00610919 0.993891
2 0.580467 0.419533
2 0.843658 0.156342
2 0.815733 0.184267
2 0.798441 0.201559
2 0.625459 0.374541
2 0.860369 0.139631
2 0.999852 0.000148161
2 0.998253 0.00174696
2 0.998515 0.00148507
0 0.495309 0.504691
0 0.00594947 0.994051
2 0.996383 0.00361667
0 0.386074 0.613926
2 0.991501 0.00849867
0 0.0878772 0.912123
2 0.633002 0.366998
0 0.00639723 0.993603
2 0.757856 0.242144
0 4.85683e-06 0.999995
2 0.999997 2.74809e-06
2 0.819138 0.180862
2 0.572996 0.427004
2 0.999223 0.000776931
0 0.00394174 0.996058
2 0.999946 5.43875e-05
0 0.22413 0.77587
2 0.825076 0.174924
2 0.99882 0.00118026
0 0.440772 0.559228
2 0.761582 0.238418
2 0.836515 0.163485
2 0.997179 0.00282067
2 0.81836 0.18164
2 0.999439 0.000560925
0 4.90268e-05 0.999951
0 0.0487849 0.951215
2 0.503314 0.496686
0 0.314177 0.685823
0 0.00178575 0.998214
2 0.921165 0.0788352
2 0.71992 0.28008
2 0.973968 0.0260325
0 0.000965685 0.999034
2 0.844707 0.155293
2 0.995394 0.00460597
2 0.998552 0.00144774
2 0.995768 0.00423233
0 0.0835849 0.916415
2 0.99773 0.00226956
0 0.00203022 0.99797
2 0.995545 0.00445543
0 4.49526e-07 1
0 0.117776 0.882224
2 0.992246 0.00775354
2 0.994664 0.00533589
0 0.0696682 0.930332
2 0.998767 0.00123324
0 0.000100301 0.9999
0 0.32907 0.67093
2 0.997543 0.00245722
2 0.820821 0.179179
0 0.00400111 0.995999
0 0.0960175 0.903982
2 0.995415 0.00458526
2 0.94377 0.0562301
0 0.0618153 0.938185
2 0.998372 0.00162844
0 0.0437787 0.956221
0 0.0109143 0.989086
2 0.811171 0.188829
0 0.0308758 0.969124
2 0.594937 0.405063
2 0.805627 0.194373
2 0.680418 0.319582
0 0.332496 0.667504
0 5.62109e-05 0.999944
0 3.97416e-05 0.99996
0 0.367246 0.632754
2 0.995443 0.00455682
2 0.589455 0.410545
0 0.123877 0.876123
2 0.637113 0.362887
0 0.00448545 0.995515
2 0.937564 0.0624357
2 0.85122 0.14878
0 0.0605193 0.939481
2 0.846694 0.153306
0 5.80905e-05 0.999942
0 9.81408e-05 0.999902
2 0.656064 0.343936
0 0.00348045 0.99652
0 0.125936 0.874064
2 0.999943 5.74735e-05
2 0.999652 0.00034791
0 0.0143852 0.985615
2 0.536981 0.463019
0 0.00619676 0.993803
2 0.841572 0.158428
2 0.993161 0.00683926
2 0.700448 0.299552
2 0.580144 0.419856
2 0.911823 0.0881772
2 0.996912 0.00308827
2 0.997873 0.00212708
2 0.999534 0.000465621
0 0.000147008 0.999853
2 0.999744 0.00025557
0 0.384734 0.615266
0 0.332149 0.667851
0 0.0661019 0.933898
0 0.0164278 0.983572
2 0.754186 0.245814
0 0.00252961 0.99747
0 0.000364662 0.999635
0 0.00171992 0.99828
0 0.443599 0.556401
2 0.891443 0.108557
2 0.988593 0.011407
2 0.998502 0.00149763
2 0.731024 0.268976
2 0.739788 0.260212
0 0.106669 0.893331
2 0.994363 0.00563657
0 4.79201e-07 1
0 4.66732e-05 0.999953
2 0.589445 0.410555
