labels 10 2
10 1 1e-07
10 1 1e-07
10 1 1e-07
10 1 1e-07
10 1 1e-07
10 0.999985 1.53876e-05
10 1 1e-07
10 0.99983 0.000170336
10 1 1e-07
10 1 1e-07
10 1 1e-07
10 1 1e-07
2 0.0947874 0.905213
10 1 1e-07
10 1 1e-07
10 1 1e-07
10 1 1e-07
10 0.999133 0.000866541
10 1 1e-07
10 0.859245 0.140755
10 1 1e-07
10 1 1e-07
10 0.999997 2.88574e-06
10 1 1e-07
10 1 1e-07
10 1 1e-07
10 1 1e-07
10 1 1e-07
10 1 1e-07
10 0.999045 0.000955112
10 0.999749 0.00025141
10 1 1e-07
10 1 1e-07
10 1 1e-07
10 1 1e-07
10 0.997867 0.00213324
10 0.984472 0.0155282
10 1 1e-07
10 1 1e-07
10 0.999777 0.000223071
10 1 1e-07
10 1 1e-07
10 1 1e-07
10 1 1e-07
10 1 1e-07
10 1 1e-07
2 0.00234518 0.997655
10 1 1e-07
10 1 1e-07
10 1 1e-07
10 0.999908 9.17947e-05
10 1 1e-07
10 1 1e-07
10 1 1e-07
10 0.992681 0.00731877
2 0.0343492 0.965651
10 0.999061 0.000938895
10 1 1e-07
10 1 1e-07
10 1 1e-07
10 1 1e-07
10 1 1e-07
10 1 1e-07
2 0.00980129 0.990199
10 1 1e-07
10 1 1e-07
10 1 1e-07
10 1 1e-07
10 1 1e-07
10 1 1e-07
10 1 1e-07
10 1 1e-07
10 0.992559 0.00744125
10 0.999981 1.94969e-05
10 0.93106 0.0689402
10 1 1e-07
10 1 1e-07
10 1 3.85377e-07
10 1 1e-07
10 1 1e-07
10 1 1e-07
10 1 1e-07
10 1 1e-07
10 1 2.56682e-07
10 1 1e-07
10 0.998487 0.00151264
2 0.0616423 0.938358
10 1 1e-07
10 0.999985 1.53679e-05
10 1 1e-07
10 1 1e-07
10 0.998829 0.00117074
10 0.999999 5.2483e-07
10 1 1e-07
2 0.00767188 0.992328
10 1 1.39586e-07
10 1 1e-07
10 1 1e-07
10 0.999389 0.000611323
10 1 1e-07
10 1 1e-07
10 1 1e-07
10 1 1e-07
10 0.998948 0.00105186
10 0.999998 1.5945e-06
10 1 1e-07
10 1 1e-07
10 0.995214 0.00478645
10 1 1e-07
10 0.999999 1.01722e-06
10 0.999999 1.28908e-06
10 1 1e-07
10 1 1e-07
10 0.999977 2.34771e-05
10 1 1.69064e-07
10 0.948574 0.0514258
10 1 1e-07
10 1 1e-07
10 1 1e-07
10 0.991256 0.00874368
10 1 1e-07
10 1 1e-07
10 1 1e-07
10 1 1e-07
10 1 1e-07
2 0.17716 0.82284
10 1 1e-07
10 1 1e-07
10 1 1e-07
10 0.997378 0.00262249
10 1 1e-07
10 0.999999 1.04015e-06
10 1 1e-07
10 0.999978 2.18689e-05
10 0.997475 0.00252464
2 0.0648371 0.935163
10 0.999966 3.42086e-05
10 1 1e-07
10 1 1e-07
2 0.231548 0.768452
10 1 1e-07
10 0.995754 0.00424614
2 0.0187867 0.981213
10 1 1e-07
10 1 1e-07
2 0.0477133 0.952287
2 0.121689 0.878311
10 0.999998 1.97581e-06
10 0.999992 7.8213e-06
10 0.999938 6.21819e-05
10 1 1e-07
10 0.742327 0.257673
10 0.999977 2.30945e-05
10 1 1e-07
2 0.00856396 0.991436
10 1 1e-07
2 0.0360653 0.963935
10 0.998969 0.00103087
10 1 1e-07
10 0.999913 8.73244e-05
10 1 1e-07
10 1 1e-07
10 0.999997 2.94685e-06
10 1 1e-07
2 0.0826161 0.917384
10 0.999371 0.00062885
10 0.899788 0.100212
10 0.920738 0.0792618
10 1 1e-07
10 1 1e-07
10 1 1e-07
2 0.15575 0.84425
10 1 1e-07
10 1 1e-07
10 1 1e-07
10 1 1e-07
10 1 1e-07
10 0.999344 0.000655893
10 1 1e-07
10 1 1e-07
10 1 1e-07
10 0.999998 1.77775e-06
10 1 1e-07
10 1 1e-07
2 0.0468624 0.953138
10 1 1e-07
10 0.995084 0.00491643
10 1 1e-07
10 1 1e-07
10 0.999999 6.49378e-07
2 0.0077835 0.992217
10 1 1e-07
10 0.963934 0.0360662
10 1 1e-07
2 0.000896577 0.999103
10 1 1e-07
10 1 1e-07
10 0.999996 3.59139e-06
10 1 1e-07
10 1 1e-07
10 1 1e-07
10 0.999991 9.16299e-06
2 0.458698 0.541302
10 0.999993 7.43086e-06
2 0.0393805 0.96062
10 1 1e-07
10 1 1e-07
10 0.999998 1.87542e-06
10 1 1e-07
10 0.999969 3.1484e-05
10 1 1e-07
10 1 1e-07
10 1 1e-07
10 0.996505 0.00349524
2 0.128715 0.871285
2 0.0205976 0.979402
2 0.000559738 0.99944
10 1 1.85457e-07
10 1 1e-07
10 0.999917 8.28045e-05
10 1 1e-07
10 1 1e-07
10 1 1e-07
10 1 1e-07
10 0.99447 0.00553016
10 1 1e-07
10 1 1e-07
2 0.00283858 0.997161
2 0.013345 0.986655
10 1 1e-07
10 1 1e-07
10 1 1e-07
10 1 1e-07
10 0.999705 0.000295416
2 0.0271085 0.972892
10 1 3.18883e-07
10 1 1e-07
10 1 1e-07
10 1 1e-07
10 1 1e-07
10 1 1e-07
10 1 1e-07
10 1 1e-07
10 0.999991 8.54895e-06
10 1 1e-07
10 1 1.17792e-07
2 0.2269 0.7731
10 1 1e-07
10 1 1e-07
2 0.00472578 0.995274
10 1 1e-07
10 0.999951 4.8689e-05
10 1 1e-07
2 0.0113972 0.988603
10 1 1e-07
10 1 1e-07
2 0.0125949 0.987405
10 1 1e-07
10 1 1e-07
10 0.999952 4.77183e-05
10 1 1e-07
10 1 1e-07
10 1 2.04462e-07
10 0.999998 1.93083e-06
10 1 1e-07
10 1 1e-07
10 1 1.82305e-07
10 1 1e-07
2 0.00356776 0.996432
10 1 1e-07
10 1 1e-07
10 0.999848 0.000151873
10 0.99978 0.000220053
10 1 1e-07
10 0.999821 0.000178716
10 0.999977 2.32119e-05
10 1 1e-07
10 0.999996 3.77631e-06
2 0.00936817 0.990632
10 0.99993 6.9601e-05
10 0.997775 0.00222492
10 1 4.84302e-07
2 0.00704198 0.992958
2 0.111227 0.888773
10 1 1e-07
10 1 1e-07
10 0.999999 5.02537e-07
10 1 1e-07
10 0.999999 6.72921e-07
10 0.774346 0.225654
10 1 1e-07
10 0.972168 0.0278322
10 1 1e-07
2 0.0201529 0.979847
10 1 1e-07
10 1 1e-07
10 1 1e-07
10 1 1e-07
10 1 2.23395e-07
10 0.999845 0.00015501
10 1 1e-07
10 1 1e-07
10 0.999994 5.78567e-06
10 1 1e-07
10 0.999998 1.91333e-06
10 1 1e-07
10 0.999883 0.000116897
10 1 1e-07
10 1 1e-07
10 1 1e-07
10 1 1e-07
10 1 1e-07
10 0.999232 0.000768109
10 1 2.92587e-07
2 0.0810833 0.918917
10 1 1e-07
10 1 1e-07
10 1 1e-07
10 1 1e-07
10 0.891374 0.108626
10 1 1e-07
10 1 1e-07
10 1 1e-07
10 1 1e-07
10 1 1e-07
10 0.999554 0.0004465
10 1 1e-07
10 1 1e-07
10 1 1e-07
10 1 1e-07
10 1 1e-07
10 0.999939 6.08664e-05
10 1 1.31116e-07
2 0.0037797 0.99622
10 1 1e-07
10 1 1e-07
10 1 1e-07
10 0.999959 4.13416e-05
10 1 1e-07
10 0.999969 3.14111e-05
10 1 1e-07
10 1 1e-07
10 1 1e-07
10 1 1e-07
10 0.864678 0.135322
10 1 1e-07
10 0.999999 8.1023e-07
10 0.999999 8.25078e-07
10 1 1e-07
10 1 1e-07
10 1 1e-07
2 0.0174747 0.982525
10 1 1e-07
10 1 1e-07
2 0.0457621 0.954238
10 1 1e-07
10 1 1e-07
10 0.999272 0.000727958
10 1 1e-07
10 1 1e-07
10 0.99999 9.50148e-06
2 0.0167429 0.983257
2 0.115201 0.884799
10 0.998371 0.00162901
10 1 1e-07
10 0.982482 0.0175178
10 0.999998 2.47826e-06
10 0.999902 9.7836e-05
10 0.999998 1.54159e-06
10 1 1e-07
10 0.999888 0.000111893
10 1 1e-07
10 0.995996 0.00400359
10 1 1e-07
2 0.000230564 0.999769
10 1 1e-07
10 1 1e-07
10 1 1e-07
10 1 1e-07
10 1 1e-07
10 1 1e-07
10 0.998638 0.00136165
10 1 1e-07
10 1 1e-07
10 0.996785 0.00321549
10 1 1e-07
10 0.999999 8.54266e-07
10 1 1e-07
10 0.999865 0.000135073
10 1 1.09397e-07
10 1 1e-07
10 0.997902 0.00209824
10 1 3.20019e-07
10 1 1e-07
10 0.999933 6.7004e-05
10 0.999999 5.11542e-07
10 1 1e-07
10 1 1e-07
10 1 1e-07
10 0.999115 0.000884878
10 0.999996 3.53311e-06
10 1 1e-07
2 0.227409 0.772591
10 1 1e-07
10 1 1e-07
10 0.999999 5.75641e-07
10 1 1e-07
10 1 3.49427e-07
10 0.999944 5.60504e-05
10 1 1e-07
2 0.083443 0.916557
10 1 1e-07
10 0.797508 0.202492
10 1 1e-07
10 1 1e-07
10 1 1e-07
10 1 1e-07
2 0.0121042 0.987896
10 1 3.56297e-07
10 1 1e-07
10 1 1e-07
10 0.999999 8.24172e-07
10 1 1e-07
10 1 1e-07
10 1 1e-07
10 1 1e-07
10 1 1e-07
10 1 1e-07
10 1 1e-07
10 1 1e-07
10 1 1e-07
10 1 1e-07
10 0.998873 0.00112651
10 1 2.56856e-07
10 1 1e-07
10 1 1e-07
2 0.0697135 0.930287
10 1 4.22546e-07
10 0.999968 3.16468e-05
10 1 1e-07
10 1 1e-07
10 1 1e-07
10 1 1e-07
10 0.982186 0.0178138
2 0.0389584 0.961042
10 0.959823 0.0401773
10 1 3.2963e-07
10 1 1e-07
10 0.999996 4.38209e-06
10 0.907966 0.0920343
10 1 1e-07
10 1 1e-07
10 1 4.7407e-07
10 1 1e-07
10 0.959134 0.0408657
10 1 1e-07
10 1 1e-07
10 1 1e-07
2 0.130181 0.869819
10 1 1e-07
10 1 1e-07
10 1 1e-07
10 1 1e-07
10 0.995714 0.00428598
2 0.0673313 0.932669
10 1 1e-07
10 1 1e-07
10 1 1e-07
10 0.999845 0.000155107
10 1 1e-07
2 0.000432959 0.999567
10 1 1e-07
10 1 1e-07
10 1 1e-07
10 1 1e-07
10 1 1e-07
10 1 1e-07
10 1 1e-07
10 0.979924 0.0200762
10 1 1e-07
10 1 1e-07
10 0.991886 0.00811429
10 1 1e-07
10 0.999441 0.000558634
10 0.999999 5.29432e-07
10 1 1e-07
10 1 1e-07
10 0.999999 1.03636e-06
10 1 1e-07
10 1 1e-07
10 0.959244 0.0407562
10 1 1e-07
10 1 1e-07
10 1 1e-07
10 1 1e-07
2 0.00563692 0.994363
10 1 1e-07
10 0.999917 8.33184e-05
10 1 1e-07
10 0.997758 0.00224196
10 1 1e-07
10 1 1e-07
10 1 1e-07
10 1 1e-07
10 1 2.34949e-07
10 1 3.19009e-07
10 0.999998 2.30439e-06
10 1 1e-07
10 1 1e-07
10 1 1e-07
10 0.999993 7.2324e-06
10 0.999947 5.29757e-05
10 1 1e-07
10 1 1e-07
10 1 1e-07
2 0.0406829 0.959317
10 0.999998 2.14081e-06
10 1 1e-07
10 1 1e-07
10 1 1e-07
10 1 1e-07
10 1 1e-07
10 1 1e-07
10 1 1e-07
10 1 1e-07
10 1 1e-07
10 1 1e-07
10 1 1e-07
10 0.999987 1.26631e-05
10 1 1e-07
10 0.999843 0.000156751
2 0.0236002 0.9764
2 0.0134978 0.986502
10 1 1e-07
2 3.5609e-05 0.999964
10 0.999026 0.000974456
10 1 1e-07
10 1 1e-07
10 1 1e-07
10 1 1e-07
10 0.999999 7.90166e-07
10 1 1e-07
10 1 1e-07
10 0.998169 0.00183078
10 0.999997 2.68286e-06
10 1 1e-07
10 1 4.32265e-07
10 0.999823 0.000176801
10 1 1e-07
10 1 1e-07
10 1 1e-07
10 1 1e-07
10 0.888765 0.111235
10 1 1e-07
10 1 1e-07
10 1 1e-07
2 0.00538567 0.994614
10 0.981687 0.018313
10 1 1e-07
10 1 1e-07
10 1 1e-07
10 1 1e-07
10 1 1e-07
10 1 1e-07
10 1 1e-07
10 1 1e-07
10 1 1e-07
10 1 1e-07
10 0.996781 0.00321898
10 1 1e-07
10 1 1e-07
10 1 1e-07
10 1 1e-07
2 0.00806337 0.991937
10 0.99908 0.000920369
10 1 1e-07
10 1 1e-07
2 0.0194525 0.980548
10 1 1e-07
10 1 1e-07
2 0.0220885 0.977912
10 0.999999 6.40155e-07
10 1 1e-07
10 1 1e-07
10 1 1e-07
10 0.987167 0.0128331
10 1 1e-07
10 1 1e-07
2 0.0262971 0.973703
2 0.0275506 0.972449
10 1 1e-07
10 1 1e-07
10 1 1e-07
10 1 1e-07
10 1 1e-07
10 1 1e-07
10 1 1e-07
10 1 1e-07
10 0.917341 0.0826586
10 1 1e-07
10 1 1e-07
10 1 1e-07
10 1 1e-07
10 1 1e-07
2 0.00894051 0.991059
10 0.999999 9.49052e-07
10 1 1e-07
10 1 1e-07
10 1 1e-07
10 1 1e-07
10 1 1e-07
10 0.999968 3.24052e-05
10 0.999995 5.14457e-06
10 1 1.01622e-07
10 1 1e-07
10 0.999984 1.62233e-05
2 0.0688375 0.931163
10 0.999921 7.92996e-05
10 1 1e-07
10 1 1e-07
10 1 1e-07
10 1 1e-07
10 1 1e-07
10 1 1e-07
2 0.0101399 0.98986
10 1 1e-07
10 1 1e-07
10 1 1e-07
10 0.999995 4.93762e-06
10 1 1e-07
10 0.997781 0.00221948
10 1 1e-07
10 1 1e-07
10 1 1e-07
2 0.00214857 0.997851
10 1 1e-07
10 1 1e-07
2 0.00734552 0.992654
10 1 1e-07
10 1 1e-07
10 1 1e-07
10 1 1e-07
10 0.998585 0.00141531
10 1 1e-07
10 0.999929 7.10512e-05
10 1 1.19072e-07
10 1 1e-07
10 0.984838 0.0151619
10 1 1.99325e-07
10 1 1e-07
10 1 1e-07
10 0.999947 5.27393e-05
10 1 1e-07
2 0.00920455 0.990795
10 1 1e-07
10 1 1e-07
10 1 1e-07
2 0.00894323 0.991057
10 1 1e-07
10 0.99998 1.95268e-05
10 1 1e-07
10 0.817153 0.182847
10 1 1e-07
10 1 1e-07
10 1 1e-07
10 1 1e-07
10 1 1e-07
10 0.999998 1.78081e-06
10 1 1e-07
10 1 1e-07
10 1 1e-07
2 0.00718296 0.992817
10 1 1e-07
10 1 1e-07
10 1 1e-07
10 1 1e-07
10 1 1e-07
2 0.263415 0.736585
10 1 1e-07
10 1 1e-07
10 0.999993 7.10802e-06
10 1 1e-07
10 0.99994 6.0469e-05
10 1 1e-07
10 1 1e-07
10 0.999626 0.000374278
10 0.974756 0.0252439
10 0.999999 1.1545e-06
2 0.0277062 0.972294
10 0.991892 0.00810843
10 1 1e-07
2 0.100859 0.899141
10 0.999999 1.05862e-06
10 0.998585 0.00141491
10 1 1e-07
10 1 1e-07
10 0.998688 0.00131151
10 1 1e-07
10 0.925199 0.0748014
10 1 1e-07
10 1 1e-07
10 1 1e-07
10 1 1e-07
10 1 1e-07
10 1 1e-07
10 1 1e-07
10 0.999997 2.73712e-06
10 0.999974 2.59093e-05
10 1 1e-07
10 1 1e-07
10 1 1e-07
10 1 1e-07
10 1 1e-07
2 0.0591029 0.940897
10 1 1e-07
2 0.0353565 0.964644
10 1 1e-07
10 1 1.7554e-07
10 1 1e-07
10 1 1e-07
10 1 1e-07
10 1 1e-07
10 1 1e-07
10 0.941624 0.0583761
10 1 1e-07
10 0.999933 6.66697e-05
10 1 1e-07
2 0.0154985 0.984502
10 1 1e-07
10 1 1e-07
10 1 1e-07
10 0.999447 0.000552794
2 0.0123002 0.9877
10 1 1e-07
10 0.999853 0.000147321
10 0.999984 1.62371e-05
2 0.102049 0.897951
10 1 1e-07
10 1 4.25977e-07
10 1 1e-07
10 1 1e-07
10 1 1e-07
10 1 1e-07
10 1 1e-07
10 1 1e-07
10 1 1e-07
10 1 1e-07
10 1 1e-07
10 0.999999 8.1972e-07
10 1 1e-07
10 1 1e-07
2 0.0156066 0.984393
10 1 1e-07
10 1 1e-07
10 0.99983 0.000169742
10 1 1e-07
10 1 1e-07
10 1 2.27692e-07
10 0.999997 2.70596e-06
10 0.997666 0.00233356
10 1 1e-07
10 1 1e-07
10 0.999863 0.000137161
10 1 1e-07
10 0.999999 6.89669e-07
10 1 1e-07
10 1 1e-07
10 1 1e-07
10 1 1e-07
10 1 1e-07
10 1 1e-07
10 1 1e-07
10 1 1e-07
10 0.999919 8.10414e-05
10 0.999999 9.82478e-07
2 0.306197 0.693803
10 0.999991 8.74886e-06
10 0.999009 0.000991181
10 1 1e-07
10 1 1e-07
10 1 1e-07
10 1 1e-07
10 1 1e-07
2 0.0322339 0.967766
10 0.999998 1.61096e-06
10 0.999993 7.02017e-06
10 1 1e-07
10 0.999055 0.000945336
10 1 1e-07
10 1 4.30098e-07
10 1 1e-07
10 1 1e-07
10 1 1e-07
10 1 1e-07
10 1 1e-07
10 1 1e-07
10 1 1e-07
2 0.0149468 0.985053
10 1 1e-07
10 1 1e-07
10 1 1e-07
10 1 1e-07
10 1 1e-07
10 1 1e-07
10 1 1e-07
10 1 1e-07
10 1 1e-07
10 1 1e-07
10 1 1e-07
10 1 1e-07
10 0.891161 0.108839
10 1 1e-07
10 1 1e-07
10 0.999999 6.3536e-07
10 1 1e-07
10 1 1e-07
10 1 1e-07
10 1 1e-07
10 1 1e-07
10 1 1e-07
2 0.0600185 0.939982
10 1 1e-07
10 1 1e-07
10 1 1e-07
10 1 1e-07
10 0.999999 6.20513e-07
10 1 1e-07
2 0.00334906 0.996651
10 1 1e-07
10 1 1e-07
10 1 1e-07
10 1 1.25519e-07
2 0.104665 0.895335
10 0.996501 0.00349889
10 1 1e-07
10 0.999999 1.4316e-06
10 1 1e-07
10 1 1e-07
2 0.0132747 0.986725
10 1 1e-07
10 1 1e-07
10 1 1e-07
10 0.999995 4.87699e-06
10 1 1e-07
10 1 1e-07
10 1 1e-07
10 0.987634 0.0123655
10 1 1e-07
10 1 1e-07
10 0.993507 0.00649307
10 1 1e-07
2 0.0128787 0.987121
10 1 1e-07
10 1 1e-07
10 1 1e-07
10 1 1e-07
10 1 1e-07
10 0.999961 3.90662e-05
2 0.00959734 0.990403
10 1 1e-07
10 0.999356 0.000644333
10 1 1e-07
10 1 1e-07
10 1 1e-07
10 0.996277 0.00372323
10 1 1e-07
10 0.999547 0.000453151
10 0.999766 0.000234328
10 1 1e-07
10 1 1e-07
10 0.999998 1.83139e-06
10 1 1e-07
10 1 1e-07
10 1 1e-07
10 1 1e-07
10 1 1e-07
10 1 1e-07
2 0.0129674 0.987033
2 0.0150349 0.984965
2 0.0299962 0.970004
10 1 1e-07
10 1 1e-07
10 1 1.31536e-07
10 1 1e-07
10 1 1e-07
10 1 1e-07
2 0.141137 0.858863
10 0.999995 4.95968e-06
10 1 1e-07
2 0.0410074 0.958993
10 1 1e-07
10 1 1e-07
10 0.810357 0.189643
10 1 1e-07
10 1 1e-07
10 0.999977 2.33042e-05
10 0.999991 8.52867e-06
10 1 1e-07
10 1 1e-07
2 0.0045666 0.995433
10 1 1e-07
10 0.999942 5.77164e-05
10 1 1e-07
10 1 1e-07
10 0.999422 0.00057776
10 1 1e-07
10 1 1e-07
10 1 1e-07
10 1 1e-07
2 0.00608105 0.993919
10 1 1e-07
10 1 1e-07
10 1 1e-07
2 0.00166359 0.998336
10 1 1e-07
10 0.999988 1.18738e-05
10 0.999457 0.000543029
10 0.994986 0.00501373
10 1 1e-07
10 0.999984 1.55244e-05
10 1 1e-07
10 1 1e-07
10 1 1e-07
10 1 1e-07
10 1 1e-07
10 1 1e-07
10 1 1e-07
10 1 1e-07
10 1 1e-07
10 1 1e-07
10 0.96776 0.03224
10 1 1e-07
10 1 1e-07
2 0.0406431 0.959357
10 1 1.75927e-07
10 0.997231 0.0027686
10 1 1e-07
10 1 1.66855e-07
10 0.999996 4.03333e-06
2 0.00644055 0.993559
10 1 1e-07
10 1 1e-07
10 1 1e-07
10 0.9996 0.000399663
10 1 3.90681e-07
2 0.190811 0.809189
10 1 1e-07
10 0.999997 3.43782e-06
10 1 1e-07
10 0.999999 9.55923e-07
10 1 1.04294e-07
10 0.999999 6.27334e-07
10 0.985052 0.0149476
10 0.999137 0.000863018
10 1 1e-07
10 1 1e-07
10 0.999596 0.000404119
10 1 1e-07
10 1 1e-07
10 1 1e-07
2 0.0697131 0.930287
10 1 1e-07
10 0.999971 2.90618e-05
10 1 1e-07
10 1 1e-07
10 0.999972 2.82928e-05
10 0.999997 2.67768e-06
2 9.67275e-05 0.999903
2 0.19697 0.80303
10 1 1e-07
2 0.000440389 0.99956
2 0.00473136 0.995269
10 1 1e-07
2 0.00356748 0.996433
10 1 1e-07
10 0.94543 0.0545696
10 1 1e-07
10 1 1e-07
10 0.9999 0.000100459
10 1 1e-07
10 1 1e-07
10 1 1e-07
10 1 1e-07
10 1 1e-07
10 0.999982 1.7755e-05
10 1 1e-07
10 1 1e-07
2 0.0193549 0.980645
10 1 1e-07
10 1 1e-07
10 0.872904 0.127096
10 1 1e-07
10 1 1e-07
10 1 1e-07
10 1 1e-07
10 1 1e-07
10 0.999981 1.88843e-05
10 1 1e-07
10 0.978366 0.0216344
10 1 1e-07
10 1 1e-07
2 0.0101431 0.989857
10 1 1.62929e-07
10 1 1e-07
10 1 1e-07
10 1 1e-07
10 0.999846 0.000154143
10 1 1e-07
10 1 1e-07
2 8.71378e-05 0.999913
2 0.0180604 0.98194
10 1 1e-07
10 1 1e-07
10 1 1e-07
10 0.983233 0.0167666
10 1 1e-07
10 1 1e-07
10 0.954648 0.045352
10 0.999995 4.91416e-06
10 1 1e-07
10 1 1e-07
10 1 1e-07
10 1 1e-07
10 1 1e-07
10 1 1e-07
10 0.999998 2.30232e-06
10 0.999999 8.20823e-07
10 1 1e-07
10 1 1e-07
10 0.998569 0.00143077
10 1 1e-07
2 0.022664 0.977336
2 0.036852 0.963148
10 1 1e-07
10 1 1e-07
10 1 1e-07
10 0.998643 0.00135745
2 0.00365133 0.996349
10 1 1e-07
10 0.999941 5.88056e-05
10 1 1e-07
10 1 1e-07
10 1 1e-07
10 1 1e-07
10 1 1e-07
2 0.00271185 0.997288
2 0.019264 0.980736
10 1 1e-07
10 1 1e-07
10 1 1e-07
2 0.245422 0.754578
10 1 1e-07
10 1 1e-07
2 0.0776872 0.922313
10 1 1e-07
2 0.03966 0.96034
10 0.980274 0.0197256
10 1 1e-07
10 1 1e-07
10 1 1e-07
10 1 1e-07
10 0.999993 7.45502e-06
10 1 1e-07
10 1 1e-07
10 1 1e-07
10 1 1e-07
10 1 1e-07
10 0.999775 0.00022532
10 1 1e-07
10 1 1e-07
10 1 1e-07
10 1 1e-07
10 1 1e-07
10 1 1e-07
10 1 1e-07
10 1 1e-07
10 1 1e-07
10 0.946187 0.0538131
10 1 1e-07
10 1 1e-07
10 1 1e-07
10 0.99998 1.98009e-05
10 1 1e-07
10 1 1e-07
10 1 1e-07
10 1 1e-07
10 1 1e-07
10 1 1e-07
10 1 1e-07
10 1 1e-07
10 1 1e-07
2 0.232714 0.767286
10 1 1e-07
10 1 1e-07
10 1 1e-07
10 1 1e-07
10 1 1e-07
10 0.999951 4.92295e-05
2 0.10137 0.89863
10 0.999919 8.05518e-05
2 0.00267236 0.997328
10 0.99998 2.03841e-05
10 1 1e-07
2 0.00180419 0.998196
10 1 1e-07
10 0.999982 1.7574e-05
10 1 1e-07
10 1 1e-07
2 0.0267619 0.973238
10 1 1.1122e-07
10 1 1e-07
10 1 1e-07
10 1 1e-07
10 1 1e-07
10 0.996876 0.00312431
10 1 1e-07
10 1 1e-07
10 0.999957 4.34963e-05
2 0.00746958 0.99253
10 1 1e-07
10 0.986482 0.013518
10 1 1e-07
10 1 1e-07
10 0.613699 0.386301
10 1 1e-07
10 1 1e-07
10 1 1e-07
2 0.0137315 0.986269
10 0.999768 0.000231538
10 1 1e-07
10 1 1e-07
10 0.999457 0.000543186
10 0.999739 0.000260889
2 0.0115168 0.988483
10 0.99884 0.00115958
10 1 1e-07
10 1 1e-07
10 0.999988 1.17089e-05
10 1 1e-07
10 1 1e-07
10 1 1e-07
10 1 1e-07
10 0.999173 0.000827057
10 1 1e-07
10 1 1e-07
10 1 1e-07
10 1 1e-07
2 0.00246389 0.997536
10 0.9998 0.000200208
10 1 1e-07
10 1 1e-07
10 0.999993 6.57559e-06
10 1 1e-07
10 1 1e-07
10 1 1e-07
10 1 1e-07
10 1 1e-07
10 0.999392 0.00060836
10 1 1e-07
10 1 1e-07
10 1 1e-07
10 1 1e-07
10 1 1e-07
10 1 1e-07
10 0.966413 0.0335874
10 1 1e-07
2 0.0119021 0.988098
10 1 1e-07
10 1 1e-07
10 1 1e-07
10 1 1e-07
10 1 1e-07
2 0.00931318 0.990687
10 1 1e-07
10 0.999938 6.20532e-05
10 1 1e-07
10 1 1e-07
10 1 1e-07
2 0.00285086 0.997149
10 0.967542 0.0324585
2 0.0497244 0.950276
2 0.00140746 0.998593
2 0.0210197 0.97898
2 0.0581101 0.94189
10 1 3.45438e-07
10 1 1e-07
10 1 1.12345e-07
10 1 1e-07
2 0.00191584 0.998084
10 1 1.22504e-07
2 0.0141435 0.985856
10 1 1e-07
2 0.000567364 0.999433
10 1 1e-07
10 1 1e-07
2 0.00942208 0.990578
10 1 1e-07
10 1 1e-07
10 1 1e-07
10 1 1e-07
10 1 1e-07
10 1 1e-07
10 0.999997 2.99527e-06
10 0.998797 0.00120303
10 0.999988 1.21175e-05
10 0.999993 7.02998e-06
10 1 1e-07
10 1 1e-07
10 1 1e-07
2 0.0368579 0.963142
10 1 1e-07
10 1 1e-07
10 0.999933 6.69355e-05
10 1 1e-07
2 0.00164465 0.998355
10 1 1e-07
10 1 1e-07
10 0.999999 9.60295e-07
10 1 1e-07
10 1 1e-07
10 1 1e-07
2 0.0113277 0.988672
10 1 1e-07
10 1 1e-07
10 0.999946 5.42874e-05
10 1 1e-07
2 0.119965 0.880035
10 0.999998 2.45739e-06
10 1 1e-07
10 0.999993 7.48214e-06
10 0.999999 8.08282e-07
10 0.999999 6.09643e-07
10 1 1e-07
2 0.396652 0.603348
10 1 1e-07
10 1 1e-07
2 0.0158573 0.984143
10 1 1e-07
10 1 1e-07
10 1 1e-07
2 0.01579 0.98421
2 0.222753 0.777247
2 0.00467006 0.99533
10 0.714029 0.285971
10 1 1e-07
10 1 1e-07
2 0.171073 0.828927
10 0.999923 7.67873e-05
10 1 1e-07
10 1 1e-07
10 1 4.11374e-07
10 1 1e-07
10 0.98896 0.0110399
10 1 1e-07
10 1 1e-07
10 0.907387 0.092613
10 1 1e-07
2 0.0345939 0.965406
10 1 1.4509e-07
2 0.361146 0.638854
10 1 1e-07
10 0.999976 2.42724e-05
2 0.00471658 0.995283
10 1 1e-07
10 1 1e-07
10 1 1e-07
10 0.982853 0.0171466
10 1 1e-07
10 1 1e-07
10 1 1e-07
2 0.0427373 0.957263
10 1 1e-07
10 1 1e-07
10 1 1e-07
10 1 1e-07
10 1 1e-07
10 1 1e-07
10 1 1.67177e-07
10 1 1e-07
10 1 1e-07
10 1 2.57585e-07
10 1 1.68841e-07
10 1 1e-07
10 1 1e-07
10 1 1e-07
2 0.0400595 0.959941
10 1 1e-07
10 1 1e-07
10 1 1e-07
10 1 1e-07
10 1 1e-07
10 1 1e-07
10 1 1.97073e-07
10 1 1e-07
10 0.794471 0.205529
10 1 1e-07
10 1 1e-07
10 1 1e-07
10 1 1e-07
10 0.999998 2.34811e-06
10 1 1e-07
10 1 1e-07
10 0.999998 1.92193e-06
10 0.99978 0.000219871
10 0.99973 0.000270429
10 1 1e-07
10 0.999959 4.14691e-05
10 1 1e-07
10 1 1e-07
10 1 1e-07
10 1 1e-07
2 0.0115008 0.988499
10 0.999992 7.68873e-06
10 1 1e-07
10 1 1e-07
10 0.999996 4.03606e-06
10 0.999998 1.75034e-06
10 0.999992 7.80351e-06
10 0.999999 1.235e-06
10 1 1e-07
10 1 1e-07
10 1 1e-07
10 1 1e-07
10 0.999823 0.000177263
10 1 1e-07
10 1 1e-07
10 1 1e-07
10 0.907133 0.0928667
10 0.99969 0.000309767
2 0.00952398 0.990476
10 1 3.89949e-07
10 1 1e-07
10 1 1e-07
10 1 1e-07
10 1 1e-07
10 1 1e-07
10 0.99987 0.000129949
10 0.999991 8.83832e-06
10 1 1e-07
10 1 1e-07
10 1 1e-07
2 0.00146718 0.998533
2 0.017327 0.982673
10 1 1e-07
10 1 1e-07
10 1 1e-07
10 0.982593 0.0174074
10 1 1e-07
10 1 1e-07
10 1 1e-07
10 1 1e-07
10 1 1e-07
10 1 1e-07
10 1 1e-07
10 1 1e-07
10 0.999598 0.000402335
2 0.0125828 0.987417
10 1 1e-07
10 1 1e-07
10 0.999999 1.12066e-06
10 1 1e-07
2 0.00154311 0.998457
10 1 1e-07
10 1 1e-07
10 0.597318 0.402682
10 0.997779 0.00222123
10 1 1e-07
10 0.999814 0.000185597
10 1 1e-07
10 1 1e-07
10 1 1e-07
10 1 4.84028e-07
10 1 1e-07
10 1 1e-07
10 1 1e-07
10 0.99223 0.00776978
10 0.999987 1.32966e-05
10 1 1e-07
10 1 1e-07
10 1 1e-07
10 1 1e-07
10 1 1e-07
10 0.999874 0.000126402
10 1 1e-07
10 1 1e-07
10 0.54819 0.45181
10 1 1e-07
10 1 1e-07
10 1 1e-07
10 1 1.54236e-07
10 1 1e-07
10 0.999977 2.30596e-05
10 1 1e-07
10 1 1e-07
10 1 1e-07
10 0.999809 0.00019143
2 0.0043476 0.995652
10 1 1e-07
10 1 2.62261e-07
10 0.996343 0.00365666
2 0.0925375 0.907463
10 1 1e-07
10 0.999999 9.49305e-07
10 1 1e-07
2 0.00119997 0.9988
2 0.0218993 0.978101
10 1 1e-07
10 1 1e-07
10 1 2.41674e-07
10 1 1e-07
10 1 1e-07
10 1 1e-07
10 0.999994 6.24954e-06
10 0.977048 0.0229524
10 1 1e-07
2 0.0455284 0.954472
10 1 1e-07
10 0.999959 4.08121e-05
10 1 1e-07
10 0.999984 1.55863e-05
10 1 1e-07
10 1 1e-07
10 1 1e-07
10 1 1e-07
10 1 1e-07
10 1 1e-07
10 1 1e-07
10 0.999999 9.87368e-07
10 0.999988 1.17238e-05
10 1 1e-07
10 1 1e-07
2 0.0160097 0.98399
10 1 1e-07
10 1 1e-07
10 1 1e-07
10 1 1e-07
10 0.999984 1.57381e-05
10 1 1e-07
10 0.999991 9.08124e-06
10 1 1e-07
10 0.99997 3.02343e-05
10 1 1e-07
10 1 1e-07
2 0.0864613 0.913539
10 1 1e-07
10 1 1e-07
10 1 1e-07
10 1 1e-07
10 0.999978 2.20091e-05
10 1 1e-07
10 1 1e-07
2 0.0649771 0.935023
10 1 1e-07
10 0.999996 3.95565e-06
10 1 1e-07
10 1 1e-07
10 0.999985 1.54789e-05
10 1 1e-07
10 1 1e-07
2 0.00484731 0.995153
10 1 1e-07
10 1 1e-07
10 1 1e-07
10 1 1e-07
10 1 1e-07
10 1 1e-07
10 0.99989 0.000109583
10 1 1e-07
10 1 1e-07
10 1 4.92694e-07
10 0.99642 0.00358006
2 0.00365968 0.99634
10 0.982486 0.0175137
10 1 1e-07
10 0.997549 0.00245098
2 0.0106391 0.989361
10 1 1e-07
10 1 1e-07
10 0.999977 2.31806e-05
10 1 1e-07
10 1 1e-07
10 1 1e-07
10 1 1.16508e-07
10 1 1e-07
10 0.999281 0.000718582
10 1 1e-07
10 0.999734 0.000266117
10 1 1e-07
10 1 1e-07
2 0.0736293 0.926371
2 0.0377478 0.962252
10 1 1e-07
10 1 1e-07
10 1 1e-07
2 0.0283826 0.971617
10 1 1e-07
10 1 1e-07
10 1 1e-07
10 1 1e-07
10 0.994607 0.00539272
10 1 1e-07
10 1 1e-07
10 1 1e-07
10 1 1e-07
10 1 4.42447e-07
10 1 1e-07
10 1 2.03684e-07
10 1 1e-07
10 1 1e-07
10 1 1e-07
10 0.99997 2.95516e-05
10 1 1e-07
10 1 1e-07
10 0.999998 1.5345e-06
10 1 1e-07
10 1 1e-07
10 1 2.07022e-07
10 1 1e-07
10 1 1e-07
10 0.999972 2.84951e-05
10 1 1e-07
10 1 1e-07
10 0.999609 0.00039137
10 1 1e-07
2 0.0148985 0.985101
10 1 1e-07
10 1 1e-07
10 1 1e-07
10 1 1e-07
2 0.0226339 0.977366
10 1 1e-07
10 0.999998 2.21697e-06
10 0.999736 0.00026417
10 1 1e-07
10 1 1e-07
10 0.969629 0.0303707
10 0.999919 8.13061e-05
10 1 1e-07
10 1 1e-07
2 0.00365764 0.996342
10 1 1e-07
10 1 1e-07
10 1 1e-07
10 1 1e-07
10 1 1e-07
10 1 1e-07
10 0.999993 6.52187e-06
2 0.0124002 0.9876
10 0.999253 0.000746712
10 1 1e-07
10 1 1e-07
10 0.999028 0.00097216
10 1 1e-07
10 1 1.14742e-07
10 1 1e-07
10 1 1e-07
10 0.982219 0.0177813
10 1 1e-07
10 1 1e-07
10 1 1e-07
10 0.99995 5.03989e-05
10 0.999795 0.000204845
10 1 1e-07
10 0.999681 0.000318783
10 1 1e-07
10 1 1e-07
10 1 1e-07
10 0.997233 0.00276655
10 1 2.81853e-07
10 1 1e-07
2 0.00332288 0.996677
10 1 1e-07
10 1 1e-07
10 1 1e-07
10 0.999334 0.00066598
2 0.130691 0.869309
10 1 1e-07
10 1 1e-07
10 1 1e-07
10 1 1e-07
10 1 1e-07
10 1 1e-07
10 0.863297 0.136703
10 1 1e-07
10 1 4.00511e-07
2 0.00410829 0.995892
10 1 1e-07
10 1 1e-07
10 1 1e-07
10 1 1e-07
10 1 1e-07
2 0.00517621 0.994824
10 1 1e-07
10 1 1e-07
10 0.999992 7.7705e-06
10 0.985598 0.0144019
10 1 1e-07
2 0.010619 0.989381
10 1 1e-07
10 1 1e-07
10 1 1e-07
10 1 1e-07
10 1 1e-07
10 1 1e-07
10 1 1e-07
10 0.999855 0.000144772
10 1 1e-07
2 0.0201407 0.979859
10 0.859327 0.140673
10 1 1e-07
10 0.99989 0.000110045
10 1 1e-07
10 0.99998 2.0114e-05
10 0.974681 0.0253191
10 0.99998 2.04677e-05
10 1 4.17046e-07
10 0.999111 0.000889464
10 1 1e-07
10 1 1e-07
10 1 1e-07
10 0.999705 0.000294694
10 1 1e-07
10 1 1e-07
10 1 1e-07
10 1 1e-07
10 1 1e-07
10 1 1e-07
10 1 1e-07
2 0.00721354 0.992786
2 0.029203 0.970797
10 1 1e-07
10 1 1e-07
10 1 1e-07
10 0.992975 0.00702542
10 0.999989 1.08196e-05
10 1 1e-07
10 0.984086 0.0159141
10 1 3.32266e-07
10 1 1e-07
10 1 1e-07
10 0.889113 0.110887
10 1 1e-07
10 0.996091 0.00390881
10 0.999981 1.8752e-05
10 1 1e-07
10 0.999384 0.00061553
10 1 1e-07
10 1 1e-07
10 1 1e-07
2 0.163997 0.836003
10 0.999998 2.42558e-06
10 1 1e-07
2 0.0104901 0.98951
10 1 1e-07
10 1 1e-07
10 0.999999 9.77523e-07
10 1 1e-07
10 1 1e-07
10 1 1e-07
10 0.99998 2.00872e-05
10 1 1e-07
10 1 1e-07
10 1 1e-07
2 0.0211113 0.978889
10 1 1e-07
10 1 1e-07
10 1 1e-07
2 0.010905 0.989095
10 1 1e-07
10 1 1e-07
10 1 1e-07
2 0.18721 0.81279
10 1 1e-07
10 1 1e-07
2 0.000128846 0.999871
10 0.999998 2.22111e-06
10 1 1e-07
10 1 1e-07
2 0.000649834 0.99935
10 1 1e-07
10 1 1e-07
10 1 1e-07
10 1 1e-07
10 0.999779 0.000220581
10 1 1e-07
10 1 1e-07
10 1 1e-07
10 1 1e-07
10 1 1e-07
10 1 1e-07
10 0.999989 1.09218e-05
10 1 1e-07
10 1 1e-07
10 1 1e-07
10 1 1e-07
2 0.09419 0.90581
10 0.995598 0.004402
10 1 1e-07
10 1 1e-07
2 0.0133237 0.986676
10 1 1e-07
10 1 1e-07
10 1 1e-07
10 1 1e-07
10 1 1e-07
2 0.0198722 0.980128
2 0.000607274 0.999393
10 1 1e-07
10 0.999727 0.000273318
2 0.0164091 0.983591
10 0.997936 0.00206416
10 0.98991 0.0100898
10 0.999475 0.000524814
10 0.997248 0.0027518
10 1 1e-07
10 1 1e-07
10 1 1e-07
10 1 1e-07
10 1 1.66846e-07
10 1 1e-07
2 0.000506254 0.999494
10 1 1e-07
10 0.998446 0.00155444
10 0.998913 0.00108688
10 1 1e-07
10 1 1e-07
10 1 1e-07
2 0.000374338 0.999626
10 0.999996 3.96157e-06
10 1 1e-07
10 1 1e-07
10 1 1e-07
10 1 1e-07
10 0.963223 0.0367772
10 1 1e-07
10 1 1e-07
10 1 1e-07
10 1 1e-07
10 1 1e-07
2 0.0649634 0.935037
2 0.0235508 0.976449
10 0.999864 0.000136472
10 1 1e-07
10 1 1e-07
10 1 1e-07
10 1 1e-07
10 0.99968 0.000320269
10 1 1e-07
10 1 1e-07
10 1 1e-07
10 1 1e-07
10 1 1e-07
2 0.0143675 0.985632
10 1 1e-07
10 1 1e-07
10 1 1e-07
10 1 1e-07
10 1 1e-07
10 0.995899 0.00410085
10 0.995335 0.0046645
10 1 4.26426e-07
10 1 1e-07
10 1 1e-07
10 1 1e-07
10 0.994591 0.00540948
10 1 1e-07
10 1 1e-07
10 1 1e-07
10 0.986811 0.0131889
10 0.99998 2.00586e-05
10 1 1e-07
10 1 1e-07
10 0.995647 0.00435256
10 1 1e-07
2 0.0490458 0.950954
2 0.0822926 0.917707
10 1 1e-07
10 1 1e-07
10 0.999976 2.37582e-05
10 1 1e-07
10 0.965828 0.0341724
10 1 1e-07
10 1 1e-07
10 1 1e-07
10 1 1e-07
10 1 1e-07
10 1 1e-07
10 1 2.09666e-07
10 1 1e-07
10 1 1e-07
10 1 1e-07
10 0.999136 0.000863864
10 1 1e-07
10 0.968821 0.0311795
10 1 1e-07
10 1 1e-07
10 1 1e-07
10 0.999994 6.43649e-06
10 0.999924 7.59993e-05
10 1 1e-07
10 1 1e-07
10 0.999759 0.000240752
10 1 1e-07
10 1 1e-07
10 1 1.8202e-07
10 0.999997 3.13949e-06
10 1 1e-07
10 1 1e-07
10 0.99992 8.04661e-05
10 1 4.71811e-07
10 1 1e-07
10 1 1e-07
10 1 1e-07
10 0.999978 2.23227e-05
2 0.0406034 0.959397
10 1 1e-07
10 0.999492 0.000508063
10 0.959955 0.0400453
2 0.0491186 0.950881
10 0.999898 0.000102279
10 1 1e-07
10 1 1e-07
10 1 1.57704e-07
10 1 1e-07
10 1 1e-07
10 0.99831 0.00169006
10 1 1e-07
2 0.0114888 0.988511
10 1 1e-07
10 1 1e-07
10 0.999999 9.60648e-07
10 1 1e-07
10 0.999725 0.000274919
10 1 1e-07
10 1 1e-07
2 0.0111148 0.988885
10 1 1e-07
10 1 1e-07
10 1 1e-07
10 1 1.93848e-07
10 1 1e-07
10 1 1e-07
10 1 1e-07
10 1 1e-07
10 1 1e-07
10 1 1e-07
10 1 1.78158e-07
10 1 1e-07
10 1 1e-07
10 0.999959 4.14461e-05
10 0.994351 0.00564948
10 1 1e-07
10 1 1e-07
10 1 1e-07
10 1 1e-07
10 1 1e-07
2 0.00108406 0.998916
10 0.996917 0.00308295
10 1 1e-07
10 1 1e-07
10 0.985488 0.0145117
10 1 1e-07
10 1 1e-07
10 1 1e-07
10 1 1e-07
10 0.99957 0.00042988
10 0.999938 6.17605e-05
10 1 1e-07
10 1 1e-07
10 1 1e-07
10 1 1.36155e-07
10 1 1e-07
10 1 1.81688e-07
10 1 1e-07
10 1 1e-07
10 1 1e-07
10 0.999931 6.90305e-05
10 1 1.4091e-07
10 1 1e-07
10 1 1e-07
10 1 1e-07
2 0.107358 0.892642
10 1 1e-07
10 1 1e-07
10 1 1e-07
10 0.999998 1.51764e-06
10 1 1e-07
10 0.999953 4.72129e-05
10 0.999381 0.000618865
10 1 2.44576e-07
10 1 1e-07
10 1 1e-07
10 0.999912 8.75099e-05
10 1 1e-07
10 1 1e-07
2 0.0130314 0.986969
10 1 1e-07
10 1 1e-07
10 1 1e-07
10 1 1e-07
10 1 1e-07
10 1 1e-07
10 1 1e-07
10 1 1e-07
10 0.965558 0.0344416
10 0.999922 7.83591e-05
10 1 1e-07
10 0.999992 7.52708e-06
2 0.00464959 0.99535
10 0.999387 0.000613279
10 0.999947 5.32894e-05
10 1 1e-07
10 1 1e-07
10 1 1e-07
10 1 1e-07
10 1 1e-07
10 1 1e-07
10 1 1e-07
10 0.999833 0.000167368
10 1 1e-07
10 1 1.23667e-07
10 0.892313 0.107687
10 1 1e-07
2 0.0225913 0.977409
10 0.999987 1.33625e-05
10 1 1.26092e-07
10 1 1e-07
10 0.979656 0.020344
10 1 1e-07
10 0.95936 0.0406398
2 0.000326576 0.999673
2 0.00649424 0.993506
10 1 1e-07
10 1 1e-07
10 0.999998 1.52989e-06
2 0.00469374 0.995306
10 1 1e-07
10 0.991148 0.00885178
2 0.0765221 0.923478
10 0.999999 6.88599e-07
10 0.997721 0.00227936
10 1 1e-07
10 1 1e-07
10 1 1e-07
10 1 1.11041e-07
10 1 1e-07
10 1 1e-07
10 1 1e-07
10 1 1e-07
10 1 1e-07
10 1 1e-07
10 1 1e-07
2 0.000232431 0.999768
10 1 1e-07
10 0.705403 0.294597
10 1 1.47277e-07
10 1 1e-07
10 1 1e-07
10 0.999989 1.1321e-05
10 0.999988 1.24828e-05
10 0.999997 2.6893e-06
2 0.00405671 0.995943
10 0.999999 1.10712e-06
10 1 1e-07
2 0.0136973 0.986303
10 1 1e-07
10 0.999864 0.000135833
10 1 1e-07
10 1 1e-07
10 1 1e-07
10 0.999994 6.0451e-06
10 1 1e-07
10 0.999999 8.59128e-07
10 0.999989 1.13742e-05
10 1 1e-07
10 1 1e-07
10 1 1e-07
10 1 1e-07
10 1 1e-07
10 1 1e-07
10 1 1e-07
10 1 1e-07
10 1 1e-07
10 1 1e-07
10 1 1e-07
10 1 1e-07
10 1 1e-07
10 1 1e-07
10 1 1e-07
10 1 1e-07
10 1 1e-07
10 1 1e-07
10 1 1e-07
10 1 1e-07
10 1 1e-07
10 1 1e-07
10 1 1e-07
10 0.999999 6.36638e-07
10 1 1e-07
10 1 1e-07
10 1 1.33224e-07
10 1 1e-07
10 1 1e-07
10 1 1e-07
10 1 1e-07
2 0.0150029 0.984997
10 1 1e-07
10 1 1e-07
2 0.0363593 0.963641
10 1 1e-07
2 0.0309468 0.969053
10 1 1e-07
10 1 1e-07
10 1 1e-07
10 1 1e-07
2 0.106638 0.893362
10 1 1e-07
2 0.0509854 0.949015
10 1 1e-07
10 1 1e-07
10 1 1e-07
10 1 1e-07
10 1 1e-07
10 1 1e-07
2 0.0127142 0.987286
10 1 1e-07
2 0.00831276 0.991687
2 0.00100993 0.99899
10 1 1e-07
10 1 4.83538e-07
10 1 1e-07
10 0.999995 4.857e-06
10 1 1e-07
10 1 1e-07
10 1 1e-07
10 1 1e-07
2 0.0144999 0.9855
10 0.998467 0.0015326
10 0.999998 2.25562e-06
10 1 1e-07
10 1 1e-07
10 1 1e-07
10 0.999999 1.30431e-06
10 0.999488 0.000512207
10 0.999998 2.45035e-06
10 1 1e-07
10 0.999999 8.29507e-07
10 1 1e-07
10 1 1e-07
10 1 1e-07
10 1 1e-07
10 1 1e-07
10 1 1e-07
10 0.999998 1.64424e-06
10 1 1e-07
10 1 1e-07
10 1 1e-07
2 0.0344638 0.965536
10 1 1e-07
10 1 1e-07
10 1 1e-07
10 1 1e-07
10 0.999999 6.86505e-07
10 1 1.70053e-07
10 1 1e-07
10 1 1e-07
10 1 1e-07
10 1 1e-07
10 1 1e-07
10 1 1e-07
10 1 1e-07
10 1 1e-07
10 1 1e-07
10 1 4.68403e-07
10 1 1e-07
10 1 1e-07
10 1 1e-07
10 0.998723 0.00127683
10 1 1e-07
10 0.99985 0.000150458
2 0.0558571 0.944143
10 0.991814 0.00818592
10 1 1e-07
10 1 1e-07
10 1 1e-07
10 1 1e-07
10 0.999993 6.57738e-06
10 0.999997 3.11275e-06
10 0.996721 0.00327888
10 1 1e-07
10 1 1e-07
10 0.830905 0.169095
10 1 1e-07
10 0.999385 0.000615472
10 0.999978 2.16798e-05
10 1 1e-07
10 1 1e-07
10 1 1e-07
10 1 1e-07
10 1 1e-07
10 1 1e-07
10 1 1.63967e-07
10 1 1e-07
10 1 1e-07
10 1 1e-07
10 1 1e-07
10 0.999915 8.47616e-05
10 1 1e-07
10 1 1e-07
10 0.934783 0.0652166
10 1 1e-07
2 0.0062558 0.993744
10 1 4.1484e-07
10 1 1e-07
10 1 1e-07
10 1 1e-07
10 1 2.72975e-07
10 0.998456 0.00154414
10 1 1e-07
10 1 1e-07
10 0.99995 5.01748e-05
10 0.98336 0.0166403
10 1 1e-07
10 1 1e-07
10 1 1e-07
10 1 1e-07
10 0.999996 4.47421e-06
10 1 1e-07
10 1 1e-07
10 1 1e-07
10 0.999998 1.59768e-06
10 1 1e-07
10 1 1e-07
10 1 1e-07
10 1 1e-07
10 1 1e-07
10 1 1e-07
2 0.0109114 0.989089
10 1 1e-07
10 1 1e-07
10 1 1e-07
10 1 2.92494e-07
10 1 1e-07
10 1 1e-07
10 0.996093 0.0039074
10 1 2.48445e-07
10 1 1e-07
10 0.99996 4.04226e-05
10 1 1e-07
10 1 1.33664e-07
10 0.993772 0.00622823
10 1 1e-07
2 0.134328 0.865672
10 0.999828 0.000171866
2 0.00386979 0.99613
10 1 1e-07
10 1 1e-07
10 1 1e-07
10 0.99974 0.000260034
10 1 1e-07
10 1 1e-07
10 0.996957 0.00304257
10 1 1e-07
2 0.110807 0.889193
10 1 1e-07
2 0.106467 0.893533
10 1 1e-07
10 0.999975 2.51035e-05
10 0.990546 0.00945401
10 1 1.14651e-07
10 1 1e-07
10 1 4.98769e-07
10 1 1e-07
2 0.0029888 0.997011
10 0.999805 0.000195266
10 1 1e-07
10 1 1e-07
10 1 1e-07
10 1 1e-07
10 0.679631 0.320369
2 0.0540348 0.945965
10 1 1e-07
10 0.998644 0.00135556
10 0.999999 5.65596e-07
10 1 1e-07
10 1 1e-07
10 1 1e-07
10 1 3.45887e-07
10 1 3.95229e-07
10 1 1e-07
10 1 1e-07
10 1 1e-07
10 1 1e-07
10 1 1e-07
10 1 1e-07
10 1 1e-07
10 1 1e-07
10 0.999945 5.54806e-05
10 0.999999 1.21307e-06
10 1 2.53971e-07
10 0.625479 0.374521
10 1 1e-07
10 0.999998 1.90584e-06
10 0.999986 1.35187e-05
10 1 1e-07
10 1 1e-07
10 1 1e-07
10 0.99974 0.000260161
10 1 1e-07
10 1 1e-07
10 1 1e-07
2 0.342024 0.657976
10 0.999158 0.000842163
10 1 1e-07
2 0.133963 0.866037
10 1 2.90658e-07
10 1 1e-07
10 1 1e-07
10 1 1e-07
10 0.999997 2.89188e-06
10 0.999953 4.66678e-05
10 1 1e-07
10 1 1e-07
2 0.0069909 0.993009
10 1 1e-07
10 1 1e-07
10 1 1e-07
10 0.99999 9.81076e-06
10 0.999684 0.000316434
10 1 1e-07
10 1 1e-07
10 0.999903 9.74563e-05
10 0.836143 0.163857
10 1 1e-07
10 1 1e-07
10 1 1e-07
10 1 1e-07
10 1 1e-07
10 1 1e-07
10 0.998808 0.00119151
10 0.999389 0.000611183
10 0.999748 0.000252058
10 0.999966 3.3806e-05
10 1 1e-07
2 0.0194207 0.980579
10 1 1e-07
10 1 1e-07
10 0.971299 0.0287011
10 1 1e-07
10 1 1e-07
10 1 1e-07
10 1 1e-07
2 0.0187673 0.981233
10 1 1e-07
10 1 1e-07
10 1 1e-07
10 0.832489 0.167511
10 0.925392 0.0746082
10 0.999999 5.05486e-07
10 1 1e-07
10 1 1e-07
10 1 1e-07
10 1 1e-07
10 1 1e-07
10 1 1e-07
10 0.999999 7.22186e-07
10 1 1e-07
2 0.0144298 0.98557
10 1 1e-07
10 1 1e-07
10 0.999998 2.06613e-06
10 0.996739 0.00326124
10 0.999808 0.000191636
10 1 1e-07
10 1 1e-07
10 1 1e-07
10 1 1e-07
10 1 1e-07
10 1 1e-07
10 1 1e-07
10 1 1e-07
2 0.209138 0.790862
10 1 1e-07
10 1 1e-07
10 0.998582 0.00141778
10 0.999972 2.7883e-05
10 1 1e-07
10 1 1e-07
10 1 1e-07
10 1 1e-07
2 0.000451723 0.999548
10 1 1e-07
10 1 1e-07
10 1 1e-07
10 1 1e-07
10 1 1e-07
10 1 1e-07
10 1 1e-07
2 0.0610416 0.938958
10 1 1e-07
10 0.999999 6.83403e-07
10 1 1e-07
2 0.0103486 0.989651
2 0.00429373 0.995706
10 1 1e-07
10 1 1e-07
2 0.00689323 0.993107
10 0.999576 0.000424071
10 1 1e-07
2 0.00791419 0.992086
10 0.999992 7.88075e-06
10 1 1e-07
10 1 1e-07
10 0.99992 8.00408e-05
10 1 1e-07
10 1 1e-07
10 1 1e-07
10 0.998515 0.00148461
10 1 1e-07
10 0.999987 1.32576e-05
2 0.00793436 0.992066
10 1 3.72502e-07
10 1 1e-07
10 1 1e-07
10 1 1e-07
10 1 1e-07
10 1 1e-07
10 1 1e-07
10 0.939926 0.0600738
10 1 1e-07
10 1 1.04611e-07
10 0.999994 6.06525e-06
10 1 1e-07
10 0.969706 0.0302936
2 0.0365784 0.963422
10 0.997084 0.0029163
10 1 1e-07
10 1 1e-07
10 1 1e-07
10 1 1e-07
10 1 1e-07
10 0.999999 6.85096e-07
10 1 1e-07
10 1 1e-07
10 1 1e-07
10 1 1e-07
10 1 1e-07
10 0.998024 0.00197631
10 1 1e-07
10 1 1e-07
10 0.997692 0.00230804
10 1 1e-07
10 1 1e-07
10 1 1e-07
10 1 1e-07
10 0.997413 0.0025875
10 1 1.04618e-07
10 1 1e-07
10 1 1e-07
10 1 1e-07
10 0.999966 3.41004e-05
10 1 1e-07
10 0.999999 9.72562e-07
2 0.00778784 0.992212
10 1 1e-07
10 1 1e-07
10 0.999961 3.92151e-05
2 0.00489963 0.9951
10 1 1e-07
2 0.137357 0.862643
10 1 1e-07
10 1 1.18754e-07
10 0.999993 6.81449e-06
10 1 1e-07
10 1 1e-07
10 0.999967 3.25607e-05
10 0.999998 1.64097e-06
10 1 4.81052e-07
10 1 3.09379e-07
10 1 1e-07
10 1 1e-07
10 1 1e-07
10 0.999953 4.69388e-05
10 1 1e-07
10 1 1e-07
2 0.0782228 0.921777
10 1 1e-07
10 1 1e-07
10 1 1.21435e-07
10 1 1e-07
10 1 2.2186e-07
10 0.999538 0.000461759
10 1 1e-07
10 0.939752 0.0602483
10 1 1e-07
10 1 1.2046e-07
2 0.0270462 0.972954
10 1 1e-07
10 1 1e-07
10 1 1e-07
2 0.00557239 0.994428
10 1 1e-07
2 0.00299972 0.997
10 1 1e-07
10 1 1e-07
10 1 1e-07
10 1 1e-07
10 0.99795 0.00205049
2 0.0127984 0.987202
10 1 1e-07
10 0.970241 0.0297588
10 0.983072 0.0169283
10 1 1e-07
2 0.0111466 0.988853
10 1 1e-07
10 1 1e-07
2 0.0200849 0.979915
10 1 1e-07
10 1 1e-07
10 0.978067 0.0219332
10 1 1e-07
10 0.99989 0.000109561
10 1 1e-07
10 0.99818 0.00181979
10 0.999999 1.15887e-06
10 1 1e-07
10 0.999823 0.000176553
10 1 1e-07
10 0.999969 3.1078e-05
10 1 1e-07
10 1 1e-07
10 1 1e-07
10 0.999511 0.000488668
10 1 1e-07
10 1 1e-07
10 1 1e-07
10 1 1e-07
10 1 1e-07
10 1 1e-07
10 0.999997 3.08649e-06
10 1 1e-07
10 1 1e-07
10 0.996469 0.00353129
10 1 1e-07
10 1 1e-07
10 1 1e-07
10 1 1e-07
10 0.99974 0.000260312
2 0.00603051 0.993969
10 1 1e-07
10 1 1e-07
10 0.999595 0.00040516
10 1 1e-07
2 0.000823547 0.999176
10 1 1e-07
10 1 1e-07
10 0.999735 0.00026504
10 1 1.19679e-07
10 1 1e-07
2 0.00274383 0.997256
10 1 1e-07
10 1 1e-07
10 1 1e-07
2 0.265899 0.734101
10 1 1e-07
10 1 1e-07
10 1 1e-07
2 0.00331652 0.996683
10 1 1.59773e-07
2 0.159053 0.840947
10 0.999999 5.58087e-07
10 1 1e-07
10 1 1e-07
10 1 1e-07
10 1 1e-07
10 0.998862 0.00113752
10 1 1e-07
10 1 1e-07
10 1 1e-07
10 1 1e-07
10 1 1e-07
10 0.999778 0.000221886
10 1 1e-07
10 1 1e-07
10 0.999914 8.59917e-05
10 1 1e-07
2 0.434939 0.565061
10 0.999654 0.000345751
2 0.00182986 0.99817
10 1 1e-07
2 0.00805214 0.991948
10 1 1e-07
10 1 1e-07
10 1 1e-07
10 1 1e-07
10 1 1e-07
10 1 1e-07
10 1 1e-07
10 1 1e-07
10 1 1e-07
10 1 1e-07
10 0.999999 7.7366e-07
10 1 1e-07
10 1 1e-07
10 1 1e-07
10 1 1e-07
10 0.999999 7.85476e-07
10 1 1e-07
10 1 1e-07
2 0.112682 0.887318
10 1 1e-07
10 1 1e-07
10 0.999853 0.000147464
2 0.0887103 0.91129
10 0.999999 5.4846e-07
10 1 1e-07
2 0.0063935 0.993606
10 0.999856 0.000143895
10 1 1e-07
10 1 1e-07
10 0.999998 1.539e-06
10 0.999615 0.00038457
10 0.999734 0.000266356
10 0.99992 7.98238e-05
10 1 1e-07
2 0.0352104 0.96479
10 1 1e-07
10 1 1e-07
2 0.188196 0.811804
10 1 1e-07
10 0.999996 3.54772e-06
10 1 1e-07
10 1 1e-07
10 0.999999 8.09901e-07
10 1 1e-07
10 0.999966 3.36534e-05
10 1 1e-07
10 1 1.11409e-07
10 1 1e-07
10 0.999353 0.000646834
10 1 1e-07
10 0.997789 0.00221142
10 1 1e-07
10 1 1e-07
10 1 1e-07
10 1 1e-07
10 1 1e-07
10 0.985949 0.0140506
10 1 1e-07
10 1 1e-07
10 1 1e-07
10 1 1e-07
10 1 1e-07
10 1 1e-07
10 1 1e-07
10 1 1e-07
10 0.999998 1.98751e-06
10 1 1e-07
10 0.990648 0.00935208
2 0.00954303 0.990457
10 1 1e-07
10 0.999711 0.000288801
10 1 1e-07
10 0.999937 6.34918e-05
10 1 1e-07
10 1 1e-07
10 1 1e-07
10 1 1e-07
10 0.999998 1.64637e-06
10 1 1e-07
10 1 1e-07
2 0.0112165 0.988784
10 0.996253 0.00374696
10 1 1e-07
10 1 4.83966e-07
10 1 1e-07
10 1 4.44977e-07
10 1 1e-07
10 0.991972 0.00802804
10 1 1e-07
10 1 1e-07
10 1 1e-07
10 1 1e-07
10 0.999998 1.93212e-06
10 1 1e-07
10 1 1e-07
10 1 1e-07
10 1 1e-07
2 0.00560889 0.994391
10 1 1e-07
10 1 1e-07
2 0.00732595 0.992674
2 0.0047678 0.995232
10 1 1e-07
2 0.029668 0.970332
10 1 4.51055e-07
10 1 1e-07
10 1 1e-07
10 1 1e-07
10 1 1e-07
10 1 1e-07
10 0.999763 0.000236519
10 0.906871 0.0931294
10 1 1e-07
10 1 1e-07
10 1 1e-07
10 1 1e-07
2 0.00515422 0.994846
10 1 1e-07
10 1 1e-07
10 0.998767 0.00123257
10 1 1e-07
10 1 1e-07
10 0.999994 5.84711e-06
10 0.999836 0.000163959
10 1 1e-07
10 1 1e-07
10 1 3.4974e-07
2 0.151384 0.848616
10 0.998117 0.00188318
10 1 1e-07
10 0.999939 6.14658e-05
10 0.995841 0.00415866
10 1 1e-07
10 1 1e-07
10 1 1e-07
10 1 1e-07
10 0.915668 0.0843322
10 0.98888 0.0111203
10 1 1e-07
10 1 1e-07
10 1 1e-07
10 1 1e-07
10 1 1e-07
10 1 1e-07
10 0.999912 8.7641e-05
10 0.999998 1.70772e-06
2 0.00239436 0.997606
10 1 1e-07
10 1 1e-07
2 0.00342478 0.996575
10 1 1e-07
10 1 1e-07
10 0.998085 0.00191463
10 1 1e-07
10 1 1e-07
10 1 1e-07
10 0.999973 2.71477e-05
10 1 1e-07
10 1 1e-07
10 1 1e-07
10 1 1e-07
10 1 1e-07
10 1 1e-07
10 1 1e-07
10 0.982636 0.0173637
10 1 1e-07
10 1 1e-07
10 0.999583 0.000417053
10 1 1e-07
10 1 1.2602e-07
10 1 1e-07
10 1 1e-07
2 0.0115161 0.988484
10 1 1e-07
10 1 1e-07
10 1 1e-07
10 1 1e-07
2 0.325153 0.674847
2 0.0462085 0.953791
10 1 1e-07
10 1 1e-07
10 1 1e-07
10 1 1e-07
10 1 1e-07
10 0.999973 2.69433e-05
10 1 1e-07
10 0.999996 4.45414e-06
10 1 1e-07
10 1 1e-07
10 1 3.31534e-07
10 1 1e-07
10 0.999987 1.32774e-05
10 1 1e-07
10 0.999944 5.5839e-05
10 1 1e-07
10 1 1e-07
10 0.999999 5.20015e-07
2 0.00380403 0.996196
10 1 1e-07
10 0.993855 0.00614505
10 1 1e-07
10 1 1e-07
10 1 1.03969e-07
10 1 1e-07
10 1 1e-07
10 1 1e-07
2 0.00080316 0.999197
10 1 1e-07
10 1 1e-07
10 0.999979 2.08339e-05
10 0.99991 8.99381e-05
10 1 1e-07
10 0.994201 0.00579858
10 1 1e-07
10 1 1e-07
10 1 1e-07
10 1 1e-07
10 0.996538 0.00346233
10 1 1e-07
2 0.030118 0.969882
10 1 1e-07
10 1 1e-07
10 1 1e-07
10 0.999998 2.09616e-06
10 0.993528 0.00647249
2 0.00203784 0.997962
2 0.0678618 0.932138
10 1 1e-07
10 1 1e-07
2 0.0195644 0.980436
10 1 1e-07
10 0.999886 0.000114494
10 0.995943 0.00405668
10 1 1e-07
10 1 1e-07
2 0.00530272 0.994697
10 1 1e-07
10 1 1e-07
10 1 1e-07
10 1 1e-07
10 1 1e-07
10 1 1e-07
10 0.999999 7.18026e-07
10 1 1e-07
10 0.998476 0.00152441
10 1 1e-07
10 1 3.57568e-07
10 0.999998 1.68091e-06
10 1 1e-07
10 1 1e-07
10 1 1e-07
10 1 3.50344e-07
10 1 1e-07
10 1 1e-07
10 1 1e-07
10 1 1e-07
10 1 1e-07
10 1 1e-07
10 1 1e-07
2 0.000334886 0.999665
2 0.0144914 0.985509
10 1 1e-07
10 1 1e-07
10 1 1e-07
10 1 1e-07
10 1 1e-07
10 1 1e-07
10 1 1e-07
10 1 1.74393e-07
10 1 1e-07
10 1 1e-07
10 1 1e-07
2 0.00374707 0.996253
10 1 1e-07
10 1 1e-07
10 1 1e-07
10 1 1e-07
10 1 1e-07
10 1 1e-07
10 0.997979 0.00202117
2 0.00847049 0.99153
10 1 1e-07
2 0.0156102 0.98439
10 1 1e-07
10 1 1e-07
2 0.0996237 0.900376
10 0.999785 0.000215324
10 1 1e-07
10 1 1e-07
10 1 1e-07
10 1 1e-07
10 0.99918 0.000819654
10 0.999992 8.09948e-06
10 1 1e-07
10 1 1e-07
10 1 1e-07
10 1 1e-07
10 1 1e-07
10 1 1e-07
10 0.958057 0.041943
10 0.998606 0.0013938
10 1 1e-07
10 1 1e-07
10 1 1e-07
10 1 1e-07
2 0.140726 0.859274
10 1 1e-07
10 0.999185 0.000814956
10 1 1e-07
10 1 1e-07
10 0.999861 0.000139463
10 1 1e-07
10 1 1e-07
10 1 1e-07
10 1 1e-07
10 0.999999 6.65171e-07
2 0.0182698 0.98173
10 1 1e-07
2 0.00350826 0.996492
10 1 1e-07
10 1 1e-07
10 1 1e-07
10 1 1e-07
10 1 1e-07
10 1 1e-07
10 1 1e-07
10 0.98554 0.0144605
10 0.987309 0.0126906
10 1 1e-07
10 1 1e-07
10 1 1e-07
10 1 1e-07
10 1 1e-07
10 1 1e-07
10 0.999999 6.12551e-07
10 1 1e-07
10 1 1e-07
10 0.995491 0.00450924
10 0.985705 0.0142954
10 1 1e-07
10 1 1e-07
10 1 1e-07
10 1 1e-07
10 1 3.37989e-07
10 0.993324 0.00667565
10 1 1e-07
10 1 1e-07
10 1 1e-07
10 1 1e-07
10 1 1e-07
10 1 1e-07
10 0.999998 1.53854e-06
10 0.999999 5.82833e-07
10 1 1e-07
10 1 1e-07
10 0.999971 2.87743e-05
10 0.997016 0.00298414
10 1 1e-07
10 1 1e-07
2 0.0206655 0.979334
10 1 1e-07
10 1 1e-07
10 1 1e-07
10 1 1e-07
10 1 1e-07
10 1 1e-07
10 1 1e-07
2 0.0148473 0.985153
10 1 1e-07
10 0.999966 3.44458e-05
10 0.992424 0.00757649
10 1 1e-07
10 1 1e-07
2 0.0269003 0.9731
10 1 1e-07
10 1 1e-07
2 0.00474209 0.995258
10 1 1e-07
10 1 1e-07
2 0.00205388 0.997946
10 1 1e-07
10 1 1e-07
2 0.018683 0.981317
10 1 1e-07
10 1 1e-07
10 1 1e-07
10 1 2.86018e-07
10 1 1e-07
10 0.999939 6.06695e-05
10 0.999911 8.90381e-05
10 1 1e-07
10 0.999998 2.32733e-06
2 0.0100349 0.989965
10 1 1e-07
10 0.985166 0.0148345
10 1 1e-07
10 0.99994 6.02576e-05
10 1 1e-07
10 0.999984 1.62706e-05
10 0.999857 0.000143202
10 1 1e-07
10 1 1e-07
10 0.999999 5.68579e-07
10 1 1e-07
10 1 1e-07
10 1 1e-07
10 1 1e-07
10 1 1e-07
10 1 1e-07
2 0.0117316 0.988268
10 1 1e-07
10 0.999849 0.00015133
10 1 1e-07
10 1 1e-07
10 1 1e-07
10 1 1e-07
10 0.999967 3.28556e-05
10 0.999693 0.000306676
10 0.928551 0.071449
10 1 1e-07
10 1 1e-07
10 1 1e-07
10 0.999994 5.75603e-06
10 1 1e-07
10 1 1e-07
10 1 1e-07
10 1 1e-07
2 0.0241021 0.975898
10 1 1e-07
10 0.998882 0.00111831
10 1 1e-07
10 1 1e-07
10 0.978682 0.0213177
10 1 1e-07
10 1 1e-07
10 1 1e-07
10 1 1e-07
10 1 1e-07
10 1 1e-07
10 1 1e-07
10 0.999999 6.08208e-07
10 0.994561 0.00543919
10 1 1e-07
10 1 1e-07
10 1 1e-07
10 0.999463 0.000536986
10 0.998972 0.00102755
10 1 1e-07
10 0.99993 7.03864e-05
10 1 1e-07
10 1 1e-07
10 0.999997 3.18405e-06
10 1 1e-07
10 0.999999 1.05853e-06
10 1 1e-07
10 1 1e-07
10 0.995096 0.0049038
10 1 1e-07
2 0.00494683 0.995053
2 0.0417308 0.958269
10 1 1e-07
10 1 1e-07
10 1 1e-07
10 1 1e-07
10 1 1e-07
2 0.0515769 0.948423
10 1 1e-07
10 1 1e-07
10 1 1e-07
10 1 1e-07
2 0.0207011 0.979299
10 1 1e-07
10 1 1e-07
10 1 1e-07
10 1 1e-07
10 1 3.20179e-07
10 1 1e-07
10 1 1e-07
10 1 1e-07
10 1 1e-07
10 0.999751 0.000249229
10 1 1e-07
10 0.999969 3.10057e-05
10 1 1e-07
10 1 1e-07
2 0.0749387 0.925061
2 0.165172 0.834828
10 0.998023 0.00197698
10 1 1e-07
2 0.00902194 0.990978
10 1 1e-07
10 1 1e-07
10 0.99993 6.98234e-05
10 1 1e-07
10 1 1e-07
10 0.999933 6.65033e-05
10 1 1e-07
10 0.99967 0.000330428
10 1 1e-07
10 1 1e-07
10 1 1e-07
10 0.523222 0.476778
10 1 1e-07
2 0.0333174 0.966683
2 0.00871825 0.991282
10 1 1e-07
10 1 1e-07
10 0.999988 1.17602e-05
10 1 1e-07
10 1 1e-07
10 1 1e-07
10 1 1e-07
10 1 1e-07
10 1 1e-07
10 0.999776 0.000224128
10 0.999999 9.75952e-07
10 1 1e-07
10 0.970903 0.0290969
10 1 1e-07
10 1 1e-07
10 1 1e-07
10 1 1e-07
10 1 1e-07
10 1 1e-07
10 1 1e-07
10 1 1e-07
10 1 1e-07
10 0.951767 0.0482328
10 1 1e-07
10 1 1e-07
10 0.935632 0.0643683
10 1 1.06921e-07
10 1 1e-07
10 0.999998 1.50537e-06
10 1 1e-07
10 0.999945 5.48824e-05
10 1 1e-07
10 1 1e-07
10 1 1e-07
10 0.998618 0.00138229
10 1 1e-07
10 1 1e-07
10 1 1e-07
10 1 1e-07
10 1 4.23742e-07
10 1 1e-07
10 1 1e-07
10 1 1e-07
10 1 1e-07
10 1 1e-07
2 0.0474651 0.952535
10 1 1e-07
10 1 1e-07
10 1 1e-07
10 1 1e-07
10 1 1e-07
10 1 1e-07
10 1 1e-07
10 1 1e-07
10 1 1e-07
10 1 4.25387e-07
10 1 1e-07
10 1 1e-07
10 0.999913 8.733e-05
10 1 1e-07
10 1 1e-07
10 1 1e-07
10 1 1e-07
10 1 1e-07
10 0.999999 1.02359e-06
10 1 1e-07
10 0.99994 6.03635e-05
10 1 1e-07
10 1 1e-07
10 1 1e-07
10 0.999503 0.000496988
10 1 1e-07
10 1 1e-07
10 0.999964 3.63164e-05
10 0.999567 0.000433063
2 0.172034 0.827966
10 1 1e-07
10 1 1e-07
10 0.999277 0.000723344
10 1 1e-07
10 1 1e-07
10 1 1e-07
10 1 1e-07
10 1 1e-07
10 1 1e-07
10 1 1e-07
10 1 1e-07
10 1 1e-07
10 1 1e-07
10 1 1e-07
10 1 1e-07
10 1 1e-07
2 0.00377129 0.996229
10 1 1e-07
10 0.999899 0.0001007
10 1 1e-07
10 1 1e-07
10 1 1.42506e-07
10 1 1e-07
10 0.594519 0.405481
10 1 1e-07
10 1 1e-07
2 0.0164229 0.983577
10 1 1e-07
10 1 1e-07
2 0.179294 0.820706
10 1 1e-07
10 1 1e-07
10 1 1e-07
10 1 1e-07
10 1 1e-07
10 1 1e-07
10 1 1e-07
2 0.0733217 0.926678
10 1 1e-07
10 1 1e-07
10 0.999959 4.08515e-05
2 0.0184283 0.981572
10 1 1e-07
10 1 1e-07
10 1 1e-07
10 1 2.16496e-07
10 1 1e-07
2 0.0647234 0.935277
10 1 1e-07
10 1 4.25931e-07
10 1 1e-07
10 1 1e-07
2 0.026446 0.973554
10 0.997614 0.00238559
10 1 1e-07
10 0.999999 5.84367e-07
10 1 1e-07
10 0.999965 3.50545e-05
2 0.00351677 0.996483
10 1 1e-07
10 1 1e-07
10 1 1e-07
10 1 1e-07
10 1 1e-07
10 0.999993 6.61895e-06
10 1 1e-07
10 1 1e-07
10 0.999999 5.30308e-07
10 1 1e-07
10 0.998795 0.00120495
10 1 1e-07
2 0.000558951 0.999441
10 1 1e-07
10 1 1e-07
10 1 1e-07
10 1 1e-07
10 0.99995 5.04118e-05
10 1 1e-07
10 1 1e-07
10 1 1e-07
10 1 1e-07
10 0.998837 0.00116337
10 0.999999 1.43162e-06
10 0.993717 0.00628329
10 1 3.32418e-07
10 1 1e-07
2 0.0225882 0.977412
10 1 1e-07
10 1 1e-07
10 1 1e-07
10 1 1e-07
10 1 1e-07
10 1 1e-07
10 1 1.04759e-07
10 0.999358 0.000641826
10 1 1e-07
10 1 1e-07
2 0.00407202 0.995928
10 1 1e-07
10 0.997018 0.00298151
10 1 1e-07
10 0.99013 0.00987037
10 1 1e-07
10 1 1e-07
10 1 1e-07
10 0.99999 9.9913e-06
10 1 1e-07
10 1 1e-07
10 1 1e-07
2 0.00441838 0.995582
10 1 2.31558e-07
10 1 1e-07
10 0.999999 1.33341e-06
10 1 1e-07
10 1 1e-07
10 0.99991 9.01689e-05
10 1 1e-07
10 1 1e-07
10 1 1e-07
10 0.958536 0.0414644
10 1 1e-07
10 0.989188 0.0108118
2 0.121683 0.878317
10 1 1e-07
2 0.00347058 0.996529
10 1 1e-07
10 1 1e-07
10 0.99998 2.04273e-05
10 1 1e-07
10 1 1e-07
10 1 1e-07
10 1 1e-07
10 1 1e-07
10 1 1e-07
10 1 1e-07
10 1 1e-07
2 0.0356229 0.964377
10 1 1e-07
10 0.999813 0.000186814
10 1 1e-07
10 1 1e-07
10 1 1e-07
10 1 1e-07
10 1 1e-07
10 1 1e-07
10 1 1e-07
10 0.999996 3.88673e-06
10 1 1e-07
2 0.000911886 0.999088
10 0.99767 0.00233008
10 1 2.91355e-07
10 1 1e-07
10 0.999999 9.3743e-07
10 1 1e-07
10 0.999997 3.14517e-06
10 1 1e-07
10 1 1e-07
10 0.99886 0.00114023
10 1 1.17855e-07
10 1 1e-07
10 1 1e-07
10 1 1e-07
2 0.0213621 0.978638
10 0.990407 0.00959311
10 1 1e-07
10 1 1e-07
10 1 1e-07
10 1 1e-07
10 1 1e-07
10 0.999999 7.78031e-07
10 1 1e-07
10 1 1e-07
10 1 1e-07
10 0.999989 1.10981e-05
10 1 1e-07
10 0.979195 0.0208049
10 0.998922 0.00107799
10 0.999998 2.03526e-06
10 1 1e-07
10 1 1e-07
10 1 1e-07
10 1 1e-07
10 1 1e-07
10 1 1e-07
10 1 1e-07
10 1 1e-07
10 0.999969 3.10161e-05
2 0.00520488 0.994795
10 1 1e-07
10 1 1e-07
2 0.0503618 0.949638
10 1 1e-07
10 0.999998 2.00846e-06
10 0.999852 0.000147785
10 0.602991 0.397009
10 1 1e-07
10 0.999801 0.000198611
10 0.963543 0.0364567
10 0.999963 3.73303e-05
10 1 1e-07
10 1 1e-07
10 1 3.74027e-07
10 1 1e-07
10 1 1e-07
10 1 1e-07
10 1 1e-07
10 1 1e-07
10 0.999988 1.24936e-05
10 1 1e-07
10 0.998668 0.00133187
10 1 1e-07
2 0.0228527 0.977147
10 0.999359 0.000641474
2 0.0511517 0.948848
2 0.0430174 0.956983
10 1 1e-07
10 0.999968 3.16305e-05
10 1 3.43672e-07
10 0.999882 0.000118421
10 1 1e-07
10 1 3.7417e-07
2 0.00312103 0.996879
10 0.999736 0.000264112
10 1 1.55518e-07
10 1 1e-07
10 0.998365 0.00163508
10 1 1e-07
10 1 1e-07
2 0.0401579 0.959842
10 1 1e-07
2 0.405269 0.594731
10 0.997412 0.00258827
10 1 1e-07
10 1 1e-07
10 1 1e-07
2 0.00484713 0.995153
10 1 1e-07
10 1 1e-07
2 0.0213657 0.978634
10 0.997129 0.00287094
10 1 1e-07
10 1 1e-07
10 1 1e-07
10 0.996285 0.00371471
2 0.00489773 0.995102
10 1 1e-07
10 1 1e-07
2 0.00901488 0.990985
10 0.998522 0.0014775
2 0.0515562 0.948444
2 0.0106557 0.989344
10 1 1e-07
10 1 1e-07
10 1 1e-07
10 1 1e-07
2 0.0201787 0.979821
10 1 1e-07
2 0.0080633 0.991937
10 0.997291 0.00270926
10 1 1e-07
2 0.0102218 0.989778
2 0.00312892 0.996871
2 0.012408 0.987592
10 1 1e-07
10 1 1e-07
2 0.0108266 0.989173
10 0.999313 0.000686655
2 0.0260942 0.973906
10 1 1e-07
10 1 1e-07
10 0.984289 0.0157109
10 1 1e-07
10 1 1e-07
10 0.999973 2.73146e-05
10 0.999999 1.48566e-06
10 1 1e-07
10 1 1e-07
10 1 1e-07
10 0.999991 9.4182e-06
10 0.999613 0.000386601
10 0.999999 1.31213e-06
10 0.999264 0.000735715
10 0.999956 4.37449e-05
10 1 1e-07
10 0.999919 8.10667e-05
10 1 1e-07
10 0.999998 1.66715e-06
10 1 1.70395e-07
10 1 1e-07
10 1 1e-07
10 1 1e-07
2 0.0894779 0.910522
10 1 1e-07
10 0.963332 0.0366677
2 0.108716 0.891284
2 0.00985245 0.990148
10 1 1e-07
10 1 1e-07
10 1 1e-07
10 1 1e-07
10 0.989122 0.0108784
10 1 1e-07
10 1 1e-07
10 1 1e-07
10 1 1e-07
10 1 1e-07
10 0.999994 5.52216e-06
2 0.0167864 0.983214
2 0.0942748 0.905725
10 1 1e-07
10 0.999891 0.00010918
10 0.999723 0.00027662
10 1 1e-07
10 0.999009 0.000991017
10 1 1e-07
10 1 1e-07
10 1 1e-07
10 1 1e-07
10 1 1e-07
2 0.0889285 0.911072
10 1 1e-07
10 1 1e-07
2 0.00930686 0.990693
10 1 1e-07
10 1 1e-07
10 1 1e-07
10 1 2.96495e-07
2 0.00279539 0.997205
10 1 1e-07
10 1 1e-07
10 0.999999 5.5676e-07
10 0.995741 0.00425949
10 1 1e-07
2 0.0529398 0.94706
10 1 1e-07
10 0.999998 1.68299e-06
10 0.999444 0.000555528
10 1 1e-07
10 1 1e-07
10 1 1e-07
10 0.99776 0.00223962
10 1 1.50488e-07
10 1 1e-07
10 0.999995 4.74074e-06
10 0.999956 4.44447e-05
10 0.999927 7.27485e-05
10 1 1e-07
10 0.999982 1.82652e-05
10 0.957338 0.0426621
10 1 1e-07
2 0.0119391 0.988061
10 1 1e-07
10 1 1e-07
2 0.320454 0.679546
2 0.443479 0.556521
10 1 1e-07
2 0.00407751 0.995922
10 1 1e-07
10 1 1e-07
2 0.0405663 0.959434
10 1 3.41704e-07
10 1 1.42106e-07
10 0.576362 0.423638
10 0.999899 0.000100501
10 1 1e-07
10 0.999994 5.8781e-06
2 0.00362487 0.996375
10 1 1e-07
10 1 1e-07
10 1 1e-07
10 1 1e-07
10 1 1e-07
10 1 1e-07
10 1 1e-07
10 1 1e-07
10 1 1e-07
10 1 1e-07
10 1 1e-07
2 0.0112813 0.988719
10 1 1e-07
10 1 1e-07
10 1 1e-07
10 1 1e-07
10 1 1.94622e-07
10 0.999887 0.000113374
10 1 1e-07
10 1 4.03347e-07
10 1 1e-07
10 1 1e-07
10 1 1e-07
10 1 1e-07
10 1 1e-07
10 0.999985 1.45252e-05
10 1 1e-07
10 1 1e-07
10 1 1e-07
10 1 1e-07
10 1 2.99732e-07
2 0.00200764 0.997992
10 1 3.32701e-07
10 1 1e-07
10 1 1e-07
10 0.991413 0.00858728
10 0.999906 9.3783e-05
10 1 1e-07
10 1 1e-07
2 0.00128397 0.998716
10 1 1e-07
10 1 1e-07
10 1 1e-07
10 1 1e-07
10 0.999997 2.66201e-06
10 1 1e-07
10 1 1e-07
10 1 1e-07
10 1 1e-07
10 0.999483 0.000517404
2 0.0955329 0.904467
2 0.0386581 0.961342
10 1 1e-07
10 1 1e-07
10 0.999983 1.72759e-05
2 0.0139529 0.986047
10 1 1e-07
10 1 1e-07
10 1 1e-07
