labels 2 1
2 0.999971 2.9153e-05
2 0.999998 1.71828e-06
1 0.0880453 0.911955
1 0.000177034 0.999823
1 0.00146542 0.998535
1 0.00978601 0.990214
1 0.000977029 0.999023
2 0.988866 0.0111343
1 3.96132e-07 1
1 0.0009057 0.999094
1 1e-07 1
1 0.024244 0.975756
2 0.991565 0.00843458
1 0.00468142 0.995319
1 0.000930141 0.99907
1 2.48329e-06 0.999998
1 0.00377981 0.99622
1 0.244012 0.755988
1 0.170613 0.829387
1 0.0179894 0.982011
1 0.0341621 0.965838
1 0.0515438 0.948456
2 0.999652 0.000347953
1 0.0392439 0.960756
1 0.0885985 0.911402
1 0.0122205 0.98778
1 0.367613 0.632387
1 0.00366852 0.996331
1 0.00442433 0.995576
1 3.28188e-07 1
2 0.901825 0.0981754
1 0.000134183 0.999866
2 0.993025 0.00697548
1 1.74852e-07 1
1 0.351693 0.648307
1 1.27377e-06 0.999999
1 0.00110518 0.998895
1 0.0292465 0.970754
1 0.000125148 0.999875
2 0.593632 0.406368
2 0.601898 0.398102
1 3.73063e-06 0.999996
2 0.878393 0.121607
1 0.0611303 0.93887
1 0.00250157 0.997498
1 0.0514717 0.948528
2 0.999884 0.000115732
1 0.0250924 0.974908
2 0.994677 0.00532255
2 0.992095 0.00790514
1 1e-07 1
1 0.0285644 0.971436
1 0.000204436 0.999796
1 1.67522e-05 0.999983
1 1.63491e-05 0.999984
2 0.997394 0.00260583
1 0.0305304 0.96947
1 0.022633 0.977367
1 0.00926605 0.990734
1 0.010981 0.989019
1 0.00220585 0.997794
2 0.999793 0.000206751
1 0.284176 0.715824
2 0.999963 3.65375e-05
1 1e-07 1
1 0.0135585 0.986442
1 8.05604e-07 0.999999
1 0.0197575 0.980243
1 0.0117319 0.988268
1 0.0684687 0.931531
2 0.989066 0.0109344
1 0.0139176 0.986082
1 0.0703833 0.929617
1 0.000697826 0.999302
1 0.371943 0.628057
1 9.25003e-05 0.999907
2 0.920044 0.0799563
2 0.999018 0.000981713
1 0.00799798 0.992002
1 0.0500247 0.949975
2 0.999967 3.27832e-05
2 0.999999 6.37385e-07
1 0.000126924 0.999873
1 0.0169233 0.983077
1 0.000766328 0.999234
1 0.00194903 0.998051
2 0.939518 0.0604821
2 0.952258 0.0477418
2 0.999985 1.48164e-05
1 0.00706009 0.99294
1 1e-07 1
2 0.99958 0.000419908
1 0.00493355 0.995066
1 0.00071529 0.999285
2 0.986173 0.0138275
2 0.649056 0.350944
1 0.0413422 0.958658
1 1e-07 1
2 0.997488 0.00251233
2 0.62024 0.37976
1 0.0609094 0.939091
2 0.991424 0.00857591
1 9.7818e-05 0.999902
1 1.30131e-05 0.999987
2 0.999983 1.68288e-05
1 0.000220214 0.99978
1 1.03904e-06 0.999999
1 8.71692e-05 0.999913
1 0.000165381 0.999835
1 0.0211765 0.978824
1 0.0393922 0.960608
1 0.00907684 0.990923
2 0.999999 7.42197e-07
2 0.947768 0.0522322
2 0.997495 0.00250523
2 0.999098 0.000902051
2 1 1.03395e-07
1 0.00223102 0.997769
2 0.999192 0.000808368
1 0.000886914 0.999113
1 0.0519962 0.948004
2 0.743956 0.256044
1 9.45864e-05 0.999905
1 0.00277347 0.997227
2 0.999825 0.000175086
2 0.999996 4.03703e-06
2 0.91726 0.0827403
1 3.59063e-05 0.999964
1 0.0209054 0.979095
2 0.927772 0.0722276
1 0.00238438 0.997616
1 0.00523369 0.994766
2 0.998467 0.00153253
1 2.46133e-06 0.999998
1 0.0189828 0.981017
1 0.0649681 0.935032
1 0.00106397 0.998936
1 0.00351448 0.996486
1 1e-07 1
2 0.978347 0.021653
1 0.117338 0.882662
2 0.843388 0.156612
2 0.999974 2.63164e-05
2 1 1e-07
2 0.507641 0.492359
2 0.93968 0.0603196
2 0.569752 0.430248
1 0.000788067 0.999212
1 0.00291295 0.997087
1 0.0158251 0.984175
1 0.00163865 0.998361
2 0.999784 0.000216388
1 0.000148225 0.999852
1 0.00205254 0.997947
2 0.999683 0.000316901
1 0.00112475 0.998875
2 0.970877 0.0291234
1 0.0139833 0.986017
2 0.993134 0.00686576
1 0.00125603 0.998744
1 1.08829e-06 0.999999
1 6.23877e-06 0.999994
1 0.429928 0.570072
2 0.999999 1.30549e-06
2 0.99999 1.00477e-05
1 0.0240762 0.975924
1 0.0538365 0.946164
2 0.99933 0.000669512
2 0.999998 1.71354e-06
1 0.000123507 0.999876
1 2.29801e-05 0.999977
2 0.999875 0.000124767
1 0.000601309 0.999399
1 0.00787609 0.992124
2 1 1e-07
2 0.96877 0.0312301
1 0.000757649 0.999242
1 9.73952e-07 0.999999
2 0.995823 0.00417735
1 0.00719587 0.992804
1 0.00343418 0.996566
1 0.0199504 0.98005
1 0.030345 0.969655
1 0.0109238 0.989076
2 0.999796 0.000204346
1 0.00212521 0.997875
2 0.927915 0.0720852
2 0.999996 4.07345e-06
2 0.932841 0.0671587
1 0.00262907 0.997371
2 0.998768 0.0012319
1 0.000150498 0.99985
1 3.01428e-05 0.99997
1 0.0938261 0.906174
2 0.999684 0.000315789
2 0.969351 0.030649
1 0.0133792 0.986621
1 0.00186735 0.998133
1 0.00181245 0.998188
1 0.0238534 0.976147
1 1.381e-05 0.999986
2 0.991669 0.00833086
1 0.0581926 0.941807
2 0.998565 0.00143549
2 0.999784 0.000216021
1 1.70867e-05 0.999983
1 3.66505e-07 1
1 0.0100534 0.989947
1 0.0196197 0.98038
2 0.818199 0.181801
1 0.0103321 0.989668
1 3.65558e-07 1
1 0.322749 0.677251
1 0.00639259 0.993607
2 0.998096 0.00190374
2 0.99988 0.000120448
1 0.171863 0.828137
2 0.999994 5.68832e-06
2 0.971394 0.0286056
1 0.00606347 0.993937
1 0.0205979 0.979402
1 2.55811e-05 0.999974
1 0.003423 0.996577
1 1e-07 1
1 0.00120981 0.99879
2 0.999946 5.43802e-05
2 0.994005 0.00599502
2 0.999934 6.61997e-05
2 0.999998 2.03917e-06
2 0.974558 0.0254419
1 0.470538 0.529462
1 1e-07 1
2 1 1e-07
1 0.0566924 0.943308
2 0.999912 8.84121e-05
1 0.188095 0.811905
1 0.0625869 0.937413
2 0.756607 0.243393
1 0.000121279 0.999879
1 0.0329563 0.967044
2 0.999866 0.000133798
1 0.159661 0.840339
1 1e-07 1
2 0.519083 0.480917
1 0.000454755 0.999545
1 0.0327875 0.967212
2 0.98182 0.0181796
2 0.922101 0.077899
1 8.59661e-06 0.999991
2 0.965217 0.0347832
1 0.0144267 0.985573
1 0.334083 0.665917
2 0.999999 5.98686e-07
2 0.997119 0.0028806
2 0.893895 0.106105
1 0.00836535 0.991635
2 0.999999 1.34932e-06
1 0.0155159 0.984484
1 0.0516002 0.9484
2 0.988392 0.0116081
1 0.000111685 0.999888
1 0.0216039 0.978396
1 0.0132466 0.986753
1 0.146433 0.853567
1 1e-07 1
2 0.985762 0.014238
1 0.121279 0.878721
2 0.996514 0.00348551
2 0.996723 0.00327743
1 0.264542 0.735458
2 0.888959 0.111041
1 0.0135145 0.986485
1 1.94965e-05 0.999981
1 0.0836193 0.916381
2 0.999999 1.41531e-06
1 0.0324144 0.967586
1 0.0134602 0.98654
1 8.05742e-05 0.999919
2 0.988683 0.0113173
2 0.95302 0.04698
1 0.000760823 0.999239
1 0.00516404 0.994836
2 0.990562 0.00943765
2 0.999233 0.000766549
1 0.333054 0.666946
1 0.00529167 0.994708
2 0.999809 0.00019061
1 0.207266 0.792734
1 0.00316371 0.996836
1 0.136576 0.863424
1 0.0042937 0.995706
1 0.317135 0.682865
1 0.0566223 0.943378
2 0.999996 4.37501e-06
1 8.66711e-05 0.999913
2 1 1e-07
1 0.0264812 0.973519
1 1e-07 1
1 0.0148513 0.985149
1 0.0168036 0.983196
1 1.61683e-07 1
2 0.999444 0.000556159
1 0.0576713 0.942329
1 0.161338 0.838662
1 0.00741366 0.992586
1 0.00515183 0.994848
2 0.999999 5.99766e-07
1 0.247927 0.752073
1 1e-07 1
1 1.14653e-05 0.999989
1 0.203876 0.796124
1 0.0165567 0.983443
1 0.0119633 0.988037
2 1 1e-07
2 1 1e-07
1 0.00646973 0.99353
1 4.04787e-05 0.99996
1 1e-07 1
1 0.472939 0.527061
2 0.997181 0.00281861
1 0.000163126 0.999837
2 1 1e-07
2 0.95309 0.04691
1 3.53233e-07 1
2 0.986355 0.0136446
2 0.99998 2.0174e-05
1 0.222707 0.777293
2 0.999995 5.39182e-06
1 0.00196302 0.998037
2 0.799477 0.200523
1 0.000301411 0.999699
1 0.00104366 0.998956
2 0.999771 0.000229267
2 0.999855 0.000145432
1 0.425234 0.574766
1 0.0211589 0.978841
1 6.16243e-06 0.999994
1 0.378114 0.621886
2 0.999735 0.000264763
2 0.993188 0.00681216
2 0.998867 0.00113348
1 0.0456284 0.954372
1 0.0129873 0.987013
2 0.941781 0.0582188
1 0.0570354 0.942965
1 1e-07 1
2 0.9986 0.00139956
1 7.45341e-07 0.999999
1 1.19324e-05 0.999988
2 0.999999 1.11736e-06
1 0.00330884 0.996691
2 0.999999 9.38974e-07
1 1.59701e-05 0.999984
1 0.000796348 0.999204
2 0.993746 0.0062543
2 0.999999 9.60786e-07
1 0.000163695 0.999836
1 0.000255346 0.999745
1 1e-07 1
1 1e-07 1
1 0.00131423 0.998686
2 0.95114 0.0488598
2 0.579931 0.420069
1 0.00051747 0.999483
1 0.00249895 0.997501
2 0.999993 6.736e-06
2 0.995656 0.00434353
2 0.999747 0.000252631
2 0.734549 0.265451
1 0.0815081 0.918492
1 0.000550723 0.999449
1 0.005661 0.994339
1 7.33549e-05 0.999927
1 0.0647158 0.935284
2 1 1.31398e-07
1 0.0177874 0.982213
1 1.88847e-05 0.999981
1 0.00858921 0.991411
1 0.0303412 0.969659
1 0.00171564 0.998284
2 0.999828 0.00017215
1 0.00156167 0.998438
2 0.890873 0.109127
2 0.972232 0.0277684
1 0.0130136 0.986986
1 0.00744931 0.992551
1 0.042422 0.957578
1 0.00638043 0.99362
1 0.000894126 0.999106
1 0.00674315 0.993257
1 0.0141075 0.985892
2 0.999994 6.27921e-06
1 1e-07 1
1 1e-07 1
1 0.00177717 0.998223
2 1 1.39509e-07
1 0.0060804 0.99392
2 0.791303 0.208697
1 0.0213315 0.978668
2 0.999276 0.000724091
2 0.546797 0.453203
2 1 1e-07
1 0.01495 0.98505
1 2.19533e-07 1
1 0.000341439 0.999659
1 0.00282656 0.997173
1 1e-07 1
2 0.918321 0.0816793
2 0.999676 0.000323568
1 0.00251149 0.997489
2 0.99908 0.00092039
1 4.08358e-05 0.999959
1 0.00261876 0.997381
2 0.988156 0.0118445
1 3.06016e-07 1
1 0.000117658 0.999882
1 0.00980276 0.990197
2 0.998774 0.00122581
1 0.0037005 0.996299
1 1e-07 1
2 0.964685 0.0353147
1 0.000474378 0.999526
2 0.970655 0.0293446
1 0.0124502 0.98755
1 0.00144777 0.998552
1 4.47809e-06 0.999996
1 0.00222621 0.997774
1 0.0109477 0.989052
1 0.00103686 0.998963
1 0.0436668 0.956333
2 0.999855 0.000144618
1 3.3438e-06 0.999997
2 0.99416 0.00583961
1 3.99531e-05 0.99996
2 0.98655 0.0134504
1 4.37381e-05 0.999956
2 0.999926 7.4216e-05
2 1 1e-07
2 0.999998 1.89605e-06
1 0.013666 0.986334
1 0.000888069 0.999112
1 7.92004e-06 0.999992
1 0.00254116 0.997459
1 0.23264 0.76736
2 0.998786 0.00121418
2 0.999995 5.39957e-06
1 0.0167427 0.983257
1 0.00395451 0.996045
2 0.94493 0.0550702
2 0.986075 0.0139249
1 0.000955808 0.999044
2 0.59941 0.40059
1 0.000273965 0.999726
2 1 1e-07
1 0.0244847 0.975515
1 0.00286017 0.99714
2 0.999982 1.78044e-05
1 0.0183488 0.981651
1 0.0244387 0.975561
1 4.47405e-05 0.999955
1 0.0298608 0.970139
1 0.000720339 0.99928
1 1.55445e-05 0.999984
1 0.101615 0.898385
2 0.999679 0.000320538
1 0.0111465 0.988854
1 1e-07 1
1 0.00420534 0.995795
2 0.745281 0.254719
1 0.00518374 0.994816
2 0.999756 0.000243774
2 0.9974 0.00260019
1 0.000987803 0.999012
1 1.48774e-05 0.999985
1 0.0114783 0.988522
1 0.0809265 0.919074
1 0.00176247 0.998238
1 0.000834038 0.999166
1 0.00236725 0.997633
1 0.00029991 0.9997
1 0.0604227 0.939577
1 1e-07 1
2 0.999992 7.87105e-06
2 0.809646 0.190354
1 0.000275418 0.999725
1 0.000778821 0.999221
2 0.999978 2.15608e-05
2 0.999669 0.000330518
1 0.000726922 0.999273
1 1.04996e-06 0.999999
2 0.77568 0.22432
1 1.07421e-07 1
1 1.12917e-05 0.999989
1 0.0717729 0.928227
1 0.0248201 0.97518
2 0.999995 4.78405e-06
1 0.0143087 0.985691
1 0.00319333 0.996807
1 1e-07 1
2 0.74514 0.25486
1 1.05566e-06 0.999999
1 1e-07 1
1 4.6575e-05 0.999953
1 0.0124991 0.987501
1 4.19843e-05 0.999958
2 0.579327 0.420673
1 5.92704e-07 0.999999
2 0.999981 1.88267e-05
1 4.8272e-07 1
1 0.00580124 0.994199
2 0.984213 0.0157869
1 0.00136538 0.998635
1 6.36391e-06 0.999994
1 0.0538899 0.94611
1 2.62566e-06 0.999997
2 0.999998 2.1075e-06
2 0.999657 0.000343485
2 0.995252 0.00474766
1 0.00212065 0.997879
2 0.971251 0.0287485
1 0.00824732 0.991753
1 0.0154786 0.984521
1 0.00442898 0.995571
1 0.00120369 0.998796
2 0.999979 2.11499e-05
1 0.0273615 0.972639
1 0.0275746 0.972425
1 8.03076e-06 0.999992
2 0.748808 0.251192
2 0.999592 0.000407997
2 0.996331 0.00366877
2 0.975266 0.0247344
2 0.999754 0.000245645
1 7.70972e-05 0.999923
1 0.00329563 0.996704
1 0.00352 0.99648
2 0.992406 0.00759426
1 0.0971921 0.902808
1 0.00326946 0.996731
1 0.000521185 0.999479
2 0.999831 0.000169388
2 0.999999 8.87836e-07
2 0.891295 0.108705
1 0.00453946 0.995461
1 0.0381551 0.961845
1 0.0304832 0.969517
2 0.999912 8.82076e-05
1 0.0292966 0.970703
2 1 1e-07
1 9.14231e-06 0.999991
1 0.0172234 0.982777
1 0.274605 0.725395
2 0.999021 0.000978566
2 0.999997 2.86836e-06
1 0.0202858 0.979714
1 0.150072 0.849928
2 0.993758 0.00624216
2 0.999712 0.000288302
1 0.0564906 0.943509
1 0.0131367 0.986863
1 0.00182164 0.998178
1 0.0917785 0.908222
1 0.00570465 0.994295
2 0.999965 3.49932e-05
1 1e-07 1
2 1 1e-07
1 0.00048229 0.999518
1 0.000144304 0.999856
1 0.00202384 0.997976
1 0.0118257 0.988174
1 8.89133e-05 0.999911
1 0.00122543 0.998775
1 4.03423e-06 0.999996
2 0.999968 3.18078e-05
1 0.000190465 0.99981
1 0.00131956 0.99868
1 0.00169819 0.998302
2 0.999999 1.28786e-06
1 0.000705508 0.999294
1 1e-07 1
2 0.99843 0.00156976
2 0.900672 0.0993283
1 1e-07 1
1 0.485694 0.514306
1 0.0130634 0.986937
2 0.998428 0.00157243
1 0.0135858 0.986414
2 0.999396 0.000603629
2 0.994515 0.00548468
2 0.999005 0.000994812
1 1.88036e-05 0.999981
1 1.94082e-06 0.999998
2 0.715513 0.284487
1 0.00201507 0.997985
1 1e-07 1
2 1 1e-07
1 1e-07 1
2 0.999982 1.77089e-05
2 1 1e-07
1 2.65287e-05 0.999973
1 0.0203973 0.979603
2 0.997119 0.00288095
2 0.996976 0.00302439
1 0.00124643 0.998754
2 0.999574 0.000425858
1 0.00129801 0.998702
1 4.51849e-06 0.999995
1 0.000140343 0.99986
1 0.0137766 0.986223
1 0.0436891 0.956311
1 0.0824441 0.917556
1 0.036415 0.963585
2 1 1.42574e-07
2 1 1e-07
1 0.00868827 0.991312
1 0.33425 0.66575
2 0.984987 0.0150126
1 0.000345968 0.999654
1 0.00371027 0.99629
1 0.0196057 0.980394
1 0.00333998 0.99666
1 1e-07 1
2 0.999684 0.000316301
1 0.0523725 0.947628
2 0.999964 3.55297e-05
2 0.574554 0.425446
1 0.0106413 0.989359
1 0.013503 0.986497
1 0.0140903 0.98591
1 0.00521163 0.994788
1 1.13601e-05 0.999989
1 0.0189313 0.981069
1 0.0122628 0.987737
1 0.0157441 0.984256
2 0.999475 0.000524521
2 1 1e-07
1 0.000475934 0.999524
2 0.999999 1.43878e-06
1 0.00229395 0.997706
1 0.0410056 0.958994
2 0.75969 0.24031
1 0.00342982 0.99657
1 1.66184e-06 0.999998
1 0.00367003 0.99633
2 0.772404 0.227596
2 0.999898 0.000101842
1 1e-07 1
2 0.999669 0.000331195
1 0.0681761 0.931824
2 0.999986 1.4254e-05
2 0.999987 1.28533e-05
2 0.997696 0.00230356
1 0.10172 0.89828
2 0.905466 0.0945336
1 0.000399719 0.9996
1 2.11966e-05 0.999979
1 0.000312753 0.999687
2 0.999884 0.000115581
2 1 2.90078e-07
2 0.998642 0.00135783
2 0.930095 0.069905
1 1e-07 1
1 0.166034 0.833966
1 0.000430022 0.99957
1 0.317146 0.682854
1 0.0071081 0.992892
1 0.0783713 0.921629
2 0.999977 2.25089e-05
1 0.0162474 0.983753
1 0.00321587 0.996784
2 0.995383 0.00461668
2 0.999539 0.000461081
1 0.000614239 0.999386
2 0.998699 0.00130102
1 0.0813099 0.91869
2 0.999803 0.000197175
1 0.0136552 0.986345
2 0.999907 9.25245e-05
2 0.994845 0.00515492
2 0.999995 5.33509e-06
1 0.000160287 0.99984
1 0.000177652 0.999822
2 0.999866 0.000134366
1 0.163287 0.836713
1 0.00183523 0.998165
2 0.995535 0.00446523
2 0.998367 0.00163283
1 0.188517 0.811483
2 0.999329 0.000670535
2 1 1e-07
1 0.0204702 0.97953
2 0.881522 0.118478
1 0.0004123 0.999588
2 0.995898 0.00410211
2 1 1e-07
1 0.00257555 0.997424
1 0.00906596 0.990934
1 0.000186152 0.999814
1 0.0744683 0.925532
1 0.0212626 0.978737
1 0.00639045 0.99361
2 0.999076 0.000924443
1 4.5504e-07 1
1 0.0331455 0.966854
2 0.993965 0.00603505
1 0.0127973 0.987203
1 1e-07 1
1 0.00064612 0.999354
2 0.999996 4.44441e-06
2 0.999991 8.65219e-06
1 0.0695178 0.930482
2 0.97959 0.0204098
2 0.999811 0.000188559
2 0.923896 0.0761045
2 0.529212 0.470788
2 0.975222 0.0247782
1 0.00729877 0.992701
1 0.0106127 0.989387
1 0.0769143 0.923086
1 8.22029e-05 0.999918
1 6.66258e-05 0.999933
1 0.0666298 0.93337
1 0.0103055 0.989695
2 0.913842 0.0861582
1 1e-07 1
1 0.0119182 0.988082
2 0.99997 3.0301e-05
2 0.99997 2.95846e-05
1 0.0284423 0.971558
2 0.999051 0.000949326
1 0.00160176 0.998398
2 0.999975 2.53416e-05
2 0.999181 0.000819095
1 0.0041658 0.995834
1 0.000140781 0.999859
1 0.00118743 0.998813
2 0.726924 0.273076
2 0.999931 6.94461e-05
2 0.999999 1.47944e-06
1 0.0209514 0.979049
1 0.0247682 0.975232
1 0.00117274 0.998827
1 0.000531588 0.999468
2 0.994377 0.00562348
2 0.558425 0.441575
1 1e-07 1
1 4.63154e-06 0.999995
1 4.66126e-06 0.999995
2 0.999948 5.20989e-05
1 8.32659e-05 0.999917
1 0.437208 0.562792
2 0.999969 3.07273e-05
1 0.000361118 0.999639
2 0.980769 0.019231
1 0.00229443 0.997706
1 0.000336781 0.999663
1 0.00254808 0.997452
1 0.000232914 0.999767
1 0.0281261 0.971874
2 0.998676 0.00132431
1 0.000745857 0.999254
1 0.063683 0.936317
2 0.825612 0.174388
2 0.995915 0.00408521
1 0.0199125 0.980087
1 0.000121203 0.999879
1 0.000921351 0.999079
2 0.969884 0.030116
2 0.996182 0.00381812
1 0.0014605 0.99854
1 0.148105 0.851895
1 1e-07 1
1 0.0294416 0.970558
1 0.000420523 0.999579
1 1e-07 1
1 0.0226188 0.977381
1 0.0691842 0.930816
1 0.0822018 0.917798
1 0.000578846 0.999421
1 0.00535155 0.994648
2 0.909225 0.0907748
1 0.206338 0.793662
2 0.999965 3.50307e-05
2 0.999734 0.000266151
1 0.000550431 0.99945
2 0.978471 0.0215288
2 0.893564 0.106436
1 0.12279 0.87721
1 0.0695522 0.930448
2 0.929307 0.070693
1 0.0587028 0.941297
1 0.0420485 0.957951
1 0.0672205 0.93278
1 0.255912 0.744088
1 1e-07 1
2 0.859777 0.140223
1 1.20158e-05 0.999988
2 0.994907 0.00509254
1 0.347432 0.652568
2 0.999035 0.000965417
1 1e-07 1
1 0.00670434 0.993296
1 0.0164345 0.983566
2 0.999975 2.53205e-05
1 0.0104501 0.98955
2 0.741329 0.258671
1 0.00479882 0.995201
1 0.00048002 0.99952
1 0.00321687 0.996783
2 0.995794 0.00420643
2 0.999996 4.21329e-06
1 0.0108838 0.989116
1 8.28193e-05 0.999917
1 0.0349199 0.96508
1 2.36833e-05 0.999976
2 0.989694 0.0103061
2 0.994763 0.00523721
1 0.000387785 0.999612
1 0.00240082 0.997599
1 0.00547523 0.994525
2 0.99986 0.000140491
1 0.163402 0.836598
1 0.0119195 0.988081
2 0.77007 0.22993
1 1e-07 1
1 0.00600411 0.993996
1 0.000289263 0.999711
2 1 1.88712e-07
2 0.996293 0.00370655
1 1.86931e-06 0.999998
1 0.048823 0.951177
1 1e-07 1
2 0.999373 0.000626628
1 0.000318743 0.999681
1 0.0587925 0.941207
2 0.995243 0.00475696
1 0.01382 0.98618
1 0.00119185 0.998808
2 0.998721 0.00127914
1 0.0162471 0.983753
1 0.012164 0.987836
2 0.993671 0.00632908
1 1e-07 1
2 0.990125 0.00987471
1 0.000559031 0.999441
2 1 1e-07
1 0.0246826 0.975317
1 0.000505002 0.999495
1 4.2716e-06 0.999996
1 4.05212e-05 0.999959
1 4.85574e-05 0.999951
2 0.991928 0.00807192
1 0.000995701 0.999004
2 0.975373 0.024627
1 2.42666e-06 0.999998
1 0.330059 0.669941
1 0.0022901 0.99771
2 0.913824 0.0861764
2 0.998457 0.00154287
1 0.000114241 0.999886
1 1.68174e-06 0.999998
1 0.195286 0.804714
1 0.0147909 0.985209
2 0.605255 0.394745
1 0.00145927 0.998541
1 0.00106398 0.998936
2 0.821747 0.178253
1 1e-07 1
2 0.591394 0.408606
1 0.0392118 0.960788
1 0.00043945 0.999561
1 1e-07 1
1 0.000966148 0.999034
1 1e-07 1
1 0.00208342 0.997917
1 0.00210965 0.99789
2 0.999867 0.000133124
2 0.986152 0.0138484
2 0.998162 0.00183811
2 0.999769 0.000231414
1 1e-07 1
1 8.21648e-07 0.999999
1 1e-07 1
2 0.969865 0.0301347
1 3.90722e-06 0.999996
1 0.00297071 0.997029
2 0.999936 6.41622e-05
1 0.218438 0.781562
1 0.00131117 0.998689
2 0.991014 0.00898593
1 9.70401e-06 0.99999
2 0.999921 7.90395e-05
1 3.24712e-05 0.999968
2 0.999998 1.62344e-06
2 0.996523 0.00347738
1 9.08441e-05 0.999909
1 2.04682e-05 0.99998
1 0.0009797 0.99902
1 6.68497e-06 0.999993
2 0.999784 0.000215933
2 1 1e-07
1 0.0109095 0.989091
1 8.10897e-06 0.999992
1 0.000108502 0.999891
1 0.000505015 0.999495
1 0.0103478 0.989652
1 0.0001745 0.999826
1 0.000710356 0.99929
2 0.955771 0.044229
2 0.997876 0.00212418
2 0.999906 9.44178e-05
1 0.000130207 0.99987
1 0.0702258 0.929774
2 0.999986 1.40763e-05
1 0.00021682 0.999783
1 0.0071359 0.992864
1 0.00724787 0.992752
1 5.77298e-05 0.999942
1 0.00870151 0.991298
1 0.0100455 0.989954
1 3.59866e-05 0.999964
2 0.644608 0.355392
1 0.164805 0.835195
1 0.0226039 0.977396
2 1 1e-07
1 0.220313 0.779687
1 0.0126372 0.987363
1 0.000945132 0.999055
1 0.000301682 0.999698
1 0.00120806 0.998792
1 0.0223633 0.977637
1 0.00276221 0.997238
1 0.0659182 0.934082
2 0.999483 0.00051723
1 3.74045e-05 0.999963
1 1.14576e-07 1
1 0.00102977 0.99897
1 2.84565e-05 0.999972
1 0.0021494 0.997851
2 0.991672 0.00832835
2 0.999831 0.000168911
1 0.00189039 0.99811
1 0.01266 0.98734
1 0.000113709 0.999886
1 0.00466016 0.99534
2 0.781087 0.218913
1 0.242116 0.757884
1 0.0117511 0.988249
1 5.31933e-05 0.999947
1 0.0153099 0.98469
2 1 1e-07
1 0.000951823 0.999048
1 8.5356e-05 0.999915
2 0.999948 5.20681e-05
1 0.0115592 0.988441
1 0.00238979 0.99761
1 1.47753e-05 0.999985
1 0.0229572 0.977043
1 4.81324e-06 0.999995
1 0.0293437 0.970656
2 0.961416 0.0385838
1 6.53271e-05 0.999935
1 0.014417 0.985583
1 1e-07 1
1 0.0554288 0.944571
2 0.99982 0.000179827
2 1 1e-07
2 1 4.51596e-07
2 0.878488 0.121512
1 6.59359e-07 0.999999
2 0.999991 8.59735e-06
2 0.991592 0.00840786
1 0.00077967 0.99922
2 0.999788 0.000211874
1 4.57578e-05 0.999954
1 0.000445756 0.999554
2 0.987059 0.0129408
1 7.33045e-05 0.999927
1 8.72023e-05 0.999913
1 1.35809e-05 0.999986
2 0.938728 0.0612721
1 0.00208931 0.997911
1 0.00968062 0.990319
1 0.101666 0.898334
2 0.560914 0.439086
1 0.00277906 0.997221
2 0.999996 4.24705e-06
2 0.997295 0.00270459
1 0.0504546 0.949545
1 0.0192508 0.980749
1 0.000544555 0.999455
1 3.13031e-05 0.999969
2 0.908893 0.0911074
1 0.223484 0.776516
2 0.919114 0.080886
2 0.967615 0.0323852
1 0.00207391 0.997926
1 7.31472e-05 0.999927
1 0.00017711 0.999823
1 0.228651 0.771349
1 0.00742647 0.992574
2 1 2.73405e-07
1 0.0302292 0.969771
1 0.0282374 0.971763
1 2.18013e-05 0.999978
2 0.997631 0.00236926
1 0.012277 0.987723
1 0.00224311 0.997757
1 0.00422938 0.995771
2 0.999993 6.6726e-06
2 0.946492 0.0535081
1 1e-07 1
1 0.0800515 0.919949
1 0.00080619 0.999194
1 0.0464049 0.953595
1 0.000644342 0.999356
1 0.00601795 0.993982
1 3.1032e-05 0.999969
1 9.67624e-07 0.999999
1 0.0130802 0.98692
2 0.972102 0.0278985
1 0.00462421 0.995376
1 0.00254523 0.997455
2 0.997345 0.00265507
1 0.00441784 0.995582
1 0.000650731 0.999349
2 0.998168 0.00183163
2 0.958573 0.0414269
2 0.983153 0.0168465
1 0.33833 0.66167
1 0.00242782 0.997572
2 0.999043 0.00095723
2 0.907311 0.0926887
1 0.0010544 0.998946
1 1e-07 1
2 0.999993 6.59244e-06
2 0.695977 0.304023
2 0.999671 0.000329342
1 0.0482692 0.951731
1 2.41084e-05 0.999976
1 5.99726e-05 0.99994
1 0.00827272 0.991727
1 0.047521 0.952479
2 0.943774 0.0562263
1 0.000282684 0.999717
2 0.998639 0.00136061
2 0.99994 5.95523e-05
1 0.0455463 0.954454
1 1e-07 1
1 0.00266069 0.997339
2 0.951241 0.0487594
1 1e-07 1
2 0.999983 1.69268e-05
2 0.999962 3.81826e-05
2 0.999906 9.44226e-05
2 0.999932 6.75812e-05
2 0.52263 0.47737
1 5.01663e-07 0.999999
1 1e-07 1
2 0.999934 6.60084e-05
1 7.02821e-05 0.99993
2 0.999983 1.71079e-05
1 0.00231246 0.997688
1 0.0318406 0.968159
1 0.000440746 0.999559
2 0.98146 0.0185399
1 0.00655136 0.993449
1 0.0120764 0.987924
1 0.00156049 0.99844
2 0.989866 0.0101342
1 0.0893247 0.910675
1 5.82549e-06 0.999994
2 1 1e-07
1 0.00492027 0.99508
1 1e-07 1
1 0.00424441 0.995756
1 0.0127968 0.987203
1 0.00377826 0.996222
2 0.999993 7.17955e-06
1 0.00123915 0.998761
1 5.80444e-05 0.999942
1 1e-07 1
1 0.166593 0.833407
2 1 1e-07
1 1e-07 1
1 6.97851e-07 0.999999
2 1 1e-07
2 0.994289 0.00571075
1 1e-07 1
1 0.000405708 0.999594
2 0.999997 2.88465e-06
2 0.999971 2.94369e-05
2 1 1e-07
1 0.00643581 0.993564
1 0.067613 0.932387
1 0.0431198 0.95688
2 0.981117 0.0188833
1 0.026109 0.973891
2 0.988468 0.0115318
2 0.998579 0.00142123
2 0.999881 0.00011935
2 1 1e-07
1 0.00555382 0.994446
2 0.999994 6.22431e-06
1 0.0600425 0.939957
1 0.0802033 0.919797
1 0.0108684 0.989132
1 0.0541721 0.945828
2 0.928296 0.0717036
1 0.0192185 0.980781
1 0.000191263 0.999809
2 0.994506 0.00549449
1 0.150724 0.849276
1 0.00888043 0.99112
1 1.75137e-05 0.999982
2 0.950493 0.0495069
1 0.362758 0.637242
1 9.76031e-06 0.99999
2 0.999988 1.21585e-05
1 0.000940711 0.999059
1 4.56469e-05 0.999954
1 0.0140065 0.985993
1 0.0173479 0.982652
2 0.998088 0.00191188
1 0.00606162 0.993938
1 0.372661 0.627339
1 0.000225934 0.999774
2 0.999918 8.18225e-05
2 0.995665 0.00433464
1 0.0731548 0.926845
1 3.21852e-05 0.999968
1 0.00386401 0.996136
1 0.0156868 0.984313
2 0.989706 0.0102939
2 0.99989 0.000109996
1 0.000675999 0.999324
1 6.31732e-05 0.999937
1 0.0446227 0.955377
2 0.916687 0.0833126
2 0.999154 0.000845644
1 0.306859 0.693141
1 0.0141073 0.985893
1 0.165204 0.834796
1 0.000395744 0.999604
1 0.0127541 0.987246
2 0.999908 9.229e-05
1 0.430938 0.569062
2 1 1e-07
2 0.999993 7.34932e-06
2 1 1e-07
1 3.43774e-07 1
2 0.999996 4.19345e-06
1 0.444911 0.555089
1 0.00778614 0.992214
1 0.123826 0.876174
1 0.0237018 0.976298
1 0.000380198 0.99962
1 0.000249475 0.999751
2 0.935772 0.0642278
1 0.269235 0.730765
1 0.123495 0.876505
1 0.0130678 0.986932
1 0.000234036 0.999766
1 7.61164e-07 0.999999
1 1.68222e-05 0.999983
1 0.00291053 0.997089
2 0.994995 0.00500531
2 1 1e-07
1 6.81982e-06 0.999993
1 0.0281807 0.971819
2 0.999525 0.000474877
2 0.997948 0.00205153
2 0.996769 0.00323094
1 9.25046e-05 0.999907
1 0.00405413 0.995946
1 0.256426 0.743574
1 1e-07 1
1 0.0236194 0.976381
2 0.999723 0.000276622
2 0.994634 0.00536619
2 0.999881 0.000118599
2 0.99625 0.00374975
2 0.965698 0.0343019
2 0.886241 0.113759
1 0.231251 0.768749
1 0.0688634 0.931137
1 0.000178334 0.999822
2 1 1e-07
2 0.994005 0.005995
1 0.0185234 0.981477
2 0.961927 0.0380725
2 0.91944 0.0805604
2 0.999993 7.03051e-06
1 0.00225682 0.997743
2 0.99105 0.0089501
2 0.997041 0.00295929
2 0.982159 0.0178414
1 6.66213e-05 0.999933
1 0.00183264 0.998167
1 0.00266131 0.997339
1 0.0330896 0.96691
1 0.00177713 0.998223
2 0.999994 5.84284e-06
1 9.53008e-05 0.999905
1 0.000485345 0.999515
2 0.976284 0.0237156
1 0.0142755 0.985724
1 0.000221208 0.999779
2 0.995861 0.00413861
2 0.926581 0.0734195
2 1 1e-07
2 0.997999 0.00200065
1 0.00915354 0.990846
1 0.0396013 0.960399
2 0.999928 7.16654e-05
1 7.00438e-06 0.999993
1 1e-07 1
1 8.97427e-06 0.999991
1 0.00159022 0.99841
1 0.000174676 0.999825
2 1 1e-07
2 0.998989 0.00101116
2 0.999991 9.01903e-06
1 0.177832 0.822168
2 1 1e-07
1 0.00743871 0.992561
2 0.997858 0.00214159
1 0.00149645 0.998504
1 0.0208316 0.979168
1 1e-07 1
1 0.000497576 0.999502
1 0.0453724 0.954628
1 0.00330124 0.996699
1 0.02074 0.97926
1 0.0221049 0.977895
1 2.08174e-07 1
2 0.997481 0.00251871
2 0.934539 0.0654614
1 0.0525506 0.947449
1 2.88759e-07 1
2 0.999624 0.00037597
1 0.274564 0.725436
2 0.999997 3.13246e-06
1 0.446759 0.553241
2 1 1e-07
1 0.00254915 0.997451
2 0.990242 0.00975826
2 0.999995 4.88108e-06
1 0.00761809 0.992382
2 0.98848 0.0115197
1 5.90216e-05 0.999941
1 0.0198194 0.980181
1 3.90559e-05 0.999961
1 0.0318453 0.968155
1 0.0940613 0.905939
1 0.0924142 0.907586
2 0.999988 1.19369e-05
2 0.999905 9.50822e-05
2 0.693334 0.306666
2 0.889022 0.110978
1 1.27106e-05 0.999987
2 0.926112 0.0738884
2 0.999605 0.000395394
1 1e-07 1
1 0.311487 0.688513
1 5.50668e-06 0.999994
1 0.00057569 0.999424
1 0.000477006 0.999523
1 0.00164741 0.998353
1 0.000356708 0.999643
2 0.949191 0.0508093
1 0.172028 0.827972
1 4.62238e-05 0.999954
1 0.00386639 0.996134
1 1.80619e-05 0.999982
1 0.00274997 0.99725
2 0.954931 0.0450691
1 0.0206082 0.979392
1 0.00644642 0.993554
1 0.000521753 0.999478
1 0.00701153 0.992988
2 0.997987 0.00201273
1 0.0131529 0.986847
1 0.00689928 0.993101
1 0.0748275 0.925173
2 0.863471 0.136529
1 0.010741 0.989259
1 0.0446979 0.955302
1 0.0141394 0.985861
2 0.999984 1.59769e-05
1 0.104503 0.895497
1 0.00913312 0.990867
1 0.0175743 0.982426
2 0.912742 0.087258
1 0.0955101 0.90449
1 0.391778 0.608222
2 0.748976 0.251024
2 0.999169 0.000830583
1 0.0195518 0.980448
2 0.995534 0.00446605
1 1.22154e-05 0.999988
1 0.119021 0.880979
2 0.999976 2.36543e-05
2 0.995995 0.00400509
1 1.92667e-07 1
1 0.316477 0.683523
2 0.999984 1.56976e-05
1 0.0062583 0.993742
2 0.999898 0.000101654
1 0.00043601 0.999564
1 0.231588 0.768412
2 0.997612 0.00238792
1 0.0133373 0.986663
1 0.00293656 0.997063
2 0.747823 0.252177
2 0.93048 0.0695204
2 0.999996 4.18531e-06
2 0.752013 0.247987
2 0.999958 4.20293e-05
2 0.999985 1.47144e-05
2 1 1e-07
1 0.0114683 0.988532
1 1e-07 1
1 0.00493449 0.995066
1 0.00725519 0.992745
2 0.985408 0.0145916
1 0.00123836 0.998762
1 0.00373147 0.996269
1 0.000566567 0.999433
2 0.999815 0.00018538
2 0.981278 0.0187218
1 0.108259 0.891741
2 0.999703 0.000296928
1 0.00277641 0.997224
1 5.44793e-06 0.999995
1 0.000236783 0.999763
1 2.48138e-05 0.999975
2 0.998613 0.00138719
1 4.02788e-07 1
1 6.15159e-07 0.999999
1 0.100602 0.899398
2 0.999208 0.000792011
2 0.999996 3.96558e-06
1 0.00174026 0.99826
1 0.00305449 0.996946
1 1e-07 1
1 0.000325483 0.999675
1 0.171054 0.828946
2 0.846702 0.153298
1 0.113843 0.886157
2 0.952625 0.0473747
1 1.79689e-06 0.999998
1 0.00184499 0.998155
1 0.000371327 0.999629
1 0.00093088 0.999069
2 0.837885 0.162115
2 0.988454 0.0115461
1 1e-07 1
1 2.55892e-05 0.999974
1 0.00430151 0.995698
1 0.317993 0.682007
2 0.999919 8.09758e-05
1 0.0115966 0.988403
2 0.970899 0.0291008
1 0.0309281 0.969072
1 0.00236923 0.997631
1 0.00217929 0.997821
1 0.00390676 0.996093
1 0.00545192 0.994548
1 0.00426685 0.995733
1 0.000466723 0.999533
2 0.99996 3.96327e-05
1 0.0113363 0.988664
1 1e-07 1
1 0.00818117 0.991819
1 0.000819954 0.99918
2 0.999478 0.000521996
1 0.0115101 0.98849
1 3.12468e-05 0.999969
1 0.0163459 0.983654
1 0.198732 0.801268
1 0.0114016 0.988598
2 0.997396 0.00260416
2 0.818625 0.181375
1 0.0195769 0.980423
2 0.999858 0.000142027
1 0.412021 0.587979
2 0.678529 0.321471
1 6.87884e-05 0.999931
2 0.999975 2.54564e-05
1 1.17406e-05 0.999988
2 0.839695 0.160305
1 0.0135611 0.986439
2 0.895488 0.104512
1 0.424919 0.575081
1 0.311614 0.688386
2 0.99923 0.000770484
1 3.08775e-05 0.999969
1 0.0019225 0.998078
2 0.999828 0.000171838
2 0.999873 0.00012676
1 0.000341688 0.999658
1 0.0203916 0.979608
1 0.0587889 0.941211
2 0.999751 0.000248703
2 0.998545 0.00145466
2 0.932622 0.0673778
1 1e-07 1
1 0.0107775 0.989222
2 1 1e-07
1 3.74324e-06 0.999996
1 0.00280614 0.997194
2 1 1e-07
1 5.8383e-05 0.999942
1 0.00256676 0.997433
2 0.969025 0.0309751
2 0.984466 0.0155345
1 0.0397957 0.960204
1 1e-07 1
1 0.0437642 0.956236
1 2.78293e-05 0.999972
2 0.999999 6.59306e-07
1 4.88362e-07 1
1 0.0112781 0.988722
1 0.0099751 0.990025
1 0.0252205 0.974779
1 0.0436648 0.956335
2 0.982675 0.0173245
1 8.605e-06 0.999991
1 0.000193874 0.999806
1 1e-07 1
2 0.999997 2.64005e-06
1 0.00796166 0.992038
2 0.981413 0.0185871
1 0.000369859 0.99963
1 0.00497742 0.995023
1 0.00146476 0.998535
1 0.00306053 0.996939
1 0.0056748 0.994325
1 0.0249422 0.975058
1 0.0417323 0.958268
1 1.69583e-05 0.999983
1 0.00192574 0.998074
2 0.863713 0.136287
1 2.67787e-05 0.999973
1 0.011458 0.988542
1 0.19344 0.80656
1 0.00965055 0.990349
1 0.00158888 0.998411
1 0.00467314 0.995327
1 0.00245401 0.997546
2 0.999689 0.000310676
1 4.01297e-05 0.99996
2 0.981375 0.0186252
2 0.999993 6.84656e-06
1 0.00025667 0.999743
2 0.867607 0.132393
1 0.0105907 0.989409
1 0.0540738 0.945926
2 0.995432 0.00456771
1 0.000493317 0.999507
1 1e-07 1
1 0.00750832 0.992492
1 2.45805e-05 0.999975
1 1e-07 1
1 0.0814394 0.918561
1 0.0263793 0.973621
1 0.379098 0.620902
1 1.041e-06 0.999999
1 0.414107 0.585893
1 0.00915003 0.99085
2 0.999864 0.000135574
1 0.00302317 0.996977
1 0.0557702 0.94423
1 4.14781e-07 1
2 0.999986 1.41922e-05
1 1e-07 1
1 2.48722e-05 0.999975
2 1 1e-07
1 0.000191856 0.999808
1 0.406244 0.593756
1 0.0215441 0.978456
1 0.00168111 0.998319
1 0.043729 0.956271
1 7.14231e-06 0.999993
1 5.62857e-06 0.999994
2 0.982911 0.0170889
1 0.000132272 0.999868
1 0.108246 0.891754
2 0.999127 0.000873486
2 0.861573 0.138427
1 0.0260825 0.973918
2 0.999988 1.21705e-05
1 0.0556393 0.944361
2 0.988772 0.0112279
1 0.125698 0.874302
1 0.234916 0.765084
1 0.011081 0.988919
1 8.75714e-05 0.999912
1 0.000284492 0.999716
1 3.2998e-06 0.999997
2 0.524656 0.475344
1 0.00177504 0.998225
1 0.0484637 0.951536
1 0.00636698 0.993633
1 0.000271447 0.999729
2 0.931332 0.0686677
1 3.013e-05 0.99997
2 1 1e-07
1 0.00938425 0.990616
1 3.00146e-05 0.99997
2 1 1e-07
1 0.00522294 0.994777
2 0.676912 0.323088
1 2.63069e-06 0.999997
1 1.45176e-05 0.999985
1 0.00485581 0.995144
1 0.00403801 0.995962
1 0.0108746 0.989125
2 0.999962 3.76781e-05
1 7.24952e-06 0.999993
1 0.299744 0.700256
2 0.999949 5.10406e-05
1 0.00170444 0.998296
2 0.998645 0.00135456
1 0.0759407 0.924059
1 1.40237e-06 0.999999
1 0.123611 0.876389
2 1 1e-07
2 0.997143 0.00285687
1 0.000231794 0.999768
2 0.999995 5.43768e-06
1 0.0804781 0.919522
1 0.0179446 0.982055
1 2.95474e-05 0.99997
1 0.00186067 0.998139
1 0.0327322 0.967268
1 0.000584089 0.999416
1 0.018317 0.981683
2 0.999691 0.00030909
1 5.58614e-06 0.999994
1 0.0788796 0.92112
1 0.444331 0.555669
1 0.243957 0.756043
1 0.000171497 0.999829
2 0.974792 0.0252085
2 0.994584 0.0054156
2 0.999427 0.000573394
2 0.999831 0.000168869
1 0.034796 0.965204
1 0.308899 0.691101
1 0.0312652 0.968735
1 0.00239261 0.997607
1 0.000141286 0.999859
1 0.000517566 0.999482
2 0.948177 0.0518235
1 0.0103924 0.989608
1 0.00878564 0.991214
1 1.64341e-06 0.999998
1 1e-07 1
1 0.023217 0.976783
2 1 1e-07
1 0.00265862 0.997341
1 3.24642e-05 0.999968
1 0.0161114 0.983889
1 2.2089e-05 0.999978
1 0.0570038 0.942996
1 1.87577e-07 1
2 0.999806 0.000194202
1 0.00234005 0.99766
2 0.999998 2.21048e-06
1 0.0479464 0.952054
1 0.00020534 0.999795
2 0.999692 0.000307735
1 0.000273158 0.999727
2 0.999879 0.000121347
1 0.000535898 0.999464
2 0.853952 0.146048
1 0.00292828 0.997072
2 0.984567 0.0154335
1 4.95186e-05 0.99995
1 0.00273218 0.997268
2 0.97773 0.0222699
2 0.84849 0.15151
2 0.52587 0.47413
2 0.999818 0.000182005
1 0.0365275 0.963473
2 0.997331 0.00266886
1 8.4998e-05 0.999915
1 1e-07 1
1 0.0263927 0.973607
2 0.993943 0.00605742
1 0.000919116 0.999081
1 4.69933e-05 0.999953
1 3.1202e-07 1
1 1.66542e-05 0.999983
1 0.0165574 0.983443
2 0.999994 5.8269e-06
1 0.000820172 0.99918
2 0.995631 0.00436857
2 0.899397 0.100603
1 0.00146257 0.998537
2 0.914162 0.0858379
1 0.00033097 0.999669
1 0.00443793 0.995562
1 1e-07 1
1 0.00166339 0.998337
2 0.984518 0.0154825
2 0.674694 0.325306
1 0.0138193 0.986181
1 0.000346823 0.999653
1 0.063392 0.936608
1 0.00390969 0.99609
1 0.0532462 0.946754
1 0.00345228 0.996548
1 0.0825095 0.91749
1 0.0131393 0.986861
1 1.62237e-07 1
2 0.981586 0.0184139
1 0.0066355 0.993364
1 5.76851e-05 0.999942
1 0.00695724 0.993043
1 0.0812776 0.918722
1 0.0510399 0.94896
1 3.13956e-05 0.999969
1 0.124995 0.875005
2 0.976976 0.0230244
2 1 1e-07
2 0.999942 5.77001e-05
2 0.802701 0.197299
1 0.00873747 0.991263
1 0.0547159 0.945284
1 0.0226413 0.977359
1 1.5322e-05 0.999985
1 0.000402147 0.999598
1 0.0764608 0.923539
1 0.000704172 0.999296
1 0.00018242 0.999818
1 1e-07 1
1 1.36504e-07 1
1 0.151382 0.848618
1 0.402576 0.597424
2 0.999983 1.67053e-05
1 5.68113e-05 0.999943
1 0.000481183 0.999519
1 0.0176882 0.982312
1 1e-07 1
1 0.016331 0.983669
1 0.0338568 0.966143
2 0.997774 0.00222562
1 0.104244 0.895756
1 0.00610354 0.993896
2 0.995666 0.0043343
2 0.999999 5.22231e-07
2 0.999479 0.000520974
1 0.0417213 0.958279
1 0.0471057 0.952894
2 0.807656 0.192344
1 2.69888e-05 0.999973
1 1e-07 1
2 0.997942 0.00205789
1 0.00121665 0.998783
1 2.99426e-05 0.99997
2 0.999909 9.1386e-05
1 0.00450362 0.995496
2 0.695421 0.304579
1 0.0274249 0.972575
1 2.52119e-06 0.999997
1 0.00945829 0.990542
1 0.0113544 0.988646
1 0.00615791 0.993842
1 0.0293923 0.970608
1 0.00751877 0.992481
1 0.0284801 0.97152
2 1 1.46902e-07
2 0.999188 0.000811598
1 2.38403e-05 0.999976
1 1e-07 1
2 0.999999 9.5336e-07
1 0.000210096 0.99979
1 4.6654e-07 1
1 0.00452947 0.995471
1 0.0884519 0.911548
2 0.994051 0.00594934
1 1e-07 1
1 0.0120466 0.987953
1 0.00186388 0.998136
1 0.0359359 0.964064
1 0.106419 0.893581
1 1.3258e-06 0.999999
2 0.999973 2.67964e-05
1 0.0720511 0.927949
2 0.999998 1.89409e-06
1 0.267216 0.732784
1 0.00129269 0.998707
2 0.99614 0.00386033
1 0.00208306 0.997917
1 4.52183e-05 0.999955
2 0.96496 0.0350398
2 0.997629 0.00237128
1 0.000349868 0.99965
1 0.0687597 0.93124
1 0.15337 0.84663
1 1.9706e-05 0.99998
1 2.83159e-05 0.999972
2 0.975944 0.0240562
2 0.999973 2.66777e-05
1 0.0085095 0.991491
1 7.54173e-05 0.999925
2 0.979022 0.0209778
1 0.000182645 0.999817
1 0.000299587 0.9997
1 1e-07 1
1 0.3402 0.6598
1 3.00041e-07 1
1 0.00148011 0.99852
1 0.0013533 0.998647
1 0.00622314 0.993777
1 0.000470898 0.999529
1 0.0158163 0.984184
2 0.999288 0.000711611
2 0.999968 3.21565e-05
2 0.999532 0.000468344
1 3.74535e-05 0.999963
2 0.950186 0.0498136
1 1.05546e-05 0.999989
1 0.000374165 0.999626
2 0.999497 0.000503175
1 0.0166412 0.983359
2 0.68299 0.31701
1 0.0140603 0.98594
1 0.108834 0.891166
1 0.000637308 0.999363
1 0.00191004 0.99809
1 2.71152e-05 0.999973
1 0.318726 0.681274
1 0.0820404 0.91796
2 0.999916 8.42831e-05
2 0.999989 1.05289e-05
2 0.937133 0.0628674
2 0.936958 0.0630416
1 3.21105e-05 0.999968
1 0.0716203 0.92838
1 0.00249458 0.997505
1 0.11202 0.88798
1 0.00188277 0.998117
1 5.03139e-07 0.999999
1 0.00923395 0.990766
1 0.00188509 0.998115
2 0.999977 2.34717e-05
1 9.61213e-06 0.99999
1 0.190334 0.809666
2 0.999978 2.1537e-05
1 0.0118668 0.988133
2 0.974135 0.0258647
1 0.00120398 0.998796
1 3.47946e-05 0.999965
1 0.086566 0.913434
1 0.0581297 0.94187
1 0.168047 0.831953
1 0.00131764 0.998682
1 6.80598e-06 0.999993
1 2.75626e-06 0.999997
1 3.06333e-06 0.999997
1 9.64223e-05 0.999904
1 0.000257522 0.999742
1 0.000136293 0.999864
1 0.0107757 0.989224
2 0.863404 0.136596
2 1 1.42286e-07
2 0.999947 5.30157e-05
1 0.000192778 0.999807
1 0.000118272 0.999882
2 1 1e-07
2 0.998929 0.00107138
2 0.868549 0.131451
1 0.0952435 0.904757
1 0.000237911 0.999762
1 1e-07 1
1 0.000478331 0.999522
1 0.000416691 0.999583
1 0.000527919 0.999472
2 0.908524 0.091476
1 0.00751359 0.992486
2 0.66508 0.33492
1 0.000414556 0.999585
2 0.990098 0.00990177
1 0.000724006 0.999276
1 0.000189467 0.999811
1 1.65679e-06 0.999998
1 0.286006 0.713994
1 1.32726e-07 1
1 8.34939e-06 0.999992
1 0.00791296 0.992087
1 0.0487609 0.951239
1 0.0703657 0.929634
1 0.0991328 0.900867
2 0.916621 0.0833788
2 0.992855 0.00714516
1 0.00469984 0.9953
2 1 1e-07
2 0.916729 0.0832711
1 0.0200307 0.979969
2 0.901249 0.0987507
1 0.0968372 0.903163
1 0.0392537 0.960746
2 0.999673 0.00032667
2 0.998973 0.00102656
2 0.999944 5.57697e-05
1 0.00743865 0.992561
2 0.992646 0.00735403
1 0.0281692 0.971831
2 1 1e-07
2 0.992846 0.00715383
2 0.999943 5.66106e-05
1 0.0022918 0.997708
1 0.0381828 0.961817
1 0.141944 0.858056
2 0.987961 0.0120394
1 0.00514088 0.994859
1 0.00374527 0.996255
2 1 1e-07
2 0.997603 0.00239671
1 0.106816 0.893184
1 0.0198862 0.980114
1 4.18444e-06 0.999996
1 0.00904818 0.990952
2 0.999902 9.78361e-05
2 0.738423 0.261577
2 0.999673 0.000327313
1 0.148472 0.851528
1 0.0416622 0.958338
2 0.999996 3.63059e-06
1 4.85659e-05 0.999951
2 0.993438 0.00656239
2 0.986629 0.013371
1 0.010732 0.989268
1 0.00631328 0.993687
1 0.00318933 0.996811
1 0.00399871 0.996001
1 0.459483 0.540517
1 0.0289606 0.971039
1 5.98782e-06 0.999994
2 0.999889 0.000111456
1 0.000122669 0.999877
2 0.999222 0.00077806
2 0.967795 0.0322049
1 0.00943266 0.990567
1 0.000804019 0.999196
1 1e-07 1
1 0.000549599 0.99945
1 4.42749e-06 0.999996
1 0.00321297 0.996787
2 0.512993 0.487007
1 0.0129775 0.987022
2 0.977849 0.0221506
2 0.999772 0.000227733
2 0.999788 0.000211519
1 0.0137667 0.986233
1 0.00143296 0.998567
1 0.000509114 0.999491
1 0.0842114 0.915789
1 0.00127215 0.998728
1 0.00439238 0.995608
1 0.00403011 0.99597
2 0.994007 0.00599282
2 0.999892 0.000107505
1 0.409759 0.590241
1 0.00313081 0.996869
1 0.000847558 0.999152
2 0.999999 7.7379e-07
2 0.99606 0.00393998
2 0.999995 4.82525e-06
1 0.00601331 0.993987
1 4.58407e-06 0.999995
1 1e-07 1
1 1.33149e-05 0.999987
1 0.00203848 0.997962
1 0.00156716 0.998433
1 2.50771e-05 0.999975
1 0.00522805 0.994772
2 0.998324 0.00167647
1 0.028297 0.971703
1 8.95327e-06 0.999991
1 5.793e-05 0.999942
1 0.0271634 0.972837
2 0.997565 0.00243454
2 0.999967 3.25647e-05
1 2.97545e-06 0.999997
1 0.0624082 0.937592
2 0.638796 0.361204
1 1e-07 1
1 0.00103344 0.998967
2 0.72651 0.27349
1 0.00732506 0.992675
2 0.999929 7.06089e-05
1 2.16445e-05 0.999978
1 0.193163 0.806837
2 0.99999 1.02279e-05
1 0.0701036 0.929896
2 0.96534 0.0346601
1 0.000678452 0.999322
1 0.0030355 0.996965
1 9.30785e-05 0.999907
1 0.241633 0.758367
1 0.00064054 0.999359
1 0.0219399 0.97806
1 0.00369608 0.996304
2 0.999991 8.5947e-06
1 0.0589588 0.941041
2 1 1e-07
2 0.856048 0.143952
2 0.999994 5.50424e-06
2 0.974749 0.0252511
1 0.00355844 0.996442
1 1.13788e-05 0.999989
1 0.000315219 0.999685
1 0.112203 0.887797
1 0.00371279 0.996287
1 1e-07 1
1 0.00514107 0.994859
1 0.15073 0.84927
2 0.930696 0.0693042
2 0.999167 0.000832894
1 0.00601242 0.993988
1 0.000148116 0.999852
1 0.00103778 0.998962
1 0.000621297 0.999379
1 9.77363e-05 0.999902
1 0.420586 0.579414
2 0.999999 1.22171e-06
2 0.999373 0.000627334
2 0.774141 0.225859
1 3.85202e-05 0.999961
1 0.0471236 0.952876
2 0.999237 0.000762855
1 0.0214906 0.978509
1 0.0970553 0.902945
2 0.987858 0.0121417
1 0.0654076 0.934592
1 0.0451739 0.954826
1 0.0616953 0.938305
2 1 1e-07
1 1.4926e-05 0.999985
2 0.999992 7.68325e-06
1 0.00934145 0.990659
1 1e-07 1
1 0.00146726 0.998533
1 0.0875835 0.912416
2 0.918583 0.0814168
1 2.19592e-07 1
1 0.0128783 0.987122
2 0.999999 6.57476e-07
1 0.0102652 0.989735
1 0.00281621 0.997184
1 0.00419201 0.995808
1 0.00692419 0.993076
1 1e-07 1
1 0.00472072 0.995279
1 0.00405042 0.99595
1 0.000443953 0.999556
2 0.999615 0.000384764
1 0.0979045 0.902095
2 0.997259 0.00274131
2 0.999999 1.48904e-06
1 0.000176605 0.999823
1 4.55449e-06 0.999995
1 0.0727148 0.927285
1 0.123103 0.876897
2 0.965342 0.0346577
1 0.0019472 0.998053
2 0.976078 0.0239216
1 0.00181442 0.998186
2 0.985029 0.0149709
2 0.910256 0.0897443
1 1e-07 1
1 0.00174334 0.998257
1 0.00597029 0.99403
1 0.00356209 0.996438
1 1e-07 1
1 1e-07 1
2 0.998877 0.00112312
1 0.0771696 0.92283
1 2.19448e-07 1
2 0.597527 0.402473
1 0.032194 0.967806
1 0.0846499 0.91535
1 0.0464539 0.953546
2 0.997946 0.00205356
1 0.0654187 0.934581
1 0.00670595 0.993294
1 0.0474847 0.952515
2 0.999981 1.86249e-05
1 0.012161 0.987839
1 0.000992272 0.999008
2 0.99977 0.000229589
1 0.0119581 0.988042
1 0.00311769 0.996882
1 0.0257533 0.974247
1 0.138612 0.861388
1 0.0678209 0.932179
1 0.00178072 0.998219
1 1e-07 1
1 0.00126813 0.998732
1 4.10614e-05 0.999959
2 1 4.73621e-07
2 0.998995 0.00100506
1 1e-07 1
2 0.995178 0.00482195
1 0.176551 0.823449
2 0.999512 0.000488416
2 0.929222 0.0707785
1 1e-07 1
1 0.0210028 0.978997
1 1e-07 1
2 0.994477 0.00552277
1 0.042101 0.957899
2 0.999989 1.09758e-05
2 0.728048 0.271952
1 0.282985 0.717015
1 0.00146802 0.998532
1 0.0069996 0.993
2 0.965917 0.0340825
1 4.04984e-05 0.99996
2 0.991562 0.00843789
1 0.00277933 0.997221
2 0.997878 0.00212205
2 0.999917 8.31849e-05
1 0.00985662 0.990143
1 0.000489606 0.99951
2 0.972307 0.027693
1 1e-07 1
1 0.0096563 0.990344
2 0.997669 0.00233126
1 0.00277474 0.997225
1 0.494969 0.505031
2 0.999972 2.83804e-05
1 0.000149409 0.999851
1 0.00420663 0.995793
1 3.55914e-07 1
1 0.000327293 0.999673
1 0.00176636 0.998234
2 0.999984 1.64528e-05
1 0.000163754 0.999836
2 0.999997 3.1454e-06
1 0.0142282 0.985772
1 0.0212661 0.978734
1 8.32184e-05 0.999917
2 0.996084 0.00391572
1 0.0988967 0.901103
1 0.000241146 0.999759
1 7.99158e-05 0.99992
1 0.0136689 0.986331
1 0.00230501 0.997695
1 0.00302203 0.996978
2 0.999818 0.000181963
2 0.8766 0.1234
2 0.966507 0.0334928
1 4.46777e-05 0.999955
1 3.87414e-05 0.999961
1 0.000104903 0.999895
1 0.0105134 0.989487
1 0.0110233 0.988977
1 0.0157463 0.984254
1 0.11945 0.88055
1 0.00421567 0.995784
1 0.186181 0.813819
1 0.228568 0.771432
1 3.50422e-05 0.999965
1 0.0536255 0.946375
1 0.0344632 0.965537
1 0.000332185 0.999668
1 0.00703622 0.992964
1 0.0432385 0.956761
1 7.08729e-05 0.999929
2 0.512906 0.487094
1 0.020003 0.979997
2 0.984749 0.0152513
2 0.745611 0.254389
2 1 1.80772e-07
2 0.999632 0.000367823
2 0.99928 0.000720037
1 0.298166 0.701834
1 4.66077e-06 0.999995
2 0.529069 0.470931
2 0.999996 3.59939e-06
1 0.00169151 0.998308
2 0.999389 0.000611205
1 0.00139062 0.998609
1 1e-07 1
1 1.98973e-05 0.99998
1 0.215709 0.784291
1 0.00230262 0.997697
2 0.999219 0.000781332
2 0.998675 0.00132521
2 0.873422 0.126578
1 0.0125294 0.987471
1 0.0269362 0.973064
1 0.0815745 0.918426
2 0.996983 0.00301661
2 0.999949 5.07858e-05
1 0.0159397 0.98406
1 1e-07 1
1 0.00850151 0.991498
1 0.138104 0.861896
1 0.00038099 0.999619
1 0.000245447 0.999755
1 0.00920429 0.990796
1 1e-07 1
1 0.000712779 0.999287
1 0.00424677 0.995753
2 0.999722 0.000277832
1 1e-07 1
1 0.000129087 0.999871
2 0.97434 0.0256603
1 0.0914883 0.908512
2 0.985312 0.0146878
2 0.982386 0.0176143
2 0.781246 0.218754
1 0.049976 0.950024
2 0.999834 0.000165555
2 0.999962 3.81447e-05
1 0.00279297 0.997207
2 0.999927 7.30675e-05
1 0.0203334 0.979667
1 4.43235e-05 0.999956
1 0.009056 0.990944
2 0.999525 0.000474595
1 0.0139226 0.986077
1 0.00302046 0.99698
1 2.01658e-05 0.99998
1 0.00284242 0.997158
1 2.56907e-06 0.999997
1 0.000291631 0.999708
1 0.00187736 0.998123
1 0.0315342 0.968466
1 0.359857 0.640143
2 0.9959 0.00409997
1 0.00930308 0.990697
1 0.00189519 0.998105
2 0.734389 0.265611
1 0.0103614 0.989639
2 1 1e-07
1 6.21126e-06 0.999994
1 2.26273e-05 0.999977
1 0.00052336 0.999477
1 5.97093e-06 0.999994
2 0.999989 1.13972e-05
2 0.99151 0.0084895
1 0.00776519 0.992235
2 0.994031 0.00596908
1 0.000668116 0.999332
2 0.872732 0.127268
1 0.00132504 0.998675
2 0.999982 1.82256e-05
2 0.94477 0.0552304
1 0.0491293 0.950871
1 0.0465347 0.953465
2 0.999981 1.88118e-05
1 0.0063263 0.993674
1 0.00507735 0.994923
1 0.00547607 0.994524
1 0.000455237 0.999545
2 0.999924 7.55999e-05
1 0.148454 0.851546
2 0.999881 0.000119204
1 0.0595881 0.940412
1 0.0165523 0.983448
2 0.999984 1.56229e-05
1 0.0120013 0.987999
1 0.000128373 0.999872
2 0.968986 0.0310139
1 3.28327e-05 0.999967
2 0.991547 0.00845264
2 0.999957 4.31219e-05
1 0.172086 0.827914
1 0.000196217 0.999804
1 0.0106017 0.989398
1 0.00341868 0.996581
2 0.999909 9.1292e-05
2 0.981845 0.0181554
1 0.0014979 0.998502
2 1 1e-07
1 3.60676e-05 0.999964
2 0.992619 0.00738068
1 0.0270614 0.972939
1 0.000775541 0.999224
2 0.999892 0.000108157
1 0.0180299 0.98197
2 1 1e-07
1 3.99461e-06 0.999996
1 0.00164674 0.998353
1 2.70581e-06 0.999997
1 0.000706137 0.999294
1 0.00166659 0.998333
1 0.258267 0.741733
2 0.916102 0.0838977
1 6.78515e-06 0.999993
1 0.158003 0.841997
2 0.961518 0.0384816
2 0.560668 0.439332
1 0.000541638 0.999458
1 0.0176166 0.982383
1 0.000626994 0.999373
1 0.00257227 0.997428
1 3.64225e-06 0.999996
1 0.103746 0.896254
1 0.00431969 0.99568
1 0.266493 0.733507
1 0.00374657 0.996253
1 0.0724773 0.927523
2 0.999914 8.62355e-05
2 0.979455 0.0205449
1 0.00761317 0.992387
2 0.999787 0.0002128
1 0.0525533 0.947447
1 0.0165819 0.983418
1 2.76965e-07 1
1 1.40987e-05 0.999986
1 1.07517e-06 0.999999
1 4.09238e-05 0.999959
2 0.999989 1.14267e-05
1 3.53915e-06 0.999996
2 0.999957 4.31421e-05
1 0.0227652 0.977235
1 0.000541278 0.999459
1 0.0264292 0.973571
1 0.0162917 0.983708
1 4.78282e-05 0.999952
2 0.998183 0.00181731
1 3.22605e-05 0.999968
1 0.0019441 0.998056
1 0.0241975 0.975802
1 0.0195042 0.980496
1 0.0564809 0.943519
2 1 1e-07
1 0.0279593 0.972041
1 1e-07 1
2 0.999996 3.68061e-06
2 0.653614 0.346386
1 0.000170677 0.999829
1 0.0434698 0.95653
1 0.00193233 0.998068
1 0.0836532 0.916347
2 0.999873 0.000126811
1 0.0569756 0.943024
1 1.43212e-06 0.999999
1 0.00147726 0.998523
2 1 1e-07
2 0.999997 2.8751e-06
1 2.01403e-05 0.99998
1 0.0406187 0.959381
2 0.999997 2.83483e-06
1 0.00440688 0.995593
1 0.125764 0.874236
1 0.451612 0.548388
1 0.0357983 0.964202
1 0.00206807 0.997932
1 3.55842e-07 1
1 0.00382702 0.996173
1 0.0458095 0.954191
1 0.0645181 0.935482
1 0.0154421 0.984558
1 9.94575e-05 0.999901
1 0.218881 0.781119
1 0.250815 0.749185
1 6.00969e-06 0.999994
2 0.998443 0.0015573
2 0.996939 0.00306062
1 0.0168345 0.983165
1 0.00089577 0.999104
1 1.58982e-05 0.999984
2 0.999982 1.82729e-05
1 2.12397e-06 0.999998
1 0.000587267 0.999413
1 0.000103423 0.999897
1 1e-07 1
1 0.00168047 0.99832
1 1e-07 1
2 0.983817 0.0161834
1 0.0141499 0.98585
2 0.825353 0.174647
1 7.93648e-05 0.999921
1 0.00641854 0.993581
1 0.000345567 0.999654
2 0.999929 7.09198e-05
1 0.000810739 0.999189
2 0.998417 0.00158291
1 0.0580043 0.941996
1 0.00237172 0.997628
2 1 1.27424e-07
1 0.202929 0.797071
1 0.0104482 0.989552
1 1e-07 1
1 1e-07 1
1 0.00441404 0.995586
1 0.0283341 0.971666
1 1e-07 1
2 0.999997 2.95756e-06
1 0.173246 0.826754
1 0.316613 0.683387
1 0.00220001 0.9978
2 0.999994 5.78323e-06
2 0.999956 4.42891e-05
1 0.010006 0.989994
1 0.000869461 0.999131
2 0.976908 0.0230917
1 7.64315e-07 0.999999
1 0.0161133 0.983887
2 0.999989 1.14254e-05
2 0.999796 0.000204471
2 0.987517 0.0124825
1 1e-07 1
1 0.000305965 0.999694
1 0.00401421 0.995986
1 0.0119228 0.988077
1 0.0614169 0.938583
1 0.0135822 0.986418
1 0.00092003 0.99908
1 0.000638319 0.999362
2 0.999986 1.4411e-05
1 0.00770331 0.992297
1 0.0953501 0.90465
1 1e-07 1
1 0.00104712 0.998953
1 0.0897794 0.910221
1 0.00239406 0.997606
1 1e-07 1
1 0.00254261 0.997457
1 0.0483231 0.951677
1 0.0167784 0.983222
1 0.0042065 0.995794
1 0.00317115 0.996829
1 0.00876977 0.99123
2 0.952578 0.0474216
1 0.00166622 0.998334
1 4.68584e-06 0.999995
2 0.999958 4.21734e-05
1 0.00646338 0.993537
1 0.0202972 0.979703
1 0.0239802 0.97602
2 0.97638 0.0236202
2 1 1e-07
1 0.398801 0.601199
2 0.999442 0.000557549
1 0.000150267 0.99985
1 1.41863e-05 0.999986
1 5.6208e-07 0.999999
2 0.782359 0.217641
1 0.147043 0.852957
1 0.00028109 0.999719
1 0.0042506 0.995749
2 0.987029 0.0129712
1 0.00645451 0.993545
1 1.94076e-07 1
1 5.2229e-05 0.999948
2 0.916814 0.0831858
2 0.786854 0.213146
1 1.65014e-05 0.999983
1 0.234807 0.765193
1 0.0170508 0.982949
1 0.000325548 0.999674
2 0.601605 0.398395
2 0.999993 6.545e-06
1 0.00130657 0.998693
1 0.0787999 0.9212
1 0.0404915 0.959509
2 0.993139 0.00686098
1 0.0203136 0.979686
2 0.985873 0.0141272
1 5.65666e-05 0.999943
2 0.999209 0.000790941
2 0.965255 0.0347449
1 0.00702712 0.992973
1 0.00140966 0.99859
1 0.00324887 0.996751
1 0.0468509 0.953149
1 0.000458396 0.999542
1 5.19225e-05 0.999948
1 1e-07 1
1 2.86996e-05 0.999971
2 0.92352 0.0764802
1 1.43029e-06 0.999999
1 0.00125069 0.998749
1 0.000440805 0.999559
2 0.999428 0.000572207
1 0.00204191 0.997958
1 0.000271026 0.999729
1 0.000130413 0.99987
1 1e-07 1
1 9.56458e-06 0.99999
2 0.999743 0.000257418
1 0.00752375 0.992476
2 0.983086 0.0169143
1 0.00259155 0.997408
1 0.0118251 0.988175
2 0.999921 7.86495e-05
1 0.0157176 0.984282
2 0.824195 0.175805
2 0.991234 0.00876625
2 0.991713 0.00828722
1 0.00379124 0.996209
2 0.999996 3.83659e-06
1 0.0128654 0.987135
1 0.084063 0.915937
1 0.0118723 0.988128
1 0.000387694 0.999612
1 2.99659e-05 0.99997
2 0.98799 0.0120104
1 0.211712 0.788288
1 0.000114543 0.999885
1 0.00491598 0.995084
1 0.00263798 0.997362
2 0.99959 0.000409593
1 0.0166038 0.983396
1 0.0215084 0.978492
2 0.978274 0.0217255
1 0.0447724 0.955228
1 0.00777164 0.992228
1 2.12076e-05 0.999979
1 5.00623e-07 0.999999
1 0.0438786 0.956121
1 0.06348 0.93652
2 0.999773 0.000227447
2 1 1e-07
2 0.968959 0.0310407
1 0.058049 0.941951
1 0.00629583 0.993704
1 0.0313811 0.968619
1 0.00124347 0.998757
1 0.0103036 0.989696
1 0.00221671 0.997783
2 0.9994 0.000600149
1 0.001145 0.998855
1 0.00302019 0.99698
1 0.111741 0.888259
1 0.158495 0.841505
1 4.98324e-06 0.999995
2 0.997858 0.00214231
1 0.00196181 0.998038
1 0.0800559 0.919944
2 0.99989 0.000110317
1 0.00306624 0.996934
1 0.0452665 0.954734
2 0.998792 0.00120826
1 0.000910519 0.999089
1 0.0221959 0.977804
2 0.999831 0.000168718
2 0.992618 0.0073815
2 0.999995 4.94449e-06
1 0.0237701 0.97623
1 0.00156038 0.99844
2 0.791598 0.208402
2 1 1e-07
2 0.995113 0.00488737
2 0.998374 0.00162557
2 0.999974 2.57018e-05
1 0.018178 0.981822
1 0.0376978 0.962302
2 0.994614 0.00538562
1 0.0687332 0.931267
1 0.268509 0.731491
2 0.999975 2.47475e-05
2 0.998284 0.00171617
1 0.0003511 0.999649
1 0.456566 0.543434
1 0.0968977 0.903102
2 0.99587 0.00412968
1 0.000835503 0.999164
2 0.999954 4.62302e-05
1 0.0302703 0.96973
1 0.165792 0.834208
2 0.997827 0.00217257
1 7.94801e-05 0.999921
1 0.000865364 0.999135
2 0.999134 0.000866419
1 0.0115164 0.988484
2 0.853445 0.146555
1 0.00715472 0.992845
1 0.00688447 0.993116
1 0.00310889 0.996891
1 0.00215899 0.997841
1 0.000481853 0.999518
1 0.0136721 0.986328
1 5.74417e-07 0.999999
1 0.0175746 0.982425
2 1 3.4129e-07
2 0.989539 0.0104607
2 0.999984 1.59891e-05
1 0.055391 0.944609
2 0.991048 0.00895228
2 0.719276 0.280724
2 0.81057 0.18943
1 0.00151821 0.998482
1 0.11038 0.88962
1 0.250249 0.749751
2 0.979963 0.0200371
2 0.932776 0.0672236
1 1e-07 1
2 0.92206 0.0779395
2 0.999887 0.000113433
1 0.0133737 0.986626
2 1 1e-07
1 0.0236529 0.976347
2 0.572217 0.427783
1 1.5136e-06 0.999998
2 0.606448 0.393552
2 0.755229 0.244771
1 1.04778e-06 0.999999
2 0.866286 0.133714
1 0.0127593 0.987241
2 0.99225 0.00775025
1 5.17126e-06 0.999995
2 0.99988 0.000120255
1 0.129837 0.870163
1 0.0855171 0.914483
2 0.999025 0.000975449
1 0.0227131 0.977287
1 0.0029566 0.997043
2 0.999333 0.000667229
1 0.000164856 0.999835
1 0.00640726 0.993593
1 0.272071 0.727929
2 0.998679 0.00132114
2 0.746501 0.253499
2 0.996884 0.0031157
1 0.0764195 0.923581
1 0.0593624 0.940638
2 0.999976 2.40813e-05
1 0.000567281 0.999433
1 1.94454e-05 0.999981
1 0.000306537 0.999693
1 0.0184912 0.981509
2 0.529093 0.470907
1 0.00081977 0.99918
2 0.989019 0.0109814
2 1 1e-07
2 1 1e-07
1 0.0161549 0.983845
2 0.999908 9.18787e-05
1 0.205462 0.794538
1 0.000275318 0.999725
1 5.99914e-05 0.99994
2 0.97682 0.02318
1 0.0157004 0.9843
2 0.625854 0.374146
1 0.0450705 0.95493
1 0.00129645 0.998704
1 0.0140865 0.985914
1 0.00180486 0.998195
2 0.968201 0.0317986
1 0.000344051 0.999656
1 0.128946 0.871054
1 0.0109242 0.989076
2 0.999784 0.000216129
1 0.0039228 0.996077
1 0.0276289 0.972371
1 0.0067247 0.993275
2 0.978226 0.0217736
2 0.999797 0.000202877
1 0.00129993 0.9987
1 1.15984e-05 0.999988
1 0.00635985 0.99364
2 0.999706 0.000294192
1 0.0152394 0.984761
1 0.13655 0.86345
1 0.00158671 0.998413
1 0.117866 0.882134
1 0.0637195 0.93628
2 0.998174 0.00182618
1 0.0127688 0.987231
2 0.999769 0.000231131
1 2.73165e-05 0.999973
1 0.0100421 0.989958
1 0.00213051 0.997869
2 0.999251 0.000748853
2 0.999998 1.87607e-06
1 1e-07 1
1 0.0127012 0.987299
1 0.0036491 0.996351
1 0.00100694 0.998993
1 0.00129076 0.998709
1 5.1382e-05 0.999949
1 0.00243014 0.99757
1 0.064018 0.935982
2 0.999996 4.31464e-06
1 0.430737 0.569263
1 1e-07 1
2 0.983673 0.0163268
1 0.00029312 0.999707
1 0.0211565 0.978843
2 0.963121 0.0368788
2 0.999995 4.62948e-06
1 1.80328e-05 0.999982
2 0.999315 0.000684617
1 0.0085295 0.991471
1 0.00332346 0.996677
1 2.16759e-06 0.999998
1 0.0448507 0.955149
1 0.000116999 0.999883
1 0.0118526 0.988147
2 1 4.10586e-07
1 0.00666643 0.993334
1 0.0240702 0.97593
1 0.0147679 0.985232
1 0.0482844 0.951716
2 0.976535 0.023465
2 0.999988 1.17208e-05
1 0.000474381 0.999526
1 0.000950384 0.99905
1 2.34001e-06 0.999998
2 0.998958 0.0010422
2 0.998873 0.00112713
1 1.8417e-07 1
1 0.0143531 0.985647
1 0.00586214 0.994138
1 0.0885234 0.911477
2 1 1e-07
2 0.9925 0.00750034
2 0.995258 0.00474215
1 0.000209204 0.999791
2 0.630932 0.369068
2 0.983734 0.016266
1 0.0726789 0.927321
1 0.0217906 0.978209
1 0.0392351 0.960765
2 0.95899 0.0410096
1 0.00959943 0.990401
1 0.268036 0.731964
1 0.289175 0.710825
2 0.999829 0.000171222
1 0.00439488 0.995605
1 0.0133438 0.986656
1 8.70087e-06 0.999991
1 1.72137e-05 0.999983
2 0.967188 0.0328122
1 0.0201833 0.979817
2 0.999984 1.63105e-05
1 0.156229 0.843771
2 0.871041 0.128959
2 0.997524 0.00247641
2 1 1.56473e-07
1 1e-07 1
2 0.989509 0.0104909
1 0.0306874 0.969313
1 0.446996 0.553004
2 0.991531 0.00846858
2 0.999997 2.82921e-06
2 0.999613 0.000387312
2 0.984994 0.0150062
2 0.999634 0.00036597
1 0.000850724 0.999149
1 0.0383938 0.961606
1 0.00451376 0.995486
1 5.08054e-05 0.999949
1 0.000768769 0.999231
1 0.302293 0.697707
1 0.000285689 0.999714
1 0.00345486 0.996545
2 0.999996 3.69443e-06
1 0.0423481 0.957652
1 0.000805957 0.999194
1 0.00852708 0.991473
2 0.999663 0.000337138
1 0.000594381 0.999406
1 1e-07 1
1 0.00877391 0.991226
1 0.0307821 0.969218
2 0.922552 0.0774479
2 0.996491 0.00350851
2 0.947367 0.0526327
2 0.998647 0.00135325
1 0.00169128 0.998309
2 0.999995 5.172e-06
2 0.999984 1.64304e-05
1 0.00642388 0.993576
1 0.0320318 0.967968
2 0.999995 5.44704e-06
1 1e-07 1
1 0.00114793 0.998852
1 0.00380657 0.996193
1 1e-07 1
2 0.842401 0.157599
1 0.000383765 0.999616
2 0.935367 0.0646327
1 2.47143e-05 0.999975
2 0.96471 0.0352898
1 0.0759681 0.924032
2 1 1.72938e-07
1 1e-07 1
2 0.998779 0.00122072
1 4.89179e-06 0.999995
1 0.00309599 0.996904
1 0.0122574 0.987743
1 0.00790965 0.99209
1 0.000541788 0.999458
1 5.77757e-05 0.999942
2 0.99881 0.00118973
1 0.0019845 0.998015
1 0.0306318 0.969368
1 0.00145069 0.998549
2 0.678553 0.321447
1 1e-07 1
2 0.968147 0.0318527
1 0.000223943 0.999776
1 4.96557e-06 0.999995
1 0.0304729 0.969527
2 0.992366 0.00763395
2 0.997943 0.00205653
1 0.000497979 0.999502
2 0.999895 0.000104543
1 0.000763718 0.999236
1 1e-07 1
2 0.999927 7.25133e-05
1 0.00482422 0.995176
1 1.42638e-05 0.999986
2 0.996223 0.00377719
2 0.998153 0.00184696
1 9.81167e-07 0.999999
1 0.000181556 0.999818
2 0.996284 0.00371588
1 1.07124e-06 0.999999
1 0.00066754 0.999332
2 1 1e-07
1 0.00182869 0.998171
1 0.0113017 0.988698
2 0.999981 1.88544e-05
1 0.093759 0.906241
1 2.05726e-06 0.999998
1 0.00680954 0.99319
1 0.00321684 0.996783
1 1.41539e-05 0.999986
2 0.999578 0.000422375
1 0.00409436 0.995906
1 2.08826e-05 0.999979
1 4.42091e-05 0.999956
2 0.999974 2.55725e-05
1 0.321568 0.678432
1 0.00479442 0.995206
1 3.10585e-05 0.999969
1 0.324915 0.675085
1 0.0196545 0.980346
2 0.814887 0.185113
1 1e-07 1
1 0.140077 0.859923
1 2.78163e-05 0.999972
1 0.0697256 0.930274
1 0.000208699 0.999791
1 0.370013 0.629987
1 0.0268601 0.97314
2 0.999996 3.56526e-06
2 0.994485 0.00551547
2 0.716699 0.283301
1 0.0167794 0.983221
2 0.999452 0.000547521
1 0.00729495 0.992705
1 0.00239073 0.997609
1 1e-07 1
1 0.000193124 0.999807
1 0.281194 0.718806
1 2.91331e-05 0.999971
1 0.00284948 0.997151
1 0.00688173 0.993118
2 0.997045 0.00295507
2 1 1e-07
1 0.0204323 0.979568
2 0.735606 0.264394
1 0.0635139 0.936486
2 0.999971 2.90756e-05
2 0.950553 0.049447
1 1.35539e-06 0.999999
2 0.999761 0.000238933
1 0.00031245 0.999688
2 0.997152 0.00284805
2 0.988643 0.0113568
1 7.95788e-06 0.999992
2 0.9997 0.000299537
2 0.999996 3.84061e-06
2 0.995766 0.00423368
1 0.0192628 0.980737
1 0.000549092 0.999451
1 0.00292909 0.997071
1 2.71102e-05 0.999973
2 0.997029 0.00297137
1 0.00240417 0.997596
1 1e-07 1
1 0.00973998 0.99026
2 0.998503 0.00149689
1 8.7383e-05 0.999913
1 1e-07 1
1 0.000990713 0.999009
2 0.99869 0.00130966
2 0.999564 0.000435963
1 0.00304667 0.996953
2 0.662677 0.337323
2 0.999967 3.25923e-05
2 0.999643 0.000357396
2 0.843241 0.156759
1 0.0030511 0.996949
1 0.000351654 0.999648
1 0.0130066 0.986993
2 0.999732 0.00026833
1 0.000605986 0.999394
1 0.000321241 0.999679
2 0.949935 0.0500646
1 0.138363 0.861637
1 0.187599 0.812401
2 0.999318 0.000682241
2 0.999999 8.39767e-07
2 0.997819 0.00218122
1 7.03995e-05 0.99993
1 0.045352 0.954648
1 0.0752045 0.924796
1 2.36942e-05 0.999976
1 0.01179 0.98821
1 0.341641 0.658359
2 0.694606 0.305394
2 0.996797 0.00320283
1 0.0114116 0.988588
1 0.00362781 0.996372
1 0.0101244 0.989876
1 4.29123e-06 0.999996
1 2.41361e-05 0.999976
2 0.852238 0.147762
1 0.00805008 0.99195
2 0.923243 0.0767574
2 0.996774 0.0032259
1 0.00018903 0.999811
1 5.97742e-06 0.999994
1 0.00121929 0.998781
1 0.0089283 0.991072
2 0.781172 0.218828
1 0.00120706 0.998793
2 0.999999 9.94559e-07
1 0.0164986 0.983501
1 4.29331e-06 0.999996
1 0.459833 0.540167
1 4.20347e-05 0.999958
1 0.027102 0.972898
1 3.88621e-05 0.999961
2 0.59775 0.40225
1 0.146986 0.853014
1 0.000532086 0.999468
1 9.25237e-05 0.999907
1 0.000106229 0.999894
1 0.000917428 0.999083
2 0.989693 0.010307
1 0.00019419 0.999806
1 0.0180486 0.981951
1 0.0175973 0.982403
2 0.957398 0.0426023
1 0.13934 0.86066
1 0.000101831 0.999898
1 1e-07 1
1 0.00042333 0.999577
1 4.15283e-05 0.999958
2 0.744349 0.255651
1 0.00083836 0.999162
2 0.996289 0.00371113
1 0.000731901 0.999268
1 0.0169244 0.983076
2 0.999915 8.47001e-05
1 0.360606 0.639394
1 0.00174584 0.998254
2 0.981591 0.0184087
1 1e-07 1
1 0.24751 0.75249
2 0.999915 8.54757e-05
2 0.999426 0.000573593
2 0.710388 0.289612
2 1 4.53768e-07
1 0.00979167 0.990208
1 0.006854 0.993146
2 0.980576 0.0194235
1 0.0561717 0.943828
1 1e-07 1
1 0.0210858 0.978914
1 0.0171679 0.982832
2 0.999947 5.28215e-05
2 0.945255 0.0547446
2 0.999977 2.28034e-05
1 0.0168782 0.983122
1 0.0148873 0.985113
2 0.999974 2.64176e-05
1 2.83853e-05 0.999972
2 0.999579 0.00042056
1 0.00111405 0.998886
2 0.978349 0.0216513
1 0.00200679 0.997993
1 4.41018e-06 0.999996
1 0.000209355 0.999791
1 0.00993523 0.990065
1 7.15372e-05 0.999928
1 0.000283751 0.999716
2 0.986552 0.0134476
1 0.126936 0.873064
1 0.00226531 0.997735
1 0.10542 0.89458
2 0.540525 0.459475
2 0.568392 0.431608
2 0.999975 2.53569e-05
1 4.24501e-06 0.999996
1 0.0126915 0.987309
1 0.0101174 0.989883
1 0.0109972 0.989003
2 0.948326 0.0516737
2 0.999981 1.85292e-05
2 0.599785 0.400215
1 1e-07 1
1 0.0284021 0.971598
1 0.0045417 0.995458
1 0.00330682 0.996693
2 1 1e-07
2 0.818493 0.181507
2 1 1e-07
1 1.00928e-05 0.99999
2 0.999994 5.62644e-06
1 0.0015267 0.998473
2 0.999821 0.00017928
1 0.00121136 0.998789
1 0.0064003 0.9936
1 0.0129919 0.987008
1 0.198403 0.801597
1 0.0734841 0.926516
1 0.00757393 0.992426
2 0.914288 0.0857122
2 0.870262 0.129738
1 0.00801298 0.991987
2 0.999016 0.000983908
1 0.000231973 0.999768
1 0.00518531 0.994815
1 0.00105225 0.998948
1 0.112244 0.887756
1 1e-07 1
1 1e-07 1
1 0.0219815 0.978018
2 0.999922 7.84345e-05
1 6.15828e-06 0.999994
1 0.00407593 0.995924
1 7.72935e-06 0.999992
2 0.732847 0.267153
1 0.0267808 0.973219
1 0.035188 0.964812
1 0.000202045 0.999798
1 0.000756939 0.999243
1 0.00743443 0.992566
1 1e-07 1
1 0.0106269 0.989373
1 0.000833804 0.999166
2 0.999999 6.19495e-07
2 0.997083 0.0029171
1 0.00157304 0.998427
2 0.925032 0.0749681
1 0.00375839 0.996242
1 0.000991652 0.999008
1 8.09846e-05 0.999919
2 0.999307 0.000692788
1 4.11786e-05 0.999959
1 1e-07 1
1 4.12175e-05 0.999959
1 0.0153538 0.984646
2 0.999595 0.000404763
1 0.000187682 0.999812
2 0.753901 0.246099
1 0.00666726 0.993333
1 1e-07 1
1 0.0317036 0.968296
1 0.0422846 0.957715
1 0.000543186 0.999457
1 0.000155819 0.999844
2 0.999997 2.76836e-06
2 0.999039 0.000961137
1 1e-07 1
2 1 1e-07
1 0.128585 0.871415
1 0.395584 0.604416
2 0.998984 0.00101567
2 0.997697 0.00230347
1 8.59055e-07 0.999999
2 0.999129 0.000870823
2 0.99883 0.00117034
1 9.72059e-06 0.99999
1 0.0203995 0.9796
1 0.0107682 0.989232
1 0.000430727 0.999569
1 0.0028082 0.997192
2 0.651709 0.348291
2 0.999997 3.0827e-06
1 3.14513e-05 0.999969
2 0.708316 0.291684
2 0.999984 1.63123e-05
1 0.00218613 0.997814
2 0.991199 0.00880091
2 0.985366 0.0146344
2 0.999999 1.25618e-06
2 0.996097 0.00390319
2 0.93462 0.0653801
1 0.0105522 0.989448
2 0.999995 4.57527e-06
2 0.676805 0.323195
2 0.945293 0.0547073
2 1 1e-07
1 0.0554343 0.944566
1 0.00370312 0.996297
1 0.012494 0.987506
1 0.0186762 0.981324
1 0.00531094 0.994689
1 3.6577e-05 0.999963
1 0.00074921 0.999251
1 0.00136456 0.998635
2 0.999746 0.000254158
2 0.9964 0.00359974
2 0.509789 0.490211
1 0.00521866 0.994781
1 0.00640705 0.993593
1 0.0669962 0.933004
1 0.0529632 0.947037
2 0.975821 0.0241791
2 0.998417 0.00158266
2 0.790575 0.209425
1 0.0149582 0.985042
1 0.000994355 0.999006
1 0.00935293 0.990647
1 0.00741556 0.992584
1 0.106658 0.893342
1 0.057906 0.942094
1 5.33998e-05 0.999947
1 0.00362722 0.996373
1 1e-07 1
1 1e-07 1
2 0.998298 0.0017018
2 0.999925 7.51971e-05
2 0.936379 0.0636205
2 0.999986 1.44712e-05
1 0.0522172 0.947783
2 0.999582 0.000418212
1 3.33102e-05 0.999967
1 0.0876183 0.912382
1 0.000486358 0.999514
1 6.93095e-06 0.999993
1 0.00338646 0.996614
2 0.999973 2.74601e-05
1 0.00123436 0.998766
1 0.0216899 0.97831
2 0.738544 0.261456
1 0.000149016 0.999851
2 0.999771 0.000228666
1 0.000156003 0.999844
1 4.12193e-05 0.999959
1 1e-07 1
1 0.0292875 0.970712
1 0.00641833 0.993582
2 0.999998 2.13265e-06
1 0.000393609 0.999606
2 0.999777 0.000223228
1 0.00360768 0.996392
1 1.80132e-06 0.999998
2 0.970374 0.0296261
1 0.000349752 0.99965
1 1.71619e-07 1
1 0.0127198 0.98728
2 0.999014 0.000986218
1 0.00476238 0.995238
1 3.51834e-05 0.999965
2 0.991537 0.00846298
1 0.000289561 0.99971
1 4.43768e-05 0.999956
1 0.0238125 0.976187
1 0.047302 0.952698
1 0.00236391 0.997636
1 9.57392e-05 0.999904
2 0.981111 0.018889
1 0.00941797 0.990582
1 1e-07 1
1 4.72294e-05 0.999953
1 0.00327903 0.996721
1 0.00155571 0.998444
2 0.89421 0.10579
1 0.119205 0.880795
1 1.17986e-05 0.999988
1 0.000515964 0.999484
2 0.958868 0.0411315
1 0.00721026 0.99279
2 0.998477 0.001523
1 0.338348 0.661652
1 0.0182643 0.981736
1 0.00716155 0.992838
1 0.000685433 0.999315
2 0.99999 1.03081e-05
1 0.00103725 0.998963
2 0.999999 1.05983e-06
1 0.00279216 0.997208
1 0.286484 0.713516
1 0.000966952 0.999033
1 0.00211447 0.997886
2 0.616758 0.383242
1 0.0120629 0.987937
1 0.0033274 0.996673
2 1 1.48562e-07
1 0.0132383 0.986762
1 0.0113337 0.988666
2 0.999886 0.000113537
1 0.00234488 0.997655
1 0.0116831 0.988317
1 0.144718 0.855282
2 0.988944 0.0110565
1 6.5023e-05 0.999935
1 0.156845 0.843155
1 0.00328237 0.996718
1 0.00223439 0.997766
1 0.0154922 0.984508
1 5.45108e-05 0.999945
2 0.999942 5.82234e-05
2 0.999925 7.4689e-05
2 0.885755 0.114245
1 0.00228485 0.997715
2 0.635412 0.364588
1 0.0160926 0.983907
1 2.47057e-06 0.999998
2 0.999984 1.59581e-05
1 0.0179742 0.982026
1 0.268931 0.731069
1 0.00823051 0.991769
1 0.00116443 0.998836
2 0.999768 0.000232088
1 8.96905e-06 0.999991
2 0.509979 0.490021
2 0.985404 0.014596
1 0.314453 0.685547
1 1e-07 1
2 0.996033 0.0039668
1 0.174589 0.825411
1 0.00318784 0.996812
1 0.00590958 0.99409
1 1.73246e-07 1
2 0.999942 5.84789e-05
2 0.999989 1.07864e-05
1 5.6472e-07 0.999999
1 0.00287888 0.997121
1 0.022721 0.977279
1 0.0303559 0.969644
1 1.81481e-06 0.999998
1 2.77903e-05 0.999972
2 0.999995 5.38837e-06
2 0.999606 0.000394041
1 0.00951904 0.990481
1 0.00334261 0.996657
1 0.127421 0.872579
1 0.00528535 0.994715
1 0.0122449 0.987755
2 1 1e-07
1 0.000727881 0.999272
1 1.89702e-07 1
1 4.56328e-06 0.999995
1 0.0225124 0.977488
1 0.211818 0.788182
1 0.000152977 0.999847
1 0.0156953 0.984305
2 0.99998 2.04067e-05
1 0.014122 0.985878
1 0.458523 0.541477
1 0.018514 0.981486
1 0.00196503 0.998035
2 1 1e-07
1 1.16083e-07 1
1 0.141931 0.858069
2 0.99977 0.000230098
1 3.70286e-06 0.999996
1 1.41564e-06 0.999999
2 0.999972 2.7743e-05
1 0.0145224 0.985478
2 0.999384 0.000615661
1 2.77614e-06 0.999997
1 7.40549e-05 0.999926
1 1e-07 1
1 0.182848 0.817152
1 0.00319477 0.996805
2 0.998916 0.00108399
1 0.00813791 0.991862
1 1.21695e-06 0.999999
2 0.978762 0.0212377
2 0.997712 0.00228784
2 0.943244 0.0567564
1 0.000324216 0.999676
1 0.0034679 0.996532
1 0.000294232 0.999706
1 0.00621215 0.993788
2 0.999924 7.63769e-05
2 0.981655 0.0183451
1 0.236995 0.763005
1 0.00225919 0.997741
1 0.000368593 0.999631
1 3.5861e-06 0.999996
2 0.994444 0.0055556
2 0.946323 0.0536774
2 0.922597 0.0774033
2 0.999927 7.2817e-05
1 0.381074 0.618926
1 0.00479816 0.995202
1 0.0310669 0.968933
2 0.999994 5.6169e-06
2 0.764324 0.235676
1 0.00172968 0.99827
1 0.40671 0.59329
1 0.000282641 0.999717
1 0.127438 0.872562
1 0.0195619 0.980438
1 1.05249e-07 1
1 0.000418402 0.999582
1 0.00109624 0.998904
2 0.938137 0.0618629
1 0.00370367 0.996296
2 0.999858 0.00014187
1 0.0075859 0.992414
1 0.00991939 0.990081
1 0.086542 0.913458
1 0.00802283 0.991977
1 0.00119017 0.99881
2 0.997343 0.00265717
1 0.0274723 0.972528
2 1 3.46815e-07
1 0.000128755 0.999871
1 0.0134879 0.986512
1 3.69181e-05 0.999963
2 1 1e-07
1 0.08152 0.91848
1 0.00180448 0.998196
1 0.019875 0.980125
1 0.000818418 0.999182
2 0.999981 1.87386e-05
2 0.999995 5.32202e-06
1 0.0811766 0.918823
1 0.0300969 0.969903
1 0.166117 0.833883
2 0.995562 0.00443814
2 0.999841 0.000159266
2 0.998702 0.00129789
1 0.0980769 0.901923
1 0.00539168 0.994608
1 0.00144843 0.998552
1 4.84008e-05 0.999952
1 0.389557 0.610443
1 0.00835892 0.991641
1 0.000186629 0.999813
1 0.0108828 0.989117
1 0.000587139 0.999413
1 0.0687974 0.931203
1 0.104991 0.895009
2 0.999996 4.0488e-06
1 0.0225877 0.977412
1 0.0495329 0.950467
1 0.000117845 0.999882
1 0.00224885 0.997751
1 0.0736444 0.926356
1 1.96535e-05 0.99998
1 0.418149 0.581851
2 0.84516 0.15484
2 0.992246 0.00775378
1 1e-07 1
2 0.995439 0.00456061
1 3.71283e-05 0.999963
2 0.992014 0.00798562
2 0.999981 1.86317e-05
1 0.000884945 0.999115
1 0.00124807 0.998752
1 0.0112351 0.988765
2 0.849136 0.150864
1 0.0405852 0.959415
1 1.89328e-06 0.999998
1 0.0081836 0.991816
2 0.999554 0.000446276
1 0.00010564 0.999894
2 0.907781 0.0922188
1 0.0611802 0.93882
2 0.863537 0.136463
1 0.0111655 0.988835
1 0.000349425 0.999651
1 0.012917 0.987083
1 0.0651248 0.934875
2 0.999198 0.000801979
1 0.000833283 0.999167
1 1e-07 1
1 0.00342339 0.996577
2 0.999822 0.000177707
1 0.0689364 0.931064
2 0.977951 0.022049
2 0.999988 1.24954e-05
2 0.972156 0.0278438
1 0.00635792 0.993642
1 0.00441077 0.995589
2 0.669961 0.330039
1 2.8222e-06 0.999997
2 0.999999 1.26494e-06
2 0.999996 3.55703e-06
2 0.998581 0.00141867
1 0.00182845 0.998172
2 0.573448 0.426552
2 0.999993 7.22777e-06
1 0.0203303 0.97967
2 0.999943 5.73558e-05
2 0.994871 0.00512926
1 2.68351e-05 0.999973
2 0.808803 0.191197
1 8.49398e-06 0.999992
2 0.730988 0.269012
1 0.00953571 0.990464
1 0.00250192 0.997498
2 0.999957 4.34349e-05
1 0.000215892 0.999784
1 0.00101464 0.998985
2 0.99939 0.000609723
1 2.03862e-05 0.99998
1 0.000130948 0.999869
2 0.999931 6.88925e-05
1 0.27961 0.72039
1 1.1819e-05 0.999988
2 0.998708 0.00129187
1 0.00394022 0.99606
2 0.563233 0.436767
2 1 2.66765e-07
1 0.000188087 0.999812
2 0.950161 0.0498392
2 0.989242 0.0107576
1 0.00223827 0.997762
1 0.0952489 0.904751
1 0.00286257 0.997137
1 0.0196607 0.980339
2 0.999744 0.000256026
1 0.112632 0.887368
2 0.996834 0.00316617
1 0.000205621 0.999794
1 0.0124899 0.98751
2 0.997929 0.00207083
2 0.999892 0.000107934
2 0.99091 0.00908966
1 0.000144164 0.999856
1 0.0573201 0.94268
2 0.988176 0.0118238
1 0.000158787 0.999841
2 0.86062 0.13938
2 0.999993 6.50758e-06
1 7.24529e-05 0.999928
1 0.00011657 0.999883
2 0.999636 0.0003637
1 7.36828e-05 0.999926
2 0.99978 0.000219725
2 0.941823 0.0581769
1 1.04792e-05 0.99999
2 0.938972 0.0610279
1 0.429037 0.570963
2 0.999447 0.000553367
2 0.50472 0.49528
1 1e-07 1
1 0.000455185 0.999545
1 0.0419879 0.958012
1 0.00768246 0.992318
2 0.635987 0.364013
1 3.00918e-05 0.99997
1 0.00128524 0.998715
1 0.0127122 0.987288
1 0.0148882 0.985112
1 9.73801e-06 0.99999
1 0.030698 0.969302
2 0.99998 2.04259e-05
2 0.998024 0.00197561
2 0.988807 0.0111928
2 0.976946 0.0230545
2 0.997395 0.00260475
1 0.000392383 0.999608
1 0.00103262 0.998967
1 0.38763 0.61237
1 0.00708026 0.99292
1 5.27877e-06 0.999995
1 9.81965e-05 0.999902
2 0.999154 0.000846064
2 0.999973 2.66071e-05
2 0.564378 0.435622
1 0.000612778 0.999387
2 0.999912 8.82103e-05
2 0.999067 0.000933069
2 0.999857 0.000143238
1 0.000119805 0.99988
1 0.000291803 0.999708
2 0.999216 0.000783897
1 1.09236e-06 0.999999
1 0.00110553 0.998894
1 3.12459e-06 0.999997
1 0.00101375 0.998986
1 0.149544 0.850456
1 0.365419 0.634581
1 7.28598e-05 0.999927
2 0.999968 3.19168e-05
1 4.21517e-06 0.999996
1 0.00326943 0.996731
2 0.999836 0.000163815
1 4.80121e-06 0.999995
2 1 1e-07
2 0.986646 0.0133543
1 0.0122514 0.987749
2 0.999015 0.000985207
2 0.999988 1.17097e-05
1 0.00632859 0.993671
1 0.0262084 0.973792
2 0.999918 8.2217e-05
1 0.091328 0.908672
2 0.999987 1.31679e-05
1 5.29044e-05 0.999947
1 0.00142899 0.998571
1 3.17189e-06 0.999997
1 0.0135838 0.986416
1 0.00807681 0.991923
1 0.000390582 0.999609
1 0.0447708 0.955229
1 0.28167 0.71833
1 0.000298336 0.999702
1 0.00834936 0.991651
2 0.999886 0.000113853
2 0.936241 0.0637591
2 0.999982 1.82714e-05
1 0.00258336 0.997417
1 0.121621 0.878379
1 0.000161536 0.999838
2 0.998828 0.00117189
1 0.000181508 0.999818
2 0.999998 1.53476e-06
2 0.742495 0.257505
1 0.0428417 0.957158
1 1.94655e-07 1
2 0.997252 0.00274763
1 0.000389592 0.99961
2 0.997419 0.00258122
2 0.999819 0.00018095
1 0.15107 0.84893
2 0.639627 0.360373
1 0.0364036 0.963596
1 6.57135e-06 0.999993
1 0.00245072 0.997549
1 0.00184083 0.998159
2 0.999698 0.000301856
1 1.66596e-07 1
1 6.51591e-05 0.999935
1 0.0117364 0.988264
1 0.00299568 0.997004
1 9.34628e-06 0.999991
2 0.999986 1.44321e-05
2 0.956373 0.0436266
1 0.0248252 0.975175
1 0.00081906 0.999181
1 0.0201856 0.979814
1 0.04248 0.95752
2 0.995558 0.00444221
1 0.0336845 0.966316
1 0.0231864 0.976814
1 1e-07 1
1 0.00702597 0.992974
2 0.874209 0.125791
1 0.13766 0.86234
1 0.00789679 0.992103
1 0.00248975 0.99751
1 0.00179654 0.998203
1 0.0407553 0.959245
2 0.999319 0.000680983
1 0.132628 0.867372
1 1.07793e-05 0.999989
1 1e-07 1
1 0.0163773 0.983623
2 0.989403 0.0105975
1 0.00026428 0.999736
1 3.25981e-06 0.999997
2 0.997496 0.00250386
2 0.998974 0.00102594
1 0.000876706 0.999123
1 0.0209427 0.979057
2 1 1e-07
2 0.99998 2.03367e-05
1 9.23168e-07 0.999999
1 1.28415e-05 0.999987
1 0.0158802 0.98412
2 0.999992 8.06255e-06
1 1e-07 1
2 0.900136 0.0998636
1 0.0788839 0.921116
1 6.4793e-05 0.999935
1 0.00728685 0.992713
1 0.0104499 0.98955
1 0.0132759 0.986724
1 1.05543e-06 0.999999
1 0.0344167 0.965583
2 0.943562 0.0564378
2 0.992582 0.00741766
2 0.999769 0.000230747
1 8.64737e-07 0.999999
2 0.997509 0.00249055
1 0.00172727 0.998273
2 0.997144 0.00285593
2 0.688417 0.311583
1 0.0256531 0.974347
1 0.471543 0.528457
