labels 0 3
0 0.969846 0.0301543
0 0.954068 0.0459317
0 0.990598 0.0094016
3 0.00153051 0.998469
3 0.00066125 0.999339
0 0.820453 0.179547
0 0.980945 0.0190555
3 0.0339925 0.966008
3 3.26566e-06 0.999997
3 0.000403629 0.999596
3 0.050082 0.949918
0 0.999423 0.000577464
3 0.000308703 0.999691
0 0.997803 0.00219724
3 0.209147 0.790853
3 0.303809 0.696191
3 0.00013728 0.999863
3 0.00239018 0.99761
0 0.999753 0.000247406
3 0.285587 0.714413
0 0.904649 0.0953515
0 0.992414 0.0075857
0 0.858388 0.141612
0 0.943735 0.0562648
0 0.982133 0.0178672
0 0.998318 0.00168225
0 0.937891 0.0621094
0 0.998941 0.00105928
3 0.40013 0.59987
3 0.0665541 0.933446
3 0.000164192 0.999836
3 1.26133e-05 0.999987
0 0.972275 0.0277255
0 0.565507 0.434493
0 0.538418 0.461582
3 0.000782993 0.999217
3 0.486789 0.513211
0 0.997482 0.00251821
3 3.29234e-07 1
3 0.100908 0.899092
0 0.988801 0.0111987
0 0.836329 0.163671
0 0.971191 0.0288085
0 0.97449 0.0255099
0 0.999275 0.000724573
0 0.988524 0.0114761
0 0.853137 0.146863
0 0.987792 0.0122076
3 0.406751 0.593249
0 0.951106 0.0488941
3 0.000262468 0.999738
3 0.0301907 0.969809
3 0.000450119 0.99955
0 0.842643 0.157357
0 0.555531 0.444469
0 0.676837 0.323163
0 0.871125 0.128875
0 0.9684 0.0315997
0 0.998907 0.00109284
0 0.994879 0.00512057
0 0.997569 0.00243119
0 0.969622 0.0303781
0 0.974636 0.0253637
3 0.0665143 0.933486
3 0.00454445 0.995456
3 0.000173529 0.999826
0 0.906434 0.0935659
0 0.998191 0.00180863
3 1e-07 1
3 1.78764e-05 0.999982
0 0.970549 0.0294507
3 4.78743e-05 0.999952
0 0.523848 0.476152
0 0.878905 0.121095
3 0.003233 0.996767
3 0.0393259 0.960674
0 0.979903 0.0200975
0 0.969858 0.0301417
0 0.998249 0.00175103
0 0.982656 0.0173437
0 0.999697 0.000303423
0 0.999709 0.000290891
3 0.0140601 0.98594
0 0.926843 0.0731567
3 0.349977 0.650023
0 0.731376 0.268624
0 0.919328 0.0806722
0 0.99952 0.000479728
0 0.977644 0.0223558
0 0.99919 0.000810414
3 0.00625784 0.993742
0 0.855321 0.144679
3 0.00223278 0.997767
0 0.895964 0.104036
0 0.926209 0.0737909
3 6.71057e-05 0.999933
0 0.998998 0.00100218
0 0.941639 0.0583614
0 0.897146 0.102854
3 0.0846287 0.915371
0 0.974976 0.0250243
0 0.689076 0.310924
0 0.973325 0.0266753
0 0.523999 0.476001
0 0.652099 0.347901
3 0.00301659 0.996983
3 6.97022e-05 0.99993
3 0.380144 0.619856
3 4.04297e-05 0.99996
0 0.945944 0.0540557
0 0.926781 0.0732188
3 0.000269583 0.99973
3 0.0738893 0.926111
0 0.586938 0.413062
0 0.830897 0.169103
0 0.627823 0.372177
0 0.975864 0.0241363
3 0.00457227 0.995428
0 0.966743 0.0332567
0 0.903151 0.0968485
0 0.907314 0.0926856
0 0.949418 0.0505817
0 0.61841 0.38159
3 0.0117581 0.988242
0 0.998223 0.00177656
3 0.297909 0.702091
0 0.973239 0.0267608
0 0.99158 0.00842033
0 0.998596 0.00140381
0 0.798183 0.201817
0 0.898922 0.101078
3 0.00356073 0.996439
0 0.991685 0.00831519
0 0.701887 0.298113
0 0.789155 0.210845
3 0.00290769 0.997092
0 0.718473 0.281527
0 0.998435 0.00156528
3 5.65632e-07 0.999999
3 0.00113587 0.998864
0 0.997938 0.0020623
3 1.73587e-05 0.999983
3 0.381223 0.618777
0 0.999109 0.000891012
0 0.969848 0.0301524
0 0.910905 0.0890949
3 0.000189005 0.999811
0 0.656223 0.343777
3 0.154176 0.845824
0 0.573787 0.426213
0 0.997382 0.00261782
3 0.0442946 0.955705
0 0.787698 0.212302
0 0.564428 0.435572
0 0.857942 0.142058
0 0.869613 0.130387
0 0.899679 0.100321
0 0.890891 0.109109
0 0.979808 0.0201921
3 5.24919e-05 0.999948
3 0.0056235 0.994377
3 0.00517925 0.994821
3 0.00378339 0.996217
0 0.999579 0.000420987
3 0.0917003 0.9083
3 0.382584 0.617416
3 1e-07 1
3 9.80577e-07 0.999999
0 0.999532 0.000467806
3 9.11922e-07 0.999999
3 5.87597e-05 0.999941
0 0.815144 0.184856
0 0.718108 0.281892
0 0.912854 0.0871455
0 0.985099 0.0149009
0 0.976594 0.0234061
3 4.78395e-05 0.999952
3 5.20684e-07 0.999999
0 0.971244 0.0287564
0 0.999642 0.000358412
3 0.0212235 0.978777
0 0.896867 0.103133
0 0.959131 0.040869
0 0.998705 0.0012949
3 0.00147105 0.998529
0 0.959967 0.0400332
0 0.912045 0.0879546
0 0.999592 0.000407578
0 0.966144 0.0338562
0 0.96242 0.0375797
0 0.842177 0.157823
3 0.194179 0.805821
3 0.208706 0.791294
0 0.972159 0.0278409
0 0.790209 0.209791
0 0.969881 0.0301187
0 0.99872 0.00127964
3 0.00196359 0.998036
0 0.998944 0.0010565
0 0.969024 0.0309759
3 0.196224 0.803776
0 0.504943 0.495057
0 0.93809 0.0619098
0 0.920183 0.0798174
0 0.875472 0.124528
3 0.0294086 0.970591
0 0.91299 0.0870104
0 0.611892 0.388108
0 0.998911 0.00108931
3 0.00257405 0.997426
0 0.926461 0.0735392
0 0.931454 0.0685459
0 0.969782 0.0302178
3 0.000124621 0.999875
0 0.669392 0.330608
0 0.82527 0.17473
3 3.65652e-05 0.999963
0 0.933354 0.0666455
0 0.973036 0.0269643
0 0.82228 0.17772
3 0.451535 0.548465
3 2.66079e-06 0.999997
0 0.96925 0.03075
0 0.838927 0.161073
0 0.746348 0.253652
0 0.9795 0.0205
0 0.997476 0.00252401
0 0.505366 0.494634
3 0.245839 0.754161
3 0.489184 0.510816
0 0.516001 0.483999
3 6.66599e-06 0.999993
0 0.997256 0.00274373
0 0.94758 0.0524198
0 0.589838 0.410162
3 2.38667e-05 0.999976
0 0.986053 0.0139465
0 0.943418 0.0565822
0 0.768338 0.231662
0 0.974732 0.0252685
3 0.0444484 0.955552
0 0.999867 0.000133458
3 0.00040706 0.999593
3 0.004807 0.995193
3 1.35542e-05 0.999986
0 0.951807 0.0481925
0 0.951569 0.0484311
0 0.962498 0.0375023
3 0.000886661 0.999113
0 0.922661 0.0773394
0 0.870768 0.129232
3 8.85876e-06 0.999991
0 0.958877 0.0411228
0 0.894644 0.105356
0 0.977101 0.0228995
0 0.99813 0.00187009
0 0.790427 0.209573
0 0.962795 0.0372049
3 0.122373 0.877627
3 0.0308609 0.969139
0 0.733037 0.266963
0 0.944896 0.0551041
0 0.932213 0.0677871
0 0.948826 0.0511744
3 6.91963e-07 0.999999
0 0.999116 0.000883558
3 0.000460266 0.99954
0 0.908787 0.0912132
0 0.915266 0.0847338
0 0.999207 0.000792617
0 0.923111 0.0768891
3 0.229607 0.770393
3 0.173131 0.826869
0 0.954753 0.0452466
3 0.305866 0.694134
0 0.779274 0.220726
0 0.991596 0.00840393
0 0.737485 0.262515
0 0.899681 0.100319
3 0.000400233 0.9996
0 0.621762 0.378238
3 0.246405 0.753595
3 0.407152 0.592848
0 0.781684 0.218316
0 0.999441 0.00055857
0 0.99715 0.00285029
3 0.229094 0.770906
0 0.994409 0.00559064
3 0.00168634 0.998314
0 0.928768 0.0712324
3 1.46494e-05 0.999985
3 0.0304236 0.969576
0 0.998642 0.0013578
0 0.558222 0.441778
3 0.000116365 0.999884
0 0.9957 0.00429992
0 0.994937 0.00506318
3 1e-07 1
0 0.941455 0.0585454
3 0.0162926 0.983707
3 2.9053e-06 0.999997
0 0.967105 0.0328955
0 0.954997 0.0450025
0 0.999446 0.000553748
0 0.959754 0.040246
3 0.413704 0.586296
3 0.207346 0.792654
0 0.971857 0.0281432
3 5.25843e-05 0.999947
0 0.807413 0.192587
0 0.968102 0.0318985
0 0.877729 0.122271
3 0.00129325 0.998707
0 0.963019 0.0369809
3 0.00117822 0.998822
0 0.981917 0.0180834
0 0.995221 0.00477863
3 0.0779336 0.922066
0 0.993139 0.0068615
0 0.923289 0.0767105
3 1.54367e-05 0.999985
0 0.999507 0.000493412
3 0.343525 0.656475
3 1.73261e-05 0.999983
0 0.968332 0.0316678
0 0.616911 0.383089
3 0.485154 0.514846
0 0.96797 0.0320296
0 0.987245 0.0127546
0 0.967015 0.0329853
3 9.37235e-07 0.999999
3 0.248437 0.751563
0 0.793683 0.206317
0 0.768508 0.231492
0 0.991684 0.00831625
0 0.969375 0.0306252
3 0.00200086 0.997999
3 0.00101631 0.998984
3 0.0198595 0.98014
3 0.0145569 0.985443
0 0.957596 0.0424039
0 0.602741 0.397259
0 0.998262 0.0017376
0 0.989803 0.0101967
0 0.929232 0.0707678
3 0.000118423 0.999882
3 0.000712933 0.999287
0 0.599131 0.400869
3 9.15485e-06 0.999991
0 0.970229 0.0297711
0 0.870141 0.129859
3 0.259697 0.740303
3 0.00760267 0.992397
3 0.142595 0.857405
0 0.854311 0.145689
0 0.953066 0.046934
0 0.577355 0.422645
3 0.000139374 0.999861
3 0.495536 0.504464
0 0.901786 0.0982136
3 0.00160554 0.998394
0 0.679968 0.320032
0 0.95049 0.0495105
0 0.837808 0.162192
3 0.0567459 0.943254
3 0.00381061 0.996189
0 0.876493 0.123507
0 0.816119 0.183881
0 0.950393 0.0496067
0 0.999223 0.000777281
0 0.699672 0.300328
0 0.998962 0.00103814
3 2.55887e-05 0.999974
3 0.0375103 0.96249
0 0.629197 0.370803
0 0.952648 0.0473523
0 0.985814 0.0141864
0 0.990243 0.0097565
0 0.990135 0.00986524
3 0.00459592 0.995404
0 0.860881 0.139119
3 0.0722747 0.927725
0 0.96647 0.03353
3 0.139525 0.860475
0 0.868764 0.131236
0 0.97629 0.0237096
0 0.956201 0.0437995
0 0.996908 0.00309232
3 0.000275038 0.999725
0 0.649922 0.350078
0 0.997323 0.00267741
0 0.860076 0.139924
3 0.271472 0.728528
3 1.33124e-05 0.999987
3 0.00943013 0.99057
3 8.60467e-06 0.999991
0 0.892025 0.107975
0 0.96758 0.0324196
0 0.943545 0.0564551
3 0.21803 0.78197
0 0.932734 0.0672657
0 0.996829 0.00317106
3 0.0144494 0.985551
3 7.18456e-06 0.999993
0 0.763385 0.236615
3 0.000439833 0.99956
3 0.000203036 0.999797
3 0.151655 0.848345
3 0.00104955 0.99895
3 0.0046294 0.995371
3 0.155299 0.844701
3 0.000772512 0.999227
0 0.769859 0.230141
3 0.0273369 0.972663
3 5.59895e-05 0.999944
3 0.00306169 0.996938
0 0.998083 0.00191734
0 0.910185 0.0898155
0 0.746765 0.253235
3 1.47309e-06 0.999999
3 0.00171391 0.998286
0 0.701525 0.298475
0 0.985485 0.0145153
3 1.38868e-05 0.999986
0 0.95753 0.0424696
3 0.0156851 0.984315
0 0.99805 0.00194995
0 0.983 0.0170002
3 0.141383 0.858617
0 0.999189 0.000810925
0 0.907287 0.0927129
3 0.0077005 0.992299
3 5.6747e-05 0.999943
3 0.0144546 0.985545
0 0.992958 0.00704221
3 0.00945572 0.990544
0 0.829146 0.170854
0 0.978044 0.0219562
0 0.949324 0.0506763
0 0.997895 0.00210546
0 0.591444 0.408556
3 2.02202e-05 0.99998
3 9.49251e-05 0.999905
0 0.950035 0.0499648
0 0.889031 0.110969
0 0.599283 0.400717
0 0.952545 0.0474551
3 0.020992 0.979008
3 0.194925 0.805075
0 0.947326 0.0526741
0 0.528404 0.471596
0 0.993749 0.00625108
3 5.03882e-05 0.99995
0 0.991295 0.00870521
3 0.15818 0.84182
0 0.808554 0.191446
0 0.999169 0.000831482
0 0.959496 0.0405039
3 0.159377 0.840623
3 0.0219888 0.978011
0 0.99905 0.000949789
3 1.06611e-05 0.999989
3 1e-07 1
0 0.953207 0.0467933
3 0.0137611 0.986239
0 0.980514 0.0194862
3 2.51446e-05 0.999975
0 0.998419 0.00158083
0 0.904408 0.0955922
0 0.987817 0.0121834
0 0.874366 0.125634
3 0.238386 0.761614
3 0.0616138 0.938386
3 0.334563 0.665437
0 0.906193 0.0938071
0 0.989636 0.0103638
0 0.949208 0.0507923
0 0.694056 0.305944
0 0.775403 0.224597
3 0.000416624 0.999583
0 0.95975 0.0402495
3 0.167044 0.832956
3 0.159092 0.840908
0 0.889163 0.110837
3 0.000449061 0.999551
3 0.141856 0.858144
0 0.996468 0.00353163
3 0.000292929 0.999707
3 0.000110635 0.999889
3 2.82277e-06 0.999997
3 5.26487e-06 0.999995
3 0.0276205 0.97238
3 0.00627983 0.99372
0 0.979505 0.020495
3 0.00243202 0.997568
3 0.161128 0.838872
3 5.99711e-07 0.999999
3 0.0749953 0.925005
3 0.000165175 0.999835
0 0.953401 0.0465995
3 0.00350113 0.996499
3 1.02017e-06 0.999999
3 4.23363e-05 0.999958
0 0.845872 0.154128
0 0.826684 0.173316
0 0.934323 0.065677
0 0.666658 0.333342
0 0.940857 0.0591431
3 0.330105 0.669895
0 0.99858 0.00142012
3 0.019839 0.980161
3 0.320956 0.679044
3 9.86457e-06 0.99999
0 0.975747 0.0242529
0 0.887394 0.112606
0 0.548461 0.451539
3 0.179539 0.820461
0 0.998364 0.0016363
3 0.000501167 0.999499
0 0.969301 0.0306993
0 0.996187 0.00381302
0 0.999081 0.000918953
3 3.77849e-06 0.999996
0 0.953968 0.0460316
3 0.079193 0.920807
0 0.959311 0.0406893
0 0.999464 0.000536268
3 0.000204812 0.999795
3 0.0692523 0.930748
0 0.899266 0.100734
0 0.693845 0.306155
0 0.933061 0.0669388
0 0.686511 0.313489
3 0.000172421 0.999828
3 0.00191669 0.998083
0 0.828042 0.171958
0 0.967783 0.0322169
0 0.999526 0.000473908
0 0.999396 0.000603912
3 0.000310558 0.999689
3 0.00321828 0.996782
3 0.00268844 0.997312
0 0.972059 0.0279415
0 0.623315 0.376685
3 0.0798458 0.920154
0 0.968917 0.0310834
0 0.877599 0.122401
3 1e-07 1
0 0.999339 0.000661095
3 0.0688246 0.931175
0 0.940014 0.0599857
0 0.999827 0.000172815
0 0.919922 0.0800784
0 0.897137 0.102863
0 0.958371 0.0416286
3 0.00129273 0.998707
0 0.890129 0.109871
3 0.330677 0.669323
0 0.998175 0.00182522
0 0.95362 0.0463804
0 0.97568 0.0243197
0 0.919958 0.0800417
0 0.999283 0.000716746
0 0.73387 0.26613
3 5.56716e-07 0.999999
0 0.919546 0.0804541
0 0.786396 0.213604
3 0.404254 0.595746
3 8.78534e-07 0.999999
3 8.5142e-07 0.999999
3 0.000181201 0.999819
0 0.993335 0.00666459
0 0.966716 0.0332841
0 0.795143 0.204857
0 0.828485 0.171515
3 0.000525516 0.999474
3 0.000111071 0.999889
0 0.759063 0.240937
0 0.805392 0.194608
3 0.000130847 0.999869
0 0.540599 0.459401
3 0.0197116 0.980288
3 0.00891678 0.991083
0 0.959016 0.0409836
0 0.998446 0.00155438
0 0.850316 0.149684
0 0.997865 0.00213537
0 0.98635 0.0136496
0 0.790513 0.209487
3 0.207117 0.792883
3 1.81882e-06 0.999998
0 0.726036 0.273964
0 0.935706 0.0642938
0 0.996203 0.00379709
3 1.96699e-05 0.99998
0 0.998619 0.00138147
3 0.0168447 0.983155
0 0.970062 0.0299376
0 0.989602 0.0103981
0 0.520613 0.479387
0 0.992657 0.00734288
3 0.390534 0.609466
0 0.970787 0.029213
0 0.878738 0.121262
3 0.426258 0.573742
3 0.000111947 0.999888
3 7.75623e-06 0.999992
3 0.00207004 0.99793
0 0.834616 0.165384
0 0.88216 0.11784
0 0.872369 0.127631
0 0.950232 0.0497677
0 0.503343 0.496657
0 0.970688 0.0293125
0 0.99805 0.00195001
3 0.00682114 0.993179
3 0.385249 0.614751
3 0.000464422 0.999536
0 0.999834 0.000165651
3 0.00284518 0.997155
0 0.997699 0.00230109
3 0.0837332 0.916267
0 0.995887 0.00411325
0 0.999292 0.000707533
0 0.694633 0.305367
0 0.965142 0.0348585
0 0.989857 0.010143
0 0.993371 0.00662936
3 0.248474 0.751526
3 0.0611605 0.938839
3 0.0183259 0.981674
0 0.99925 0.00075037
3 0.000702172 0.999298
0 0.997873 0.00212713
0 0.502477 0.497523
0 0.977679 0.0223206
0 0.99958 0.000420163
3 0.405044 0.594956
3 0.424063 0.575937
0 0.945433 0.0545666
0 0.955071 0.0449288
0 0.982635 0.0173653
0 0.592038 0.407962
3 0.000434078 0.999566
3 0.137184 0.862816
3 0.0532912 0.946709
0 0.997592 0.00240833
0 0.748064 0.251936
3 0.000189748 0.99981
0 0.507138 0.492862
0 0.952541 0.047459
0 0.956393 0.0436073
0 0.999714 0.000285751
0 0.936022 0.0639782
0 0.65378 0.34622
3 0.00016333 0.999837
0 0.715504 0.284496
3 0.295755 0.704245
0 0.992617 0.00738307
3 0.0325042 0.967496
0 0.983091 0.0169091
3 0.00219575 0.997804
0 0.970836 0.0291637
3 0.438937 0.561063
0 0.999892 0.000108213
0 0.997479 0.00252067
0 0.925049 0.0749512
3 0.428495 0.571505
0 0.964946 0.0350544
0 0.963614 0.0363856
3 0.0698022 0.930198
0 0.865101 0.134899
0 0.994873 0.00512737
0 0.964299 0.035701
0 0.966922 0.0330778
3 0.260282 0.739718
0 0.998616 0.00138371
0 0.805314 0.194686
0 0.970103 0.0298967
0 0.989264 0.0107356
0 0.911005 0.0889947
3 3.76653e-05 0.999962
3 0.141449 0.858551
3 0.0352538 0.964746
0 0.945554 0.0544458
3 0.379851 0.620149
3 0.000347339 0.999653
3 0.0264052 0.973595
0 0.68779 0.31221
3 0.0149954 0.985005
3 0.0002488 0.999751
3 0.290002 0.709998
0 0.536205 0.463795
0 0.690204 0.309796
0 0.979416 0.0205842
0 0.859697 0.140303
0 0.897766 0.102234
3 5.7185e-05 0.999943
0 0.591684 0.408316
3 2.6033e-05 0.999974
3 0.00293576 0.997064
0 0.968849 0.0311511
0 0.528883 0.471117
0 0.602255 0.397745
0 0.971491 0.0285094
0 0.998795 0.00120451
3 0.321347 0.678653
3 0.121604 0.878396
0 0.95611 0.0438895
3 0.0202485 0.979752
0 0.997712 0.00228816
0 0.973137 0.0268629
0 0.954751 0.0452492
0 0.915759 0.0842413
0 0.973033 0.0269672
3 0.447616 0.552384
0 0.915313 0.0846873
3 0.0970572 0.902943
0 0.995764 0.00423621
3 1.09691e-06 0.999999
3 0.266762 0.733238
0 0.999285 0.000714642
3 0.139225 0.860775
0 0.923936 0.076064
3 0.105303 0.894697
0 0.751894 0.248106
0 0.995526 0.00447449
0 0.825977 0.174023
0 0.932927 0.0670729
0 0.964649 0.0353512
0 0.983835 0.0161646
0 0.751174 0.248826
0 0.870712 0.129288
3 0.000414337 0.999586
3 0.197272 0.802728
3 0.0160666 0.983933
0 0.883313 0.116687
0 0.99932 0.000680231
0 0.526223 0.473777
0 0.969913 0.0300874
0 0.98718 0.0128199
0 0.96219 0.0378095
3 0.026109 0.973891
3 0.0670584 0.932942
0 0.999455 0.000545105
0 0.878315 0.121685
0 0.962253 0.037747
3 0.000931262 0.999069
3 0.35117 0.64883
0 0.7373 0.2627
0 0.950412 0.0495875
0 0.843711 0.156289
3 0.00245414 0.997546
0 0.944238 0.0557624
3 0.404089 0.595911
0 0.973975 0.0260246
3 0.000499719 0.9995
3 0.157854 0.842146
0 0.77165 0.22835
0 0.726748 0.273252
3 0.190744 0.809256
0 0.97446 0.0255398
3 0.0274992 0.972501
0 0.975505 0.0244952
0 0.904787 0.0952129
0 0.961686 0.038314
3 0.000291544 0.999708
0 0.973167 0.0268331
0 0.949255 0.050745
3 1.92793e-05 0.999981
0 0.954604 0.0453961
3 2.37568e-06 0.999998
0 0.998924 0.00107588
3 0.00387243 0.996128
3 0.247154 0.752846
0 0.618719 0.381281
0 0.956075 0.0439254
0 0.948585 0.0514146
3 0.124921 0.875079
3 0.0867539 0.913246
0 0.896769 0.103231
0 0.999421 0.000579057
0 0.992206 0.00779368
0 0.518599 0.481401
3 0.370429 0.629571
0 0.698998 0.301002
0 0.971007 0.0289932
3 0.00379797 0.996202
0 0.999109 0.000890501
3 0.0580849 0.941915
0 0.947484 0.0525163
0 0.942134 0.0578661
0 0.971017 0.0289835
0 0.949714 0.050286
0 0.823329 0.176671
0 0.911463 0.0885368
0 0.957748 0.0422516
0 0.868363 0.131637
0 0.991001 0.00899949
0 0.962422 0.0375778
3 0.120817 0.879183
3 4.41513e-07 1
0 0.97003 0.02997
0 0.994412 0.00558849
0 0.925089 0.0749106
0 0.873947 0.126053
0 0.8108 0.1892
3 0.173615 0.826385
3 6.77058e-05 0.999932
0 0.97914 0.0208601
3 5.07004e-06 0.999995
0 0.915772 0.0842277
3 0.0246655 0.975335
3 0.00393426 0.996066
0 0.982485 0.0175154
0 0.973499 0.0265011
0 0.976091 0.0239094
3 5.50681e-05 0.999945
3 5.05348e-05 0.999949
0 0.990407 0.00959271
0 0.634887 0.365113
0 0.968638 0.031362
0 0.943943 0.0560572
0 0.999562 0.000437538
3 3.74251e-06 0.999996
0 0.588958 0.411042
3 0.0837015 0.916299
3 0.344133 0.655867
0 0.972674 0.0273263
3 3.70746e-05 0.999963
0 0.690905 0.309095
3 0.389608 0.610392
0 0.860714 0.139286
3 0.291347 0.708653
0 0.958955 0.0410452
3 0.359318 0.640682
0 0.999518 0.00048232
3 0.245179 0.754821
0 0.906934 0.0930658
0 0.925757 0.0742431
0 0.99905 0.000949575
0 0.985354 0.0146461
3 0.00754684 0.992453
0 0.97362 0.02638
3 0.457919 0.542081
3 0.392882 0.607118
3 0.00621561 0.993784
3 0.00323084 0.996769
0 0.640736 0.359264
0 0.643511 0.356489
3 0.000824855 0.999175
0 0.921028 0.0789724
3 9.98791e-05 0.9999
0 0.999414 0.000585817
3 0.000401746 0.999598
0 0.999352 0.000648348
0 0.997346 0.00265446
0 0.770566 0.229434
0 0.887471 0.112529
3 1.3445e-05 0.999987
3 1e-07 1
0 0.954238 0.0457624
0 0.878287 0.121713
0 0.923703 0.0762972
0 0.852984 0.147016
0 0.998688 0.00131244
0 0.845553 0.154447
3 0.0966167 0.903383
0 0.961393 0.0386071
3 0.148647 0.851353
3 7.45171e-05 0.999925
3 0.0199689 0.980031
3 4.77469e-05 0.999952
3 1.20568e-05 0.999988
3 4.7891e-05 0.999952
0 0.938085 0.0619152
0 0.935718 0.0642815
0 0.885542 0.114458
0 0.86689 0.13311
0 0.837123 0.162877
3 0.000125643 0.999874
3 0.0091579 0.990842
3 0.000446952 0.999553
0 0.974547 0.0254531
3 0.231966 0.768034
0 0.999378 0.000622098
0 0.776287 0.223713
3 3.20948e-05 0.999968
3 0.199338 0.800662
0 0.660902 0.339098
0 0.872963 0.127037
0 0.910126 0.0898741
3 0.00583502 0.994165
0 0.963226 0.0367736
0 0.993382 0.00661828
0 0.885727 0.114273
3 0.47422 0.52578
3 0.000677241 0.999323
3 0.000826258 0.999174
0 0.709587 0.290413
0 0.996056 0.00394366
3 0.499383 0.500617
0 0.890343 0.109657
3 1.64605e-05 0.999984
3 0.337896 0.662104
0 0.965815 0.0341847
0 0.56658 0.43342
0 0.984413 0.0155871
0 0.970359 0.0296414
0 0.904989 0.0950106
0 0.971482 0.0285181
3 2.74056e-05 0.999973
0 0.981666 0.0183337
3 0.378446 0.621554
3 9.0325e-06 0.999991
3 0.00209864 0.997901
3 0.000474231 0.999526
0 0.599271 0.400729
0 0.997167 0.00283305
0 0.865926 0.134074
0 0.948194 0.0518061
0 0.974105 0.0258948
0 0.999582 0.000418015
0 0.93565 0.0643502
0 0.996773 0.00322684
0 0.991953 0.00804704
0 0.99749 0.00250968
3 0.000110239 0.99989
3 2.85787e-05 0.999971
0 0.989268 0.010732
3 0.23078 0.76922
0 0.998595 0.0014055
0 0.862701 0.137299
0 0.815116 0.184884
3 8.83173e-06 0.999991
3 0.000613972 0.999386
3 0.000380546 0.999619
3 4.45e-06 0.999996
3 0.0181087 0.981891
0 0.88293 0.11707
0 0.957078 0.0429218
3 0.000623517 0.999376
0 0.762312 0.237688
0 0.528148 0.471852
0 0.785132 0.214868
0 0.92748 0.0725198
0 0.984672 0.0153282
3 0.0307112 0.969289
0 0.859845 0.140155
0 0.898581 0.101419
0 0.997324 0.00267627
0 0.794254 0.205746
3 1e-07 1
3 0.433025 0.566975
0 0.997652 0.00234764
3 1.88072e-05 0.999981
0 0.523854 0.476146
0 0.963724 0.0362756
3 0.0544825 0.945517
0 0.995112 0.00488835
3 0.370824 0.629176
0 0.888804 0.111196
0 0.674828 0.325172
3 0.0807773 0.919223
0 0.954948 0.0450516
0 0.733096 0.266904
0 0.953203 0.0467973
3 0.243924 0.756076
0 0.881408 0.118592
3 0.00295507 0.997045
3 0.435558 0.564442
0 0.908143 0.0918569
0 0.918423 0.0815771
0 0.822287 0.177713
3 0.000103227 0.999897
3 0.4409 0.5591
0 0.968327 0.0316728
0 0.977539 0.0224614
3 0.00833407 0.991666
0 0.691105 0.308895
0 0.992287 0.00771301
3 0.00147083 0.998529
0 0.998345 0.0016549
0 0.956178 0.0438221
0 0.949357 0.0506428
3 0.255943 0.744057
0 0.997969 0.0020307
0 0.889304 0.110696
3 1.85802e-06 0.999998
0 0.950237 0.0497633
3 0.384278 0.615722
3 0.0021025 0.997897
0 0.999711 0.000288959
0 0.979023 0.0209769
0 0.972772 0.0272279
0 0.951933 0.0480665
3 2.94999e-05 0.999971
3 0.272392 0.727608
3 0.26237 0.73763
0 0.893628 0.106372
3 0.0392993 0.960701
3 0.47421 0.52579
0 0.916293 0.0837073
0 0.964466 0.0355343
3 2.45913e-05 0.999975
0 0.939416 0.0605844
3 0.384802 0.615198
0 0.993018 0.00698244
0 0.998821 0.00117864
0 0.736092 0.263908
0 0.902268 0.0977317
3 0.000328225 0.999672
3 6.77505e-06 0.999993
3 3.55725e-05 0.999964
3 0.00410304 0.995897
3 7.66493e-06 0.999992
0 0.997914 0.0020863
3 0.000160197 0.99984
0 0.683228 0.316772
0 0.998213 0.0017872
0 0.975651 0.0243487
0 0.999056 0.000944362
0 0.998396 0.00160367
0 0.971469 0.0285312
0 0.864697 0.135303
3 0.0251652 0.974835
3 0.121218 0.878782
0 0.972312 0.0276881
0 0.970735 0.0292651
3 1e-07 1
3 3.5319e-05 0.999965
0 0.668033 0.331967
0 0.950034 0.0499658
3 0.0556953 0.944305
3 0.00623408 0.993766
0 0.973922 0.0260775
3 0.325214 0.674786
0 0.510635 0.489365
0 0.949883 0.0501174
3 0.000221467 0.999779
3 0.0116146 0.988385
0 0.998008 0.00199208
0 0.958506 0.0414941
0 0.969526 0.030474
0 0.8784 0.1216
0 0.899171 0.100829
3 0.28037 0.71963
3 0.0107572 0.989243
3 3.96993e-06 0.999996
0 0.811564 0.188436
3 0.0415102 0.95849
3 0.0345031 0.965497
0 0.561109 0.438891
0 0.747286 0.252714
0 0.998639 0.00136102
0 0.816116 0.183884
3 1e-07 1
0 0.94661 0.0533896
3 6.15105e-06 0.999994
0 0.961513 0.0384872
3 2.26069e-07 1
3 0.411454 0.588546
3 3.11635e-05 0.999969
0 0.99866 0.00134004
0 0.921207 0.0787933
0 0.999561 0.000438545
0 0.999412 0.000588346
3 1e-07 1
0 0.872838 0.127162
0 0.988652 0.0113482
3 0.408277 0.591723
0 0.515719 0.484281
0 0.998303 0.00169678
0 0.997781 0.00221911
3 0.00816481 0.991835
0 0.995665 0.00433535
3 0.000687141 0.999313
0 0.75788 0.24212
3 0.475495 0.524505
3 0.000596955 0.999403
3 0.29318 0.70682
3 0.0173695 0.982631
0 0.960221 0.0397792
0 0.998918 0.00108177
3 0.000110301 0.99989
3 4.33836e-05 0.999957
0 0.93626 0.0637398
3 0.000186409 0.999814
3 0.000103368 0.999897
3 0.114493 0.885507
0 0.712237 0.287763
0 0.731547 0.268453
0 0.963752 0.0362481
3 0.108085 0.891915
0 0.962996 0.0370037
0 0.918526 0.0814741
3 0.421598 0.578402
3 0.0108255 0.989175
3 0.146553 0.853447
0 0.82231 0.17769
0 0.753342 0.246658
3 1.15965e-05 0.999988
0 0.9507 0.0492999
0 0.858031 0.141969
0 0.993926 0.00607365
3 0.000698474 0.999302
0 0.618975 0.381025
0 0.998876 0.00112402
0 0.928346 0.0716541
0 0.773313 0.226687
3 0.00510409 0.994896
0 0.958112 0.0418882
0 0.999569 0.000431372
3 0.0198362 0.980164
3 0.00390436 0.996096
0 0.947807 0.0521931
0 0.978826 0.0211744
3 0.307823 0.692177
3 0.396181 0.603819
3 0.457541 0.542459
3 0.00151545 0.998485
0 0.933731 0.0662687
0 0.963942 0.0360583
3 0.293885 0.706115
0 0.98922 0.0107801
3 0.0362689 0.963731
3 0.00303858 0.996961
0 0.51385 0.48615
3 0.00485094 0.995149
0 0.991067 0.00893273
3 0.00014882 0.999851
3 3.18569e-06 0.999997
3 1e-07 1
0 0.802877 0.197123
0 0.984031 0.0159692
3 0.00209783 0.997902
3 4.32413e-05 0.999957
3 0.082187 0.917813
0 0.97111 0.0288896
0 0.963532 0.0364682
0 0.65612 0.34388
0 0.962762 0.0372376
3 0.451841 0.548159
3 4.56341e-06 0.999995
0 0.94616 0.0538401
0 0.975648 0.0243525
0 0.674868 0.325132
3 0.242226 0.757774
0 0.662862 0.337138
0 0.931041 0.0689585
3 0.000591807 0.999408
3 0.013686 0.986314
0 0.946375 0.0536246
0 0.997038 0.00296168
0 0.987926 0.012074
0 0.936611 0.063389
0 0.911277 0.0887225
3 0.000511596 0.999488
0 0.889222 0.110778
0 0.999864 0.000136248
0 0.863887 0.136113
0 0.986621 0.0133794
3 1.96432e-05 0.99998
3 1.50705e-06 0.999998
3 0.00130426 0.998696
3 1.87234e-06 0.999998
0 0.89375 0.10625
0 0.928465 0.0715346
0 0.963844 0.0361563
0 0.957046 0.0429535
0 0.972266 0.0277338
0 0.969757 0.0302428
0 0.878462 0.121538
0 0.832175 0.167825
0 0.832861 0.167139
0 0.999534 0.000466464
3 0.0626423 0.937358
0 0.960505 0.0394949
0 0.854608 0.145392
3 0.222091 0.777909
3 0.0057242 0.994276
0 0.885754 0.114246
0 0.904999 0.0950014
0 0.92495 0.0750503
3 0.207842 0.792158
0 0.960126 0.0398745
3 0.012746 0.987254
0 0.999236 0.000763775
0 0.73514 0.26486
3 0.0962684 0.903732
0 0.904582 0.0954179
0 0.924241 0.0757592
3 0.13735 0.86265
3 0.000103823 0.999896
0 0.739711 0.260289
0 0.878433 0.121567
0 0.954599 0.045401
3 8.80279e-07 0.999999
0 0.622556 0.377444
0 0.994443 0.00555727
0 0.952871 0.0471289
0 0.57358 0.42642
3 0.145047 0.854953
0 0.740245 0.259755
3 0.000372768 0.999627
0 0.724938 0.275062
0 0.997392 0.00260836
3 1.67755e-05 0.999983
3 0.00184171 0.998158
0 0.903801 0.0961987
0 0.937284 0.0627162
0 0.957125 0.0428754
0 0.883006 0.116994
0 0.960319 0.0396813
0 0.815717 0.184283
0 0.659835 0.340165
3 0.010673 0.989327
0 0.869306 0.130694
0 0.966986 0.0330135
0 0.864485 0.135515
0 0.993422 0.00657821
0 0.880927 0.119073
3 0.0119383 0.988062
0 0.999212 0.000787642
3 0.00114031 0.99886
0 0.971283 0.0287168
0 0.859983 0.140017
3 6.42441e-05 0.999936
0 0.914506 0.0854938
3 1e-07 1
3 0.000127486 0.999873
3 0.000191036 0.999809
0 0.932708 0.0672919
0 0.762278 0.237722
0 0.997684 0.00231608
3 0.000257444 0.999743
0 0.891062 0.108938
0 0.974667 0.025333
0 0.973136 0.0268638
3 2.82015e-05 0.999972
0 0.707747 0.292253
0 0.688095 0.311905
0 0.568986 0.431014
0 0.910982 0.0890183
0 0.98706 0.0129397
0 0.997307 0.00269314
0 0.784322 0.215678
0 0.958439 0.0415609
0 0.999721 0.00027853
0 0.999896 0.00010378
3 0.00979609 0.990204
0 0.977533 0.0224672
0 0.74987 0.25013
0 0.998873 0.00112671
0 0.968342 0.0316583
3 0.0408422 0.959158
3 0.00236072 0.997639
0 0.863983 0.136017
3 1.03711e-05 0.99999
0 0.847794 0.152206
3 1.48437e-06 0.999999
0 0.630836 0.369164
0 0.865456 0.134544
0 0.997963 0.00203661
0 0.964846 0.0351542
3 1.46227e-05 0.999985
0 0.764355 0.235645
3 0.000371555 0.999628
3 0.00117362 0.998826
3 0.137968 0.862032
0 0.896022 0.103978
0 0.986915 0.0130851
3 0.234559 0.765441
0 0.999243 0.000756642
3 0.0622991 0.937701
3 0.000261715 0.999738
3 0.00785677 0.992143
0 0.893994 0.106006
3 0.000475433 0.999525
3 0.000136143 0.999864
3 0.00675283 0.993247
3 0.204465 0.795535
3 0.000329726 0.99967
0 0.999692 0.000307783
0 0.973425 0.0265751
0 0.814034 0.185966
0 0.998821 0.0011795
0 0.952536 0.047464
0 0.998927 0.00107291
0 0.519116 0.480884
0 0.933468 0.0665323
3 0.000678018 0.999322
0 0.820526 0.179474
0 0.95432 0.0456801
0 0.932279 0.0677214
0 0.835778 0.164222
0 0.974217 0.0257829
0 0.770543 0.229457
0 0.995039 0.00496083
3 0.227298 0.772702
3 0.127814 0.872186
0 0.948678 0.0513225
0 0.78647 0.21353
3 0.413105 0.586895
3 0.00159027 0.99841
0 0.958663 0.0413373
3 0.00240757 0.997592
3 0.000218611 0.999781
0 0.991367 0.00863343
3 0.00303825 0.996962
0 0.999754 0.000245841
3 0.0262367 0.973763
0 0.581983 0.418017
3 3.55317e-07 1
0 0.984894 0.0151062
3 0.212715 0.787285
0 0.927686 0.0723136
0 0.899739 0.100261
0 0.780342 0.219658
0 0.976226 0.0237745
0 0.95106 0.0489397
0 0.999215 0.000785083
3 1e-07 1
0 0.800167 0.199833
0 0.997447 0.00255267
0 0.956305 0.0436948
3 0.000945243 0.999055
0 0.745002 0.254998
0 0.810814 0.189186
0 0.506418 0.493582
3 0.0787987 0.921201
0 0.961247 0.0387533
0 0.96625 0.0337503
0 0.997818 0.00218153
3 3.1994e-06 0.999997
0 0.968605 0.0313954
0 0.829292 0.170708
3 0.0100143 0.989986
3 0.000400538 0.999599
3 0.00683427 0.993166
0 0.970546 0.0294541
0 0.877735 0.122265
0 0.609189 0.390811
3 1e-07 1
0 0.853754 0.146246
0 0.996843 0.00315675
3 9.51613e-05 0.999905
0 0.924096 0.0759036
0 0.990247 0.00975326
0 0.936322 0.0636777
0 0.805189 0.194811
3 0.254858 0.745142
3 0.313094 0.686906
3 4.28367e-05 0.999957
3 0.0372098 0.96279
3 0.000430984 0.999569
3 0.148163 0.851837
0 0.952825 0.0471753
0 0.992577 0.00742306
3 0.0359295 0.964071
0 0.999002 0.000997524
0 0.772518 0.227482
0 0.998235 0.00176457
0 0.972754 0.027246
0 0.754014 0.245986
3 0.0113976 0.988602
0 0.985437 0.0145634
0 0.894225 0.105775
3 2.99895e-05 0.99997
0 0.999577 0.000423385
0 0.941629 0.0583715
3 0.0270148 0.972985
3 7.21805e-05 0.999928
3 0.404978 0.595022
0 0.998948 0.00105207
3 0.30462 0.69538
0 0.85599 0.14401
3 0.00465289 0.995347
3 0.0602629 0.939737
0 0.922816 0.0771843
3 0.230086 0.769914
0 0.992188 0.00781161
0 0.732596 0.267404
0 0.997586 0.0024139
0 0.931297 0.068703
0 0.895293 0.104707
0 0.998682 0.00131765
0 0.719383 0.280617
3 0.0539056 0.946094
0 0.629457 0.370543
0 0.552366 0.447634
3 0.0915491 0.908451
0 0.997587 0.00241334
0 0.97238 0.0276195
0 0.988238 0.0117622
0 0.95411 0.0458901
0 0.853742 0.146258
0 0.910688 0.0893122
0 0.687845 0.312155
0 0.874599 0.125401
3 4.5566e-05 0.999954
0 0.934169 0.0658308
3 0.000217389 0.999783
0 0.999901 9.91583e-05
3 0.434835 0.565165
0 0.744525 0.255475
0 0.961259 0.0387405
0 0.742789 0.257211
3 0.00815882 0.991841
0 0.996176 0.00382434
3 0.0153424 0.984658
3 0.264293 0.735707
0 0.972244 0.0277559
0 0.693169 0.306831
3 0.0112051 0.988795
3 0.00290892 0.997091
0 0.979762 0.0202376
3 0.498004 0.501996
3 0.00457378 0.995426
3 0.00104228 0.998958
0 0.864713 0.135287
0 0.966285 0.0337149
3 0.000457422 0.999543
0 0.948481 0.0515187
0 0.998135 0.00186492
3 0.417153 0.582847
0 0.644347 0.355653
3 0.212149 0.787851
0 0.862559 0.137441
0 0.551543 0.448457
3 9.79891e-05 0.999902
0 0.752238 0.247762
0 0.999388 0.000612048
0 0.995683 0.00431745
3 0.000682776 0.999317
0 0.996113 0.00388719
3 0.471534 0.528466
0 0.998842 0.00115764
3 0.464306 0.535694
0 0.995366 0.00463371
0 0.955932 0.0440677
0 0.910043 0.0899571
3 0.164017 0.835983
0 0.892749 0.107251
3 9.07151e-05 0.999909
0 0.997812 0.00218751
0 0.999679 0.000320694
0 0.996401 0.0035992
0 0.663603 0.336397
3 0.0011027 0.998897
3 0.000724498 0.999276
0 0.85633 0.14367
0 0.971331 0.0286685
0 0.692842 0.307158
0 0.94787 0.0521297
3 2.11285e-06 0.999998
3 0.000451794 0.999548
0 0.998957 0.00104294
0 0.999167 0.000832787
0 0.842257 0.157743
0 0.642177 0.357823
3 0.000819671 0.99918
3 0.000201183 0.999799
3 6.85376e-06 0.999993
3 0.129312 0.870688
0 0.910597 0.089403
0 0.746762 0.253238
0 0.999897 0.000102655
3 0.000272664 0.999727
0 0.898363 0.101637
0 0.918799 0.0812008
0 0.752519 0.247481
0 0.613771 0.386229
0 0.64127 0.35873
3 0.406029 0.593971
0 0.845958 0.154042
3 0.00425003 0.99575
3 9.22667e-07 0.999999
0 0.940977 0.0590227
0 0.536406 0.463594
0 0.966696 0.0333044
0 0.999174 0.000825995
0 0.932167 0.0678329
3 1.67091e-05 0.999983
3 0.00481773 0.995182
0 0.781094 0.218906
3 0.31514 0.68486
3 0.440117 0.559883
0 0.988789 0.0112115
3 0.00310717 0.996893
0 0.923335 0.0766651
0 0.961708 0.0382925
0 0.676487 0.323513
0 0.988176 0.0118243
0 0.894247 0.105753
0 0.99778 0.0022199
0 0.999308 0.000691987
0 0.997536 0.00246405
3 1.09028e-05 0.999989
0 0.802291 0.197709
3 0.000385079 0.999615
0 0.960059 0.0399405
0 0.989418 0.0105815
3 0.18152 0.81848
0 0.714225 0.285775
3 0.0528058 0.947194
3 2.13088e-06 0.999998
3 0.0013318 0.998668
3 0.000402875 0.999597
0 0.911211 0.0887887
0 0.798094 0.201906
0 0.961325 0.0386748
0 0.941069 0.0589312
3 0.312209 0.687791
3 0.319543 0.680457
3 0.000406464 0.999594
3 0.00154731 0.998453
3 4.1322e-05 0.999959
0 0.995722 0.00427841
3 0.374739 0.625261
3 0.0247649 0.975235
0 0.962912 0.037088
0 0.662311 0.337689
3 0.000140798 0.999859
0 0.747559 0.252441
0 0.997879 0.00212078
3 0.000569588 0.99943
0 0.972069 0.0279311
0 0.965523 0.0344768
0 0.887289 0.112711
0 0.996121 0.00387882
3 0.24954 0.75046
3 0.00446638 0.995534
0 0.967603 0.0323969
0 0.702578 0.297422
0 0.822455 0.177545
0 0.914307 0.0856926
3 0.000284048 0.999716
0 0.962521 0.0374792
0 0.917128 0.0828716
3 0.000361991 0.999638
3 9.36356e-06 0.999991
3 8.78683e-05 0.999912
3 0.00053161 0.999468
3 0.0424432 0.957557
0 0.969779 0.0302206
0 0.699185 0.300815
0 0.880928 0.119072
0 0.779244 0.220756
0 0.953331 0.0466686
3 0.00014748 0.999853
3 0.235659 0.764341
0 0.997545 0.00245528
0 0.943703 0.0562968
3 5.90455e-05 0.999941
0 0.992247 0.0077532
0 0.657221 0.342779
3 0.0125555 0.987444
3 0.00702069 0.992979
3 0.000102792 0.999897
3 0.00784355 0.992156
0 0.993817 0.00618326
3 7.55984e-05 0.999924
0 0.814621 0.185379
0 0.968925 0.0310747
3 0.000884757 0.999115
0 0.876376 0.123624
3 0.000103899 0.999896
0 0.944284 0.0557158
3 0.000397629 0.999602
0 0.527458 0.472542
0 0.934341 0.0656591
0 0.913524 0.0864761
0 0.973359 0.0266414
3 0.37834 0.62166
3 0.310937 0.689063
0 0.616063 0.383937
3 0.112682 0.887318
3 0.000780335 0.99922
0 0.972766 0.0272337
3 0.178499 0.821501
3 0.00287053 0.997129
0 0.958286 0.0417143
0 0.957891 0.0421095
3 2.97693e-05 0.99997
0 0.689568 0.310432
0 0.924877 0.0751232
0 0.963015 0.0369851
3 0.0693583 0.930642
3 1.57356e-06 0.999998
0 0.999012 0.000988106
0 0.901557 0.0984435
3 4.82224e-05 0.999952
3 0.000876227 0.999124
3 0.25179 0.74821
3 0.214844 0.785156
0 0.998759 0.00124147
0 0.835551 0.164449
3 6.88712e-05 0.999931
0 0.9599 0.0400999
0 0.555544 0.444456
3 0.000667187 0.999333
0 0.999902 9.76636e-05
0 0.737745 0.262255
0 0.997927 0.00207306
3 1e-07 1
0 0.883502 0.116498
0 0.863928 0.136072
3 1e-07 1
3 1.06611e-05 0.999989
3 0.000314114 0.999686
0 0.95515 0.0448499
0 0.963433 0.0365671
0 0.723827 0.276173
0 0.897647 0.102353
0 0.951362 0.0486377
3 0.00730732 0.992693
3 2.352e-05 0.999976
0 0.969773 0.0302266
0 0.858511 0.141489
3 0.415493 0.584507
3 0.223085 0.776915
0 0.924214 0.0757857
0 0.973456 0.0265442
0 0.89306 0.10694
0 0.978747 0.0212529
0 0.973841 0.0261588
0 0.971012 0.0289878
0 0.768762 0.231238
0 0.943478 0.056522
0 0.999214 0.000786493
0 0.999671 0.000328702
3 0.022511 0.977489
3 0.266558 0.733442
3 0.00013604 0.999864
0 0.954841 0.0451592
0 0.622427 0.377573
3 0.00087544 0.999125
3 5.28835e-05 0.999947
0 0.772544 0.227456
0 0.92124 0.07876
0 0.963455 0.0365446
0 0.884857 0.115143
3 0.00188288 0.998117
3 0.000225234 0.999775
0 0.608068 0.391932
3 0.0135181 0.986482
3 0.209773 0.790227
0 0.888824 0.111176
0 0.870148 0.129852
3 0.00022735 0.999773
0 0.995909 0.00409077
0 0.548643 0.451357
0 0.971967 0.028033
0 0.968538 0.0314617
0 0.807797 0.192203
0 0.915318 0.0846817
0 0.991879 0.00812064
3 2.2207e-05 0.999978
3 1e-07 1
0 0.952839 0.0471609
3 5.86965e-05 0.999941
3 2.08112e-06 0.999998
0 0.710919 0.289081
0 0.700601 0.299399
0 0.952644 0.0473561
3 0.000755047 0.999245
3 0.31375 0.68625
0 0.856081 0.143919
0 0.956422 0.0435784
0 0.99857 0.00142985
3 0.249879 0.750121
0 0.91053 0.08947
0 0.978562 0.0214378
3 0.0997721 0.900228
0 0.610752 0.389248
0 0.891213 0.108787
3 2.27459e-05 0.999977
3 0.219137 0.780863
0 0.696358 0.303642
3 0.307205 0.692795
0 0.972184 0.0278156
3 0.108692 0.891308
0 0.920967 0.0790332
3 0.000245816 0.999754
0 0.998664 0.00133617
3 0.0200351 0.979965
0 0.950018 0.0499817
0 0.959999 0.0400007
0 0.923451 0.0765487
0 0.807128 0.192872
0 0.992824 0.00717629
0 0.951967 0.0480329
0 0.942644 0.0573557
0 0.859534 0.140466
3 0.166775 0.833225
3 0.138288 0.861712
0 0.713908 0.286092
0 0.979499 0.0205012
0 0.850301 0.149699
0 0.982456 0.0175439
3 0.000427292 0.999573
0 0.999616 0.000384052
3 0.00289207 0.997108
3 1.38869e-07 1
0 0.924764 0.0752364
3 0.225404 0.774596
0 0.994973 0.0050268
3 0.00105614 0.998944
0 0.823679 0.176321
3 0.000457107 0.999543
0 0.808577 0.191423
3 1e-07 1
3 0.474204 0.525796
3 0.370088 0.629912
0 0.986609 0.0133909
0 0.959453 0.0405467
0 0.996161 0.00383925
3 0.000107713 0.999892
0 0.990739 0.00926137
0 0.892356 0.107644
3 0.178198 0.821802
3 0.455842 0.544158
3 0.0160648 0.983935
0 0.991731 0.00826939
3 8.95134e-07 0.999999
0 0.868906 0.131094
3 0.186125 0.813875
0 0.78065 0.21935
0 0.97654 0.02346
0 0.989259 0.0107406
0 0.99921 0.00079001
3 0.00136345 0.998637
0 0.63294 0.36706
3 0.00209292 0.997907
3 0.39031 0.60969
0 0.928888 0.0711125
0 0.97375 0.0262498
0 0.950186 0.0498144
0 0.908849 0.091151
0 0.9088 0.0912004
0 0.58076 0.41924
0 0.954812 0.0451884
3 0.0226624 0.977338
0 0.990963 0.00903745
0 0.997251 0.00274923
3 3.51418e-07 1
0 0.926641 0.0733595
0 0.924766 0.0752343
0 0.986085 0.0139151
0 0.585565 0.414435
3 1e-07 1
3 0.00423216 0.995768
0 0.998656 0.00134424
0 0.995025 0.00497476
0 0.943702 0.0562979
3 2.80696e-06 0.999997
0 0.951819 0.0481808
0 0.564734 0.435266
0 0.95242 0.0475802
0 0.871553 0.128447
0 0.992675 0.00732474
3 2.47091e-06 0.999998
3 0.000681201 0.999319
3 0.334233 0.665767
3 3.58303e-05 0.999964
3 8.93582e-06 0.999991
0 0.992802 0.0071975
3 0.228274 0.771726
3 0.0140868 0.985913
0 0.963381 0.0366191
3 6.27287e-07 0.999999
3 1.24892e-07 1
0 0.978121 0.021879
0 0.847009 0.152991
0 0.692653 0.307347
0 0.999306 0.000694197
0 0.94501 0.0549902
3 0.0282123 0.971788
3 3.11027e-05 0.999969
0 0.675766 0.324234
0 0.928431 0.071569
0 0.974566 0.0254342
0 0.999243 0.000756815
0 0.982495 0.0175048
3 0.0503833 0.949617
0 0.973612 0.0263877
0 0.934106 0.0658939
3 0.000124163 0.999876
0 0.956132 0.0438676
0 0.986784 0.0132158
3 6.20381e-05 0.999938
3 5.58553e-06 0.999994
0 0.768448 0.231552
0 0.96702 0.0329801
3 0.100278 0.899722
0 0.969066 0.0309344
3 0.076021 0.923979
0 0.886022 0.113978
0 0.992163 0.0078375
0 0.999079 0.000921443
0 0.920114 0.0798862
0 0.947492 0.0525079
0 0.973044 0.0269557
3 0.00317565 0.996824
0 0.691198 0.308802
3 0.346773 0.653227
0 0.978701 0.0212992
3 0.0470148 0.952985
0 0.524057 0.475943
0 0.972768 0.0272316
0 0.952095 0.0479046
0 0.998652 0.00134789
0 0.841541 0.158459
0 0.896945 0.103055
3 1.31194e-05 0.999987
0 0.853567 0.146433
0 0.836863 0.163137
3 0.264225 0.735775
0 0.875914 0.124086
3 0.0067596 0.99324
0 0.998163 0.00183731
0 0.910286 0.0897142
0 0.999576 0.000423665
0 0.929551 0.0704493
0 0.594701 0.405299
0 0.998941 0.00105925
0 0.840106 0.159894
0 0.9771 0.0228996
0 0.978427 0.0215732
0 0.887647 0.112353
0 0.993832 0.00616839
0 0.538354 0.461646
3 0.123499 0.876501
0 0.971931 0.0280688
0 0.908992 0.0910078
0 0.998952 0.00104801
0 0.997622 0.00237794
0 0.937705 0.0622953
3 0.00925788 0.990742
0 0.937451 0.0625488
0 0.99956 0.000440041
0 0.657435 0.342565
0 0.942408 0.0575921
3 2.66573e-07 1
3 0.362598 0.637402
3 1e-07 1
0 0.997194 0.00280601
0 0.990215 0.00978514
3 4.4775e-06 0.999996
0 0.829918 0.170082
0 0.825331 0.174669
3 0.000218278 0.999782
0 0.971794 0.0282063
0 0.94847 0.0515303
0 0.979135 0.0208647
0 0.560903 0.439097
3 0.00433107 0.995669
0 0.998499 0.0015006
0 0.95428 0.0457198
0 0.735087 0.264913
3 0.0135481 0.986452
3 0.000456373 0.999544
3 0.000299849 0.9997
3 0.000128184 0.999872
0 0.829763 0.170237
3 0.314367 0.685633
0 0.963671 0.0363292
0 0.776798 0.223202
3 0.000605131 0.999395
3 6.08661e-05 0.999939
0 0.972341 0.0276593
0 0.977869 0.0221312
0 0.918446 0.0815537
0 0.960754 0.0392456
3 0.0850988 0.914901
3 0.206539 0.793461
0 0.696072 0.303928
3 0.18851 0.81149
3 0.392686 0.607314
0 0.990782 0.00921757
3 0.478055 0.521945
0 0.974693 0.0253073
3 0.000682887 0.999317
3 2.55507e-05 0.999974
0 0.952798 0.0472019
0 0.973273 0.0267269
0 0.768042 0.231958
3 0.000218593 0.999781
0 0.948204 0.0517959
3 0.00470581 0.995294
3 0.2745 0.7255
0 0.826003 0.173997
0 0.999251 0.000749495
3 0.000111405 0.999889
0 0.841191 0.158809
3 0.248716 0.751284
0 0.941805 0.0581949
0 0.570129 0.429871
0 0.998353 0.00164715
0 0.902948 0.0970519
3 0.000472758 0.999527
0 0.90202 0.0979802
3 0.478172 0.521828
0 0.871146 0.128854
3 0.00257228 0.997428
0 0.973141 0.0268593
3 8.02932e-07 0.999999
3 0.13178 0.86822
3 0.0708239 0.929176
0 0.974429 0.0255712
0 0.989578 0.0104218
0 0.99348 0.00652048
0 0.970266 0.0297338
3 0.00231767 0.997682
3 1.66267e-05 0.999983
3 0.0155895 0.98441
0 0.96737 0.03263
3 0.000628283 0.999372
3 0.00596635 0.994034
3 0.477871 0.522129
0 0.7859 0.2141
0 0.987567 0.0124332
0 0.90426 0.0957403
0 0.75164 0.24836
3 0.00151615 0.998484
0 0.997715 0.00228545
3 0.277698 0.722302
3 1.83695e-06 0.999998
0 0.9491 0.0509002
3 0.265299 0.734701
0 0.790309 0.209691
3 0.165093 0.834907
3 0.350366 0.649634
0 0.651465 0.348535
0 0.883307 0.116693
0 0.956064 0.0439356
3 0.00109464 0.998905
3 0.35846 0.64154
3 0.0110973 0.988903
3 0.0244112 0.975589
0 0.98817 0.0118302
0 0.98855 0.0114497
3 0.0189845 0.981015
3 0.450343 0.549657
0 0.671596 0.328404
0 0.921565 0.0784351
0 0.943264 0.0567362
0 0.99861 0.00139013
0 0.870029 0.129971
0 0.917645 0.0823545
0 0.999073 0.000926966
3 0.126228 0.873772
3 1.40423e-07 1
3 0.05868 0.94132
3 2.2391e-05 0.999978
3 0.000144288 0.999856
3 9.78203e-07 0.999999
3 0.321543 0.678457
3 1.79334e-05 0.999982
3 1.1247e-05 0.999989
0 0.762578 0.237422
0 0.957263 0.0427373
0 0.796964 0.203036
3 0.430483 0.569517
0 0.994716 0.00528423
0 0.720539 0.279461
0 0.994527 0.00547326
0 0.985839 0.0141615
0 0.974632 0.025368
0 0.820219 0.179781
0 0.960524 0.0394758
0 0.795397 0.204603
3 0.493001 0.506999
0 0.975993 0.024007
3 0.0066846 0.993315
0 0.649144 0.350856
0 0.998846 0.00115372
0 0.960797 0.0392031
3 3.28931e-05 0.999967
3 1e-07 1
0 0.999928 7.167e-05
0 0.917707 0.0822926
3 0.0153849 0.984615
0 0.973417 0.026583
0 0.997386 0.00261404
0 0.999572 0.000427618
0 0.967919 0.0320808
0 0.675185 0.324815
0 0.957582 0.0424175
0 0.998876 0.00112427
0 0.943928 0.0560716
3 0.134314 0.865686
0 0.981931 0.0180694
3 0.404856 0.595144
0 0.971135 0.0288648
3 0.0138085 0.986191
0 0.546122 0.453878
0 0.961788 0.0382121
0 0.99959 0.000410424
0 0.951971 0.048029
3 0.00251704 0.997483
3 0.001373 0.998627
3 0.422082 0.577918
3 0.002882 0.997118
0 0.54948 0.45052
3 0.0347335 0.965266
3 1.789e-05 0.999982
3 0.0014985 0.998502
0 0.987332 0.0126685
3 0.398262 0.601738
0 0.980912 0.0190879
0 0.561979 0.438021
0 0.959195 0.0408046
3 1e-07 1
0 0.856903 0.143097
3 0.000214093 0.999786
3 0.204636 0.795364
0 0.999828 0.000172348
0 0.97786 0.0221402
3 0.0148001 0.9852
0 0.999317 0.000682987
0 0.972335 0.0276646
3 1.27795e-05 0.999987
0 0.833948 0.166052
3 4.24024e-06 0.999996
0 0.897848 0.102152
0 0.891958 0.108042
0 0.999388 0.000612336
3 0.000202033 0.999798
0 0.973766 0.0262344
3 0.133243 0.866757
0 0.996187 0.00381252
0 0.971702 0.0282977
0 0.628474 0.371526
0 0.998991 0.0010095
0 0.781206 0.218794
0 0.840651 0.159349
3 0.000178171 0.999822
3 8.06226e-06 0.999992
0 0.985386 0.0146138
0 0.996433 0.00356739
0 0.719236 0.280764
0 0.882671 0.117329
3 0.139524 0.860476
3 0.000547908 0.999452
3 0.0211407 0.978859
3 0.377981 0.622019
0 0.974485 0.0255155
0 0.972435 0.027565
0 0.593568 0.406432
3 0.00605248 0.993948
0 0.937308 0.0626918
3 4.79998e-06 0.999995
3 0.019753 0.980247
3 0.193444 0.806556
0 0.998962 0.0010382
0 0.89042 0.10958
3 1.56068e-05 0.999984
0 0.944828 0.0551715
3 0.00181751 0.998182
0 0.998061 0.00193885
0 0.817383 0.182617
0 0.911258 0.0887424
0 0.946327 0.0536727
0 0.990736 0.00926367
0 0.913285 0.0867152
0 0.938908 0.0610917
3 0.000168371 0.999832
0 0.956341 0.0436586
0 0.999079 0.000920549
0 0.595293 0.404707
3 0.000144648 0.999855
0 0.95501 0.0449896
3 1.647e-05 0.999984
0 0.530134 0.469866
3 0.00305612 0.996944
3 1e-07 1
0 0.974477 0.0255232
0 0.9595 0.0405003
0 0.77217 0.22783
0 0.889315 0.110685
0 0.9559 0.0441005
3 2.08292e-05 0.999979
0 0.923374 0.0766264
0 0.979503 0.0204965
0 0.79951 0.20049
3 0.00717202 0.992828
0 0.771283 0.228717
3 0.000117988 0.999882
3 6.45681e-06 0.999994
0 0.946451 0.0535489
0 0.970086 0.0299135
3 0.499616 0.500384
0 0.829712 0.170288
0 0.986381 0.0136188
0 0.997948 0.00205183
0 0.693507 0.306493
3 0.00225851 0.997741
0 0.97832 0.0216796
0 0.968885 0.0311146
3 0.000465962 0.999534
3 4.07216e-06 0.999996
0 0.969655 0.0303454
0 0.999549 0.000450711
3 0.00010661 0.999893
3 1.65337e-05 0.999983
0 0.900212 0.0997878
0 0.978812 0.021188
0 0.568385 0.431615
3 0.0178916 0.982108
0 0.74529 0.25471
3 0.00889838 0.991102
3 0.0548174 0.945183
0 0.97428 0.0257198
0 0.960264 0.039736
3 0.0166073 0.983393
0 0.715825 0.284175
0 0.975654 0.0243461
0 0.982007 0.0179931
0 0.896237 0.103763
0 0.789038 0.210962
3 0.000474221 0.999526
0 0.819274 0.180726
0 0.954235 0.045765
3 0.00652833 0.993472
0 0.920767 0.0792333
3 4.20832e-05 0.999958
0 0.969017 0.0309827
3 0.34641 0.65359
3 0.000509528 0.99949
3 0.00328112 0.996719
3 0.0657109 0.934289
3 5.80959e-05 0.999942
3 3.11867e-06 0.999997
0 0.999447 0.000552651
0 0.930184 0.0698156
0 0.718659 0.281341
0 0.820425 0.179575
0 0.942684 0.0573163
0 0.97461 0.0253897
0 0.951528 0.0484717
0 0.999485 0.000515197
3 1.1159e-05 0.999989
3 5.7855e-06 0.999994
3 5.60954e-05 0.999944
3 0.000467256 0.999533
0 0.961077 0.0389234
0 0.997087 0.00291332
3 0.0115564 0.988444
0 0.911299 0.0887009
0 0.80497 0.19503
3 0.0470288 0.952971
0 0.672726 0.327274
0 0.864266 0.135734
0 0.968931 0.0310686
0 0.962268 0.0377317
0 0.992949 0.00705143
0 0.56218 0.43782
3 2.45796e-05 0.999975
0 0.998085 0.00191463
0 0.836752 0.163248
0 0.910507 0.0894932
3 0.165756 0.834244
0 0.557081 0.442919
3 0.105094 0.894906
3 0.048853 0.951147
0 0.840378 0.159622
0 0.784707 0.215293
0 0.89852 0.10148
3 0.284021 0.715979
0 0.939912 0.0600879
0 0.777612 0.222388
0 0.539001 0.460999
3 0.404318 0.595682
0 0.942182 0.0578185
3 9.87924e-05 0.999901
0 0.999344 0.000655977
3 0.000161665 0.999838
3 0.00272941 0.997271
3 0.0447997 0.9552
0 0.999055 0.000944605
0 0.947823 0.0521772
3 1.87425e-06 0.999998
0 0.843624 0.156376
3 0.00367017 0.99633
0 0.932269 0.0677311
0 0.697776 0.302224
3 0.0573735 0.942626
0 0.990554 0.00944627
3 0.00119562 0.998804
0 0.966452 0.0335483
3 0.000311244 0.999689
3 0.0029001 0.9971
0 0.999575 0.000425154
0 0.913111 0.0868887
0 0.990899 0.00910148
3 2.10693e-06 0.999998
3 0.000826367 0.999174
3 0.0476449 0.952355
0 0.650311 0.349689
0 0.915353 0.084647
0 0.899476 0.100524
0 0.803941 0.196059
3 4.39433e-05 0.999956
0 0.715133 0.284867
3 0.000994427 0.999006
3 0.0511736 0.948826
0 0.939736 0.0602638
0 0.998895 0.00110462
0 0.964983 0.0350165
3 0.322454 0.677546
0 0.937484 0.0625155
3 0.38826 0.61174
0 0.63885 0.36115
3 4.54608e-06 0.999995
0 0.934274 0.0657258
0 0.866936 0.133064
3 6.66084e-05 0.999933
3 1e-07 1
0 0.774077 0.225923
0 0.99937 0.00062997
3 2.69291e-06 0.999997
0 0.860168 0.139832
0 0.998721 0.00127918
3 7.81506e-05 0.999922
0 0.954917 0.0450833
0 0.754293 0.245707
0 0.792829 0.207171
0 0.937325 0.0626746
3 5.33801e-06 0.999995
0 0.905973 0.094027
3 0.000199144 0.999801
0 0.978851 0.0211487
0 0.945286 0.0547138
0 0.997854 0.00214634
0 0.999373 0.000626589
3 9.79974e-06 0.99999
0 0.9969 0.00310012
3 0.00038673 0.999613
0 0.628359 0.371641
0 0.934228 0.0657719
3 0.000689647 0.99931
0 0.948386 0.0516142
3 0.39012 0.60988
0 0.978868 0.0211319
3 5.59301e-06 0.999994
0 0.763829 0.236171
0 0.912705 0.087295
0 0.96811 0.0318903
3 0.00718053 0.992819
0 0.998953 0.00104724
3 0.200918 0.799082
0 0.997643 0.00235695
0 0.987202 0.0127985
0 0.970886 0.0291142
0 0.881198 0.118802
0 0.625703 0.374297
3 0.0218732 0.978127
3 0.0019159 0.998084
0 0.924248 0.0757519
0 0.986719 0.0132808
0 0.997781 0.00221911
3 0.000246851 0.999753
0 0.97233 0.0276703
3 5.3039e-05 0.999947
0 0.785179 0.214821
0 0.755166 0.244834
0 0.970365 0.0296354
0 0.998317 0.0016834
3 2.89898e-05 0.999971
0 0.53524 0.46476
0 0.720363 0.279637
3 0.000217861 0.999782
3 0.24726 0.75274
3 9.67737e-05 0.999903
3 2.97883e-07 1
3 0.451225 0.548775
3 1.5964e-07 1
0 0.927387 0.0726133
0 0.998801 0.00119926
0 0.914439 0.0855606
3 6.41479e-06 0.999994
0 0.96892 0.0310801
0 0.764171 0.235829
3 0.169219 0.830781
0 0.999142 0.00085777
3 0.0194453 0.980555
0 0.999919 8.10581e-05
3 0.000105962 0.999894
3 0.0417208 0.958279
0 0.978276 0.0217237
0 0.945379 0.0546208
3 0.00110117 0.998899
0 0.792354 0.207646
3 0.0579297 0.94207
0 0.946045 0.0539553
0 0.962801 0.037199
3 0.0688448 0.931155
0 0.981389 0.0186107
0 0.956173 0.0438268
0 0.998019 0.00198107
3 0.3154 0.6846
0 0.541921 0.458079
0 0.998247 0.00175318
0 0.632091 0.367909
0 0.927473 0.0725265
3 0.231618 0.768382
3 0.00667715 0.993323
0 0.699941 0.300059
0 0.966998 0.0330021
0 0.973799 0.0262005
3 9.47581e-05 0.999905
3 0.0123001 0.9877
3 0.00125026 0.99875
0 0.947198 0.0528017
0 0.921838 0.0781621
3 1.67511e-06 0.999998
3 3.76183e-06 0.999996
3 0.328981 0.671019
3 0.045514 0.954486
0 0.862601 0.137399
3 0.000577701 0.999422
0 0.927804 0.0721956
0 0.950153 0.049847
0 0.976398 0.0236018
3 4.86281e-05 0.999951
3 5.8705e-07 0.999999
0 0.826341 0.173659
0 0.997582 0.00241831
0 0.947073 0.052927
0 0.820853 0.179147
3 1.13956e-06 0.999999
3 0.476132 0.523868
0 0.914426 0.0855737
0 0.801319 0.198681
3 0.00783502 0.992165
0 0.733446 0.266554
0 0.933542 0.0664581
0 0.985812 0.0141878
0 0.998466 0.00153443
0 0.945098 0.0549019
0 0.997076 0.00292426
0 0.991066 0.00893413
0 0.999663 0.000336771
0 0.693592 0.306408
3 6.25875e-06 0.999994
3 0.0330792 0.966921
3 0.215775 0.784225
0 0.991976 0.00802444
3 0.0992901 0.90071
3 0.0282202 0.97178
0 0.976698 0.023302
3 5.08973e-06 0.999995
3 1.51429e-06 0.999998
0 0.609614 0.390386
3 0.319241 0.680759
0 0.618822 0.381178
3 0.108276 0.891724
0 0.938645 0.0613546
3 0.00696487 0.993035
3 0.0859485 0.914051
3 0.417332 0.582668
3 0.435928 0.564072
3 0.18607 0.81393
0 0.998967 0.00103296
3 0.00332616 0.996674
0 0.889953 0.110047
0 0.964305 0.0356952
0 0.739539 0.260461
3 0.123031 0.876969
0 0.881958 0.118042
3 0.478302 0.521698
3 0.0023338 0.997666
3 0.0483183 0.951682
0 0.724428 0.275572
3 0.00110369 0.998896
0 0.785678 0.214322
3 0.00205704 0.997943
3 0.000442726 0.999557
3 4.82426e-07 1
3 0.282398 0.717602
3 0.40213 0.59787
3 0.223899 0.776101
3 8.23501e-05 0.999918
0 0.850242 0.149758
3 0.0398365 0.960163
3 0.389886 0.610114
3 0.0773806 0.922619
3 0.0550888 0.944911
0 0.800478 0.199522
0 0.829558 0.170442
0 0.99805 0.00195022
0 0.954572 0.0454278
0 0.997376 0.00262445
0 0.910246 0.0897536
3 0.00155819 0.998442
0 0.997892 0.00210835
0 0.97404 0.0259605
0 0.896857 0.103143
0 0.655839 0.344161
0 0.998841 0.00115932
0 0.829922 0.170078
0 0.986856 0.0131439
0 0.998765 0.00123464
0 0.998161 0.00183891
3 0.00170338 0.998297
0 0.539206 0.460794
0 0.903942 0.096058
0 0.950304 0.0496964
3 0.000687597 0.999312
0 0.87311 0.12689
3 0.000931323 0.999069
0 0.830461 0.169539
0 0.987479 0.0125213
0 0.998753 0.00124721
0 0.916796 0.0832037
3 6.74724e-06 0.999993
0 0.997276 0.0027242
3 0.00143965 0.99856
3 1e-07 1
3 0.000497784 0.999502
0 0.958666 0.0413343
0 0.905377 0.0946226
0 0.958077 0.0419234
3 0.0271643 0.972836
3 0.00580626 0.994194
3 0.0318434 0.968157
3 0.0041566 0.995843
0 0.892883 0.107117
0 0.99925 0.000749791
3 0.000346052 0.999654
0 0.822588 0.177412
3 0.000511863 0.999488
0 0.924683 0.0753171
0 0.961029 0.0389709
3 0.00235563 0.997644
3 3.66642e-06 0.999996
0 0.962891 0.0371088
3 0.00304995 0.99695
0 0.999082 0.000918409
0 0.969022 0.0309776
3 0.00159772 0.998402
0 0.999496 0.00050416
0 0.945445 0.0545545
3 6.57664e-05 0.999934
0 0.999138 0.000861921
0 0.875367 0.124633
0 0.908654 0.0913461
0 0.968927 0.0310733
0 0.99929 0.000709894
3 0.346429 0.653571
0 0.967514 0.0324858
3 0.0817323 0.918268
0 0.974679 0.0253206
0 0.956539 0.0434609
3 0.000112382 0.999888
0 0.937067 0.0629327
0 0.945157 0.0548428
3 0.115579 0.884421
0 0.952383 0.0476167
0 0.999456 0.000543546
3 0.0340661 0.965934
3 0.0761065 0.923893
3 0.000153565 0.999846
0 0.984208 0.0157922
0 0.986632 0.0133682
0 0.851176 0.148824
3 0.000294303 0.999706
3 0.432927 0.567073
3 0.00140184 0.998598
0 0.999761 0.000238882
0 0.999229 0.000771495
3 0.0704933 0.929507
3 0.0195893 0.980411
3 0.189922 0.810078
0 0.997739 0.00226125
0 0.970673 0.0293273
0 0.938147 0.0618534
0 0.974871 0.0251293
3 0.0795378 0.920462
0 0.722898 0.277102
3 0.00219068 0.997809
0 0.93493 0.0650703
3 0.21833 0.78167
0 0.90063 0.0993704
3 0.0299481 0.970052
0 0.842354 0.157646
3 0.150807 0.849193
3 0.000477823 0.999522
0 0.772206 0.227794
0 0.999422 0.000577954
0 0.991515 0.00848529
3 1.69054e-05 0.999983
0 0.950543 0.0494567
0 0.995552 0.00444787
0 0.973724 0.0262756
0 0.979752 0.020248
3 1.23256e-05 0.999988
0 0.750311 0.249689
0 0.992218 0.00778221
0 0.930535 0.069465
0 0.985254 0.0147462
0 0.998452 0.00154772
3 4.009e-06 0.999996
3 0.00177722 0.998223
0 0.868356 0.131644
0 0.999411 0.000588699
0 0.746325 0.253675
0 0.925276 0.0747237
0 0.99736 0.00264035
0 0.975469 0.0245306
0 0.633894 0.366106
3 2.72126e-06 0.999997
0 0.950023 0.049977
3 1.27335e-05 0.999987
3 0.396524 0.603476
0 0.834127 0.165873
3 0.203136 0.796864
0 0.993472 0.0065284
0 0.680748 0.319252
0 0.544376 0.455624
0 0.682895 0.317105
3 0.145365 0.854635
0 0.9644 0.0355999
3 0.167927 0.832073
0 0.972616 0.0273835
0 0.792945 0.207055
0 0.575689 0.424311
0 0.719973 0.280027
3 0.0538828 0.946117
3 0.46107 0.53893
0 0.999198 0.000801939
3 0.299573 0.700427
3 6.7915e-05 0.999932
0 0.768253 0.231747
0 0.991561 0.00843909
0 0.993729 0.00627079
0 0.979213 0.0207875
0 0.688103 0.311897
0 0.940992 0.0590075
3 0.142662 0.857338
3 7.23838e-06 0.999993
0 0.970419 0.0295806
0 0.9759 0.0241005
3 0.0827217 0.917278
0 0.998153 0.00184731
0 0.778168 0.221832
0 0.94708 0.0529203
3 0.00088749 0.999113
0 0.924992 0.0750082
0 0.868629 0.131371
3 0.408626 0.591374
3 0.0119215 0.988079
0 0.991157 0.00884279
3 0.000148552 0.999851
0 0.939354 0.0606459
0 0.977376 0.0226238
0 0.897838 0.102162
3 0.0813488 0.918651
3 6.10275e-06 0.999994
3 0.088032 0.911968
0 0.998525 0.00147489
0 0.829717 0.170283
0 0.959253 0.0407473
0 0.9795 0.0205002
3 0.350944 0.649056
0 0.988639 0.0113614
3 1.15721e-07 1
3 0.0401611 0.959839
0 0.973541 0.026459
3 0.12896 0.87104
3 0.00440155 0.995598
0 0.823213 0.176787
0 0.907078 0.0929218
0 0.958347 0.0416533
3 0.0176573 0.982343
3 0.0966087 0.903391
0 0.684699 0.315301
0 0.94356 0.0564396
3 1e-07 1
3 0.000217784 0.999782
3 0.442087 0.557913
3 0.0371017 0.962898
0 0.964866 0.0351339
0 0.992188 0.0078121
0 0.967228 0.0327722
3 0.0001274 0.999873
0 0.90862 0.0913797
3 0.273203 0.726797
0 0.999314 0.000685502
0 0.92912 0.07088
0 0.784143 0.215857
0 0.582117 0.417883
0 0.790021 0.209979
3 0.000600983 0.999399
3 0.0601872 0.939813
0 0.983567 0.0164328
3 0.00221994 0.99778
3 6.40928e-05 0.999936
0 0.997327 0.00267342
0 0.687937 0.312063
3 0.0243347 0.975665
0 0.966646 0.0333539
0 0.950923 0.0490773
0 0.958305 0.0416945
0 0.976218 0.023782
3 0.298077 0.701923
3 2.57223e-06 0.999997
3 0.00480977 0.99519
3 1.8919e-07 1
0 0.961713 0.0382866
0 0.99274 0.00725982
3 0.105701 0.894299
0 0.805097 0.194903
0 0.99719 0.0028104
0 0.990089 0.00991122
0 0.959953 0.0400469
0 0.889442 0.110558
0 0.670208 0.329792
3 7.92792e-05 0.999921
0 0.923735 0.0762655
0 0.732565 0.267435
0 0.970755 0.0292452
0 0.95795 0.0420502
0 0.988858 0.0111422
0 0.911952 0.0880476
0 0.877521 0.122479
3 1e-07 1
0 0.989803 0.0101968
0 0.99281 0.00718962
3 0.0175527 0.982447
0 0.997689 0.00231138
3 0.00141817 0.998582
0 0.877151 0.122849
0 0.862554 0.137446
0 0.918744 0.0812561
3 0.171475 0.828525
0 0.992098 0.00790204
0 0.972462 0.0275381
0 0.787416 0.212584
0 0.907163 0.0928373
3 8.62549e-06 0.999991
3 0.0282125 0.971788
3 0.000956731 0.999043
0 0.97434 0.0256598
3 0.367028 0.632972
0 0.97328 0.02672
0 0.966151 0.0338488
0 0.96982 0.0301804
0 0.962514 0.0374858
3 0.073109 0.926891
0 0.999739 0.000261074
0 0.91949 0.0805099
3 0.000104774 0.999895
0 0.658742 0.341258
3 0.000323658 0.999676
3 3.74142e-06 0.999996
3 0.109169 0.890831
0 0.965607 0.0343931
3 0.0814961 0.918504
0 0.869214 0.130786
0 0.899762 0.100238
0 0.673196 0.326804
0 0.832392 0.167608
3 8.88769e-05 0.999911
0 0.999464 0.000536131
0 0.947607 0.0523933
3 0.461889 0.538111
0 0.878894 0.121106
0 0.977105 0.0228955
0 0.964532 0.0354683
3 0.0151774 0.984823
3 0.345298 0.654702
0 0.966962 0.0330377
3 0.00739887 0.992601
0 0.999641 0.000358906
3 4.80555e-05 0.999952
0 0.565366 0.434634
3 0.000669204 0.999331
3 0.000528304 0.999472
3 6.72505e-05 0.999933
3 0.124929 0.875071
3 1.21477e-05 0.999988
3 0.0643431 0.935657
3 1.97808e-07 1
0 0.969219 0.030781
0 0.679487 0.320513
3 0.222529 0.777471
3 0.0166227 0.983377
3 0.017239 0.982761
3 4.33165e-05 0.999957
0 0.999023 0.000976813
3 0.211819 0.788181
3 0.080336 0.919664
0 0.98135 0.0186501
3 0.0232803 0.97672
0 0.88794 0.11206
3 0.000781491 0.999219
3 0.0333732 0.966627
3 0.0914448 0.908555
3 0.0323602 0.96764
3 0.0141016 0.985898
3 0.0668331 0.933167
3 1.60218e-05 0.999984
0 0.983593 0.0164074
0 0.761975 0.238025
0 0.97022 0.0297798
3 0.00451182 0.995488
3 1.86294e-05 0.999981
0 0.724506 0.275494
0 0.944138 0.0558621
3 0.00934773 0.990652
3 0.00207899 0.997921
0 0.827787 0.172213
3 0.000782942 0.999217
0 0.892961 0.107039
0 0.843431 0.156569
3 1.20273e-05 0.999988
3 0.00131698 0.998683
0 0.772386 0.227614
3 0.39333 0.60667
3 0.000182507 0.999817
3 0.128139 0.871861
0 0.921029 0.0789712
0 0.9981 0.00189983
3 0.00195543 0.998045
3 2.39631e-05 0.999976
3 1.18648e-07 1
0 0.997962 0.00203796
0 0.907283 0.0927168
0 0.540784 0.459216
0 0.959836 0.040164
3 0.0192917 0.980708
0 0.632558 0.367442
3 2.75609e-06 0.999997
3 0.00142114 0.998579
3 2.86384e-06 0.999997
3 0.00380632 0.996194
3 0.229783 0.770217
0 0.948504 0.0514964
0 0.998552 0.00144817
0 0.952044 0.0479561
3 0.487687 0.512313
0 0.953699 0.0463013
3 0.00319039 0.99681
3 0.427427 0.572573
3 0.0136621 0.986338
0 0.999384 0.000615526
0 0.939279 0.0607209
0 0.504373 0.495627
0 0.811917 0.188083
0 0.998739 0.00126052
0 0.998712 0.00128836
0 0.995529 0.00447129
0 0.99879 0.00121035
3 0.000193706 0.999806
3 2.6989e-05 0.999973
3 0.0217993 0.978201
0 0.909376 0.0906243
3 0.0048728 0.995127
0 0.899371 0.100629
0 0.891849 0.108151
0 0.886037 0.113963
0 0.999198 0.000801985
0 0.998681 0.00131872
0 0.999126 0.00087427
0 0.961279 0.0387213
0 0.885344 0.114656
0 0.974317 0.0256827
3 0.0391431 0.960857
0 0.780089 0.219911
3 1.37049e-05 0.999986
0 0.907279 0.0927206
0 0.960071 0.0399285
0 0.995974 0.0040258
0 0.814745 0.185255
3 0.44315 0.55685
0 0.965141 0.0348594
0 0.969684 0.0303165
3 0.343611 0.656389
0 0.634053 0.365947
0 0.652747 0.347253
0 0.87489 0.12511
0 0.920786 0.0792141
0 0.995618 0.00438245
0 0.997413 0.00258749
0 0.94464 0.0553602
3 0.0020255 0.997974
3 3.52234e-06 0.999996
0 0.796249 0.203751
0 0.625712 0.374288
3 0.000102491 0.999898
3 0.00141151 0.998588
0 0.970879 0.0291208
0 0.953608 0.046392
3 0.0765965 0.923404
0 0.994702 0.00529796
3 0.00085693 0.999143
3 7.42323e-05 0.999926
0 0.99888 0.00112004
0 0.852988 0.147012
3 0.00025075 0.999749
3 0.469238 0.530762
0 0.96588 0.0341196
3 0.225093 0.774907
0 0.883847 0.116153
0 0.822501 0.177499
0 0.900038 0.0999618
3 0.310239 0.689761
0 0.965906 0.0340941
0 0.82509 0.17491
0 0.87315 0.12685
3 0.164117 0.835883
0 0.998377 0.00162325
0 0.973125 0.0268754
0 0.97306 0.0269397
0 0.89566 0.10434
3 0.461753 0.538247
3 0.000527827 0.999472
0 0.900957 0.0990435
0 0.557122 0.442878
3 0.451642 0.548358
0 0.896847 0.103153
0 0.909459 0.0905409
3 0.0945637 0.905436
0 0.942991 0.0570086
3 8.38512e-05 0.999916
3 0.413623 0.586377
0 0.833416 0.166584
0 0.998886 0.00111367
0 0.935001 0.0649991
0 0.914377 0.0856232
0 0.989771 0.0102292
0 0.730411 0.269589
3 0.00048284 0.999517
0 0.936821 0.0631789
3 0.279012 0.720988
0 0.998806 0.00119433
0 0.71528 0.28472
0 0.989823 0.0101774
0 0.999588 0.000412451
3 2.81222e-05 0.999972
0 0.942161 0.0578388
3 1.27687e-05 0.999987
0 0.998948 0.00105193
0 0.920832 0.0791678
3 0.493073 0.506927
0 0.960863 0.0391369
0 0.892754 0.107246
0 0.573151 0.426849
0 0.999255 0.000744968
3 0.182475 0.817525
3 0.000179466 0.999821
3 7.78167e-05 0.999922
3 0.323763 0.676237
0 0.972758 0.0272425
3 2.83226e-05 0.999972
0 0.585572 0.414428
0 0.927126 0.0728737
0 0.950949 0.0490509
0 0.664257 0.335743
0 0.998918 0.00108157
3 0.00053983 0.99946
0 0.911838 0.088162
3 0.101416 0.898584
0 0.943134 0.0568658
3 0.0819607 0.918039
0 0.976251 0.0237489
0 0.964919 0.0350809
3 0.195008 0.804992
3 0.00143197 0.998568
0 0.99627 0.00373042
0 0.898316 0.101684
0 0.972121 0.0278792
3 0.00193012 0.99807
0 0.991903 0.00809703
0 0.944984 0.0550163
0 0.949099 0.0509012
0 0.964598 0.0354018
0 0.594332 0.405668
3 0.00205511 0.997945
0 0.930523 0.069477
3 0.455064 0.544936
0 0.992345 0.0076545
3 1e-07 1
3 0.00118806 0.998812
0 0.798373 0.201627
3 0.00433199 0.995668
3 0.245768 0.754232
0 0.781108 0.218892
3 6.28094e-05 0.999937
0 0.913555 0.0864452
3 0.407022 0.592978
0 0.965485 0.0345154
0 0.982583 0.0174172
3 0.0123041 0.987696
0 0.964725 0.0352754
0 0.941239 0.0587606
0 0.983213 0.0167872
0 0.85635 0.14365
0 0.875507 0.124493
3 0.00105892 0.998941
0 0.954898 0.0451019
0 0.997981 0.00201928
0 0.90191 0.0980896
0 0.896441 0.103559
0 0.734766 0.265234
3 0.00973652 0.990263
0 0.939597 0.0604027
3 0.00124862 0.998751
3 1.14244e-05 0.999989
0 0.993609 0.00639111
3 0.245539 0.754461
0 0.996955 0.00304463
3 1.91395e-06 0.999998
0 0.636369 0.363631
3 2.07296e-06 0.999998
0 0.845929 0.154071
3 0.00117669 0.998823
3 0.172465 0.827535
0 0.998215 0.00178482
3 0.331613 0.668387
0 0.88902 0.11098
3 1e-07 1
0 0.980374 0.0196261
0 0.97339 0.0266099
0 0.998277 0.00172284
0 0.969841 0.0301588
3 5.52443e-06 0.999994
3 0.0134954 0.986505
3 0.000969445 0.999031
0 0.950706 0.049294
3 0.0303065 0.969693
3 0.0178502 0.98215
0 0.987901 0.0120987
0 0.605681 0.394319
3 0.000106879 0.999893
3 0.0506198 0.94938
3 0.064488 0.935512
0 0.998722 0.00127781
0 0.947107 0.0528934
3 0.00807598 0.991924
3 1.23512e-05 0.999988
0 0.958743 0.0412567
3 1.50664e-05 0.999985
3 0.00151286 0.998487
3 8.08844e-05 0.999919
0 0.997269 0.00273136
0 0.614993 0.385007
0 0.882803 0.117197
3 0.00169425 0.998306
0 0.97685 0.0231501
0 0.985738 0.0142616
3 0.00699599 0.993004
3 4.42129e-06 0.999996
0 0.860544 0.139456
0 0.887688 0.112312
3 6.53252e-06 0.999993
0 0.969626 0.0303735
3 0.0013082 0.998692
0 0.831683 0.168317
3 0.0322426 0.967757
0 0.940448 0.059552
0 0.993482 0.00651806
3 0.000224792 0.999775
3 0.000591623 0.999408
0 0.962032 0.0379685
3 1.43925e-05 0.999986
3 0.000189277 0.999811
0 0.967798 0.0322022
0 0.865559 0.134441
3 0.00206563 0.997934
3 3.74559e-05 0.999963
0 0.896379 0.103621
0 0.952342 0.0476577
3 0.169414 0.830586
3 0.00025155 0.999748
3 0.110439 0.889561
0 0.961874 0.0381256
0 0.77508 0.22492
3 0.0122596 0.98774
0 0.997983 0.00201741
0 0.900401 0.099599
3 6.07876e-06 0.999994
3 0.00135194 0.998648
0 0.935992 0.0640077
0 0.991071 0.00892921
0 0.763881 0.236119
0 0.974197 0.0258028
3 0.0900018 0.909998
3 0.00749868 0.992501
0 0.943693 0.0563071
3 0.033843 0.966157
0 0.724126 0.275874
0 0.898196 0.101804
0 0.970025 0.0299747
0 0.989536 0.0104639
0 0.962691 0.0373085
0 0.925372 0.0746279
0 0.99875 0.00124973
0 0.996097 0.00390291
3 0.000275589 0.999724
0 0.921932 0.0780679
0 0.95754 0.04246
3 0.00481737 0.995183
0 0.972436 0.0275635
0 0.618305 0.381695
3 0.454216 0.545784
0 0.743538 0.256462
0 0.974794 0.0252056
0 0.965835 0.0341652
0 0.858563 0.141437
0 0.999034 0.000966414
3 5.47001e-05 0.999945
0 0.998922 0.00107782
0 0.970801 0.0291985
0 0.962292 0.0377077
0 0.816872 0.183128
0 0.96859 0.0314103
0 0.767205 0.232795
3 0.231352 0.768648
3 0.00787385 0.992126
0 0.949286 0.0507142
0 0.958479 0.0415215
0 0.830145 0.169855
0 0.819668 0.180332
3 1.10187e-05 0.999989
3 4.59345e-07 1
3 0.0118961 0.988104
0 0.757928 0.242072
0 0.991809 0.0081914
0 0.999872 0.000127857
0 0.961708 0.0382917
0 0.958149 0.0418506
0 0.832517 0.167483
3 0.000134789 0.999865
3 0.339516 0.660484
3 0.000925842 0.999074
3 0.00947249 0.990528
3 0.0100802 0.98992
0 0.554164 0.445836
0 0.993706 0.00629435
0 0.990251 0.00974901
0 0.966971 0.0330289
3 0.27112 0.72888
0 0.990062 0.00993845
3 6.065e-05 0.999939
3 0.0541374 0.945863
3 5.01501e-06 0.999995
3 0.358499 0.641501
3 6.2763e-05 0.999937
0 0.966798 0.0332016
3 0.0873984 0.912602
0 0.690769 0.309231
0 0.840496 0.159504
0 0.906336 0.0936642
0 0.968363 0.0316369
3 0.000107558 0.999892
3 0.000209484 0.999791
3 0.00585841 0.994142
0 0.997111 0.00288942
3 0.00143724 0.998563
3 7.61694e-07 0.999999
0 0.97762 0.0223799
0 0.729769 0.270231
0 0.579023 0.420977
3 0.0113805 0.98862
0 0.999652 0.000348417
0 0.755879 0.244121
3 0.264944 0.735056
0 0.90031 0.0996903
0 0.998747 0.00125283
3 0.008152 0.991848
0 0.733247 0.266753
0 0.998431 0.00156939
0 0.975668 0.0243324
0 0.973839 0.0261607
3 0.000169567 0.99983
3 2.52949e-06 0.999997
3 0.0465257 0.953474
0 0.969472 0.030528
0 0.906944 0.0930555
0 0.971115 0.0288847
0 0.982138 0.0178625
0 0.974962 0.0250376
3 0.000508607 0.999491
0 0.999372 0.00062823
3 0.341981 0.658019
3 6.16985e-07 0.999999
3 0.00247623 0.997524
0 0.96299 0.0370095
0 0.981653 0.0183466
3 0.00274947 0.997251
0 0.969642 0.0303582
0 0.947023 0.0529765
0 0.997862 0.00213783
0 0.991646 0.00835445
3 0.251312 0.748688
0 0.995935 0.00406482
0 0.924045 0.0759551
0 0.712956 0.287044
3 2.00337e-07 1
0 0.757485 0.242515
0 0.9991 0.000899515
0 0.850133 0.149867
3 3.85878e-06 0.999996
0 0.940346 0.059654
3 7.56458e-05 0.999924
3 0.409265 0.590735
3 0.00242622 0.997574
3 0.0573332 0.942667
0 0.6167 0.3833
3 0.131438 0.868562
0 0.975026 0.0249742
3 1.49155e-05 0.999985
0 0.975265 0.0247347
0 0.932081 0.0679191
3 5.6985e-05 0.999943
3 0.0541903 0.94581
0 0.993193 0.00680702
3 0.000103618 0.999896
0 0.998701 0.00129904
0 0.967626 0.0323736
3 0.140473 0.859527
3 0.00071185 0.999288
0 0.999798 0.000201787
3 0.155105 0.844895
0 0.966502 0.0334979
3 0.0705807 0.929419
0 0.821493 0.178507
0 0.918225 0.0817747
3 0.000496103 0.999504
0 0.902741 0.0972588
3 1.1516e-06 0.999999
0 0.987254 0.0127464
3 0.17149 0.82851
0 0.874632 0.125368
0 0.516859 0.483141
0 0.865368 0.134632
0 0.997669 0.00233055
3 0.00434416 0.995656
3 7.49817e-05 0.999925
3 0.441153 0.558847
3 0.159449 0.840551
3 0.000120154 0.99988
0 0.997504 0.002496
0 0.990614 0.00938582
0 0.764836 0.235164
0 0.924088 0.0759121
0 0.94879 0.0512104
3 0.00991161 0.990088
3 0.430959 0.569041
3 0.0422901 0.95771
0 0.898311 0.101689
0 0.831787 0.168213
3 0.00939671 0.990603
0 0.957587 0.0424127
0 0.740067 0.259933
0 0.960914 0.0390858
0 0.963588 0.0364119
3 0.00344956 0.99655
0 0.95327 0.0467303
0 0.998982 0.00101837
0 0.642867 0.357133
3 0.0187358 0.981264
3 0.000132655 0.999867
3 0.245684 0.754316
3 0.000162425 0.999838
0 0.857454 0.142546
0 0.947233 0.0527668
0 0.692107 0.307893
3 0.173454 0.826546
0 0.567578 0.432422
0 0.592546 0.407454
0 0.999664 0.000336195
0 0.917304 0.0826963
3 0.0216862 0.978314
0 0.685438 0.314562
3 0.000226518 0.999773
0 0.999794 0.000205609
0 0.847125 0.152875
3 0.158096 0.841904
3 8.01649e-05 0.99992
0 0.88252 0.11748
3 9.70928e-07 0.999999
0 0.999073 0.000926966
0 0.954697 0.0453033
0 0.973229 0.026771
0 0.93991 0.0600896
0 0.873095 0.126905
0 0.689899 0.310101
3 0.0088192 0.991181
3 4.21635e-05 0.999958
3 0.000440448 0.99956
0 0.996625 0.00337523
3 0.459671 0.540329
0 0.982424 0.0175758
0 0.996265 0.00373475
0 0.941901 0.0580989
3 0.193879 0.806121
0 0.999517 0.000482749
0 0.962516 0.0374844
3 0.0086585 0.991341
0 0.977327 0.022673
0 0.999786 0.000213983
3 1e-07 1
0 0.935595 0.0644053
3 0.0209207 0.979079
3 0.00101362 0.998986
0 0.958464 0.0415356
0 0.844862 0.155138
0 0.965174 0.0348256
0 0.999598 0.000401587
0 0.997392 0.00260757
0 0.99918 0.000820282
3 2.35067e-05 0.999976
0 0.96674 0.0332602
0 0.685676 0.314324
0 0.948488 0.0515119
3 0.0903251 0.909675
0 0.789886 0.210114
0 0.933401 0.0665986
0 0.92869 0.0713104
0 0.947287 0.0527129
0 0.998751 0.00124923
3 0.000228278 0.999772
0 0.965838 0.0341616
3 1.865e-06 0.999998
3 0.000221521 0.999778
3 0.197282 0.802718
0 0.999623 0.000377034
0 0.998936 0.00106396
0 0.98924 0.0107603
0 0.89013 0.10987
0 0.751471 0.248529
0 0.976298 0.0237024
0 0.869921 0.130079
0 0.982241 0.0177586
0 0.862756 0.137244
3 0.172868 0.827132
3 0.000105287 0.999895
3 0.000267824 0.999732
3 1e-07 1
0 0.999025 0.000975449
3 0.0730022 0.926998
0 0.988743 0.0112572
0 0.878718 0.121282
0 0.94485 0.0551503
0 0.900588 0.0994119
0 0.983935 0.0160651
0 0.832289 0.167711
0 0.928571 0.0714294
0 0.966167 0.0338332
3 0.000216653 0.999783
0 0.972647 0.0273525
0 0.991391 0.00860911
0 0.971776 0.0282237
3 0.110388 0.889612
0 0.881042 0.118958
0 0.949319 0.050681
0 0.97397 0.0260303
3 0.175426 0.824574
3 0.000889002 0.999111
3 1.42581e-06 0.999999
3 0.000866858 0.999133
0 0.871386 0.128614
0 0.952475 0.0475255
3 0.000242568 0.999757
0 0.801958 0.198042
3 0.0590151 0.940985
3 0.299082 0.700918
0 0.972334 0.0276658
3 0.00102602 0.998974
0 0.993152 0.00684758
0 0.917218 0.0827817
0 0.764121 0.235879
0 0.997771 0.00222913
0 0.975961 0.0240386
0 0.779536 0.220464
3 0.000616005 0.999384
3 1e-07 1
3 0.0102515 0.989749
0 0.874946 0.125054
0 0.947135 0.0528649
0 0.90018 0.0998196
0 0.657239 0.342761
0 0.850198 0.149802
3 0.0660033 0.933997
3 0.0125208 0.987479
3 0.00659402 0.993406
3 0.000249628 0.99975
3 1.31869e-05 0.999987
0 0.78655 0.21345
0 0.865031 0.134969
3 9.89198e-05 0.999901
0 0.999222 0.000777971
0 0.926631 0.0733686
0 0.547083 0.452917
3 0.123936 0.876064
0 0.815204 0.184796
3 0.00131319 0.998687
3 0.000147885 0.999852
0 0.710356 0.289644
0 0.760397 0.239603
0 0.998245 0.00175548
3 0.00501791 0.994982
0 0.554825 0.445175
0 0.521108 0.478892
3 1.04501e-05 0.99999
0 0.872271 0.127729
3 0.097167 0.902833
3 2.22035e-06 0.999998
0 0.911907 0.0880932
0 0.839903 0.160097
0 0.628071 0.371929
0 0.837412 0.162588
0 0.999496 0.000504063
0 0.98448 0.0155205
3 0.0454134 0.954587
0 0.642651 0.357349
0 0.905821 0.0941786
0 0.911037 0.0889635
0 0.998441 0.00155881
0 0.990351 0.00964905
3 0.000141347 0.999859
3 0.454683 0.545317
0 0.766519 0.233481
0 0.999077 0.00092296
0 0.605723 0.394277
0 0.682422 0.317578
0 0.986209 0.0137914
0 0.819394 0.180606
0 0.728954 0.271046
0 0.894096 0.105904
3 0.458918 0.541082
0 0.957892 0.0421077
0 0.87721 0.12279
0 0.690816 0.309184
0 0.948269 0.0517311
0 0.974177 0.025823
3 0.420281 0.579719
3 2.56829e-05 0.999974
3 0.00529409 0.994706
3 0.000621409 0.999379
0 0.770581 0.229419
0 0.656911 0.343089
3 2.48327e-06 0.999998
0 0.975831 0.0241687
0 0.974931 0.0250693
0 0.849087 0.150913
3 0.000449496 0.999551
3 0.00220583 0.997794
3 0.000841257 0.999159
0 0.822434 0.177566
0 0.563441 0.436559
0 0.535326 0.464674
3 3.35594e-07 1
0 0.847672 0.152328
0 0.815666 0.184334
0 0.944444 0.0555564
3 2.7187e-05 0.999973
0 0.962715 0.0372851
0 0.817522 0.182478
3 0.00865808 0.991342
3 0.137523 0.862477
3 0.00270353 0.997296
3 0.0364709 0.963529
0 0.854373 0.145627
3 1.95389e-05 0.99998
0 0.98597 0.0140302
3 0.00385167 0.996148
3 0.0232961 0.976704
3 0.000191934 0.999808
0 0.965862 0.034138
0 0.968598 0.0314023
0 0.716905 0.283095
3 0.00207459 0.997925
3 3.48038e-05 0.999965
0 0.707907 0.292093
0 0.817352 0.182648
3 0.000118159 0.999882
0 0.574201 0.425799
0 0.663277 0.336723
3 0.00174633 0.998254
0 0.800623 0.199377
0 0.951012 0.0489878
3 2.60397e-05 0.999974
0 0.996229 0.00377135
0 0.940581 0.059419
0 0.974797 0.0252032
3 0.000376769 0.999623
3 0.0404961 0.959504
3 1e-07 1
0 0.577448 0.422552
3 0.269982 0.730018
3 0.00336019 0.99664
0 0.962104 0.0378958
0 0.930933 0.0690673
0 0.642379 0.357621
0 0.920794 0.0792065
3 8.51305e-05 0.999915
3 0.000398801 0.999601
0 0.710554 0.289446
0 0.901817 0.098183
3 0.465578 0.534422
3 0.0879672 0.912033
3 0.294205 0.705795
3 2.37595e-05 0.999976
0 0.966065 0.0339349
0 0.995472 0.00452848
3 4.70568e-06 0.999995
3 0.00300557 0.996994
3 1.23089e-06 0.999999
3 0.0102261 0.989774
3 0.00113967 0.99886
0 0.768336 0.231664
3 0.162243 0.837757
0 0.559494 0.440506
0 0.665102 0.334898
0 0.79395 0.20605
0 0.951319 0.0486813
0 0.872046 0.127954
3 0.000569112 0.999431
0 0.968561 0.0314389
0 0.901208 0.0987922
0 0.875936 0.124064
3 5.33514e-07 0.999999
0 0.724627 0.275373
0 0.997378 0.00262202
0 0.976895 0.0231045
0 0.844134 0.155866
0 0.947548 0.0524523
3 0.00188719 0.998113
3 2.14917e-05 0.999979
0 0.780711 0.219289
0 0.933844 0.0661561
0 0.844071 0.155929
0 0.724204 0.275796
0 0.798161 0.201839
3 0.0924939 0.907506
0 0.887198 0.112802
0 0.900051 0.0999493
3 0.0078037 0.992196
0 0.956283 0.0437169
0 0.972017 0.0279829
0 0.938125 0.0618752
0 0.986969 0.0130313
0 0.998467 0.00153318
0 0.953681 0.0463186
0 0.869957 0.130043
0 0.895458 0.104542
0 0.989273 0.0107265
3 1e-07 1
0 0.954108 0.0458918
0 0.599899 0.400101
0 0.952583 0.0474166
0 0.990084 0.00991606
3 0.000387249 0.999613
3 0.00761397 0.992386
3 0.00050734 0.999493
0 0.972456 0.0275438
0 0.992923 0.00707712
0 0.752961 0.247039
3 1e-07 1
3 0.106266 0.893734
0 0.99175 0.00825039
3 3.20693e-05 0.999968
0 0.808894 0.191106
0 0.931247 0.0687526
0 0.899898 0.100102
3 0.000176934 0.999823
0 0.952449 0.047551
0 0.933532 0.0664678
0 0.766128 0.233872
0 0.63206 0.36794
3 0.0023602 0.99764
0 0.997887 0.00211279
3 0.114332 0.885668
3 0.05925 0.94075
0 0.759295 0.240705
0 0.952427 0.0475725
3 0.107364 0.892636
3 0.000596608 0.999403
0 0.996955 0.0030446
0 0.99731 0.00269042
3 0.486092 0.513908
0 0.960257 0.039743
3 1e-07 1
3 0.394011 0.605989
3 0.155715 0.844285
3 2.31363e-05 0.999977
0 0.95668 0.0433203
0 0.844595 0.155405
0 0.905913 0.094087
0 0.999819 0.000180681
0 0.998559 0.00144119
0 0.865046 0.134954
