labels 2 3
2 1 2.54899e-07
2 0.988444 0.0115558
2 0.990151 0.00984856
3 1e-07 1
3 1e-07 1
2 0.991921 0.00807944
3 0.000108868 0.999891
3 6.47882e-06 0.999994
3 1e-07 1
3 1e-07 1
3 0.0223209 0.977679
2 0.879877 0.120123
2 0.999999 7.61825e-07
2 0.978554 0.0214463
3 0.00316504 0.996835
3 0.000555691 0.999444
3 0.000496807 0.999503
3 5.1647e-05 0.999948
2 0.780421 0.219579
3 0.0116639 0.988336
2 0.937885 0.0621154
2 0.98661 0.0133896
2 0.999945 5.50042e-05
2 0.996424 0.00357579
2 0.964459 0.0355413
2 0.967221 0.032779
2 0.997346 0.00265372
2 0.915889 0.084111
2 0.770779 0.229221
2 1 1e-07
3 1e-07 1
3 0.000118039 0.999882
2 0.999864 0.000136218
3 1e-07 1
2 1 4.81785e-07
2 1 1e-07
2 0.999986 1.42598e-05
2 0.908326 0.0916741
3 1e-07 1
2 1 1e-07
2 0.994188 0.00581198
2 0.600795 0.399205
2 0.999 0.00100042
2 0.957326 0.0426739
2 0.914595 0.0854053
2 0.991368 0.00863245
2 0.999897 0.000102626
2 0.994297 0.00570345
2 1 1e-07
2 1 1.04858e-07
2 1 1e-07
3 8.59773e-06 0.999991
3 1.70632e-06 0.999998
2 0.999943 5.66006e-05
2 0.999984 1.60865e-05
2 0.999766 0.000233745
2 0.999768 0.000231739
2 0.96297 0.0370298
2 0.911848 0.0881519
2 0.994535 0.00546502
2 0.989432 0.0105679
2 0.999999 7.47225e-07
2 0.963553 0.0364469
2 0.999909 9.06065e-05
3 0.0534583 0.946542
3 1e-07 1
2 1 1e-07
2 0.953394 0.0466059
3 0.00043666 0.999563
3 1e-07 1
2 0.994864 0.00513609
3 0.00330067 0.996699
2 0.99996 4.04995e-05
2 0.999998 1.83469e-06
3 6.56664e-05 0.999934
3 3.04683e-07 1
2 0.999244 0.000755656
2 0.999935 6.49047e-05
2 0.980508 0.0194921
2 0.996487 0.00351263
2 0.994961 0.00503862
2 0.998718 0.00128226
3 5.37989e-06 0.999995
2 0.92962 0.0703799
3 0.0561906 0.943809
2 0.999996 3.67483e-06
2 0.999486 0.000514034
2 0.980331 0.0196695
2 0.999996 3.6038e-06
2 0.941653 0.0583471
3 0.0232092 0.976791
2 0.999847 0.000153193
3 0.00329065 0.996709
2 1 1.23197e-07
2 0.99992 8.02764e-05
3 1e-07 1
2 0.957997 0.0420027
2 1 1e-07
2 0.999914 8.62987e-05
3 0.0683975 0.931602
2 0.978387 0.0216127
2 1 1e-07
3 5.9947e-05 0.99994
2 1 1e-07
2 0.999999 9.55607e-07
3 1e-07 1
3 0.000212757 0.999787
2 1 3.66405e-07
3 0.0015995 0.9984
2 0.99505 0.00495004
2 0.952479 0.0475205
3 0.00031797 0.999682
2 1 1e-07
2 0.999252 0.000747788
2 0.999999 6.10672e-07
2 0.99999 1.01406e-05
2 0.999978 2.23124e-05
3 0.00349301 0.996507
2 1 2.39389e-07
2 0.999962 3.77082e-05
2 0.999737 0.000262974
2 0.97906 0.0209405
2 0.709145 0.290855
3 0.00504086 0.994959
2 0.996944 0.00305619
2 0.991097 0.00890299
2 0.999168 0.000831568
3 0.0324526 0.967547
2 0.946192 0.0538082
2 0.999994 5.98286e-06
2 0.707168 0.292832
3 0.000357925 0.999642
2 0.999982 1.78668e-05
2 0.999998 2.02236e-06
3 0.0730872 0.926913
3 6.13705e-06 0.999994
3 0.252079 0.747921
2 0.96889 0.03111
3 7.67029e-05 0.999923
2 0.999999 7.94687e-07
2 0.97775 0.0222501
3 0.000918129 0.999082
2 0.999846 0.000154168
2 1 1e-07
2 0.993255 0.00674534
2 0.999415 0.000585177
2 1 1e-07
2 0.561565 0.438435
3 0.0016458 0.998354
3 0.0195228 0.980477
2 0.974471 0.0255286
2 0.999589 0.000411445
2 0.999999 5.32741e-07
2 0.849814 0.150186
2 0.999866 0.000134376
2 1 1e-07
2 0.999856 0.000143767
3 0.00578343 0.994217
2 0.999854 0.000145782
2 0.999999 8.49703e-07
3 0.000606633 0.999393
3 0.000182177 0.999818
3 1e-07 1
2 0.999316 0.000683557
2 0.992963 0.00703722
3 0.00132973 0.99867
2 1 1.72845e-07
3 0.436629 0.563371
2 0.999242 0.000757821
3 1e-07 1
3 4.15544e-06 0.999996
2 0.999933 6.74916e-05
3 0.0513596 0.94864
2 0.76621 0.23379
2 0.998307 0.00169298
2 0.99927 0.000729509
3 3.32888e-05 0.999967
2 1 1e-07
2 0.999501 0.000498819
2 0.85779 0.14221
3 3.73892e-06 0.999996
2 0.88316 0.11684
2 0.988977 0.011023
2 0.765171 0.234829
2 0.999999 7.28305e-07
2 1 2.60017e-07
2 0.999942 5.80093e-05
2 0.999039 0.000960947
2 0.997018 0.00298178
2 0.841993 0.158007
2 0.999966 3.42635e-05
3 0.00485425 0.995146
2 1 1e-07
3 0.0890409 0.910959
2 0.99989 0.000110336
2 0.999312 0.000687666
2 0.951926 0.0480744
3 0.000967786 0.999032
2 0.956827 0.0431733
2 0.961132 0.0388684
3 0.00261794 0.997382
2 0.999998 1.95875e-06
2 0.999806 0.000193954
2 0.999921 7.86726e-05
2 0.999884 0.000115902
3 1.17653e-06 0.999999
2 1 1.05561e-07
3 0.0224499 0.97755
2 0.817082 0.182918
2 1 1e-07
2 0.945779 0.0542211
2 1 1e-07
2 0.992227 0.00777284
3 7.03434e-05 0.99993
2 0.999998 2.19318e-06
2 0.999963 3.72113e-05
3 0.00011965 0.99988
2 0.999998 1.91771e-06
2 0.999589 0.000410985
3 0.278138 0.721862
3 6.67818e-07 0.999999
3 1e-07 1
2 1 1e-07
2 1 1e-07
2 0.999997 2.81027e-06
2 0.999852 0.000148022
2 0.996829 0.00317121
2 0.999996 3.63508e-06
2 0.999999 1.47042e-06
2 1 1e-07
2 0.545672 0.454328
2 1 1e-07
2 0.999993 6.55217e-06
2 0.997688 0.00231217
2 0.999709 0.000291067
3 0.000206092 0.999794
2 0.959343 0.0406572
2 0.988989 0.0110108
2 0.596727 0.403273
2 0.949155 0.050845
2 1 1e-07
2 0.814134 0.185866
2 1 1e-07
3 4.11877e-07 1
3 1.92094e-05 0.999981
2 0.993433 0.00656678
2 0.999456 0.000543592
2 0.999998 1.73715e-06
3 3.91574e-05 0.999961
2 0.999942 5.841e-05
2 0.82201 0.17799
3 8.79541e-06 0.999991
2 0.99999 9.58682e-06
2 0.999535 0.000464518
2 0.999217 0.00078334
2 0.974106 0.025894
2 0.999995 5.12632e-06
2 0.95575 0.0442504
2 0.999996 3.81461e-06
2 1 1e-07
3 0.0247782 0.975222
2 1 1e-07
3 0.07289 0.92711
2 0.99574 0.00426033
2 1 1e-07
2 0.994531 0.00546908
3 1e-07 1
2 1 1e-07
2 0.999957 4.30676e-05
2 0.972521 0.0274794
2 1 1e-07
3 0.00219989 0.9978
2 1 1e-07
2 0.997052 0.00294844
2 0.99996 3.96821e-05
2 0.979193 0.0208069
2 0.990941 0.00905864
2 1 1.7602e-07
2 0.999884 0.000116492
3 1e-07 1
2 1 1.22222e-07
2 1 1e-07
2 0.999999 1.39363e-06
2 0.99868 0.00132039
2 0.976832 0.0231682
2 0.981943 0.0180569
2 1 1e-07
2 0.98401 0.0159904
3 0.00203216 0.997968
2 0.99976 0.000240189
3 1.37796e-05 0.999986
2 1 1e-07
2 0.951236 0.048764
2 0.997496 0.00250395
3 0.000591612 0.999408
2 0.99908 0.000919808
2 0.943725 0.0562751
3 9.17362e-06 0.999991
2 0.979194 0.0208056
3 0.0125518 0.987448
3 1.01532e-07 1
2 0.999972 2.80687e-05
2 0.996852 0.00314818
2 0.963536 0.0364645
3 0.197928 0.802072
2 0.698331 0.301669
2 1 1e-07
2 0.984719 0.015281
3 0.0181479 0.981852
3 0.470255 0.529745
2 0.970293 0.0297069
2 0.881944 0.118056
3 0.00128123 0.998719
2 1 4.08352e-07
2 0.999949 5.12448e-05
2 0.997859 0.00214133
3 0.0153749 0.984625
2 0.965321 0.0346789
2 0.995124 0.00487586
2 0.999284 0.000715693
3 3.32859e-05 0.999967
2 0.999829 0.000171293
2 1 1e-07
3 0.000810185 0.99919
2 0.999085 0.00091465
2 0.999659 0.000341164
2 1 1e-07
2 0.999966 3.40377e-05
2 1 1e-07
2 0.96894 0.0310604
3 5.05908e-05 0.999949
2 0.698883 0.301117
2 0.999996 3.50872e-06
2 0.999893 0.000107001
2 0.995382 0.00461824
2 0.984924 0.0150758
3 0.00140388 0.998596
3 1e-07 1
2 1 1e-07
2 1 1e-07
2 0.99999 9.75741e-06
2 0.789256 0.210744
2 0.951454 0.0485462
2 0.99762 0.00237976
2 0.999815 0.000185046
2 1 1e-07
2 1 1e-07
2 0.659157 0.340843
3 5.57787e-05 0.999944
2 0.99761 0.00239032
3 0.0575059 0.942494
2 0.999964 3.58351e-05
3 0.127312 0.872688
3 0.00312686 0.996873
2 0.999894 0.000106374
2 0.999872 0.000127703
3 0.198009 0.801991
2 0.999991 8.6304e-06
3 2.84809e-05 0.999972
2 1 1e-07
3 2.12849e-05 0.999979
2 0.999958 4.24055e-05
2 0.999816 0.00018425
2 0.99998 1.954e-05
3 0.000439069 0.999561
2 1 1e-07
2 0.999999 1.20605e-06
2 0.999987 1.26436e-05
2 0.998114 0.00188637
2 0.965854 0.0341458
2 0.774589 0.225411
2 0.951756 0.0482441
2 1 1e-07
3 0.0184944 0.981506
2 0.999974 2.63942e-05
2 1 1.44151e-07
3 0.000194961 0.999805
2 0.99578 0.00421968
2 0.977306 0.0226937
3 1e-07 1
2 0.999995 4.62961e-06
2 0.971981 0.028019
2 0.999004 0.000995847
2 1 1e-07
2 0.999953 4.67817e-05
2 0.619318 0.380682
2 0.997461 0.00253907
2 0.985034 0.014966
2 0.999041 0.000958989
2 0.933362 0.0666377
2 0.982275 0.017725
2 0.999978 2.23407e-05
2 0.987013 0.0129873
2 1 1e-07
3 0.421462 0.578538
2 1 1e-07
2 0.86195 0.13805
2 0.959393 0.0406067
2 0.94525 0.0547496
2 0.999999 6.1197e-07
2 0.99954 0.000460127
2 0.99998 2.00931e-05
2 0.999963 3.73677e-05
3 6.46977e-06 0.999994
2 0.624392 0.375608
3 0.0125629 0.987437
2 1 1e-07
2 1 1e-07
2 1 1e-07
3 0.0118403 0.98816
2 0.999473 0.000527351
3 0.000269401 0.999731
2 0.999952 4.82249e-05
2 1 1e-07
3 2.5806e-05 0.999974
3 1e-07 1
2 0.984544 0.0154561
2 0.99994 5.99525e-05
3 0.188362 0.811638
3 0.0005256 0.999474
2 0.826786 0.173214
2 0.777984 0.222016
2 0.928016 0.0719835
3 1.68405e-05 0.999983
2 0.999997 2.63621e-06
3 0.000231678 0.999768
2 0.976449 0.023551
2 0.969473 0.0305271
3 0.0021331 0.997867
2 0.72681 0.27319
2 1 1e-07
3 0.00251706 0.997483
2 1 1e-07
3 2.5841e-05 0.999974
2 0.994282 0.00571753
3 0.0252436 0.974756
2 0.99993 6.95133e-05
2 0.999989 1.06384e-05
2 0.999958 4.22287e-05
2 0.925298 0.074702
2 0.997731 0.00226924
3 1e-07 1
3 0.000229628 0.99977
2 0.99836 0.00164007
2 0.999911 8.87938e-05
2 0.999708 0.00029175
2 0.991225 0.00877469
3 1e-07 1
3 3.53952e-05 0.999965
2 0.999666 0.000334221
3 0.160261 0.839739
2 0.942569 0.0574305
3 0.00112995 0.99887
2 1 1e-07
2 1 2.37397e-07
2 0.690511 0.309489
2 0.998092 0.00190811
2 0.960307 0.0396926
3 0.109537 0.890463
3 8.61449e-06 0.999991
2 0.821418 0.178582
3 1e-07 1
3 1e-07 1
2 0.99905 0.000949675
2 0.999906 9.38702e-05
2 0.959222 0.0407778
2 1 1e-07
2 0.968242 0.0317576
2 0.999519 0.000481411
2 0.996561 0.00343935
2 0.99968 0.000319604
2 0.905828 0.0941724
2 0.976466 0.023534
3 0.0454164 0.954584
2 0.952949 0.0470514
2 0.990812 0.0091877
3 0.0112603 0.98874
3 0.172363 0.827637
2 0.999993 7.13271e-06
3 3.84396e-05 0.999962
2 0.988318 0.0116818
2 1 2.91406e-07
2 1 1e-07
2 0.999985 1.53792e-05
3 0.0159491 0.984051
3 0.460988 0.539012
2 0.997272 0.00272774
2 1 1e-07
3 3.70299e-06 0.999996
3 3.36399e-07 1
2 0.945152 0.0548483
3 0.0295366 0.970463
3 0.0692374 0.930763
2 0.955907 0.0440934
3 0.00866195 0.991338
2 0.999998 2.36781e-06
3 0.000307426 0.999693
3 0.148821 0.851179
3 5.94936e-05 0.999941
2 0.999207 0.000793446
3 2.90212e-05 0.999971
3 1e-07 1
3 0.000253525 0.999746
2 0.560982 0.439018
2 0.899543 0.100457
2 0.999349 0.000651002
2 1 2.98798e-07
2 0.996878 0.00312169
3 0.000134149 0.999866
2 0.961909 0.0380909
2 1 1e-07
2 0.59593 0.40407
3 1e-07 1
2 0.952968 0.0470316
2 0.999974 2.61595e-05
2 0.998941 0.00105947
2 1 1e-07
2 0.991847 0.00815345
3 1e-07 1
2 0.999859 0.000140973
2 0.986891 0.0131086
2 0.92153 0.0784696
3 1e-07 1
2 0.986729 0.0132713
2 1 1e-07
2 0.982167 0.0178334
2 0.876059 0.123941
3 1e-07 1
3 1.02119e-06 0.999999
2 1 1e-07
2 1 1e-07
2 0.999931 6.89623e-05
2 0.999954 4.57276e-05
3 1.30008e-07 1
3 0.0203732 0.979627
2 0.999907 9.33687e-05
2 0.999329 0.000670804
2 0.952945 0.0470549
2 0.897948 0.102052
3 1e-07 1
2 1 1e-07
2 0.999849 0.000150537
2 0.999439 0.000561472
3 0.130683 0.869317
3 0.000129192 0.999871
2 0.965905 0.0340953
2 0.999963 3.68991e-05
3 6.80118e-07 0.999999
2 0.999931 6.94028e-05
3 0.233823 0.766177
2 0.985412 0.0145881
2 0.910383 0.0896169
2 0.999917 8.3495e-05
2 1 1e-07
2 0.97848 0.0215199
3 1e-07 1
2 0.999947 5.28684e-05
2 0.999998 2.42576e-06
2 0.96431 0.0356898
3 0.0359954 0.964005
2 0.796675 0.203325
2 0.997703 0.00229651
2 0.899056 0.100944
2 1 1.44107e-07
3 2.40401e-05 0.999976
2 0.999894 0.000106113
3 0.417499 0.582501
3 0.0347852 0.965215
2 0.967154 0.0328464
3 1e-07 1
3 0.000208843 0.999791
2 0.975805 0.024195
2 0.994304 0.00569637
2 0.999809 0.000191236
2 0.999989 1.14162e-05
3 6.03662e-05 0.99994
3 0.000255887 0.999744
2 0.999993 7.01757e-06
3 0.429211 0.570789
3 0.000335347 0.999665
2 0.99983 0.000169516
3 1e-07 1
3 2.77995e-05 0.999972
2 0.999872 0.000128347
2 0.95466 0.0453399
2 0.999744 0.000256016
2 0.965142 0.0348583
2 0.870958 0.129042
2 0.999971 2.87122e-05
2 0.999972 2.83066e-05
3 1.10457e-05 0.999989
3 0.00752385 0.992476
2 0.997288 0.00271192
2 0.976238 0.0237622
3 2.43192e-07 1
2 0.999304 0.000695934
3 6.73964e-07 0.999999
2 0.99998 1.98077e-05
2 0.999999 1.173e-06
3 0.0601935 0.939807
2 0.957317 0.0426835
2 1 1e-07
2 0.953536 0.0464637
2 0.969743 0.0302568
2 0.999999 1.11841e-06
3 3.75756e-05 0.999962
3 3.98895e-05 0.99996
3 1e-07 1
3 0.470028 0.529972
2 0.999922 7.78011e-05
2 0.917518 0.0824823
2 0.995151 0.00484944
2 1 2.85565e-07
2 0.999968 3.1729e-05
2 0.971235 0.0287651
2 1 1e-07
2 0.999992 7.67443e-06
2 0.999444 0.000555924
2 0.844843 0.155157
3 1e-07 1
2 0.98607 0.0139297
3 0.00653423 0.993466
2 0.998472 0.00152779
2 0.924207 0.0757931
2 0.999998 1.72775e-06
2 0.998305 0.00169454
2 0.99127 0.00872995
2 0.973816 0.0261842
3 0.0317834 0.968217
2 1 1e-07
2 0.997633 0.00236681
2 0.910762 0.0892384
3 1e-07 1
2 0.954449 0.0455514
2 0.999883 0.000117435
2 0.999996 4.23374e-06
2 0.890726 0.109274
2 1 3.31635e-07
2 1 1e-07
2 0.994086 0.00591356
2 0.999999 6.62169e-07
3 0.02513 0.97487
2 0.999999 1.47786e-06
3 0.000981134 0.999019
3 1.32463e-05 0.999987
2 1 1e-07
3 1.88446e-05 0.999981
2 0.999977 2.27022e-05
3 0.000685957 0.999314
2 1 1e-07
2 0.999982 1.80397e-05
2 0.999001 0.000998658
2 0.882869 0.117131
2 0.999735 0.000264778
3 0.339873 0.660127
3 3.86774e-06 0.999996
3 0.110497 0.889503
2 0.999883 0.00011725
2 0.999808 0.000192497
2 1 1e-07
2 0.998024 0.00197577
2 1 1e-07
2 0.943418 0.0565818
3 0.149322 0.850678
2 0.805156 0.194844
2 0.979245 0.0207553
2 0.998322 0.0016779
2 0.998063 0.00193706
2 0.991893 0.00810735
2 0.999998 2.35352e-06
2 1 1e-07
2 0.999933 6.69911e-05
2 0.979597 0.0204032
2 1 4.82661e-07
2 0.956221 0.043779
2 1 1e-07
2 0.947995 0.0520047
2 0.999992 7.5473e-06
2 0.99946 0.000540093
2 0.999524 0.000476359
2 0.99996 3.98456e-05
3 7.43637e-06 0.999993
2 1 1e-07
3 0.0791632 0.920837
2 0.981827 0.0181728
2 1 1.76096e-07
3 2.26192e-06 0.999998
3 1e-07 1
2 0.999576 0.000423756
2 1 1e-07
3 0.00535594 0.994644
2 0.99998 2.03936e-05
2 0.998743 0.00125685
2 0.99996 4.02275e-05
2 0.999972 2.80618e-05
3 0.00124035 0.99876
2 0.999821 0.000179221
3 0.000107015 0.999893
2 0.999908 9.18735e-05
3 3.55213e-06 0.999996
3 5.86766e-07 0.999999
2 0.999962 3.75488e-05
2 1 1e-07
2 0.999768 0.000231796
2 0.999836 0.000163924
2 0.909834 0.0901664
2 0.99953 0.000469585
2 0.775107 0.224893
2 0.999955 4.45899e-05
2 1 1e-07
2 0.833662 0.166338
2 0.999316 0.000683514
2 0.999951 4.92082e-05
2 0.999556 0.00044444
2 0.998864 0.00113645
2 0.999996 4.19972e-06
2 0.996509 0.00349074
3 2.75532e-05 0.999972
3 0.266044 0.733956
3 1.02857e-05 0.99999
3 0.00108031 0.99892
2 0.927051 0.0729491
3 0.00127278 0.998727
2 0.999947 5.25748e-05
3 0.480882 0.519118
2 0.99248 0.0075202
2 0.999984 1.56177e-05
2 0.999986 1.36211e-05
2 0.955736 0.0442639
2 0.999517 0.000483302
2 0.999999 1.22732e-06
2 0.999855 0.00014472
2 0.999969 3.07056e-05
3 1e-07 1
2 0.990186 0.00981381
2 1 1e-07
2 0.999191 0.000808631
2 0.99799 0.00200965
2 1 2.77887e-07
2 0.968675 0.0313246
2 0.9505 0.0495001
3 1.87775e-06 0.999998
3 3.39958e-05 0.999966
2 1 1e-07
2 0.963596 0.0364038
2 1 1e-07
2 0.723515 0.276485
3 2.11078e-05 0.999979
2 1 1e-07
2 0.906335 0.0936647
2 0.992373 0.00762707
2 0.99996 3.96648e-05
3 0.000156844 0.999843
2 0.995707 0.00429341
2 0.983557 0.0164426
2 0.832674 0.167326
3 3.41282e-05 0.999966
2 1 1e-07
3 0.269554 0.730446
2 0.99934 0.000659765
3 0.00478109 0.995219
2 0.954662 0.0453379
3 3.93832e-06 0.999996
2 0.989532 0.0104679
2 0.900037 0.0999628
2 1 1e-07
3 3.49988e-05 0.999965
2 0.999801 0.000198908
2 0.999536 0.000464406
3 7.59746e-06 0.999992
2 0.996839 0.00316142
3 6.45224e-05 0.999935
2 0.904272 0.0957278
2 0.516525 0.483475
2 1 1e-07
2 0.999995 4.89614e-06
2 0.997107 0.0028932
2 0.99908 0.000919701
3 0.000243445 0.999757
3 9.32279e-05 0.999907
2 0.992702 0.00729771
2 0.963236 0.0367642
2 0.999173 0.000826581
2 0.999942 5.78473e-05
3 0.182471 0.817529
2 1 4.05798e-07
2 0.999696 0.000303815
3 0.000622604 0.999377
2 0.957009 0.042991
3 3.32108e-07 1
2 0.96295 0.0370496
2 0.993408 0.0065916
2 0.98335 0.0166504
2 0.999175 0.000824957
2 1 1e-07
2 0.999999 9.5274e-07
2 0.997907 0.00209268
2 0.999866 0.000133624
2 0.994926 0.00507438
2 0.999918 8.20193e-05
3 0.00677496 0.993225
3 1e-07 1
2 0.98105 0.0189498
2 1 1e-07
2 0.919785 0.080215
2 0.998615 0.00138487
2 0.999474 0.000526056
3 0.00471855 0.995281
3 2.48754e-05 0.999975
2 0.999559 0.000441036
2 1 1e-07
2 0.952297 0.0477029
3 0.0246611 0.975339
3 0.00820977 0.99179
3 0.00222523 0.997775
2 0.999646 0.000354186
2 0.979902 0.0200976
3 4.0272e-05 0.99996
3 1e-07 1
2 0.990146 0.00985434
2 0.999814 0.00018648
2 0.998504 0.0014964
2 0.979097 0.0209025
2 0.963717 0.0362833
3 2.28941e-06 0.999998
3 0.00524805 0.994752
3 0.000744087 0.999256
2 0.998736 0.00126415
2 0.999459 0.000541171
3 2.10392e-06 0.999998
3 0.438273 0.561727
2 0.950435 0.049565
2 0.999873 0.000126786
2 0.994413 0.00558687
2 0.925404 0.0745962
2 0.999996 4.23102e-06
2 0.92603 0.0739701
3 0.00748017 0.99252
2 0.999951 4.85898e-05
2 0.976647 0.0233534
2 0.942457 0.0575434
2 0.999548 0.000452386
3 8.38211e-07 0.999999
2 0.999326 0.000673995
3 0.0700199 0.92998
2 1 1e-07
3 0.00157501 0.998425
3 1e-07 1
3 0.00723708 0.992763
2 0.999996 3.57081e-06
3 1e-07 1
2 0.99993 6.97458e-05
3 0.00110067 0.998899
2 0.922381 0.0776193
3 6.42777e-06 0.999994
2 0.960798 0.0392021
2 0.984267 0.0157333
2 0.999971 2.94208e-05
2 0.999954 4.63189e-05
3 8.76805e-06 0.999991
2 1 1e-07
2 0.99843 0.00156955
2 0.935587 0.0644131
2 0.874505 0.125495
2 0.999946 5.41212e-05
2 0.982182 0.0178181
2 0.999816 0.0001843
2 1 1e-07
2 0.999992 7.76297e-06
2 0.741183 0.258817
3 7.16051e-05 0.999928
3 0.0177237 0.982276
3 0.00107157 0.998928
3 1.19311e-06 0.999999
3 1e-07 1
3 0.0324555 0.967545
2 0.999994 6.14504e-06
2 0.999815 0.000184716
2 0.999822 0.000178216
2 0.999987 1.25294e-05
2 1 1e-07
3 0.00274931 0.997251
3 1.89286e-07 1
2 0.99946 0.000540159
3 0.195307 0.804693
2 0.910428 0.0895724
2 0.99989 0.000110189
3 1e-07 1
3 0.0280639 0.971936
2 0.999999 1.11585e-06
2 1 1.20453e-07
2 0.999997 3.3654e-06
3 5.85536e-06 0.999994
2 1 1e-07
2 0.9961 0.00389963
2 0.999991 8.81667e-06
2 1 1e-07
3 0.00104926 0.998951
3 0.00743994 0.99256
2 0.999882 0.000118332
2 0.999994 5.89867e-06
3 0.0867957 0.913204
3 0.0113026 0.988697
3 2.79931e-05 0.999972
2 0.944194 0.055806
2 0.999999 5.41004e-07
2 0.571454 0.428546
3 0.000119378 0.999881
2 0.999161 0.000838583
2 0.999664 0.000336223
2 0.999937 6.33715e-05
3 0.00010732 0.999893
2 0.944785 0.0552152
2 0.999996 3.5936e-06
3 1e-07 1
2 0.542162 0.457838
3 0.000592713 0.999407
2 0.999962 3.78043e-05
2 0.964516 0.0354844
2 0.969199 0.0308008
2 0.999905 9.46285e-05
2 0.967969 0.0320314
2 0.955786 0.0442138
2 0.822523 0.177477
2 1 3.15383e-07
2 0.994309 0.0056906
2 0.967194 0.0328064
3 3.56655e-06 0.999996
3 4.65925e-05 0.999953
3 0.000192949 0.999807
2 0.940628 0.0593717
2 0.973573 0.0264268
2 0.539063 0.460937
2 0.999911 8.85917e-05
3 5.87414e-05 0.999941
2 0.999999 8.12699e-07
3 0.00049913 0.999501
3 0.000325536 0.999674
2 0.958883 0.0411166
2 0.99981 0.000189773
2 0.99999 1.0059e-05
3 1e-07 1
2 0.508152 0.491848
2 1 4.23374e-07
3 0.0342724 0.965728
2 0.999868 0.000132051
2 0.996404 0.00359555
3 2.0459e-05 0.99998
3 1e-07 1
2 0.90763 0.0923703
2 1 1e-07
3 0.219393 0.780607
2 1 1e-07
2 0.999999 8.21311e-07
2 0.988757 0.0112429
3 1.58206e-07 1
2 1 1e-07
2 0.972745 0.0272548
3 0.160989 0.839011
2 0.992011 0.00798927
2 0.999903 9.6524e-05
2 0.96805 0.0319497
3 0.00902706 0.990973
3 0.00404732 0.995953
2 0.961571 0.0384289
2 0.991004 0.00899572
2 0.999969 3.10919e-05
2 0.999998 1.78222e-06
2 0.998508 0.00149185
3 1e-07 1
2 0.999993 7.12642e-06
2 0.999934 6.64634e-05
2 0.999977 2.32624e-05
2 0.999582 0.000417565
2 1 1e-07
2 0.999982 1.75264e-05
2 0.999261 0.00073856
2 1 1.11832e-07
2 0.991173 0.00882704
2 0.999994 5.72295e-06
2 0.997375 0.00262541
3 0.00140077 0.998599
2 0.978315 0.0216848
2 0.988307 0.0116933
2 0.994691 0.00530946
3 0.00315746 0.996843
2 0.999307 0.000692967
2 0.99977 0.00023033
3 0.000647016 0.999353
2 0.987489 0.0125113
2 0.999999 1.31215e-06
3 1e-07 1
2 0.991064 0.00893598
2 0.959829 0.0401708
2 0.999415 0.000584798
2 0.999896 0.00010369
3 4.56065e-06 0.999995
2 0.990016 0.00998364
2 0.999958 4.23564e-05
2 0.999994 5.90429e-06
3 1.5736e-06 0.999998
2 0.999928 7.17382e-05
2 0.983272 0.0167285
2 0.955225 0.0447755
3 0.000355099 0.999645
2 0.999994 6.35764e-06
3 0.240497 0.759503
2 0.995885 0.00411459
2 0.958329 0.0416706
2 0.999995 5.14313e-06
2 0.9997 0.000299972
2 1 1e-07
3 1e-07 1
3 8.33216e-05 0.999917
3 0.000595718 0.999404
3 1.28689e-06 0.999999
2 0.975561 0.0244394
2 1 1e-07
2 1 2.25431e-07
2 0.975105 0.024895
2 0.999275 0.00072477
2 0.957 0.0430001
3 0.439688 0.560312
2 0.999822 0.000177976
3 0.103853 0.896147
3 0.242845 0.757155
2 1 1e-07
2 0.999581 0.000419283
2 0.999304 0.000696038
3 0.000429101 0.999571
3 0.000334142 0.999666
2 0.998597 0.0014035
2 0.999418 0.000581733
3 0.000179313 0.999821
3 1e-07 1
2 0.99999 9.74566e-06
2 0.997553 0.00244701
2 0.999989 1.10559e-05
2 0.967151 0.0328488
2 1 2.42945e-07
3 1.08672e-05 0.999989
2 0.959747 0.0402529
2 0.975502 0.0244975
2 0.996808 0.00319241
3 0.130403 0.869597
2 0.999936 6.37978e-05
2 0.999805 0.000195022
3 0.00267272 0.997327
2 1 1e-07
2 0.900691 0.0993086
2 0.999998 1.88645e-06
3 0.00198991 0.99801
2 0.999999 1.13614e-06
2 0.999947 5.33599e-05
2 0.996128 0.00387169
2 0.999946 5.38949e-05
2 0.999902 9.80876e-05
3 1.46401e-06 0.999999
3 0.00130757 0.998692
2 0.999932 6.75754e-05
3 1e-07 1
2 1 1e-07
3 0.00187956 0.99812
2 0.882209 0.117791
2 0.994836 0.00516429
2 0.985765 0.014235
2 0.940991 0.0590095
3 0.451742 0.548258
3 0.0229602 0.97704
2 0.997378 0.00262207
3 0.262522 0.737478
3 2.87988e-06 0.999997
2 0.999845 0.000154846
2 0.973539 0.0264613
3 0.0784661 0.921534
2 0.991533 0.00846663
3 1e-07 1
2 0.999997 2.88209e-06
2 1 1e-07
3 0.00209622 0.997904
3 0.0294969 0.970503
2 0.999992 8.21305e-06
2 0.997354 0.00264567
2 0.999867 0.000132566
3 3.12437e-05 0.999969
3 4.96791e-06 0.999995
2 0.999979 2.14252e-05
2 1 1e-07
3 0.00408289 0.995917
3 0.00064255 0.999357
2 1 2.05595e-07
2 0.999996 3.76316e-06
2 0.999986 1.40074e-05
3 0.000114205 0.999886
2 0.956297 0.0437034
2 0.954879 0.045121
2 1 1e-07
2 0.80709 0.19291
2 0.999997 3.45295e-06
2 0.999997 2.81268e-06
2 0.999988 1.15913e-05
2 1 1e-07
2 0.857233 0.142767
2 0.999947 5.31545e-05
2 0.978909 0.0210912
3 1.15472e-05 0.999988
2 0.687443 0.312557
2 0.952315 0.047685
2 0.999511 0.000489097
3 0.420303 0.579697
3 1e-07 1
2 0.999982 1.76686e-05
2 0.979577 0.0204228
3 1e-07 1
2 0.999991 9.49134e-06
2 0.997876 0.00212395
2 0.999997 2.6124e-06
2 1 1e-07
2 0.999183 0.000816667
3 0.282382 0.717618
2 0.999369 0.000630545
3 0.00460699 0.995393
2 0.932016 0.0679835
2 0.958224 0.0417763
2 0.992019 0.00798114
2 1 1e-07
3 1e-07 1
2 0.999999 9.24765e-07
3 1.8645e-05 0.999981
2 1 1e-07
3 0.000772258 0.999228
3 1e-07 1
3 5.87042e-05 0.999941
2 0.999725 0.000274737
2 0.999904 9.61879e-05
3 1e-07 1
3 1.92898e-05 0.999981
3 0.00012002 0.99988
2 0.999395 0.000605489
2 0.978038 0.0219621
2 0.99943 0.000569661
3 0.0106427 0.989357
2 1 3.61899e-07
3 4.95711e-05 0.99995
2 0.953348 0.046652
2 0.999931 6.9093e-05
2 1 1e-07
2 0.999931 6.88072e-05
2 0.999935 6.54743e-05
2 0.999167 0.000833137
3 0.00279956 0.9972
2 1 1e-07
2 1 2.365e-07
2 0.981531 0.0184689
2 0.995541 0.00445908
2 0.97387 0.0261295
2 0.826213 0.173787
2 0.999996 3.69723e-06
2 0.960707 0.0392929
2 0.93474 0.06526
2 0.9945 0.00550015
3 0.012053 0.987947
3 1.279e-05 0.999987
3 7.59873e-05 0.999924
2 1 1e-07
3 5.42582e-07 0.999999
2 0.999882 0.000118022
2 0.999977 2.26887e-05
2 1 1e-07
2 0.997008 0.00299181
2 0.999767 0.000232652
2 0.999847 0.000152912
2 0.99988 0.000119796
2 0.99047 0.00952951
2 0.845606 0.154394
2 0.971468 0.0285317
2 0.823823 0.176177
2 0.995682 0.0043181
2 0.99996 4.03112e-05
2 1 4.79476e-07
2 0.999983 1.6705e-05
2 0.99983 0.000170246
2 0.999934 6.62483e-05
2 0.999759 0.000241392
2 1 1e-07
2 0.995999 0.00400067
3 0.000209823 0.99979
2 0.999983 1.68681e-05
2 0.999955 4.52951e-05
2 0.537825 0.462175
2 0.999912 8.80278e-05
2 0.964535 0.0354646
2 0.999979 2.12241e-05
3 8.28009e-05 0.999917
2 1 2.73356e-07
2 0.999875 0.000124793
2 1 3.11652e-07
3 1.84484e-06 0.999998
2 0.952497 0.0475032
2 0.989329 0.0106708
2 0.988283 0.0117172
3 0.261455 0.738545
2 0.999528 0.000471724
2 0.999995 5.43531e-06
2 0.999979 2.0904e-05
2 0.99965 0.000350127
2 0.978325 0.021675
3 1e-07 1
2 1 1e-07
2 0.999588 0.000411989
2 1 1e-07
2 0.999864 0.000136065
3 0.464593 0.535407
2 0.993315 0.00668533
2 0.999534 0.000465519
2 0.853519 0.146481
3 0.398167 0.601833
2 0.999991 8.94163e-06
2 0.826596 0.173404
3 0.458952 0.541048
2 0.996375 0.00362541
2 0.999923 7.72564e-05
2 1 1e-07
2 0.877826 0.122174
2 1 1e-07
2 0.831924 0.168076
2 0.999959 4.09524e-05
3 2.89771e-05 0.999971
2 0.932927 0.0670728
2 1 1e-07
3 6.75856e-05 0.999932
3 4.92563e-05 0.999951
3 0.0728149 0.927185
2 0.999886 0.000114252
2 0.915635 0.0843649
3 0.000119364 0.999881
2 0.999157 0.000842698
2 0.999433 0.000567211
2 0.980413 0.019587
3 0.0257164 0.974284
2 0.999998 1.89596e-06
2 0.999996 4.35548e-06
2 0.999989 1.1102e-05
2 0.999915 8.45669e-05
2 0.999969 3.11295e-05
2 0.979705 0.0202952
2 0.999933 6.65717e-05
2 0.999911 8.9253e-05
2 0.763917 0.236083
2 0.972076 0.0279239
3 1e-07 1
2 0.979401 0.0205993
2 0.999995 4.93788e-06
2 0.929287 0.0707129
2 0.995779 0.00422112
2 1 1.61932e-07
2 1 1e-07
2 0.999987 1.32753e-05
3 1e-07 1
2 0.999985 1.51631e-05
3 1e-07 1
2 0.999986 1.37608e-05
2 0.999893 0.000107276
3 1.46885e-05 0.999985
2 0.997914 0.00208622
3 1e-07 1
2 0.999875 0.000125367
3 0.000141114 0.999859
3 0.00235669 0.997643
3 0.00282318 0.997177
2 0.999387 0.000612544
2 0.995192 0.0048079
3 0.0137649 0.986235
2 0.936433 0.0635671
3 0.00026414 0.999736
3 0.000441019 0.999559
2 1 1e-07
2 0.850783 0.149217
3 0.00455352 0.995446
3 3.44355e-05 0.999966
3 0.000314392 0.999686
2 1 1e-07
3 0.0226716 0.977328
2 0.86782 0.13218
2 0.974365 0.0256348
2 0.999552 0.000447997
2 0.961419 0.0385805
2 0.894122 0.105878
2 0.916467 0.0835328
2 1 3.72063e-07
2 0.97803 0.0219703
3 0.0013102 0.99869
3 0.434698 0.565302
2 0.991285 0.00871496
2 0.99977 0.000230339
2 0.999945 5.4746e-05
2 0.980352 0.0196478
2 0.999998 2.21121e-06
2 0.677331 0.322669
2 1 1e-07
3 0.00180551 0.998194
2 0.995869 0.00413061
2 0.999999 1.27425e-06
2 1 3.63185e-07
3 1e-07 1
2 0.94252 0.0574797
2 1 1e-07
3 1e-07 1
2 0.997508 0.00249242
3 0.00393802 0.996062
2 0.909763 0.0902369
2 0.999899 0.000100996
3 0.00030495 0.999695
3 1e-07 1
2 0.990576 0.009424
3 2.09023e-05 0.999979
2 0.999983 1.74848e-05
2 1 1e-07
2 0.999996 3.85298e-06
2 0.999907 9.28298e-05
2 0.999995 4.99052e-06
2 0.931623 0.0683774
3 9.1699e-07 0.999999
2 0.99998 1.96814e-05
2 0.98645 0.0135498
2 0.999967 3.32484e-05
3 0.0235333 0.976467
2 0.999996 3.97709e-06
2 0.999963 3.74593e-05
2 0.999999 5.75642e-07
3 1.06563e-07 1
2 0.997483 0.00251732
2 0.999914 8.59316e-05
2 0.976354 0.0236456
3 1e-07 1
3 0.000263624 0.999736
2 0.999992 7.6906e-06
2 1 1e-07
3 5.6699e-05 0.999943
3 0.0010724 0.998928
2 0.998257 0.0017433
2 0.999616 0.000384032
2 0.99931 0.000689911
3 1e-07 1
2 0.996375 0.00362479
3 0.00057332 0.999427
2 0.983085 0.0169152
2 0.9999 9.97283e-05
2 0.997229 0.00277149
2 0.996098 0.00390241
2 0.96897 0.0310305
2 0.81695 0.18305
3 0.0203168 0.979683
3 1.02087e-06 0.999999
3 6.3535e-06 0.999994
2 1 1e-07
2 0.999998 1.92035e-06
2 1 1e-07
3 2.38409e-06 0.999998
3 9.32066e-05 0.999907
2 0.983343 0.0166565
2 0.999986 1.36886e-05
2 0.956325 0.0436747
2 0.999661 0.000339095
2 0.999986 1.36901e-05
3 1e-07 1
3 0.00059438 0.999406
2 0.999984 1.55032e-05
3 0.000188099 0.999812
2 0.893763 0.106237
3 0.000663093 0.999337
2 1 1e-07
3 0.000329644 0.99967
2 0.99999 9.93118e-06
2 0.9019 0.0981002
2 0.979495 0.0205053
2 0.999974 2.57713e-05
3 1e-07 1
3 3.24713e-06 0.999997
2 0.957731 0.0422691
3 0.146786 0.853214
2 0.963633 0.0363672
2 0.999557 0.000443472
3 0.0955372 0.904463
2 0.868803 0.131197
2 0.999994 5.64149e-06
2 0.964186 0.0358144
2 0.970356 0.0296438
3 3.46394e-05 0.999965
2 0.999999 5.68165e-07
2 0.938073 0.0619275
2 1 1e-07
2 0.964847 0.0351529
2 0.999543 0.000457217
2 0.98793 0.0120696
2 0.999038 0.000961514
2 0.999965 3.50298e-05
2 1 1e-07
3 0.0178256 0.982174
2 0.999992 7.7483e-06
2 1 1e-07
3 0.0126522 0.987348
3 0.000187703 0.999812
2 0.902663 0.0973366
2 1 1e-07
2 0.999442 0.000557753
2 1 3.44227e-07
2 0.999061 0.000939208
3 0.0280126 0.971987
2 0.996219 0.00378074
3 0.0120884 0.987912
3 0.034875 0.965125
2 0.929421 0.070579
2 0.999996 4.13093e-06
3 1e-07 1
2 1 4.96867e-07
2 0.999638 0.000362406
3 0.0138212 0.986179
2 0.563503 0.436497
3 0.000238263 0.999762
2 1 1e-07
2 1 1e-07
3 0.217692 0.782308
2 0.972685 0.0273153
2 0.961949 0.0380513
3 0.010227 0.989773
2 0.918307 0.0816933
2 0.999997 2.67908e-06
2 0.999993 7.15324e-06
3 0.382782 0.617218
3 0.000378621 0.999621
2 0.999985 1.45012e-05
2 0.914494 0.0855064
2 0.994929 0.00507058
3 0.000406957 0.999593
2 0.987311 0.0126894
3 0.0200339 0.979966
2 0.931416 0.068584
2 1 1e-07
2 0.988225 0.0117748
2 0.99756 0.00244022
2 1 1.12542e-07
3 0.00248794 0.997512
2 0.999603 0.000397485
3 0.000286823 0.999713
2 0.965449 0.0345507
2 0.783008 0.216992
2 0.982413 0.0175865
3 0.255529 0.744471
3 1e-07 1
3 1e-07 1
2 0.999556 0.000444186
3 0.0497707 0.950229
2 1 2.18338e-07
2 1 1e-07
3 1.83276e-06 0.999998
3 2.88252e-07 1
2 0.928508 0.0714919
2 0.82974 0.17026
2 0.999969 3.13228e-05
3 0.00924936 0.990751
3 1.55179e-06 0.999998
3 1e-07 1
3 8.96053e-06 0.999991
2 0.973316 0.026684
2 0.999931 6.94731e-05
2 0.990387 0.00961312
2 0.799104 0.200896
3 0.0019854 0.998015
2 0.997937 0.00206261
2 0.999963 3.7169e-05
2 0.999849 0.00015094
2 1 1.56449e-07
2 0.501392 0.498608
2 0.999996 3.7457e-06
2 0.999915 8.54945e-05
3 0.175327 0.824673
3 1e-07 1
2 0.999997 2.65519e-06
2 0.999996 4.34967e-06
2 0.98165 0.0183502
2 0.841008 0.158992
2 0.976142 0.0238585
3 1e-07 1
2 0.999868 0.000132349
3 2.25072e-07 1
2 0.988607 0.0113925
3 0.33646 0.66354
2 0.994602 0.00539816
2 0.999999 8.33544e-07
2 0.999436 0.000564286
2 0.973552 0.0264479
2 1 1e-07
2 0.997633 0.00236698
2 0.999776 0.000224474
2 0.854076 0.145924
2 0.74233 0.25767
2 0.973219 0.0267808
3 1.64622e-05 0.999984
2 0.999987 1.337e-05
3 0.0067875 0.993212
2 0.996157 0.00384251
2 0.989001 0.0109991
3 0.129327 0.870673
3 0.0470954 0.952905
2 1 1e-07
3 0.00778527 0.992215
3 5.38234e-07 0.999999
2 1 1e-07
3 0.31229 0.68771
2 0.999998 1.9975e-06
2 0.99965 0.000350341
2 0.920554 0.0794463
2 1 2.348e-07
2 0.966581 0.033419
3 1e-07 1
3 1e-07 1
3 0.00319426 0.996806
2 0.965671 0.0343294
2 0.999997 2.69179e-06
2 1 1e-07
2 0.999998 1.585e-06
2 0.999999 8.34475e-07
3 0.000366624 0.999633
2 0.999874 0.00012617
2 0.949603 0.0503975
3 0.000722269 0.999278
2 0.99904 0.000959543
2 0.999156 0.000844388
2 0.999897 0.000102824
3 0.000390912 0.999609
2 0.999999 6.85126e-07
3 0.000509785 0.99949
2 0.985503 0.0144966
3 0.0512969 0.948703
2 0.999994 6.3519e-06
2 0.973708 0.0262918
3 0.000500015 0.9995
2 0.960514 0.0394863
2 0.999892 0.000108061
3 7.45597e-05 0.999925
3 1e-07 1
3 1e-07 1
3 1e-07 1
3 1e-07 1
2 0.99947 0.000529713
2 0.999993 6.96059e-06
2 0.999965 3.45357e-05
2 0.999993 7.37571e-06
2 0.996121 0.00387928
3 1e-07 1
3 0.00788897 0.992111
2 0.983423 0.0165768
2 0.902254 0.097746
3 7.19186e-05 0.999928
2 0.998146 0.00185393
2 0.999993 6.94541e-06
3 3.6803e-07 1
3 0.00293028 0.99707
3 1.77339e-05 0.999982
3 0.000106938 0.999893
2 0.999986 1.39717e-05
3 0.000658724 0.999341
2 0.999994 5.74501e-06
2 0.971487 0.0285127
3 9.60615e-05 0.999904
2 0.872412 0.127588
3 1e-07 1
2 0.9996 0.000400111
3 0.000581396 0.999419
2 0.999999 6.02357e-07
2 0.999894 0.000106267
3 0.259826 0.740174
2 0.999912 8.75315e-05
2 0.989181 0.0108189
2 0.998998 0.00100226
2 0.547928 0.452072
2 1 1e-07
3 0.000862897 0.999137
2 0.999579 0.000420769
3 0.000883428 0.999117
3 1e-07 1
2 0.999314 0.000685606
2 0.999399 0.000601305
3 1e-07 1
2 0.999853 0.000147416
2 0.999995 4.7963e-06
2 0.999974 2.62355e-05
3 0.0132749 0.986725
3 1.61084e-05 0.999984
2 0.945454 0.0545456
2 0.999756 0.000244071
3 0.000135438 0.999865
3 0.00346817 0.996532
2 0.998695 0.00130521
2 1 1e-07
2 0.94316 0.0568401
2 0.999975 2.52824e-05
3 2.60027e-05 0.999974
2 0.999238 0.000762456
2 0.999983 1.70084e-05
3 0.000260801 0.999739
2 0.955405 0.0445946
2 0.704798 0.295202
2 0.983382 0.0166179
2 1 1e-07
2 0.812026 0.187974
2 0.99981 0.000190488
3 0.0144456 0.985554
3 4.08488e-06 0.999996
2 0.999307 0.000692514
2 0.948755 0.0512455
2 0.899319 0.100681
2 0.999995 4.62165e-06
2 0.999854 0.000145744
2 0.996995 0.00300496
3 0.000131029 0.999869
3 1.42131e-06 0.999999
2 0.999467 0.000532858
2 0.51151 0.48849
2 0.999983 1.67995e-05
3 0.00114087 0.998859
2 0.999956 4.41099e-05
2 0.970704 0.0292961
2 0.87101 0.12899
2 0.967751 0.0322487
2 0.999741 0.000258637
2 0.999999 1.25806e-06
2 0.999787 0.000212707
2 0.999813 0.000186653
2 0.871116 0.128884
2 0.740102 0.259898
3 0.0194994 0.980501
2 1 1e-07
2 0.998006 0.00199407
2 0.985309 0.0146905
2 0.999708 0.000292383
3 0.000706816 0.999293
3 0.0225465 0.977454
2 1 1e-07
2 0.99965 0.000349611
2 0.949724 0.0502764
2 0.998467 0.00153288
3 1e-07 1
3 7.83341e-05 0.999922
3 0.00796121 0.992039
3 1e-07 1
3 0.283412 0.716588
2 0.999884 0.000116331
2 0.999929 7.07143e-05
2 1 1e-07
2 0.959221 0.0407794
2 0.99968 0.000320335
2 0.999999 5.8275e-07
2 0.999799 0.000201197
2 0.984658 0.0153418
2 0.948396 0.0516043
2 0.992432 0.00756848
3 9.4078e-06 0.999991
2 1 1e-07
2 0.999988 1.18623e-05
3 6.87946e-06 0.999993
3 6.70268e-05 0.999933
2 0.999753 0.000247496
3 0.298441 0.701559
2 0.99953 0.000470442
3 1e-07 1
2 1 1e-07
2 0.984105 0.0158949
2 0.907276 0.092724
2 0.966356 0.0336437
2 1 1e-07
3 0.000476657 0.999523
2 0.97024 0.0297604
2 1 1e-07
2 0.999996 4.22097e-06
2 0.887679 0.112321
3 0.0381021 0.961898
2 0.999999 5.20635e-07
2 0.728332 0.271668
2 0.999444 0.00055633
3 0.0016134 0.998387
2 1 1e-07
2 0.999209 0.000790948
2 1 1e-07
2 0.963265 0.0367351
3 1e-07 1
2 0.982525 0.0174753
2 0.994861 0.00513863
2 1 1e-07
2 0.99998 2.0162e-05
2 0.99748 0.00252035
2 0.999997 2.71754e-06
2 0.998864 0.0011357
2 0.688499 0.311501
2 0.999996 4.34405e-06
3 0.00050182 0.999498
3 0.0289703 0.97103
2 0.999187 0.0008134
2 0.999927 7.2897e-05
3 0.100098 0.899902
3 0.000137353 0.999863
2 0.855562 0.144438
3 0.000776792 0.999223
3 4.05555e-07 1
2 0.999684 0.000316069
2 0.999996 3.58044e-06
2 0.991512 0.00848759
2 0.997907 0.00209279
2 0.999867 0.000133164
2 0.999986 1.38622e-05
2 0.999997 3.09789e-06
2 1 1e-07
2 0.999993 6.88212e-06
3 0.067797 0.932203
3 3.28071e-05 0.999967
3 0.0362044 0.963796
2 0.982303 0.0176971
3 0.00032929 0.999671
2 0.995455 0.00454512
2 0.999924 7.63368e-05
2 1 1e-07
2 1 3.49592e-07
2 0.999554 0.00044562
2 0.996202 0.00379827
3 1e-07 1
2 0.990234 0.00976613
2 1 3.93725e-07
2 0.944735 0.0552651
2 0.966907 0.0330931
2 0.993877 0.00612322
2 0.958573 0.0414273
3 0.00103265 0.998967
2 0.999996 3.77713e-06
3 1e-07 1
3 1.52676e-06 0.999998
2 0.993867 0.00613262
2 0.999922 7.79232e-05
2 0.999737 0.000263287
2 0.999682 0.000317822
2 0.999846 0.000154382
3 0.118872 0.881128
2 0.951304 0.0486956
3 1e-07 1
2 0.94933 0.0506695
2 0.972575 0.0274254
2 1 1e-07
3 0.15627 0.84373
2 0.698718 0.301282
2 0.995194 0.00480571
3 0.00751446 0.992486
3 1e-07 1
2 1 4.60004e-07
2 0.936346 0.0636536
2 0.994338 0.0056615
3 0.359584 0.640416
3 6.35727e-06 0.999994
2 0.996903 0.00309673
2 0.995482 0.00451757
2 0.99949 0.000510228
2 0.579015 0.420985
3 5.3589e-06 0.999995
3 1e-07 1
3 0.00646711 0.993533
2 1 1e-07
3 0.000303672 0.999696
3 1.40585e-06 0.999999
2 0.985668 0.0143322
2 1 1e-07
2 0.998467 0.00153348
2 0.999967 3.2549e-05
3 1e-07 1
2 0.99901 0.000990025
2 0.999935 6.4707e-05
2 0.99985 0.00014986
2 0.99993 6.95209e-05
2 0.900489 0.0995114
2 1 1.77929e-07
2 1 1e-07
3 1e-07 1
2 0.999902 9.76494e-05
3 0.370755 0.629245
2 0.999403 0.000596901
2 0.957248 0.0427518
2 0.992221 0.00777945
3 0.0033026 0.996697
2 0.999811 0.000189486
3 0.0137496 0.98625
3 0.000184366 0.999816
2 0.977775 0.0222247
2 0.816844 0.183156
2 1 1e-07
3 4.75757e-05 0.999952
2 0.999999 7.13649e-07
2 0.984624 0.0153757
2 1 1e-07
2 0.977009 0.0229914
3 1.20738e-05 0.999988
2 0.999862 0.000138084
3 0.000526036 0.999474
2 0.999563 0.000437403
2 0.999908 9.16019e-05
2 0.964516 0.0354837
2 0.999271 0.000728811
2 1 1e-07
2 0.603276 0.396724
2 0.99277 0.00723007
2 0.999302 0.000697757
2 1 1e-07
3 0.00575954 0.99424
2 0.980015 0.0199852
2 0.961918 0.0380822
2 0.999993 7.26096e-06
2 0.999986 1.44333e-05
2 0.999978 2.15054e-05
3 6.38852e-05 0.999936
2 0.986501 0.0134989
2 0.999085 0.000915364
2 0.999707 0.000293228
2 0.912058 0.0879421
3 1e-07 1
2 0.999986 1.36266e-05
2 0.999984 1.55668e-05
2 0.955937 0.0440629
2 0.903217 0.0967827
2 0.999997 3.3248e-06
2 0.957667 0.042333
2 0.999985 1.51716e-05
2 0.999397 0.000603264
2 0.99973 0.000270224
2 0.955079 0.0449211
2 0.98475 0.0152496
2 1 1e-07
3 0.000706201 0.999294
2 0.999297 0.000702808
2 0.999732 0.000268155
2 0.851985 0.148015
2 0.966221 0.0337788
2 0.994593 0.0054069
3 0.0248288 0.975171
2 0.999175 0.000824718
2 0.83307 0.16693
2 0.69299 0.30701
2 1 3.99069e-07
3 1e-07 1
2 1 1e-07
3 0.0129887 0.987011
2 0.981462 0.018538
2 0.98807 0.0119301
2 1 1e-07
2 0.999994 6.16635e-06
2 1 1e-07
3 0.00468818 0.995312
2 0.998979 0.001021
2 0.986349 0.0136513
2 0.994559 0.0054408
2 0.999869 0.000130631
2 1 1e-07
2 0.962537 0.0374627
2 0.975194 0.0248055
2 0.999995 5.16847e-06
3 0.000407092 0.999593
3 1e-07 1
3 0.000206227 0.999794
3 0.00139294 0.998607
2 0.999994 6.38037e-06
2 1 1e-07
2 0.998752 0.00124821
3 0.387655 0.612345
3 0.000195721 0.999804
2 1 1e-07
2 0.999527 0.000472702
2 0.999997 2.7535e-06
2 0.657173 0.342827
2 0.837564 0.162436
3 0.0347525 0.965248
2 0.994722 0.00527801
3 0.24058 0.75942
3 0.0189714 0.981029
3 0.0391982 0.960802
2 0.98859 0.0114105
2 1 2.1707e-07
2 0.953319 0.0466813
3 4.03453e-05 0.99996
3 1e-07 1
2 0.997782 0.00221788
2 0.999887 0.00011253
2 0.999298 0.000702064
2 1 1e-07
2 0.997746 0.00225425
3 1e-07 1
3 1e-07 1
2 0.892807 0.107193
2 0.982347 0.0176527
3 1e-07 1
2 0.999717 0.000283388
3 0.0378789 0.962121
2 0.997452 0.00254835
2 1 1e-07
2 0.874664 0.125336
2 1 1e-07
3 0.00103567 0.998964
3 0.0209275 0.979073
3 0.237275 0.762725
2 1 1e-07
3 0.177133 0.822867
2 0.921727 0.078273
3 0.000312272 0.999688
2 0.999997 2.559e-06
3 0.182662 0.817338
2 0.999932 6.76138e-05
2 0.971971 0.0280285
2 0.999985 1.46912e-05
2 0.999183 0.000816688
3 0.00963213 0.990368
3 1.68433e-06 0.999998
3 0.14125 0.85875
2 0.976331 0.0236687
3 1e-07 1
3 0.000733362 0.999267
3 0.00709206 0.992908
2 0.99998 1.98454e-05
2 0.999758 0.000242417
2 0.999967 3.30993e-05
2 0.727722 0.272278
3 8.66395e-05 0.999913
2 0.96129 0.0387095
2 1 1e-07
3 4.6103e-06 0.999995
2 0.999374 0.000626102
2 0.999999 1.15778e-06
2 0.999949 5.08306e-05
2 1 1e-07
3 0.144449 0.855551
3 0.481203 0.518797
2 0.99981 0.000189836
2 0.995194 0.00480604
3 0.000100622 0.999899
2 0.998655 0.00134455
3 0.0132439 0.986756
3 1.91306e-06 0.999998
2 0.990365 0.00963457
2 0.999959 4.09317e-05
2 0.618596 0.381404
2 1 1e-07
2 0.934655 0.065345
2 0.999995 5.22931e-06
2 0.995581 0.00441919
2 0.968381 0.0316189
2 1 1e-07
2 0.999414 0.000586344
2 0.939463 0.0605366
2 1 1e-07
3 1.21334e-06 0.999999
2 1 1e-07
3 0.000600144 0.9994
3 1e-07 1
3 1e-07 1
3 0.172632 0.827368
3 9.76008e-05 0.999902
3 2.15571e-06 0.999998
2 0.99994 5.99578e-05
2 0.994935 0.00506518
2 1 1e-07
2 0.999997 3.3084e-06
3 0.00852898 0.991471
2 0.999999 1.21491e-06
2 0.937522 0.062478
2 0.999687 0.00031258
2 0.999415 0.000584738
2 0.970065 0.0299347
2 0.999996 3.76279e-06
2 0.613919 0.386081
2 0.999972 2.80444e-05
2 0.999578 0.000422052
2 1 1e-07
2 0.649277 0.350723
2 0.905613 0.0943875
3 7.23942e-06 0.999993
3 1.73385e-05 0.999983
3 1e-07 1
2 0.946399 0.0536011
2 0.946155 0.0538446
3 5.17922e-05 0.999948
2 0.988721 0.0112795
2 0.532262 0.467738
2 0.744634 0.255366
2 0.987307 0.0126933
2 0.999999 5.40375e-07
2 0.974182 0.025818
2 0.943491 0.0565092
2 0.994734 0.00526571
2 1 1e-07
2 1 1e-07
2 0.996199 0.00380114
2 0.999958 4.2394e-05
3 1e-07 1
3 0.263757 0.736243
2 0.987371 0.0126289
2 0.948045 0.0519548
2 0.997311 0.00268865
3 1e-07 1
2 0.504907 0.495093
3 0.0695726 0.930427
3 1e-07 1
2 0.999881 0.000118762
2 1 1e-07
2 1 1e-07
2 0.999999 1.07052e-06
2 0.993204 0.00679557
2 0.999414 0.00058604
2 0.999498 0.00050222
2 0.997875 0.00212492
2 0.994347 0.00565322
3 1e-07 1
2 0.999853 0.000147428
3 1e-07 1
2 0.999998 1.65827e-06
2 0.827562 0.172438
2 1 1e-07
3 1e-07 1
2 0.944079 0.0559214
2 0.999626 0.000374169
3 9.85278e-06 0.99999
2 0.999993 7.3876e-06
3 1.87455e-05 0.999981
2 0.999966 3.42097e-05
2 0.999988 1.1658e-05
2 0.939444 0.0605565
3 1.0341e-05 0.99999
2 0.999366 0.000633866
2 0.999723 0.000276565
2 0.990603 0.00939652
2 0.999494 0.000506047
3 0.174824 0.825176
3 0.394945 0.605055
2 0.999991 8.54812e-06
2 0.999993 7.46642e-06
3 0.000159631 0.99984
3 1e-07 1
3 0.00227835 0.997722
2 0.988985 0.0110149
2 0.999954 4.59735e-05
2 0.999993 7.15459e-06
2 1 1e-07
3 1e-07 1
3 1.4922e-05 0.999985
3 0.032734 0.967266
2 1 4.76913e-07
2 0.990664 0.00933622
3 0.196614 0.803386
3 0.0186377 0.981362
2 0.974227 0.025773
3 1.53712e-06 0.999998
3 3.15638e-07 1
2 1 1e-07
2 0.971629 0.0283712
2 0.999092 0.000907794
3 0.000164158 0.999836
2 0.855578 0.144422
3 0.00134086 0.998659
2 0.971362 0.0286382
2 0.996907 0.00309328
2 0.928695 0.071305
2 0.99135 0.00864956
2 0.981437 0.0185628
2 0.999796 0.000204123
2 0.998937 0.00106282
3 0.000437695 0.999562
2 0.998388 0.00161161
2 0.858427 0.141573
3 0.36764 0.63236
3 1e-07 1
2 0.996971 0.00302902
3 7.88852e-05 0.999921
3 0.000103484 0.999897
3 1e-07 1
3 8.24866e-05 0.999918
2 0.999383 0.000616886
2 0.999972 2.77562e-05
2 0.999964 3.64668e-05
2 0.99992 7.98765e-05
2 0.988286 0.0117143
3 4.70992e-05 0.999953
2 0.98312 0.0168795
2 0.999967 3.34694e-05
3 0.013108 0.986892
2 1 1e-07
2 0.999968 3.19909e-05
2 1 1e-07
3 0.000157381 0.999843
2 0.999293 0.000707147
2 0.724709 0.275291
2 0.999994 6.36792e-06
2 0.999999 1.37134e-06
2 0.764542 0.235458
2 0.962728 0.0372725
2 0.982166 0.0178338
2 1 1e-07
2 0.999633 0.000367198
2 0.999931 6.9226e-05
3 1e-07 1
3 0.000795418 0.999205
2 0.874452 0.125548
2 0.9173 0.0827001
3 7.51959e-06 0.999992
2 0.999648 0.000352268
3 0.0160633 0.983937
3 3.92329e-07 1
2 0.999995 4.748e-06
3 1e-07 1
2 0.9997 0.000299623
3 4.06656e-07 1
2 0.658895 0.341105
2 0.999602 0.000398229
2 0.987184 0.0128158
2 1 1e-07
2 1 3.54556e-07
2 0.999969 3.12228e-05
2 0.997644 0.00235621
2 0.999966 3.43303e-05
2 0.995422 0.00457849
3 0.000504197 0.999496
2 0.999982 1.81901e-05
2 0.980659 0.0193408
3 1e-07 1
3 0.271525 0.728475
2 1 1e-07
2 0.999987 1.29704e-05
3 0.0406316 0.959368
2 0.999018 0.000981709
3 0.00202804 0.997972
3 0.202414 0.797586
3 0.000106519 0.999893
3 2.19374e-06 0.999998
2 0.912307 0.0876929
2 0.999585 0.000415387
2 0.999819 0.000181426
3 0.000896265 0.999104
3 0.118217 0.881783
2 0.9993 0.000700132
3 0.0159959 0.984004
2 0.999946 5.42829e-05
3 1e-07 1
2 0.999881 0.000118833
3 0.000139814 0.99986
3 0.000322967 0.999677
2 0.999888 0.00011208
2 0.981482 0.0185184
3 0.0396237 0.960376
2 0.999861 0.000139107
2 0.85836 0.14164
2 0.999956 4.44442e-05
2 0.975582 0.0244176
2 0.999759 0.000241252
2 0.999463 0.00053703
2 0.993706 0.00629419
2 0.976506 0.0234936
2 1 1.24748e-07
3 0.000648602 0.999351
2 0.972649 0.0273509
2 0.999954 4.63981e-05
2 1 1e-07
2 0.998039 0.00196105
2 1 1e-07
2 0.999991 9.04683e-06
3 0.355805 0.644195
3 0.0247805 0.975219
2 0.999997 3.02764e-06
3 0.0227275 0.977272
3 0.002144 0.997856
2 0.999708 0.00029174
3 0.361588 0.638412
2 0.999992 7.99016e-06
2 0.999999 8.06765e-07
2 0.992287 0.00771315
3 1e-07 1
2 0.92486 0.0751403
3 0.000289783 0.99971
2 1 1e-07
2 1 1.48018e-07
2 0.963381 0.0366191
2 0.999699 0.000301336
3 1.26885e-06 0.999999
2 1 1e-07
3 1e-07 1
2 0.972587 0.0274128
2 1 3.77268e-07
3 2.84518e-05 0.999972
2 0.88955 0.11045
3 0.000708802 0.999291
3 0.435243 0.564757
3 0.00564517 0.994355
3 1e-07 1
2 0.898398 0.101602
2 0.997574 0.00242567
2 0.987312 0.0126876
2 0.999923 7.67478e-05
3 1e-07 1
3 2.4329e-06 0.999998
2 0.999023 0.000976606
3 1.0916e-06 0.999999
2 0.995604 0.00439642
3 0.0821242 0.917876
3 0.000824605 0.999175
2 0.994035 0.00596535
3 1e-07 1
3 0.0915264 0.908474
2 0.882707 0.117293
2 0.965958 0.0340422
2 0.98519 0.0148102
2 0.999983 1.67267e-05
2 0.996519 0.00348089
3 0.00144293 0.998557
2 0.999999 5.06287e-07
3 0.000984775 0.999015
3 0.0720802 0.92792
2 0.998626 0.00137386
2 1 1e-07
2 1 1e-07
2 0.999999 5.87541e-07
2 0.999546 0.000454311
3 1e-07 1
2 0.999965 3.52044e-05
2 0.908669 0.0913307
3 0.000272476 0.999728
2 0.993512 0.00648758
2 0.842235 0.157765
2 0.999998 1.64814e-06
2 0.999998 1.66049e-06
3 1e-07 1
2 0.999969 3.08106e-05
2 0.999999 7.61793e-07
2 0.989129 0.0108711
2 0.99102 0.00897992
2 0.995706 0.00429367
2 0.847723 0.152277
3 0.000331594 0.999668
2 0.992809 0.00719068
2 0.964409 0.0355906
2 0.999992 7.88662e-06
2 0.997982 0.00201844
3 0.000229095 0.999771
2 0.976571 0.0234286
2 0.998825 0.00117476
2 0.932633 0.0673674
3 1e-07 1
2 0.999995 4.88178e-06
2 0.999948 5.22558e-05
2 1 1e-07
3 0.0389717 0.961028
2 0.924012 0.0759881
2 0.995217 0.00478319
2 0.975568 0.0244323
2 0.999984 1.59326e-05
2 0.975194 0.0248062
2 0.999958 4.21691e-05
2 0.999998 2.04056e-06
3 6.9631e-07 0.999999
3 0.000236046 0.999764
2 0.875016 0.124984
2 0.996514 0.00348561
2 0.940706 0.0592942
3 1.40877e-05 0.999986
2 0.999114 0.000885965
3 1e-07 1
2 1 1e-07
2 0.999969 3.09917e-05
2 0.999745 0.000254706
2 0.957064 0.0429357
3 7.55824e-05 0.999924
2 0.999996 3.5642e-06
2 0.999996 4.19393e-06
3 2.74415e-05 0.999973
3 0.0438812 0.956119
3 1e-07 1
3 1e-07 1
3 0.0869436 0.913056
3 1e-07 1
2 0.999999 7.33102e-07
2 0.9645 0.0355003
2 0.999589 0.000410765
3 1e-07 1
3 0.34393 0.65607
2 0.999999 9.8691e-07
2 1 2.05602e-07
2 0.987725 0.0122753
2 1 1e-07
2 0.554979 0.445021
3 3.72915e-06 0.999996
2 1 2.45724e-07
2 0.990848 0.00915226
2 0.932613 0.0673874
3 1e-07 1
2 1 1e-07
3 2.19215e-05 0.999978
2 0.935789 0.0642114
2 1 1e-07
2 0.997004 0.00299557
2 0.98461 0.0153899
2 0.999059 0.000940699
2 0.970658 0.0293418
2 0.99999 1.00305e-05
2 0.999994 5.50498e-06
2 0.933129 0.0668706
3 0.288244 0.711756
2 0.999966 3.42775e-05
2 0.999998 1.97317e-06
3 1.02088e-07 1
2 0.999627 0.000372541
2 0.999999 7.09292e-07
2 0.999822 0.000177607
3 1.01829e-06 0.999999
2 0.775401 0.224599
3 2.42464e-05 0.999976
2 0.933874 0.0661259
2 1 1e-07
3 1.16878e-07 1
3 3.27383e-07 1
2 1 1e-07
2 0.999995 4.70922e-06
3 0.0104106 0.989589
3 1e-07 1
2 1 1e-07
3 0.000680066 0.99932
2 0.999116 0.000883733
3 1.87924e-05 0.999981
3 9.14206e-06 0.999991
2 0.999955 4.45557e-05
2 0.973403 0.026597
2 0.983715 0.0162854
3 0.0252813 0.974719
3 1e-07 1
2 0.999996 3.77758e-06
2 0.999818 0.000182064
2 0.99999 9.92854e-06
3 0.00382133 0.996179
2 1 1.403e-07
2 0.825977 0.174023
2 0.995639 0.00436109
2 0.899078 0.100922
2 0.999219 0.000780942
2 0.999998 2.45096e-06
2 0.997072 0.0029284
2 0.997713 0.00228685
3 0.00273054 0.997269
3 1e-07 1
2 1 1e-07
3 1.08244e-06 0.999999
2 0.975264 0.0247365
2 0.974552 0.0254479
3 1.76951e-05 0.999982
2 0.999708 0.000291654
3 1e-07 1
3 0.0004382 0.999562
2 0.999999 1.10782e-06
2 1 1e-07
2 1 1e-07
3 0.0011501 0.99885
2 0.990036 0.00996398
3 0.00455603 0.995444
3 0.00109604 0.998904
2 1 1e-07
2 0.999894 0.00010595
3 0.00526532 0.994735
2 0.816278 0.183722
3 2.01446e-06 0.999998
2 0.999965 3.51065e-05
2 0.995774 0.00422647
2 0.997935 0.00206511
3 0.00200072 0.997999
2 1 2.30282e-07
2 0.991216 0.00878358
3 1e-07 1
3 1.2842e-05 0.999987
2 0.919819 0.0801811
3 0.000118789 0.999881
2 0.9781 0.0218995
3 5.98482e-05 0.99994
2 1 4.44188e-07
3 3.94431e-06 0.999996
2 0.852501 0.147499
2 0.99582 0.00417952
3 0.0061567 0.993843
3 5.47269e-05 0.999945
2 0.999666 0.000334407
3 3.60011e-06 0.999996
3 0.0283268 0.971673
2 0.964321 0.0356792
3 0.000922494 0.999078
3 0.316031 0.683969
2 0.999996 4.26957e-06
2 0.981312 0.018688
2 0.999655 0.000344712
2 0.987544 0.0124562
2 0.872531 0.127469
2 0.999456 0.000544173
2 0.94231 0.0576902
2 0.999158 0.000842278
2 0.999961 3.91041e-05
2 0.999983 1.67364e-05
2 0.962058 0.0379419
2 0.999899 0.000101228
2 1 1e-07
2 0.899013 0.100987
2 0.976334 0.023666
3 0.0039854 0.996015
2 1 2.0123e-07
2 0.999639 0.000361008
2 0.728525 0.271475
3 1e-07 1
2 0.999937 6.30202e-05
3 0.0003158 0.999684
2 0.99988 0.000119739
2 0.933715 0.0662847
2 0.910614 0.0893861
2 0.999948 5.18001e-05
3 2.06512e-06 0.999998
2 0.973535 0.026465
3 2.10344e-07 1
3 1.45444e-06 0.999999
3 0.00115169 0.998848
2 0.970235 0.0297648
2 0.999985 1.46427e-05
2 0.999995 5.18848e-06
3 1e-07 1
3 3.14963e-05 0.999969
3 2.76824e-07 1
3 0.00104393 0.998956
2 0.995003 0.00499669
2 0.901237 0.0987629
3 0.000258119 0.999742
2 0.999995 5.12349e-06
3 0.000201944 0.999798
2 0.992513 0.00748654
2 0.995528 0.00447191
3 1e-07 1
3 1e-07 1
2 0.999855 0.000144759
3 0.000591401 0.999409
2 0.899705 0.100295
2 0.999993 6.56053e-06
2 0.577995 0.422005
2 0.822143 0.177857
2 0.99911 0.000890123
3 2.25363e-06 0.999998
2 0.871749 0.128251
2 0.999951 4.88829e-05
2 0.999862 0.00013807
2 0.999922 7.76978e-05
2 0.905781 0.0942189
2 0.790055 0.209945
2 0.999586 0.000414372
2 1 1e-07
2 0.933549 0.0664506
2 0.99999 1.00483e-05
2 1 1e-07
2 0.977671 0.0223285
2 0.984909 0.0150908
2 0.999999 1.37366e-06
2 0.933475 0.0665248
2 0.952108 0.0478921
2 1 1e-07
2 0.991578 0.00842236
3 1.3272e-05 0.999987
2 0.998417 0.00158337
2 0.93829 0.0617098
2 0.999938 6.20398e-05
3 3.76865e-05 0.999962
2 0.999803 0.000197394
3 1e-07 1
2 0.939399 0.0606015
2 0.986573 0.0134267
2 0.661284 0.338716
3 1e-07 1
2 0.99947 0.000529975
2 0.978957 0.0210431
2 0.999472 0.000527687
2 0.993768 0.00623228
2 0.811634 0.188366
3 6.46408e-05 0.999935
2 0.858155 0.141845
3 0.00562607 0.994374
2 0.856488 0.143512
2 0.999979 2.09758e-05
2 0.85704 0.14296
2 0.921694 0.0783063
2 0.999941 5.93578e-05
2 0.999999 5.37026e-07
3 1e-07 1
2 0.999907 9.2865e-05
2 0.940623 0.059377
2 0.982369 0.017631
3 2.56826e-06 0.999997
2 0.996057 0.00394317
2 0.995117 0.00488278
2 0.99969 0.00031001
2 0.992081 0.00791911
2 1 1e-07
2 0.999988 1.15688e-05
2 0.999519 0.000481091
2 0.962212 0.0377876
2 1 1e-07
2 0.850848 0.149152
3 1e-07 1
3 2.86006e-05 0.999971
2 0.999976 2.35122e-05
2 0.966881 0.0331192
2 1 1e-07
2 0.999616 0.000383998
2 0.976473 0.023527
2 0.999448 0.000552224
2 0.999999 1.33178e-06
2 1 1e-07
2 0.996952 0.00304822
3 0.000113596 0.999886
2 1 4.49197e-07
2 0.991146 0.0088537
3 0.00143439 0.998566
2 0.998703 0.00129709
2 0.626158 0.373842
2 0.999298 0.000701882
2 0.745729 0.254271
2 1 1e-07
2 0.998353 0.00164677
2 0.99999 9.74737e-06
2 0.933568 0.0664317
2 0.966384 0.0336156
2 0.999998 1.79995e-06
2 0.593202 0.406798
2 1 1e-07
2 0.524281 0.475719
2 0.86742 0.13258
3 0.000106134 0.999894
3 1.59536e-06 0.999998
2 1 4.61554e-07
2 1 1e-07
2 0.999921 7.90146e-05
2 0.965496 0.0345037
2 0.999987 1.291e-05
2 0.99794 0.00205973
2 0.971517 0.0284826
3 9.37312e-07 0.999999
2 0.99947 0.000530164
2 0.989597 0.0104029
2 1 1e-07
2 0.982613 0.0173865
2 0.999993 7.18406e-06
2 0.944542 0.0554585
3 0.00040965 0.99959
2 0.955518 0.0444816
3 0.44306 0.55694
2 0.993941 0.00605876
2 1 1e-07
2 0.893188 0.106812
3 1e-07 1
2 0.991836 0.00816357
2 0.998937 0.00106267
2 0.999965 3.51228e-05
2 0.999971 2.85554e-05
3 4.63142e-06 0.999995
2 0.971407 0.0285928
2 0.970952 0.0290476
2 0.999948 5.15734e-05
2 0.969516 0.0304836
2 0.983945 0.0160554
3 0.0561217 0.943878
2 0.996176 0.00382398
3 5.96743e-06 0.999994
2 1 1e-07
2 0.978945 0.0210554
2 1 1e-07
2 0.999996 3.78861e-06
3 2.92728e-05 0.999971
2 0.73819 0.26181
2 0.99968 0.000320219
2 0.988498 0.0115022
3 0.0794099 0.92059
2 0.999944 5.57482e-05
2 0.923309 0.0766909
3 6.93989e-06 0.999993
3 0.000116546 0.999883
3 0.0140303 0.98597
3 0.0479508 0.952049
2 0.967418 0.032582
2 0.996571 0.00342859
2 0.981891 0.0181089
3 0.00997017 0.99003
2 0.999916 8.38099e-05
3 0.0147393 0.985261
2 0.950325 0.0496754
2 0.999832 0.000168153
2 0.999965 3.50368e-05
2 0.812287 0.187713
2 0.999554 0.000446254
3 0.000835033 0.999165
3 3.07817e-05 0.999969
3 0.0211248 0.978875
3 1e-07 1
3 7.69152e-06 0.999992
2 0.984387 0.0156128
2 0.999796 0.000203947
3 0.0664836 0.933516
2 0.987223 0.0127774
2 0.993016 0.00698354
2 0.966875 0.0331253
2 0.99932 0.000679588
2 0.999999 8.08695e-07
3 1.53729e-05 0.999985
3 0.00996832 0.990032
2 1 1e-07
2 0.999457 0.000543014
2 0.993227 0.00677311
2 0.945161 0.0548395
3 0.399527 0.600473
2 0.984173 0.0158267
2 0.996024 0.00397644
2 0.999995 4.88884e-06
2 0.99972 0.000280432
2 0.999999 1.07812e-06
3 0.000404807 0.999595
2 0.999508 0.0004922
2 0.999994 6.31585e-06
2 0.984362 0.0156378
2 0.984424 0.015576
2 0.934607 0.0653934
2 0.999839 0.000161254
2 0.999987 1.30477e-05
3 5.24247e-05 0.999948
2 0.989269 0.0107307
2 0.989982 0.0100178
3 1.23233e-05 0.999988
2 0.939614 0.0603864
3 7.07761e-06 0.999993
2 0.901247 0.098753
2 0.997116 0.00288411
2 0.927572 0.0724278
2 0.999938 6.19567e-05
2 0.989467 0.0105335
2 0.99997 3.02034e-05
2 0.999994 6.19331e-06
2 1 1e-07
3 1e-07 1
3 2.81535e-05 0.999972
3 1e-07 1
2 0.923366 0.0766338
2 1 1e-07
2 0.999999 1.28294e-06
2 0.999703 0.000296571
2 0.99975 0.000249851
2 0.999838 0.000162035
3 0.000223263 0.999777
2 0.852596 0.147404
2 0.799432 0.200568
3 1e-07 1
2 0.999995 5.38936e-06
3 1e-07 1
3 1.90493e-05 0.999981
3 0.0509353 0.949065
2 1 1e-07
3 0.000285971 0.999714
3 0.421607 0.578393
2 0.99967 0.000329678
2 0.999989 1.1457e-05
2 0.883028 0.116972
3 2.59979e-06 0.999997
2 0.868647 0.131353
2 0.993849 0.00615125
3 8.06593e-06 0.999992
2 0.999828 0.000172424
2 0.999459 0.000540741
2 0.999912 8.77475e-05
3 9.94764e-06 0.99999
2 1 1e-07
2 0.999966 3.40763e-05
3 0.00462473 0.995375
2 0.728309 0.271691
2 1 1e-07
2 0.995653 0.00434724
3 3.58023e-07 1
3 1e-07 1
3 1.67395e-05 0.999983
2 1 1e-07
3 0.000412493 0.999588
3 6.18636e-06 0.999994
3 2.71457e-07 1
2 0.998666 0.00133429
2 0.621328 0.378672
2 0.999311 0.000689434
2 0.586081 0.413919
3 0.000556869 0.999443
3 1e-07 1
2 0.921151 0.0788488
2 1 1e-07
3 0.0262136 0.973786
3 3.81716e-06 0.999996
2 1 1e-07
2 0.999919 8.11393e-05
3 6.76451e-05 0.999932
3 1.87118e-06 0.999998
3 0.012453 0.987547
3 8.76833e-07 0.999999
3 0.0134976 0.986502
3 0.00939118 0.990609
3 1e-07 1
2 1 1e-07
3 0.311415 0.688585
2 0.999749 0.000250633
2 1 1e-07
3 1.6555e-06 0.999998
2 0.99883 0.00117019
2 0.881318 0.118682
3 0.159728 0.840272
2 1 1e-07
3 0.0460224 0.953978
2 0.999866 0.0001337
2 0.999922 7.75133e-05
2 0.999538 0.000461526
3 3.46432e-05 0.999965
3 1e-07 1
2 0.999993 6.7821e-06
2 0.969024 0.0309755
2 0.847933 0.152067
2 1 1e-07
3 7.62723e-07 0.999999
2 0.981875 0.0181253
2 1 1.83856e-07
3 0.00926757 0.990732
3 1e-07 1
2 0.97998 0.0200198
3 0.0806565 0.919343
3 0.0143214 0.985679
2 0.999952 4.83135e-05
2 1 1e-07
3 5.13978e-05 0.999949
2 1 1e-07
2 1 1e-07
3 1e-07 1
3 1e-07 1
3 0.00733122 0.992669
2 0.998226 0.00177441
2 0.953101 0.0468994
2 0.99944 0.000560007
2 0.994625 0.00537525
2 0.997755 0.00224498
3 0.00518113 0.994819
2 1 1e-07
3 2.03059e-06 0.999998
2 0.973497 0.0265033
2 0.993297 0.00670321
2 0.999987 1.34226e-05
2 0.999928 7.23644e-05
2 0.969597 0.030403
2 0.928495 0.071505
2 1 1e-07
2 0.879571 0.120429
3 0.000123135 0.999877
3 0.000225722 0.999774
3 0.169623 0.830377
2 0.998185 0.00181526
3 0.0603916 0.939608
3 0.0614842 0.938516
2 0.855705 0.144295
2 0.999862 0.000138463
2 0.999805 0.000194652
2 0.921165 0.0788352
2 0.974289 0.0257108
2 0.977921 0.0220789
2 1 1e-07
2 0.99959 0.000409845
2 0.999997 2.82054e-06
2 0.999507 0.000492987
3 1e-07 1
2 0.999732 0.000267666
2 0.999819 0.000180718
3 0.016415 0.983585
2 0.999785 0.000215197
2 0.999998 1.60927e-06
2 0.999174 0.000825611
2 0.956843 0.0431573
3 0.37494 0.62506
2 0.72663 0.27337
2 0.999998 1.51302e-06
2 0.999936 6.41264e-05
3 0.26139 0.73861
3 0.000465994 0.999534
2 0.946858 0.0531418
2 0.999989 1.14963e-05
3 1e-07 1
2 1 1e-07
2 0.999991 8.8287e-06
2 0.999999 7.25642e-07
2 1 1e-07
3 0.0020834 0.997917
2 0.999447 0.000552738
2 0.999996 3.89554e-06
2 0.999997 2.66791e-06
2 0.997832 0.00216812
2 0.999998 1.57434e-06
3 1.95679e-05 0.99998
2 0.944102 0.0558978
2 0.999989 1.12032e-05
3 0.000689374 0.999311
3 0.222485 0.777515
2 0.999227 0.000772746
2 0.897978 0.102022
2 0.999136 0.000863716
2 0.999952 4.84617e-05
2 1 1e-07
2 0.999999 1.25317e-06
3 0.379793 0.620207
2 0.989324 0.0106758
2 1 3.53885e-07
3 0.000997158 0.999003
2 0.965397 0.0346031
2 0.984863 0.0151368
2 0.999164 0.000835565
2 0.999995 5.41765e-06
2 0.999706 0.000293652
3 0.00236772 0.997632
3 0.0021798 0.99782
2 0.920764 0.0792363
2 0.538458 0.461542
2 0.770525 0.229475
2 0.910043 0.0899568
2 1 1e-07
2 0.999997 2.79182e-06
3 0.000421313 0.999579
2 0.999999 6.1803e-07
2 0.999978 2.20113e-05
2 0.936255 0.0637449
2 1 3.90975e-07
2 0.999952 4.78437e-05
2 0.999382 0.000617868
3 0.362973 0.637027
3 1e-07 1
2 0.999611 0.000389071
3 0.0101027 0.989897
2 0.85022 0.14978
3 0.0781645 0.921835
2 0.975664 0.0243359
2 0.941693 0.0583067
3 0.064168 0.935832
3 0.250942 0.749058
3 6.66024e-05 0.999933
2 0.980651 0.0193493
2 0.998709 0.00129123
2 1 1.42314e-07
2 0.905451 0.0945487
2 0.999857 0.000142987
2 0.999789 0.000210989
2 0.935286 0.0647142
3 0.0019068 0.998093
2 1 2.14128e-07
3 1e-07 1
3 0.00297483 0.997025
2 0.970214 0.0297863
3 3.05237e-05 0.999969
2 0.999599 0.00040112
3 9.36348e-07 0.999999
2 0.957533 0.0424674
2 0.995764 0.00423607
2 0.741291 0.258709
3 0.000287634 0.999712
2 0.999808 0.000192141
3 0.00083091 0.999169
2 0.998551 0.00144926
2 0.999994 5.88862e-06
2 0.999759 0.000240996
2 0.998965 0.00103513
2 0.999999 1.46618e-06
3 1e-07 1
2 0.96931 0.0306901
2 0.99985 0.000150186
2 0.998301 0.00169903
2 0.999999 6.82285e-07
2 1 1e-07
2 0.979855 0.0201448
2 1 4.062e-07
2 0.999452 0.000547704
2 0.999891 0.000109418
3 1e-07 1
2 0.853475 0.146525
2 0.999643 0.000357352
3 1.17532e-05 0.999988
3 1e-07 1
3 0.000995408 0.999005
2 0.999967 3.32217e-05
3 0.000718507 0.999281
2 1 1e-07
2 0.999993 6.8238e-06
3 0.00012731 0.999873
3 0.081468 0.918532
3 0.0131503 0.98685
2 0.999248 0.000752364
2 0.977828 0.0221717
3 2.3808e-06 0.999998
2 0.980203 0.0197972
2 0.996329 0.00367081
2 0.929154 0.0708459
2 0.999987 1.27974e-05
3 0.0360319 0.963968
3 0.000443249 0.999557
2 1 1.31498e-07
2 0.978846 0.0211536
2 1 1e-07
2 0.999989 1.14842e-05
2 0.999998 1.83663e-06
2 1 1e-07
2 0.999877 0.000123218
3 1e-07 1
3 1e-07 1
2 0.992257 0.00774314
2 1 1e-07
2 0.999994 6.15673e-06
3 8.6258e-05 0.999914
2 1 2.98115e-07
3 1.30118e-05 0.999987
2 0.999927 7.26753e-05
3 0.0603646 0.939635
2 0.982304 0.0176961
2 0.954325 0.0456745
2 1 1e-07
2 0.999845 0.000154692
3 1.48508e-07 1
2 0.938884 0.0611158
2 0.999388 0.000612312
2 0.982201 0.0177993
2 0.99995 5.02743e-05
3 1.84593e-06 0.999998
3 1e-07 1
3 2.62653e-05 0.999974
2 0.997379 0.00262124
3 0.013366 0.986634
3 0.130752 0.869248
2 0.994422 0.00557811
2 0.999992 7.98385e-06
3 1e-07 1
3 9.73704e-06 0.99999
3 0.0109154 0.989085
2 0.969421 0.0305794
2 0.985646 0.0143543
3 9.21792e-07 0.999999
3 1.81458e-05 0.999982
2 0.9276 0.0723995
3 1.71668e-06 0.999998
3 0.000577337 0.999423
2 0.878592 0.121408
2 0.981915 0.0180854
2 0.998651 0.00134886
2 0.998346 0.00165373
3 0.0115219 0.988478
2 0.999882 0.000118043
2 0.778257 0.221743
3 1e-07 1
3 1.57576e-05 0.999984
2 0.999712 0.000287812
2 0.865265 0.134735
3 3.12084e-06 0.999997
3 0.391748 0.608252
3 1e-07 1
2 0.999865 0.000134922
3 0.000211108 0.999789
2 1 1e-07
2 0.991346 0.00865423
3 0.000125537 0.999874
3 1e-07 1
2 0.992227 0.00777252
3 4.21045e-05 0.999958
2 1 1e-07
2 0.9149 0.0851002
2 0.999885 0.0001149
2 0.999999 6.8711e-07
2 1 1e-07
2 1 3.06262e-07
2 0.990004 0.00999595
2 0.999997 2.92692e-06
2 0.999997 2.62724e-06
2 1 1e-07
2 0.999914 8.64702e-05
2 0.999982 1.80773e-05
3 1.34817e-07 1
2 0.981873 0.0181269
2 0.776615 0.223385
3 1e-07 1
3 1e-07 1
2 0.999641 0.00035914
2 0.911252 0.0887481
2 0.999991 9.26404e-06
2 0.999154 0.000845544
2 1 1e-07
3 1e-07 1
2 0.999959 4.13055e-05
2 0.933618 0.0663821
2 0.999859 0.000140971
2 0.99967 0.000330467
2 0.999373 0.000627274
2 0.988668 0.0113322
2 0.999984 1.63369e-05
2 0.849739 0.150261
2 0.982386 0.0176143
2 0.999998 2.04008e-06
3 1e-07 1
2 1 1e-07
2 0.986213 0.0137874
3 0.00291877 0.997081
3 0.0492838 0.950716
3 0.0182736 0.981726
2 1 1e-07
2 0.603058 0.396942
2 0.999765 0.000234686
2 0.999908 9.15777e-05
2 1 4.99678e-07
2 0.954726 0.0452743
3 0.000143842 0.999856
2 0.974664 0.0253357
2 0.928271 0.0717289
2 0.999991 8.91305e-06
2 0.999624 0.000375781
2 0.999978 2.16264e-05
3 0.000642583 0.999357
2 1 1e-07
3 0.00166338 0.998337
3 0.0385805 0.96142
2 0.997559 0.00244123
3 0.462678 0.537322
2 0.999998 2.19742e-06
3 3.86346e-05 0.999961
3 1e-07 1
3 0.000294869 0.999705
2 0.999725 0.000275374
2 0.995096 0.00490439
2 0.946868 0.0531319
2 0.999915 8.46559e-05
2 0.995378 0.00462166
2 0.99996 3.99349e-05
3 1.83857e-07 1
2 1 1e-07
3 1e-07 1
3 5.64581e-06 0.999994
3 0.0575808 0.942419
2 0.998958 0.00104221
3 0.00961526 0.990385
2 0.966967 0.0330333
2 0.986268 0.0137317
3 0.000375693 0.999624
2 0.982023 0.0179773
3 0.000399382 0.999601
3 3.11133e-06 0.999997
3 3.91469e-05 0.999961
2 1 1e-07
3 1e-07 1
2 0.982852 0.0171479
2 1 1e-07
2 1 2.49633e-07
2 0.999205 0.000795185
2 1 1e-07
2 0.998077 0.00192344
3 1.11155e-05 0.999989
3 0.000124724 0.999875
3 0.00519341 0.994807
2 0.999018 0.0009821
3 0.000960498 0.99904
3 3.99152e-06 0.999996
2 0.999659 0.000340672
3 0.30201 0.69799
2 1 2.11429e-07
3 1e-07 1
2 0.901417 0.0985833
2 0.673528 0.326472
2 0.933656 0.0663441
2 0.999947 5.33887e-05
2 0.949587 0.0504127
3 0.00186599 0.998134
2 0.999996 3.60799e-06
2 0.971208 0.0287915
3 0.306364 0.693636
2 1 1.1192e-07
3 1e-07 1
3 1e-07 1
3 6.31403e-05 0.999937
2 0.993037 0.0069634
2 1 1e-07
2 0.999766 0.000234415
2 0.971823 0.0281767
2 0.958807 0.0411926
3 0.00029755 0.999702
2 0.922387 0.0776135
2 0.99999 1.03883e-05
3 1.09019e-07 1
2 1 1e-07
3 0.000197456 0.999803
2 0.999656 0.000344069
3 0.000179081 0.999821
2 0.99824 0.00176048
2 0.999745 0.000254715
2 0.853175 0.146825
2 0.991081 0.00891879
2 0.993708 0.00629245
2 0.991975 0.0080248
2 0.941173 0.0588273
2 0.999984 1.63533e-05
3 1e-07 1
3 0.23585 0.76415
2 0.932884 0.0671163
2 0.999998 2.10741e-06
3 8.46697e-06 0.999992
2 0.999974 2.60056e-05
3 3.2892e-06 0.999997
2 1 1e-07
3 1e-07 1
3 0.000446731 0.999553
2 1 3.41949e-07
2 0.999931 6.90668e-05
2 0.999352 0.00064819
3 1e-07 1
2 0.96456 0.0354395
2 0.974925 0.025075
3 0.000547009 0.999453
2 0.997608 0.00239159
2 0.968261 0.0317393
3 1e-07 1
2 0.948672 0.0513281
3 9.02286e-05 0.99991
2 0.999751 0.0002487
3 1e-07 1
2 0.952214 0.0477862
2 1 1e-07
2 0.931573 0.0684268
2 1 1e-07
2 0.999922 7.84331e-05
2 0.997267 0.00273268
3 1e-07 1
2 0.999999 1.19651e-06
3 1e-07 1
2 0.996971 0.00302877
2 0.999997 3.40685e-06
2 1 1e-07
3 0.158199 0.841801
3 0.0338889 0.966111
2 0.941196 0.0588043
2 1 1e-07
3 4.66103e-06 0.999995
2 0.999995 4.78549e-06
2 1 1e-07
3 1.2458e-05 0.999988
3 0.0128214 0.987179
2 0.997047 0.00295298
3 0.417685 0.582315
2 0.919849 0.0801511
2 0.999953 4.73062e-05
3 5.87463e-06 0.999994
2 0.994618 0.0053824
2 0.9947 0.00529976
2 0.835675 0.164325
2 0.995219 0.00478088
3 2.4502e-06 0.999998
2 0.996504 0.00349607
2 0.999978 2.16831e-05
2 0.982457 0.0175434
2 0.998924 0.00107618
3 3.92978e-07 1
3 1e-07 1
2 0.999954 4.62548e-05
3 0.000416246 0.999584
3 1e-07 1
2 1 1e-07
3 0.000453575 0.999546
3 7.93472e-05 0.999921
2 0.999093 0.000907283
2 0.979786 0.0202141
2 0.999999 9.42011e-07
3 0.00305036 0.99695
2 0.999999 9.76818e-07
2 0.996129 0.00387101
2 0.732966 0.267034
2 0.830052 0.169948
2 1 1e-07
2 0.784929 0.215071
3 0.0116797 0.98832
2 0.93742 0.0625796
2 0.999911 8.85504e-05
2 1 1e-07
3 2.50473e-05 0.999975
3 0.0650161 0.934984
3 5.46846e-06 0.999995
2 0.933148 0.066852
2 0.999931 6.89786e-05
2 0.999834 0.000166006
2 1 1e-07
2 0.999335 0.000665056
2 0.999983 1.73107e-05
3 0.00467769 0.995322
2 1 1e-07
2 0.999999 8.43539e-07
2 0.993795 0.00620462
2 0.999998 1.69977e-06
2 0.999998 2.43745e-06
2 0.955929 0.0440705
2 0.888572 0.111428
2 1 1e-07
2 0.970879 0.0291206
3 2.15682e-05 0.999978
3 1e-07 1
2 1 1e-07
2 0.869955 0.130045
3 1e-07 1
2 1 1e-07
2 1 1e-07
3 0.000705815 0.999294
2 0.998701 0.00129933
3 0.000892647 0.999107
2 0.999959 4.10227e-05
2 0.869732 0.130268
2 0.973293 0.0267067
2 0.932765 0.0672353
3 1e-07 1
2 0.901293 0.0987068
2 0.999991 8.50599e-06
2 0.963249 0.036751
2 1 1e-07
2 0.999971 2.86449e-05
2 0.97158 0.0284198
2 0.879292 0.120708
2 0.997488 0.00251202
2 0.957441 0.0425589
3 0.000156654 0.999843
2 1 1.3273e-07
3 1.43234e-06 0.999999
2 1 1e-07
2 1 1e-07
2 0.851741 0.148259
2 0.885491 0.114509
2 0.99112 0.00888014
2 0.999872 0.000128214
2 0.999986 1.36915e-05
2 0.999756 0.000243769
2 0.97399 0.0260101
2 0.83019 0.16981
3 4.18186e-06 0.999996
3 0.014673 0.985327
3 0.00095884 0.999041
3 1e-07 1
3 0.000469803 0.99953
2 0.969369 0.0306305
3 0.288089 0.711911
2 0.993405 0.00659474
2 0.99993 6.95823e-05
2 0.999978 2.22429e-05
2 0.853475 0.146525
2 0.9989 0.00109963
2 0.992026 0.00797377
3 0.00153965 0.99846
2 0.972972 0.0270277
3 0.000581559 0.999418
2 0.966468 0.0335323
2 0.997931 0.00206925
2 0.999639 0.000361406
2 1 1e-07
2 0.999857 0.000142888
2 0.975201 0.0247992
2 0.99952 0.000480489
2 1 1e-07
3 0.0011051 0.998895
3 1.93768e-05 0.999981
3 0.000541477 0.999459
2 0.999988 1.21652e-05
2 0.995099 0.00490135
2 1 1e-07
2 0.999992 7.94946e-06
2 1 1e-07
3 0.0198358 0.980164
2 0.999383 0.000617442
3 1e-07 1
2 0.996347 0.00365312
2 0.873708 0.126292
2 0.83744 0.16256
2 0.976596 0.0234042
2 0.933842 0.0661577
2 0.99995 4.95945e-05
3 0.000126264 0.999874
2 1 1e-07
3 0.0182648 0.981735
2 0.999891 0.00010887
2 0.999188 0.000812354
2 0.99997 2.97026e-05
2 0.99885 0.0011503
2 0.999997 3.43697e-06
3 0.00411891 0.995881
3 0.00217799 0.997822
3 8.76699e-06 0.999991
3 0.000296483 0.999704
2 1 1e-07
2 0.999799 0.000200856
2 0.99948 0.000519839
3 0.000202397 0.999798
2 0.97493 0.0250698
2 0.999989 1.08893e-05
2 0.82219 0.17781
2 1 1e-07
2 0.998683 0.00131741
3 0.000446356 0.999554
2 1 1e-07
2 0.999995 5.01577e-06
2 0.999999 1.24453e-06
2 0.969134 0.0308655
3 0.00209522 0.997905
2 0.999889 0.000111366
3 2.61882e-05 0.999974
3 0.000109066 0.999891
2 0.999734 0.000266358
2 0.999923 7.67219e-05
3 4.96161e-06 0.999995
2 0.999999 1.1734e-06
3 1.63594e-07 1
2 0.999981 1.93641e-05
2 0.999918 8.24661e-05
2 0.93778 0.0622196
2 0.990145 0.00985512
2 0.999506 0.00049391
2 0.999996 4.45625e-06
2 0.999551 0.000448724
2 0.999907 9.31959e-05
2 0.965813 0.0341871
2 0.988942 0.0110576
3 0.00370856 0.996291
3 0.0271198 0.97288
2 0.999907 9.30513e-05
2 0.931931 0.0680686
2 0.99997 3.00766e-05
2 1 1e-07
2 0.999998 1.66952e-06
2 0.999774 0.000225567
2 0.99999 9.74095e-06
2 0.999935 6.52226e-05
3 0.109585 0.890415
2 0.992199 0.00780081
2 0.999821 0.000178797
2 0.824476 0.175524
2 0.999464 0.00053635
2 0.999978 2.20552e-05
3 0.0262184 0.973782
2 1 1e-07
2 1 1e-07
3 1e-07 1
2 0.999999 7.44451e-07
2 1 1e-07
3 2.05253e-06 0.999998
2 0.999204 0.000795751
2 0.998899 0.00110124
2 0.999182 0.000818219
3 5.5538e-06 0.999994
3 1.80423e-07 1
3 1e-07 1
3 0.0270764 0.972924
3 0.34055 0.65945
2 1 1e-07
3 1e-07 1
2 0.586695 0.413305
3 0.0103987 0.989601
2 0.853844 0.146156
3 8.12233e-07 0.999999
2 0.9739 0.0261001
2 0.999617 0.000383018
2 1 1e-07
2 1 2.63664e-07
2 0.999999 8.04001e-07
2 0.999996 4.21858e-06
2 0.869559 0.130441
3 3.95742e-05 0.99996
2 0.972984 0.0270164
3 1e-07 1
2 1 1.07591e-07
3 0.000927247 0.999073
2 0.999783 0.000217446
2 0.999954 4.62713e-05
2 0.817552 0.182448
3 0.00273648 0.997264
2 1 1e-07
2 0.998849 0.00115076
2 0.999987 1.3398e-05
3 4.25654e-06 0.999996
2 0.7323 0.2677
2 0.999412 0.000588353
3 0.000176238 0.999824
2 0.999993 7.42648e-06
2 0.99818 0.00182044
3 2.19046e-06 0.999998
2 0.995459 0.00454066
2 0.99922 0.000780205
3 6.8768e-05 0.999931
2 0.999536 0.000464086
3 0.0143137 0.985686
3 1e-07 1
2 0.99996 4.02221e-05
3 0.358806 0.641194
2 1 1e-07
2 0.999999 1.21856e-06
2 0.962364 0.0376362
2 0.99992 7.95392e-05
2 0.999819 0.00018096
3 4.14235e-05 0.999959
3 0.00033807 0.999662
2 0.99999 9.70175e-06
2 0.998675 0.00132455
2 0.999813 0.000186503
3 1e-07 1
3 0.000109662 0.99989
2 0.998184 0.00181628
2 0.999966 3.44765e-05
2 0.98632 0.0136796
3 1.20533e-05 0.999988
3 0.000369331 0.999631
3 4.36122e-07 1
3 1e-07 1
3 0.00361817 0.996382
2 0.999997 3.12977e-06
2 1 2.07173e-07
2 1 1.19506e-07
3 0.229064 0.770936
2 0.999928 7.24794e-05
2 0.656265 0.343735
2 0.999716 0.000284459
3 1e-07 1
2 0.999979 2.10839e-05
2 0.999103 0.000897078
2 0.999969 3.07769e-05
3 1e-07 1
2 0.999983 1.74197e-05
2 0.972172 0.0278281
2 0.990383 0.00961707
2 0.999935 6.53507e-05
2 0.998198 0.00180183
3 1e-07 1
3 1e-07 1
2 0.999994 5.62063e-06
2 1 1e-07
2 0.682424 0.317576
2 0.999942 5.77714e-05
2 0.984321 0.0156793
3 0.00195855 0.998041
2 0.814486 0.185514
2 0.67634 0.32366
3 0.00356483 0.996435
2 0.999868 0.000132396
2 0.999954 4.64474e-05
2 0.948837 0.0511629
3 0.0277945 0.972206
2 0.868214 0.131786
2 0.956032 0.0439683
2 0.999789 0.000211123
2 0.918734 0.0812659
2 0.996802 0.00319816
2 1 1e-07
3 0.000622173 0.999378
2 0.943608 0.056392
2 0.99882 0.00117972
2 0.99126 0.00874036
3 0.00199294 0.998007
3 1e-07 1
3 1e-07 1
2 0.999652 0.000348027
2 0.939175 0.0608252
2 0.998905 0.00109471
2 1 1e-07
2 1 1e-07
2 0.999991 8.86158e-06
3 3.96795e-06 0.999996
3 0.0125819 0.987418
2 0.999998 1.80835e-06
2 0.999777 0.000222776
3 0.000198099 0.999802
2 0.980229 0.0197709
2 0.999998 1.57919e-06
2 0.999985 1.52295e-05
2 0.999998 1.66828e-06
2 1 1e-07
2 0.953823 0.0461772
2 0.999994 6.32758e-06
2 0.999988 1.16522e-05
2 0.998133 0.00186704
2 0.994804 0.00519643
3 0.0136477 0.986352
3 0.000453581 0.999546
2 0.987714 0.0122858
2 0.976624 0.0233761
3 0.000684118 0.999316
2 0.983041 0.0169587
3 8.01134e-07 0.999999
2 0.999935 6.47766e-05
2 0.998736 0.00126351
3 1.13128e-05 0.999989
2 0.999391 0.000608903
2 0.982262 0.0177375
2 0.99982 0.000179571
2 0.903854 0.0961462
2 0.892698 0.107302
2 0.96307 0.0369304
