labels 1 3
1 0.852434 0.147566
1 0.877394 0.122606
1 0.990769 0.00923077
3 0.0206756 0.979324
3 1e-07 1
1 0.994469 0.005531
1 0.989905 0.0100947
3 0.0147255 0.985275
1 0.999939 6.1201e-05
3 1e-07 1
1 0.999951 4.91978e-05
1 0.972849 0.0271505
3 0.143495 0.856505
1 0.999009 0.000991123
3 0.0136265 0.986374
1 0.999846 0.000154238
3 0.000528012 0.999472
3 0.0640289 0.935971
1 0.885486 0.114514
3 0.440642 0.559358
1 0.647426 0.352574
1 0.990684 0.0093162
1 0.989301 0.0106989
1 0.952547 0.047453
1 0.888675 0.111325
1 0.991302 0.00869827
1 0.74305 0.25695
1 0.998159 0.0018413
3 0.475083 0.524917
1 0.974166 0.0258335
3 1e-07 1
3 3.12702e-05 0.999969
1 0.994965 0.00503547
3 0.303595 0.696405
1 0.640727 0.359273
1 1 1e-07
1 0.936833 0.0631667
1 0.991567 0.00843264
1 0.999706 0.000293972
1 0.922218 0.0777824
1 0.990119 0.00988062
1 0.998178 0.00182199
1 0.994244 0.00575585
1 0.909801 0.0901992
1 0.998534 0.00146639
1 0.988264 0.0117356
1 0.976375 0.0236246
1 0.993526 0.00647357
1 0.972391 0.0276094
1 0.993518 0.00648161
1 1 1e-07
3 0.00832168 0.991678
3 0.006484 0.993516
1 0.839382 0.160618
1 0.986773 0.0132268
1 0.937216 0.0627836
1 0.997337 0.00266316
1 0.93746 0.0625401
1 0.996732 0.00326784
1 0.991715 0.00828502
1 0.999754 0.000246183
1 0.971493 0.0285074
1 0.889738 0.110262
3 0.141903 0.858097
1 0.783366 0.216634
3 1e-07 1
1 0.999159 0.000840673
1 0.990826 0.00917365
3 1.24041e-05 0.999988
3 2.71132e-07 1
1 0.963286 0.0367138
3 8.55058e-05 0.999914
1 0.970869 0.0291308
1 0.997038 0.00296184
3 0.00199974 0.998
3 0.000254532 0.999745
1 0.994837 0.00516284
1 0.99279 0.00721014
1 0.996111 0.00388947
1 0.994378 0.0056224
1 0.730512 0.269488
1 0.537345 0.462655
3 4.72901e-05 0.999953
1 0.993896 0.00610353
3 0.20425 0.79575
1 0.99671 0.00328993
1 0.990637 0.00936335
1 0.853044 0.146956
1 0.991348 0.00865231
1 0.99587 0.00412962
1 0.999379 0.000620575
1 0.986882 0.0131177
3 0.00293091 0.997069
1 0.998726 0.00127364
1 0.990178 0.00982222
3 9.95187e-05 0.9999
1 0.980119 0.0198808
1 0.996321 0.00367938
1 0.967374 0.0326255
1 0.724084 0.275916
1 0.886308 0.113692
1 0.9807 0.0192997
1 0.917649 0.0823513
1 0.959744 0.0402562
1 0.992235 0.00776481
3 3.7054e-05 0.999963
3 0.0973589 0.902641
1 0.991673 0.00832742
3 5.05747e-05 0.999949
1 0.99661 0.00338957
1 0.995465 0.0045349
3 0.00146669 0.998533
1 0.997936 0.00206357
1 0.976972 0.0230283
1 0.990104 0.00989586
1 0.959101 0.0408993
1 0.993876 0.00612446
3 0.0029818 0.997018
1 0.990806 0.00919415
1 0.995535 0.00446478
1 0.986998 0.013002
1 0.861535 0.138465
1 0.89482 0.10518
3 0.0141259 0.985874
1 0.821441 0.178559
1 0.548675 0.451325
1 0.995105 0.00489486
1 0.975813 0.0241872
1 0.991388 0.00861187
1 0.974645 0.0253552
1 0.78631 0.21369
3 0.0120197 0.98798
1 0.971654 0.0283463
1 0.979887 0.020113
1 0.608371 0.391629
1 0.552555 0.447445
3 0.347688 0.652312
1 0.999607 0.000393077
3 0.00544594 0.994554
3 0.288255 0.711745
1 0.975683 0.0243166
3 0.00279033 0.99721
1 0.864047 0.135953
1 0.750328 0.249672
1 0.867525 0.132475
1 0.988436 0.0115641
3 0.495476 0.504524
1 0.999949 5.09009e-05
3 0.0883608 0.911639
3 0.132438 0.867562
1 0.999603 0.000397123
3 0.00439774 0.995602
1 0.988216 0.0117844
1 0.99125 0.00874972
1 0.977128 0.0228717
1 0.994635 0.00536485
1 0.988412 0.0115883
1 0.981459 0.018541
1 0.997139 0.00286078
1 0.998136 0.00186393
3 0.49983 0.50017
3 0.0206095 0.97939
3 0.00428744 0.995713
1 0.764759 0.235241
3 0.200677 0.799323
3 0.194206 0.805794
1 0.998538 0.00146195
3 0.00226799 0.997732
1 0.617619 0.382381
3 1.34596e-07 1
1 0.961774 0.0382255
1 0.980237 0.0197626
3 0.444147 0.555853
1 0.79243 0.20757
1 0.977109 0.0228912
1 0.995373 0.00462663
3 2.19119e-05 0.999978
1 1 1e-07
1 0.994113 0.00588678
1 0.983169 0.0168308
3 5.8063e-05 0.999942
1 0.996592 0.00340762
1 0.948844 0.0511564
1 0.979568 0.0204317
3 0.0536762 0.946324
1 0.988044 0.0119559
1 0.925536 0.0744644
1 0.779862 0.220138
1 0.895412 0.104588
1 0.976434 0.0235661
1 0.982746 0.0172537
1 0.661589 0.338411
1 0.971531 0.0284692
1 0.992034 0.0079662
1 0.957973 0.0420267
1 0.994652 0.00534812
1 0.99471 0.00528989
3 0.00061925 0.999381
1 0.999656 0.000343552
1 0.902807 0.097193
1 0.786641 0.213359
1 0.972261 0.0277387
1 0.993721 0.00627945
1 0.79056 0.20944
1 0.974909 0.0250911
1 1 1e-07
1 0.955447 0.0445535
1 0.998424 0.00157646
1 0.988867 0.0111326
1 0.978839 0.0211613
1 0.993073 0.00692731
1 0.983136 0.0168642
1 0.869821 0.130179
3 0.000378876 0.999621
1 0.943246 0.0567537
1 0.970861 0.029139
3 0.00408847 0.995912
1 0.981804 0.0181964
1 0.996017 0.0039826
1 0.878597 0.121403
3 0.187086 0.812914
3 1e-07 1
1 0.962715 0.0372848
1 0.999623 0.000376962
1 0.99073 0.0092697
1 0.994596 0.00540361
1 0.958744 0.0412563
1 0.873903 0.126097
3 0.460692 0.539308
1 0.997768 0.00223199
1 0.872754 0.127246
1 0.999886 0.000114379
1 0.580528 0.419472
1 0.976544 0.0234562
1 0.91563 0.0843696
3 2.26706e-05 0.999977
1 0.894906 0.105094
1 0.71635 0.28365
1 0.533243 0.466757
1 0.879232 0.120768
1 0.934194 0.0658057
1 0.807422 0.192578
1 1 1e-07
3 0.0327416 0.967258
3 4.6901e-05 0.999953
1 0.966515 0.0334851
1 0.973394 0.0266057
1 0.955944 0.0440558
3 0.154524 0.845476
1 0.989532 0.0104682
1 0.995698 0.00430194
3 0.00015959 0.99984
1 0.710304 0.289696
1 0.986909 0.0130915
1 0.995011 0.00498922
1 0.997557 0.00244319
1 0.928617 0.0713828
1 0.892701 0.107299
1 0.702049 0.297951
1 0.858763 0.141237
1 0.778773 0.221227
1 0.988112 0.0118876
1 0.867849 0.132151
1 0.957137 0.0428635
1 1 4.94449e-07
1 0.918416 0.0815838
3 0.000954656 0.999045
1 0.99975 0.000250158
1 0.989649 0.0103513
1 0.969565 0.0304353
1 0.993709 0.00629084
3 0.384573 0.615427
1 0.996726 0.0032737
1 0.970796 0.0292036
1 0.927518 0.0724818
1 0.99831 0.00168988
1 0.992891 0.00710934
1 0.996208 0.00379222
1 0.988041 0.0119595
3 0.00518002 0.99482
1 0.996424 0.00357598
1 0.995997 0.00400267
1 0.871574 0.128426
1 0.955872 0.0441276
1 0.941035 0.0589652
1 0.998688 0.00131187
1 0.976731 0.0232688
1 0.991126 0.00887437
3 0.00108904 0.998911
1 0.993748 0.00625167
3 7.25624e-05 0.999927
1 0.962224 0.0377757
1 0.975139 0.0248613
1 0.840528 0.159472
3 0.000292428 0.999708
1 0.971157 0.028843
1 0.979663 0.020337
3 7.45073e-06 0.999993
1 0.996137 0.00386254
3 0.00484547 0.995155
3 0.00401321 0.995987
1 0.995321 0.0046786
1 0.973879 0.0261206
1 0.92083 0.0791704
1 0.931891 0.068109
3 0.0617012 0.938299
1 0.984808 0.0151925
1 0.872026 0.127974
1 0.999857 0.000142945
1 0.963358 0.036642
1 0.815038 0.184962
1 0.860719 0.139281
3 0.00363738 0.996363
1 0.970147 0.0298533
3 0.000922049 0.999078
1 0.996364 0.00363616
1 0.931114 0.0688864
1 0.999999 1.04093e-06
1 0.987992 0.0120078
1 0.98945 0.0105497
3 0.000145892 0.999854
1 0.686495 0.313505
1 0.919156 0.0808444
3 0.154527 0.845473
1 0.993886 0.0061135
1 0.962734 0.0372662
1 0.995426 0.00457413
1 0.994675 0.00532481
1 0.989738 0.0102622
1 0.623532 0.376468
3 9.52144e-06 0.99999
3 0.397125 0.602875
1 0.988986 0.0110137
1 0.95225 0.0477502
1 0.980265 0.0197346
1 0.971426 0.0285742
1 0.541538 0.458462
3 4.99837e-05 0.99995
1 0.998119 0.00188084
1 0.982815 0.0171847
1 0.996554 0.00344561
3 0.490896 0.509104
1 0.992795 0.00720521
1 0.989342 0.0106577
1 0.993812 0.0061875
1 1 1e-07
1 0.993107 0.00689273
1 0.804424 0.195576
3 1.46303e-05 0.999985
1 0.989201 0.0107987
1 0.540318 0.459682
1 0.83847 0.16153
3 0.00249511 0.997505
3 0.0133009 0.986699
1 0.97628 0.0237198
1 0.992224 0.00777615
3 0.42857 0.57143
1 0.99999 1.02319e-05
1 0.99999 1.00382e-05
1 0.984254 0.0157459
3 0.000444705 0.999555
1 0.926376 0.0736238
1 0.994728 0.00527237
1 0.987878 0.0121225
3 0.0153867 0.984613
1 0.60119 0.39881
1 0.990199 0.00980106
1 0.990256 0.00974399
1 0.920359 0.079641
1 0.976701 0.0232989
3 0.276819 0.723181
1 0.998901 0.00109919
1 0.999998 1.86074e-06
1 0.732021 0.267979
1 0.763941 0.236059
1 0.995198 0.00480247
1 0.971594 0.0284059
1 0.997528 0.00247242
1 0.979844 0.0201557
3 3.58895e-05 0.999964
1 0.989126 0.0108743
1 0.999897 0.000102951
1 0.991549 0.00845086
1 0.981669 0.0183309
1 0.995041 0.00495895
1 0.556971 0.443029
1 0.975126 0.0248744
1 0.996607 0.00339284
1 0.999628 0.000371556
1 0.753538 0.246462
1 0.993519 0.00648122
1 0.984087 0.015913
1 1 1e-07
1 1 1e-07
1 0.999943 5.68089e-05
1 0.615319 0.384681
1 0.717762 0.282238
1 0.783167 0.216833
1 0.939 0.0609997
1 0.931001 0.0689993
1 0.943185 0.0568152
1 0.640775 0.359225
1 0.999622 0.000377626
3 0.0435806 0.956419
1 0.698142 0.301858
3 0.000355171 0.999645
1 0.999997 3.3562e-06
1 0.577413 0.422587
1 0.955098 0.0449017
3 0.00553516 0.994465
3 0.188253 0.811747
3 0.00585586 0.994144
1 0.987751 0.0122486
3 0.347847 0.652153
3 0.0817749 0.918225
3 1e-07 1
1 0.993871 0.00612892
1 0.986819 0.0131812
1 0.690384 0.309616
1 0.975966 0.0240343
1 0.963377 0.0366225
1 0.771294 0.228706
1 0.967242 0.0327581
3 3.69937e-06 0.999996
1 0.99168 0.00831989
3 0.159757 0.840243
1 0.999622 0.000378356
1 0.923558 0.0764415
3 0.048808 0.951192
1 0.873053 0.126947
1 0.999006 0.00099428
1 0.753652 0.246348
1 0.969787 0.0302131
3 2.98167e-05 0.99997
1 0.984149 0.0158512
3 0.0458174 0.954183
1 0.974013 0.0259873
1 0.99144 0.00855955
1 0.985244 0.0147563
1 0.984045 0.0159551
1 0.976427 0.0235726
3 0.0850426 0.914957
3 0.0105891 0.989411
1 0.963327 0.0366731
1 0.984901 0.0150993
1 0.966715 0.0332852
1 0.996497 0.0035031
3 4.00309e-07 1
3 0.166668 0.833332
1 0.933819 0.0661812
3 0.288396 0.711604
1 0.95431 0.0456903
3 0.000827994 0.999172
1 0.93553 0.0644695
1 0.950342 0.0496579
1 0.736754 0.263246
1 0.793031 0.206969
1 0.949608 0.0503923
3 0.0519205 0.948079
3 0.283438 0.716562
1 0.975975 0.0240245
3 0.000461634 0.999538
3 0.00653024 0.99347
1 0.984927 0.015073
3 0.079832 0.920168
1 0.89417 0.10583
1 1 1e-07
1 0.99828 0.00172045
1 0.832501 0.167499
1 0.993639 0.00636131
1 0.973525 0.0264752
3 0.192853 0.807147
3 0.478602 0.521398
1 0.525293 0.474707
1 0.824572 0.175428
1 0.982197 0.0178031
1 0.972898 0.0271016
3 0.37389 0.62611
1 0.989487 0.010513
3 0.00362208 0.996378
1 0.926733 0.0732669
1 0.989913 0.010087
1 0.985014 0.0149856
1 0.97421 0.0257904
3 0.00264295 0.997357
3 0.243353 0.756647
1 0.975483 0.0245172
3 0.0322173 0.967783
3 0.000293474 0.999707
1 0.998422 0.00157826
3 0.427445 0.572555
1 0.968198 0.0318017
3 0.00447693 0.995523
1 0.793564 0.206436
3 0.000510446 0.99949
1 0.575188 0.424812
3 0.000179061 0.999821
1 0.999916 8.40099e-05
3 0.390071 0.609929
1 0.944933 0.0550669
3 0.0176749 0.982325
1 0.999404 0.000595852
3 0.000328175 0.999672
1 0.991389 0.00861083
1 0.956342 0.0436577
1 0.922801 0.0771987
1 0.986574 0.0134258
1 0.969125 0.0308746
1 0.999946 5.43839e-05
1 0.996953 0.00304681
1 0.975712 0.0242884
1 0.999948 5.22134e-05
1 0.999483 0.000517052
1 0.810358 0.189642
1 0.935 0.0649997
1 0.757502 0.242498
1 0.994288 0.00571208
1 0.935114 0.0648863
1 0.54403 0.45597
1 0.994247 0.00575335
1 0.99715 0.00284955
1 0.991867 0.00813318
3 1e-07 1
1 0.775842 0.224158
1 0.971266 0.0287337
1 0.934175 0.0658254
1 0.970941 0.0290594
3 3.17068e-06 0.999997
3 0.415671 0.584329
1 0.99635 0.00365047
1 0.987814 0.0121862
1 0.993524 0.00647605
1 0.939841 0.0601589
3 0.0237121 0.976288
1 0.797751 0.202249
1 0.993333 0.00666698
1 0.992685 0.00731498
1 0.95119 0.0488101
1 0.999864 0.000136057
1 0.958626 0.0413742
1 0.996813 0.00318743
3 0.152897 0.847103
1 0.995572 0.00442762
3 0.409378 0.590622
3 0.000194804 0.999805
1 0.940305 0.0596948
1 0.987462 0.0125382
3 0.00101147 0.998989
3 0.425562 0.574438
3 0.12757 0.87243
1 0.920761 0.0792391
1 0.922415 0.0775846
1 0.978471 0.0215286
1 0.997486 0.00251401
1 0.944253 0.0557466
3 1e-07 1
1 0.987751 0.0122494
1 0.830836 0.169164
1 0.968822 0.0311783
1 0.803161 0.196839
1 0.977527 0.0224733
1 0.960984 0.0390163
1 0.998687 0.00131305
1 0.994214 0.00578631
1 0.99797 0.0020304
1 0.838159 0.161841
1 0.771094 0.228906
3 0.225378 0.774622
1 0.923095 0.0769046
3 1e-07 1
3 0.000405322 0.999595
1 0.999971 2.91819e-05
1 0.554503 0.445497
1 0.949144 0.0508556
1 0.994538 0.00546157
3 0.000322644 0.999677
3 0.000597915 0.999402
1 0.938134 0.0618661
1 0.581273 0.418727
3 0.0942853 0.905715
1 0.832758 0.167242
3 0.0209343 0.979066
1 0.874013 0.125987
1 0.994288 0.0057123
1 0.995807 0.00419292
1 0.916088 0.0839123
1 0.996496 0.00350449
1 0.968957 0.0310431
1 0.956223 0.0437774
1 0.603444 0.396556
3 3.48117e-05 0.999965
1 0.999917 8.30891e-05
1 0.851429 0.148571
1 0.977952 0.0220484
1 0.999395 0.000605033
1 0.551843 0.448157
1 0.818089 0.181911
1 0.994441 0.00555858
1 0.980519 0.0194806
3 0.220117 0.779883
1 0.986015 0.0139853
1 0.973455 0.0265451
1 0.969919 0.0300813
1 0.965772 0.034228
1 0.599187 0.400813
3 0.0075692 0.992431
3 0.000431748 0.999568
3 2.63952e-06 0.999997
1 0.690094 0.309906
1 0.987904 0.0120958
1 0.958227 0.0417733
1 0.971151 0.0288488
1 0.983487 0.0165135
1 0.973468 0.0265323
1 0.998074 0.0019259
1 0.90829 0.0917099
1 0.767374 0.232626
1 0.995922 0.00407814
1 0.996994 0.00300586
3 1e-07 1
1 0.983439 0.0165606
1 0.999259 0.000741208
1 0.97738 0.0226202
1 0.971416 0.0285836
1 0.958001 0.0419987
1 0.93691 0.0630904
1 0.993892 0.00610792
1 0.898848 0.101152
1 0.976291 0.0237093
1 0.993865 0.00613508
1 1 1.27243e-07
1 0.987509 0.0124909
3 1e-07 1
1 0.995194 0.00480625
1 0.870991 0.129009
1 0.982295 0.0177054
1 0.999969 3.06385e-05
1 0.881258 0.118742
1 0.996287 0.00371271
1 0.940689 0.0593111
1 0.98384 0.0161602
1 0.987867 0.0121329
1 0.981535 0.0184647
3 0.000287846 0.999712
3 0.403274 0.596726
1 0.599102 0.400898
1 0.989479 0.0105207
1 0.966974 0.0330256
3 0.000731751 0.999268
1 0.995826 0.00417416
1 0.993717 0.00628325
1 0.924292 0.0757077
1 0.924967 0.0750334
1 0.9921 0.00789969
1 0.592262 0.407738
1 0.999996 4.31738e-06
3 0.048197 0.951803
1 0.794566 0.205434
1 0.926969 0.0730308
1 0.879525 0.120475
1 0.983525 0.0164747
1 0.999632 0.000368087
1 0.777084 0.222916
3 0.274365 0.725635
1 0.846504 0.153496
1 0.995757 0.00424302
1 0.969211 0.0307891
1 0.922494 0.0775059
1 0.967264 0.0327361
1 0.879253 0.120747
1 0.976929 0.0230711
1 0.985342 0.0146583
1 0.991632 0.00836771
1 0.995298 0.00470217
1 0.822652 0.177348
1 0.989584 0.0104159
1 0.992477 0.0075228
1 0.96655 0.0334504
1 0.995396 0.00460431
1 0.972926 0.0270737
1 0.989672 0.0103278
3 0.0130146 0.986985
1 0.990411 0.00958872
3 0.378213 0.621787
1 0.966475 0.0335247
1 0.983805 0.0161951
3 0.000512423 0.999488
3 0.172134 0.827866
1 0.925422 0.0745779
3 0.0964343 0.903566
3 0.00178374 0.998216
1 0.772934 0.227066
1 0.998838 0.00116187
1 0.936246 0.0637538
1 0.96401 0.0359899
1 0.721058 0.278942
1 0.994029 0.00597143
3 5.19151e-05 0.999948
1 0.97101 0.0289902
3 0.000246143 0.999754
1 0.965241 0.0347589
1 0.994761 0.00523929
1 0.994903 0.00509655
1 0.78135 0.21865
1 0.997121 0.00287945
1 0.995005 0.00499528
1 1 1e-07
1 0.999954 4.63861e-05
1 0.993977 0.00602312
1 0.989533 0.0104673
1 0.850892 0.149108
1 0.994512 0.00548778
1 0.994145 0.00585452
1 0.988519 0.0114811
1 0.995201 0.0047993
1 0.916426 0.0835738
1 0.877603 0.122397
3 2.56946e-05 0.999974
1 0.947623 0.0523765
3 1.29179e-05 0.999987
3 0.35714 0.64286
1 0.898157 0.101843
3 0.0264445 0.973556
1 0.984804 0.0151957
1 0.999821 0.000178594
1 0.997567 0.00243293
1 0.985018 0.0149825
1 0.970431 0.0295695
1 0.96054 0.0394597
1 0.994065 0.0059353
1 0.991381 0.0086189
1 0.986024 0.0139763
1 0.984554 0.0154465
3 3.15745e-07 1
1 0.999991 9.09759e-06
1 0.999661 0.000338905
1 0.982811 0.0171891
1 0.678268 0.321732
1 0.99209 0.00791036
1 0.884554 0.115446
1 0.917821 0.0821794
1 0.879776 0.120224
3 0.0345842 0.965416
1 0.962606 0.0373939
1 0.920113 0.0798871
1 0.993889 0.00611067
1 0.93577 0.0642297
3 0.106977 0.893023
1 0.985062 0.0149381
1 0.98981 0.0101896
1 0.842284 0.157716
1 0.969861 0.0301386
1 0.929379 0.0706205
1 0.853568 0.146432
1 0.992137 0.00786272
1 0.974549 0.0254511
3 0.00519411 0.994806
1 0.947557 0.0524429
1 0.992445 0.00755534
1 0.747905 0.252095
3 0.00549717 0.994503
1 0.939862 0.0601384
3 0.119278 0.880722
1 0.966356 0.0336437
1 0.992583 0.00741654
1 0.952463 0.0475368
3 0.000301356 0.999699
1 0.995319 0.00468079
1 0.987587 0.012413
3 0.000337171 0.999663
1 0.955056 0.0449436
3 0.0583502 0.94165
1 0.989834 0.0101663
1 0.999916 8.39787e-05
1 0.995769 0.00423051
1 0.952698 0.0473023
1 0.973631 0.0263693
1 0.984824 0.0151758
3 0.00319658 0.996803
3 0.00021179 0.999788
1 0.648904 0.351096
1 0.903881 0.096119
1 0.982159 0.0178415
1 0.871254 0.128746
3 0.0858481 0.914152
1 0.97314 0.0268597
1 0.99655 0.00345031
3 0.00540793 0.994592
1 0.971773 0.0282265
3 0.0484177 0.951582
1 0.929237 0.0707628
1 0.945015 0.0549849
1 0.879223 0.120777
1 0.965517 0.0344825
1 0.998807 0.00119326
1 0.97364 0.02636
1 0.999996 4.38466e-06
1 0.980033 0.0199667
1 0.990297 0.00970269
1 0.994685 0.00531492
1 0.999689 0.000310628
3 1e-07 1
1 0.944795 0.0552052
1 0.983055 0.0169445
1 0.75364 0.24636
1 0.803962 0.196038
1 0.859355 0.140645
3 0.011883 0.988117
3 0.000191371 0.999809
1 0.994925 0.00507538
3 0.0638718 0.936128
1 0.776068 0.223932
1 0.660553 0.339447
3 0.00500819 0.994992
1 0.960415 0.0395848
1 0.995871 0.00412942
1 0.958559 0.0414407
3 0.0009999 0.999
3 1.58393e-07 1
1 0.993732 0.00626762
1 0.910574 0.0894258
1 0.9947 0.00530042
1 0.996914 0.00308641
1 0.935653 0.0643471
1 0.997413 0.00258668
1 0.999109 0.000891254
3 0.0291115 0.970889
3 0.262697 0.737303
1 0.994404 0.00559575
1 0.999422 0.000577853
1 0.87889 0.12111
1 1 1e-07
1 0.981145 0.0188551
1 0.999999 1.2015e-06
1 0.765118 0.234882
1 0.936937 0.0630629
1 0.978842 0.0211576
3 0.0140525 0.985948
1 0.987061 0.0129393
1 0.881285 0.118715
1 0.991463 0.00853705
1 0.989839 0.0101609
1 0.97946 0.0205396
1 0.994513 0.00548704
3 0.121548 0.878452
1 0.997619 0.00238065
3 0.00572903 0.994271
3 4.96989e-07 1
1 0.999891 0.000108576
1 0.983035 0.0169645
3 0.499583 0.500417
1 0.991503 0.00849713
3 0.000663107 0.999337
1 0.870837 0.129163
3 0.0645683 0.935432
1 0.949409 0.0505906
1 0.999797 0.000203264
1 0.970013 0.029987
1 0.988788 0.0112122
3 0.000215191 0.999785
1 1 1e-07
1 0.958667 0.0413334
1 0.985163 0.0148367
1 0.507581 0.492419
1 0.994088 0.00591162
1 0.999951 4.86283e-05
1 0.981012 0.0189878
1 0.977874 0.0221264
1 0.995965 0.00403461
3 0.0654525 0.934547
3 0.00344093 0.996559
1 0.944755 0.0552447
3 0.000556464 0.999444
3 0.180048 0.819952
3 1e-07 1
1 0.885799 0.114201
1 0.98267 0.0173298
1 0.98539 0.0146105
1 0.979742 0.020258
1 0.970283 0.0297169
1 1 1e-07
1 0.536942 0.463058
1 0.798626 0.201374
1 0.995207 0.00479266
1 0.892325 0.107675
1 0.999847 0.000152756
1 0.932093 0.0679072
3 1e-07 1
3 0.275614 0.724386
1 0.974069 0.0259311
1 0.985858 0.0141417
1 0.65641 0.34359
1 0.801721 0.198279
1 0.993642 0.00635751
1 0.973909 0.0260905
1 0.994078 0.00592225
1 0.993922 0.0060777
3 0.00122365 0.998776
1 0.999999 6.58716e-07
1 0.921685 0.0783149
1 0.911556 0.0884438
3 0.363223 0.636777
1 0.703983 0.296017
3 0.000216423 0.999784
1 0.999989 1.11265e-05
1 0.943409 0.0565909
1 0.885864 0.114136
1 0.98401 0.01599
1 0.995164 0.00483614
1 0.987647 0.0123529
1 0.943664 0.0563357
3 0.000143641 0.999856
1 0.984626 0.0153738
1 0.802952 0.197048
3 2.49925e-06 0.999998
1 0.986862 0.0131378
3 0.00153873 0.998461
1 0.989458 0.010542
1 0.998437 0.00156346
1 0.912371 0.0876293
1 0.984789 0.0152105
1 0.99051 0.00949042
1 0.954089 0.0459106
1 0.557685 0.442315
1 0.912187 0.0878127
1 0.98947 0.0105297
1 0.996814 0.00318642
3 7.67848e-05 0.999923
3 2.17601e-05 0.999978
1 0.977011 0.0229887
3 0.110967 0.889033
1 0.999703 0.000296949
3 0.41501 0.58499
1 0.973279 0.0267207
3 4.60636e-06 0.999995
1 1 1e-07
3 0.00045397 0.999546
3 8.19682e-05 0.999918
1 0.978762 0.0212384
1 0.980268 0.0197322
1 0.991928 0.00807179
3 1e-07 1
1 0.99557 0.00442981
1 0.999377 0.00062295
1 0.673007 0.326993
1 0.992409 0.00759053
1 0.99761 0.00238985
3 0.0168282 0.983172
3 0.446033 0.553967
1 0.995568 0.00443163
1 0.966661 0.0333391
3 0.481671 0.518329
1 0.999998 2.0456e-06
1 0.949503 0.0504973
1 0.992479 0.00752106
3 1.02616e-07 1
1 0.996593 0.00340664
1 0.939296 0.0607038
1 0.886056 0.113944
1 0.990777 0.0092231
1 0.672191 0.327809
1 0.93115 0.0688499
3 0.311809 0.688191
1 0.991345 0.00865458
1 0.889305 0.110695
1 0.964654 0.0353456
1 0.973343 0.0266573
1 0.890755 0.109245
1 0.980338 0.0196623
1 0.999916 8.35636e-05
1 0.86938 0.13062
1 0.989497 0.0105029
1 0.86663 0.13337
1 0.967053 0.0329471
1 0.999998 2.48852e-06
1 0.986481 0.0135194
1 0.992707 0.00729312
1 0.99635 0.00364968
1 0.999998 1.65508e-06
1 0.998763 0.00123673
1 0.98837 0.0116299
3 0.00120077 0.998799
1 0.995631 0.00436929
1 0.919204 0.0807965
1 0.931462 0.0685381
3 0.00462274 0.995377
1 0.707896 0.292104
1 0.985444 0.0145556
3 0.000197877 0.999802
1 0.95198 0.0480198
1 0.952274 0.0477262
3 0.000198336 0.999802
1 0.924835 0.0751646
1 0.851174 0.148826
1 0.995005 0.00499497
1 0.99425 0.00575014
3 0.012555 0.987445
1 0.991296 0.00870398
1 0.961934 0.038066
1 0.652511 0.347489
3 7.60012e-05 0.999924
1 0.887335 0.112665
1 0.84338 0.15662
1 0.873326 0.126674
3 0.000121013 0.999879
1 0.994022 0.00597761
1 0.999192 0.000807656
1 0.995893 0.00410655
1 0.999642 0.00035769
1 0.961665 0.0383347
1 0.986948 0.0130521
1 0.999999 6.61951e-07
3 1.6897e-07 1
3 0.0001069 0.999893
3 0.0129998 0.987
3 1.03297e-06 0.999999
1 0.997136 0.00286437
1 0.999999 7.97845e-07
1 0.986048 0.0139525
1 0.993722 0.00627824
1 0.99473 0.00527003
1 0.999291 0.000709126
1 0.964898 0.0351022
1 0.994667 0.00533308
1 0.782579 0.217421
1 0.999854 0.000145904
1 0.992058 0.00794175
1 0.995428 0.00457185
1 0.994279 0.00572077
3 0.00159594 0.998404
3 8.23316e-05 0.999918
1 0.928965 0.0710352
1 0.968456 0.0315438
3 0.000171334 0.999829
1 0.98031 0.01969
1 0.983765 0.0162349
1 0.864495 0.135505
1 0.910733 0.0892667
1 0.935773 0.0642269
1 0.99994 5.97813e-05
3 0.00125286 0.998747
1 0.998206 0.00179362
1 0.971589 0.028411
1 0.938028 0.0619716
1 0.810358 0.189642
1 0.988469 0.0115307
3 0.485757 0.514243
3 0.0072788 0.992721
1 1 1e-07
1 0.848555 0.151445
1 0.735441 0.264559
1 0.999693 0.000306939
1 0.986612 0.0133876
1 0.964499 0.0355006
1 0.819755 0.180245
1 0.949746 0.0502542
1 0.920404 0.0795956
1 0.754927 0.245073
3 0.0943358 0.905664
1 0.994036 0.00596423
3 1e-07 1
1 0.983398 0.0166016
3 0.000246482 0.999754
1 0.973062 0.0269378
1 0.904662 0.0953377
1 0.88312 0.11688
1 0.997484 0.00251635
3 0.415843 0.584157
3 0.443613 0.556387
1 0.987065 0.0129351
1 0.85741 0.14259
1 0.999844 0.000155874
1 0.562374 0.437626
1 0.99837 0.00162983
1 0.999985 1.47303e-05
1 0.992452 0.0075476
3 1e-07 1
1 0.994924 0.00507553
1 0.997798 0.00220175
3 0.000936301 0.999064
1 0.941735 0.0582647
1 1 1e-07
1 0.95823 0.0417701
1 0.584628 0.415372
3 0.0964761 0.903524
3 0.00794386 0.992056
1 0.673839 0.326161
1 0.999646 0.000354058
3 0.022638 0.977362
3 0.016906 0.983094
1 0.993265 0.00673515
1 0.914578 0.0854224
1 0.96745 0.0325502
3 0.316536 0.683464
1 0.893506 0.106494
1 0.877766 0.122234
1 0.951933 0.0480672
1 0.971811 0.0281887
1 0.578336 0.421664
1 0.981771 0.0182292
1 0.960136 0.0398643
3 0.0904403 0.90956
1 0.71866 0.28134
1 0.959151 0.0408492
1 0.979688 0.0203117
3 0.0264068 0.973593
1 0.999998 2.12523e-06
1 0.985204 0.0147958
1 0.991319 0.00868056
1 0.985308 0.0146923
3 2.18309e-05 0.999978
1 0.993185 0.00681515
1 0.967724 0.0322765
3 0.00062077 0.999379
1 1 1e-07
1 0.835701 0.164299
1 0.969875 0.0301253
1 0.998212 0.00178805
1 0.558391 0.441609
1 0.569139 0.430861
1 0.999998 2.1773e-06
1 0.743898 0.256102
1 0.85982 0.14018
3 0.286193 0.713807
1 0.986297 0.0137026
1 0.998928 0.0010722
3 9.74934e-07 0.999999
1 0.93091 0.06909
3 0.00915325 0.990847
1 0.976859 0.0231407
1 0.999998 1.77215e-06
3 0.00611349 0.993887
3 0.00441584 0.995584
1 0.962859 0.0371407
1 0.987029 0.0129706
3 1e-07 1
3 0.000692741 0.999307
3 0.000812731 0.999187
1 0.995304 0.00469607
1 0.937006 0.0629937
3 0.273298 0.726702
1 0.923664 0.0763365
1 0.744523 0.255477
3 5.2437e-05 0.999948
1 0.904274 0.0957259
1 0.995277 0.00472303
1 0.994767 0.00523263
3 0.131356 0.868644
1 0.975519 0.0244807
1 0.815893 0.184107
1 0.993588 0.00641169
1 0.987092 0.012908
1 0.996235 0.00376486
1 0.998228 0.00177243
1 0.988401 0.0115994
1 0.883489 0.116511
1 0.695553 0.304447
1 0.999935 6.52891e-05
1 0.7735 0.2265
1 0.891155 0.108845
1 0.852328 0.147672
1 0.977553 0.0224469
3 0.000536866 0.999463
3 0.000320974 0.999679
1 0.999993 6.65472e-06
3 4.33944e-06 0.999996
1 0.981771 0.0182289
1 0.869239 0.130761
1 0.993607 0.00639329
1 0.982229 0.0177712
1 0.993716 0.00628354
1 0.994626 0.0053737
1 0.976042 0.0239585
1 0.635914 0.364086
1 0.999883 0.000117485
1 0.946992 0.0530078
1 0.999964 3.58682e-05
1 0.978275 0.0217251
1 0.979942 0.0200581
1 0.869961 0.130039
3 0.102908 0.897092
1 0.982607 0.0173928
1 0.988046 0.0119537
1 0.991948 0.00805232
1 0.961259 0.0387411
1 0.952966 0.0470339
3 0.0059714 0.994029
3 0.359526 0.640474
1 0.950579 0.0494213
3 0.12927 0.87073
1 0.987142 0.0128584
1 0.607276 0.392724
3 0.0156387 0.984361
3 0.000305756 0.999694
1 0.989838 0.0101618
1 0.981782 0.0182185
1 0.923886 0.0761139
3 4.45683e-05 0.999955
3 0.341652 0.658348
1 0.983404 0.0165956
1 0.939229 0.0607712
3 0.240202 0.759798
1 0.860229 0.139771
1 0.985375 0.0146248
1 0.992996 0.00700449
1 0.689576 0.310424
1 0.963699 0.0363015
3 1.26403e-06 0.999999
1 0.726289 0.273711
1 0.987446 0.0125537
1 0.993524 0.00647607
1 0.993008 0.0069917
1 0.804845 0.195155
1 0.964588 0.0354118
1 0.954422 0.0455777
3 0.268611 0.731389
1 0.999991 9.31554e-06
1 0.989555 0.0104452
1 0.834092 0.165908
1 0.565123 0.434877
1 0.932459 0.0675413
1 0.984011 0.0159888
1 0.600062 0.399938
1 0.921361 0.0786387
3 0.462514 0.537486
1 0.714855 0.285145
1 0.991039 0.00896135
3 0.000195525 0.999804
1 0.94611 0.05389
1 1 1e-07
3 0.00053945 0.999461
3 0.00237562 0.997624
1 0.712393 0.287607
1 0.992264 0.00773588
1 0.993058 0.00694194
3 0.0897238 0.910276
1 0.984911 0.0150891
1 0.995585 0.00441464
1 0.962513 0.0374871
3 0.00451079 0.995489
1 0.974942 0.0250583
1 0.975924 0.0240757
1 0.85518 0.14482
1 0.987669 0.0123309
1 0.969882 0.0301178
1 0.999365 0.000634507
1 0.975184 0.0248157
1 0.987478 0.0125222
1 0.990606 0.00939395
1 0.707937 0.292063
3 4.42743e-07 1
1 0.932528 0.067472
1 0.986613 0.0133874
1 0.966399 0.0336014
1 0.965815 0.034185
1 0.776085 0.223915
1 0.906508 0.0934922
1 0.978967 0.0210328
3 0.121509 0.878491
1 0.984695 0.0153049
1 0.999767 0.000232504
1 0.962474 0.0375256
1 0.981626 0.0183738
1 0.997973 0.00202697
1 0.932361 0.0676395
3 6.99716e-05 0.99993
1 0.986789 0.0132113
3 0.000536265 0.999464
3 0.000592116 0.999408
3 0.0123972 0.987603
1 0.986189 0.0138112
1 0.98412 0.0158802
1 0.902547 0.0974534
1 0.999561 0.000439429
1 0.747109 0.252891
3 0.00121038 0.99879
1 0.996256 0.00374427
1 0.995499 0.00450065
3 0.000249917 0.99975
3 0.000475643 0.999524
3 0.00140199 0.998598
3 0.316929 0.683071
3 0.00138274 0.998617
1 0.991153 0.00884672
1 0.950858 0.0491422
1 0.961423 0.0385773
1 0.996296 0.00370398
1 0.720137 0.279863
1 0.992412 0.00758779
1 0.969008 0.0309923
1 0.820318 0.179682
3 0.000983402 0.999017
1 0.993895 0.00610453
1 0.908715 0.0912849
1 0.994104 0.00589606
3 0.391511 0.608489
1 0.98875 0.01125
1 0.988243 0.0117569
1 0.937214 0.0627858
1 0.990147 0.00985286
1 0.965526 0.0344737
1 0.953911 0.0460886
1 0.992016 0.00798372
1 0.848946 0.151054
1 0.968289 0.0317112
1 0.736827 0.263173
3 0.221625 0.778375
3 1e-07 1
1 0.966078 0.0339217
3 0.00503067 0.994969
1 0.861331 0.138669
3 0.104194 0.895806
3 0.398147 0.601853
3 1e-07 1
1 0.985548 0.0144516
3 0.174756 0.825244
1 0.959674 0.0403261
1 0.999702 0.000297975
1 0.991164 0.00883638
1 0.994477 0.00552349
1 0.887376 0.112624
1 0.994192 0.00580774
1 0.998142 0.00185833
1 0.99652 0.00348013
1 0.997532 0.00246782
1 0.994488 0.00551194
3 0.0022809 0.997719
1 0.986038 0.0139617
1 0.997989 0.00201126
1 0.943233 0.056767
3 0.0203241 0.979676
1 0.969415 0.030585
1 0.994606 0.00539414
1 0.999785 0.000215386
3 1.44583e-07 1
1 0.853707 0.146293
1 0.985874 0.0141256
1 0.909039 0.0909615
3 0.190174 0.809826
3 0.190866 0.809134
1 0.99529 0.00470974
1 0.979692 0.0203075
1 0.798915 0.201085
3 2.73559e-06 0.999997
1 0.765284 0.234716
1 0.99984 0.000160163
1 0.934848 0.0651517
1 0.84973 0.15027
1 0.991169 0.00883147
1 0.938217 0.0617826
1 0.899132 0.100868
1 0.999977 2.29638e-05
3 0.0387895 0.96121
3 1.62529e-05 0.999984
3 0.00113635 0.998864
1 0.915688 0.0843121
1 0.776929 0.223071
1 0.992914 0.0070855
1 0.993058 0.00694172
3 0.000463625 0.999536
1 0.963552 0.0364475
1 0.968227 0.0317735
1 0.996235 0.00376456
1 0.995055 0.00494462
1 0.977688 0.0223123
1 0.653743 0.346257
1 0.993726 0.00627394
1 0.997548 0.00245196
3 4.33863e-05 0.999957
1 0.99946 0.000539508
1 0.532477 0.467523
1 0.638331 0.361669
3 0.000444773 0.999555
1 1 1e-07
1 0.998452 0.00154842
1 0.999642 0.000358453
1 0.991953 0.00804692
3 3.04176e-07 1
1 0.999442 0.000558024
1 0.840921 0.159079
1 0.68574 0.31426
1 0.859335 0.140665
1 0.972478 0.0275225
1 0.946143 0.0538571
1 0.996778 0.00322174
1 0.990321 0.00967857
1 0.893303 0.106697
1 0.610936 0.389064
3 0.0633068 0.936693
1 0.995302 0.00469753
1 0.999835 0.000164513
3 0.281737 0.718263
1 0.997409 0.00259144
1 0.995454 0.00454564
1 0.985199 0.0148007
1 0.970473 0.029527
1 0.980906 0.0190935
1 0.997017 0.0029835
3 0.196574 0.803426
1 0.987236 0.0127639
3 0.00115677 0.998843
1 0.743433 0.256567
3 0.000204575 0.999795
1 0.920646 0.0793543
1 0.979492 0.0205082
1 0.953683 0.0463169
1 0.92058 0.0794198
1 1 1e-07
3 0.00986046 0.99014
1 0.976356 0.0236442
3 0.36286 0.63714
3 0.0281444 0.971856
1 0.857302 0.142698
1 0.993769 0.0062306
3 0.000141994 0.999858
3 0.159593 0.840407
1 0.994566 0.00543385
1 0.882349 0.117651
1 0.992111 0.0078888
3 0.000584637 0.999415
1 0.998994 0.00100586
1 0.979206 0.0207942
3 0.121972 0.878028
1 0.927634 0.0723659
1 0.996896 0.00310363
1 0.987952 0.0120479
1 0.710221 0.289779
1 0.980978 0.0190218
1 0.990339 0.00966141
1 0.596314 0.403686
1 1 1.31984e-07
1 0.93032 0.0696802
1 0.988246 0.0117537
1 0.981714 0.0182865
3 0.00062264 0.999377
1 0.99843 0.00157046
3 0.482006 0.517994
1 0.999312 0.0006884
1 0.99472 0.00528036
1 0.988672 0.0113277
1 0.982002 0.0179978
1 0.994869 0.00513136
3 0.0125616 0.987438
1 0.9867 0.0132995
3 0.000340106 0.99966
1 0.996697 0.00330266
1 0.920761 0.0792385
1 0.99776 0.00223989
1 0.999943 5.69219e-05
3 1e-07 1
3 2.15807e-06 0.999998
1 0.974434 0.0255664
1 0.847322 0.152678
1 0.983655 0.0163446
1 0.989323 0.0106765
3 0.0012223 0.998778
3 0.000330841 0.999669
1 0.996426 0.00357387
1 0.948579 0.0514207
1 0.980826 0.0191736
3 0.327664 0.672336
1 0.998511 0.00148896
3 1.45602e-06 0.999999
3 0.000150814 0.999849
1 1 1e-07
1 0.92848 0.0715196
1 0.997539 0.00246116
1 0.792516 0.207484
1 0.999999 6.50395e-07
1 0.820297 0.179703
1 0.995924 0.00407571
1 0.958215 0.0417853
1 0.990849 0.00915059
1 0.911316 0.0886843
1 0.988709 0.0112914
1 0.970063 0.0299367
1 0.99843 0.00157043
3 1e-07 1
1 0.964884 0.0351158
1 0.758389 0.241611
1 0.926247 0.0737525
1 0.982267 0.0177325
1 0.936682 0.063318
3 1e-07 1
1 1 1.93767e-07
1 0.989797 0.0102027
3 0.143102 0.856898
3 0.403696 0.596304
1 0.993173 0.00682708
3 0.433262 0.566738
1 0.990264 0.00973596
1 0.931335 0.0686651
1 0.996219 0.00378068
1 0.993758 0.00624217
1 0.98725 0.0127503
1 0.956309 0.0436912
1 0.927728 0.0722716
1 0.998308 0.00169166
3 0.005387 0.994613
1 0.991424 0.00857631
3 0.201361 0.798639
1 0.856428 0.143572
1 0.999198 0.000802076
1 0.525694 0.474306
3 0.365268 0.634732
1 0.998223 0.00177723
3 1.98176e-05 0.99998
1 0.885611 0.114389
3 0.35938 0.64062
1 0.79015 0.20985
1 0.988937 0.0110632
1 0.913621 0.0863792
1 0.65237 0.34763
3 0.492234 0.507766
3 0.380029 0.619971
3 0.143927 0.856073
3 1.96012e-06 0.999998
3 0.000178126 0.999822
1 0.998194 0.00180635
1 0.956206 0.0437942
1 0.994999 0.00500102
1 0.80831 0.19169
1 0.930657 0.069343
3 0.000113452 0.999887
1 0.957167 0.0428326
1 0.962102 0.037898
3 0.255046 0.744954
1 0.996538 0.00346217
1 0.892177 0.107823
1 0.985712 0.014288
1 0.997768 0.00223154
1 0.97516 0.02484
3 0.0030581 0.996942
1 0.954892 0.0451082
1 0.99999 1.02601e-05
1 0.990988 0.0090118
1 0.861348 0.138652
3 0.000324916 0.999675
1 0.875504 0.124496
1 0.988025 0.0119752
3 0.0109241 0.989076
1 0.958564 0.0414356
3 0.332895 0.667105
3 0.0642928 0.935707
3 1.90745e-06 0.999998
1 0.994551 0.00544915
1 0.982033 0.017967
1 0.983851 0.0161492
1 0.979783 0.0202169
1 0.975514 0.0244856
3 1e-07 1
3 0.387544 0.612456
1 0.999158 0.0008422
1 0.952677 0.0473227
3 3.7283e-05 0.999963
1 0.99025 0.00974966
1 0.992267 0.00773298
3 0.000445115 0.999555
3 0.359879 0.640121
3 0.0239677 0.976032
3 0.00850161 0.991498
1 0.986633 0.0133665
3 1.38053e-05 0.999986
1 0.989316 0.0106844
1 0.933952 0.0660482
3 0.0254889 0.974511
1 0.938763 0.0612374
3 0.141986 0.858014
1 0.987737 0.0122628
3 0.00148293 0.998517
1 0.868874 0.131126
1 0.766475 0.233525
3 0.407234 0.592766
1 0.99484 0.00516007
1 0.999998 2.03445e-06
1 0.739093 0.260907
3 0.351091 0.648909
1 0.997415 0.00258533
3 0.00117483 0.998825
1 0.995388 0.00461178
3 0.384842 0.615158
3 0.215534 0.784466
1 0.978718 0.0212818
1 0.923637 0.0763628
3 1e-07 1
1 0.937088 0.0629124
1 0.985978 0.014022
1 0.994077 0.00592253
3 0.0636587 0.936341
3 0.000925411 0.999075
1 0.979922 0.0200778
1 0.984692 0.0153081
3 2.09361e-05 0.999979
3 0.213934 0.786066
1 1 1e-07
1 0.94972 0.0502804
1 0.988896 0.0111045
1 0.957326 0.0426743
3 1.99607e-05 0.99998
1 0.994169 0.00583082
1 0.813691 0.186309
3 0.000933707 0.999066
1 0.718795 0.281205
1 0.883082 0.116918
1 0.996362 0.00363847
1 1 1e-07
1 0.548756 0.451244
1 0.981113 0.0188871
3 0.0210554 0.978945
3 8.82313e-05 0.999912
1 0.999938 6.16603e-05
1 0.80723 0.19277
1 0.983917 0.0160827
1 0.995059 0.00494126
1 0.997252 0.00274779
1 0.959911 0.0400889
3 0.0109263 0.989074
3 0.015991 0.984009
1 0.994746 0.00525374
1 0.801515 0.198485
1 0.999937 6.33967e-05
3 0.00380858 0.996191
1 0.753354 0.246646
1 0.942802 0.0571977
3 0.314211 0.685789
1 0.841909 0.158091
1 0.994653 0.00534652
1 0.809579 0.190421
1 0.939376 0.0606237
1 0.993854 0.00614595
1 0.991229 0.00877139
1 0.902596 0.097404
1 0.911555 0.0884451
1 0.999851 0.000149221
1 0.997635 0.00236497
1 0.931233 0.0687666
1 0.976087 0.0239135
3 0.00217504 0.997825
1 0.999999 7.17805e-07
1 0.992151 0.00784909
1 0.992619 0.00738129
1 0.701661 0.298339
1 0.975056 0.0249442
1 0.86277 0.13723
3 0.000261426 0.999739
3 0.456243 0.543757
1 0.96864 0.0313599
1 0.917482 0.0825177
1 0.992179 0.00782101
1 0.985106 0.0148936
1 0.960291 0.0397088
1 0.999313 0.000686809
1 0.905276 0.0947237
1 0.959345 0.040655
1 0.99458 0.00542024
1 0.998969 0.00103081
1 0.713082 0.286918
1 0.986141 0.0138591
3 0.000181625 0.999818
1 1 1e-07
1 0.995768 0.00423188
3 2.71968e-05 0.999973
3 8.16273e-05 0.999918
1 0.900335 0.0996647
1 0.626417 0.373583
1 0.952965 0.0470353
3 1e-07 1
1 0.984776 0.0152242
1 0.993657 0.00634271
1 0.859946 0.140054
1 0.996032 0.00396845
1 0.995477 0.00452265
1 0.858811 0.141189
1 0.922882 0.0771182
1 0.764657 0.235343
1 0.970049 0.0299508
1 0.771573 0.228427
3 0.00570255 0.994297
1 0.790823 0.209177
3 0.468106 0.531894
1 0.999981 1.87457e-05
1 0.979523 0.0204768
1 0.998514 0.00148647
1 0.988159 0.0118409
1 1 2.66317e-07
1 0.995654 0.00434588
3 0.000389985 0.99961
1 0.927428 0.0725716
1 0.941211 0.0587892
1 0.998407 0.00159326
1 0.98779 0.0122097
1 0.993121 0.00687944
1 0.971659 0.0283406
1 0.958185 0.0418152
1 0.82639 0.17361
1 0.69216 0.30784
3 0.104103 0.895897
1 1 1e-07
1 0.900315 0.0996853
1 0.971958 0.028042
1 0.965803 0.0341971
3 2.06603e-05 0.999979
1 0.942977 0.0570233
3 0.0887811 0.911219
3 1.21579e-05 0.999988
1 0.991521 0.0084789
1 0.771562 0.228438
1 0.996694 0.00330562
1 0.999992 8.16689e-06
1 0.970947 0.0290529
1 0.999997 2.87443e-06
1 0.989249 0.0107506
1 1 1e-07
1 0.929022 0.0709781
1 0.999079 0.000920516
1 0.992831 0.00716877
1 0.958447 0.0415531
1 0.997796 0.00220373
3 0.000908342 0.999092
1 0.9947 0.00530023
1 0.96382 0.0361797
1 0.957294 0.0427059
1 0.961507 0.0384933
1 1 4.36591e-07
1 0.987536 0.0124642
1 0.760865 0.239135
1 0.9356 0.0643999
1 0.653592 0.346408
1 0.997311 0.00268921
1 0.884709 0.115291
1 0.994802 0.00519782
1 0.967 0.0330003
3 0.00052594 0.999474
1 0.984853 0.0151466
3 0.221928 0.778072
1 0.641806 0.358194
1 0.870766 0.129234
1 0.99426 0.0057401
1 0.990167 0.00983299
1 0.990907 0.00909276
1 0.988038 0.0119618
1 0.802904 0.197096
1 0.839612 0.160388
3 0.000226777 0.999773
1 0.94323 0.0567697
1 0.999733 0.000266597
1 1 1e-07
1 0.844878 0.155122
1 0.890265 0.109735
1 0.972478 0.0275223
1 0.99999 9.88304e-06
3 1e-07 1
3 0.056257 0.943743
1 0.993739 0.00626099
1 0.975906 0.0240944
1 0.967132 0.0328679
3 9.30669e-05 0.999907
1 0.967029 0.0329713
3 0.427683 0.572317
1 0.984751 0.0152493
1 0.840827 0.159173
1 0.969807 0.0301933
3 4.30758e-07 1
3 0.481505 0.518495
1 0.991828 0.00817235
3 0.000277122 0.999723
3 9.80798e-05 0.999902
1 0.999002 0.000997921
1 0.797769 0.202231
3 0.190733 0.809267
1 0.994063 0.00593688
1 0.63492 0.36508
1 0.999821 0.000179377
1 0.810185 0.189815
1 0.976356 0.0236442
1 0.933334 0.0666658
1 0.917471 0.082529
1 0.915027 0.084973
1 1 1e-07
3 1e-07 1
1 0.989455 0.0105451
1 0.828159 0.171841
1 0.99535 0.00464971
1 0.997422 0.00257788
1 0.832056 0.167944
1 0.549842 0.450158
1 0.994975 0.0050255
1 0.94441 0.0555903
3 2.9966e-05 0.99997
1 0.99993 7.03861e-05
1 0.978708 0.0212923
1 1 1e-07
3 0.00037473 0.999625
1 0.994396 0.00560417
1 0.900063 0.0999374
1 0.986152 0.0138476
1 0.93655 0.0634501
3 0.0726208 0.927379
1 0.987213 0.0127872
1 0.980855 0.0191454
1 0.519042 0.480958
1 0.91104 0.0889602
1 0.944607 0.0553931
1 0.994925 0.00507545
1 0.997313 0.00268688
1 0.518837 0.481163
1 0.926111 0.0738894
1 0.993522 0.00647789
1 0.985239 0.0147613
1 0.999017 0.000983142
1 0.950801 0.0491987
1 0.952782 0.0472182
1 0.655185 0.344815
1 0.917477 0.0825227
1 0.987154 0.0128461
3 2.57088e-05 0.999974
1 0.993575 0.00642466
1 0.985774 0.0142265
1 0.573629 0.426371
1 0.869036 0.130964
3 0.00299564 0.997004
1 0.673094 0.326906
1 0.783234 0.216766
1 0.966678 0.0333221
1 0.882664 0.117336
1 0.975143 0.0248572
1 0.9883 0.0117004
1 0.959676 0.0403239
1 0.995313 0.00468734
1 0.996143 0.00385667
1 0.890493 0.109507
1 0.999246 0.000753603
1 0.974645 0.0253555
3 0.0825665 0.917434
1 0.994703 0.00529727
1 0.990064 0.00993617
1 0.988188 0.011812
1 0.999275 0.00072491
1 0.839306 0.160694
3 0.0138165 0.986184
1 0.93556 0.0644398
1 0.94412 0.0558798
1 0.656021 0.343979
1 0.892897 0.107103
1 0.998446 0.00155442
1 0.996139 0.0038609
3 1.07528e-05 0.999989
1 0.997604 0.00239582
1 0.99852 0.00148048
1 1 1e-07
1 0.994409 0.00559118
1 0.998157 0.001843
3 0.000306298 0.999694
1 0.99503 0.00496977
1 0.99622 0.00377971
1 0.929769 0.070231
1 0.650098 0.349902
1 0.852075 0.147925
1 0.994903 0.00509693
1 0.931107 0.0688931
1 0.991798 0.00820232
3 0.0172435 0.982757
3 8.40949e-07 0.999999
3 0.000365148 0.999635
3 0.000790603 0.999209
1 0.981099 0.0189013
1 0.990851 0.00914939
1 0.954006 0.0459939
3 0.449815 0.550185
3 0.00140543 0.998595
3 0.476898 0.523102
1 0.993087 0.00691281
1 0.987673 0.0123269
1 0.897092 0.102908
1 0.945259 0.0547413
1 0.999902 9.75841e-05
1 1 2.24059e-07
3 0.410487 0.589513
3 0.0228177 0.977182
1 0.963114 0.036886
1 0.984186 0.0158137
1 0.969894 0.0301062
1 0.85437 0.14563
3 0.101704 0.898296
1 0.998257 0.00174269
1 0.997568 0.00243218
1 0.995533 0.00446685
1 0.983982 0.016018
1 0.999998 2.08436e-06
1 0.962729 0.0372713
3 0.0558584 0.944142
1 0.986037 0.0139627
1 0.853001 0.146999
1 0.947086 0.0529142
3 1e-07 1
1 0.972229 0.0277713
3 0.299684 0.700316
1 0.945453 0.0545466
1 0.99373 0.0062703
1 0.935612 0.0643881
1 0.999081 0.00091909
3 0.000275723 0.999724
1 0.736524 0.263476
1 0.794715 0.205285
1 0.999801 0.000198564
1 0.999928 7.23996e-05
1 0.853437 0.146563
3 2.37787e-05 0.999976
1 0.623314 0.376686
3 0.124112 0.875888
1 0.969851 0.0301488
1 0.998022 0.00197842
1 0.944194 0.055806
1 0.995394 0.00460603
3 0.000657766 0.999342
3 0.00200226 0.997998
3 0.000133617 0.999866
1 0.952018 0.0479823
3 0.243082 0.756918
1 0.999239 0.000761138
1 0.996765 0.00323498
1 0.98983 0.0101704
1 0.986845 0.0131546
1 0.987879 0.0121206
1 0.573047 0.426953
3 0.160059 0.839941
1 0.999984 1.58184e-05
1 0.998576 0.00142386
3 1.01402e-05 0.99999
1 0.966084 0.0339158
1 0.874635 0.125365
1 0.959557 0.0404428
1 0.999327 0.00067317
3 0.186516 0.813484
1 0.994773 0.00522681
1 0.981553 0.0184465
1 0.976845 0.0231554
3 0.000866831 0.999133
1 0.725917 0.274083
3 0.00534585 0.994654
1 0.537827 0.462173
1 0.985382 0.0146184
1 0.806177 0.193823
3 0.0611529 0.938847
1 0.977041 0.0229592
3 0.416402 0.583598
1 0.996182 0.00381823
1 0.583229 0.416771
1 0.974588 0.0254118
1 0.999661 0.000338584
1 1 1.9939e-07
1 0.987484 0.0125161
1 0.735705 0.264295
3 1.13914e-05 0.999989
1 0.887756 0.112244
3 5.41462e-05 0.999946
3 1e-07 1
1 0.987228 0.0127724
1 0.999744 0.000255884
3 0.000396796 0.999603
3 0.000589155 0.999411
1 0.965284 0.0347163
1 0.968447 0.0315534
1 0.999761 0.000239097
1 0.755302 0.244698
1 0.99494 0.00505983
1 0.984514 0.0154855
1 0.982494 0.0175057
1 0.993639 0.00636084
1 0.995544 0.0044563
1 0.630077 0.369923
1 0.993327 0.00667306
1 0.594876 0.405124
1 0.627301 0.372699
1 0.995376 0.00462412
1 1 4.52915e-07
1 0.568425 0.431575
1 0.99886 0.00113997
1 0.964811 0.0351892
3 0.00961462 0.990385
1 0.992947 0.00705285
1 0.670032 0.329968
1 0.590171 0.409829
1 0.724566 0.275434
1 0.854866 0.145134
1 0.903724 0.0962757
1 0.936593 0.0634073
1 0.932104 0.0678964
1 0.985837 0.0141628
1 0.876289 0.123711
1 0.999297 0.000702919
1 0.962362 0.0376383
1 0.954123 0.0458768
1 0.98155 0.0184495
3 0.293709 0.706291
1 0.994023 0.00597749
3 7.89694e-05 0.999921
3 0.326966 0.673034
1 0.949272 0.0507284
1 0.960844 0.039156
1 0.974249 0.0257513
3 1e-07 1
1 0.861869 0.138131
3 0.119181 0.880819
3 5.62029e-07 0.999999
1 0.810287 0.189713
1 0.994599 0.00540105
1 1 4.5737e-07
3 0.0862548 0.913745
1 0.989868 0.0101325
1 0.693958 0.306042
1 0.995445 0.00455525
1 1 1e-07
1 0.971777 0.0282235
3 0.0604828 0.939517
1 0.977049 0.0229506
1 0.747273 0.252727
1 0.693487 0.306513
1 0.825952 0.174048
1 0.978684 0.0213162
3 1.39683e-05 0.999986
1 0.99547 0.00453046
1 0.99503 0.0049702
3 2.11992e-05 0.999979
1 0.983614 0.0163856
3 3.05528e-05 0.999969
1 0.988394 0.0116057
1 0.975153 0.0248471
1 0.982157 0.0178425
3 0.0452986 0.954701
1 0.995166 0.00483445
1 1 1e-07
1 0.994633 0.00536731
1 0.994856 0.00514433
3 0.291352 0.708648
1 0.811045 0.188955
1 0.934563 0.065437
1 0.995677 0.00432305
3 0.000223288 0.999777
3 5.46998e-06 0.999995
1 0.912982 0.0870185
1 0.999629 0.000371399
1 0.968963 0.0310368
1 0.994632 0.00536763
1 0.94779 0.0522101
3 6.26453e-06 0.999994
3 9.42208e-05 0.999906
3 0.137036 0.862964
1 0.980859 0.0191406
1 0.937746 0.0622536
3 0.430823 0.569177
3 0.177221 0.822779
1 0.919548 0.0804519
3 7.89845e-05 0.999921
3 0.000108948 0.999891
1 0.983566 0.016434
1 0.91539 0.0846103
1 0.984563 0.0154371
3 0.00183221 0.998168
1 0.954759 0.0452409
3 0.00774518 0.992255
1 0.995932 0.00406828
1 0.864982 0.135018
1 0.994406 0.0055938
1 0.903675 0.0963254
1 0.992866 0.00713375
1 0.979256 0.020744
1 0.962359 0.0376412
3 0.000957166 0.999043
1 0.973632 0.0263685
1 0.975071 0.024929
1 0.507476 0.492524
3 1e-07 1
1 0.977399 0.0226011
3 1.31788e-05 0.999987
1 0.684977 0.315023
3 2.86751e-07 1
3 0.00027131 0.999729
1 0.995106 0.00489394
1 0.984384 0.0156157
1 0.939317 0.0606834
1 0.956549 0.0434509
1 0.76851 0.23149
3 0.00692038 0.99308
1 0.858291 0.141709
1 0.995443 0.00455731
1 0.520086 0.479914
1 0.822486 0.177514
1 0.992279 0.00772099
1 0.999999 1.38113e-06
3 8.50879e-05 0.999915
1 0.976346 0.0236537
1 0.97105 0.0289496
1 0.974542 0.0254582
1 0.943386 0.0566139
1 0.939669 0.0603312
1 0.996579 0.00342128
1 0.533371 0.466629
1 0.999827 0.000173174
1 0.995512 0.00448849
1 0.995249 0.00475106
3 1e-07 1
3 0.000889996 0.99911
1 0.79655 0.20345
1 0.952027 0.0479729
3 7.62229e-05 0.999924
1 0.614585 0.385415
1 0.634783 0.365217
1 0.994454 0.00554578
1 0.989004 0.0109958
3 1.2523e-05 0.999987
1 0.922626 0.0773742
1 0.996734 0.00326649
3 0.0672673 0.932733
1 0.994729 0.00527078
1 0.927702 0.0722977
1 0.990583 0.0094173
1 0.95196 0.0480398
1 0.996861 0.00313876
1 0.989919 0.0100806
1 0.990241 0.00975884
1 0.970081 0.029919
3 0.000289261 0.999711
1 0.987696 0.0123037
1 0.898035 0.101965
1 0.999993 6.76664e-06
1 0.85107 0.14893
1 0.739109 0.260891
1 0.955117 0.0448825
3 0.0866265 0.913373
1 0.981062 0.0189385
3 0.00036662 0.999633
1 0.977412 0.0225879
3 6.94105e-05 0.999931
3 8.5194e-07 0.999999
1 0.948212 0.0517884
1 0.962958 0.0370419
1 0.938701 0.0612993
1 0.547122 0.452878
1 0.837859 0.162141
1 0.995968 0.00403222
1 0.933845 0.0661548
1 0.531937 0.468063
3 1e-07 1
1 0.999995 5.36056e-06
3 0.00218052 0.997819
3 0.0395734 0.960427
1 0.98889 0.0111103
1 0.863262 0.136738
3 0.0460876 0.953912
1 0.967307 0.0326932
1 0.941794 0.0582058
1 0.522327 0.477673
1 0.999972 2.82654e-05
1 0.981702 0.0182982
1 0.995636 0.00436441
1 0.963442 0.0365583
1 0.986292 0.0137076
1 0.981964 0.0180358
3 6.00076e-05 0.99994
1 0.998333 0.00166691
1 0.993622 0.00637831
1 0.997246 0.00275415
3 0.3589 0.6411
1 0.99579 0.00421018
1 0.917973 0.0820268
3 0.36134 0.63866
1 0.663713 0.336287
1 0.98249 0.01751
1 0.775969 0.224031
3 0.126819 0.873181
1 0.86146 0.13854
3 0.187108 0.812892
1 0.914541 0.0854594
1 0.966222 0.0337784
1 0.990735 0.00926541
3 0.00014887 0.999851
1 0.99578 0.0042201
3 0.00352856 0.996471
3 0.00644754 0.993552
1 0.7525 0.2475
1 0.999925 7.53864e-05
1 0.972444 0.0275555
3 0.000623833 0.999376
1 0.999513 0.000486545
3 0.119169 0.880831
1 0.857177 0.142823
1 0.990332 0.00966754
3 0.00014102 0.999859
1 0.88771 0.11229
3 0.146301 0.853699
3 0.43115 0.56885
3 0.0164066 0.983593
3 1e-07 1
1 0.999986 1.41079e-05
1 0.874399 0.125601
1 0.980798 0.0192017
1 0.999997 2.6505e-06
3 0.478168 0.521832
3 0.0207935 0.979206
1 0.899934 0.100066
1 0.9048 0.0952004
1 0.998597 0.00140326
3 0.336863 0.663137
3 1.27798e-05 0.999987
1 0.700738 0.299262
3 9.39184e-07 0.999999
3 0.0152664 0.984734
1 0.861605 0.138395
1 0.998729 0.0012712
1 0.968391 0.0316088
1 0.831003 0.168997
1 0.989284 0.0107159
1 0.997059 0.00294062
1 0.992014 0.00798624
3 7.37751e-05 0.999926
1 0.857933 0.142067
1 0.764794 0.235206
1 0.999948 5.22777e-05
1 0.999999 1.13659e-06
1 0.995909 0.00409082
1 0.788164 0.211836
3 1.16237e-07 1
1 0.978063 0.0219367
1 0.992281 0.00771852
3 0.00021876 0.999781
1 0.966664 0.033336
1 0.994248 0.00575199
1 0.990301 0.00969913
1 0.989242 0.010758
3 1e-07 1
1 0.996694 0.00330568
1 0.99915 0.00085027
1 0.96125 0.0387503
1 0.937944 0.0620564
1 0.928288 0.0717116
1 0.962972 0.0370283
1 0.999893 0.000107076
1 0.944341 0.0556588
1 0.536129 0.463871
1 0.981302 0.0186977
1 0.998403 0.0015966
3 0.00303994 0.99696
1 0.861731 0.138269
1 0.713085 0.286915
1 0.834732 0.165268
3 1e-07 1
1 0.98838 0.0116196
1 0.926046 0.0739541
1 0.991888 0.00811244
1 0.515684 0.484316
1 0.921831 0.0781689
3 0.293254 0.706746
1 0.998487 0.00151276
1 0.95901 0.0409898
1 0.822298 0.177702
1 0.991463 0.00853724
1 0.970846 0.0291542
1 0.984205 0.0157955
3 0.000610486 0.99939
1 0.792012 0.207988
1 0.993916 0.00608358
1 0.997187 0.00281263
3 0.000155584 0.999844
1 0.995044 0.00495567
3 0.000112367 0.999888
1 0.998197 0.00180349
1 0.976771 0.0232293
1 0.994996 0.00500385
1 0.993631 0.00636875
3 9.82409e-05 0.999902
1 0.979029 0.0209707
1 0.982823 0.0171774
3 0.155076 0.844924
3 0.10263 0.89737
3 1e-07 1
1 0.926253 0.0737472
3 0.0689883 0.931012
1 0.556988 0.443012
1 0.983541 0.0164588
1 0.987333 0.0126675
1 0.989253 0.0107472
3 9.9196e-07 0.999999
1 0.989127 0.010873
1 0.992214 0.00778604
1 0.991437 0.00856262
1 0.999979 2.09739e-05
1 0.855068 0.144932
1 0.781538 0.218462
3 0.00328736 0.996713
3 0.428474 0.571526
1 0.898614 0.101386
1 0.882383 0.117617
1 0.967146 0.0328541
1 0.996643 0.00335656
3 0.000105984 0.999894
1 0.978119 0.0218813
1 0.966258 0.0337423
3 0.203214 0.796786
1 0.885341 0.114659
1 0.96615 0.0338504
1 0.998826 0.00117375
1 0.789925 0.210075
1 0.902998 0.0970024
1 0.997963 0.00203701
3 0.326363 0.673637
1 0.987046 0.0129539
1 1 1e-07
3 6.79524e-06 0.999993
1 0.886798 0.113202
1 0.923614 0.0763862
1 0.995231 0.00476894
1 0.999956 4.40455e-05
1 0.999984 1.58904e-05
3 0.000228332 0.999772
1 0.896379 0.103621
1 0.992646 0.00735415
3 0.0136544 0.986346
3 1.05377e-06 0.999999
1 0.994416 0.00558386
3 0.0596614 0.940339
1 0.600487 0.399513
3 1e-07 1
1 0.998986 0.00101421
1 0.903873 0.0961275
1 0.997418 0.00258215
3 0.00282579 0.997174
1 0.999999 1.17138e-06
1 0.985766 0.0142343
1 0.987327 0.0126727
1 0.996847 0.00315274
1 0.69143 0.30857
1 0.999092 0.000908473
1 0.977301 0.0226992
1 0.989725 0.0102753
1 0.994927 0.00507265
3 0.0858313 0.914169
1 0.993484 0.00651584
1 0.868093 0.131907
1 0.99451 0.00549036
1 0.834595 0.165405
1 0.989458 0.0105419
1 0.897674 0.102326
1 0.992902 0.0070982
1 0.718825 0.281175
3 0.0390052 0.960995
3 8.60063e-07 0.999999
1 0.944645 0.0553546
3 0.259952 0.740048
1 0.980717 0.0192826
1 0.999998 1.90257e-06
3 0.00213246 0.997868
1 0.995194 0.00480597
3 1e-07 1
3 8.56551e-05 0.999914
1 0.966724 0.0332762
1 0.995754 0.00424618
1 0.995469 0.00453092
1 0.835449 0.164551
1 0.879236 0.120764
3 0.017525 0.982475
3 0.0107762 0.989224
1 0.981109 0.0188911
1 0.756916 0.243084
3 0.0142354 0.985765
1 0.959506 0.0404945
3 8.13602e-07 0.999999
1 0.987249 0.0127506
1 0.983992 0.0160082
1 0.944515 0.0554851
1 0.747353 0.252647
1 0.984441 0.0155585
3 0.330511 0.669489
3 6.08874e-07 0.999999
3 0.000513776 0.999486
1 0.889539 0.110461
3 0.0732479 0.926752
1 0.731377 0.268623
3 0.023493 0.976507
1 0.999378 0.000621555
3 0.00042524 0.999575
3 0.0992607 0.900739
1 1 1e-07
3 0.0708829 0.929117
3 0.00440553 0.995594
1 0.974667 0.0253333
3 0.0404279 0.959572
3 0.104363 0.895637
1 0.962715 0.0372853
1 0.995026 0.00497417
1 0.874391 0.125609
1 0.984903 0.0150972
1 0.994703 0.00529739
1 0.945906 0.0540937
1 0.999655 0.000344819
1 0.99122 0.00877983
3 0.0140194 0.985981
1 0.997299 0.00270102
1 0.995764 0.00423613
1 0.989403 0.0105971
1 0.849484 0.150516
1 0.998606 0.00139388
1 0.961944 0.038056
1 0.987868 0.0121319
1 0.980593 0.0194065
1 0.99066 0.00933951
3 0.00299646 0.997004
1 0.970877 0.0291229
1 0.987155 0.0128452
1 0.73217 0.26783
3 0.201676 0.798324
1 0.992789 0.00721096
3 0.00276489 0.997235
1 0.972603 0.0273973
1 0.825164 0.174836
1 0.992742 0.00725827
1 0.993135 0.00686509
3 6.89315e-06 0.999993
1 0.999115 0.000885142
1 0.823202 0.176798
3 5.53429e-05 0.999945
3 0.00141741 0.998583
1 0.959734 0.0402659
1 0.956822 0.0431777
1 0.983387 0.0166129
3 0.00649981 0.9935
1 0.953982 0.046018
3 0.000614002 0.999386
3 0.00870873 0.991291
1 0.847101 0.152899
1 0.995374 0.00462616
3 0.000711693 0.999288
1 0.980099 0.019901
3 0.000406948 0.999593
1 0.963888 0.0361116
1 0.961431 0.0385692
3 6.11703e-06 0.999994
1 0.998789 0.00121117
1 0.991995 0.00800547
3 0.00118266 0.998817
1 0.98016 0.0198401
1 0.966893 0.0331067
1 0.999188 0.000811565
1 0.961064 0.0389358
1 0.988347 0.0116527
3 0.000362992 0.999637
1 0.989054 0.0109463
1 0.931504 0.068496
1 0.991353 0.00864706
1 0.994541 0.00545875
1 0.982224 0.0177763
1 0.999976 2.40163e-05
1 0.994521 0.00547913
1 0.506318 0.493682
1 0.971803 0.0281968
1 0.994583 0.00541666
3 0.410578 0.589422
1 0.996825 0.00317481
1 0.968363 0.0316366
3 0.249815 0.750185
1 0.927698 0.0723023
1 0.916866 0.0831336
1 0.998363 0.00163728
3 0.161396 0.838604
3 0.000752549 0.999247
1 0.99535 0.00465
1 0.851598 0.148402
1 0.976253 0.0237471
3 3.86121e-05 0.999961
1 0.91836 0.0816401
3 2.56318e-07 1
1 0.925787 0.0742133
1 0.817878 0.182122
3 0.0338915 0.966109
3 2.8932e-06 0.999997
1 0.780715 0.219285
1 0.996035 0.00396451
1 0.995641 0.00435895
1 0.979913 0.0200868
1 0.710194 0.289806
3 0.00221223 0.997788
1 0.999968 3.19459e-05
3 0.00258097 0.997419
1 0.817911 0.182089
1 1 1e-07
1 0.836923 0.163077
3 0.03476 0.96524
1 0.921055 0.0789447
1 0.682112 0.317888
3 7.88255e-07 0.999999
1 0.936322 0.0636777
1 0.869311 0.130689
1 0.984671 0.0153292
3 0.000297506 0.999702
1 0.955631 0.044369
1 0.987856 0.0121444
1 0.995093 0.00490663
1 0.866375 0.133625
1 1 3.81853e-07
1 0.796235 0.203765
1 0.977159 0.0228406
1 0.996082 0.00391792
1 0.981576 0.0184242
1 0.963853 0.0361473
1 0.658883 0.341117
3 0.013312 0.986688
1 0.64349 0.35651
1 0.91554 0.08446
1 0.999715 0.000284865
1 0.991091 0.00890889
1 0.996969 0.00303128
1 0.993978 0.00602227
1 0.988951 0.0110486
1 0.65735 0.34265
1 0.960784 0.0392163
3 2.73716e-05 0.999973
1 0.88726 0.11274
1 0.99518 0.00481992
3 0.00348249 0.996518
1 0.977447 0.022553
3 0.498728 0.501272
1 0.999392 0.000608314
1 0.698768 0.301232
1 0.951879 0.0481205
1 0.870042 0.129958
3 0.478656 0.521344
1 0.753428 0.246572
1 0.781151 0.218849
1 0.901198 0.0988015
1 0.642484 0.357516
1 0.993321 0.00667939
3 0.222744 0.777256
1 0.98528 0.01472
1 0.762293 0.237707
1 0.999801 0.000199198
1 0.977676 0.0223239
1 0.915091 0.0849087
1 0.968778 0.0312221
1 0.904839 0.0951605
1 0.970128 0.0298721
1 0.934178 0.0658215
1 0.999997 2.52479e-06
3 9.97447e-05 0.9999
1 0.994635 0.00536475
1 0.960461 0.0395391
1 0.986178 0.0138218
1 0.988629 0.0113708
1 0.99206 0.00794029
1 0.912878 0.0871225
3 6.23187e-05 0.999938
1 0.696789 0.303211
1 0.709422 0.290578
1 0.519268 0.480732
1 0.999449 0.000550996
1 0.95566 0.0443395
3 1e-07 1
1 0.997234 0.00276579
1 0.988693 0.0113068
1 0.974194 0.0258061
3 0.4884 0.5116
3 0.00012751 0.999872
1 1 1.56855e-07
1 0.998247 0.00175322
1 0.982547 0.0174528
1 0.910928 0.0890723
1 0.901436 0.098564
3 0.088403 0.911597
1 0.994957 0.00504309
3 9.83435e-05 0.999902
1 0.622807 0.377193
1 0.941901 0.0580995
3 0.495601 0.504399
1 1 3.21251e-07
1 0.711068 0.288932
1 0.804827 0.195173
1 0.992825 0.00717484
3 0.210486 0.789514
1 0.999985 1.53903e-05
1 0.985871 0.0141295
1 0.913824 0.0861757
3 2.50881e-05 0.999975
3 0.000118199 0.999882
3 0.113 0.887
3 0.0155093 0.984491
1 0.955005 0.0449953
1 0.962014 0.0379863
1 0.946457 0.053543
1 0.999878 0.000121533
1 0.988461 0.0115385
3 0.114994 0.885006
1 0.983703 0.0162972
1 0.99233 0.00766962
1 0.918412 0.0815879
1 0.982167 0.017833
1 0.95098 0.0490195
3 0.0026144 0.997386
3 0.010667 0.989333
1 0.986727 0.0132727
3 1e-07 1
3 3.60085e-05 0.999964
1 0.993985 0.00601466
1 0.96773 0.0322701
3 0.00523476 0.994765
1 0.949632 0.0503676
1 0.996908 0.00309211
1 0.913197 0.0868032
1 0.995338 0.004662
1 0.797687 0.202313
3 1.01525e-05 0.99999
3 0.00770144 0.992299
1 1 1e-07
1 0.993398 0.00660163
1 0.973279 0.0267214
1 1 1e-07
1 0.613219 0.386781
1 0.996818 0.00318179
1 0.989204 0.0107957
1 0.965652 0.0343476
1 0.986715 0.0132853
1 0.952087 0.0479126
3 0.000137545 0.999862
1 0.868495 0.131505
1 0.970222 0.0297776
1 0.965675 0.0343251
1 0.94458 0.05542
1 0.866612 0.133388
1 0.761351 0.238649
1 0.993061 0.00693905
3 0.0026922 0.997308
1 0.987564 0.0124359
1 0.9912 0.00879972
3 0.0207359 0.979264
1 0.997579 0.00242134
3 0.000897657 0.999102
1 0.942915 0.0570849
1 0.848112 0.151888
1 0.995335 0.00466537
3 0.334836 0.665164
1 0.987415 0.0125848
1 0.63543 0.36457
1 0.973009 0.0269907
1 0.998832 0.0011676
1 0.996706 0.00329368
3 0.0195753 0.980425
3 2.46304e-06 0.999998
1 0.76395 0.23605
1 0.97849 0.0215104
1 0.982884 0.0171158
1 0.993443 0.0065566
1 0.995987 0.00401338
1 0.993301 0.00669928
3 0.00113717 0.998863
1 0.922077 0.0779231
1 0.873594 0.126406
3 1.26452e-05 0.999987
1 0.985184 0.0148164
3 1.65392e-05 0.999983
3 4.04374e-05 0.99996
1 0.999524 0.000476224
1 0.996358 0.00364172
1 0.995511 0.00448862
1 0.614885 0.385115
1 0.829665 0.170335
1 0.972254 0.027746
1 0.812011 0.187989
3 0.0796005 0.9204
1 0.991705 0.00829524
1 0.944515 0.0554846
1 0.617351 0.382649
1 0.982835 0.0171651
1 0.994982 0.00501789
1 0.994867 0.00513305
3 0.0571695 0.94283
1 0.990907 0.00909348
1 0.994618 0.00538175
3 0.022618 0.977382
1 0.947282 0.052718
3 0.420099 0.579901
1 0.999993 7.36503e-06
3 0.0844987 0.915501
3 7.39499e-07 0.999999
3 0.161024 0.838976
3 0.442122 0.557878
3 0.000101173 0.999899
3 0.112899 0.887101
3 1.51278e-05 0.999985
1 0.877681 0.122319
1 0.999435 0.000564764
1 0.507206 0.492794
1 0.999969 3.05473e-05
3 0.00530849 0.994692
3 0.0404597 0.95954
1 0.999336 0.000663881
1 0.97553 0.0244697
3 0.379441 0.620559
1 0.98092 0.0190805
1 0.999111 0.000889461
1 0.985076 0.0149236
3 0.000345441 0.999655
1 0.640276 0.359724
1 0.999339 0.000660787
3 0.267795 0.732205
1 0.973077 0.0269232
3 0.365902 0.634098
3 1e-07 1
1 0.995645 0.00435478
1 0.997322 0.0026776
1 0.995819 0.00418126
1 0.942763 0.0572373
3 0.000111498 0.999889
1 0.865027 0.134973
1 0.820625 0.179375
1 0.999995 5.42982e-06
1 0.738037 0.261963
1 0.857058 0.142942
1 0.999999 5.20622e-07
1 0.983423 0.0165766
1 0.96852 0.0314804
3 0.000919353 0.999081
3 1.79529e-05 0.999982
1 0.978733 0.0212672
3 0.373879 0.626121
1 0.999912 8.75206e-05
3 0.339875 0.660125
1 0.895089 0.104911
1 0.992658 0.00734222
3 0.0187853 0.981215
3 0.00406225 0.995938
3 0.000100147 0.9999
1 0.998716 0.00128446
1 0.8186 0.1814
1 0.999601 0.00039913
1 0.992513 0.00748669
1 0.996607 0.00339304
1 0.997035 0.00296496
1 0.999998 2.00791e-06
1 0.644806 0.355194
3 1e-07 1
3 0.00201994 0.99798
1 0.820962 0.179038
1 0.932291 0.0677095
1 0.987611 0.0123889
1 0.940977 0.0590226
1 1 1e-07
1 0.965543 0.0344569
3 0.20258 0.79742
1 0.99556 0.00443953
3 0.278373 0.721627
1 0.937668 0.0623315
1 0.945727 0.054273
1 0.870814 0.129186
1 0.975948 0.0240517
1 0.907535 0.0924655
1 0.989612 0.010388
1 0.702048 0.297952
1 0.999706 0.000293814
3 0.000132837 0.999867
3 0.0679096 0.93209
1 0.882895 0.117105
1 0.82732 0.17268
3 0.0385938 0.961406
1 0.740867 0.259133
1 0.856582 0.143418
1 0.986823 0.0131773
1 0.587087 0.412913
1 0.982468 0.0175322
1 0.903335 0.0966646
1 0.947099 0.0529014
1 0.999593 0.000406802
1 0.994982 0.00501845
1 1 1e-07
1 0.958689 0.0413106
3 1e-07 1
1 0.984784 0.0152162
1 0.949229 0.0507714
1 0.97404 0.0259601
1 0.968937 0.0310629
1 0.926275 0.0737247
1 0.99439 0.00561006
1 0.819743 0.180257
3 0.0381187 0.961881
3 0.378064 0.621936
1 0.992748 0.00725241
1 0.987654 0.0123462
1 0.670671 0.329329
1 0.999517 0.00048279
1 0.998888 0.00111155
1 0.725157 0.274843
3 3.92516e-05 0.999961
1 1 1e-07
1 0.990406 0.00959353
1 0.965016 0.0349838
1 0.977802 0.0221978
3 0.00379002 0.99621
1 0.995204 0.00479556
1 0.993937 0.00606334
1 0.641474 0.358526
1 0.988448 0.0115525
1 0.999709 0.000291204
3 0.000490448 0.99951
1 0.991978 0.00802248
1 0.990759 0.00924148
3 0.000120765 0.999879
3 0.344962 0.655038
1 0.994036 0.00596438
1 0.81445 0.18555
1 0.927902 0.0720982
1 0.970905 0.0290946
1 0.999647 0.000352762
1 0.750476 0.249524
1 0.970437 0.0295635
1 0.958139 0.0418613
1 0.857804 0.142196
1 0.976754 0.0232456
1 0.994149 0.00585056
1 0.848888 0.151112
1 0.995584 0.00441632
1 0.978999 0.0210011
1 0.999514 0.00048557
3 0.002305 0.997695
1 0.887142 0.112858
3 0.317274 0.682726
3 0.24671 0.75329
3 0.211143 0.788857
1 0.828482 0.171518
3 0.318028 0.681972
1 0.961109 0.0388912
3 0.000157894 0.999842
1 0.980306 0.0196943
1 0.992082 0.00791825
1 0.997679 0.00232146
1 0.954547 0.045453
1 0.913912 0.0860876
1 0.951614 0.0483859
1 0.994849 0.00515117
1 0.622128 0.377872
1 0.95977 0.0402296
3 0.236037 0.763963
1 0.985091 0.0149088
1 0.999987 1.31255e-05
1 0.985326 0.0146737
1 0.927405 0.0725953
1 0.964913 0.035087
1 0.94929 0.05071
3 0.000170341 0.99983
1 0.999895 0.000105485
1 0.930441 0.0695589
1 0.988426 0.011574
1 0.79708 0.20292
1 0.991439 0.00856145
1 0.900126 0.0998738
1 0.957766 0.0422344
3 0.171915 0.828085
1 0.999995 5.41019e-06
1 0.637861 0.362139
1 0.99995 4.96768e-05
1 0.810552 0.189448
3 4.07365e-05 0.999959
1 0.890592 0.109408
1 0.975466 0.0245337
1 0.973811 0.0261893
1 0.931386 0.0686144
1 0.904405 0.095595
3 0.000705192 0.999295
1 0.990688 0.00931179
1 0.982915 0.0170847
1 0.94219 0.0578097
3 0.120585 0.879415
1 0.995016 0.00498373
1 0.994692 0.00530764
1 0.55276 0.44724
3 5.43333e-05 0.999946
1 0.997746 0.00225373
1 0.986747 0.0132533
1 0.995058 0.00494238
1 0.999998 1.59292e-06
1 0.997904 0.00209574
1 0.996106 0.00389355
1 0.923409 0.0765909
1 0.950998 0.0490019
1 0.944156 0.0558442
3 1e-07 1
1 0.956471 0.0435288
1 0.661285 0.338715
1 0.974945 0.0250548
3 1e-07 1
3 0.000847052 0.999153
1 0.719147 0.280853
3 0.000586125 0.999414
1 0.999988 1.17419e-05
1 0.996404 0.00359565
3 6.63737e-05 0.999934
1 0.750777 0.249223
1 0.999903 9.68014e-05
1 0.993792 0.00620789
1 0.989079 0.0109207
3 0.000918249 0.999082
1 0.969244 0.0307564
1 0.806364 0.193636
1 0.994688 0.00531243
1 0.961499 0.0385013
1 0.999969 3.07418e-05
3 0.00342118 0.996579
1 0.954157 0.0458427
1 0.996195 0.00380514
1 0.999265 0.000734901
1 0.924769 0.0752311
1 0.977866 0.022134
1 1 1e-07
1 0.994858 0.00514179
3 1e-07 1
3 1e-07 1
1 0.825999 0.174001
1 0.971607 0.0283927
1 0.780892 0.219108
3 0.000621051 0.999379
1 0.992728 0.00727224
3 6.30411e-06 0.999994
1 0.968287 0.0317133
3 0.00191515 0.998085
1 0.990756 0.00924445
1 0.995787 0.00421277
1 0.966532 0.0334676
1 0.992138 0.00786158
3 1.52491e-06 0.999998
1 0.976656 0.0233441
1 0.996008 0.00399219
1 0.992758 0.00724185
1 0.995407 0.00459327
3 1.60038e-06 0.999998
3 1.25675e-05 0.999987
3 0.000151838 0.999848
1 0.965228 0.0347719
1 0.999977 2.3142e-05
1 0.999981 1.91669e-05
1 0.994557 0.00544314
1 0.984651 0.0153492
3 0.431974 0.568026
3 0.00423724 0.995763
1 0.999975 2.49417e-05
1 0.908306 0.0916937
1 0.932905 0.0670951
1 0.732309 0.267691
3 0.000225391 0.999775
1 0.986243 0.0137572
3 4.52799e-05 0.999955
1 0.999998 2.32889e-06
1 0.996224 0.00377568
1 0.999938 6.24019e-05
1 0.878033 0.121967
1 0.979063 0.0209372
3 0.0112766 0.988723
1 0.996001 0.00399869
1 0.997188 0.00281163
3 0.00545963 0.99454
3 8.3683e-06 0.999992
1 0.980814 0.0191864
1 0.558949 0.441051
1 0.999995 4.8997e-06
1 0.945739 0.0542611
3 4.46351e-06 0.999996
1 0.965817 0.034183
3 0.167985 0.832015
1 0.99461 0.00538957
1 0.993957 0.006043
3 0.242652 0.757348
3 2.71802e-07 1
1 0.93175 0.0682495
3 0.00180915 0.998191
1 0.999994 5.59615e-06
1 0.969448 0.030552
1 0.988354 0.011646
1 0.99992 7.95669e-05
3 0.0353539 0.964646
1 0.973156 0.0268435
1 0.828703 0.171297
1 0.516563 0.483437
3 0.154495 0.845505
1 0.990345 0.00965544
1 0.993898 0.0061023
1 0.973788 0.026212
1 0.999993 7.30821e-06
1 0.990946 0.00905408
1 0.99973 0.000270292
3 1e-07 1
3 1e-07 1
1 0.942436 0.0575643
1 0.876046 0.123954
1 0.994211 0.00578891
1 0.994834 0.00516618
1 0.977882 0.0221184
3 2.7254e-07 1
1 0.960848 0.0391517
3 0.199428 0.800572
1 0.944464 0.055536
1 0.988485 0.0115154
1 0.995694 0.00430591
1 0.99258 0.00742011
1 0.983636 0.0163636
1 0.505268 0.494732
1 0.935363 0.0646371
1 0.704768 0.295232
3 1e-07 1
1 0.997016 0.00298442
1 0.834947 0.165053
3 0.00276663 0.997233
1 0.922848 0.0771519
1 0.999995 4.66895e-06
1 0.995877 0.00412263
3 0.443423 0.556577
1 0.994801 0.00519882
1 0.99447 0.00552968
1 0.977584 0.0224161
1 0.997809 0.00219142
3 0.000171933 0.999828
1 0.978085 0.0219146
1 0.88304 0.11696
1 0.996357 0.00364308
1 0.878152 0.121848
1 0.886527 0.113473
3 0.450135 0.549865
1 0.987847 0.0121533
3 0.00287494 0.997125
1 0.883997 0.116003
1 0.97477 0.0252296
3 0.336221 0.663779
1 0.996513 0.00348705
3 0.000130175 0.99987
3 0.0169054 0.983095
1 0.997802 0.00219809
1 0.79899 0.20101
1 0.952956 0.0470443
1 0.787045 0.212955
1 0.814154 0.185846
1 0.951778 0.0482216
1 0.990752 0.00924781
1 0.999439 0.000560973
1 0.996831 0.00316898
3 0.000112463 0.999888
3 0.00443525 0.995565
3 0.0247842 0.975216
1 0.799421 0.200579
1 0.991135 0.00886533
1 0.993681 0.00631881
1 0.818213 0.181787
1 0.999995 4.81966e-06
1 0.979812 0.0201881
3 0.000128314 0.999872
1 0.706357 0.293643
3 0.182335 0.817665
1 0.979389 0.0206111
3 3.905e-06 0.999996
1 0.972123 0.0278766
1 0.99928 0.00072023
1 0.972198 0.0278022
1 0.789086 0.210914
1 0.997892 0.00210848
1 0.883935 0.116065
3 0.000251469 0.999749
3 0.0786189 0.921381
3 0.00335755 0.996642
1 0.96937 0.0306296
3 0.000574356 0.999426
3 7.02629e-05 0.99993
1 0.994831 0.00516857
3 0.489834 0.510166
1 0.992579 0.00742053
3 0.000143093 0.999857
1 0.937679 0.0623208
1 0.999951 4.8819e-05
1 0.999998 2.22799e-06
1 0.988419 0.0115811
1 0.993358 0.00664167
1 0.998539 0.00146093
1 0.989665 0.0103347
1 0.998605 0.00139485
3 0.237651 0.762349
1 0.974072 0.025928
3 1e-07 1
3 1e-07 1
3 0.000760535 0.999239
1 0.763835 0.236165
1 0.997037 0.00296333
1 0.994832 0.00516791
1 0.915829 0.0841712
1 0.878049 0.121951
3 0.00126536 0.998735
1 0.999964 3.62204e-05
1 0.768872 0.231128
3 0.000251583 0.999748
3 0.239763 0.760237
1 0.982391 0.0176086
1 0.993776 0.00622412
3 0.00288219 0.997118
1 0.82598 0.17402
1 0.975494 0.0245056
1 0.982241 0.0177589
1 0.997899 0.00210141
3 0.34895 0.65105
1 0.994687 0.00531282
1 0.838361 0.161639
1 0.907011 0.0929886
3 1e-07 1
1 0.989351 0.0106494
1 0.930571 0.0694288
1 0.950069 0.0499314
3 0.000123376 0.999877
1 0.637655 0.362345
3 0.000248248 0.999752
1 0.998729 0.00127099
3 0.000696151 0.999304
3 0.0496941 0.950306
1 0.993473 0.00652704
3 0.150181 0.849819
1 0.995587 0.0044134
3 3.74482e-07 1
1 0.826578 0.173422
1 0.993423 0.00657728
3 0.000967639 0.999032
3 0.19233 0.80767
1 0.994751 0.00524891
3 4.57087e-06 0.999995
1 0.998568 0.00143223
1 0.946307 0.0536931
1 0.573054 0.426946
1 0.69288 0.30712
1 0.889503 0.110497
3 0.481528 0.518472
1 0.797867 0.202133
1 1 1e-07
1 0.953525 0.0464754
1 0.88117 0.11883
3 1e-07 1
1 0.979249 0.0207514
3 0.0444411 0.955559
1 0.979169 0.020831
1 0.943144 0.0568559
1 0.999596 0.000403789
3 0.25149 0.74851
1 0.903964 0.0960357
1 0.986384 0.0136164
1 0.999999 6.47977e-07
3 0.00118034 0.99882
1 0.830635 0.169365
1 0.989419 0.0105812
3 3.03063e-05 0.99997
1 0.709459 0.290541
1 0.985627 0.0143729
1 0.603227 0.396773
1 0.870629 0.129371
1 0.793757 0.206243
3 1.62628e-05 0.999984
1 0.999992 8.29494e-06
1 1 3.12671e-07
1 0.994437 0.00556251
1 0.973312 0.0266877
3 9.98826e-05 0.9999
1 0.99626 0.0037404
1 0.93768 0.0623196
1 0.948679 0.0513208
1 0.966638 0.0333623
3 3.27495e-06 0.999997
1 0.703685 0.296315
1 0.766736 0.233264
1 0.99833 0.00166995
3 2.99793e-05 0.99997
3 0.370278 0.629722
1 0.999861 0.000138818
3 0.252851 0.747149
1 0.967209 0.0327913
1 0.914211 0.0857895
1 0.950484 0.0495165
1 0.992476 0.00752373
1 0.983382 0.0166185
1 1 1e-07
1 0.879761 0.120239
1 0.916785 0.0832149
1 0.934927 0.0650726
3 0.261472 0.738528
3 0.0145731 0.985427
1 0.753111 0.246889
1 0.981335 0.0186653
1 0.99608 0.00392034
3 0.000152622 0.999847
1 0.743689 0.256311
3 1.76077e-06 0.999998
1 0.998041 0.00195925
1 0.981671 0.018329
1 0.994322 0.00567849
1 0.995425 0.00457486
1 0.847363 0.152637
1 0.968818 0.0311822
3 0.343094 0.656906
1 0.821534 0.178466
3 0.0914963 0.908504
1 0.984096 0.0159036
1 0.818527 0.181473
1 0.964467 0.0355328
1 0.999767 0.000232666
1 0.976311 0.0236894
1 0.959905 0.0400948
1 0.899125 0.100875
1 0.931137 0.0688631
3 0.000102591 0.999897
1 0.961554 0.0384456
1 0.926422 0.0735785
3 1e-07 1
1 0.974112 0.0258878
1 0.988286 0.0117136
3 0.00260812 0.997392
1 0.939647 0.0603532
3 0.37683 0.62317
1 0.994558 0.00544189
1 0.996496 0.00350382
1 0.998175 0.00182549
1 0.937609 0.0623914
3 1e-07 1
1 0.98263 0.0173702
1 0.985578 0.0144217
1 0.941788 0.0582119
1 0.586749 0.413251
1 0.984185 0.0158147
1 0.996357 0.00364334
1 0.957298 0.0427022
1 0.866661 0.133339
1 0.978358 0.0216418
3 0.00235249 0.997648
1 0.994047 0.00595299
3 2.99684e-05 0.99997
3 0.196939 0.803061
1 0.98861 0.0113901
1 0.943315 0.0566847
1 0.984056 0.0159443
1 0.990389 0.00961124
1 0.984924 0.015076
1 0.971492 0.0285079
1 0.996865 0.00313463
1 0.745041 0.254959
1 0.576514 0.423486
1 0.591988 0.408012
3 0.0653732 0.934627
3 0.00068358 0.999316
3 1e-07 1
3 7.45973e-05 0.999925
1 0.985436 0.0145642
1 0.999935 6.50964e-05
1 0.99246 0.00754005
1 0.989996 0.0100038
1 0.986578 0.013422
1 0.996288 0.00371241
1 0.990501 0.00949916
1 0.622276 0.377724
1 0.790551 0.209449
1 0.876894 0.123106
3 0.0385776 0.961422
1 0.860266 0.139734
1 0.989361 0.0106395
1 0.994809 0.00519054
1 0.995983 0.00401729
1 0.981384 0.018616
1 0.69424 0.30576
1 0.994545 0.00545532
1 0.837274 0.162726
3 0.000236768 0.999763
3 7.44721e-06 0.999993
3 0.00673666 0.993263
1 0.990565 0.00943505
1 0.962849 0.037151
1 0.999938 6.16136e-05
1 0.989939 0.0100606
1 0.991303 0.00869709
3 0.0792935 0.920707
1 0.993709 0.00629144
3 1.69058e-05 0.999983
1 0.994252 0.00574751
1 0.775433 0.224567
1 0.876422 0.123578
1 0.99838 0.00161973
1 0.879762 0.120238
1 0.981165 0.0188347
3 0.00144167 0.998558
1 1 1e-07
3 0.00459078 0.995409
1 0.983923 0.0160773
1 0.988288 0.0117123
1 0.992501 0.00749909
1 0.890396 0.109604
1 0.899087 0.100913
1 0.998354 0.00164581
3 0.00409153 0.995908
3 0.0308338 0.969166
3 0.0139141 0.986086
3 0.142774 0.857226
1 0.943128 0.0568716
1 0.902468 0.0975318
3 0.000144643 0.999855
1 0.938445 0.0615551
1 0.981802 0.0181983
1 0.557784 0.442216
1 0.97931 0.0206904
1 0.968322 0.0316782
3 0.193288 0.806712
1 0.688202 0.311798
1 0.989066 0.0109338
1 0.980817 0.0191829
1 0.998889 0.00111082
3 0.00229675 0.997703
1 0.822929 0.177071
1 0.999252 0.000747707
3 7.47239e-05 0.999925
1 0.98276 0.0172397
1 1 2.4553e-07
3 0.00176002 0.99824
1 0.957072 0.0429279
3 0.45318 0.54682
1 0.978514 0.0214855
1 0.974617 0.0253831
1 0.999097 0.000902754
1 0.986512 0.0134883
3 0.138414 0.861586
1 0.984691 0.015309
1 0.984904 0.0150957
1 0.989449 0.0105512
1 0.999215 0.000785108
1 0.990005 0.00999452
3 0.000700255 0.9993
1 0.996394 0.00360592
1 0.935922 0.0640778
1 0.961571 0.0384286
1 0.916683 0.0833166
1 0.9954 0.00459956
1 0.944476 0.0555245
1 0.970092 0.0299081
1 0.937147 0.0628533
1 0.988142 0.0118584
3 0.310611 0.689389
1 0.949995 0.0500048
1 0.981981 0.0180189
1 0.790809 0.209191
1 0.972065 0.027935
1 0.994377 0.00562314
1 0.702308 0.297692
1 1 2.7433e-07
1 0.995957 0.00404322
3 3.47539e-05 0.999965
1 0.981198 0.0188019
1 0.981944 0.0180561
3 0.000510023 0.99949
1 0.995577 0.00442281
1 0.994967 0.00503335
1 0.914908 0.085092
3 0.0115238 0.988476
1 0.813149 0.186851
3 0.0392076 0.960792
1 0.651881 0.348119
3 0.280616 0.719384
1 0.949924 0.0500763
1 0.999929 7.07289e-05
1 0.846485 0.153515
1 0.997521 0.00247942
1 0.823764 0.176236
1 0.999958 4.21852e-05
1 0.934519 0.0654811
1 0.965722 0.0342784
1 0.980193 0.0198066
1 0.93631 0.0636905
3 0.22877 0.77123
3 0.39423 0.60577
1 0.942733 0.0572672
3 0.000238961 0.999761
1 0.902901 0.0970985
3 0.00582213 0.994178
1 1 1e-07
3 0.000650593 0.999349
1 0.993701 0.00629903
1 0.994119 0.00588077
3 0.165539 0.834461
3 0.00344248 0.996558
3 0.113093 0.886907
1 0.925829 0.0741708
1 0.95594 0.0440599
1 0.996923 0.0030768
1 0.841485 0.158515
1 0.940078 0.0599216
3 0.48129 0.51871
1 0.996335 0.00366487
1 0.999999 1.06359e-06
3 0.000197539 0.999802
1 0.986785 0.0132153
1 0.959576 0.0404242
1 0.944788 0.0552119
3 0.0207093 0.979291
1 0.920702 0.0792977
3 3.67667e-05 0.999963
1 0.931004 0.0689955
3 0.13338 0.86662
1 0.940292 0.0597081
1 0.783894 0.216106
1 0.99512 0.00487964
1 0.926803 0.0731966
1 0.837628 0.162372
3 0.000871022 0.999129
3 0.000223431 0.999777
1 0.960538 0.0394615
1 0.937119 0.0628808
1 0.842388 0.157612
3 1.79741e-05 0.999982
1 0.999605 0.000395453
1 0.999999 8.83782e-07
1 0.90519 0.0948101
1 0.979547 0.0204531
3 1.25911e-06 0.999999
3 0.00859203 0.991408
3 1.14736e-06 0.999999
3 0.080292 0.919708
3 0.00144616 0.998554
1 0.99077 0.00923033
1 0.978937 0.0210627
1 0.986483 0.0135174
3 0.391339 0.608661
1 0.98397 0.0160297
1 0.855718 0.144282
1 0.979112 0.0208876
3 1e-07 1
1 0.861458 0.138542
1 0.985894 0.0141058
1 0.990396 0.00960356
1 0.998682 0.0013184
1 0.954975 0.0450253
1 0.997628 0.0023723
1 0.986878 0.0131225
1 0.978546 0.0214541
1 0.962548 0.0374523
3 2.41145e-05 0.999976
3 0.00209186 0.997908
1 0.987441 0.0125587
1 0.997037 0.00296345
1 0.624607 0.375393
1 0.949614 0.0503857
1 1 1e-07
3 0.0818884 0.918112
1 0.995032 0.00496807
1 0.827933 0.172067
3 0.105747 0.894253
1 0.991913 0.00808725
1 0.995135 0.00486528
1 0.948009 0.0519907
1 0.969428 0.0305717
1 0.991597 0.00840302
1 0.837795 0.162205
1 0.979847 0.0201532
1 0.621899 0.378101
1 0.992478 0.00752227
1 1 1e-07
1 0.991852 0.00814782
3 0.219985 0.780015
1 0.972719 0.0272806
1 0.996014 0.00398566
3 0.00117511 0.998825
3 2.87944e-05 0.999971
3 1e-07 1
1 0.995951 0.00404939
1 0.779006 0.220994
1 0.731182 0.268818
1 1 1e-07
1 0.993211 0.0067888
1 0.972232 0.0277683
3 0.00021362 0.999786
1 0.999949 5.09543e-05
1 0.9435 0.0564996
1 0.987194 0.0128063
3 0.00157027 0.99843
1 0.973152 0.0268478
1 0.971607 0.0283931
1 0.972581 0.0274191
1 0.99034 0.00966047
1 0.999941 5.91844e-05
1 0.995483 0.00451665
3 0.368297 0.631703
1 1 1.92667e-07
3 0.492816 0.507184
1 0.835535 0.164465
3 0.0331973 0.966803
3 0.00122422 0.998776
1 0.993135 0.0068653
1 0.998082 0.00191811
1 0.999949 5.10343e-05
1 0.927936 0.0720639
3 8.95078e-06 0.999991
3 0.162138 0.837862
3 0.0577158 0.942284
3 0.0833131 0.916687
1 0.990393 0.00960727
1 0.881102 0.118898
1 0.987336 0.0126635
1 0.830888 0.169112
1 0.982996 0.017004
1 0.842318 0.157682
