labels 10 3
10 1 1e-07
10 1 1e-07
10 1 1e-07
10 1 1e-07
10 1 3.37819e-07
10 0.999999 1.02692e-06
10 1 1e-07
10 0.639562 0.360438
10 0.999982 1.75261e-05
10 1 1e-07
10 1 1e-07
10 1 1e-07
10 0.999983 1.7447e-05
10 1 1e-07
10 0.999867 0.000133049
10 1 1e-07
3 0.000604615 0.999395
10 0.923453 0.076547
10 1 1e-07
10 0.999965 3.49318e-05
10 0.999995 5.2607e-06
10 1 1e-07
10 1 1e-07
10 1 1e-07
10 1 1.17532e-07
10 1 1e-07
10 1 1e-07
10 1 1e-07
10 0.999844 0.000155621
10 1 1e-07
10 0.99763 0.00237021
3 0.000826568 0.999173
10 1 1e-07
10 1 1e-07
10 1 1e-07
10 1 1e-07
10 0.999999 1.28966e-06
10 1 1e-07
10 0.999995 4.60318e-06
10 1 1e-07
10 1 1e-07
10 1 1e-07
10 1 1e-07
10 1 1e-07
10 1 1e-07
10 0.999988 1.23757e-05
10 1 1e-07
10 1 1e-07
10 1 1e-07
10 1 1e-07
10 1 1e-07
10 0.986715 0.0132849
10 0.99933 0.000669553
10 1 1e-07
10 0.999999 1.15534e-06
10 0.999998 2.04776e-06
10 1 1e-07
10 0.999982 1.77705e-05
10 1 1e-07
10 1 1e-07
10 1 1e-07
10 1 1e-07
10 1 2.97259e-07
10 0.998407 0.00159251
10 1 1e-07
10 1 1e-07
10 1 1e-07
10 1 1e-07
3 0.00166855 0.998331
3 3.91167e-05 0.999961
10 1 1e-07
3 0.00105603 0.998944
10 1 1e-07
10 1 1e-07
3 0.0954448 0.904555
10 1 1e-07
10 1 1e-07
10 1 1e-07
10 1 1e-07
10 1 1e-07
10 1 1e-07
10 1 1e-07
10 1 1e-07
10 0.999999 5.32227e-07
10 0.999999 1.07411e-06
10 1 1e-07
10 1 1.1515e-07
10 1 1e-07
10 1 1e-07
10 1 1e-07
10 1 1e-07
10 1 1e-07
3 0.000507121 0.999493
10 1 1e-07
10 1 1e-07
10 0.99989 0.000109997
10 1 1e-07
10 1 1e-07
10 1 1e-07
10 0.999683 0.000316573
10 1 1e-07
10 1 1e-07
10 1 1e-07
10 1 1e-07
10 1 1e-07
10 1 1e-07
10 0.999316 0.000683524
10 1 1e-07
3 0.000164187 0.999836
10 1 1e-07
10 1 4.39796e-07
3 0.001321 0.998679
10 1 1e-07
10 1 1e-07
10 1 1e-07
10 1 1e-07
10 1 1e-07
3 0.000508877 0.999491
10 1 1e-07
10 1 1e-07
10 1 1e-07
10 1 1e-07
10 1 1e-07
3 0.0411453 0.958855
10 1 1e-07
10 0.999898 0.000101633
10 1 1e-07
10 1 1e-07
10 1 1e-07
10 1 1e-07
10 1 1e-07
3 0.00816624 0.991834
10 1 1e-07
10 1 1.51167e-07
10 1 1e-07
10 0.999843 0.000156996
10 1 4.32406e-07
10 1 1e-07
10 1 1e-07
10 0.999807 0.000193169
10 1 1e-07
3 0.050913 0.949087
10 1 1.41674e-07
10 1 1e-07
10 1 1e-07
10 0.999999 9.05646e-07
10 0.999787 0.00021283
10 0.999992 7.79985e-06
10 0.999853 0.000146511
10 1 1e-07
10 1 1e-07
10 0.999991 9.27573e-06
10 1 1e-07
10 0.999997 2.55926e-06
10 1 1.13092e-07
10 1 1e-07
10 1 1e-07
10 1 4.29906e-07
10 1 1e-07
10 0.999976 2.3616e-05
10 1 2.41991e-07
10 0.961396 0.0386037
10 0.997949 0.00205119
10 1 1e-07
10 0.992041 0.00795921
10 1 1e-07
10 0.999613 0.000387421
3 0.0492726 0.950727
10 1 1e-07
10 0.998209 0.00179111
10 0.999696 0.00030447
10 1 1e-07
10 0.998369 0.00163146
10 0.99867 0.00133033
10 1 1e-07
10 1 1e-07
3 0.000143455 0.999857
10 1 1.79361e-07
10 1 1e-07
10 1 1e-07
10 1 1e-07
10 0.999997 2.92677e-06
10 1 1e-07
10 1 1e-07
10 0.999622 0.000378125
10 1 1e-07
10 1 1e-07
10 1 1e-07
10 1 1e-07
10 1 1e-07
10 1 1e-07
10 1 1.29742e-07
10 1 1e-07
10 1 1e-07
10 0.999998 2.41085e-06
10 1 1e-07
10 1 1e-07
3 0.0441093 0.955891
10 1 1e-07
10 0.999995 4.92834e-06
10 1 1e-07
10 1 1e-07
10 1 1e-07
10 1 1e-07
10 1 1e-07
10 1 1e-07
10 1 1e-07
10 0.999628 0.000371818
10 1 1e-07
10 1 1e-07
10 1 1.20175e-07
10 1 1e-07
10 1 1e-07
3 0.00333179 0.996668
10 1 1e-07
10 1 1e-07
10 0.999768 0.000232338
10 1 1e-07
10 1 1e-07
10 1 3.07486e-07
10 1 1e-07
10 0.999957 4.26747e-05
10 1 1e-07
10 1 1e-07
10 1 1e-07
10 1 1e-07
10 1 1e-07
10 1 1e-07
10 0.999999 5.01788e-07
10 1 1e-07
10 0.999999 1.23033e-06
10 1 1e-07
10 1 1e-07
10 1 1e-07
10 0.999999 5.45582e-07
3 0.00376095 0.996239
10 1 3.6004e-07
10 1 1e-07
10 1 1e-07
10 0.999999 6.3356e-07
10 1 1e-07
10 1 1e-07
10 1 1e-07
10 0.906995 0.0930052
3 3.59189e-05 0.999964
10 1 1e-07
10 1 1e-07
10 1 1e-07
10 0.999558 0.000441728
10 1 1e-07
10 1 1.65718e-07
3 0.00283199 0.997168
10 1 1e-07
10 1 3.13362e-07
10 1 1e-07
10 1 1e-07
10 1 1e-07
10 0.999976 2.44514e-05
10 1 1e-07
10 1 1e-07
10 1 1e-07
10 1 1e-07
10 1 1e-07
10 1 1e-07
10 1 1e-07
10 1 1e-07
10 0.999596 0.000403543
10 1 1e-07
10 1 1e-07
10 1 1e-07
10 1 1e-07
10 0.999999 1.02726e-06
10 1 1e-07
10 1 1e-07
10 1 1e-07
10 0.999983 1.70702e-05
10 1 1e-07
10 1 1e-07
10 1 1e-07
10 0.99984 0.000159963
10 1 1e-07
10 1 1e-07
10 1 4.27705e-07
10 0.999941 5.93322e-05
10 1 1e-07
10 1 1e-07
10 1 1e-07
10 1 1e-07
3 0.000214964 0.999785
10 1 1e-07
3 0.000165114 0.999835
10 1 1e-07
10 1 1e-07
10 0.999343 0.000656513
3 5.01626e-05 0.99995
10 1 1e-07
10 1 1e-07
10 1 1e-07
10 1 1e-07
3 0.00197441 0.998026
10 0.985177 0.0148225
10 1 1e-07
10 1 1e-07
10 1 1e-07
10 1 1e-07
10 0.999993 7.07553e-06
10 1 1e-07
10 1 1e-07
10 1 4.59629e-07
10 0.999999 1.04476e-06
10 1 1e-07
10 0.9999 0.000100273
3 0.00420921 0.995791
10 1 1e-07
10 0.999418 0.000582268
10 1 1e-07
10 1 1e-07
10 1 1e-07
10 1 1e-07
10 1 1.67259e-07
3 0.000202982 0.999797
10 1 1e-07
10 1 1e-07
10 0.995302 0.00469791
10 1 1e-07
10 1 1e-07
10 1 1e-07
10 1 1e-07
10 1 1e-07
10 1 1e-07
3 0.00112359 0.998876
10 0.999691 0.000309042
10 1 1e-07
10 1 1.38166e-07
10 1 1e-07
10 0.999649 0.000350869
10 0.999907 9.29272e-05
10 0.999563 0.000437064
10 1 1e-07
10 1 1e-07
10 1 1e-07
10 0.999455 0.000545417
10 1 1e-07
10 1 1e-07
10 1 1e-07
10 1 1e-07
10 1 1e-07
10 1 1.03398e-07
3 0.000153112 0.999847
10 1 1e-07
10 1 1e-07
10 1 1e-07
10 0.997057 0.00294321
10 0.992006 0.00799447
10 1 1e-07
10 1 1e-07
10 1 1e-07
10 0.999998 2.34567e-06
10 1 1e-07
10 1 1e-07
3 0.00200849 0.997992
10 0.999985 1.49029e-05
10 1 1e-07
10 1 2.76178e-07
10 0.999927 7.32727e-05
10 1 1e-07
10 1 1e-07
10 1 1e-07
10 1 1e-07
10 1 1e-07
10 1 4.70289e-07
10 1 1e-07
10 0.999996 3.66928e-06
10 0.998343 0.00165724
10 1 3.92191e-07
10 1 1e-07
10 1 1e-07
10 1 1e-07
10 0.999998 2.05675e-06
10 1 1e-07
10 1 1e-07
10 0.999929 7.09235e-05
10 1 1e-07
10 1 1e-07
10 1 1e-07
10 0.999996 3.83468e-06
10 1 1e-07
10 1 1e-07
10 0.999909 9.07717e-05
10 0.99985 0.000149566
10 1 1e-07
10 1 1e-07
10 1 1e-07
10 1 1e-07
10 0.99994 6.04779e-05
10 1 1e-07
10 0.999924 7.5573e-05
10 1 2.10595e-07
10 0.999928 7.21122e-05
10 1 1e-07
10 1 1e-07
10 1 1e-07
10 0.98936 0.0106401
10 0.922219 0.0777815
10 1 1e-07
3 0.0693447 0.930655
10 1 1e-07
10 1 1e-07
10 1 1e-07
3 0.000194886 0.999805
10 0.997203 0.00279709
3 0.0388881 0.961112
10 0.999998 1.66944e-06
10 1 1e-07
10 0.974315 0.0256853
10 1 1e-07
10 1 1e-07
10 1 1e-07
10 0.99999 1.02481e-05
10 0.999995 5.01436e-06
10 1 1e-07
10 0.999963 3.66104e-05
10 1 1e-07
3 0.000193047 0.999807
10 1 1e-07
10 1 1e-07
10 1 1e-07
10 0.999948 5.19061e-05
10 0.999966 3.35666e-05
10 1 1e-07
10 1 1e-07
10 1 1e-07
10 1 1e-07
10 1 1e-07
10 1 1e-07
10 0.999985 1.47593e-05
10 1 1e-07
10 1 1e-07
10 1 1e-07
10 1 1e-07
10 1 1e-07
3 0.421259 0.578741
3 0.0122296 0.98777
10 1 1e-07
10 1 1e-07
10 1 1e-07
10 1 1e-07
10 1 1e-07
10 0.552966 0.447034
10 1 1e-07
10 1 1e-07
10 1 1.4593e-07
3 0.00984598 0.990154
10 1 1e-07
10 1 1e-07
10 0.999966 3.38238e-05
10 1 1e-07
10 0.999982 1.7971e-05
10 0.999921 7.86496e-05
10 1 1e-07
10 1 1e-07
3 0.0028452 0.997155
3 0.00101581 0.998984
10 1 1e-07
10 0.999979 2.09763e-05
10 0.999962 3.78821e-05
10 1 1e-07
10 1 1e-07
10 1 1e-07
10 1 1e-07
10 1 3.19952e-07
10 0.998387 0.00161294
10 1 1e-07
10 1 1e-07
10 1 1e-07
10 0.999996 4.10273e-06
10 1 1e-07
10 1 1e-07
10 1 1.29739e-07
3 0.000252773 0.999747
10 1 1e-07
10 1 1e-07
10 1 1e-07
10 1 1e-07
3 0.0366358 0.963364
10 1 1e-07
10 1 1e-07
10 1 1e-07
3 0.00214675 0.997853
10 0.999698 0.000302478
10 0.979846 0.0201544
10 1 1e-07
10 0.999732 0.000267862
10 1 1e-07
3 7.01548e-05 0.99993
10 1 3.27069e-07
3 0.00991309 0.990087
10 0.999946 5.35272e-05
10 1 3.0547e-07
10 1 1e-07
10 0.999909 9.14109e-05
10 0.999996 4.47976e-06
3 0.0112609 0.988739
10 1 4.10817e-07
10 0.999998 2.48312e-06
10 1 1e-07
10 1 1e-07
10 1 1e-07
10 1 1e-07
10 1 1e-07
10 1 1e-07
10 0.999987 1.25265e-05
10 0.999996 3.7979e-06
10 1 2.64691e-07
10 0.999736 0.000264042
10 0.999588 0.000411919
10 1 1e-07
10 1 1e-07
10 1 1.3302e-07
10 1 1e-07
10 1 1e-07
10 1 1e-07
10 0.999991 9.26634e-06
10 1 1e-07
10 1 1e-07
10 1 1e-07
10 1 1e-07
10 0.999992 8.17967e-06
10 0.867353 0.132647
10 1 1e-07
10 1 1e-07
10 1 1e-07
10 1 1e-07
10 0.999738 0.000261931
10 0.998169 0.00183052
10 1 1e-07
10 1 1e-07
10 1 1e-07
10 1 1e-07
10 0.999986 1.3623e-05
10 1 1e-07
10 1 2.23252e-07
10 1 1e-07
10 0.999999 7.73213e-07
10 1 1e-07
10 0.999988 1.17867e-05
10 1 1e-07
3 0.0128712 0.987129
10 1 1e-07
10 1 1e-07
10 0.999995 5.18717e-06
10 1 1e-07
10 1 1e-07
10 1 1e-07
10 1 2.74519e-07
10 1 1e-07
10 1 1e-07
10 1 1e-07
10 1 1e-07
10 1 1e-07
10 1 1e-07
10 1 1e-07
10 1 1e-07
10 1 1e-07
10 1 1e-07
10 1 1e-07
10 0.999998 2.08239e-06
10 1 1e-07
10 0.998717 0.00128274
10 0.999979 2.05766e-05
3 8.79089e-05 0.999912
10 1 1e-07
10 1 1e-07
10 0.999999 5.0287e-07
10 1 1e-07
3 0.000910535 0.999089
3 0.000175551 0.999824
10 1 1e-07
10 0.999997 2.84345e-06
10 0.999973 2.74566e-05
10 0.999961 3.88688e-05
10 0.811278 0.188722
10 1 1e-07
10 1 1e-07
10 1 1e-07
10 0.999997 2.63479e-06
10 1 1e-07
10 1 1e-07
10 1 1e-07
10 0.999985 1.54067e-05
3 0.00202268 0.997977
10 1 1e-07
10 1 1e-07
10 0.999986 1.41537e-05
10 0.999984 1.64487e-05
10 1 1e-07
10 1 1e-07
10 1 1e-07
10 1 1e-07
10 1 1e-07
10 1 1e-07
10 1 1e-07
10 1 1e-07
10 1 1e-07
10 0.999997 2.5002e-06
3 0.0111101 0.98889
3 0.000160454 0.99984
10 1 1.91364e-07
10 0.9998 0.000199938
10 1 1e-07
10 0.999982 1.84448e-05
10 1 1e-07
10 1 1e-07
10 1 1e-07
10 1 1e-07
10 1 1e-07
10 0.999996 4.04093e-06
10 0.999897 0.000103395
10 1 1e-07
10 1 1e-07
10 1 1e-07
10 1 1e-07
10 1 1e-07
10 1 1e-07
10 1 1e-07
10 1 1e-07
10 1 1e-07
10 0.999999 1.16514e-06
10 0.990066 0.00993408
10 1 1e-07
10 1 1.89601e-07
10 1 1e-07
10 1 1e-07
10 1 1e-07
10 0.999998 1.80407e-06
10 1 1e-07
10 1 1e-07
10 1 1e-07
10 1 1e-07
10 1 1e-07
10 1 1e-07
10 1 1e-07
10 1 1e-07
3 0.000170587 0.999829
10 0.834717 0.165283
10 1 1e-07
10 1 1e-07
10 1 1e-07
3 0.00339024 0.99661
10 1 1e-07
10 1 1e-07
10 1 1e-07
10 1 1e-07
10 1 1e-07
10 1 1e-07
10 0.999997 3.12539e-06
10 1 1.00754e-07
10 0.999945 5.5352e-05
10 1 1e-07
10 1 1e-07
10 1 1e-07
10 1 1e-07
10 1 1e-07
10 1 1e-07
10 1 1e-07
10 1 1e-07
10 1 1e-07
10 1 1e-07
10 1 1e-07
10 1 1e-07
10 1 1e-07
10 1 1e-07
10 0.999998 1.78344e-06
10 1 1e-07
10 1 1e-07
10 1 1e-07
10 1 1e-07
10 1 1e-07
10 1 1e-07
10 1 1e-07
10 1 1e-07
3 0.0431636 0.956836
10 1 1e-07
10 0.9809 0.0190996
10 1 1e-07
10 1 1e-07
10 0.635915 0.364085
10 0.999994 6.24564e-06
10 0.999996 4.41032e-06
10 1 1e-07
3 0.00106071 0.998939
10 0.999969 3.0855e-05
10 0.998685 0.00131468
10 1 1e-07
10 1 1e-07
10 1 1e-07
10 1 1e-07
3 3.4848e-05 0.999965
10 0.999999 6.3149e-07
3 0.00130149 0.998699
10 0.999134 0.000866449
10 1 1e-07
10 1 1e-07
10 1 1e-07
10 1 1e-07
10 1 1e-07
10 1 1e-07
10 0.999983 1.70416e-05
10 1 1e-07
10 1 1e-07
10 1 1e-07
10 1 1e-07
10 1 1e-07
10 0.999999 5.43035e-07
10 1 1e-07
10 0.999995 4.52697e-06
10 0.999997 2.62535e-06
10 1 1e-07
10 1 1e-07
3 0.000140721 0.999859
10 1 1e-07
10 1 1e-07
10 0.99999 1.04851e-05
10 1 1e-07
10 1 1e-07
10 0.999981 1.87424e-05
10 1 1e-07
10 1 1e-07
10 0.997942 0.00205801
10 1 1e-07
10 1 1e-07
10 1 1e-07
10 1 1e-07
10 1 1e-07
10 0.999999 5.82117e-07
10 1 1e-07
10 0.999969 3.12567e-05
10 1 1e-07
10 1 1e-07
10 1 2.13103e-07
10 0.999985 1.46169e-05
10 1 1e-07
10 1 3.79614e-07
10 1 1e-07
10 1 1e-07
10 1 1e-07
10 1 1e-07
10 0.999887 0.000112773
10 1 1e-07
10 1 1e-07
10 1 1e-07
10 1 1e-07
10 0.99961 0.000389902
10 1 1e-07
10 0.998956 0.00104415
10 1 1e-07
3 9.05912e-05 0.999909
10 1 1e-07
10 0.999866 0.0001345
10 0.99993 7.00879e-05
10 0.99931 0.000689535
10 0.999998 2.14881e-06
10 0.887187 0.112813
10 1 1e-07
10 0.999999 1.08166e-06
10 1 1e-07
3 0.000353133 0.999647
10 1 1e-07
10 1 1e-07
3 0.000608797 0.999391
10 1 1e-07
10 0.996451 0.00354868
10 1 1e-07
10 0.99997 2.99765e-05
10 1 1e-07
10 1 2.92447e-07
10 1 1e-07
10 1 1e-07
10 1 1e-07
10 0.999981 1.859e-05
10 1 1e-07
10 1 1e-07
10 1 1e-07
10 1 3.9616e-07
10 0.999999 1.21136e-06
10 1 1e-07
10 1 1e-07
3 0.0352772 0.964723
10 1 1e-07
10 0.648075 0.351925
10 0.999978 2.22208e-05
10 1 1e-07
10 1 1e-07
10 1 1e-07
10 1 1e-07
10 1 1e-07
10 1 1e-07
10 1 1e-07
10 1 1e-07
10 1 1e-07
10 1 1e-07
10 0.999999 5.22924e-07
10 1 1e-07
10 1 1e-07
10 0.999999 1.17705e-06
10 0.999998 1.86713e-06
10 1 1e-07
10 1 1e-07
3 6.14886e-05 0.999939
10 1 1e-07
10 1 1e-07
10 1 1e-07
10 0.999597 0.00040285
3 0.0143416 0.985658
10 1 1e-07
10 1 1e-07
10 1 1e-07
3 0.000220698 0.999779
10 1 1.66938e-07
10 1 1e-07
10 0.999999 7.4087e-07
10 1 1e-07
10 1 1e-07
10 1 1e-07
10 0.999948 5.23641e-05
10 0.999957 4.31505e-05
10 0.999991 9.09308e-06
10 0.991525 0.0084753
10 1 1e-07
10 0.999996 4.19817e-06
10 0.994662 0.0053381
10 1 1e-07
10 1 1e-07
10 1 2.40153e-07
10 1 1e-07
10 1 1e-07
10 1 1e-07
10 0.999928 7.20239e-05
10 1 1e-07
10 0.999998 2.07485e-06
10 1 1e-07
10 1 1e-07
10 1 1e-07
10 1 1e-07
10 1 1e-07
10 1 1e-07
3 0.00603441 0.993966
10 1 1e-07
10 1 1e-07
10 1 1e-07
10 1 3.07755e-07
10 1 1e-07
3 0.00473982 0.99526
10 1 1e-07
10 0.927054 0.0729457
10 1 1e-07
10 1 1e-07
10 1 1e-07
10 1 1e-07
3 0.00647174 0.993528
10 1 1e-07
10 1 1e-07
10 0.99906 0.00094047
10 1 1e-07
10 1 1e-07
10 1 1e-07
10 1 1e-07
10 1 1e-07
10 1 1e-07
10 1 1e-07
3 0.0153838 0.984616
10 1 1e-07
3 0.0014343 0.998566
10 0.999973 2.70721e-05
10 0.999751 0.000248525
10 1 1e-07
10 1 1e-07
10 1 1e-07
10 1 2.66481e-07
10 1 1e-07
10 1 1e-07
10 0.999996 4.22105e-06
10 1 1e-07
10 1 1e-07
10 1 1e-07
10 1 1e-07
10 1 1.73385e-07
10 0.999982 1.78217e-05
10 0.99992 8.04034e-05
10 1 1e-07
10 1 1e-07
10 1 1e-07
10 1 1e-07
10 1 1e-07
10 1 1e-07
10 1 1e-07
10 1 1e-07
3 9.03112e-05 0.99991
10 0.999995 5.23714e-06
10 0.999999 1.11779e-06
10 1 1e-07
10 0.999998 1.53081e-06
10 1 1e-07
3 6.42837e-05 0.999936
10 0.999998 1.60938e-06
10 1 1e-07
10 1 1e-07
10 1 1e-07
10 1 1e-07
10 1 1.213e-07
10 1 1e-07
3 0.000191989 0.999808
10 0.999999 1.39252e-06
10 1 1.16619e-07
3 0.00603888 0.993961
10 0.996122 0.00387755
3 0.00126667 0.998733
10 0.999998 1.64005e-06
10 1 1e-07
10 0.999598 0.000401883
10 1 1e-07
10 1 1e-07
10 1 1e-07
10 1 1e-07
10 1 1e-07
10 1 1e-07
10 1 1e-07
3 4.85672e-06 0.999995
3 7.91222e-05 0.999921
10 1 1e-07
10 0.993111 0.00688917
10 1 1e-07
10 1 1e-07
10 1 1.21536e-07
3 4.35376e-05 0.999956
10 1 4.23976e-07
3 1.62388e-05 0.999984
3 0.0176161 0.982384
10 0.996008 0.00399242
10 1 2.19184e-07
10 1 1e-07
10 1 1e-07
10 1 3.67749e-07
10 1 1e-07
10 1 1e-07
10 1 1e-07
10 1 1e-07
10 0.999998 1.51961e-06
10 1 1e-07
10 0.999999 9.97855e-07
10 1 1e-07
10 1 4.19094e-07
10 0.999964 3.5766e-05
10 1 1e-07
10 1 1e-07
3 0.000702093 0.999298
10 1 1e-07
10 0.999995 4.60692e-06
10 1 1e-07
10 1 1e-07
10 0.999878 0.000122077
10 0.999999 8.96471e-07
10 1 1e-07
10 1 1e-07
10 1 1e-07
10 0.999997 3.29952e-06
10 1 1e-07
10 1 1e-07
10 0.999848 0.000152105
10 1 1e-07
10 1 2.32854e-07
10 1 1e-07
10 0.999998 2.3562e-06
10 0.999999 1.23962e-06
10 1 1e-07
10 0.999999 5.3015e-07
10 1 1e-07
10 1 1e-07
10 0.999998 2.09772e-06
10 1 1e-07
10 1 1e-07
3 0.000282327 0.999718
10 1 1e-07
10 1 1e-07
10 1 1e-07
10 0.999452 0.00054802
10 1 1e-07
10 0.999999 1.32987e-06
3 0.0309506 0.969049
10 1 1e-07
10 1 2.83831e-07
10 1 1e-07
10 1 1e-07
10 1 1e-07
10 1 1e-07
10 1 1e-07
3 0.0147265 0.985274
10 1 3.00897e-07
10 0.999999 1.26277e-06
10 1 1e-07
10 1 1e-07
10 1 1e-07
10 0.999999 5.6626e-07
10 1 1.07266e-07
3 0.000137362 0.999863
10 1 1e-07
10 0.999654 0.00034556
10 1 1e-07
10 1 1e-07
10 1 1e-07
10 0.999999 5.01209e-07
10 1 1e-07
10 0.999998 1.76988e-06
3 0.00151193 0.998488
3 0.0120812 0.987919
3 0.000276639 0.999723
10 1 1e-07
10 0.99998 1.96157e-05
10 1 1e-07
10 1 1e-07
10 1 1e-07
10 1 1e-07
10 1 1e-07
10 1 1e-07
10 0.999997 3.371e-06
10 0.999882 0.000118232
10 1 1e-07
10 1 1e-07
10 1 1e-07
3 0.0771078 0.922892
3 0.00560388 0.994396
10 0.999927 7.32582e-05
10 1 1e-07
10 0.999997 2.67929e-06
10 1 1e-07
10 1 1e-07
10 0.999999 5.79109e-07
10 1 1.76207e-07
10 0.99999 9.75115e-06
10 0.999999 1.18038e-06
10 0.999996 4.27731e-06
10 1 1e-07
10 0.99974 0.000260278
10 1 1e-07
10 1 1e-07
10 1 1e-07
10 0.999564 0.000436048
3 0.00102907 0.998971
10 1 1e-07
10 0.999976 2.37835e-05
10 0.999983 1.73322e-05
10 1 1e-07
10 1 1e-07
10 1 1e-07
10 1 1e-07
10 1 1e-07
10 0.998292 0.00170831
10 1 1e-07
10 0.999901 9.89578e-05
10 1 1e-07
3 2.89131e-05 0.999971
10 1 1e-07
3 0.00160387 0.998396
10 1 1e-07
10 1 1e-07
10 1 1e-07
10 1 1e-07
10 0.553586 0.446414
10 1 1e-07
10 1 1e-07
10 0.998379 0.00162071
10 1 1e-07
10 1 1e-07
10 1 1e-07
10 1 1e-07
10 1 1e-07
10 1 1e-07
10 1 1e-07
10 1 1e-07
3 0.000115215 0.999885
10 1 1e-07
10 1 1e-07
10 1 1e-07
10 1 1e-07
10 0.999994 5.86187e-06
10 0.99403 0.00597047
10 1 1e-07
10 1 1e-07
10 1 1e-07
10 0.999961 3.87794e-05
10 1 1e-07
10 1 1e-07
10 1 1e-07
10 0.999997 2.98613e-06
10 1 1e-07
10 0.99999 1.03484e-05
10 1 1e-07
10 0.998582 0.00141805
10 0.999794 0.000206286
10 1 1e-07
10 1 1e-07
10 1 1e-07
10 0.999979 2.12559e-05
10 1 1e-07
10 1 1e-07
3 0.0501148 0.949885
10 1 1e-07
10 1 1e-07
10 1 2.164e-07
10 0.999997 2.5486e-06
10 1 1e-07
10 1 1e-07
10 1 1e-07
10 1 2.1494e-07
10 1 1e-07
10 1 1e-07
10 1 1e-07
10 1 1e-07
10 0.985043 0.0149571
10 1 1e-07
10 0.999955 4.46468e-05
10 1 1e-07
10 1 1e-07
10 0.975214 0.0247861
10 0.999992 7.59272e-06
10 1 1e-07
10 1 1e-07
10 1 1e-07
10 0.669048 0.330952
10 1 1e-07
10 0.999947 5.2607e-05
3 0.0328148 0.967185
3 0.0300895 0.96991
10 0.999984 1.59096e-05
10 1 1e-07
10 1 1e-07
3 0.0138421 0.986158
10 1 1e-07
10 1 1e-07
10 1 1e-07
10 1 1e-07
10 1 1e-07
10 1 1e-07
3 0.00200831 0.997992
10 0.999913 8.73592e-05
10 1 1e-07
10 1 1e-07
10 0.997301 0.00269854
10 1 1e-07
10 1 1e-07
10 0.999977 2.32291e-05
10 1 1e-07
10 1 1e-07
10 1 1e-07
10 1 1e-07
10 1 1e-07
10 1 1e-07
10 0.999998 2.4028e-06
10 1 1e-07
10 1 1e-07
10 0.999999 6.20087e-07
10 1 1e-07
3 0.00491224 0.995088
3 0.010558 0.989442
10 0.999953 4.70492e-05
3 5.78958e-05 0.999942
10 1 1e-07
10 1 1e-07
10 1 1e-07
10 1 1e-07
10 1 1e-07
10 1 1e-07
10 1 1.36179e-07
10 1 1e-07
10 0.999991 9.07379e-06
10 1 1e-07
10 1 1e-07
10 1 1e-07
10 1 1e-07
10 1 1e-07
10 0.999958 4.23672e-05
10 1 1e-07
10 1 1e-07
10 1 1e-07
10 1 1e-07
10 1 1e-07
10 0.999999 7.39963e-07
10 1 1e-07
10 0.999999 7.9519e-07
3 0.0107172 0.989283
10 1 1e-07
10 1 1e-07
10 0.997219 0.00278112
3 3.47729e-05 0.999965
10 1 1e-07
10 1 1e-07
10 1 1e-07
3 0.000638165 0.999362
10 1 1e-07
10 0.999999 5.66332e-07
10 1 1e-07
10 0.999983 1.6783e-05
10 1 1e-07
10 1 1.35886e-07
10 0.999938 6.15386e-05
10 1 1e-07
10 0.999999 1.11399e-06
10 0.985102 0.0148976
10 1 1e-07
10 1 4.58013e-07
10 1 1e-07
10 1 1e-07
10 1 1e-07
10 1 1e-07
10 0.999995 4.75824e-06
10 1 1e-07
10 1 1e-07
10 1 1e-07
10 1 1e-07
10 1 1.20922e-07
10 1 1e-07
10 1 1e-07
10 1 1e-07
10 1 1e-07
10 1 1e-07
10 0.999997 2.7266e-06
10 1 1e-07
3 0.00126203 0.998738
10 0.999124 0.000875821
10 1 1e-07
3 0.00172959 0.99827
3 0.00128522 0.998715
10 1 1e-07
10 1 1e-07
10 1 1e-07
10 0.999999 5.14353e-07
10 0.999999 9.37587e-07
10 1 1e-07
10 0.999991 8.71315e-06
10 0.686534 0.313466
10 1 1e-07
10 1 1e-07
10 1 1e-07
10 1 1e-07
10 1 1e-07
10 1 1e-07
10 1 1e-07
10 1 1e-07
10 1 1e-07
10 1 1e-07
10 1 1e-07
10 1 1e-07
10 1 1e-07
10 1 1e-07
10 1 1e-07
10 1 1e-07
10 1 1e-07
10 1 1e-07
10 0.961932 0.0380678
10 1 1e-07
10 0.999988 1.22091e-05
10 1 1e-07
10 1 1e-07
10 1 1e-07
10 1 1e-07
10 0.998851 0.00114875
10 0.999988 1.2337e-05
3 0.000472738 0.999527
3 3.29316e-05 0.999967
10 0.999998 2.03603e-06
10 0.999997 2.74359e-06
10 1 1e-07
10 1 1e-07
10 1 1e-07
10 1 1e-07
3 0.000103291 0.999897
10 1 1e-07
10 1 3.66508e-07
3 2.41032e-05 0.999976
3 0.00103589 0.998964
3 0.00658197 0.993418
10 1 1e-07
3 0.00309911 0.996901
10 1 1e-07
10 0.999983 1.74069e-05
10 0.999951 4.91023e-05
10 1 1e-07
10 1 1e-07
10 1 1e-07
10 1 1e-07
10 1 1e-07
3 0.00147163 0.998528
10 0.999993 6.56793e-06
10 1 1e-07
10 1 1e-07
10 1 1e-07
10 1 1e-07
10 1 1e-07
10 1 4.81227e-07
10 1 1e-07
10 1 1e-07
10 1 1e-07
10 1 1e-07
10 1 1e-07
10 1 1e-07
10 1 1e-07
10 1 1e-07
10 1 1e-07
10 1 1e-07
3 0.223879 0.776121
10 1 1e-07
10 0.999695 0.000305408
10 1 1e-07
3 0.00027212 0.999728
10 1 1.93669e-07
10 0.801585 0.198415
10 1 1e-07
10 1 1e-07
10 1 1e-07
10 1 1e-07
10 1 1e-07
10 1 1e-07
10 0.999995 5.28949e-06
10 1 1e-07
10 1 1e-07
10 1 1e-07
3 0.000964926 0.999035
10 1 1e-07
10 0.999929 7.1395e-05
10 1 1e-07
10 0.777272 0.222728
10 1 1e-07
10 1 1e-07
10 1 1e-07
10 0.999519 0.000481222
10 1 1e-07
10 1 1e-07
10 1 1e-07
10 1 1.90543e-07
10 0.999995 4.63832e-06
10 1 1e-07
10 1 3.75067e-07
10 0.999863 0.000136699
3 0.000740049 0.99926
10 0.999999 1.38375e-06
10 1 1e-07
10 0.999751 0.000248722
10 1 1e-07
10 1 1e-07
10 1 1e-07
10 1 1e-07
10 1 1e-07
10 0.999739 0.000261463
3 0.0280144 0.971986
10 1 1e-07
10 1 1e-07
10 0.999972 2.8469e-05
10 1 1e-07
10 1 1e-07
10 1 1.64183e-07
10 1 1e-07
10 1 1e-07
10 1 1e-07
10 1 1e-07
10 1 1e-07
10 1 1e-07
10 1 1e-07
10 1 1e-07
3 0.000783947 0.999216
10 1 1e-07
10 1 1e-07
10 1 1e-07
3 0.000680738 0.999319
10 1 1e-07
10 1 1e-07
10 0.999898 0.000102251
10 1 1e-07
10 1 1e-07
10 1 1e-07
10 0.999991 8.91028e-06
10 0.999951 4.93871e-05
10 0.999993 6.56066e-06
10 1 1e-07
10 1 1e-07
10 1 1.70902e-07
10 1 1e-07
10 1 1e-07
10 0.999814 0.000185896
10 1 1e-07
10 1 1e-07
10 1 1e-07
10 1 1e-07
10 1 1e-07
10 1 1e-07
10 1 1e-07
10 1 1e-07
10 1 1e-07
10 1 1e-07
10 1 1e-07
10 1 1e-07
10 1 1e-07
10 1 1e-07
3 0.00111925 0.998881
10 1 1e-07
10 1 1e-07
10 0.999982 1.76583e-05
10 1 1e-07
10 1 1e-07
3 0.00244384 0.997556
10 1 1e-07
10 0.999723 0.000277098
10 0.999951 4.91837e-05
10 1 1e-07
10 1 1e-07
10 1 1e-07
10 0.999853 0.000146988
10 1 1e-07
10 0.999867 0.000132629
10 1 1.30253e-07
3 0.0070985 0.992901
10 1 1e-07
10 1 1e-07
10 0.999887 0.000112548
10 0.999998 1.89203e-06
10 1 1e-07
10 0.999967 3.32224e-05
10 0.999894 0.000106311
10 1 1e-07
10 1 1e-07
10 1 1e-07
10 1 1e-07
10 1 1e-07
10 1 1e-07
10 1 1e-07
3 0.000120905 0.999879
10 1 1e-07
10 1 3.02524e-07
10 1 1e-07
10 1 1e-07
10 1 1e-07
10 1 1e-07
10 1 1e-07
10 0.982536 0.0174637
10 0.999999 6.41993e-07
3 0.000434082 0.999566
10 1 1e-07
10 1 1e-07
10 1 1e-07
10 0.999999 1.32258e-06
10 1 1e-07
10 1 1e-07
10 1 4.1105e-07
10 1 1e-07
10 1 1e-07
10 1 1e-07
3 0.00148094 0.998519
3 0.035424 0.964576
10 1 1e-07
10 1 1e-07
10 1 1e-07
10 1 1.16614e-07
10 1 1e-07
10 1 1e-07
3 0.0004378 0.999562
10 1 1e-07
10 1 1e-07
10 0.999916 8.44046e-05
10 1 1e-07
10 0.999999 1.01344e-06
10 1 1e-07
10 1 1e-07
10 0.999997 2.78261e-06
10 1 1e-07
10 0.993875 0.00612512
10 1 1e-07
10 1 1e-07
10 1 1e-07
10 1 1.29299e-07
10 1 1e-07
10 1 1e-07
10 0.999998 1.53305e-06
10 1 1e-07
10 0.999999 1.15216e-06
10 0.999999 8.13856e-07
10 1 3.08749e-07
10 1 1e-07
10 0.998201 0.00179946
10 1 1e-07
10 1 1e-07
10 0.999906 9.44758e-05
10 0.999998 1.75358e-06
10 1 1e-07
10 1 1e-07
10 1 1e-07
10 1 1e-07
10 0.999999 5.12982e-07
10 1 1e-07
10 1 1e-07
3 0.0156982 0.984302
10 1 1e-07
10 1 2.644e-07
10 1 1e-07
10 1 1e-07
10 0.979416 0.0205838
10 1 1e-07
10 1 1e-07
3 0.00573706 0.994263
10 0.999999 9.71223e-07
10 1 1e-07
10 0.999996 4.10129e-06
10 1 1e-07
10 1 1e-07
10 1 1e-07
10 1 1e-07
10 0.999995 4.52302e-06
10 1 1e-07
10 1 1e-07
3 0.000470603 0.999529
10 1 1e-07
10 1 1e-07
10 1 1e-07
10 1 1e-07
10 1 1e-07
3 0.0324546 0.967545
10 1 3.48587e-07
10 1 1e-07
10 0.996118 0.00388201
10 1 1e-07
10 1 1e-07
10 1 1e-07
10 1 1e-07
10 1 1e-07
3 0.0128048 0.987195
10 1 1e-07
10 1 1e-07
10 1 1e-07
10 0.999991 8.59467e-06
3 0.000124869 0.999875
10 0.999999 5.69001e-07
10 1 1e-07
10 0.999862 0.000137529
10 0.998518 0.00148194
10 0.999886 0.000114301
10 0.998947 0.00105261
10 1 1e-07
10 1 1e-07
10 1 1e-07
10 1 1e-07
10 1 1e-07
10 1 1e-07
10 0.999995 4.71129e-06
10 0.999868 0.000132166
10 1 1e-07
10 1 1e-07
3 1.3365e-05 0.999987
10 1 1e-07
10 1 1e-07
10 0.999997 2.90273e-06
10 0.999935 6.53744e-05
10 0.99899 0.00101032
3 0.0177437 0.982256
10 1 1e-07
3 4.30035e-05 0.999957
10 1 1e-07
10 1 1e-07
10 0.999565 0.000435147
10 0.999831 0.000168671
10 1 1e-07
10 1 1e-07
3 0.000567215 0.999433
10 1 1e-07
10 1 1e-07
10 1 1e-07
10 1 1e-07
10 1 2.91416e-07
10 0.999988 1.20027e-05
10 1 1e-07
10 1 1e-07
3 2.70186e-05 0.999973
10 1 1e-07
10 1 1e-07
10 0.999824 0.000175928
10 1 1e-07
10 1 1e-07
10 0.999904 9.64475e-05
10 0.999998 1.86867e-06
10 1 1e-07
10 1 1e-07
10 0.999977 2.2815e-05
10 0.994524 0.00547573
10 1 1e-07
10 1 2.65088e-07
3 9.5698e-05 0.999904
10 0.999932 6.79383e-05
10 1 1e-07
10 1 1e-07
10 1 1e-07
10 1 1e-07
3 2.85769e-05 0.999971
10 1 1e-07
10 1 1e-07
3 0.0165136 0.983486
10 1 1e-07
10 1 1e-07
10 1 1e-07
10 1 1e-07
10 1 3.22073e-07
10 1 1.77165e-07
10 0.777575 0.222425
3 0.00111588 0.998884
10 0.999983 1.69864e-05
10 0.999999 5.44879e-07
10 1 1e-07
10 1 1e-07
10 1 1e-07
10 1 1e-07
3 0.0186227 0.981377
10 0.999904 9.55968e-05
10 1 1e-07
10 0.999925 7.50237e-05
10 0.999997 2.50774e-06
10 0.996965 0.00303485
10 1 1e-07
10 0.999997 2.7516e-06
10 1 1e-07
10 1 1e-07
10 1 1e-07
10 1 1e-07
10 0.999997 2.84796e-06
10 1 1e-07
10 1 1e-07
10 1 1e-07
10 0.999576 0.000423746
10 1 1e-07
10 0.999861 0.000139291
10 1 1e-07
10 0.999789 0.000210822
3 0.000892994 0.999107
10 0.999994 5.97097e-06
10 1 1e-07
10 1 1e-07
10 1 1e-07
10 1 1e-07
10 1 1e-07
3 0.000270905 0.999729
10 1 3.47436e-07
10 1 1e-07
10 0.999972 2.81058e-05
10 1 1e-07
10 1 1e-07
10 1 1e-07
10 1 1e-07
10 0.999971 2.8939e-05
10 1 1e-07
10 1 1e-07
10 1 1e-07
10 1 1e-07
10 1 1e-07
3 6.90497e-05 0.999931
10 1 1e-07
10 1 1e-07
3 0.000291307 0.999709
3 0.00159506 0.998405
10 0.999981 1.88283e-05
10 0.999835 0.00016497
10 1 1e-07
10 1 1.58368e-07
10 1 1e-07
10 1 1e-07
10 0.999989 1.05028e-05
10 1 1e-07
10 1 1e-07
10 1 1e-07
10 0.999974 2.63728e-05
10 1 1e-07
10 1 1e-07
10 1 1e-07
10 1 1e-07
10 1 1.89255e-07
10 1 1e-07
10 1 1e-07
10 1 1e-07
10 1 1e-07
10 1 1e-07
10 1 1e-07
10 1 1e-07
10 1 1e-07
10 1 1e-07
10 1 1e-07
10 1 1e-07
10 1 1e-07
10 1 1e-07
10 1 1e-07
10 1 1e-07
10 0.999998 2.23614e-06
10 0.999989 1.14181e-05
10 0.999935 6.46452e-05
10 1 1e-07
10 1 1e-07
10 1 1e-07
10 1 1e-07
3 0.00088599 0.999114
10 1 1e-07
10 0.923333 0.0766667
3 0.000665337 0.999335
10 1 1e-07
10 1 1e-07
10 1 1e-07
10 0.999994 6.35021e-06
10 0.999999 5.61233e-07
10 0.999995 4.52787e-06
10 1 1e-07
10 1 1e-07
10 1 1e-07
10 1 1e-07
10 1 1e-07
10 1 1e-07
10 1 1e-07
3 0.000122109 0.999878
10 1 1e-07
10 0.999997 2.85357e-06
10 1 1e-07
10 1 1e-07
10 0.999999 8.95917e-07
10 1 1e-07
10 0.999887 0.000112698
10 0.999997 2.88302e-06
10 0.999999 5.92908e-07
10 0.999997 3.02866e-06
10 1 1e-07
10 1 1e-07
10 1 1e-07
3 7.30847e-06 0.999993
10 1 1.49107e-07
10 1 1.41461e-07
10 0.917673 0.0823268
10 1 1e-07
10 1 1e-07
10 1 1e-07
10 1 1.69403e-07
10 1 1e-07
10 0.999997 2.57772e-06
10 1 1e-07
10 1 1e-07
10 0.999999 5.14545e-07
10 1 1e-07
10 1 1e-07
10 1 1e-07
10 1 1e-07
10 1 1e-07
10 1 1e-07
3 7.5437e-06 0.999992
10 0.999999 1.08001e-06
10 1 1e-07
10 1 1e-07
10 1 1e-07
3 9.57148e-05 0.999904
10 1 1e-07
10 0.998893 0.00110673
10 1 1e-07
10 1 3.97647e-07
10 1 1e-07
10 0.999876 0.000123689
10 1 1e-07
10 1 1e-07
3 0.00809213 0.991908
3 0.00820431 0.991796
10 1 1e-07
10 1 1e-07
10 0.999999 1.41721e-06
10 1 1e-07
10 0.991782 0.00821796
10 0.999539 0.000460913
10 1 1e-07
10 1 1.13948e-07
10 0.999993 6.89626e-06
10 1 1e-07
10 1 1e-07
10 1 1e-07
10 1 1e-07
10 0.999999 1.48459e-06
10 1 1e-07
10 1 1e-07
10 1 1e-07
10 1 1e-07
10 0.999632 0.000368187
10 1 1e-07
10 1 1e-07
3 0.0169166 0.983083
10 1 1e-07
10 1 1e-07
10 1 1e-07
3 0.00850507 0.991495
10 1 1e-07
10 1 1e-07
10 1 1e-07
10 0.999998 1.70431e-06
10 0.823345 0.176655
10 1 1e-07
10 1 1e-07
10 1 1e-07
10 1 1e-07
10 0.999986 1.38946e-05
10 1 1e-07
10 1 1e-07
10 0.999353 0.000647285
10 1 1e-07
10 1 1e-07
10 1 1e-07
10 0.999727 0.000272539
10 1 1e-07
10 0.999934 6.58904e-05
10 1 1e-07
10 1 1e-07
10 1 1e-07
3 6.36495e-05 0.999936
10 0.999902 9.82251e-05
10 0.999996 4.17047e-06
10 0.962837 0.0371629
10 0.999999 1.48724e-06
10 0.999955 4.4592e-05
10 1 1e-07
10 1 1e-07
10 1 1e-07
10 0.999997 2.85418e-06
10 1 1e-07
10 1 1e-07
10 1 1e-07
10 1 1e-07
10 1 1e-07
10 0.986978 0.0130216
10 1 1e-07
10 1 1e-07
10 1 1e-07
10 1 1e-07
10 1 1.27498e-07
10 1 1e-07
10 1 1e-07
10 1 1.135e-07
3 0.000658914 0.999341
10 1 1e-07
10 1 1e-07
10 1 1.6224e-07
10 1 1e-07
10 0.999991 9.20762e-06
10 1 1e-07
3 0.00771759 0.992282
10 1 1e-07
10 1 1e-07
10 1 1e-07
10 1 1e-07
10 1 1e-07
3 0.00350062 0.996499
10 1 1e-07
10 1 1e-07
10 1 1e-07
10 0.998773 0.00122749
10 1 1e-07
10 1 1e-07
10 1 2.16959e-07
10 1 1e-07
3 0.140293 0.859707
10 0.999978 2.23715e-05
3 0.000169423 0.999831
3 0.000971629 0.999028
10 1 1e-07
10 1 1e-07
10 1 1e-07
10 0.999823 0.000177492
3 0.000128862 0.999871
10 1 1e-07
10 1 1e-07
10 1 1e-07
10 0.999997 3.21435e-06
10 1 1e-07
10 1 1e-07
10 1 1e-07
10 1 2.35547e-07
10 0.999776 0.000223782
10 1 1e-07
10 0.999929 7.12522e-05
10 1 1e-07
10 1 1e-07
10 0.998983 0.00101721
10 0.999998 1.7187e-06
10 1 1e-07
10 1 1e-07
10 1 1e-07
10 1 1e-07
10 1 1e-07
10 0.998466 0.00153355
10 1 1e-07
10 0.999998 2.0304e-06
10 1 1e-07
10 1 1e-07
10 1 1.11994e-07
10 1 1e-07
10 1 1e-07
10 1 1e-07
10 1 1e-07
10 1 1e-07
3 2.68512e-05 0.999973
10 1 1e-07
10 1 1e-07
10 1 1e-07
10 0.999973 2.69128e-05
10 0.999994 6.02463e-06
3 0.00179242 0.998208
10 1 2.26988e-07
3 0.0346251 0.965375
10 1 1e-07
10 1 1e-07
10 1 1e-07
10 1 1e-07
3 0.000191807 0.999808
10 0.731084 0.268916
10 0.999995 5.38475e-06
10 0.999987 1.33925e-05
10 0.999998 2.38999e-06
10 1 1e-07
10 0.999447 0.000552707
10 1 1e-07
10 1 1e-07
10 1 1e-07
10 0.999943 5.68138e-05
10 0.96035 0.0396498
10 1 1e-07
10 1 1e-07
3 0.00133624 0.998664
10 1 1e-07
10 1 1e-07
10 1 2.09026e-07
10 1 1e-07
10 0.999996 3.83841e-06
10 0.999973 2.65271e-05
10 1 1.18434e-07
10 1 1e-07
3 0.0256376 0.974362
10 0.998402 0.00159807
3 0.0181664 0.981834
10 0.999978 2.20096e-05
10 0.999963 3.68371e-05
10 1 1e-07
10 1 1e-07
10 1 1e-07
10 0.999947 5.30249e-05
10 1 1e-07
10 1 1.41279e-07
10 1 1e-07
10 1 1e-07
10 1 1e-07
10 1 1e-07
10 1 1e-07
3 0.00193353 0.998066
10 1 1e-07
3 8.35552e-05 0.999916
10 1 1e-07
10 0.999612 0.00038766
10 0.999803 0.00019677
3 0.000382473 0.999618
3 0.00202428 0.997976
10 1 2.00633e-07
10 1 1e-07
10 1 1e-07
10 1 1e-07
10 1 1e-07
10 1 1e-07
10 0.999991 9.39297e-06
10 1 1e-07
10 1 1e-07
10 0.999973 2.65059e-05
10 1 1e-07
10 1 1e-07
10 1 1e-07
10 1 1e-07
10 1 1e-07
10 0.999999 1.34992e-06
10 1 1e-07
10 1 1e-07
10 0.999924 7.57025e-05
10 1 1e-07
10 1 1e-07
10 1 1e-07
10 1 1e-07
10 1 1e-07
10 1 2.78666e-07
10 1 1e-07
10 1 1e-07
10 1 1e-07
10 1 1e-07
10 1 1e-07
10 1 1e-07
10 1 1e-07
10 1 1e-07
10 1 1e-07
10 1 1e-07
10 1 1e-07
10 0.999983 1.74831e-05
10 1 1e-07
10 1 1e-07
10 1 1e-07
10 1 1e-07
10 1 1e-07
10 0.999994 6.48946e-06
10 1 1e-07
10 0.999983 1.6867e-05
10 1 1e-07
10 1 1e-07
10 0.999904 9.64048e-05
10 1 1.2053e-07
10 0.99964 0.000360472
10 1 1e-07
10 1 1e-07
10 1 1e-07
3 0.296178 0.703822
10 1 1e-07
10 0.999821 0.000179285
10 1 1.61139e-07
10 1 1e-07
10 1 1e-07
10 1 1e-07
10 1 1e-07
10 1 1e-07
3 8.97606e-05 0.99991
10 1 1e-07
3 0.000117236 0.999883
10 1 1e-07
10 1 1e-07
10 1 1e-07
3 0.0622096 0.93779
10 1 1e-07
10 1 1e-07
10 1 1e-07
10 1 1e-07
10 0.999956 4.38149e-05
10 1 1e-07
10 1 1e-07
10 1 1e-07
3 0.000846533 0.999153
10 0.999865 0.000135475
10 1 1e-07
10 1 1e-07
10 1 1e-07
10 1 1e-07
10 1 1e-07
10 1 1e-07
10 1 1e-07
10 1 1e-07
10 1 1e-07
10 1 1e-07
10 1 1e-07
10 0.999834 0.000165548
10 0.999999 9.90275e-07
3 0.000289788 0.99971
10 1 1e-07
10 1 1e-07
10 1 1e-07
10 0.999981 1.90001e-05
3 0.000920682 0.999079
10 1 1e-07
3 0.000319552 0.99968
10 1 1e-07
10 0.999739 0.000260736
10 1 3.02279e-07
10 1 1e-07
10 1 1.56676e-07
10 1 1e-07
10 1 1e-07
3 0.000106551 0.999893
10 1 1e-07
10 1 1e-07
10 1 1e-07
10 1 1.3548e-07
10 1 1e-07
3 0.000102731 0.999897
3 0.420549 0.579451
10 1 1e-07
3 0.0182021 0.981798
10 1 1e-07
10 1 1e-07
10 1 1e-07
10 1 1e-07
10 1 1e-07
3 0.445713 0.554287
10 1 1e-07
10 1 1e-07
10 1 1e-07
10 1 1e-07
10 1 1e-07
10 1 1e-07
3 0.017926 0.982074
10 1 1e-07
10 1 1e-07
10 1 1e-07
10 1 1e-07
10 1 1e-07
10 1 1e-07
10 0.999999 9.07552e-07
10 1 1e-07
10 1 1e-07
10 1 1e-07
10 1 1e-07
10 0.999999 1.11382e-06
10 1 3.69158e-07
10 1 1e-07
3 0.000291753 0.999708
10 0.999644 0.000356203
10 1 1e-07
10 1 1e-07
10 1 1e-07
10 1 1e-07
10 0.999992 8.33255e-06
10 1 1e-07
10 0.99933 0.000669834
10 1 1e-07
10 1 1e-07
10 1 1e-07
10 1 1e-07
10 1 1e-07
10 1 3.09174e-07
10 1 1e-07
10 0.999995 4.60074e-06
3 5.59079e-05 0.999944
10 1 1e-07
10 0.999983 1.70226e-05
10 1 1e-07
10 1 1e-07
10 1 1e-07
10 1 1e-07
10 0.99998 2.04191e-05
10 0.999751 0.000248666
3 0.0028585 0.997142
10 1 1e-07
3 2.32412e-05 0.999977
3 0.000114188 0.999886
10 1 1e-07
10 1 1e-07
10 0.999992 7.52857e-06
10 1 1e-07
10 1 1e-07
10 1 1e-07
10 1 1e-07
10 1 1e-07
10 1 1e-07
10 0.999945 5.50897e-05
3 0.00499275 0.995007
10 0.75168 0.24832
10 1 1e-07
10 1 1e-07
3 0.00848593 0.991514
10 1 1e-07
10 1 1e-07
10 0.999917 8.33446e-05
10 0.999998 1.67627e-06
10 1 1e-07
10 1 1e-07
10 1 1e-07
10 1 1e-07
10 1 1e-07
3 0.000693803 0.999306
10 1 1e-07
10 1 1e-07
10 1 1e-07
10 0.999762 0.000238168
10 1 1e-07
10 0.999974 2.63909e-05
10 0.981665 0.0183348
10 1 1e-07
10 1 1e-07
10 1 1e-07
10 1 1e-07
10 1 1e-07
10 1 1e-07
10 0.999998 1.59672e-06
10 1 1e-07
10 1 1e-07
10 0.973991 0.0260088
10 1 1e-07
3 0.0191635 0.980836
10 1 1e-07
10 0.999999 1.10842e-06
10 1 1e-07
10 1 1e-07
3 0.0111783 0.988822
10 1 1e-07
10 0.999998 2.03636e-06
10 1 1e-07
10 1 1e-07
10 1 1e-07
10 1 1e-07
10 0.999976 2.39218e-05
10 0.999984 1.55341e-05
10 0.999912 8.81637e-05
10 1 1e-07
10 1 1e-07
10 0.99999 9.6107e-06
10 1 1e-07
10 0.999985 1.50523e-05
10 0.999832 0.000167975
3 0.477918 0.522082
10 0.999619 0.000380754
10 1 1e-07
10 1 1e-07
10 1 1e-07
3 0.000571539 0.999428
10 1 1e-07
10 1 1e-07
10 0.998681 0.00131891
10 0.999999 5.28853e-07
10 1 1e-07
10 0.999906 9.43572e-05
10 1 1e-07
10 0.999937 6.34352e-05
10 0.997514 0.00248605
10 1 1e-07
3 0.00119194 0.998808
10 1 1e-07
10 1 1e-07
10 1 1e-07
10 0.999997 2.93343e-06
10 1 1e-07
10 1 1e-07
10 0.957909 0.0420911
10 1 1e-07
10 1 1e-07
3 0.00392353 0.996076
10 1 1e-07
10 0.999956 4.40914e-05
10 1 1e-07
10 1 1e-07
10 0.999987 1.2843e-05
10 1 1e-07
10 0.999531 0.000469301
10 1 1e-07
10 1 1e-07
10 1 1e-07
10 1 1e-07
10 0.999993 6.77528e-06
10 1 1e-07
10 0.980213 0.0197866
10 1 4.47869e-07
10 1 1e-07
3 0.000793949 0.999206
10 1 1e-07
10 0.999463 0.000536574
10 0.999999 1.02766e-06
10 1 1e-07
10 1 1e-07
10 1 1e-07
10 1 1e-07
10 1 1e-07
10 1 1e-07
10 0.980411 0.019589
10 1 1e-07
10 1 1e-07
10 1 1e-07
10 1 1e-07
10 1 1e-07
10 1 1e-07
3 0.000945193 0.999055
10 0.999999 1.01601e-06
10 1 1e-07
10 1 1e-07
3 4.90578e-05 0.999951
10 1 1e-07
10 0.999997 2.7567e-06
10 1 1e-07
10 1 1e-07
10 1 1e-07
10 1 1e-07
3 2.78262e-05 0.999972
10 0.999999 9.37638e-07
10 1 1e-07
10 0.999805 0.000194882
10 0.999999 1.22512e-06
10 1 1e-07
10 1 2.64887e-07
10 0.999995 4.69499e-06
10 0.999999 1.3155e-06
10 1 1e-07
10 1 1e-07
10 1 3.11655e-07
10 0.999988 1.17447e-05
10 1 1e-07
10 1 1e-07
10 1 1e-07
10 1 1e-07
10 1 1e-07
10 1 1e-07
3 0.194665 0.805335
10 1 1.97187e-07
10 1 1e-07
10 0.999941 5.89163e-05
10 1 1e-07
10 1 1e-07
10 1 1e-07
10 0.999712 0.000288229
10 1 1e-07
10 0.998855 0.00114471
10 1 1e-07
10 1 1e-07
10 1 1e-07
10 1 1e-07
10 1 1e-07
10 1 1e-07
10 1 1e-07
10 1 1e-07
10 1 1e-07
10 1 1e-07
10 0.999972 2.8432e-05
10 1 1e-07
10 1 1e-07
10 1 1e-07
10 0.999992 7.9945e-06
3 0.00338715 0.996613
10 0.999693 0.000306751
10 1 1e-07
3 0.0776638 0.922336
3 0.00146565 0.998534
10 1 1e-07
10 0.999796 0.000204211
10 1 1e-07
10 1 1e-07
10 1 1e-07
10 1 1e-07
10 1 1e-07
3 0.0107606 0.989239
10 1 1e-07
10 0.999998 2.10681e-06
10 1 1e-07
10 1 1e-07
10 1 1e-07
10 0.998839 0.00116061
10 1 1e-07
10 1 1e-07
10 1 1e-07
10 0.999653 0.000346516
10 1 1e-07
10 0.999986 1.37281e-05
10 1 1e-07
10 0.999997 3.20238e-06
10 1 1e-07
10 1 1e-07
10 1 1e-07
10 1 1e-07
10 0.999809 0.000190616
10 0.984828 0.0151724
10 1 1e-07
10 0.7176 0.2824
10 0.999969 3.05769e-05
10 0.999999 1.265e-06
10 0.995588 0.00441168
10 1 1e-07
10 1 3.27007e-07
10 0.999999 1.36139e-06
10 1 1e-07
10 1 1e-07
10 1 1e-07
10 1 1e-07
10 1 1e-07
3 0.000632084 0.999368
10 0.999987 1.33989e-05
10 1 1e-07
10 0.999998 2.05866e-06
10 0.999699 0.000300731
10 1 1e-07
10 1 1e-07
10 1 1e-07
10 1 1e-07
10 0.999828 0.000171511
10 1 1e-07
10 1 1e-07
10 0.999916 8.36937e-05
10 1 1e-07
10 1 1e-07
10 0.999794 0.000205512
3 0.038474 0.961526
10 0.999995 4.92029e-06
10 0.978549 0.0214509
10 1 1e-07
3 0.00160569 0.998394
10 0.99936 0.000639916
10 1 1e-07
10 0.999999 1.38335e-06
3 0.00576579 0.994234
10 0.999999 7.67429e-07
10 0.999399 0.000600795
10 1 1e-07
10 0.990569 0.00943061
10 1 1e-07
10 1 1e-07
10 1 1e-07
10 1 1e-07
10 1 1e-07
10 1 1e-07
10 0.999999 8.02841e-07
10 0.999637 0.000362547
10 1 1e-07
10 1 1e-07
10 1 1e-07
10 0.99987 0.000130224
10 1 1e-07
10 1 1e-07
10 1 1e-07
10 1 1e-07
10 1 1e-07
3 0.000248409 0.999752
10 1 1e-07
10 0.999999 7.04361e-07
10 0.999999 8.52463e-07
10 1 1e-07
10 1 1e-07
3 2.3481e-05 0.999977
10 1 1e-07
10 1 1.52336e-07
10 1 1e-07
10 1 1e-07
3 0.000100268 0.9999
10 1 1e-07
10 1 1.87553e-07
3 0.0026204 0.99738
3 0.00353852 0.996461
10 0.999904 9.61911e-05
10 1 1e-07
10 1 1e-07
10 0.870912 0.129088
10 0.999301 0.000699231
10 1 1.66572e-07
3 0.0165047 0.983495
10 1 3.13195e-07
10 1 1e-07
3 0.00321643 0.996784
10 1 1e-07
3 9.09605e-05 0.999909
10 1 1e-07
10 1 1e-07
10 0.999713 0.000287072
10 0.999901 9.92347e-05
10 1 1e-07
3 0.000629353 0.999371
10 1 1e-07
10 1 1e-07
10 0.999679 0.000320732
10 1 1e-07
10 1 1e-07
3 0.000229907 0.99977
10 1 1e-07
10 1 1e-07
10 1 1e-07
10 1 1e-07
10 1 1e-07
10 0.999995 4.55226e-06
10 1 1e-07
10 1 1e-07
10 1 1e-07
10 1 1e-07
10 1 1e-07
10 1 1e-07
10 0.999999 6.89997e-07
10 0.999997 2.56007e-06
10 0.999952 4.82446e-05
10 1 1e-07
10 1 1e-07
10 0.994735 0.00526547
3 0.00185557 0.998144
10 1 1e-07
10 1 1e-07
10 1 1.41689e-07
3 4.22786e-05 0.999958
10 0.999998 2.03614e-06
10 1 1e-07
10 1 1e-07
10 1 1e-07
10 0.999991 8.52954e-06
10 1 1e-07
10 1 1e-07
10 1 1e-07
10 1 1e-07
10 1 1e-07
10 0.999999 1.1278e-06
10 1 1e-07
10 0.999998 2.00956e-06
3 0.00123542 0.998765
10 0.999512 0.000487939
10 1 1e-07
10 0.999998 2.27352e-06
10 0.952622 0.0473782
10 1 1e-07
10 1 1e-07
10 1 1e-07
10 0.999998 2.11115e-06
10 1 1e-07
10 1 1e-07
3 0.000886101 0.999114
10 1 1e-07
10 1 1e-07
10 1 1e-07
10 1 1e-07
10 1 1e-07
10 1 1e-07
10 1 1e-07
10 1 2.81465e-07
10 1 1e-07
10 1 1e-07
10 0.977975 0.0220246
10 0.996382 0.00361846
10 1 1e-07
10 1 1e-07
10 1 1e-07
10 1 1e-07
10 1 1e-07
10 1 1e-07
10 1 1e-07
10 1 1e-07
10 1 1e-07
3 0.000186352 0.999814
10 1 1e-07
10 0.999983 1.65016e-05
10 0.999817 0.00018264
10 1 1e-07
10 0.999999 5.46758e-07
10 0.99997 3.03374e-05
10 0.976259 0.023741
10 1 1e-07
10 1 1e-07
10 0.999965 3.54418e-05
10 1 1e-07
10 0.999881 0.00011876
10 1 1e-07
10 1 1e-07
10 1 1e-07
10 0.999999 6.55116e-07
10 1 1e-07
10 0.823052 0.176948
10 0.999952 4.787e-05
10 1 1e-07
10 1 1e-07
10 1 1e-07
10 1 1e-07
10 1 1e-07
10 1 1e-07
10 0.999999 1.35762e-06
3 0.000205061 0.999795
10 1 1e-07
10 1 1e-07
10 1 1e-07
10 1 1e-07
10 1 1e-07
10 0.999924 7.56466e-05
3 1.41592e-05 0.999986
10 1 1e-07
10 1 1.01548e-07
10 1 1e-07
10 1 1e-07
10 1 1e-07
10 1 1e-07
10 1 1e-07
10 1 1e-07
10 1 1e-07
10 0.999903 9.73642e-05
3 0.00191208 0.998088
10 1 1e-07
10 1 1e-07
10 1 1e-07
10 1 3.13171e-07
10 1 1e-07
10 0.999894 0.000106428
10 1 1e-07
3 0.00257492 0.997425
10 1 1e-07
10 1 1.23309e-07
10 1 1e-07
10 1 2.69522e-07
10 1 1e-07
10 1 1e-07
10 1 1e-07
10 0.999997 3.14316e-06
10 1 1e-07
10 1 1e-07
10 0.999999 6.5214e-07
3 0.0311811 0.968819
3 0.000119219 0.999881
10 0.999999 5.14196e-07
3 0.038334 0.961666
10 0.999974 2.56167e-05
10 1 1e-07
10 0.999971 2.87997e-05
10 0.999996 4.24819e-06
10 1 1e-07
10 1 1e-07
10 1 1e-07
10 1 1e-07
10 1 1e-07
10 1 1e-07
10 0.999988 1.16567e-05
3 0.000255372 0.999745
10 1 1.40651e-07
10 1 1e-07
10 1 1e-07
3 1.57319e-05 0.999984
10 1 1e-07
10 1 1e-07
3 0.0394846 0.960515
10 1 1e-07
10 1 1e-07
10 0.999996 4.24531e-06
10 1 1e-07
10 1 1e-07
3 0.00057341 0.999427
3 0.000303543 0.999696
10 1 1e-07
10 1 1e-07
10 1 1e-07
10 1 1e-07
10 1 1e-07
10 1 1e-07
10 1 1e-07
10 1 1e-07
10 1 1e-07
10 1 1e-07
3 5.89922e-05 0.999941
10 1 1e-07
10 1 1e-07
10 0.999976 2.43477e-05
10 1 1e-07
10 1 4.02032e-07
10 1 1e-07
10 1 1e-07
3 0.124836 0.875164
10 1 1e-07
10 1 1e-07
10 0.999858 0.000142091
10 1 1e-07
10 0.851479 0.148521
10 0.999999 8.69154e-07
10 0.999999 1.43555e-06
10 0.999998 1.97786e-06
10 0.997088 0.00291241
10 1 1.52814e-07
10 1 1e-07
10 1 1e-07
10 1 1e-07
10 0.999911 8.92198e-05
3 0.474714 0.525286
10 0.999987 1.25512e-05
10 1 1e-07
10 1 1e-07
10 1 1e-07
10 1 1e-07
10 1 1e-07
10 1 1e-07
10 0.997855 0.00214495
10 1 1e-07
10 0.999995 5.11276e-06
10 0.99138 0.00862004
10 1 1e-07
10 0.999992 8.46832e-06
3 0.00101039 0.99899
10 0.999939 6.10522e-05
10 1 1e-07
10 0.999321 0.000679453
10 1 4.73811e-07
10 1 1e-07
10 1 1e-07
10 0.999996 4.00245e-06
10 0.999994 6.49654e-06
10 1 1e-07
10 1 1e-07
10 1 1e-07
10 1 2.57289e-07
10 1 1e-07
10 1 1e-07
10 0.999994 5.93243e-06
10 1 1e-07
10 1 1e-07
3 0.00231483 0.997685
10 1 1e-07
10 1 1e-07
10 1 1e-07
10 0.582025 0.417975
10 0.999997 3.18092e-06
10 0.999994 6.48253e-06
10 1 1e-07
3 0.00385274 0.996147
10 0.825022 0.174978
3 0.000751105 0.999249
10 1 1e-07
10 0.999996 4.47573e-06
10 0.999939 6.06923e-05
10 1 1e-07
3 0.260936 0.739064
10 0.986564 0.0134364
10 1 1e-07
10 1 1e-07
10 0.996458 0.00354189
10 1 1e-07
10 1 1e-07
10 1 1e-07
3 0.000490605 0.999509
10 0.654739 0.345261
10 0.999975 2.4745e-05
10 0.966442 0.0335577
10 1 1e-07
10 0.684084 0.315916
10 0.978387 0.0216126
10 1 1e-07
10 1 4.97787e-07
10 1 1e-07
10 1 1e-07
3 0.00299214 0.997008
10 0.999378 0.000621569
10 1 1e-07
10 1 1e-07
10 1 1e-07
10 1 1e-07
10 0.999994 6.49484e-06
10 1 1e-07
10 0.999998 2.14789e-06
10 0.999403 0.000597097
10 1 1e-07
10 1 1e-07
10 1 1e-07
10 0.999944 5.63942e-05
10 1 1e-07
10 1 1e-07
10 1 1e-07
10 0.99997 2.95784e-05
3 0.00780322 0.992197
3 0.00229316 0.997707
10 1 1e-07
10 1 1e-07
10 1 1e-07
10 1 1e-07
10 1 1e-07
10 1 1e-07
10 1 1.62031e-07
10 1 1e-07
10 1 1e-07
10 1 1e-07
10 1 1e-07
10 1 1e-07
10 1 1e-07
10 1 1e-07
10 1 1e-07
10 1 1e-07
10 0.99894 0.00106023
10 1 1e-07
10 0.999999 1.44681e-06
10 1 1e-07
10 1 1e-07
10 1 1.09264e-07
10 1 1e-07
10 1 1e-07
10 1 1e-07
10 1 1e-07
10 1 1e-07
3 0.000607112 0.999393
10 0.999969 3.09941e-05
10 0.926705 0.0732954
10 1 1e-07
10 0.999988 1.17403e-05
10 1 1e-07
10 0.985724 0.014276
10 1 1e-07
10 1 1e-07
10 1 1e-07
10 1 1e-07
10 0.99995 5.03423e-05
10 1 1e-07
10 1 1e-07
10 1 1e-07
10 0.999998 2.02326e-06
10 0.861324 0.138676
10 1 1e-07
10 1 1e-07
10 1 1e-07
10 1 1.10773e-07
10 1 1e-07
10 1 1e-07
10 0.999999 1.08665e-06
10 1 1.54087e-07
10 1 1e-07
10 1 1e-07
10 1 1e-07
10 1 1e-07
10 1 1e-07
10 1 1e-07
10 1 1e-07
10 0.998992 0.00100795
10 1 1e-07
10 1 1e-07
10 1 1e-07
10 1 1e-07
3 3.84732e-05 0.999962
10 1 1e-07
10 1 1e-07
10 0.999998 2.01772e-06
10 1 1e-07
10 0.999995 5.19016e-06
3 0.00187409 0.998126
10 1 1e-07
10 1 1e-07
3 1.79611e-05 0.999982
10 1 1e-07
10 1 1e-07
10 1 2.44801e-07
10 1 1e-07
10 1 1e-07
10 1 1e-07
10 0.999999 9.9766e-07
10 1 1e-07
10 1 1e-07
10 1 1e-07
10 1 1e-07
10 1 1e-07
10 1 1e-07
10 1 1e-07
10 1 1e-07
10 0.99983 0.000169903
3 0.0154612 0.984539
10 1 1e-07
10 1 1e-07
10 1 1e-07
10 1 1e-07
10 0.999966 3.44096e-05
10 1 1e-07
10 1 1e-07
3 6.75235e-05 0.999932
10 1 1.03558e-07
10 1 1e-07
10 1 1e-07
10 1 1e-07
10 1 1e-07
10 1 1e-07
10 0.999994 6.47042e-06
10 1 1e-07
10 1 1e-07
10 1 1e-07
10 1 1e-07
10 1 1e-07
10 1 1e-07
10 1 1e-07
10 0.996847 0.00315262
10 1 1e-07
3 0.00165428 0.998346
10 1 1e-07
10 0.999997 2.84907e-06
10 1 1e-07
10 1 3.90067e-07
10 1 1e-07
10 0.999931 6.94041e-05
10 1 1e-07
10 1 1e-07
10 1 1e-07
10 1 1e-07
10 1 1e-07
10 1 1e-07
3 2.13837e-05 0.999979
10 0.999987 1.31525e-05
10 1 1e-07
10 1 1.7342e-07
10 0.999994 5.66865e-06
10 1 1e-07
3 0.0291311 0.970869
10 1 1e-07
10 1 1e-07
10 1 1e-07
10 0.999965 3.50798e-05
10 1 1e-07
10 1 1e-07
10 1 3.88167e-07
10 0.999941 5.90708e-05
10 1 1e-07
10 1 1e-07
10 1 1e-07
10 1 1e-07
10 1 1e-07
10 1 1e-07
10 1 1e-07
10 1 1e-07
10 1 1e-07
10 1 1e-07
10 0.999999 6.27814e-07
10 0.999877 0.000123231
10 1 1e-07
10 0.652163 0.347837
3 0.000109674 0.99989
10 1 1e-07
3 0.00659231 0.993408
10 1 1e-07
10 1 1e-07
3 0.000216269 0.999784
10 1 1e-07
10 1 1e-07
10 1 1e-07
10 1 1.97934e-07
10 0.99997 2.95945e-05
10 0.999993 6.80007e-06
10 1 1e-07
10 1 1e-07
10 1 1e-07
10 1 1e-07
3 0.00180729 0.998193
10 1 1e-07
10 1 1e-07
10 1 1e-07
10 1 1e-07
10 1 1e-07
10 1 1e-07
10 1 1e-07
10 1 1e-07
10 1 1e-07
10 1 1e-07
10 1 1e-07
10 1 1e-07
3 0.00184329 0.998157
10 1 1e-07
3 0.000109668 0.99989
10 1 1e-07
3 0.000464377 0.999536
10 0.989082 0.0109184
10 1 1e-07
10 1 1e-07
10 1 1e-07
3 0.00310227 0.996898
10 1 1.70288e-07
10 1 1e-07
10 1 1e-07
10 1 1e-07
3 8.61643e-06 0.999991
10 1 1e-07
3 0.000588676 0.999411
10 1 1e-07
10 1 1e-07
10 1 1e-07
10 1 1e-07
10 1 1e-07
10 1 2.24943e-07
10 0.999994 6.49555e-06
10 0.999999 5.87157e-07
10 1 1e-07
10 1 1e-07
10 0.981189 0.0188115
3 0.0098746 0.990125
10 1 1e-07
3 0.000158939 0.999841
10 1 1e-07
10 0.998465 0.00153528
10 1 1e-07
10 0.999998 1.68999e-06
10 0.99999 1.02322e-05
3 0.00371326 0.996287
10 1 1e-07
10 1 1e-07
10 0.999999 6.04276e-07
3 8.36028e-05 0.999916
10 1 1e-07
10 1 1e-07
10 0.999999 1.48165e-06
10 1 1e-07
10 1 1e-07
10 1 1e-07
10 0.999969 3.09977e-05
10 1 1e-07
10 1 1e-07
10 0.999996 4.19216e-06
10 0.999999 5.33315e-07
10 1 1e-07
3 0.0411283 0.958872
10 1 1e-07
10 1 1e-07
10 1 1e-07
10 1 1e-07
10 1 1e-07
10 1 1e-07
10 1 1e-07
10 0.999997 2.57311e-06
10 0.999961 3.85379e-05
10 1 1e-07
10 1 1e-07
10 1 1e-07
10 1 1e-07
10 1 1e-07
10 0.999929 7.07018e-05
10 0.999989 1.06468e-05
10 1 1e-07
10 1 1e-07
10 1 1e-07
10 1 1e-07
10 1 1e-07
10 1 1e-07
10 1 1e-07
10 1 1e-07
10 0.999998 2.40711e-06
10 1 1e-07
10 1 1e-07
10 1 1e-07
10 1 1.00792e-07
10 1 1e-07
10 1 1e-07
10 1 1e-07
10 1 1e-07
10 0.999955 4.52015e-05
10 1 1e-07
10 0.999989 1.14894e-05
3 0.000802541 0.999197
10 1 1e-07
10 1 1e-07
10 1 1e-07
10 0.999996 3.85694e-06
10 1 1e-07
10 1 1e-07
10 1 1e-07
10 1 1e-07
3 0.00166131 0.998339
10 1 1e-07
10 1 3.58746e-07
10 1 1e-07
10 0.999967 3.3018e-05
10 1 1e-07
10 1 1e-07
10 1 1e-07
3 0.00211122 0.997889
10 1 1e-07
10 1 1e-07
10 1 2.4556e-07
10 1 1e-07
3 0.00066953 0.99933
10 0.999994 5.92278e-06
10 1 1e-07
10 0.999997 2.82388e-06
10 1 1e-07
10 1 1e-07
10 1 1e-07
10 1 1e-07
10 1 1e-07
10 0.999983 1.66807e-05
10 1 1e-07
10 1 1e-07
10 1 1e-07
3 0.000191212 0.999809
10 0.999609 0.000391167
10 1 1e-07
10 1 1e-07
10 1 1e-07
10 1 1e-07
10 1 1e-07
3 0.000134749 0.999865
10 1 1e-07
10 0.878589 0.121411
10 1 1e-07
10 0.999989 1.11078e-05
10 1 1e-07
10 1 1e-07
10 1 1e-07
10 0.999999 6.71098e-07
10 1 1e-07
10 1 1e-07
3 1.12745e-05 0.999989
10 0.998319 0.00168106
3 0.00237552 0.997624
10 1 1e-07
3 0.00106157 0.998938
3 0.000258007 0.999742
10 1 1e-07
10 0.999999 1.4667e-06
10 1 1e-07
10 0.999976 2.35025e-05
10 1 1e-07
10 0.999998 2.37477e-06
10 1 2.50632e-07
10 1 1e-07
10 1 1e-07
10 1 1e-07
10 1 1e-07
10 1 1e-07
10 0.999999 6.41281e-07
10 1 1e-07
10 1 1.23922e-07
10 0.982791 0.0172088
10 0.999798 0.000202216
10 1 1e-07
10 1 1e-07
10 1 1e-07
10 1 1e-07
10 1 1e-07
3 8.93849e-05 0.999911
10 1 1e-07
10 1 1.22255e-07
3 0.000414542 0.999585
10 1 1e-07
10 1 1e-07
10 1 1e-07
3 0.0067752 0.993225
10 1 1e-07
10 1 1e-07
10 1 1e-07
10 1 1e-07
10 0.996506 0.0034937
10 1 1e-07
10 0.999999 8.07044e-07
10 1 1e-07
10 0.999998 1.86109e-06
10 0.999999 9.20432e-07
10 1 1e-07
10 1 1e-07
3 0.000108784 0.999891
10 1 1e-07
3 0.00179025 0.99821
10 1 1e-07
10 0.999968 3.2403e-05
10 0.999994 6.2856e-06
10 1 1e-07
10 0.999502 0.000498415
10 1 1e-07
10 0.999936 6.42819e-05
10 1 1e-07
10 1 1e-07
10 0.999956 4.44055e-05
10 0.998021 0.0019793
10 1 1e-07
10 0.999452 0.000547763
10 1 1e-07
10 1 1e-07
10 0.999893 0.000107411
10 1 1e-07
10 1 1e-07
10 1 1e-07
10 1 1e-07
10 1 1e-07
10 0.999999 1.10389e-06
10 0.999901 9.92412e-05
10 1 1e-07
10 1 1e-07
10 0.999756 0.000243719
10 1 1e-07
10 1 1e-07
10 1 1e-07
10 0.999999 6.40975e-07
10 1 1e-07
10 1 1e-07
10 1 1e-07
3 0.00179728 0.998203
10 1 1e-07
10 1 1e-07
3 1.44866e-05 0.999986
10 1 1e-07
10 1 1e-07
10 0.999992 7.80115e-06
10 0.999851 0.000148993
10 1 1e-07
10 1 1e-07
10 1 1e-07
10 1 3.82932e-07
10 0.999995 5.47726e-06
10 0.998087 0.001913
10 1 1e-07
10 1 1e-07
10 1 1e-07
10 1 1.09329e-07
10 1 1e-07
10 0.999999 1.31311e-06
10 1 1e-07
10 1 1e-07
10 1 1e-07
10 0.998793 0.00120651
10 1 1e-07
10 1 1e-07
10 0.999218 0.000781538
10 0.999999 8.70073e-07
10 1 1e-07
10 1 1e-07
10 1 1e-07
10 1 1e-07
10 1 1e-07
10 1 1e-07
10 1 2.92406e-07
10 1 1e-07
10 0.999992 7.50308e-06
10 0.999999 5.23862e-07
10 1 1e-07
10 1 1e-07
10 1 1e-07
3 1.38878e-05 0.999986
10 1 1e-07
3 6.51753e-05 0.999935
10 1 1e-07
10 1 1e-07
10 1 1e-07
10 1 1e-07
10 1 1e-07
10 0.999999 6.49043e-07
10 0.999693 0.000306555
10 1 1e-07
10 0.999488 0.000512316
10 1 1e-07
10 1 1e-07
10 1 1e-07
10 1 1e-07
10 1 1.07149e-07
10 1 1e-07
10 1 1e-07
10 1 1e-07
10 0.999953 4.68235e-05
10 1 1e-07
10 1 1e-07
3 7.87555e-05 0.999921
10 1 1e-07
10 1 1e-07
3 0.143359 0.856641
10 1 1e-07
10 1 1e-07
10 1 1e-07
10 1 1e-07
10 1 1e-07
10 1 1e-07
10 0.999988 1.15434e-05
10 1 1e-07
10 1 1e-07
10 0.999998 1.53371e-06
10 1 1e-07
10 1 3.17986e-07
10 1 1e-07
10 1 1e-07
10 1 1e-07
10 1 1e-07
3 0.00161476 0.998385
10 1 1e-07
3 0.000146576 0.999853
10 1 1e-07
10 1 1e-07
10 1 1e-07
10 1 1e-07
10 1 1e-07
10 1 1e-07
10 1 1e-07
10 1 1e-07
10 0.999993 6.67261e-06
10 0.999953 4.70008e-05
10 1 1e-07
10 1 1e-07
3 0.000220155 0.99978
10 1 1e-07
3 0.159637 0.840363
10 1 1e-07
10 0.999989 1.08272e-05
10 1 1e-07
10 1 1e-07
10 1 1e-07
10 0.999996 4.48148e-06
10 1 1e-07
10 1 1e-07
10 1 1e-07
10 1 1e-07
3 0.0721526 0.927847
10 1 1e-07
10 1 1e-07
10 1 1e-07
10 1 1e-07
10 1 1.6825e-07
10 1 1e-07
10 1 1e-07
10 1 1e-07
3 0.00472744 0.995273
3 0.00246445 0.997536
3 0.00052187 0.999478
10 1 1e-07
10 1 1e-07
10 1 1e-07
10 1 1e-07
10 1 1e-07
10 1 1e-07
10 1 1e-07
10 1 4.59287e-07
10 1 1e-07
10 0.999996 4.09862e-06
10 1 1e-07
10 1 1e-07
10 1 1e-07
10 1 1e-07
3 0.0994981 0.900502
10 1 1e-07
3 0.000262275 0.999738
10 1 1e-07
10 1 1e-07
10 1 1e-07
10 0.999728 0.000271688
10 1 1e-07
10 0.999876 0.000123519
3 0.00144522 0.998555
3 0.0553621 0.944638
10 0.999737 0.000262819
10 1 1e-07
10 1 1.27176e-07
10 0.999999 1.07189e-06
3 0.00113013 0.99887
10 1 1e-07
10 1 1e-07
10 0.998809 0.00119124
10 1 1e-07
10 0.999902 9.84034e-05
10 0.898826 0.101174
10 0.999048 0.000951939
10 1 1.80151e-07
10 1 1e-07
10 1 1e-07
3 0.000655865 0.999344
10 0.999997 2.65005e-06
10 1 1e-07
3 0.00440744 0.995593
10 1 1e-07
10 1 1.99409e-07
3 0.00333871 0.996661
10 1 1e-07
10 1 1e-07
10 0.999999 1.1572e-06
10 1 1e-07
10 1 1e-07
10 0.999998 2.40871e-06
10 0.999484 0.000515567
10 1 1e-07
10 0.999997 3.01856e-06
10 1 1e-07
10 1 1e-07
10 1 1e-07
3 0.000473415 0.999527
10 0.999983 1.68649e-05
10 0.999996 3.65079e-06
10 1 1e-07
10 1 2.39858e-07
10 1 1e-07
10 1 1e-07
10 0.999999 1.05145e-06
10 1 1e-07
10 1 1e-07
10 1 1e-07
10 1 1e-07
10 1 1.25962e-07
10 0.999673 0.000327014
10 1 1e-07
10 1 1e-07
10 1 1e-07
10 1 1.053e-07
10 1 1e-07
10 0.965534 0.0344656
10 1 1e-07
10 1 1e-07
3 0.00566577 0.994334
10 1 1e-07
10 1 1e-07
10 1 1e-07
10 0.95103 0.0489701
10 1 1e-07
10 0.999819 0.000181439
10 1 1e-07
10 0.999953 4.73704e-05
10 1 1e-07
10 0.999467 0.00053303
10 1 1.76748e-07
10 0.999823 0.000176567
10 0.999977 2.26974e-05
10 0.99998 2.02127e-05
10 0.999996 3.64166e-06
10 1 1e-07
10 1 1e-07
10 1 1e-07
10 0.999834 0.000166073
10 0.999957 4.26167e-05
10 1 1e-07
3 0.00040599 0.999594
10 1 1e-07
10 0.999328 0.00067238
10 1 1e-07
3 0.00185718 0.998143
10 1 1e-07
10 1 1e-07
10 1 1e-07
3 8.40435e-05 0.999916
10 1 1e-07
10 0.999931 6.92722e-05
10 1 1e-07
10 0.999662 0.000337872
10 0.999645 0.00035467
10 0.999999 6.67597e-07
10 0.999866 0.000133612
10 1 1e-07
10 1 1e-07
3 9.38644e-05 0.999906
10 1 1e-07
10 1 1e-07
10 1 1e-07
10 0.998084 0.00191562
10 1 1e-07
3 0.0021128 0.997887
10 0.999999 9.68167e-07
10 1 4.16064e-07
10 1 1e-07
10 1 1e-07
10 1 1.26243e-07
10 1 1.04533e-07
10 1 1e-07
3 0.0022659 0.997734
3 0.000289384 0.999711
10 1 1e-07
10 1 1e-07
10 1 4.7199e-07
10 1 1e-07
10 0.999999 6.17327e-07
10 0.999995 5.44123e-06
10 1 1e-07
10 1 1e-07
3 9.32038e-06 0.999991
3 0.0127533 0.987247
3 0.000830522 0.999169
10 1 1e-07
3 0.0021895 0.997811
10 1 1e-07
10 1 1e-07
10 1 1e-07
10 1 1.10008e-07
10 1 1e-07
10 1 1e-07
10 1 1.13868e-07
10 1 1e-07
10 1 1e-07
10 0.999983 1.70646e-05
10 1 1e-07
10 0.999786 0.000213674
10 1 1e-07
10 1 1e-07
10 1 1e-07
10 1 1e-07
10 1 1e-07
10 0.997302 0.00269801
10 0.999938 6.1537e-05
10 1 1e-07
10 1 1e-07
10 1 1e-07
10 1 3.01777e-07
10 1 1e-07
10 1 1e-07
10 1 1e-07
10 0.999999 7.38021e-07
10 0.999904 9.61096e-05
10 1 1e-07
10 1 1e-07
10 0.999682 0.000317718
10 1 1e-07
10 1 1e-07
10 1 1e-07
10 1 1.15335e-07
10 1 1e-07
10 1 1e-07
10 1 1e-07
10 1 1e-07
10 0.732169 0.267831
10 1 1e-07
10 1 1e-07
3 0.00771558 0.992284
10 1 1e-07
10 0.999999 6.46056e-07
10 1 1e-07
10 1 1e-07
10 1 2.43854e-07
10 1 1e-07
10 1 1e-07
10 1 1e-07
3 0.000375166 0.999625
10 1 1e-07
10 1 1e-07
10 1 1e-07
3 0.00461805 0.995382
10 0.995417 0.0045825
10 1 1e-07
10 1 1e-07
10 1 1e-07
10 1 1e-07
10 1 1e-07
10 0.999991 9.29935e-06
10 1 1e-07
10 1 1e-07
10 0.999998 2.24905e-06
10 1 1e-07
3 0.00074256 0.999257
10 1 1e-07
10 1 1e-07
10 1 1e-07
10 1 1e-07
3 0.00788499 0.992115
10 0.999831 0.000169082
10 0.99777 0.0022295
10 0.67958 0.32042
10 1 1e-07
10 0.999814 0.000185591
10 1 1e-07
10 1 1e-07
10 1 1e-07
10 0.999406 0.0005935
