labels 10 4
10 1 1e-07
10 1 1e-07
10 1 1e-07
10 0.999988 1.23881e-05
10 0.999999 6.13154e-07
10 0.999995 5.44147e-06
4 0.00484665 0.995153
10 0.999999 6.00355e-07
10 1 1e-07
10 1 1e-07
10 0.985816 0.0141844
10 1 1e-07
10 1 1e-07
10 1 1e-07
10 0.999768 0.000231528
10 0.999999 9.88089e-07
10 1 1e-07
10 0.999998 2.03657e-06
10 1 1e-07
4 0.0107988 0.989201
10 0.999997 3.41309e-06
10 0.999999 1.2962e-06
10 0.995522 0.00447833
10 0.999998 2.03297e-06
10 0.999995 5.41718e-06
10 1 1e-07
4 5.13003e-05 0.999949
10 1 1e-07
4 2.19567e-07 1
10 1 1e-07
10 1 1e-07
10 1 1e-07
10 0.999757 0.000242917
4 0.0578479 0.942152
4 0.0481945 0.951805
10 1 1e-07
10 1 1e-07
10 0.999999 5.10341e-07
10 1 1e-07
10 1 1e-07
10 0.999999 6.72809e-07
10 0.973842 0.026158
10 0.98927 0.0107296
10 1 4.21972e-07
10 1 1e-07
10 1 1e-07
10 1 1e-07
10 0.999999 1.24705e-06
10 1 1e-07
10 0.999985 1.49534e-05
10 1 1e-07
10 1 1e-07
10 0.999995 4.78954e-06
4 0.000509218 0.999491
10 1 1e-07
10 1 1e-07
10 0.999998 1.96749e-06
10 0.999964 3.62272e-05
10 1 3.11721e-07
10 1 1e-07
10 1 1e-07
10 1 1e-07
10 0.999858 0.000141718
10 1 1e-07
10 0.999994 5.68764e-06
10 1 1e-07
10 1 1e-07
10 1 1e-07
10 1 1e-07
10 1 1e-07
10 1 2.21845e-07
10 1 1e-07
10 1 1e-07
10 1 1e-07
10 1 1e-07
10 1 2.36643e-07
10 0.999912 8.7938e-05
10 0.998625 0.00137522
10 1 1e-07
10 0.999981 1.92426e-05
10 1 1e-07
10 0.999999 7.14473e-07
10 0.999986 1.41822e-05
10 0.999335 0.000664875
10 0.99999 9.5644e-06
10 1 1e-07
10 0.999996 3.7522e-06
10 1 1e-07
10 1 2.20675e-07
10 1 1e-07
10 1 1e-07
10 0.997975 0.00202479
10 1 1e-07
10 1 1e-07
10 0.997475 0.00252489
10 1 1e-07
10 1 1e-07
10 1 1e-07
4 0.000990832 0.999009
10 1 1e-07
10 0.999989 1.12251e-05
10 0.999994 6.05004e-06
4 0.0694952 0.930505
10 1 1e-07
10 0.993947 0.00605263
10 0.999994 6.08176e-06
10 1 1e-07
10 1 1e-07
10 1 1e-07
10 0.999734 0.000266036
10 0.999958 4.23139e-05
10 1 1e-07
10 0.999882 0.000118363
10 0.999898 0.00010176
10 0.999727 0.000273123
10 0.999999 8.77224e-07
10 0.999795 0.000205268
10 1 2.48592e-07
10 1 1e-07
10 1 1.60203e-07
10 1 1e-07
10 0.999929 7.14642e-05
10 0.998797 0.00120299
10 1 1e-07
10 0.999992 8.46221e-06
10 1 1e-07
10 0.999562 0.00043788
4 0.00707568 0.992924
10 1 1e-07
10 1 1.58304e-07
4 0.491856 0.508144
10 1 1e-07
10 1 1.34216e-07
10 1 1e-07
4 0.0199807 0.980019
10 0.999984 1.60726e-05
4 0.00456752 0.995432
10 1 1e-07
10 1 1e-07
10 1 1e-07
10 1 1e-07
10 0.999873 0.000127107
10 1 1e-07
10 0.999995 4.75432e-06
10 1 1e-07
10 0.999996 3.70711e-06
10 1 1e-07
10 1 1.72309e-07
4 7.22963e-06 0.999993
4 0.0420529 0.957947
10 1 1e-07
10 1 1e-07
10 1 1e-07
10 1 1e-07
10 0.999995 4.607e-06
10 1 1e-07
10 0.999994 6.23075e-06
4 0.000515473 0.999485
10 0.99996 3.99021e-05
10 1 1e-07
10 0.999998 1.82825e-06
10 0.999911 8.89298e-05
10 1 1e-07
10 0.999999 6.47039e-07
10 1 1e-07
4 0.00250357 0.997496
10 1 1e-07
10 0.99993 7.00833e-05
10 0.999999 6.05038e-07
10 1 1e-07
10 1 1e-07
10 1 1e-07
10 0.99873 0.00127017
10 0.999979 2.06941e-05
10 0.999999 5.14507e-07
10 0.99814 0.00186009
10 1 1e-07
10 1 1e-07
10 0.998328 0.00167229
10 1 1e-07
10 0.999961 3.9179e-05
10 0.99947 0.000530479
10 0.999981 1.89855e-05
10 1 1e-07
10 1 1e-07
10 1 1e-07
10 1 1.38826e-07
10 0.999999 9.50153e-07
10 0.999089 0.000910876
4 0.00185008 0.99815
10 0.999994 6.35395e-06
10 0.999914 8.574e-05
10 1 1e-07
10 1 2.97129e-07
10 0.999999 6.0939e-07
10 0.999139 0.000861014
10 1 1e-07
10 1 1e-07
10 1 1e-07
10 0.999041 0.00095894
10 0.998614 0.00138619
10 0.999995 5.03693e-06
10 0.999896 0.000103532
10 0.999997 2.71031e-06
10 0.999992 7.55771e-06
10 1 1e-07
10 1 1e-07
10 0.999996 4.4454e-06
10 1 1e-07
10 1 1e-07
10 0.999304 0.000695853
10 1 1e-07
10 0.999966 3.40244e-05
10 0.999999 5.65843e-07
10 0.999561 0.000438634
10 1 4.40711e-07
10 1 1e-07
10 1 1.99246e-07
10 0.999708 0.000292308
4 0.00154191 0.998458
4 0.0065354 0.993465
10 1 1e-07
10 1 1e-07
10 1 1e-07
10 1 1e-07
10 0.999163 0.000837222
10 0.999998 1.58956e-06
10 1 1e-07
10 1 1e-07
10 0.999922 7.83592e-05
10 1 1e-07
10 0.847639 0.152361
10 0.999989 1.06515e-05
10 0.99997 2.98929e-05
10 1 1e-07
10 1 1e-07
10 0.999999 6.92287e-07
10 1 1e-07
4 0.0997287 0.900271
10 0.999989 1.06538e-05
10 1 1e-07
10 1 1e-07
10 0.984524 0.0154756
10 0.999996 3.72966e-06
10 1 1e-07
10 0.999939 6.12639e-05
10 0.981022 0.0189783
10 1 1e-07
10 0.999999 1.09706e-06
10 0.998075 0.00192506
10 0.999953 4.73557e-05
10 1 1.93594e-07
10 1 1e-07
10 0.999991 8.94726e-06
10 0.999788 0.000211502
10 1 1e-07
10 1 1e-07
10 0.999992 8.4699e-06
4 0.0258648 0.974135
10 1 1e-07
4 0.00102365 0.998976
10 1 1e-07
4 0.0124666 0.987533
10 0.99954 0.000459662
10 0.998319 0.00168067
10 1 1.56856e-07
10 1 1e-07
10 1 1e-07
10 0.994234 0.00576615
10 1 1e-07
10 1 1e-07
4 0.00134301 0.998657
10 1 1e-07
10 0.999996 3.93202e-06
10 0.999994 5.7744e-06
10 1 2.03009e-07
10 1 2.02622e-07
10 1 1e-07
10 1 1.37878e-07
10 1 1e-07
10 1 1e-07
10 1 1.93396e-07
10 1 1e-07
10 1 1e-07
10 1 1e-07
10 1 1e-07
10 1 1e-07
10 1 2.71857e-07
10 1 1e-07
10 0.999976 2.3928e-05
10 1 1e-07
10 1 1e-07
10 1 1e-07
10 1 1e-07
10 1 1e-07
10 1 1e-07
10 0.999999 6.65429e-07
10 1 1e-07
10 0.999542 0.000457529
10 1 1e-07
10 1 1e-07
10 0.99996 4.01791e-05
10 0.999969 3.13175e-05
10 1 1e-07
4 0.00152914 0.998471
4 0.00276552 0.997234
10 1 1e-07
10 0.999799 0.000200877
10 1 1e-07
4 0.000152111 0.999848
10 0.999993 6.54737e-06
10 0.999987 1.26818e-05
10 1 1e-07
10 1 1e-07
10 1 1e-07
10 1 1e-07
4 0.027177 0.972823
10 0.999274 0.000725934
10 1 1e-07
10 0.980626 0.0193737
10 1 1e-07
10 0.999993 6.89463e-06
10 1 1.12236e-07
10 1 1e-07
10 0.994934 0.00506599
10 0.999933 6.69798e-05
10 0.999996 3.67425e-06
10 0.999489 0.000510846
10 1 1e-07
10 0.999979 2.05484e-05
10 1 1e-07
4 1.03818e-05 0.99999
10 0.999503 0.000496909
10 1 1e-07
10 1 1e-07
10 0.999991 9.44864e-06
10 1 1e-07
10 1 1e-07
10 1 1e-07
10 1 1e-07
10 0.99999 1.03546e-05
4 1.71326e-05 0.999983
10 1 1e-07
10 0.999998 2.46945e-06
10 0.999992 7.8929e-06
10 0.999273 0.000727491
10 1 1e-07
4 0.00168078 0.998319
10 1 1e-07
10 0.999999 8.28422e-07
4 0.0173095 0.98269
10 1 1e-07
10 1 1e-07
10 0.999995 4.71737e-06
10 1 1e-07
10 0.999406 0.000593905
4 0.0247608 0.975239
10 1 1e-07
10 0.999948 5.22838e-05
10 1 1e-07
10 0.999999 7.24006e-07
10 1 1e-07
10 0.989004 0.0109956
10 1 1e-07
10 0.999999 7.18126e-07
10 1 1e-07
10 0.999587 0.000412845
10 0.998515 0.00148531
10 0.99997 2.97652e-05
10 1 1e-07
4 0.0206965 0.979303
10 1 1e-07
10 1 1e-07
10 1 1e-07
10 1 1e-07
10 1 1e-07
4 0.0975228 0.902477
10 0.999994 5.85844e-06
10 1 1e-07
10 0.999995 4.72008e-06
10 0.997794 0.00220559
10 1 1e-07
10 0.999977 2.2903e-05
10 1 1e-07
10 1 1e-07
10 0.999998 2.06112e-06
10 0.999984 1.56587e-05
10 1 1e-07
10 1 1e-07
4 1.49559e-06 0.999999
10 1 1e-07
10 0.99963 0.000370171
10 1 1e-07
10 0.999256 0.000743892
10 1 1e-07
10 1 1e-07
10 0.999995 5.01998e-06
10 0.999946 5.40049e-05
10 0.99996 4.04714e-05
10 1 1e-07
10 0.999999 7.40069e-07
10 0.999989 1.13562e-05
10 1 1e-07
10 1 1e-07
4 0.449574 0.550426
10 1 1e-07
10 0.996346 0.00365436
10 1 1e-07
10 1 1e-07
10 1 2.04405e-07
10 1 1e-07
10 1 1e-07
10 1 1e-07
10 1 1e-07
10 1 1e-07
10 1 1.73533e-07
10 1 1e-07
10 0.999966 3.40978e-05
4 0.000616672 0.999383
10 1 1e-07
10 1 1e-07
4 7.93533e-05 0.999921
10 1 1e-07
10 1 1e-07
10 1 1.89193e-07
10 1 1e-07
10 1 1e-07
10 0.999988 1.2147e-05
10 0.999988 1.2449e-05
10 1 1e-07
10 1 1e-07
10 1 1e-07
10 1 1e-07
10 0.999976 2.4196e-05
10 1 1e-07
10 1 1e-07
10 0.999998 1.86028e-06
10 0.999997 2.64595e-06
10 0.999997 2.85183e-06
10 0.999999 1.22228e-06
10 0.999926 7.35379e-05
10 1 1e-07
10 1 1e-07
10 0.99925 0.00075014
10 1 2.23605e-07
10 0.999728 0.000271991
10 0.999622 0.000377604
10 1 1e-07
10 0.999999 9.58221e-07
10 0.999473 0.000527201
10 0.999598 0.000402357
10 1 1e-07
10 1 1e-07
10 0.999997 3.16831e-06
10 1 1e-07
4 0.00116632 0.998834
10 0.999999 6.81731e-07
10 0.999865 0.00013464
4 0.0254002 0.9746
10 0.999979 2.13277e-05
10 1 1e-07
10 1 1e-07
10 1 1e-07
10 0.999981 1.85069e-05
10 1 1e-07
10 0.999994 6.2328e-06
10 0.999901 9.91941e-05
10 1 1e-07
10 1 1e-07
10 1 1e-07
10 0.999999 7.0238e-07
10 1 1e-07
4 0.127168 0.872832
10 0.997957 0.00204291
10 0.999999 9.73263e-07
10 1 1e-07
4 0.000194261 0.999806
4 0.0269439 0.973056
10 1 1e-07
10 1 1e-07
10 0.999997 2.80272e-06
10 1 1e-07
10 1 1.52519e-07
4 0.0466956 0.953304
10 1 1e-07
4 0.00376727 0.996233
10 1 1e-07
10 1 1e-07
10 1 1e-07
10 1 1e-07
10 1 3.02631e-07
10 0.999992 7.8726e-06
10 1 1e-07
10 0.999985 1.54155e-05
10 1 1e-07
10 1 1e-07
10 1 1e-07
10 1 1e-07
10 0.999641 0.000358687
10 0.999904 9.57072e-05
10 0.998919 0.00108118
10 1 1e-07
10 1 1e-07
10 0.999901 9.86158e-05
4 0.000104991 0.999895
10 1 2.09782e-07
10 1 1e-07
10 0.999965 3.49192e-05
10 0.999975 2.45747e-05
10 1 1e-07
10 1 1e-07
10 1 1e-07
10 1 1e-07
10 0.999992 8.07524e-06
10 1 1e-07
10 1 1e-07
10 0.999994 5.63675e-06
10 0.999999 1.42137e-06
10 1 1e-07
10 0.999787 0.000212649
10 1 1e-07
10 1 1e-07
10 1 1e-07
4 5.59535e-05 0.999944
10 1 1e-07
10 0.999991 9.4038e-06
10 1 1e-07
10 0.999976 2.42932e-05
10 0.999998 2.23772e-06
10 1 1e-07
10 0.999996 4.45996e-06
10 0.999789 0.000210701
10 1 1e-07
10 0.999998 1.56525e-06
10 1 1e-07
10 1 1e-07
10 0.998842 0.00115828
10 1 1e-07
10 0.999961 3.93566e-05
10 1 1e-07
10 1 1e-07
10 1 1e-07
10 0.999642 0.000358113
4 0.00597111 0.994029
10 0.999996 4.03818e-06
10 0.999988 1.2413e-05
10 0.998298 0.00170182
10 1 1e-07
10 0.999988 1.15042e-05
10 0.835381 0.164619
10 0.99997 2.97789e-05
10 1 1e-07
4 0.00078324 0.999217
10 1 1e-07
10 0.999967 3.2895e-05
10 1 1e-07
10 0.999429 0.000571438
10 1 2.38509e-07
10 1 1e-07
4 0.0240198 0.97598
4 0.00214405 0.997856
10 1 1e-07
10 1 1.26218e-07
10 0.99224 0.00775984
10 1 1e-07
10 1 1.91739e-07
4 0.000245343 0.999755
4 0.0395756 0.960424
10 1 1e-07
10 1 1e-07
10 1 1e-07
10 0.999831 0.000168719
4 0.000110445 0.99989
10 1 1.23224e-07
10 1 1e-07
10 1 1e-07
10 1 1e-07
10 1 1.82123e-07
4 1.30366e-05 0.999987
10 1 1e-07
10 1 1e-07
10 0.999998 2.10791e-06
10 0.999999 1.37603e-06
10 0.999963 3.72559e-05
10 1 1e-07
4 0.000334047 0.999666
10 1 1e-07
10 1 1e-07
10 1 1e-07
10 1 1e-07
10 1 1e-07
10 0.999987 1.30781e-05
4 0.00204621 0.997954
10 1 1e-07
10 1 1e-07
10 0.999997 3.16605e-06
10 0.999116 0.000883718
10 0.999893 0.000106833
10 0.999999 6.13469e-07
4 0.0084089 0.991591
10 0.999997 2.82038e-06
10 1 1.52495e-07
10 1 2.96671e-07
10 0.98141 0.0185903
10 1 1e-07
10 1 1e-07
10 1 1e-07
10 0.999996 3.72204e-06
4 0.000208347 0.999792
10 1 1e-07
10 1 1.94832e-07
10 0.999982 1.76977e-05
10 0.999905 9.53215e-05
10 0.999993 6.92816e-06
10 1 1e-07
10 1 1e-07
10 1 1e-07
10 1 1e-07
10 1 1e-07
10 1 1e-07
10 1 1e-07
10 1 1e-07
10 1 1.37248e-07
10 1 1e-07
10 0.999999 7.11718e-07
10 0.999989 1.06957e-05
10 1 1e-07
10 1 1e-07
10 0.999939 6.06909e-05
10 1 1e-07
10 1 1e-07
10 1 1e-07
10 1 1e-07
10 1 1e-07
10 1 1e-07
10 0.999999 1.29499e-06
10 0.999995 4.82099e-06
10 1 1e-07
10 0.999999 6.18071e-07
10 0.999998 2.30457e-06
10 1 1e-07
4 0.000421921 0.999578
10 1 1e-07
10 1 1e-07
10 0.999999 9.66031e-07
10 1 1e-07
4 0.0628219 0.937178
10 0.999975 2.49933e-05
10 1 1e-07
10 0.999739 0.00026127
10 0.999943 5.72907e-05
10 0.999707 0.000293099
10 1 1e-07
10 0.999812 0.000188022
10 0.998442 0.00155762
10 1 2.49675e-07
4 0.00102735 0.998973
10 1 1e-07
10 1 1.44683e-07
10 1 1e-07
10 1 1e-07
10 1 1e-07
10 0.999972 2.78676e-05
10 0.999969 3.1157e-05
10 1 1e-07
10 1 1e-07
10 1 1e-07
10 0.999997 3.25421e-06
10 0.999972 2.82743e-05
10 1 1e-07
10 1 1e-07
10 0.999997 2.95487e-06
10 1 1e-07
10 0.99999 9.9386e-06
10 0.999998 2.10825e-06
10 0.999999 6.25234e-07
10 1 1e-07
10 0.999999 8.52328e-07
10 0.995694 0.00430589
10 1 3.80866e-07
10 1 2.04867e-07
10 1 1e-07
10 0.999997 2.70918e-06
10 1 1e-07
4 0.211153 0.788847
10 1 2.31549e-07
10 1 3.58586e-07
10 0.995329 0.00467053
10 1 1e-07
10 1 1e-07
10 1 1e-07
10 1 1e-07
10 1 1e-07
10 1 1e-07
10 1 1e-07
4 0.00882191 0.991178
10 1 1e-07
10 1 1e-07
10 1 1e-07
10 1 1e-07
10 0.999785 0.000214633
10 0.999638 0.000362269
10 1 1e-07
4 2.08372e-06 0.999998
10 0.999537 0.000462611
10 1 1e-07
10 1 1e-07
10 1 1e-07
10 0.999824 0.000176322
10 1 1e-07
10 0.999998 1.54236e-06
10 0.998821 0.00117897
10 0.999936 6.36964e-05
10 0.999984 1.63049e-05
10 0.999953 4.7109e-05
10 1 1e-07
4 6.75726e-05 0.999932
10 1 1.785e-07
10 1 1e-07
10 1 1e-07
10 0.95399 0.0460097
10 1 1e-07
10 1 1e-07
4 0.0136807 0.986319
10 1 1e-07
10 1 2.66225e-07
10 1 1.54564e-07
10 1 1e-07
10 0.999993 6.88069e-06
10 0.999122 0.000878491
10 1 1e-07
10 0.984059 0.0159407
10 1 1.00604e-07
10 1 1e-07
10 1 1e-07
10 1 1e-07
10 0.999998 1.81216e-06
10 0.999999 5.54357e-07
10 0.999963 3.67653e-05
10 0.999962 3.82532e-05
10 1 2.49463e-07
4 0.0112679 0.988732
10 1 1e-07
10 1 1e-07
10 1 1e-07
10 1 1e-07
4 0.0027252 0.997275
10 0.999998 1.64205e-06
10 1 1.50397e-07
10 0.999991 9.47651e-06
10 0.999914 8.63757e-05
10 0.999999 8.69336e-07
10 0.999998 2.20567e-06
10 0.999926 7.36469e-05
10 1 1e-07
4 0.000674795 0.999325
10 1 1e-07
10 1 1e-07
10 0.998973 0.00102732
4 0.000283735 0.999716
10 0.99993 7.00066e-05
10 0.999965 3.47593e-05
10 1 2.88612e-07
10 1 2.26512e-07
10 0.999888 0.000112073
10 1 1e-07
10 1 1e-07
10 0.999796 0.000203613
10 0.999998 1.81495e-06
10 1 1e-07
10 0.999976 2.38275e-05
10 1 1e-07
10 1 1e-07
10 1 1e-07
10 1 1e-07
10 1 1e-07
10 0.999962 3.799e-05
10 0.999996 4.00235e-06
10 0.999938 6.15998e-05
10 0.999998 1.66466e-06
10 1 2.61531e-07
10 1 1e-07
10 0.999997 3.43358e-06
10 1 1e-07
4 0.00605423 0.993946
10 0.999999 1.45115e-06
10 0.999787 0.000212866
10 1 1e-07
10 1 1e-07
10 0.999988 1.24297e-05
10 0.999995 4.78575e-06
10 0.999995 4.52829e-06
10 0.999588 0.000411798
10 0.999999 1.02616e-06
10 1 1e-07
10 1 1e-07
10 1 1e-07
10 0.999984 1.60943e-05
10 1 1e-07
10 0.999779 0.000221431
10 0.965168 0.034832
10 1 1e-07
10 0.999919 8.08996e-05
10 1 1e-07
4 0.00115697 0.998843
4 6.1993e-06 0.999994
4 3.25576e-05 0.999967
10 0.999977 2.30098e-05
10 1 1e-07
10 0.999872 0.000127633
10 1 1e-07
10 1 4.83407e-07
10 0.999982 1.75776e-05
10 1 1e-07
4 0.360753 0.639247
10 0.999231 0.000768993
10 1 1.51646e-07
10 1 1e-07
10 1 1e-07
10 1 1e-07
10 1 1e-07
10 0.999859 0.000141277
10 0.999649 0.000350987
10 1 1.03259e-07
10 1 1.62046e-07
10 0.999944 5.56324e-05
10 0.999972 2.84303e-05
10 1 1e-07
10 0.998177 0.00182302
10 0.999952 4.82549e-05
10 1 1e-07
10 1 1e-07
10 0.999991 8.91072e-06
10 1 1e-07
10 0.999996 3.6463e-06
10 1 1.87461e-07
10 1 1e-07
10 0.999961 3.94602e-05
10 0.999995 4.86508e-06
10 0.999973 2.74593e-05
10 1 1e-07
10 1 1e-07
10 0.999583 0.000416763
10 0.99917 0.000829546
10 0.99946 0.000539629
10 0.996108 0.00389178
10 0.999998 2.33514e-06
10 0.999991 9.02948e-06
10 0.999999 1.21678e-06
10 1 1e-07
10 1 2.72116e-07
10 0.999665 0.000335476
10 1 1e-07
10 1 1e-07
10 0.999995 5.38596e-06
10 1 1e-07
10 1 1e-07
10 0.999998 2.09403e-06
10 0.999785 0.000214972
10 1 1e-07
10 1 1e-07
10 0.999994 5.61841e-06
10 0.999997 3.11648e-06
10 0.999982 1.75476e-05
10 1 2.84373e-07
10 1 2.01484e-07
10 0.999961 3.93412e-05
10 1 1e-07
10 0.999994 6.43078e-06
4 0.00639956 0.9936
10 1 1e-07
10 0.999999 5.66299e-07
10 1 1e-07
10 1 1e-07
10 1 1e-07
4 0.000959864 0.99904
10 1 1e-07
10 0.999996 3.50357e-06
10 0.999992 8.30819e-06
10 1 1.48605e-07
10 0.999783 0.00021746
10 0.999994 6.03405e-06
10 0.973418 0.0265819
10 0.999032 0.000967693
10 0.999962 3.80976e-05
10 0.999999 5.16832e-07
10 1 2.44683e-07
10 1 1e-07
4 1e-07 1
10 1 1e-07
10 1 1e-07
10 1 1e-07
10 0.999977 2.3459e-05
10 1 1e-07
10 1 1e-07
10 1 1e-07
10 1 1e-07
10 1 1e-07
10 1 1.1796e-07
10 1 1e-07
10 0.999998 1.86653e-06
4 0.00818878 0.991811
4 0.0139618 0.986038
10 1 1e-07
10 1 1e-07
10 1 1e-07
10 0.999939 6.0678e-05
4 0.0145925 0.985408
10 0.99721 0.00278967
10 0.999993 6.91428e-06
10 1 1e-07
10 1 1e-07
10 1 1e-07
10 1 1e-07
10 1 1e-07
10 1 4.3073e-07
10 0.999997 3.36361e-06
10 1 1e-07
10 0.999999 1.33547e-06
4 0.000316368 0.999684
10 1 1e-07
10 0.999999 8.33013e-07
10 1 1e-07
10 1 3.1418e-07
10 1 4.77805e-07
10 1 1e-07
10 1 1e-07
10 1 1e-07
10 1 1e-07
4 0.00156703 0.998433
4 0.000569339 0.999431
10 1 1e-07
10 1 1.37895e-07
10 0.999998 1.84632e-06
10 1 1e-07
10 1 1e-07
10 1 1e-07
10 1 1e-07
10 1 4.61855e-07
10 0.999999 8.53544e-07
10 0.999995 4.77311e-06
10 1 1e-07
10 0.999998 2.21009e-06
10 1 1e-07
4 0.00527192 0.994728
10 0.999996 3.96555e-06
10 1 1e-07
10 1 3.33498e-07
4 0.003267 0.996733
10 0.999572 0.000428404
10 1 1.00012e-07
4 0.00314944 0.996851
10 1 1e-07
10 0.999996 3.78673e-06
10 1 1e-07
10 1 1e-07
10 1 1e-07
10 0.999988 1.15041e-05
10 1 2.25528e-07
10 1 1.92849e-07
10 1 1e-07
4 5.77728e-05 0.999942
4 0.0210468 0.978953
10 0.999408 0.000591831
10 0.999987 1.33139e-05
10 0.998882 0.00111761
10 0.999994 5.92368e-06
10 1 1e-07
10 0.999996 3.89798e-06
10 0.999998 2.38336e-06
10 1 1e-07
10 0.999999 6.28489e-07
10 1 1e-07
10 0.999999 7.64076e-07
10 0.999993 6.99362e-06
10 1 1e-07
10 0.986967 0.0130333
10 1 1e-07
10 1 1e-07
10 1 1e-07
10 0.999999 7.87471e-07
10 1 1e-07
10 1 1e-07
10 0.999996 4.47719e-06
10 0.998575 0.00142466
10 0.999929 7.10715e-05
10 0.999998 1.50763e-06
10 0.999117 0.000883191
10 1 1e-07
10 0.999987 1.29906e-05
10 1 1e-07
10 0.999995 4.7159e-06
10 1 1e-07
10 0.999985 1.47781e-05
10 0.999552 0.000447668
10 0.99999 9.89402e-06
10 1 4.0533e-07
4 0.298441 0.701559
10 1 1e-07
4 0.00089104 0.999109
10 0.999952 4.80261e-05
10 1 1e-07
10 0.999999 1.47488e-06
10 0.999997 3.11458e-06
10 1 1e-07
10 0.999996 4.48959e-06
10 1 2.31976e-07
10 1 1e-07
10 1 1e-07
10 0.999999 5.16665e-07
10 0.999988 1.1672e-05
10 1 1e-07
10 1 1e-07
10 1 1e-07
10 1 2.08629e-07
10 1 1e-07
10 1 1e-07
10 1 1e-07
10 1 1e-07
10 1 1e-07
10 0.998543 0.00145678
10 1 1e-07
10 1 1e-07
10 0.999617 0.000383326
4 0.000214441 0.999786
10 1 1e-07
10 0.999998 2.10431e-06
10 0.998821 0.00117853
10 0.999306 0.00069425
10 0.999998 1.723e-06
10 1 1e-07
10 1 1e-07
10 0.999261 0.000738709
10 0.999982 1.82975e-05
10 0.979099 0.020901
10 1 1e-07
10 1 1e-07
10 1 1e-07
10 0.999965 3.48892e-05
10 1 1e-07
10 0.999987 1.29181e-05
10 1 1e-07
10 0.999997 2.59487e-06
10 0.999129 0.0008707
4 0.00922325 0.990777
10 0.999955 4.53513e-05
10 1 1e-07
10 1 1e-07
10 0.984714 0.0152864
4 1.69263e-05 0.999983
10 1 1e-07
10 0.997005 0.002995
10 0.999981 1.85712e-05
10 1 2.55801e-07
10 0.999998 1.89994e-06
10 0.999997 2.87258e-06
10 0.999988 1.22164e-05
4 0.000988503 0.999011
10 1 1e-07
10 0.999671 0.000329286
10 1 1e-07
10 0.999998 2.0634e-06
10 1 1e-07
10 1 1e-07
4 0.045081 0.954919
10 1 1.80927e-07
10 1 1e-07
10 1 1.17985e-07
4 0.0100459 0.989954
10 1 1e-07
10 1 1e-07
10 0.878321 0.121679
10 0.99999 1.03863e-05
10 1 1e-07
10 0.993016 0.00698361
10 1 1e-07
10 1 1e-07
10 1 1e-07
10 0.999987 1.2652e-05
10 1 1e-07
10 0.999968 3.16899e-05
10 1 1e-07
10 0.999968 3.23923e-05
10 0.999998 1.81561e-06
10 1 1e-07
10 1 1.57936e-07
10 1 1e-07
10 1 1e-07
10 0.999995 5.37981e-06
10 0.998581 0.00141947
10 0.993923 0.0060768
10 0.999998 2.30701e-06
10 0.999951 4.94518e-05
10 1 1e-07
10 0.999991 8.84958e-06
4 0.000664373 0.999336
10 1 1e-07
10 0.999998 1.74327e-06
10 1 1e-07
10 0.999968 3.22179e-05
10 1 4.87333e-07
10 1 1e-07
10 0.999952 4.823e-05
10 0.999999 1.26907e-06
10 1 1e-07
10 1 1e-07
10 1 1e-07
10 1 1e-07
10 0.999957 4.33458e-05
10 0.999989 1.05961e-05
10 1 1e-07
10 0.999994 6.00198e-06
10 1 1e-07
10 1 3.96736e-07
10 1 1e-07
10 0.999875 0.000125178
10 1 1e-07
10 1 1e-07
10 1 1e-07
4 0.0928013 0.907199
10 1 1e-07
4 0.0100805 0.989919
10 0.999976 2.38223e-05
4 0.294668 0.705332
10 1 1e-07
10 1 1.56895e-07
10 0.99998 1.96998e-05
10 1 1e-07
10 1 3.55865e-07
10 1 1e-07
10 1 1e-07
10 0.999999 1.00759e-06
10 0.999999 7.33569e-07
10 1 4.44091e-07
10 1 1e-07
10 0.999999 5.89628e-07
10 1 1e-07
10 0.999979 2.06856e-05
10 0.999107 0.000892843
10 1 1e-07
4 2.30384e-06 0.999998
4 0.0167805 0.983219
10 1 1e-07
10 1 1e-07
10 0.999982 1.81182e-05
10 0.999441 0.000558881
10 0.999982 1.829e-05
10 1 1e-07
10 0.999955 4.5003e-05
10 0.999999 5.03087e-07
10 0.999998 1.5464e-06
10 1 1e-07
10 1 1e-07
10 1 1e-07
10 1 1e-07
10 0.999995 4.82112e-06
4 0.000794572 0.999205
10 1 1e-07
10 0.999999 1.40475e-06
10 1 1e-07
4 0.00335382 0.996646
4 0.0013409 0.998659
10 1 1e-07
10 1 1e-07
10 1 1e-07
10 1 1e-07
10 1 1e-07
10 1 1e-07
10 1 1e-07
10 0.999959 4.09095e-05
10 0.998919 0.00108068
10 0.999884 0.000115701
10 0.999965 3.54002e-05
4 0.0269147 0.973085
10 1 1e-07
10 1 1e-07
10 0.999972 2.75254e-05
10 0.999943 5.73689e-05
10 1 1e-07
10 1 1e-07
10 1 1e-07
10 1 4.00674e-07
10 1 1.79247e-07
10 0.999964 3.55657e-05
10 1 1.49295e-07
10 0.99982 0.000179768
10 0.999994 6.11142e-06
10 0.999996 4.05272e-06
10 0.999999 1.29397e-06
10 1 1e-07
10 0.999964 3.6313e-05
10 0.999963 3.72048e-05
10 1 1e-07
10 1 1e-07
10 0.999901 9.93057e-05
10 1 4.97793e-07
10 1 1e-07
10 1 1e-07
4 0.00146461 0.998535
10 1 1e-07
10 0.999988 1.1922e-05
10 0.999928 7.18484e-05
10 1 1.73527e-07
10 1 1e-07
10 1 1e-07
4 0.00929297 0.990707
10 1 1e-07
10 1 1e-07
10 1 1e-07
10 0.999999 1.11578e-06
10 1 1e-07
10 0.999914 8.58863e-05
4 0.0157173 0.984283
10 0.999984 1.64913e-05
10 1 1.88135e-07
4 0.00090923 0.999091
10 0.998714 0.0012861
10 1 1e-07
4 0.0493779 0.950622
4 0.00197477 0.998025
10 1 1e-07
10 1 1e-07
10 1 1e-07
10 1 1e-07
10 1 1e-07
10 0.999983 1.7395e-05
10 0.999999 1.40413e-06
10 0.999999 6.80736e-07
4 0.00895533 0.991045
10 1 1e-07
10 1 1e-07
10 1 1e-07
4 0.0336086 0.966391
10 1 1e-07
10 1 1e-07
10 1 1e-07
10 1 4.65912e-07
10 0.999686 0.000314362
10 0.999995 5.48193e-06
10 1 1e-07
10 1 1e-07
10 1 1e-07
10 1 1e-07
10 0.99756 0.00243982
10 1 1e-07
10 1 1e-07
10 1 1e-07
10 0.999387 0.000612972
10 1 1e-07
10 1 1e-07
10 0.99999 9.92153e-06
10 0.999989 1.0845e-05
10 1 1e-07
10 1 1e-07
10 0.999996 3.80911e-06
10 1 1e-07
10 1 1e-07
10 0.999999 1.0929e-06
10 1 1e-07
10 1 1e-07
10 1 1e-07
10 0.999898 0.000102012
10 1 3.6732e-07
10 0.894706 0.105294
10 0.999997 2.73653e-06
10 1 1e-07
10 1 1e-07
10 1 1e-07
10 1 1e-07
10 0.999967 3.33495e-05
10 0.999995 5.44709e-06
10 1 1e-07
10 0.999911 8.93425e-05
10 1 1e-07
10 0.999688 0.000312439
10 1 1e-07
10 1 1e-07
10 0.999934 6.64995e-05
10 1 1e-07
10 1 1e-07
10 1 1e-07
10 1 1e-07
10 1 1e-07
10 1 1e-07
10 0.999996 4.24355e-06
10 1 1.99303e-07
10 1 1e-07
10 1 3.48456e-07
10 1 1e-07
10 0.999999 5.10739e-07
10 0.999986 1.35805e-05
10 1 1e-07
10 0.999818 0.000182427
10 1 1.50634e-07
10 0.999988 1.16239e-05
4 4.12329e-05 0.999959
10 0.999999 8.16157e-07
10 0.999823 0.000176916
10 1 1e-07
10 0.99999 9.8781e-06
10 0.999978 2.2047e-05
10 0.99999 9.67501e-06
10 0.995131 0.00486903
10 1 1e-07
10 0.991529 0.00847074
10 0.999987 1.29146e-05
10 1 1e-07
10 1 1e-07
10 1 1e-07
10 1 1e-07
10 1 1e-07
10 1 1e-07
4 0.00309878 0.996901
10 1 1e-07
10 1 4.4715e-07
10 0.999991 8.6496e-06
10 0.999999 1.19926e-06
10 1 1e-07
10 0.983066 0.0169339
10 0.999387 0.000613262
10 0.999999 9.18106e-07
10 1 1e-07
10 0.999989 1.11855e-05
10 1 1e-07
10 1 1e-07
10 0.999987 1.32471e-05
10 1 1e-07
10 1 1e-07
10 1 1e-07
10 1 1e-07
10 0.999995 5.23817e-06
10 0.999713 0.000287229
10 0.999864 0.000135571
10 0.999999 9.59864e-07
10 0.999993 6.74936e-06
4 0.000399003 0.999601
10 1 1e-07
10 1 1e-07
10 1 1e-07
10 0.999854 0.000146065
10 0.999981 1.91966e-05
10 1 2.22716e-07
10 1 1e-07
10 1 1e-07
4 5.38651e-05 0.999946
4 0.0030382 0.996962
10 1 1e-07
4 0.0149142 0.985086
10 0.999995 5.31999e-06
10 0.999999 1.15249e-06
10 1 1e-07
10 0.999999 6.60263e-07
10 0.999987 1.26225e-05
10 1 1e-07
10 0.999999 1.22888e-06
10 1 1e-07
10 1 1e-07
10 1 1e-07
4 0.0361667 0.963833
10 0.999978 2.20549e-05
10 1 1e-07
10 0.999999 8.65217e-07
10 0.999999 6.93323e-07
10 0.999791 0.000208585
10 1 1e-07
10 0.997447 0.00255332
4 0.0115076 0.988492
10 1 1e-07
10 1 1e-07
10 1 1e-07
4 0.0285423 0.971458
10 1 1e-07
10 1 1e-07
10 1 1e-07
10 1 1e-07
10 0.999999 1.05794e-06
10 0.995982 0.00401754
10 1 1e-07
10 0.999999 6.81836e-07
10 0.999994 5.78256e-06
10 1 1e-07
10 1 1e-07
10 0.999922 7.83175e-05
10 1 1e-07
10 0.999311 0.000688707
10 0.999996 3.54624e-06
10 1 1e-07
4 4.61539e-07 1
10 1 1.01908e-07
10 0.999125 0.000875158
10 0.99995 4.95543e-05
10 1 1e-07
10 1 1e-07
10 0.999728 0.000271879
10 1 1e-07
10 0.999931 6.94412e-05
10 1 1e-07
10 1 1e-07
4 0.0137495 0.986251
10 0.999525 0.000475191
10 1 1e-07
4 0.0396017 0.960398
10 1 1e-07
10 1 1e-07
10 1 1e-07
10 1 1e-07
10 1 1e-07
10 1 1e-07
10 1 1e-07
10 1 3.90206e-07
10 0.999977 2.33554e-05
10 1 1e-07
10 1 1e-07
10 1 1e-07
10 1 1.46065e-07
10 1 1e-07
10 0.999677 0.000323053
4 2.25386e-05 0.999977
10 1 1e-07
10 1 1e-07
10 1 1e-07
10 0.999999 1.07843e-06
10 1 1e-07
10 0.999911 8.94506e-05
10 1 1e-07
10 0.999993 7.09448e-06
4 1.47046e-06 0.999999
10 0.999994 6.15053e-06
10 1 1e-07
10 0.997742 0.0022577
10 0.99993 6.96441e-05
10 1 1e-07
10 1 1e-07
10 1 1e-07
10 1 1e-07
10 1 1e-07
4 0.00169996 0.9983
10 1 1.07981e-07
10 0.999996 3.56297e-06
10 1 1e-07
10 0.999875 0.000125269
10 1 1e-07
10 0.999994 5.85045e-06
10 0.999997 3.12009e-06
10 1 1e-07
10 1 4.68591e-07
10 1 1e-07
10 1 1e-07
10 0.999993 6.53889e-06
10 1 1e-07
10 1 1e-07
10 1 3.9589e-07
4 0.00651384 0.993486
10 0.999993 6.69031e-06
10 0.999996 3.8259e-06
10 1 1e-07
10 1 1e-07
10 1 1e-07
10 1 1e-07
10 0.999991 8.69049e-06
4 0.000816129 0.999184
10 1 3.54443e-07
10 1 1e-07
10 1 1e-07
10 1 1e-07
10 1 1e-07
10 1 1.37138e-07
10 1 1e-07
10 1 1e-07
10 1 1e-07
10 1 1e-07
10 0.999985 1.45427e-05
10 1 1e-07
10 1 1e-07
10 1 1e-07
10 0.999999 1.05683e-06
10 1 1.12917e-07
10 1 1e-07
10 1 4.54016e-07
4 0.000580694 0.999419
10 0.999925 7.53389e-05
10 1 1e-07
4 0.000157242 0.999843
10 1 1e-07
10 1 1e-07
4 1.58921e-05 0.999984
4 0.00207887 0.997921
10 0.998896 0.00110368
10 0.999997 2.88956e-06
10 1 1e-07
10 0.999986 1.36771e-05
10 0.999967 3.26254e-05
10 0.998293 0.00170698
10 0.999999 8.66852e-07
10 0.999997 3.41157e-06
10 1 1e-07
10 1 1e-07
10 1 1e-07
10 1 1e-07
10 1 1e-07
10 1 1e-07
10 0.99999 1.01731e-05
10 1 1e-07
10 1 1e-07
4 0.0671517 0.932848
10 1 1e-07
10 1 1e-07
10 1 1e-07
10 1 1e-07
4 0.00717013 0.99283
10 1 1e-07
10 1 4.15993e-07
4 0.00424771 0.995752
10 1 1e-07
4 0.000535164 0.999465
10 0.999758 0.000242231
10 0.999999 9.59277e-07
10 1 1e-07
10 0.999986 1.3665e-05
10 1 4.9078e-07
10 1 1e-07
10 1 3.17254e-07
10 1 1e-07
10 1 1e-07
10 1 1e-07
10 1 1e-07
10 1 1e-07
10 0.999966 3.37415e-05
10 1 1e-07
10 1 1e-07
4 0.0011111 0.998889
10 1 4.69703e-07
10 1 1e-07
10 0.999946 5.43378e-05
10 1 1e-07
10 1 1e-07
10 0.999995 4.59185e-06
10 1 1e-07
10 0.999993 7.48954e-06
10 0.999951 4.91574e-05
10 1 2.67248e-07
10 1 1e-07
10 1 1e-07
10 1 1e-07
10 0.999999 7.83893e-07
10 0.996199 0.00380145
10 0.999932 6.819e-05
10 0.999997 2.86838e-06
10 0.999975 2.453e-05
10 0.999981 1.87205e-05
10 1 1e-07
4 0.017329 0.982671
10 1 1e-07
4 0.000546649 0.999453
10 1 1e-07
10 1 4.46897e-07
10 1 1e-07
10 1 1e-07
10 0.999941 5.92556e-05
10 0.999996 3.57459e-06
10 1 1e-07
10 1 1e-07
10 1 1e-07
10 1 1e-07
10 0.99995 4.95605e-05
10 1 1e-07
10 0.999997 3.3313e-06
10 0.977195 0.0228049
10 0.979241 0.0207586
10 1 1e-07
10 1 1e-07
4 2.05203e-05 0.999979
4 0.0191612 0.980839
10 0.999625 0.000374576
10 1 1e-07
10 1 1e-07
4 0.0551657 0.944834
10 0.999999 1.42174e-06
10 1 1e-07
10 0.999081 0.0009186
10 0.986443 0.0135572
10 1 1e-07
10 0.973809 0.0261907
10 0.999995 5.28522e-06
10 1 1e-07
10 1 1e-07
10 1 1e-07
10 0.99998 1.99165e-05
10 0.999994 5.69377e-06
10 1 1e-07
10 1 1e-07
10 0.999987 1.30454e-05
10 1 1e-07
10 1 1e-07
10 1 1e-07
10 1 1e-07
10 1 1e-07
10 0.999999 5.27985e-07
10 1 1e-07
10 1 1e-07
4 0.00290138 0.997099
10 1 1e-07
10 1 1e-07
10 0.992484 0.00751604
10 1 1e-07
10 1 1e-07
4 0.0400453 0.959955
10 0.999999 5.88233e-07
10 0.999997 3.01253e-06
10 1 1e-07
10 1 1e-07
10 0.999984 1.5546e-05
4 0.00455365 0.995446
10 1 1e-07
10 1 1e-07
10 0.999991 8.53067e-06
10 1 1e-07
10 1 1e-07
10 0.998686 0.00131379
4 0.00276274 0.997237
10 1 1e-07
10 0.999997 3.00065e-06
4 0.00228817 0.997712
10 0.999999 9.18549e-07
4 0.0112174 0.988783
10 0.999996 4.13528e-06
10 0.999933 6.68729e-05
10 1 1e-07
10 1 1e-07
10 0.997655 0.00234475
10 1 1e-07
10 1 1e-07
10 1 1e-07
10 1 1e-07
10 1 1e-07
10 0.999986 1.41599e-05
10 1 1e-07
10 0.999998 1.77651e-06
10 1 1e-07
10 1 1e-07
10 0.999999 6.64438e-07
10 0.999991 8.52658e-06
10 0.999667 0.000332818
10 0.819865 0.180135
10 1 1e-07
4 0.000538618 0.999461
10 0.633296 0.366704
10 1 1e-07
10 1 1e-07
10 0.999996 4.21097e-06
10 1 1e-07
10 0.999552 0.000448154
10 1 1.05589e-07
10 0.999997 2.85041e-06
10 0.999181 0.000818652
10 0.999999 1.24028e-06
10 1 2.51596e-07
10 0.999998 2.02785e-06
10 0.999999 7.09945e-07
10 1 1e-07
10 0.999982 1.76841e-05
10 1 1e-07
10 1 1e-07
10 0.999999 6.03191e-07
10 0.999999 7.75613e-07
10 0.99999 9.63686e-06
10 1 1e-07
10 1 1e-07
10 0.999973 2.72304e-05
10 0.999915 8.46343e-05
10 1 1e-07
10 1 1e-07
4 0.00191002 0.99809
10 0.999986 1.44179e-05
10 1 1e-07
10 0.999997 2.72941e-06
4 0.000565999 0.999434
10 1 1e-07
10 1 1e-07
4 0.475172 0.524828
10 0.999993 7.28521e-06
4 0.0363156 0.963684
10 0.999999 1.02332e-06
10 0.992364 0.00763588
10 0.98707 0.0129299
10 1 1e-07
10 0.999995 5.30767e-06
10 0.999979 2.12376e-05
10 0.999996 4.28811e-06
10 1 1e-07
10 0.998172 0.00182805
10 1 1e-07
10 0.999999 5.27512e-07
10 1 1.17099e-07
4 0.00113062 0.998869
10 1 1e-07
4 0.000785384 0.999215
10 1 1e-07
10 1 2.02715e-07
10 1 1e-07
4 0.00597082 0.994029
10 1 1e-07
10 1 1e-07
10 0.999999 7.80586e-07
10 1 1e-07
10 0.999996 4.23885e-06
10 1 1e-07
10 1 1e-07
10 1 1e-07
10 1 2.28098e-07
10 1 1e-07
10 1 1e-07
10 1 1e-07
10 1 1e-07
10 1 1e-07
4 0.000161195 0.999839
4 0.000687085 0.999313
10 1 1e-07
10 1 1e-07
10 1 3.86844e-07
10 0.998347 0.00165276
10 1 1e-07
10 1 1e-07
10 1 1e-07
10 1 1.18057e-07
10 1 1e-07
4 2.17129e-05 0.999978
10 1 1e-07
10 0.999994 5.72525e-06
10 0.999999 7.97238e-07
10 0.999999 6.74974e-07
10 1 1e-07
10 1 1e-07
10 1 1e-07
10 1 1e-07
10 0.99999 9.65407e-06
10 1 1.93222e-07
10 0.999761 0.000239033
10 0.999928 7.19018e-05
10 0.999966 3.41322e-05
10 0.999998 1.758e-06
4 0.00322905 0.996771
10 0.999982 1.79147e-05
10 1 1.15784e-07
10 1 2.64323e-07
10 0.999992 7.62428e-06
10 1 1e-07
4 0.012511 0.987489
4 0.00134173 0.998658
10 1 1e-07
10 0.999998 1.54426e-06
10 1 1e-07
10 1 1e-07
10 1 1e-07
10 1 1e-07
4 0.000156367 0.999844
10 1 1e-07
10 0.99997 2.97876e-05
4 0.00122752 0.998772
10 0.999983 1.74339e-05
4 0.000570292 0.99943
4 0.0686939 0.931306
10 0.999999 5.22317e-07
10 1 1e-07
10 1 1e-07
10 1 1e-07
10 1 1e-07
10 0.999984 1.60674e-05
10 1 1e-07
10 1 1e-07
10 0.999915 8.49026e-05
10 1 1e-07
10 1 1e-07
10 1 1e-07
10 0.999997 2.78016e-06
10 1 1e-07
10 1 1e-07
10 1 1e-07
10 1 1e-07
10 1 1e-07
10 1 1e-07
4 0.00271532 0.997285
10 0.999813 0.000187425
10 1 1e-07
10 0.999999 1.3963e-06
10 1 1e-07
10 0.99984 0.000159878
4 0.00121122 0.998789
10 1 1e-07
10 1 1e-07
10 1 1e-07
10 1 1e-07
10 1 1e-07
10 1 1e-07
10 0.99985 0.000150465
10 1 1e-07
10 0.999915 8.46492e-05
10 1 2.55022e-07
10 0.997897 0.002103
4 0.00178322 0.998217
10 0.999994 6.05648e-06
10 1 1.50876e-07
10 0.999977 2.27013e-05
10 0.999812 0.000188259
10 1 1e-07
4 0.00525321 0.994747
10 1 1e-07
10 0.99471 0.0052903
10 1 1e-07
10 0.999991 8.90711e-06
10 1 1e-07
10 0.999976 2.3603e-05
10 0.999944 5.63883e-05
4 0.00242251 0.997577
10 0.999908 9.18226e-05
10 1 1e-07
10 0.99994 5.95768e-05
10 1 1e-07
10 1 1e-07
4 0.000883448 0.999117
10 1 1e-07
10 0.999999 1.24588e-06
10 1 1e-07
10 1 1e-07
10 0.999964 3.59716e-05
10 1 1e-07
10 1 1e-07
10 1 4.80047e-07
10 0.999989 1.08478e-05
10 0.999538 0.000462123
4 0.000373246 0.999627
10 1 1e-07
10 1 1e-07
10 0.996885 0.00311533
10 0.999013 0.000987397
10 0.999996 4.25057e-06
10 1 1e-07
10 0.999999 5.05427e-07
4 4.50339e-05 0.999955
10 1 1e-07
10 0.999999 5.2476e-07
10 1 1e-07
4 0.00131135 0.998689
10 0.999998 1.56264e-06
10 1 1e-07
10 0.999999 1.45674e-06
10 1 1e-07
10 1 1e-07
10 1 1e-07
10 1 1e-07
10 1 1e-07
10 1 1e-07
10 1 1e-07
10 0.999852 0.000147717
10 0.999748 0.000251609
10 1 1.51304e-07
10 1 1e-07
10 1 1e-07
10 1 1e-07
4 0.00108241 0.998918
10 1 1e-07
10 1 1e-07
10 0.999999 5.76249e-07
10 1 1e-07
10 1 1e-07
10 0.999716 0.000284387
10 1 1.08601e-07
10 0.999994 6.11671e-06
10 0.999996 3.65957e-06
10 1 1e-07
10 1 1e-07
10 0.996384 0.00361556
10 0.999992 8.3516e-06
4 0.00695463 0.993045
4 0.0018455 0.998154
10 1 1e-07
10 1 1e-07
4 0.00793207 0.992068
10 1 1e-07
10 0.999536 0.00046374
10 1 1e-07
10 1 1e-07
10 0.999966 3.3572e-05
10 1 4.95682e-07
10 1 1e-07
10 0.999992 8.47497e-06
10 0.99973 0.000270417
10 0.988257 0.0117428
10 1 1e-07
10 0.999982 1.76395e-05
10 1 1e-07
4 0.00157589 0.998424
4 0.000350682 0.999649
10 1 1e-07
10 1 1e-07
10 1 3.22389e-07
10 0.999745 0.000255433
10 1 4.98433e-07
10 0.999522 0.000478396
10 1 1e-07
10 1 1e-07
10 1 1e-07
4 0.00235395 0.997646
10 0.999967 3.28564e-05
10 1 1e-07
10 1 2.8158e-07
10 0.999999 7.78905e-07
10 1 1e-07
10 1 1e-07
10 1 1e-07
10 1 1e-07
10 0.999997 3.02328e-06
10 1 4.607e-07
10 0.998273 0.00172662
10 1 1e-07
10 1 1e-07
4 0.00948055 0.990519
10 0.999746 0.000253884
10 0.998887 0.00111275
10 0.965375 0.0346252
10 0.999994 6.38607e-06
10 1 1e-07
10 1 1e-07
10 0.999946 5.40108e-05
4 0.000520675 0.999479
10 0.999967 3.29555e-05
10 0.588794 0.411206
10 1 1e-07
10 1 1e-07
10 0.999786 0.000214383
10 1 1e-07
10 0.999995 4.90924e-06
10 0.999973 2.71684e-05
4 0.0414016 0.958598
10 1 1.73446e-07
10 0.999988 1.22556e-05
10 0.999935 6.46043e-05
10 1 1.67247e-07
10 1 1e-07
10 1 1e-07
10 0.999997 3.00997e-06
10 1 1e-07
10 1 1e-07
4 0.209454 0.790546
10 0.999999 5.29244e-07
10 1 1e-07
10 0.999995 4.54692e-06
4 5.19046e-05 0.999948
10 1 1e-07
10 1 1e-07
10 1 1e-07
10 1 1e-07
10 1 1e-07
10 1 1e-07
10 1 1e-07
10 1 1e-07
10 1 1e-07
10 1 1e-07
10 1 2.84839e-07
10 1 1e-07
10 1 1e-07
10 0.999999 5.05192e-07
10 0.999878 0.000121976
10 1 1e-07
10 1 1e-07
4 0.00318908 0.996811
10 1 1e-07
10 0.999999 5.16231e-07
10 1 1e-07
10 0.999577 0.000422784
4 0.000600343 0.9994
10 0.999993 6.56789e-06
4 0.0112994 0.988701
4 0.00540642 0.994594
10 0.999971 2.92312e-05
10 0.999978 2.20332e-05
4 0.018972 0.981028
10 1 1e-07
4 0.00689426 0.993106
10 1 1e-07
10 0.999527 0.00047262
10 1 1.16806e-07
10 1 1.01701e-07
10 0.999356 0.000644049
10 0.999871 0.000128647
10 1 1e-07
10 1 1e-07
10 0.999993 7.38085e-06
10 0.99999 1.03332e-05
10 0.999998 2.30907e-06
10 0.999999 6.35761e-07
10 0.999977 2.31953e-05
10 1 1e-07
10 1 1e-07
4 0.00647677 0.993523
10 0.999978 2.2425e-05
10 1 1e-07
4 0.00266074 0.997339
10 0.999975 2.49713e-05
10 1 1e-07
10 0.999992 7.83946e-06
10 1 1e-07
10 0.999999 9.83406e-07
10 0.999973 2.67643e-05
10 0.999999 8.4918e-07
10 0.999973 2.66462e-05
10 1 1e-07
10 0.99651 0.00349005
10 1 1e-07
10 1 1e-07
10 1 1e-07
10 0.999956 4.43531e-05
10 1 1e-07
10 0.999805 0.000194589
10 1 1e-07
10 1 1e-07
10 1 1e-07
10 1 1e-07
10 1 1e-07
10 1 1e-07
10 1 3.02003e-07
10 1 1e-07
10 0.999751 0.000248583
10 1 1e-07
10 1 1e-07
10 1 1e-07
10 0.999999 1.31755e-06
10 0.999985 1.49038e-05
10 1 1e-07
10 0.999999 1.07079e-06
10 0.99932 0.000679876
10 1 1e-07
10 1 1e-07
10 0.996634 0.0033661
4 0.00049822 0.999502
10 1 1e-07
10 1 1e-07
10 1 1e-07
10 1 1e-07
10 0.999996 3.65876e-06
4 0.0212758 0.978724
10 1 1e-07
10 0.999862 0.000137659
10 1 1e-07
10 1 1e-07
10 1 4.06145e-07
10 0.999999 8.68159e-07
4 0.0592557 0.940744
10 1 1e-07
10 0.999995 5.04097e-06
10 0.990168 0.00983171
10 1 1e-07
10 0.999966 3.3699e-05
10 1 1e-07
10 0.999998 1.56936e-06
10 1 1e-07
10 1 2.93847e-07
10 0.999983 1.65669e-05
10 1 1e-07
4 0.000734864 0.999265
10 1 1e-07
10 1 1e-07
4 5.65707e-05 0.999943
10 0.99974 0.000260454
10 0.999931 6.88614e-05
10 1 1e-07
10 1 1e-07
10 1 2.70328e-07
10 1 1e-07
10 0.998295 0.00170454
10 1 1e-07
10 0.998335 0.00166465
10 1 1e-07
10 0.999986 1.39694e-05
10 1 1e-07
10 0.999944 5.63709e-05
10 1 1e-07
10 1 1e-07
10 0.999942 5.77069e-05
10 0.999963 3.65082e-05
10 1 1.12554e-07
4 0.000514996 0.999485
10 0.999996 3.51234e-06
10 1 1e-07
10 0.999999 7.84134e-07
10 0.997001 0.00299863
4 0.0374735 0.962526
10 1 1e-07
10 1 1e-07
10 0.999177 0.000823273
10 1 1e-07
10 0.99991 8.99975e-05
4 0.00196874 0.998031
10 0.999994 6.40975e-06
4 0.0212263 0.978774
10 1 1e-07
10 1 1e-07
4 1.30882e-06 0.999999
10 0.998076 0.00192357
10 0.999881 0.000119473
10 0.999183 0.000817161
10 0.999998 2.30962e-06
10 1 1e-07
10 0.999962 3.84095e-05
10 1 1e-07
10 1 1e-07
10 1 1e-07
4 0.0128374 0.987163
4 0.0736046 0.926395
10 1 1e-07
10 0.999998 1.58273e-06
10 1 1e-07
10 0.998118 0.00188207
10 1 1e-07
10 0.999856 0.000143903
10 0.999997 2.66986e-06
10 1 1e-07
10 1 1.29164e-07
10 0.999997 2.56974e-06
10 1 1e-07
10 0.964775 0.0352253
10 0.999413 0.000586662
10 1 1e-07
10 0.998877 0.00112277
4 0.000308463 0.999692
10 1 1e-07
4 0.00888324 0.991117
10 1 1e-07
10 1 1e-07
10 1 3.27775e-07
10 1 1e-07
10 1 1e-07
10 1 1e-07
10 1 1e-07
10 1 1e-07
10 1 1e-07
10 1 1e-07
10 1 1e-07
4 0.0106915 0.989308
4 0.0244066 0.975593
10 0.999969 3.08309e-05
4 0.000463698 0.999536
10 0.999988 1.17863e-05
10 0.999999 6.9376e-07
10 1 1e-07
10 1 1e-07
10 1 1e-07
10 0.999181 0.000818927
10 0.999992 8.17919e-06
10 0.999997 2.92434e-06
4 0.000351678 0.999648
10 0.999217 0.00078348
10 1 1e-07
10 1 1e-07
10 1 1.07143e-07
10 0.999413 0.000586845
10 0.999959 4.11499e-05
10 1 1e-07
10 1 1e-07
10 1 1e-07
10 1 1e-07
10 1 1e-07
10 1 1e-07
10 1 1e-07
10 0.999993 6.76014e-06
10 1 1e-07
10 1 1e-07
4 0.0158506 0.984149
10 0.999987 1.29436e-05
4 0.0128739 0.987126
4 0.0089671 0.991033
10 0.999973 2.72701e-05
4 0.00460035 0.9954
10 1 1e-07
10 0.999995 5.17175e-06
10 0.999999 8.20988e-07
10 0.999985 1.45905e-05
10 1 1e-07
10 1 1e-07
10 1 1e-07
10 1 1e-07
10 0.999998 2.0568e-06
10 0.999981 1.85301e-05
10 1 1e-07
10 1 1e-07
10 1 1e-07
4 0.0815815 0.918418
10 0.998655 0.00134543
10 0.999911 8.89206e-05
10 1 1e-07
10 1 1e-07
10 0.99845 0.00155046
10 1 1e-07
10 1 1.03884e-07
10 0.999593 0.000407181
4 1.64903e-05 0.999984
10 1 1e-07
10 1 1e-07
10 0.995521 0.00447899
10 0.99999 1.03847e-05
10 1 1.65665e-07
4 0.00319636 0.996804
10 1 3.45328e-07
4 0.00722815 0.992772
10 1 1e-07
4 0.000588128 0.999412
10 1 1e-07
4 0.000458253 0.999542
10 0.999928 7.1534e-05
10 1 1e-07
10 0.999902 9.80178e-05
10 1 1e-07
10 0.939241 0.0607593
10 0.999997 3.13041e-06
10 1 1e-07
10 1 1e-07
4 0.0122465 0.987754
4 0.000549875 0.99945
10 0.689833 0.310167
10 1 1e-07
10 1 1e-07
10 1 3.22313e-07
10 1 1e-07
10 1 3.69762e-07
10 1 1e-07
10 1 1e-07
10 0.999978 2.18946e-05
10 0.999935 6.45734e-05
10 1 1e-07
10 1 2.22853e-07
10 1 1e-07
10 1 1e-07
10 1 1e-07
10 0.999956 4.44302e-05
10 0.999993 7.00633e-06
10 1 1e-07
10 1 1e-07
10 0.999999 6.69203e-07
10 1 1e-07
10 0.999999 5.27156e-07
10 1 1e-07
10 0.999925 7.5245e-05
10 1 1e-07
10 1 3.00226e-07
10 1 1e-07
10 0.999998 2.32274e-06
10 1 1e-07
10 1 1e-07
10 0.999999 1.11839e-06
10 1 1e-07
10 1 1e-07
10 1 1e-07
10 1 1e-07
10 1 1e-07
10 1 1.37836e-07
10 0.999716 0.000284193
10 1 1e-07
10 1 1e-07
10 0.999572 0.00042849
10 1 1e-07
10 0.999999 1.25138e-06
10 0.999998 2.17975e-06
10 0.999999 6.52708e-07
10 0.999999 7.6994e-07
10 0.999857 0.000142693
10 1 1e-07
10 1 1e-07
10 1 4.7116e-07
10 0.999288 0.000711509
10 1 1e-07
10 1 1e-07
10 1 1e-07
10 0.999445 0.000555242
10 1 1e-07
10 0.999999 1.02579e-06
10 1 1e-07
10 0.999999 6.79694e-07
10 0.999968 3.24778e-05
10 0.999631 0.000368693
10 1 2.81844e-07
10 1 1e-07
10 0.999973 2.73408e-05
10 1 3.63678e-07
4 0.000303751 0.999696
10 1 1e-07
10 0.99998 2.00007e-05
10 1 1e-07
10 1 1e-07
10 1 1e-07
10 1 1e-07
10 1 1e-07
10 0.999882 0.000117942
10 0.999972 2.80134e-05
10 0.991155 0.00884525
10 1 1e-07
10 0.999976 2.36145e-05
10 0.998262 0.00173825
10 1 1e-07
10 1 1e-07
10 0.99996 3.98416e-05
10 0.999993 6.87565e-06
10 1 1e-07
10 1 1e-07
10 1 1e-07
10 1 2.07395e-07
10 0.996075 0.00392518
10 0.998399 0.00160148
10 1 1e-07
10 0.999988 1.22986e-05
10 1 1e-07
10 1 1.62342e-07
10 0.999799 0.0002007
10 1 1e-07
10 1 1e-07
10 1 1e-07
10 0.999977 2.32986e-05
10 1 1e-07
10 0.999993 6.76232e-06
10 1 1e-07
10 1 1e-07
10 1 1e-07
4 0.0100476 0.989952
10 1 1e-07
10 1 1e-07
4 0.00133741 0.998663
10 1 2.49878e-07
10 1 1e-07
10 0.999804 0.000196198
10 1 1e-07
10 1 1e-07
10 0.999778 0.000222229
4 0.00477422 0.995226
10 1 1e-07
10 1 1e-07
10 0.999997 3.30606e-06
10 1 1e-07
10 0.999993 6.89123e-06
10 0.998766 0.00123358
4 0.00331549 0.996685
10 0.999999 6.49163e-07
10 1 1e-07
10 0.99191 0.00808963
10 0.999999 5.68636e-07
10 0.999998 1.95844e-06
10 1 1.13953e-07
10 0.999952 4.83083e-05
10 1 1e-07
10 1 1e-07
10 0.999991 9.22983e-06
10 1 1e-07
10 1 1e-07
10 1 1e-07
10 0.999577 0.000422965
10 1 1e-07
10 1 1e-07
10 1 1e-07
10 0.999999 1.36009e-06
10 0.999754 0.000246354
10 0.9999 9.98789e-05
10 0.999963 3.71073e-05
10 1 1.44989e-07
10 0.99998 2.02523e-05
10 1 1.31927e-07
10 1 1e-07
10 0.999993 7.10551e-06
10 1 1e-07
10 0.999998 1.59812e-06
10 0.9958 0.00419989
10 0.999795 0.000204925
10 1 1e-07
10 0.999987 1.34054e-05
10 1 1e-07
4 0.000856172 0.999144
10 1 1e-07
10 1 2.51545e-07
4 3.16616e-05 0.999968
10 1 1e-07
4 0.000134302 0.999866
10 0.994879 0.00512062
10 0.998422 0.00157789
10 1 1e-07
4 4.79487e-07 1
10 1 1e-07
10 1 3.59581e-07
10 1 1e-07
10 0.999999 5.52187e-07
10 1 1e-07
10 0.999567 0.000433201
10 0.999999 6.4484e-07
10 0.859655 0.140345
4 0.00137547 0.998625
10 0.999705 0.000294717
10 1 1e-07
10 0.999017 0.0009832
10 1 1e-07
10 0.999147 0.000853302
10 1 1e-07
10 1 1.05533e-07
10 0.999915 8.51238e-05
10 0.998974 0.00102622
10 1 1e-07
10 1 1e-07
10 1 1.49794e-07
10 1 1e-07
10 0.999996 3.98385e-06
10 1 1e-07
10 1 1e-07
10 1 1e-07
10 0.999925 7.46409e-05
10 1 1e-07
10 0.979145 0.0208554
10 1 1e-07
10 1 1e-07
10 1 1e-07
10 0.999996 3.79632e-06
10 1 1e-07
10 0.999958 4.20193e-05
10 1 1e-07
10 0.999999 8.65788e-07
10 0.999648 0.000351751
10 1 1e-07
10 1 1e-07
10 0.999932 6.80062e-05
4 0.00115569 0.998844
10 0.999972 2.79368e-05
10 0.999996 3.56058e-06
10 0.999986 1.43378e-05
10 1 1e-07
10 1 1e-07
4 2.04764e-05 0.99998
10 1 1e-07
10 1 1e-07
10 0.999985 1.46573e-05
10 1 1e-07
10 0.692307 0.307693
10 0.999982 1.84906e-05
10 1 1e-07
10 1 1e-07
10 0.999925 7.54324e-05
10 1 2.70373e-07
10 1 1e-07
10 0.999975 2.50179e-05
10 1 2.08791e-07
10 1 1e-07
10 0.984591 0.0154086
10 1 1e-07
10 1 1e-07
4 0.000677253 0.999323
10 0.999994 6.05641e-06
10 0.998923 0.0010773
10 1 1e-07
10 1 1e-07
10 0.999798 0.000202041
10 1 1e-07
10 1 1e-07
10 0.999995 5.38303e-06
10 1 1e-07
10 0.999897 0.000103174
10 0.999983 1.70654e-05
10 1 1e-07
10 0.999999 8.53332e-07
10 1 1e-07
10 1 1e-07
10 1 1e-07
10 1 1e-07
10 0.999998 1.71872e-06
10 0.999999 8.98048e-07
10 0.999968 3.21851e-05
10 1 1e-07
10 1 1e-07
10 0.999984 1.5778e-05
10 1 1e-07
10 1 1.94167e-07
4 0.000433312 0.999567
10 0.999999 7.14296e-07
10 1 1e-07
10 1 1e-07
10 0.999717 0.000282846
10 0.952826 0.0471735
10 0.999999 1.30375e-06
10 0.999997 3.31592e-06
10 1 1e-07
10 0.999999 5.93275e-07
10 0.999997 3.30122e-06
10 1 1e-07
4 0.000988297 0.999012
10 1 1e-07
4 0.00227189 0.997728
10 1 1e-07
10 1 1e-07
10 1 1e-07
10 1 1e-07
10 1 1e-07
10 1 1e-07
10 0.999998 1.52682e-06
10 1 1e-07
10 0.999616 0.000384405
10 0.999514 0.000485529
10 0.999999 5.49848e-07
4 0.0120308 0.987969
10 1 1e-07
10 0.999306 0.000694281
10 1 1e-07
10 1 1e-07
10 1 1e-07
10 0.999954 4.60399e-05
10 1 1e-07
10 1 1e-07
10 1 1e-07
10 0.999953 4.67149e-05
10 1 1e-07
10 0.998348 0.00165177
10 1 1e-07
10 1 1e-07
10 0.999995 4.67078e-06
10 1 1e-07
10 1 1e-07
10 0.999996 3.68568e-06
10 0.999993 7.27453e-06
10 1 1e-07
4 0.000444443 0.999556
10 1 1e-07
4 1.78078e-05 0.999982
10 1 2.16168e-07
10 0.999996 4.19956e-06
10 1 1e-07
10 0.999994 5.90264e-06
4 0.000272932 0.999727
10 0.997734 0.00226632
10 0.995407 0.00459315
10 1 1e-07
4 0.000705555 0.999294
10 1 1e-07
10 0.999995 4.52535e-06
10 1 1e-07
10 0.999971 2.89833e-05
10 1 1e-07
10 0.999848 0.000151525
10 0.999989 1.06678e-05
10 0.999972 2.82537e-05
10 0.999999 1.07427e-06
10 1 1e-07
10 1 1e-07
10 0.999554 0.000446272
10 0.999468 0.000532275
10 1 1e-07
10 1 2.8378e-07
10 1 1e-07
10 0.999968 3.22964e-05
10 1 1e-07
10 0.999998 1.84954e-06
4 0.00235337 0.997647
4 0.0204523 0.979548
10 1 1e-07
10 1 1e-07
10 1 1e-07
10 0.999956 4.35202e-05
10 0.997653 0.00234661
4 0.00207996 0.99792
10 1 1e-07
10 1 1e-07
10 1 1e-07
10 1 1e-07
10 0.998713 0.00128701
10 0.999801 0.000199211
10 0.999948 5.16587e-05
10 0.999995 5.30613e-06
10 0.999981 1.909e-05
10 1 1e-07
10 1 1e-07
10 0.999985 1.47979e-05
10 1 1e-07
10 1 1e-07
4 2.96274e-06 0.999997
4 0.00389799 0.996102
10 0.999949 5.07326e-05
10 1 1e-07
10 0.995401 0.0045987
10 1 1e-07
4 0.00441256 0.995587
10 1 1e-07
10 1 1e-07
4 0.000152589 0.999847
10 1 1e-07
10 1 2.17251e-07
10 1 1e-07
10 0.999926 7.44746e-05
10 1 1e-07
10 0.999881 0.000118974
10 0.999949 5.06716e-05
10 1 1e-07
10 0.99996 4.0101e-05
10 1 1.63701e-07
10 0.999969 3.1488e-05
10 0.999997 2.61985e-06
10 1 1e-07
10 1 1e-07
4 0.00436049 0.99564
10 1 1e-07
10 1 1e-07
10 1 1e-07
10 0.999972 2.77718e-05
10 0.999998 2.25477e-06
10 0.999992 8.42905e-06
10 0.999941 5.93323e-05
10 0.999975 2.5012e-05
10 0.999496 0.000504198
10 1 1e-07
10 1 1e-07
10 1 1e-07
10 1 1e-07
10 0.999752 0.000247787
10 1 1e-07
10 1 1e-07
4 0.0382557 0.961744
10 1 1e-07
10 1 1e-07
10 0.999998 1.74467e-06
10 0.999998 1.98006e-06
10 0.999998 1.52856e-06
10 1 1e-07
10 1 3.16448e-07
10 0.999999 1.08565e-06
10 0.999998 1.67902e-06
10 0.999971 2.89814e-05
10 1 2.79272e-07
10 1 1e-07
10 1 1e-07
10 0.999961 3.89304e-05
10 1 1.56901e-07
10 0.999999 1.37268e-06
10 1 1e-07
10 0.999999 5.14279e-07
10 0.999975 2.45621e-05
4 0.0014369 0.998563
4 0.00546149 0.994539
10 0.999363 0.000637023
10 1 1e-07
10 1 1.48352e-07
10 1 1e-07
10 1 1e-07
10 1 1e-07
10 1 1e-07
10 1 1e-07
10 1 1e-07
10 1 1.22537e-07
10 1 1e-07
10 0.999997 2.59905e-06
10 0.999865 0.000134615
10 0.999686 0.000314254
10 0.99992 8.00276e-05
10 0.999955 4.49273e-05
10 1 1e-07
4 0.0215613 0.978439
10 0.999986 1.38067e-05
10 1 1e-07
10 1 1e-07
10 1 1e-07
10 0.999998 2.3099e-06
10 1 1e-07
10 0.999989 1.11928e-05
4 0.00241964 0.99758
4 0.00417928 0.995821
10 0.999999 7.75338e-07
4 4.01688e-05 0.99996
10 1 1e-07
10 1 1e-07
10 0.999999 1.3578e-06
4 0.00843643 0.991564
10 0.999998 2.12552e-06
10 0.999927 7.31243e-05
10 0.999823 0.000177319
10 1 1e-07
10 0.999998 2.33432e-06
10 0.999834 0.000165964
10 1 1e-07
10 1 1e-07
10 1 1e-07
10 1 1e-07
10 1 1e-07
10 1 2.89809e-07
10 0.999935 6.50847e-05
10 1 1e-07
10 1 1e-07
10 0.999999 1.10063e-06
10 1 1e-07
10 0.999769 0.000231037
10 1 2.03692e-07
10 1 1e-07
10 1 1e-07
10 1 1.05311e-07
10 0.999981 1.92709e-05
10 1 1e-07
10 1 1e-07
10 1 1e-07
4 0.0018894 0.998111
10 1 1e-07
10 0.999844 0.000155673
10 1 1e-07
10 0.999998 1.57566e-06
10 0.999988 1.15552e-05
10 0.999999 1.31893e-06
10 1 1e-07
10 0.999999 6.45893e-07
10 1 1.98746e-07
10 1 1e-07
10 0.999998 1.56537e-06
10 0.99925 0.00075043
10 1 1e-07
10 1 1e-07
10 1 1e-07
4 0.00470228 0.995298
10 0.999971 2.90179e-05
10 1 1e-07
4 0.00211913 0.997881
10 1 1e-07
10 0.999719 0.00028132
10 1 2.20189e-07
10 1 1e-07
10 0.999984 1.62737e-05
10 1 2.78412e-07
4 0.175672 0.824328
10 0.999999 5.17345e-07
10 1 1e-07
4 0.000372436 0.999628
10 1 1e-07
10 1 1e-07
10 1 1e-07
10 1 1e-07
10 1 1e-07
4 0.00931915 0.990681
10 0.999983 1.70855e-05
10 0.999962 3.78405e-05
10 1 1e-07
10 0.999993 7.14089e-06
10 1 1e-07
10 1 1e-07
10 1 1e-07
10 0.999918 8.16453e-05
10 0.995492 0.00450771
10 1 1e-07
10 1 1e-07
10 0.99999 9.8113e-06
10 1 1e-07
10 0.999966 3.40309e-05
10 0.999996 3.68753e-06
10 0.999997 3.16712e-06
10 1 1e-07
10 1 1e-07
10 0.999991 9.45516e-06
10 1 1e-07
10 0.999999 8.47975e-07
10 1 1.36807e-07
10 1 1e-07
10 1 1e-07
10 0.999999 1.29229e-06
10 1 1e-07
10 1 1e-07
10 0.999999 6.917e-07
10 1 1e-07
10 1 1e-07
4 0.0273755 0.972625
10 0.999987 1.25683e-05
10 0.999995 5.02727e-06
10 0.999996 3.72411e-06
10 1 1e-07
10 1 1e-07
10 0.999978 2.18887e-05
10 1 1e-07
10 0.999845 0.000155228
10 1 1e-07
10 1 1e-07
10 1 1e-07
10 0.999998 1.58424e-06
10 1 1e-07
4 0.0465337 0.953466
10 1 1e-07
10 1 3.46469e-07
10 0.996831 0.0031695
10 0.999989 1.13512e-05
4 0.0475194 0.952481
4 0.00630956 0.99369
10 1 1e-07
10 0.998589 0.00141097
4 0.0137475 0.986252
4 0.196062 0.803938
10 0.99991 9.0192e-05
10 1 1e-07
10 0.995996 0.00400358
10 0.98898 0.0110199
10 1 1e-07
10 1 1e-07
10 1 1e-07
10 1 1e-07
10 0.999773 0.000226581
10 0.999992 8.4327e-06
10 1 1e-07
10 1 1.48832e-07
10 1 1e-07
10 1 1e-07
10 1 1e-07
10 0.997008 0.00299238
10 1 1e-07
10 0.999764 0.000235685
10 0.969913 0.0300874
10 1 1e-07
10 1 1e-07
10 1 1e-07
10 1 1e-07
10 1 1e-07
4 0.00155546 0.998445
10 1 1e-07
10 1 1e-07
10 0.99983 0.00017035
10 1 1e-07
10 0.99966 0.000340263
10 0.999545 0.000454909
4 0.0677492 0.932251
10 1 1e-07
10 1 1e-07
4 3.02871e-05 0.99997
4 0.0258636 0.974136
4 0.00562817 0.994372
10 1 3.46657e-07
10 0.999992 8.46596e-06
10 1 1e-07
10 1 1e-07
10 1 1e-07
10 1 1e-07
10 1 1e-07
10 1 1e-07
10 1 1e-07
4 0.00141464 0.998585
10 1 1.67814e-07
10 0.999932 6.81342e-05
10 0.998874 0.0011261
10 1 2.01233e-07
10 0.995401 0.00459855
10 1 1e-07
10 1 1e-07
10 1 1e-07
10 1 1e-07
10 0.999999 1.04894e-06
4 0.00468185 0.995318
10 1 1e-07
10 1 1e-07
4 0.000242861 0.999757
10 1 1e-07
10 1 3.33867e-07
10 1 1e-07
10 1 1e-07
10 1 1e-07
10 0.993554 0.00644623
10 0.999795 0.000205024
10 0.999996 3.98051e-06
10 1 1.62418e-07
10 0.999985 1.51606e-05
10 1 1e-07
10 1 1e-07
4 0.104697 0.895303
4 0.00419513 0.995805
10 0.99996 3.95366e-05
10 1 1e-07
10 1 1e-07
10 0.999998 2.3693e-06
10 1 1.53635e-07
10 1 1e-07
10 1 1e-07
10 0.999633 0.00036691
10 0.999332 0.000667582
10 1 1e-07
10 1 1e-07
10 0.999995 5.21516e-06
10 0.999996 3.97993e-06
10 0.999983 1.65158e-05
10 0.988625 0.0113753
10 1 1e-07
10 0.999624 0.000375746
10 1 1e-07
10 0.998775 0.00122523
10 0.999971 2.9499e-05
10 1 1e-07
4 0.00515819 0.994842
10 1 1e-07
4 0.000949205 0.999051
10 0.999929 7.11643e-05
10 1 1e-07
10 1 1e-07
10 1 1e-07
10 1 1e-07
10 1 1e-07
10 1 1e-07
4 0.0121426 0.987857
10 1 1e-07
10 0.99844 0.00155958
10 1 1e-07
10 1 1e-07
10 1 4.08375e-07
10 0.999999 6.2191e-07
10 1 1e-07
10 0.999999 8.7115e-07
10 0.999987 1.30656e-05
10 1 1e-07
10 1 1e-07
10 1 1e-07
10 1 1e-07
10 1 1e-07
10 0.999996 4.41047e-06
10 1 1e-07
10 0.999991 9.33497e-06
10 1 1e-07
10 1 1e-07
10 1 1e-07
10 1 1.16702e-07
10 0.999989 1.11539e-05
10 1 1e-07
10 0.996923 0.00307687
10 1 1e-07
10 1 1.79733e-07
10 1 1e-07
10 1 1e-07
10 1 1e-07
10 1 1e-07
10 1 1e-07
10 1 1e-07
10 1 1e-07
10 0.999766 0.000234246
10 1 1e-07
10 0.999972 2.82403e-05
10 1 1e-07
10 1 1e-07
10 1 1.13092e-07
10 0.999834 0.000165548
10 0.999999 9.54517e-07
10 0.883133 0.116867
10 0.999999 9.18891e-07
10 0.999829 0.000170977
10 0.991873 0.00812691
10 1 1e-07
10 0.999989 1.09152e-05
10 1 1e-07
10 0.999986 1.43818e-05
10 0.999992 7.52714e-06
10 1 1e-07
4 0.00109746 0.998903
10 1 1e-07
10 0.999978 2.18967e-05
10 1 1e-07
10 1 1e-07
10 1 1e-07
10 0.999999 7.95004e-07
10 1 1e-07
10 0.999985 1.48807e-05
10 1 1e-07
10 1 1e-07
10 1 1e-07
10 1 1e-07
4 0.340471 0.659529
10 0.999999 5.44751e-07
4 0.00945182 0.990548
10 0.999999 5.49278e-07
10 1 1e-07
10 1 1e-07
10 1 1.3295e-07
10 1 1e-07
10 1 1e-07
10 1 1.94396e-07
10 0.999814 0.000186378
10 1 1e-07
10 1 1e-07
10 0.999999 1.27668e-06
10 0.998457 0.00154299
10 0.999581 0.000418781
10 1 1e-07
10 1 1e-07
10 0.999999 1.22807e-06
10 1 1e-07
10 1 1e-07
10 1 1e-07
10 0.999941 5.87023e-05
10 1 1.65563e-07
10 1 1e-07
10 1 2.93837e-07
10 1 1.65784e-07
10 1 1.9245e-07
10 1 3.87969e-07
10 0.999998 1.68299e-06
10 1 1e-07
10 1 1e-07
10 0.999449 0.000551321
10 1 1e-07
10 0.999828 0.00017236
10 0.999836 0.000163793
10 1 1e-07
10 1 1e-07
10 0.999999 6.50953e-07
10 0.999403 0.000597235
10 1 1.40801e-07
10 0.999961 3.92776e-05
10 1 3.31679e-07
10 0.999997 3.12197e-06
10 0.999968 3.24574e-05
10 1 1e-07
10 1 1e-07
4 3.06302e-05 0.999969
10 1 3.69055e-07
4 0.00374871 0.996251
10 1 1e-07
10 1 1e-07
4 0.00222655 0.997773
10 0.998665 0.00133457
10 0.999956 4.36406e-05
10 1 1e-07
10 1 1e-07
10 1 1e-07
10 1 1e-07
10 1 4.41384e-07
10 0.999992 7.6137e-06
4 0.000391626 0.999608
10 1 1e-07
4 0.00729447 0.992706
10 1 1e-07
10 1 1e-07
4 0.0357189 0.964281
10 0.999852 0.000148013
10 1 1e-07
10 1 1e-07
10 1 1e-07
10 0.999995 5.41447e-06
10 1 1.00705e-07
4 0.000610705 0.999389
10 1 1e-07
10 1 1e-07
10 1 1e-07
10 0.999855 0.000144929
10 0.996261 0.00373898
10 0.999998 2.21957e-06
10 1 4.81783e-07
10 1 1e-07
10 0.998197 0.00180347
10 1 1e-07
10 1 1e-07
4 0.032107 0.967893
10 0.999831 0.000168607
10 0.999841 0.000159116
10 1 1e-07
10 1 1e-07
10 1 1e-07
10 0.996886 0.00311351
10 1 1e-07
10 0.999999 8.12913e-07
10 1 1e-07
10 0.999997 3.2784e-06
10 1 1.29677e-07
10 1 3.2282e-07
4 0.000177821 0.999822
10 1 1e-07
10 0.99688 0.00311995
10 1 1e-07
10 1 1e-07
10 1 1e-07
10 1 1e-07
10 1 1e-07
10 1 1e-07
10 0.994046 0.00595411
4 0.000300042 0.9997
10 1 1e-07
10 0.999994 6.47117e-06
10 1 1e-07
10 0.999999 5.80858e-07
10 1 1e-07
10 0.999187 0.000813165
10 1 1e-07
10 0.999981 1.92407e-05
10 1 1e-07
10 1 1e-07
10 0.999983 1.74233e-05
10 1 1e-07
10 1 1e-07
10 1 1e-07
10 0.999888 0.000112184
10 0.999726 0.000274145
10 1 1e-07
10 0.998718 0.00128224
10 0.999997 2.69933e-06
10 0.999902 9.7999e-05
10 1 1e-07
10 0.999985 1.45582e-05
10 1 1e-07
10 1 1e-07
10 1 1e-07
4 0.000398952 0.999601
10 1 1e-07
10 1 1e-07
4 0.000274282 0.999726
10 0.999925 7.46698e-05
10 1 2.50118e-07
10 1 2.68706e-07
10 1 1e-07
10 1 1e-07
10 0.999993 7.28159e-06
10 1 1e-07
10 1 1e-07
10 0.999964 3.64442e-05
10 1 1.15127e-07
10 1 1e-07
10 1 1e-07
4 2.0279e-05 0.99998
10 1 1e-07
10 1 1e-07
10 1 1e-07
10 0.999921 7.94005e-05
10 0.99986 0.000139509
10 1 1e-07
10 0.999904 9.58436e-05
10 1 1e-07
10 0.999893 0.000106943
10 0.999827 0.000172951
10 1 1e-07
10 1 1e-07
10 0.999878 0.000122047
10 1 1e-07
10 1 1e-07
4 0.0142196 0.98578
10 1 1e-07
10 0.99822 0.00178043
10 1 1e-07
10 1 1e-07
10 0.999998 2.23916e-06
10 1 1e-07
10 0.999999 9.4011e-07
4 1.98066e-05 0.99998
10 0.999965 3.51185e-05
10 1 1e-07
10 1 1e-07
10 0.999999 8.66929e-07
10 1 1e-07
10 1 1e-07
10 1 1e-07
4 0.000273421 0.999727
10 1 1e-07
10 1 1e-07
10 1 1e-07
10 1 1e-07
10 1 2.36246e-07
10 1 1e-07
10 1 1e-07
10 1 1e-07
4 0.00433358 0.995666
4 0.00649974 0.9935
10 1 1e-07
10 0.999849 0.000150781
10 1 3.47784e-07
10 1 1e-07
10 0.999282 0.000718223
10 0.999605 0.00039507
10 1 1e-07
10 0.999726 0.000273871
10 1 1e-07
10 0.999912 8.83532e-05
10 0.999987 1.31402e-05
10 1 1e-07
4 0.000633922 0.999366
10 0.999995 4.97211e-06
10 0.999136 0.000863679
10 0.999976 2.37287e-05
10 1 1e-07
10 1 1e-07
10 1 1e-07
10 1 2.45541e-07
10 0.999986 1.41295e-05
10 0.999997 3.40973e-06
10 0.999523 0.000477373
10 1 1e-07
10 1 1e-07
10 1 1e-07
4 0.00308428 0.996916
10 1 1e-07
4 0.000423154 0.999577
10 1 1e-07
10 1 1e-07
10 1 1e-07
10 0.999995 4.75624e-06
10 1 1e-07
4 0.00534722 0.994653
10 1 1e-07
10 1 1e-07
10 0.999827 0.000172644
10 0.999987 1.26922e-05
10 1 1e-07
4 0.018818 0.981182
10 1 1e-07
10 0.999976 2.42348e-05
10 1 1e-07
10 0.999998 2.46363e-06
10 1 1.84179e-07
10 1 1e-07
10 1 1e-07
10 0.998444 0.00155608
4 0.0155269 0.984473
10 1 4.61726e-07
10 1 1e-07
4 0.00220078 0.997799
10 1 1e-07
10 1 1e-07
10 1 1e-07
10 1 1e-07
10 1 1e-07
10 1 1e-07
10 1 1e-07
10 0.998923 0.00107686
4 0.0157585 0.984241
10 0.999879 0.000121384
10 1 1e-07
10 1 1e-07
10 1 1e-07
10 1 1e-07
4 0.000774398 0.999226
10 0.999747 0.000253388
10 0.999843 0.000156541
10 1 1e-07
10 1 1e-07
10 0.999555 0.00044523
4 9.17076e-05 0.999908
10 0.999999 8.79935e-07
10 1 1e-07
10 1 1e-07
10 1 1e-07
10 1 1e-07
10 1 1e-07
10 0.999994 6.27623e-06
10 1 1e-07
10 1 1e-07
10 1 1e-07
10 0.99999 9.84338e-06
10 0.99999 9.67598e-06
10 0.999644 0.000356031
4 2.06394e-05 0.999979
10 0.999998 2.31763e-06
4 0.000133788 0.999866
4 0.00676349 0.993237
10 1 1e-07
10 1 1e-07
10 1 1e-07
10 1 1e-07
10 1 2.28758e-07
10 0.999991 9.30197e-06
10 1 1e-07
10 0.999985 1.45564e-05
10 0.999287 0.000713224
10 1 1e-07
4 0.0225674 0.977433
4 0.000417658 0.999582
10 0.999977 2.28665e-05
10 1 1e-07
10 0.99997 2.98669e-05
10 1 3.20575e-07
10 0.999659 0.000341356
10 1 1e-07
10 0.999979 2.12458e-05
4 0.000738116 0.999262
10 0.99878 0.00122045
10 1 1e-07
10 1 1e-07
10 1 1e-07
10 1 2.65404e-07
10 1 1e-07
10 0.999863 0.000136858
10 1 1e-07
10 1 1e-07
10 1 1e-07
4 0.0150389 0.984961
10 0.999934 6.58159e-05
10 1 1e-07
10 0.999991 8.76375e-06
10 0.999986 1.40003e-05
10 0.974252 0.0257478
10 1 1e-07
10 1 3.98431e-07
10 0.999616 0.00038435
10 1 1e-07
10 1 1e-07
10 1 1e-07
10 0.999999 5.54373e-07
10 0.999985 1.50041e-05
10 0.999976 2.37941e-05
10 1 1e-07
10 1 1e-07
10 0.999996 3.97728e-06
10 1 1e-07
10 1 1e-07
10 1 1e-07
10 1 1e-07
10 1 1e-07
4 0.000267345 0.999733
10 1 1e-07
10 1 1e-07
10 0.999995 4.64219e-06
4 2.30226e-05 0.999977
10 1 1e-07
10 0.999999 1.21631e-06
10 0.999999 6.41204e-07
10 1 1e-07
10 1 1e-07
10 0.999988 1.18656e-05
10 1 1e-07
10 1 1e-07
10 1 1e-07
10 0.988374 0.0116258
10 1 1e-07
10 1 2.06207e-07
10 1 1e-07
10 1 1e-07
10 1 1e-07
4 0.00050532 0.999495
10 1 1e-07
10 0.999998 2.20497e-06
10 1 1e-07
10 1 3.18824e-07
10 1 1e-07
10 1 1e-07
10 0.99996 4.03927e-05
10 0.999961 3.87219e-05
10 1 1e-07
10 1 1e-07
10 1 1e-07
10 0.999997 2.66018e-06
10 0.999909 9.08417e-05
10 1 1e-07
10 1 1e-07
10 1 1e-07
10 1 1e-07
10 1 1e-07
10 1 1e-07
10 1 1e-07
4 0.0387271 0.961273
10 0.999996 3.69819e-06
10 0.999999 5.21946e-07
4 0.0316873 0.968313
10 0.996633 0.00336672
10 0.999848 0.000151812
10 0.992679 0.00732136
10 1 1e-07
10 1 1e-07
10 1 1.6179e-07
10 0.999971 2.93708e-05
10 0.999964 3.55825e-05
10 1 1e-07
10 0.993227 0.006773
10 0.999976 2.42326e-05
10 1 1e-07
10 0.999996 4.26853e-06
10 0.966581 0.0334186
10 0.999659 0.000341138
4 0.00700267 0.992997
4 0.0220588 0.977941
10 1 1e-07
10 1 1e-07
4 0.000759899 0.99924
10 0.999904 9.62559e-05
10 0.999998 2.02806e-06
10 1 1e-07
10 0.999957 4.29345e-05
10 1 2.32521e-07
10 1 1e-07
10 1 1e-07
10 1 1e-07
10 1 1e-07
10 0.758212 0.241788
10 1 1e-07
10 0.999998 1.76027e-06
10 1 1e-07
10 1 1e-07
10 1 1e-07
10 0.999522 0.000478172
10 0.996284 0.0037161
10 1 1e-07
10 1 1e-07
10 1 1e-07
10 1 1e-07
10 0.999999 7.96094e-07
10 0.999999 6.11574e-07
4 0.000231627 0.999768
10 0.999886 0.000113675
10 0.999852 0.00014785
10 1 1e-07
10 1 1e-07
10 1 1e-07
10 1 1e-07
10 1 2.23141e-07
4 0.000354753 0.999645
10 1 1e-07
10 1 3.93222e-07
10 1 1e-07
10 1 1e-07
4 1.38741e-05 0.999986
10 1 1e-07
10 1 1e-07
10 0.999241 0.00075918
10 1 1e-07
10 0.999998 2.04401e-06
10 1 1e-07
10 1 1e-07
10 0.999989 1.14267e-05
10 1 1e-07
10 1 1e-07
10 0.999998 1.91487e-06
10 0.99937 0.000629606
10 1 1.30811e-07
10 1 1e-07
10 1 1e-07
10 1 1e-07
10 0.999987 1.33807e-05
10 1 1e-07
10 1 1.34909e-07
10 1 1e-07
10 0.999847 0.000152632
10 0.999998 1.53943e-06
10 0.99992 7.95002e-05
4 0.0114903 0.98851
10 1 1e-07
4 0.00199195 0.998008
10 1 1.6191e-07
10 1 3.12449e-07
10 1 1e-07
10 0.999992 8.32879e-06
10 1 1.49359e-07
10 1 1e-07
10 1 1e-07
10 1 1e-07
10 1 1.45321e-07
10 0.999999 6.79081e-07
10 0.999998 1.74262e-06
10 1 1e-07
10 0.999987 1.33522e-05
10 1 1e-07
10 1 1e-07
4 0.0112813 0.988719
10 1 1e-07
10 1 1e-07
4 0.00465728 0.995343
10 0.999941 5.85257e-05
4 0.00448681 0.995513
10 0.999892 0.000108214
10 0.999892 0.000108495
10 0.999991 9.08543e-06
4 0.054204 0.945796
4 0.00232528 0.997675
10 1 1e-07
10 1 1.2632e-07
10 1 1e-07
10 0.999999 6.94825e-07
10 1 1e-07
10 0.996722 0.00327777
4 0.000222493 0.999778
10 1 1e-07
10 0.999987 1.31129e-05
10 1 1e-07
10 1 1e-07
10 1 1.73744e-07
10 1 1e-07
10 0.99912 0.000880113
10 0.999991 8.55562e-06
4 0.00602582 0.993974
10 1 1e-07
10 1 1e-07
10 1 1e-07
10 0.999998 1.99314e-06
10 0.999999 1.33681e-06
10 1 1e-07
10 1 4.5745e-07
10 1 1e-07
10 0.999979 2.12642e-05
10 0.999993 6.57879e-06
10 0.999962 3.78923e-05
10 1 1e-07
10 1 1e-07
10 1 1e-07
10 1 1e-07
10 0.999992 7.61493e-06
4 0.00250649 0.997494
4 3.75391e-05 0.999962
4 0.0209979 0.979002
10 1 1e-07
10 1 1e-07
10 1 1e-07
10 0.999999 9.77047e-07
10 0.999996 3.84779e-06
10 1 1e-07
10 1 1e-07
10 1 1e-07
10 1 1e-07
10 0.999989 1.05516e-05
4 0.000494947 0.999505
10 0.999989 1.14286e-05
10 1 1e-07
10 1 1e-07
4 0.00282118 0.997179
