labels 1 4
1 0.971945 0.0280546
1 0.977601 0.0223987
1 0.501611 0.498389
4 0.0104555 0.989545
1 0.581903 0.418097
1 0.979769 0.0202306
4 0.00210447 0.997896
1 0.994485 0.00551545
1 0.999874 0.000125984
4 0.142772 0.857228
4 0.035442 0.964558
4 0.00647143 0.993529
1 0.999998 1.50108e-06
4 0.231591 0.768409
1 0.9494 0.0505998
1 0.841224 0.158776
1 0.999628 0.000372335
1 0.976188 0.0238118
4 0.000616304 0.999384
4 2.69096e-06 0.999997
1 0.976179 0.0238207
4 0.267007 0.732993
1 0.953091 0.0469094
1 0.973791 0.0262091
1 0.531024 0.468976
4 0.037097 0.962903
4 9.79143e-06 0.99999
4 0.0136592 0.986341
4 1e-07 1
1 0.999991 9.10304e-06
1 0.988759 0.0112406
1 0.99992 8.04384e-05
1 0.901093 0.0989069
4 1e-07 1
4 0.00178551 0.998214
1 0.999999 8.88557e-07
1 0.999583 0.000417455
4 0.00470613 0.995294
1 0.99997 3.03622e-05
1 0.999866 0.000133754
1 0.528409 0.471591
1 0.572861 0.427139
1 0.825641 0.174359
1 0.861247 0.138753
4 0.0100484 0.989952
1 0.719798 0.280202
1 0.992885 0.00711532
1 0.595386 0.404614
1 0.999294 0.000706395
1 0.99159 0.00840969
1 1 2.30817e-07
1 0.969624 0.0303759
4 0.438646 0.561354
4 1.33017e-06 0.999999
1 0.999211 0.000789184
1 0.998696 0.00130363
1 0.988841 0.0111593
4 0.453524 0.546476
4 0.00476453 0.995235
1 0.514976 0.485024
1 0.682843 0.317157
1 0.981262 0.0187378
4 0.355521 0.644479
1 0.999985 1.46658e-05
4 6.56534e-06 0.999993
4 0.0627137 0.937286
1 0.991331 0.00866919
4 0.0183888 0.981611
1 0.999984 1.64204e-05
1 0.999993 6.87688e-06
1 0.936654 0.063346
1 0.997119 0.00288129
1 0.999679 0.000321308
1 0.989323 0.0106774
1 0.977068 0.0229319
4 0.0684101 0.93159
1 0.765129 0.234871
1 0.911656 0.0883442
4 0.144913 0.855087
1 0.747603 0.252397
4 0.000353006 0.999647
4 6.80405e-05 0.999932
4 0.000127517 0.999872
1 0.968069 0.031931
1 0.989198 0.0108022
1 0.998768 0.00123215
1 0.979423 0.0205771
4 0.00128822 0.998712
1 0.982128 0.0178717
4 0.00462941 0.995371
4 0.00412058 0.995879
1 0.978554 0.0214456
1 0.986618 0.0133823
1 0.994605 0.00539466
1 0.918706 0.0812936
1 0.994673 0.00532684
4 0.00973207 0.990268
1 0.972401 0.027599
4 0.0213387 0.978661
1 0.991667 0.00833271
1 0.803345 0.196655
1 0.996324 0.00367583
4 2.99053e-05 0.99997
1 0.998968 0.00103212
1 0.975521 0.0244792
1 0.657211 0.342789
1 0.99987 0.000130347
1 0.999879 0.000120632
1 0.999665 0.000334958
1 0.9738 0.0262003
1 0.977593 0.0224067
1 0.999342 0.000657641
1 0.980863 0.0191366
1 0.994825 0.00517456
1 0.985922 0.0140776
1 0.997966 0.00203427
1 0.881736 0.118264
1 0.962576 0.0374244
1 0.990682 0.00931776
1 0.985536 0.0144636
1 0.989631 0.0103695
1 0.758318 0.241682
1 0.913626 0.0863737
1 0.99662 0.00337979
4 0.000477236 0.999523
1 0.999841 0.00015919
1 0.85701 0.14299
4 1.68272e-06 0.999998
4 0.0104023 0.989598
1 0.995154 0.00484609
4 0.133104 0.866896
1 0.996481 0.00351875
1 0.892224 0.107776
1 0.998273 0.00172717
4 0.00310097 0.996899
1 0.967737 0.032263
4 1.36721e-06 0.999999
4 0.210439 0.789561
1 0.999915 8.45611e-05
1 0.999929 7.12277e-05
4 0.022715 0.977285
4 0.204084 0.795916
1 0.99979 0.000210252
4 0.000590025 0.99941
1 0.864152 0.135848
1 0.982872 0.0171284
1 0.99994 6.00005e-05
1 0.995252 0.00474794
4 1e-07 1
4 0.00123215 0.998768
4 0.379854 0.620146
1 0.999894 0.000106381
1 0.99603 0.00396951
1 0.989499 0.0105012
1 0.979318 0.020682
1 0.996392 0.00360753
1 0.980943 0.0190573
4 9.26205e-05 0.999907
1 0.778781 0.221219
1 0.999999 1.45164e-06
1 0.884253 0.115747
1 0.872196 0.127804
1 0.979944 0.0200561
4 0.00103168 0.998968
1 0.999976 2.43991e-05
4 0.000201459 0.999799
1 1 1.82443e-07
4 0.102181 0.897819
4 0.00032865 0.999671
1 0.999143 0.000856536
1 0.999953 4.70375e-05
1 0.99431 0.00568954
4 0.0974019 0.902598
1 0.570713 0.429287
1 0.792663 0.207337
1 0.810676 0.189324
1 0.998755 0.00124518
1 1 1e-07
1 0.867369 0.132631
4 0.000206163 0.999794
4 0.00273809 0.997262
1 0.97325 0.0267495
1 0.925596 0.0744039
4 0.00304638 0.996954
1 0.999805 0.000195006
1 0.810927 0.189073
1 0.992081 0.00791901
4 0.000878229 0.999122
1 0.598451 0.401549
4 0.00456455 0.995435
1 0.982195 0.0178046
1 0.98244 0.0175601
1 0.99974 0.000260392
1 0.927538 0.0724622
1 0.995494 0.00450551
1 0.887014 0.112986
4 0.00641749 0.993583
1 0.999718 0.000282167
4 0.190554 0.809446
4 0.104404 0.895596
1 0.96236 0.0376401
1 0.998102 0.00189762
1 0.96554 0.0344602
1 0.938391 0.0616089
1 0.968395 0.0316054
1 0.999687 0.000312667
1 0.90831 0.0916902
1 0.992352 0.00764776
4 0.00762721 0.992373
1 0.999994 5.85671e-06
1 0.969688 0.0303115
1 0.968273 0.0317274
1 0.819241 0.180759
1 0.977797 0.0222032
1 0.963186 0.0368145
1 0.987106 0.0128942
1 0.981613 0.0183871
1 0.991541 0.00845873
1 0.870174 0.129826
4 0.000104088 0.999896
4 2.58436e-07 1
1 0.99689 0.00311022
1 0.781684 0.218316
1 0.996154 0.00384565
1 0.998569 0.00143083
1 0.811358 0.188642
4 0.0254854 0.974515
1 0.999145 0.000854923
1 0.999865 0.000134994
1 0.995967 0.0040332
1 0.894319 0.105681
4 0.0019071 0.998093
4 0.000595934 0.999404
1 0.97436 0.0256405
1 0.999339 0.000660612
1 0.999945 5.49863e-05
1 0.521641 0.478359
1 0.953502 0.0464983
4 0.209609 0.790391
1 0.715189 0.284811
1 0.999955 4.45532e-05
4 6.96953e-05 0.99993
4 0.00918268 0.990817
1 0.993843 0.00615665
1 0.998591 0.00140942
1 0.955574 0.0444255
1 0.785626 0.214374
1 0.988827 0.0111726
1 0.752347 0.247653
1 0.929353 0.0706474
1 0.983122 0.0168783
1 0.974826 0.0251736
1 0.971491 0.0285093
1 0.981195 0.0188048
1 0.760301 0.239699
4 0.0643037 0.935696
1 0.992516 0.00748408
1 0.787792 0.212208
4 0.000178215 0.999822
1 0.999966 3.37031e-05
4 2.83733e-06 0.999997
1 0.990769 0.00923054
4 0.000553662 0.999446
1 0.945644 0.0543561
1 0.662484 0.337516
4 0.00298396 0.997016
1 0.937679 0.0623214
1 0.989825 0.0101751
1 0.876735 0.123265
4 0.00220477 0.997795
1 0.995038 0.00496158
4 0.000243698 0.999756
1 0.999835 0.000164673
1 0.966149 0.0338508
1 0.999342 0.000657911
1 0.9883 0.0117004
4 0.49325 0.50675
1 0.994878 0.00512216
1 0.988405 0.0115953
1 0.998518 0.00148171
1 0.998598 0.00140219
1 0.999367 0.000632815
1 0.996699 0.00330058
1 0.996311 0.00368911
4 0.0116794 0.988321
4 0.325674 0.674326
1 0.999846 0.000154405
4 0.197124 0.802876
1 0.986233 0.0137673
1 0.974063 0.0259366
1 0.999811 0.000188755
1 0.999709 0.000291233
4 0.0061199 0.99388
1 0.999025 0.000974726
1 0.999499 0.00050137
1 0.539656 0.460344
4 0.056682 0.943318
1 0.999986 1.42288e-05
1 0.967723 0.0322766
1 0.980119 0.0198806
1 0.99433 0.00566985
1 0.931832 0.068168
1 0.960598 0.0394019
4 0.00526992 0.99473
4 0.000481328 0.999519
4 7.35916e-07 0.999999
1 0.999596 0.000403884
1 0.708935 0.291065
1 0.999784 0.000216166
4 1e-07 1
1 0.818373 0.181627
1 0.94095 0.0590496
1 0.993055 0.00694513
1 0.994701 0.00529936
1 0.999983 1.67678e-05
1 0.867922 0.132078
4 6.14465e-07 0.999999
1 0.52915 0.47085
1 0.618474 0.381526
1 0.934311 0.0656886
1 0.9999 0.000100402
4 3.44207e-05 0.999966
1 0.999572 0.000428323
1 0.999996 3.79407e-06
1 0.879109 0.120891
1 0.995174 0.00482571
1 0.99779 0.00221028
1 0.932231 0.0677688
1 0.812999 0.187001
1 0.610576 0.389424
1 0.999995 4.7691e-06
4 1e-07 1
1 0.974048 0.0259524
1 0.997516 0.00248388
4 0.48731 0.51269
1 0.646207 0.353793
1 0.999743 0.000256518
1 0.977242 0.0227575
1 0.999783 0.000216814
1 0.99985 0.000150268
1 0.957313 0.0426874
4 1e-07 1
4 0.0122185 0.987782
1 0.517248 0.482752
1 0.974274 0.0257256
1 0.662907 0.337093
1 0.999992 7.50136e-06
4 1e-07 1
1 0.999668 0.000331865
1 0.781503 0.218497
4 0.000116251 0.999884
1 0.999933 6.71522e-05
1 0.999235 0.000764939
1 0.98023 0.0197704
1 0.993614 0.00638562
1 0.952616 0.0473836
4 0.00128196 0.998718
1 0.999995 4.79969e-06
4 0.153047 0.846953
1 0.95363 0.0463696
1 0.991928 0.00807204
1 0.994757 0.00524337
1 0.901362 0.0986383
1 0.995064 0.00493561
1 0.588756 0.411244
1 0.99997 2.99665e-05
1 0.98242 0.0175796
1 0.959523 0.0404773
1 0.947063 0.0529372
4 0.00693582 0.993064
4 2.02119e-05 0.99998
4 0.0468101 0.95319
1 1 1.01382e-07
1 0.993358 0.00664152
1 0.999704 0.000296063
1 0.982227 0.0177725
4 6.90951e-06 0.999993
1 0.529825 0.470175
4 0.494746 0.505254
4 0.00498184 0.995018
1 0.972928 0.0270723
1 0.999814 0.000186299
1 0.919357 0.0806426
1 0.999939 6.12477e-05
1 0.993722 0.00627757
4 0.313374 0.686626
1 0.958662 0.041338
4 0.249599 0.750401
1 0.999995 5.28966e-06
4 1e-07 1
4 0.0379931 0.962007
1 0.983716 0.0162841
1 0.999892 0.000107675
4 0.0012575 0.998743
1 0.999913 8.67115e-05
1 1 1e-07
1 0.964451 0.0355492
4 0.159799 0.840201
1 0.554765 0.445235
1 0.999614 0.000385723
1 0.981626 0.0183743
4 0.000900832 0.999099
1 0.99996 4.02899e-05
1 0.999923 7.74728e-05
4 0.222349 0.777651
1 0.999975 2.5451e-05
4 0.00586175 0.994138
1 0.999706 0.000293985
1 0.999998 2.24666e-06
1 0.974152 0.0258477
1 0.999914 8.62363e-05
1 0.999485 0.000514561
1 0.996717 0.00328258
1 0.999961 3.85621e-05
1 0.998881 0.00111865
4 4.18998e-05 0.999958
4 0.0780033 0.921997
1 0.967304 0.0326958
4 1.80527e-06 0.999998
1 0.999982 1.79414e-05
1 0.997719 0.0022813
4 1e-07 1
1 0.855393 0.144607
1 0.999955 4.47707e-05
1 0.934787 0.065213
4 0.0492126 0.950787
4 0.477131 0.522869
4 0.297273 0.702727
1 0.980587 0.0194126
4 0.0036487 0.996351
1 0.941374 0.058626
1 0.932808 0.0671923
1 1 2.96738e-07
4 1.65141e-06 0.999998
4 0.462604 0.537396
1 0.999566 0.00043388
1 0.976333 0.0236667
1 0.930992 0.0690079
1 0.979504 0.0204957
4 0.00127723 0.998723
1 0.895007 0.104993
1 0.999167 0.000832519
1 0.999991 8.82e-06
1 0.957933 0.0420671
1 0.989015 0.0109848
1 0.995579 0.00442085
1 0.96616 0.0338398
4 0.00368066 0.996319
1 0.992973 0.00702664
1 0.933976 0.0660236
1 0.944443 0.0555573
1 0.744731 0.255269
1 0.999935 6.46087e-05
4 0.0514012 0.948599
1 0.999982 1.83631e-05
4 8.64075e-06 0.999991
4 0.0017042 0.998296
4 0.482126 0.517874
4 2.4648e-05 0.999975
4 0.0335103 0.96649
4 0.000942078 0.999058
1 0.999915 8.53178e-05
1 0.999997 3.109e-06
1 0.972177 0.0278232
1 0.999998 2.15067e-06
4 0.481798 0.518202
1 0.999347 0.000652851
4 0.103228 0.896772
1 0.990338 0.00966191
1 0.793795 0.206205
1 0.989473 0.0105274
1 0.998158 0.00184205
4 0.000438427 0.999562
1 0.774188 0.225812
1 0.970419 0.0295813
1 0.705133 0.294867
4 1.57913e-05 0.999984
4 0.00250095 0.997499
1 0.997517 0.00248338
1 0.994961 0.00503888
1 0.940111 0.0598894
1 0.999867 0.000133404
1 0.999706 0.000293904
4 0.181923 0.818077
1 0.999638 0.000362128
4 3.70077e-05 0.999963
1 0.765444 0.234556
1 0.999999 7.06524e-07
1 0.999903 9.66335e-05
1 0.99976 0.0002399
1 0.999949 5.1173e-05
4 0.340171 0.659829
1 0.99915 0.000849605
1 0.506968 0.493032
1 0.998326 0.00167446
1 0.99997 3.0179e-05
1 0.999946 5.41076e-05
1 0.999417 0.000582536
1 0.528421 0.471579
1 0.946683 0.0533171
1 0.642533 0.357467
1 0.999887 0.000112542
1 0.999933 6.72762e-05
1 0.981236 0.0187638
4 1e-07 1
1 0.983725 0.0162746
1 0.997921 0.00207878
1 0.979016 0.0209838
1 0.602678 0.397322
4 0.0309931 0.969007
1 0.999666 0.000334121
1 0.998658 0.00134244
1 0.999957 4.31589e-05
1 0.704372 0.295628
1 0.961558 0.038442
1 0.999052 0.000948165
1 0.996851 0.00314861
4 0.00575793 0.994242
1 0.540442 0.459558
1 0.896244 0.103756
4 0.245623 0.754377
4 0.0076997 0.9923
1 0.982151 0.0178487
4 4.31396e-07 1
1 0.999943 5.69866e-05
1 0.920772 0.0792277
4 0.00169563 0.998304
1 0.891686 0.108314
1 0.994043 0.00595703
1 0.991214 0.0087863
1 0.995128 0.00487163
1 0.939715 0.0602847
1 0.99892 0.00108041
1 0.947376 0.0526245
1 0.981564 0.0184361
1 0.996361 0.00363926
1 0.898783 0.101217
4 0.00326175 0.996738
4 0.0115197 0.98848
1 0.933723 0.0662769
1 0.999843 0.000156634
1 0.999976 2.35905e-05
1 0.86789 0.13211
4 1.46259e-05 0.999985
4 0.0154794 0.984521
1 0.543338 0.456662
1 0.962875 0.0371254
1 0.999526 0.000473717
4 2.53244e-05 0.999975
4 0.0195749 0.980425
1 0.960764 0.0392361
4 0.00023531 0.999765
4 0.0635367 0.936463
1 0.915239 0.0847609
1 0.87903 0.12097
4 0.140421 0.859579
1 0.91403 0.0859698
1 0.999603 0.000396885
4 0.0152542 0.984746
4 0.000948203 0.999052
4 0.000616472 0.999384
1 0.977112 0.0228883
4 0.0115206 0.988479
1 0.921615 0.0783852
1 0.999982 1.84131e-05
1 0.99391 0.00609018
4 3.59702e-07 1
4 0.00130412 0.998696
1 0.999993 6.62484e-06
1 0.978447 0.0215527
1 0.997401 0.00259942
1 0.83671 0.16329
4 1e-07 1
1 0.99494 0.00506006
1 0.995209 0.00479079
1 0.998501 0.00149941
1 0.997771 0.00222924
1 0.988142 0.0118576
4 1e-07 1
1 0.998712 0.00128799
1 0.999375 0.000625359
1 0.994287 0.00571285
4 0.0102877 0.989712
1 0.93321 0.0667905
4 0.0487633 0.951237
4 0.00140235 0.998598
4 0.0579303 0.94207
1 0.887921 0.112079
1 0.996585 0.00341477
1 0.999884 0.000115534
1 0.999966 3.3721e-05
1 0.766436 0.233564
4 0.00322356 0.996776
4 0.468582 0.531418
1 0.999862 0.000138185
4 0.000156461 0.999844
4 0.00779026 0.99221
1 0.919785 0.080215
1 0.933291 0.0667094
4 2.36506e-06 0.999998
4 0.022179 0.977821
1 0.999348 0.000652455
1 0.914333 0.0856668
1 0.918158 0.0818424
1 0.999548 0.000452031
1 0.995563 0.00443734
1 0.999345 0.00065476
4 0.499133 0.500867
4 1.21566e-07 1
1 0.992707 0.00729337
1 0.898029 0.101971
1 0.966532 0.0334678
1 0.98198 0.0180201
1 0.916074 0.0839256
4 0.0792722 0.920728
1 0.999989 1.10777e-05
1 0.999749 0.000251232
1 0.999963 3.71892e-05
4 0.00119326 0.998807
4 0.135545 0.864455
4 0.408977 0.591023
4 0.000249203 0.999751
4 0.374372 0.625628
4 0.00316588 0.996834
1 0.985679 0.0143206
1 0.919761 0.0802393
1 0.610833 0.389167
4 0.321006 0.678994
1 0.986837 0.0131629
1 0.999895 0.000105329
1 0.999911 8.89447e-05
4 0.00279644 0.997204
4 0.0377179 0.962282
4 0.0485034 0.951497
1 0.999553 0.000446759
1 0.975039 0.0249614
4 0.0141873 0.985813
1 0.997898 0.00210236
1 0.999009 0.000990519
1 0.969204 0.030796
1 0.983611 0.0163889
4 2.20563e-05 0.999978
1 0.998476 0.00152439
1 0.997555 0.00244474
1 0.993633 0.0063665
1 0.999947 5.31021e-05
4 1e-07 1
1 0.994748 0.00525153
1 0.999589 0.000410668
1 0.987132 0.0128677
1 0.964198 0.0358016
1 0.671611 0.328389
4 0.00100673 0.998993
1 0.958283 0.0417173
1 0.90902 0.0909797
1 0.999864 0.000135516
4 1e-07 1
1 0.99948 0.000519834
1 0.509454 0.490546
1 0.99994 6.01024e-05
1 0.735195 0.264805
1 1 2.81715e-07
1 0.558405 0.441595
1 0.966911 0.0330894
4 0.000150686 0.999849
4 0.0791541 0.920846
1 0.983367 0.0166326
1 0.998719 0.00128099
1 0.924692 0.0753083
1 0.718399 0.281601
1 0.999925 7.52847e-05
1 0.985099 0.0149014
4 0.461001 0.538999
1 0.985791 0.0142088
1 0.858482 0.141518
1 0.999247 0.000752779
4 0.0100448 0.989955
1 0.985346 0.0146543
1 0.880641 0.119359
1 0.880888 0.119112
1 0.983986 0.0160136
1 0.999891 0.000109038
1 0.998932 0.00106795
1 0.999012 0.000987784
1 0.645272 0.354728
1 0.996956 0.00304372
1 0.995068 0.00493203
1 0.822327 0.177673
1 0.998201 0.00179886
1 0.999997 3.49181e-06
1 0.997703 0.00229651
1 0.996199 0.0038014
1 0.995172 0.00482811
1 0.997435 0.00256463
1 0.970312 0.0296879
4 7.5793e-05 0.999924
1 0.990351 0.00964853
1 0.999774 0.000225846
1 0.999328 0.000672346
1 0.999985 1.47499e-05
1 0.990903 0.00909656
1 0.885681 0.114319
1 0.998674 0.00132599
4 1e-07 1
1 0.894556 0.105444
4 0.0128513 0.987149
1 0.999958 4.22197e-05
1 0.999586 0.000413922
1 0.961707 0.0382933
1 0.999969 3.05582e-05
4 0.0134904 0.98651
1 0.843247 0.156753
1 0.959345 0.0406548
1 0.980148 0.019852
1 0.861646 0.138354
1 0.999225 0.00077489
4 4.61717e-07 1
4 0.0227769 0.977223
4 0.0313972 0.968603
1 0.999953 4.655e-05
4 0.000719142 0.999281
4 0.010526 0.989474
1 0.675633 0.324367
4 0.31506 0.68494
4 0.0657918 0.934208
1 0.985867 0.0141328
4 0.0139418 0.986058
1 0.988209 0.0117911
1 0.700708 0.299292
1 0.927526 0.0724744
1 0.912729 0.087271
1 0.929808 0.0701917
1 0.984484 0.0155165
4 0.144164 0.855836
1 0.999525 0.000474999
1 0.999995 5.04243e-06
1 0.988579 0.011421
4 0.000232294 0.999768
1 0.99199 0.00801021
1 0.808239 0.191761
4 0.382426 0.617574
4 0.000168609 0.999831
4 0.361296 0.638704
1 0.999927 7.30129e-05
4 0.00141319 0.998587
1 0.972955 0.027045
4 2.01152e-06 0.999998
1 0.602385 0.397615
1 0.999251 0.000749127
1 0.973787 0.0262132
1 0.865204 0.134796
1 0.987666 0.0123337
1 0.935443 0.0645566
1 0.52372 0.47628
1 0.99184 0.00816021
4 1.36826e-05 0.999986
1 0.997965 0.00203508
1 0.999777 0.0002232
1 0.974153 0.0258466
4 7.8371e-05 0.999922
1 0.912989 0.087011
4 0.394473 0.605527
1 0.99436 0.00563959
1 0.933307 0.0666932
1 0.978344 0.0216561
1 0.91237 0.08763
1 0.996675 0.00332464
1 0.88782 0.11218
1 0.958876 0.0411241
1 0.999584 0.000416366
1 0.94833 0.0516704
1 0.999981 1.89314e-05
4 0.00163196 0.998368
1 0.999911 8.91612e-05
1 0.999913 8.65713e-05
1 0.999174 0.000825507
1 0.957684 0.0423159
1 0.979339 0.0206611
1 0.719681 0.280319
1 0.883249 0.116751
1 0.938023 0.0619773
4 0.00789798 0.992102
4 0.384744 0.615256
1 0.999591 0.000408709
4 2.00585e-06 0.999998
1 0.996319 0.00368079
1 0.910806 0.0891943
1 0.995275 0.0047252
4 0.00717697 0.992823
1 0.985977 0.0140228
1 0.79495 0.20505
1 0.969261 0.0307391
1 0.624542 0.375458
1 0.976113 0.0238871
1 0.99692 0.00307988
1 0.996466 0.00353364
1 0.99521 0.00478978
1 0.982823 0.0171774
1 0.645305 0.354695
1 0.932041 0.0679586
4 0.000656457 0.999344
1 0.985489 0.0145114
1 0.838716 0.161284
1 0.718966 0.281034
4 6.17702e-05 0.999938
4 6.10932e-07 0.999999
4 3.085e-06 0.999997
1 0.910662 0.0893377
1 0.997999 0.00200074
1 0.779365 0.220635
1 1 1.0826e-07
1 0.970162 0.0298376
1 0.879099 0.120901
1 0.99597 0.00403015
4 1.72734e-05 0.999983
1 0.85492 0.14508
1 0.910283 0.0897167
1 0.999141 0.000859051
1 0.99225 0.00774974
1 0.619829 0.380171
1 0.999048 0.000952429
1 0.90192 0.0980801
1 0.970064 0.029936
4 0.00473694 0.995263
1 0.999947 5.3466e-05
1 0.985748 0.0142523
1 0.982807 0.0171934
1 0.99977 0.000229665
1 0.862049 0.137951
1 0.973237 0.0267633
1 0.849753 0.150247
1 0.999754 0.000246163
1 0.960085 0.0399153
1 0.999619 0.000381194
1 0.854716 0.145284
1 0.999278 0.000721912
4 0.00370176 0.996298
1 0.943505 0.0564952
1 0.977211 0.0227889
1 0.969636 0.0303642
4 0.0068274 0.993173
1 0.766403 0.233597
4 0.0468887 0.953111
1 0.856496 0.143504
1 0.873952 0.126048
1 0.963565 0.036435
1 0.942409 0.0575912
4 0.000329271 0.999671
1 0.928514 0.0714859
1 0.99878 0.00122032
4 0.043563 0.956437
1 0.935384 0.0646163
1 0.99994 5.98826e-05
4 0.00105028 0.99895
1 0.980241 0.0197589
4 0.00245814 0.997542
1 0.545624 0.454376
1 0.99337 0.00662979
1 0.92795 0.0720499
1 0.999958 4.18223e-05
1 1 1e-07
1 0.954856 0.0451435
1 0.872258 0.127742
4 0.483795 0.516205
1 0.991383 0.00861652
4 0.371544 0.628456
1 0.98965 0.0103496
1 0.999956 4.35291e-05
1 0.939883 0.0601172
4 3.617e-05 0.999964
1 0.999816 0.00018399
4 0.00095258 0.999047
1 0.995484 0.00451644
1 0.997359 0.0026409
1 0.963503 0.0364967
4 4.4725e-05 0.999955
1 0.993115 0.00688523
1 0.983362 0.0166376
1 0.980401 0.0195989
1 0.985332 0.0146682
1 0.940541 0.0594588
1 0.961778 0.0382215
4 0.000317022 0.999683
1 0.848146 0.151854
1 0.922833 0.0771671
4 0.0212055 0.978795
1 0.996105 0.00389482
1 0.989339 0.0106606
4 1e-07 1
1 0.997273 0.00272728
1 0.99573 0.00427002
1 0.991342 0.00865795
1 0.743532 0.256468
1 0.901733 0.0982673
4 0.432108 0.567892
1 0.992189 0.00781141
1 0.998892 0.00110779
1 0.999683 0.000316601
1 0.999637 0.000362805
1 0.997219 0.00278104
4 0.00462066 0.995379
4 0.00170713 0.998293
4 1.89683e-07 1
1 0.999608 0.00039208
1 0.999172 0.000827805
1 0.967279 0.0327205
1 0.963162 0.0368382
4 0.00223042 0.99777
1 0.892074 0.107926
1 0.978066 0.0219343
1 0.978766 0.0212343
1 0.999849 0.000150514
1 0.74681 0.25319
1 0.999842 0.000158139
1 0.999815 0.000185256
1 0.99986 0.000139618
1 0.960128 0.0398716
1 0.99894 0.0010603
4 0.0840462 0.915954
4 2.50207e-06 0.999997
1 0.825453 0.174547
1 0.902809 0.0971909
4 0.00160579 0.998394
1 0.918117 0.0818826
4 0.0157251 0.984275
1 0.561027 0.438973
4 0.110948 0.889052
1 0.999004 0.000995504
1 0.999295 0.000705411
4 3.73877e-05 0.999963
4 1e-07 1
4 0.265837 0.734163
1 0.909146 0.0908543
1 0.988617 0.0113828
1 0.993323 0.00667734
1 0.999996 3.93776e-06
1 0.994447 0.00555267
1 0.999932 6.84567e-05
1 0.999541 0.000459042
1 0.988805 0.0111952
1 0.962026 0.0379735
1 0.601893 0.398107
1 0.990485 0.00951455
1 0.999365 0.000635419
4 3.5876e-05 0.999964
1 0.976461 0.0235389
1 0.601713 0.398287
4 0.399478 0.600522
4 1e-07 1
1 0.974246 0.0257536
4 0.430553 0.569447
4 3.83882e-07 1
1 1 1.38651e-07
1 0.999037 0.000962879
4 0.160171 0.839829
1 0.999951 4.90942e-05
1 0.999302 0.000698171
1 0.747058 0.252942
1 0.979773 0.0202271
4 0.294164 0.705836
1 0.999775 0.000225042
4 1e-07 1
4 0.00163777 0.998362
4 0.000165546 0.999834
1 0.884092 0.115908
1 0.989668 0.0103322
1 0.976514 0.0234865
1 0.999908 9.21968e-05
1 0.987365 0.0126347
1 0.979854 0.0201457
1 0.997024 0.00297582
1 0.982992 0.0170082
1 0.96453 0.0354702
1 0.992891 0.00710867
1 0.847549 0.152451
1 0.999659 0.000341018
1 0.830116 0.169884
1 0.963263 0.0367368
1 0.999974 2.58616e-05
1 0.994426 0.00557403
4 0.45102 0.54898
1 0.992108 0.00789179
4 0.103214 0.896786
1 0.941983 0.0580167
1 0.911342 0.0886584
1 0.904409 0.095591
4 0.00265217 0.997348
1 0.948772 0.051228
1 0.999992 8.37742e-06
1 0.947228 0.0527717
1 0.999648 0.000351514
4 0.00096117 0.999039
4 0.00125412 0.998746
1 0.509794 0.490206
1 0.864641 0.135359
1 0.956479 0.043521
1 0.986952 0.0130476
4 0.146463 0.853537
1 0.999878 0.000122468
4 0.00114808 0.998852
4 0.00750769 0.992492
1 0.999676 0.000323584
1 0.980739 0.019261
1 0.861597 0.138403
1 0.999617 0.000383172
1 0.966189 0.0338112
1 0.998028 0.0019723
4 0.479969 0.520031
4 0.104994 0.895006
1 0.98675 0.0132498
1 0.983169 0.0168313
1 0.999542 0.000457851
1 0.983363 0.0166367
1 0.999872 0.000127695
1 0.98435 0.0156502
1 0.999977 2.27916e-05
4 0.130082 0.869918
1 0.999998 1.77678e-06
1 0.998627 0.0013729
4 0.0626484 0.937352
1 0.809692 0.190308
4 0.0486442 0.951356
4 0.0115557 0.988444
1 0.875433 0.124567
4 1.44091e-07 1
1 0.999687 0.000313079
1 0.999347 0.000652783
1 0.853379 0.146621
1 0.873507 0.126493
1 0.9855 0.0144999
1 0.999971 2.85492e-05
1 0.998307 0.00169333
1 0.924207 0.0757927
1 0.663904 0.336096
4 0.00350883 0.996491
1 0.987883 0.0121166
1 0.999469 0.000531311
1 0.997925 0.00207491
1 0.712802 0.287198
1 0.999996 3.54097e-06
1 0.95571 0.0442898
4 0.0645755 0.935425
1 0.663555 0.336445
1 0.563342 0.436658
4 7.2102e-05 0.999928
1 0.970791 0.0292091
1 0.999859 0.000140671
1 0.967355 0.0326449
4 0.0141401 0.98586
4 3.12009e-07 1
1 0.999966 3.39414e-05
4 8.1386e-05 0.999919
1 0.995287 0.00471332
1 0.992304 0.00769565
4 0.000278349 0.999722
1 0.9863 0.0136998
1 0.999959 4.09615e-05
4 1e-07 1
1 0.999978 2.19062e-05
1 0.926117 0.0738826
1 0.999974 2.57949e-05
1 0.997375 0.00262491
1 0.998748 0.00125205
4 0.00643462 0.993565
4 0.127854 0.872146
4 0.000830383 0.99917
4 0.0141043 0.985896
1 0.999438 0.000562195
4 8.25732e-06 0.999992
1 0.774171 0.225829
1 0.958489 0.0415108
1 0.717396 0.282604
4 0.000125998 0.999874
4 0.0790422 0.920958
4 1.47655e-05 0.999985
4 0.36519 0.63481
4 0.00177947 0.998221
1 0.996837 0.00316303
1 0.991784 0.00821617
1 0.995226 0.00477352
1 0.988972 0.0110275
1 0.999993 7.2696e-06
1 0.941717 0.0582832
4 0.000298247 0.999702
1 0.982329 0.0176707
1 0.959262 0.0407378
1 0.979281 0.0207189
1 0.999996 4.0146e-06
4 5.88444e-07 0.999999
1 0.85232 0.14768
1 0.953749 0.0462507
1 0.986915 0.0130847
1 0.878041 0.121959
1 0.955225 0.044775
1 0.848527 0.151473
4 0.000262409 0.999738
1 0.999367 0.000632973
1 0.999718 0.000281512
1 0.999783 0.000216609
1 0.991296 0.00870449
1 0.987907 0.0120932
1 1 1e-07
1 0.603512 0.396488
1 0.986724 0.0132761
4 0.208371 0.791629
1 0.999668 0.000332165
1 0.998013 0.00198724
4 0.00552794 0.994472
1 0.974039 0.025961
1 0.989882 0.0101175
4 0.378708 0.621292
1 0.949804 0.050196
4 0.00475253 0.995247
4 0.0830531 0.916947
1 0.999993 6.53173e-06
1 0.880766 0.119234
1 0.947261 0.0527386
1 0.999569 0.000431173
1 0.999731 0.000269478
4 0.00454915 0.995451
1 0.999961 3.86569e-05
4 0.000344293 0.999656
1 0.790177 0.209823
4 0.00306597 0.996934
1 0.720883 0.279117
1 0.999682 0.000317626
4 0.0789628 0.921037
1 0.992058 0.00794211
1 0.998522 0.00147781
1 0.655017 0.344983
1 0.999939 6.07622e-05
1 0.982045 0.0179554
1 0.974152 0.0258479
1 0.994928 0.00507247
1 0.969527 0.0304727
4 0.000186642 0.999813
1 0.999912 8.82895e-05
4 0.146124 0.853876
1 0.896021 0.103979
1 0.915073 0.0849273
4 1e-07 1
4 0.00386729 0.996133
1 0.998843 0.0011566
1 0.999989 1.10891e-05
1 0.842858 0.157142
1 0.882686 0.117314
1 0.993081 0.00691866
1 0.999869 0.000131383
1 0.995567 0.00443315
1 0.967213 0.0327875
1 0.997856 0.00214408
1 0.999995 5.26969e-06
1 0.993712 0.0062883
4 0.300089 0.699911
1 0.709116 0.290884
1 0.950324 0.0496761
4 2.75891e-07 1
1 0.999983 1.6541e-05
1 0.81682 0.18318
4 0.000695235 0.999305
4 0.00437172 0.995628
4 0.00115513 0.998845
1 0.999908 9.19452e-05
1 0.999921 7.90179e-05
1 0.999981 1.90099e-05
1 0.999986 1.37534e-05
1 0.989795 0.010205
1 0.996299 0.00370136
1 0.964381 0.0356185
1 0.95644 0.0435603
1 0.862396 0.137604
1 0.921821 0.0781787
1 0.983466 0.0165338
4 0.03385 0.96615
1 0.993576 0.00642355
4 0.00226219 0.997738
4 0.0010617 0.998938
1 0.946716 0.0532842
1 0.989279 0.0107215
1 0.999822 0.000178336
1 0.99999 1.03223e-05
1 0.989638 0.010362
1 0.986402 0.0135976
1 0.976258 0.0237424
1 0.999546 0.000453721
1 0.905591 0.0944086
4 0.00197815 0.998022
4 5.11882e-05 0.999949
1 0.98699 0.0130096
1 0.981941 0.018059
1 0.971367 0.0286328
1 0.667777 0.332223
1 0.999882 0.000117961
1 0.997936 0.00206354
1 0.992609 0.0073915
1 0.987098 0.0129022
1 0.979387 0.0206128
1 0.999979 2.06418e-05
4 6.95182e-05 0.99993
1 0.580025 0.419975
1 0.946321 0.0536792
1 0.94762 0.0523798
1 0.99978 0.000219545
1 0.998234 0.00176648
1 0.99999 1.00831e-05
4 0.000585058 0.999415
4 0.289204 0.710796
1 0.999691 0.00030916
1 0.999999 1.21681e-06
1 0.985828 0.0141722
1 0.888579 0.111421
1 0.946065 0.0539352
4 0.00202042 0.99798
1 0.945154 0.0548456
1 0.995193 0.00480677
4 2.45569e-05 0.999975
4 0.0222156 0.977784
1 0.99371 0.00628992
4 0.000655862 0.999344
4 1.85987e-07 1
1 0.578884 0.421116
1 0.992519 0.00748087
1 0.999994 6.01644e-06
4 0.00172657 0.998273
1 0.999999 9.33336e-07
1 0.599877 0.400123
1 0.986025 0.0139754
1 0.989316 0.0106836
4 0.0043211 0.995679
1 1 1e-07
1 0.998687 0.00131254
1 0.99557 0.00443031
4 0.000150799 0.999849
1 0.996792 0.00320813
4 0.0123906 0.987609
1 0.923151 0.0768493
1 0.988112 0.0118879
1 0.852938 0.147062
1 0.649323 0.350677
1 0.999983 1.69355e-05
1 0.997317 0.00268304
1 0.998727 0.00127267
1 0.998551 0.00144861
1 0.964511 0.0354888
1 0.938255 0.061745
4 0.407304 0.592696
1 0.997471 0.00252911
1 0.951667 0.0483332
4 0.000715387 0.999285
4 4.14269e-05 0.999959
4 0.000176372 0.999824
1 0.803283 0.196717
1 0.997021 0.00297853
4 0.00269093 0.997309
1 0.938993 0.0610072
1 0.999997 3.38349e-06
1 0.999998 2.15898e-06
1 0.975766 0.0242343
1 0.999917 8.33235e-05
1 0.997382 0.00261839
1 0.999988 1.22499e-05
1 0.995563 0.00443674
1 0.985122 0.0148783
4 1e-07 1
1 0.937371 0.062629
1 0.999975 2.48167e-05
1 0.996589 0.00341149
1 0.996845 0.00315464
1 0.990244 0.00975606
1 0.951259 0.0487412
1 0.985807 0.0141931
1 0.743067 0.256933
1 0.984986 0.0150142
4 0.0195043 0.980496
1 0.983144 0.0168559
1 0.999131 0.000868878
1 0.999763 0.000237273
1 0.980973 0.0190266
1 0.99849 0.00151032
1 0.997063 0.00293742
1 0.996472 0.0035277
1 0.999635 0.000365474
1 0.991272 0.00872761
4 0.000296349 0.999704
1 0.549148 0.450852
1 0.994374 0.00562593
4 0.0238702 0.97613
1 0.876817 0.123183
4 0.00226566 0.997734
1 0.998676 0.00132367
1 0.926794 0.0732061
1 0.999132 0.000867918
1 0.980967 0.019033
1 0.941154 0.0588462
1 0.971751 0.0282492
4 1.15529e-06 0.999999
1 0.90898 0.0910195
1 0.983647 0.0163535
4 0.151861 0.848139
1 0.994005 0.00599547
1 0.984205 0.0157952
1 0.963283 0.0367167
1 0.954368 0.0456321
1 0.998548 0.00145167
4 0.0843099 0.91569
1 0.641942 0.358058
1 0.999996 3.87168e-06
1 0.815754 0.184246
1 0.910581 0.0894191
1 0.99963 0.000370391
4 0.000781214 0.999219
1 0.999976 2.44273e-05
4 5.51058e-05 0.999945
1 0.999886 0.000114116
1 0.608684 0.391316
1 0.985061 0.0149388
1 0.995022 0.00497787
1 0.996452 0.00354817
1 0.903609 0.0963908
1 0.810518 0.189482
1 0.971004 0.0289963
4 0.00662258 0.993377
1 0.999812 0.000188434
1 0.997478 0.00252199
4 0.349214 0.650786
1 0.956374 0.043626
1 0.995464 0.00453565
1 0.998076 0.00192352
1 0.989857 0.0101433
1 0.99366 0.00633967
1 0.980109 0.019891
1 0.930543 0.0694573
1 0.926881 0.0731193
4 0.285128 0.714872
1 0.993005 0.0069947
4 1e-07 1
1 0.995008 0.00499225
1 0.999988 1.1678e-05
1 0.897677 0.102323
1 0.888666 0.111334
1 0.899409 0.100591
1 0.990857 0.00914317
1 0.998623 0.00137709
1 0.999996 4.05589e-06
4 1.25601e-07 1
4 1e-07 1
1 0.999411 0.000589138
4 0.125885 0.874115
4 0.388326 0.611674
1 0.96663 0.0333704
1 0.818786 0.181214
1 0.957643 0.0423572
1 0.96061 0.0393901
1 0.999952 4.7505e-05
4 0.069317 0.930683
1 0.999999 1.10715e-06
1 0.999719 0.000281056
1 0.942788 0.0572125
4 7.77126e-07 0.999999
4 0.0107102 0.98929
4 0.0098255 0.990175
1 0.989442 0.0105581
4 0.00868138 0.991319
1 0.888641 0.111359
1 0.997744 0.00225554
4 0.459128 0.540872
4 0.0118766 0.988123
1 0.991653 0.00834731
1 0.999948 5.18181e-05
4 0.00642454 0.993575
4 1.68676e-06 0.999998
1 0.999969 3.12039e-05
1 0.999725 0.000275293
1 0.999949 5.06592e-05
4 0.00568126 0.994319
1 0.998607 0.00139346
1 0.948955 0.0510447
4 0.138089 0.861911
1 0.995636 0.00436397
1 0.966701 0.0332993
1 0.97846 0.0215404
4 0.149116 0.850884
1 0.992323 0.00767741
4 0.00856442 0.991436
1 0.96441 0.0355902
1 0.98026 0.0197402
4 0.00688041 0.99312
4 1e-07 1
4 0.231521 0.768479
1 0.967414 0.0325865
1 0.95023 0.0497701
1 0.999895 0.000104744
4 0.0538184 0.946182
1 0.868033 0.131967
1 0.591454 0.408546
1 0.961758 0.0382417
1 0.992004 0.00799572
1 0.996619 0.00338136
4 6.12303e-05 0.999939
1 0.981921 0.0180785
1 1 1e-07
4 1.31061e-05 0.999987
1 0.996944 0.00305583
4 0.000260924 0.999739
1 0.999862 0.000138207
1 0.997669 0.00233117
1 0.984271 0.0157288
1 0.999949 5.10166e-05
1 0.996345 0.00365453
4 0.292564 0.707436
1 0.90921 0.0907903
1 0.99865 0.00135024
1 0.983352 0.0166476
1 0.998356 0.00164388
4 0.158883 0.841117
1 0.99989 0.00011027
1 0.733074 0.266926
4 1e-07 1
4 0.120704 0.879296
1 0.989492 0.0105085
1 0.998686 0.00131447
4 0.224813 0.775187
1 0.999911 8.88327e-05
1 0.9005 0.0994995
4 0.0218614 0.978139
1 0.993938 0.006062
4 1.58251e-07 1
1 0.998503 0.00149715
1 0.993367 0.00663304
1 0.840479 0.159521
1 0.99734 0.00266021
1 0.993225 0.00677461
4 0.000612307 0.999388
4 0.412401 0.587599
1 0.99497 0.00503023
4 0.432039 0.567961
4 1.54923e-06 0.999998
4 0.0259184 0.974082
1 0.99834 0.00165959
4 0.310002 0.689998
1 0.960362 0.0396376
1 0.995242 0.00475775
1 0.985339 0.0146608
1 0.986722 0.0132785
1 0.999503 0.000497193
4 0.0257018 0.974298
4 0.000184699 0.999815
4 0.235752 0.764248
1 0.992325 0.00767549
4 0.00329871 0.996701
1 0.722257 0.277743
1 0.991484 0.00851561
4 2.93228e-07 1
1 0.994633 0.00536707
1 0.994066 0.00593432
1 0.999985 1.52205e-05
1 0.99949 0.000510207
4 0.0141837 0.985816
4 0.000643315 0.999357
1 0.975689 0.0243107
4 1.0134e-07 1
4 0.353085 0.646915
4 0.0171676 0.982832
1 0.999872 0.00012751
1 0.999819 0.000180674
1 0.992644 0.0073559
1 0.986415 0.0135846
4 0.00020185 0.999798
1 0.999906 9.42471e-05
1 0.983336 0.0166642
1 0.982876 0.0171243
1 0.977404 0.0225964
1 0.998589 0.00141073
1 0.866059 0.133941
1 0.999677 0.000322898
1 0.985015 0.0149853
4 2.64552e-06 0.999997
1 0.972044 0.0279555
1 0.993575 0.0064251
4 1e-07 1
4 0.401355 0.598645
4 0.00211056 0.997889
4 1.17942e-05 0.999988
1 0.855242 0.144758
1 0.999982 1.77338e-05
4 1e-07 1
4 1.06768e-06 0.999999
1 0.856029 0.143971
4 0.459134 0.540866
1 0.999999 9.73505e-07
1 0.977265 0.022735
1 0.893417 0.106583
1 0.976793 0.023207
1 0.661249 0.338751
1 0.981008 0.0189923
4 0.0188065 0.981193
4 0.00134857 0.998651
4 0.154083 0.845917
1 0.999576 0.000424075
1 0.996355 0.00364497
1 0.999912 8.81195e-05
1 0.901141 0.0988586
1 0.524907 0.475093
1 0.994663 0.00533719
4 0.0212016 0.978798
1 0.999938 6.23021e-05
1 0.999992 7.96128e-06
1 0.974477 0.0255231
1 1 1.83658e-07
4 7.55034e-06 0.999992
1 0.99757 0.00243011
1 0.953992 0.046008
4 0.000154392 0.999846
1 0.999335 0.00066465
4 1e-07 1
4 0.000867615 0.999132
4 0.0365589 0.963441
1 0.998307 0.00169338
4 0.112561 0.887439
1 0.99932 0.0006802
1 0.99999 1.03007e-05
4 0.295052 0.704948
1 0.998006 0.00199416
1 0.999836 0.000163546
1 0.997917 0.00208346
4 0.00862847 0.991372
1 0.995911 0.00408874
1 0.899095 0.100905
1 0.992551 0.00744873
1 0.991388 0.00861202
4 4.91184e-06 0.999995
1 0.999493 0.000507376
1 0.983172 0.0168284
1 0.882079 0.117921
1 0.991433 0.00856713
1 0.995555 0.00444501
1 0.98174 0.0182599
1 0.989514 0.0104861
1 0.868469 0.131531
1 0.960131 0.039869
1 0.837197 0.162803
1 0.999982 1.78496e-05
1 0.999292 0.000707882
1 0.949277 0.0507225
4 0.00721562 0.992784
1 0.874932 0.125068
1 0.99331 0.00669048
1 0.989035 0.0109652
1 0.993136 0.00686428
1 0.961691 0.0383089
1 0.871332 0.128668
4 1.74318e-06 0.999998
4 0.418575 0.581425
4 6.75923e-06 0.999993
1 0.99969 0.000309805
4 0.448238 0.551762
1 0.999176 0.000823997
1 0.75066 0.24934
1 0.835315 0.164685
1 0.934126 0.0658744
1 0.991809 0.00819109
1 0.862304 0.137696
1 0.996589 0.00341114
1 0.996228 0.00377218
1 0.776183 0.223817
1 0.788769 0.211231
1 0.718415 0.281585
4 0.000953602 0.999046
1 0.85678 0.14322
1 0.999327 0.000672998
1 0.99604 0.00395987
4 3.16007e-06 0.999997
4 2.49068e-05 0.999975
1 0.893054 0.106946
1 0.99945 0.000549601
1 0.99981 0.000190308
4 0.00178019 0.99822
1 0.99936 0.000639834
1 0.991566 0.00843438
1 0.846333 0.153667
1 0.863291 0.136709
1 0.949355 0.050645
1 0.696103 0.303897
1 0.94576 0.0542399
1 0.997536 0.0024644
1 0.996317 0.00368265
1 0.99092 0.00908006
1 0.939473 0.0605274
1 0.930641 0.0693587
1 0.999978 2.15208e-05
4 0.00515073 0.994849
1 0.976363 0.0236371
1 0.999954 4.63216e-05
1 0.99996 4.02544e-05
1 0.999896 0.000104029
1 0.999929 7.14663e-05
4 0.0134053 0.986595
1 0.99132 0.0086795
1 0.999501 0.000498522
1 0.917473 0.082527
4 0.000596075 0.999404
1 0.99975 0.000250121
4 0.000310829 0.999689
1 0.903138 0.0968616
4 0.0842089 0.915791
1 1 1.82224e-07
4 0.00212307 0.997877
1 0.990921 0.00907872
1 0.994466 0.00553416
1 0.999916 8.44808e-05
1 0.999991 9.14279e-06
1 0.723517 0.276483
4 0.0085504 0.99145
1 0.998848 0.00115223
1 0.99085 0.00915016
1 0.963306 0.0366938
1 0.992516 0.00748416
1 0.966946 0.0330542
1 0.893997 0.106003
4 9.80355e-05 0.999902
1 0.997081 0.00291882
1 0.956032 0.0439681
4 0.00478278 0.995217
1 0.758699 0.241301
4 6.31903e-05 0.999937
1 0.765167 0.234833
1 0.88358 0.11642
1 0.919322 0.0806777
1 0.996367 0.00363302
1 0.918628 0.0813718
4 0.000531827 0.999468
4 0.0011102 0.99889
1 0.996316 0.00368372
1 0.999906 9.41566e-05
1 0.999986 1.44646e-05
1 0.927879 0.0721206
1 0.998795 0.00120511
1 0.973237 0.0267632
1 0.999943 5.7245e-05
1 0.99814 0.00186046
1 0.981347 0.0186526
1 0.602136 0.397864
1 0.972064 0.027936
4 0.0603558 0.939644
1 0.997408 0.00259181
4 2.42654e-06 0.999998
4 0.000909415 0.999091
1 0.983172 0.0168277
1 0.993873 0.00612725
1 0.978676 0.0213244
1 0.999998 2.38133e-06
4 0.15182 0.84818
1 0.996267 0.00373298
4 0.465238 0.534762
1 0.914166 0.0858341
1 0.991915 0.00808537
1 0.969057 0.030943
4 0.299743 0.700257
1 0.989787 0.0102126
1 1 1e-07
1 0.96333 0.0366701
1 0.999842 0.000157522
1 0.999978 2.19339e-05
1 0.996945 0.00305495
1 0.857579 0.142421
1 0.963502 0.0364984
4 0.0699294 0.930071
1 0.999837 0.000162889
1 0.983578 0.0164218
1 0.54267 0.45733
4 0.00699464 0.993005
1 0.999965 3.50907e-05
4 0.00199371 0.998006
4 0.485048 0.514952
1 0.999992 8.06206e-06
1 0.997347 0.00265307
4 1e-07 1
1 0.999918 8.24471e-05
1 0.999958 4.23463e-05
4 0.163303 0.836697
1 0.863705 0.136295
4 0.0206543 0.979346
1 0.999279 0.000721317
1 0.942654 0.057346
4 0.0431455 0.956855
4 0.0257354 0.974265
4 0.00670989 0.99329
1 0.930718 0.0692823
1 0.94394 0.0560602
1 0.996054 0.00394648
1 0.963614 0.0363862
1 0.64584 0.35416
1 0.987416 0.0125837
1 0.970211 0.029789
4 4.6445e-05 0.999954
1 0.999933 6.68229e-05
4 1e-07 1
1 0.986902 0.013098
1 0.711579 0.288421
1 0.995029 0.00497112
4 3.41881e-05 0.999966
1 0.99995 4.96333e-05
4 0.000295256 0.999705
1 0.995187 0.00481271
1 0.999996 4.21166e-06
1 0.977136 0.0228644
1 0.999947 5.31148e-05
4 0.340378 0.659622
1 0.999993 6.76008e-06
1 0.992804 0.00719648
1 0.999998 2.32411e-06
1 0.995939 0.0040607
1 1 1e-07
1 0.999153 0.000846856
1 0.971696 0.0283037
4 3.79085e-05 0.999962
4 7.6668e-06 0.999992
4 0.253837 0.746163
1 0.996937 0.00306336
1 0.596924 0.403076
1 0.949065 0.0509351
1 0.999771 0.00022879
1 0.998749 0.00125072
1 0.999967 3.25835e-05
1 0.529515 0.470485
1 0.999891 0.00010854
4 4.67165e-07 1
1 0.999944 5.57616e-05
1 0.984914 0.015086
1 0.691153 0.308847
1 0.603284 0.396716
4 0.00422608 0.995774
1 0.996213 0.00378697
1 0.999122 0.000878206
4 0.445066 0.554934
1 0.981584 0.0184161
1 0.97941 0.0205903
1 0.894433 0.105567
1 0.965864 0.0341361
1 0.97746 0.0225401
1 0.983059 0.0169408
4 1e-07 1
1 0.862017 0.137983
4 0.0184564 0.981544
4 0.0451091 0.954891
4 0.29081 0.70919
1 1 1e-07
4 0.00331681 0.996683
4 9.25601e-05 0.999907
1 0.669893 0.330107
1 0.961607 0.0383929
1 0.999999 1.00378e-06
1 1 4.8097e-07
4 0.0139454 0.986055
4 0.44391 0.55609
4 7.0025e-05 0.99993
1 0.99989 0.000110058
1 0.962572 0.0374285
4 5.13138e-06 0.999995
1 0.975823 0.024177
4 2.88529e-07 1
4 5.98155e-07 0.999999
1 0.999245 0.000755329
1 0.999928 7.18028e-05
1 0.999463 0.000537259
1 0.999923 7.69141e-05
1 0.999969 3.06543e-05
1 0.679924 0.320076
1 0.999795 0.00020457
1 0.9992 0.000799532
1 0.936933 0.0630675
1 0.999361 0.000638504
1 0.999996 4.0681e-06
1 0.947896 0.0521044
1 0.979763 0.0202369
1 0.995974 0.00402585
4 0.00245599 0.997544
1 0.91157 0.0884296
1 0.999999 1.38306e-06
4 0.379647 0.620353
1 0.998396 0.0016044
4 3.4709e-06 0.999997
1 0.843257 0.156743
4 0.0210746 0.978925
1 0.773385 0.226615
1 0.997298 0.00270233
1 0.854471 0.145529
4 1.13931e-05 0.999989
1 0.99989 0.000109871
1 0.927148 0.0728516
1 0.720664 0.279336
1 1 1.70548e-07
1 0.999956 4.40576e-05
1 0.995497 0.00450293
1 0.83195 0.16805
1 0.999846 0.000153787
1 0.538458 0.461542
1 0.994851 0.00514866
1 0.974633 0.0253668
4 8.13341e-05 0.999919
4 4.40809e-05 0.999956
1 0.988818 0.0111816
1 0.786021 0.213979
1 0.868348 0.131652
1 0.999996 3.67254e-06
4 4.82092e-05 0.999952
1 0.946868 0.0531316
4 0.40876 0.59124
1 0.99991 9.01451e-05
1 0.992029 0.00797123
1 0.934422 0.0655776
1 0.656138 0.343862
4 0.000624824 0.999375
4 0.00310125 0.996899
1 0.98069 0.0193095
1 0.999406 0.000593747
1 0.977243 0.0227569
1 0.994434 0.00556614
1 0.99962 0.000379659
4 0.000178171 0.999822
4 0.30058 0.69942
4 0.00137041 0.99863
1 0.967556 0.0324444
4 0.00176544 0.998235
1 0.681472 0.318528
1 0.998231 0.00176858
4 0.00563348 0.994367
1 0.985981 0.0140189
1 0.84896 0.15104
1 0.740972 0.259028
4 1.4532e-05 0.999985
4 0.0911587 0.908841
1 0.999091 0.000908856
1 0.890034 0.109966
1 0.891883 0.108117
1 0.978055 0.0219445
4 0.00329032 0.99671
4 0.149937 0.850063
4 1.14775e-07 1
1 0.974876 0.0251243
1 0.980498 0.0195023
4 0.00271761 0.997282
4 1e-07 1
1 0.791394 0.208606
1 0.999989 1.05675e-05
1 0.997637 0.00236335
1 0.999883 0.000116933
4 0.180431 0.819569
1 0.575935 0.424065
1 1 1e-07
1 0.995854 0.00414636
1 0.998874 0.00112611
1 0.999929 7.09502e-05
1 0.867255 0.132745
1 0.970667 0.0293334
1 0.880955 0.119045
1 0.999087 0.000912873
1 0.999994 5.60032e-06
4 0.0401279 0.959872
4 0.000464008 0.999536
1 0.997869 0.00213071
1 0.999434 0.000565872
1 0.953364 0.0466356
1 0.997799 0.00220092
1 0.9967 0.00330005
1 0.990589 0.0094106
1 0.998254 0.00174601
1 0.944229 0.0557713
1 0.976277 0.0237228
1 0.995376 0.00462382
1 1 1e-07
1 0.828423 0.171577
1 0.947172 0.0528278
4 8.9643e-05 0.99991
4 8.54527e-06 0.999991
4 0.00782035 0.99218
1 0.999695 0.000305273
4 0.000461505 0.999538
1 0.999213 0.00078712
1 0.97468 0.0253202
1 0.660798 0.339202
1 0.996255 0.00374496
1 0.68449 0.31551
1 0.832685 0.167315
1 0.947486 0.0525139
1 0.975152 0.0248476
1 0.887381 0.112619
1 0.958408 0.0415921
1 0.999999 9.99116e-07
1 0.966383 0.0336167
1 0.991866 0.00813383
4 1e-07 1
4 6.00558e-06 0.999994
4 0.00352759 0.996472
1 0.938355 0.0616452
1 0.987643 0.0123568
1 0.591322 0.408678
1 0.976727 0.0232728
1 0.980017 0.0199834
4 0.00965738 0.990343
1 0.97955 0.0204495
1 0.994477 0.00552257
4 3.08378e-07 1
1 0.979988 0.0200122
1 0.997706 0.00229379
1 0.999861 0.000139097
1 0.707499 0.292501
1 0.997194 0.00280568
1 0.999478 0.00052192
1 0.97857 0.0214301
1 0.988356 0.0116438
4 0.0608006 0.939199
4 0.052529 0.947471
1 0.902836 0.0971638
1 0.997142 0.00285755
1 0.947136 0.0528644
4 1e-07 1
1 0.513481 0.486519
4 0.444848 0.555152
4 1e-07 1
1 0.993498 0.00650201
1 0.997694 0.00230568
1 0.701886 0.298114
1 0.968186 0.0318136
4 3.01349e-07 1
1 0.829107 0.170893
4 0.109366 0.890634
1 0.999889 0.000110695
1 0.999991 8.66809e-06
1 0.96496 0.0350398
1 0.99991 9.01252e-05
1 0.991079 0.00892122
1 0.997362 0.00263823
4 0.0151023 0.984898
1 0.994205 0.0057954
1 0.977772 0.0222281
1 0.951743 0.0482567
1 0.971641 0.0283587
1 0.999391 0.000608524
1 0.996652 0.00334817
1 0.985272 0.0147282
1 0.713193 0.286807
1 0.74378 0.25622
4 0.000789671 0.99921
1 0.999197 0.000803388
1 0.994912 0.00508847
1 0.974048 0.025952
4 1.12902e-07 1
4 0.0106 0.9894
1 0.997415 0.0025847
1 0.999203 0.000796812
4 0.00230044 0.9977
1 0.999985 1.49617e-05
1 0.999634 0.00036628
1 0.999939 6.08648e-05
1 0.999507 0.000492836
4 0.208037 0.791963
1 0.999841 0.00015851
1 0.998189 0.00181128
1 0.996104 0.00389585
1 0.999914 8.55286e-05
1 0.991043 0.00895686
1 0.94556 0.0544402
1 0.998542 0.0014575
1 0.998655 0.00134545
4 2.65585e-05 0.999973
1 0.997235 0.00276509
4 0.127183 0.872817
1 0.787647 0.212353
1 0.846646 0.153354
4 1e-07 1
1 0.945095 0.054905
4 0.00535566 0.994644
4 8.23729e-05 0.999918
1 0.823376 0.176624
1 0.982332 0.0176675
4 0.000940299 0.99906
4 0.00588415 0.994116
4 0.00144977 0.99855
1 0.985288 0.0147117
1 0.998664 0.00133631
4 1.21814e-05 0.999988
1 0.971561 0.0284393
1 0.96309 0.03691
1 0.667904 0.332096
4 0.266888 0.733112
4 0.000848802 0.999151
1 0.900703 0.0992974
1 0.993849 0.00615071
1 0.89624 0.10376
4 0.0382476 0.961752
1 0.935383 0.0646166
1 0.999873 0.000127174
1 0.91302 0.0869798
4 0.000203639 0.999796
1 0.921853 0.0781475
4 0.375402 0.624598
4 2.62797e-05 0.999974
1 0.922746 0.0772545
4 0.00150117 0.998499
1 0.969693 0.0303071
1 0.677373 0.322627
4 0.000354135 0.999646
1 0.964918 0.0350823
4 0.0804872 0.919513
1 0.994644 0.00535639
1 0.999942 5.7567e-05
4 0.210866 0.789134
1 0.999988 1.23282e-05
1 0.704989 0.295011
1 0.999506 0.000494216
1 0.764819 0.235181
1 0.99952 0.000479649
1 0.906881 0.0931186
1 1 4.05448e-07
1 0.9935 0.00650021
1 0.919309 0.0806906
1 0.999958 4.20087e-05
4 0.000100204 0.9999
1 0.977208 0.0227916
4 0.0238965 0.976104
4 0.0125911 0.987409
1 0.876618 0.123382
1 0.997832 0.00216772
1 0.992188 0.00781229
1 0.999861 0.000139117
1 0.976305 0.0236951
1 0.935021 0.0649788
4 0.00306141 0.996939
1 0.978138 0.0218623
1 0.866526 0.133474
1 0.999967 3.32816e-05
4 0.385657 0.614343
1 0.87109 0.12891
4 6.89599e-07 0.999999
4 0.496852 0.503148
1 0.992813 0.00718676
1 0.995129 0.00487109
1 0.996777 0.00322324
1 0.998261 0.00173859
4 1.12487e-05 0.999989
1 0.712012 0.287988
1 0.993001 0.00699867
1 0.989919 0.0100809
1 0.999908 9.18569e-05
4 0.247717 0.752283
4 0.00438219 0.995618
4 0.000723316 0.999277
1 0.987119 0.0128811
1 0.895613 0.104387
1 0.770229 0.229771
1 0.998965 0.00103497
1 0.943934 0.0560662
1 0.996039 0.00396112
4 0.161659 0.838341
1 0.999101 0.000899446
4 0.000861157 0.999139
1 0.985411 0.0145885
1 0.999891 0.000109273
4 7.45374e-06 0.999993
1 0.994403 0.00559733
4 0.0516721 0.948328
4 2.36807e-06 0.999998
1 0.974465 0.0255352
1 0.908608 0.091392
1 0.533361 0.466639
1 0.989995 0.0100054
1 0.976583 0.0234173
1 0.998833 0.00116678
1 0.912589 0.0874107
4 0.00295965 0.99704
1 0.807847 0.192153
1 0.608913 0.391087
1 0.963144 0.0368561
1 0.999827 0.000173039
1 0.975196 0.0248043
4 0.0271842 0.972816
1 0.999904 9.58986e-05
1 0.844323 0.155677
1 0.967406 0.0325941
1 0.995321 0.00467943
4 0.00877624 0.991224
1 0.890402 0.109598
1 0.999961 3.86933e-05
1 0.952519 0.0474808
1 0.85906 0.14094
4 6.95092e-05 0.99993
1 0.999993 7.37859e-06
1 0.997791 0.00220855
4 0.136962 0.863038
1 0.999971 2.87364e-05
1 0.974927 0.025073
4 0.000610782 0.999389
1 0.99645 0.00354959
4 0.0333424 0.966658
1 0.784306 0.215694
4 0.0722132 0.927787
4 1e-07 1
4 0.0373073 0.962693
1 0.751036 0.248964
1 0.930765 0.0692349
4 0.0101473 0.989853
1 0.999941 5.9137e-05
1 0.595083 0.404917
4 0.00220903 0.997791
1 0.993746 0.00625418
1 0.999992 8.07282e-06
4 0.000279261 0.999721
4 1e-07 1
1 0.999452 0.000547772
4 0.0865903 0.91341
1 0.997679 0.00232089
4 0.0310827 0.968917
1 0.999087 0.000913164
1 0.890192 0.109808
1 0.927861 0.0721389
1 0.999974 2.56631e-05
1 0.997604 0.00239647
1 0.916585 0.0834146
1 0.805496 0.194504
1 0.895638 0.104362
1 0.989926 0.0100742
1 0.999975 2.49559e-05
1 0.96753 0.0324702
4 4.57428e-05 0.999954
1 0.999782 0.000218316
4 0.000175662 0.999824
1 0.999999 1.08891e-06
1 0.930526 0.0694739
1 0.987516 0.0124841
1 0.99995 5.01289e-05
1 0.9995 0.000500376
1 0.992293 0.00770732
1 0.996827 0.00317344
1 0.999903 9.7419e-05
4 0.00286974 0.99713
1 0.98729 0.0127098
1 0.998192 0.00180793
4 0.00107213 0.998928
4 6.42306e-06 0.999994
1 0.861649 0.138351
4 0.000297255 0.999703
4 5.8468e-05 0.999942
4 0.00803267 0.991967
1 0.999994 6.37157e-06
1 0.999746 0.000254199
1 0.999629 0.000371161
1 0.943876 0.0561237
4 0.00164632 0.998354
1 0.908497 0.0915026
4 0.0147767 0.985223
1 0.957867 0.0421326
1 0.999677 0.000322741
1 0.997654 0.0023463
1 0.990047 0.00995256
1 0.912848 0.0871523
1 0.93151 0.0684904
4 0.390937 0.609063
1 0.998893 0.00110741
1 0.998621 0.00137935
4 0.123601 0.876399
1 0.995868 0.0041319
1 0.995831 0.00416933
1 0.999957 4.27931e-05
1 0.995446 0.00455441
1 0.999967 3.29344e-05
1 0.999317 0.000683009
4 0.000122454 0.999878
1 0.993363 0.00663657
4 0.000372895 0.999627
4 0.000184486 0.999816
1 0.935924 0.0640761
4 0.00048386 0.999516
1 0.996762 0.00323829
1 0.998828 0.00117164
1 0.968715 0.0312852
1 0.699642 0.300358
4 0.00196024 0.99804
1 0.999903 9.73684e-05
1 0.999999 1.4399e-06
1 0.999957 4.25645e-05
4 0.117356 0.882644
1 0.979927 0.020073
1 0.999764 0.00023593
1 0.998128 0.00187155
1 0.809425 0.190575
4 0.123096 0.876904
1 0.959397 0.0406029
4 0.00345875 0.996541
1 0.917792 0.082208
1 0.973261 0.026739
4 0.0521318 0.947868
1 0.999912 8.80874e-05
4 0.000768318 0.999232
4 0.0111452 0.988855
4 1.57768e-06 0.999998
1 0.58789 0.41211
1 1 4.34929e-07
1 0.927484 0.0725163
1 0.992053 0.00794678
1 0.997921 0.0020795
4 5.40554e-05 0.999946
1 0.984028 0.0159721
4 1e-07 1
1 0.999826 0.000174444
4 1e-07 1
1 0.884934 0.115066
4 1e-07 1
4 0.237743 0.762257
4 0.102814 0.897186
1 0.588774 0.411226
1 0.99989 0.000109732
1 0.920318 0.0796823
1 0.994863 0.00513719
1 0.990175 0.00982518
1 0.999819 0.000180671
4 0.000242308 0.999758
4 1e-07 1
4 0.00215853 0.997841
1 1 1e-07
1 0.9964 0.00359986
4 0.000494034 0.999506
1 0.999979 2.12058e-05
1 0.982839 0.0171608
4 0.00625062 0.993749
1 0.99997 3.01272e-05
1 0.951256 0.0487439
1 0.980779 0.019221
1 0.997488 0.00251181
1 0.990815 0.00918534
1 0.999904 9.63529e-05
1 0.987371 0.012629
1 0.999995 4.50556e-06
1 0.825509 0.174491
1 0.960248 0.0397523
4 0.321483 0.678517
4 0.00454957 0.99545
1 0.999753 0.000247431
4 0.368988 0.631012
1 0.99993 7.00816e-05
1 0.999205 0.000795068
1 0.98003 0.0199696
1 0.995817 0.00418277
1 0.955819 0.0441812
1 0.999764 0.000236369
4 0.450911 0.549089
4 0.105004 0.894996
1 0.997251 0.00274877
1 0.993516 0.00648401
1 0.515407 0.484593
1 0.99988 0.000120459
4 0.00788718 0.992113
1 0.999944 5.64837e-05
4 0.25255 0.74745
1 0.783769 0.216231
4 0.422268 0.577732
1 0.989946 0.0100542
1 0.999051 0.000949498
4 0.34058 0.65942
1 0.996392 0.00360761
1 0.852804 0.147196
1 0.698597 0.301403
4 0.0343588 0.965641
1 0.992786 0.00721409
1 0.872003 0.127997
1 0.998683 0.0013168
1 0.999171 0.000829119
1 0.986693 0.0133068
1 0.894226 0.105774
4 0.0461381 0.953862
1 0.995984 0.00401611
1 0.999292 0.000707925
1 0.95894 0.0410597
1 0.948402 0.0515975
1 0.994218 0.0057819
4 0.0015949 0.998405
1 0.99991 9.04919e-05
1 0.957069 0.0429312
1 0.99929 0.000710363
1 0.994038 0.00596232
4 0.0288973 0.971103
1 0.979806 0.0201943
1 0.996672 0.00332773
4 0.00187831 0.998122
1 0.997258 0.00274191
1 0.995331 0.00466927
4 0.329525 0.670475
1 0.99998 2.03859e-05
4 0.000195555 0.999804
1 0.99999 1.02557e-05
1 0.999997 2.5152e-06
1 0.70117 0.29883
1 0.767948 0.232052
4 0.0296988 0.970301
1 0.981581 0.0184191
4 0.00356129 0.996439
4 0.0853134 0.914687
1 0.788804 0.211196
1 0.999989 1.10827e-05
1 0.633858 0.366142
1 0.962547 0.0374527
4 0.0941214 0.905879
1 0.99822 0.0017797
1 0.996184 0.00381562
4 0.00796628 0.992034
1 0.862776 0.137224
1 0.895736 0.104264
1 0.999961 3.94916e-05
4 0.0136897 0.98631
1 0.997896 0.00210438
1 0.950772 0.0492275
1 0.881386 0.118614
1 0.755923 0.244077
1 0.999853 0.000147183
1 0.997659 0.00234146
1 0.759884 0.240116
1 0.995169 0.0048308
1 0.9673 0.0327003
1 0.999953 4.70859e-05
1 0.999703 0.000296776
1 0.999986 1.44401e-05
4 0.000100816 0.999899
4 0.0304824 0.969518
1 0.993435 0.00656543
4 3.60016e-06 0.999996
1 0.862622 0.137378
1 0.999864 0.000135707
1 0.999453 0.00054721
1 0.99461 0.0053905
4 0.0443633 0.955637
1 0.970404 0.0295964
4 1.03696e-05 0.99999
1 0.999876 0.000124398
1 0.999731 0.000268874
1 0.978207 0.0217929
1 0.997089 0.00291088
1 0.963827 0.0361728
1 0.973808 0.026192
4 2.68621e-05 0.999973
1 0.754185 0.245815
4 0.391553 0.608447
1 0.926814 0.073186
4 0.00834745 0.991653
4 0.457026 0.542974
4 0.000531163 0.999469
4 0.0836041 0.916396
1 0.999959 4.132e-05
1 0.999977 2.28014e-05
1 0.985165 0.0148352
4 0.409548 0.590452
1 0.999755 0.00024481
1 0.851098 0.148902
1 0.840649 0.159351
1 0.97062 0.0293798
1 0.999696 0.000303519
1 0.997998 0.00200189
1 0.997742 0.00225789
1 0.983446 0.0165543
1 0.978092 0.0219084
1 0.911619 0.0883808
1 0.978271 0.0217291
1 0.969847 0.0301526
1 0.998553 0.00144703
1 0.99889 0.00111003
1 0.968541 0.0314586
4 0.00432933 0.995671
4 0.000801436 0.999199
1 0.888772 0.111228
1 0.934016 0.0659842
1 0.997374 0.00262591
1 0.995 0.00499998
1 0.996808 0.0031923
4 3.61845e-06 0.999996
4 0.0287008 0.971299
4 0.0823333 0.917667
4 1.05236e-07 1
1 0.999637 0.000362627
4 1e-07 1
4 0.171383 0.828617
4 0.468899 0.531101
1 0.999986 1.4001e-05
4 1e-07 1
1 0.999895 0.000105113
4 0.200586 0.799414
1 0.999753 0.000246845
1 0.990788 0.00921204
1 0.873017 0.126983
1 0.801672 0.198328
1 0.998343 0.00165718
4 2.40409e-05 0.999976
4 1e-07 1
1 0.98753 0.0124704
4 0.0371902 0.96281
1 0.919684 0.0803157
4 0.452558 0.547442
1 0.969151 0.030849
1 0.999999 8.1453e-07
4 0.0172474 0.982753
1 0.866489 0.133511
1 0.964456 0.035544
1 0.997877 0.00212274
4 0.0225065 0.977494
1 0.993914 0.00608644
1 0.736644 0.263356
4 0.000391963 0.999608
4 0.039993 0.960007
1 0.991798 0.00820194
1 0.999391 0.000608561
1 0.979611 0.0203887
1 0.807187 0.192813
4 0.0360965 0.963904
1 0.992368 0.00763233
1 0.995035 0.00496458
1 0.992843 0.00715708
4 0.379807 0.620193
4 0.00281572 0.997184
1 0.953645 0.0463546
1 0.999933 6.71268e-05
4 0.24872 0.75128
4 0.43285 0.56715
1 0.999948 5.23662e-05
1 0.984915 0.0150852
1 0.527442 0.472558
4 0.0354036 0.964596
1 0.959764 0.0402359
1 0.983288 0.0167118
1 0.997543 0.00245682
1 0.541671 0.458329
1 0.997088 0.0029119
4 1e-07 1
4 0.00271288 0.997287
1 0.993269 0.00673132
1 0.992402 0.00759802
1 0.982055 0.0179454
1 0.835125 0.164875
1 0.940256 0.059744
1 0.949184 0.0508158
1 0.999982 1.76121e-05
1 0.940699 0.0593008
1 0.986059 0.0139407
4 0.00138488 0.998615
1 0.827148 0.172852
1 0.999934 6.64231e-05
4 0.000384956 0.999615
1 0.903694 0.0963056
1 0.999849 0.000151334
4 0.00185989 0.99814
4 0.00500684 0.994993
1 0.977622 0.0223779
1 0.924335 0.0756651
4 0.00271213 0.997288
1 0.99874 0.0012603
1 0.909267 0.0907329
1 0.999996 4.24414e-06
1 0.946061 0.0539392
1 0.957379 0.042621
1 0.999999 5.64488e-07
1 0.974847 0.0251529
1 0.927736 0.0722636
1 0.999926 7.38253e-05
1 0.622885 0.377115
4 0.00186038 0.99814
1 0.999937 6.33927e-05
1 0.999969 3.09159e-05
1 0.999056 0.000944209
1 0.634606 0.365394
1 0.565162 0.434838
1 0.973193 0.026807
1 0.988307 0.0116927
1 0.999122 0.000877848
4 0.0812615 0.918738
4 0.000996625 0.999003
4 0.000445391 0.999555
4 1e-07 1
4 0.00294951 0.99705
1 0.999813 0.000187173
4 0.197331 0.802669
1 0.894031 0.105969
1 0.920488 0.0795122
1 0.70931 0.29069
4 0.0462775 0.953723
1 0.996962 0.00303762
1 0.969494 0.0305062
1 0.604249 0.395751
1 0.999948 5.18765e-05
4 0.000245321 0.999755
1 0.999981 1.85431e-05
4 0.00446724 0.995533
1 0.999968 3.22121e-05
1 0.911984 0.0880157
1 0.99691 0.00309018
4 0.000800668 0.999199
4 0.258823 0.741177
1 0.999818 0.000182084
1 0.969052 0.0309477
4 0.337927 0.662073
1 0.871535 0.128465
4 0.321224 0.678776
1 0.99572 0.00427997
4 0.000836971 0.999163
1 0.637647 0.362353
1 0.970172 0.0298278
4 0.223082 0.776918
4 0.00469871 0.995301
1 0.999988 1.16068e-05
1 0.927859 0.0721411
1 0.993775 0.00622547
4 0.000892563 0.999107
1 0.999649 0.00035052
1 0.973301 0.0266994
4 0.107378 0.892622
1 0.802359 0.197641
1 0.999171 0.000828989
1 1 2.14272e-07
1 0.968659 0.0313408
1 0.999985 1.48832e-05
1 0.996778 0.00322152
1 0.983328 0.0166722
1 0.930749 0.069251
1 0.52166 0.47834
4 1e-07 1
1 0.995245 0.00475473
4 1e-07 1
1 0.999845 0.000155076
1 0.906795 0.0932049
1 0.999923 7.69701e-05
1 0.729842 0.270158
4 6.15226e-05 0.999938
1 0.972271 0.0277295
1 0.86475 0.13525
1 0.999845 0.000154617
4 1e-07 1
4 0.00306151 0.996938
1 0.9923 0.00770045
1 0.999934 6.56632e-05
1 0.994829 0.00517117
4 0.112712 0.887288
4 0.340145 0.659855
1 0.765755 0.234245
1 0.995511 0.00448854
1 0.976528 0.0234724
1 0.999729 0.000270517
1 0.999835 0.000165117
1 0.896832 0.103168
1 0.728129 0.271871
1 0.999869 0.000130602
4 0.029637 0.970363
1 0.99668 0.00331963
1 0.745586 0.254414
1 0.97515 0.0248501
1 0.678248 0.321752
4 3.0532e-06 0.999997
4 0.00127161 0.998728
1 0.999978 2.22485e-05
1 0.788776 0.211224
4 0.00234882 0.997651
1 0.977876 0.0221237
1 0.716675 0.283325
4 0.0467472 0.953253
1 0.999342 0.000657599
1 0.999995 4.63304e-06
1 0.999821 0.000179022
4 0.100059 0.899941
1 0.981571 0.0184294
1 0.705811 0.294189
1 0.65193 0.34807
1 0.982811 0.0171894
4 0.442625 0.557375
1 0.999704 0.000295605
1 0.999946 5.41593e-05
1 0.842866 0.157134
1 0.999976 2.43147e-05
1 0.999993 7.38536e-06
4 1e-07 1
4 0.00010601 0.999894
1 0.950697 0.0493032
1 0.999718 0.000282419
4 0.103481 0.896519
1 0.998906 0.00109358
4 0.000152296 0.999848
1 0.999999 1.34967e-06
1 0.994016 0.00598377
4 1e-07 1
1 0.998257 0.00174319
1 0.761258 0.238742
1 0.580406 0.419594
4 0.239786 0.760214
1 0.999747 0.000252535
1 0.957919 0.0420806
1 0.957254 0.0427464
4 0.010103 0.989897
1 0.952614 0.0473857
1 0.993072 0.00692791
1 0.953747 0.0462531
1 0.992626 0.00737438
1 0.993848 0.00615189
4 0.440258 0.559742
4 3.00091e-07 1
4 0.0259159 0.974084
1 0.998466 0.00153372
4 0.100441 0.899559
1 0.995371 0.00462875
1 0.904658 0.0953422
1 0.913236 0.0867638
1 0.974742 0.0252578
1 0.63517 0.36483
1 0.760777 0.239223
1 0.999328 0.00067161
1 0.999966 3.44041e-05
1 0.982786 0.0172142
1 1 1e-07
1 0.946364 0.0536357
1 0.512477 0.487523
1 0.999901 9.92392e-05
4 0.0250754 0.974925
4 0.169938 0.830062
1 0.661399 0.338601
1 0.979147 0.020853
1 0.982899 0.0171013
1 0.997695 0.00230503
1 0.999308 0.000691623
1 0.984547 0.0154533
1 0.996262 0.0037385
1 0.684516 0.315484
1 0.919195 0.0808047
4 0.489472 0.510528
1 0.982549 0.0174511
1 0.992001 0.00799937
1 0.810562 0.189438
4 0.472525 0.527475
4 0.347373 0.652627
1 0.917725 0.0822746
4 0.0217691 0.978231
1 0.727557 0.272443
4 1e-07 1
4 0.00404127 0.995959
1 0.969657 0.0303429
1 0.999934 6.62149e-05
4 0.447909 0.552091
1 0.60845 0.39155
1 0.991834 0.00816552
1 0.958672 0.0413285
1 0.999694 0.000306303
1 0.997785 0.0022146
4 0.214176 0.785824
1 0.802701 0.197299
1 0.999514 0.000486157
1 0.968757 0.031243
1 0.941353 0.0586474
1 0.880164 0.119836
1 0.950387 0.049613
1 0.960195 0.0398049
4 0.000700694 0.999299
4 0.00169587 0.998304
1 0.986105 0.0138951
1 0.999071 0.000929241
1 0.910403 0.0895967
1 0.999967 3.25494e-05
1 0.998031 0.0019687
1 0.859843 0.140157
1 0.995495 0.00450495
4 7.76576e-07 0.999999
4 0.00574293 0.994257
1 0.988779 0.011221
4 1.07888e-07 1
1 0.940605 0.059395
4 0.00033371 0.999666
1 0.967484 0.0325159
4 0.00800365 0.991996
1 0.980185 0.0198151
1 0.829212 0.170788
1 0.935867 0.0641325
1 0.875671 0.124329
1 0.997345 0.0026548
1 0.9503 0.0497002
1 0.993061 0.00693853
4 0.00062637 0.999374
1 1 1e-07
4 1.52484e-05 0.999985
1 0.999533 0.000466941
1 0.930157 0.069843
1 0.979253 0.020747
1 0.999876 0.00012435
1 0.999989 1.10588e-05
1 0.994162 0.00583793
1 0.999994 6.40542e-06
1 0.738089 0.261911
1 0.993471 0.00652907
1 0.999892 0.000107967
4 0.0510877 0.948912
1 0.998184 0.00181553
1 0.946565 0.0534352
4 0.0636985 0.936301
1 0.999506 0.000493662
1 0.994854 0.00514594
4 6.47736e-05 0.999935
1 0.999961 3.94547e-05
1 0.975883 0.0241166
1 0.997677 0.00232301
1 0.994771 0.00522921
1 0.997223 0.0027765
1 0.991601 0.00839935
4 0.00105373 0.998946
1 0.997873 0.00212707
1 0.989141 0.0108586
1 0.886948 0.113052
1 0.989616 0.0103842
1 0.880829 0.119171
1 0.999994 5.79702e-06
1 0.999663 0.000337003
1 0.997057 0.00294304
4 0.000472886 0.999527
4 3.98569e-06 0.999996
1 0.999998 1.74423e-06
4 0.000276913 0.999723
1 0.999981 1.90227e-05
1 0.970863 0.0291374
1 0.994158 0.00584248
1 0.993672 0.00632758
4 0.447127 0.552873
1 0.984255 0.0157447
4 0.112142 0.887858
1 0.999966 3.36088e-05
1 0.999946 5.395e-05
4 1.35838e-06 0.999999
4 0.08919 0.91081
1 0.999998 1.59616e-06
1 0.998269 0.00173134
1 0.999981 1.9292e-05
4 0.184042 0.815958
4 4.58972e-06 0.999995
1 0.82757 0.17243
1 0.948282 0.0517178
1 0.999986 1.43584e-05
1 0.633813 0.366187
1 1 1e-07
1 0.999996 4.14363e-06
1 0.896776 0.103224
4 0.000191048 0.999809
1 0.96547 0.0345297
1 0.976356 0.0236437
4 0.0119026 0.988097
1 0.959247 0.040753
1 0.999773 0.000226738
1 0.958473 0.0415268
1 0.938008 0.0619924
1 0.998253 0.00174695
1 0.888627 0.111373
4 0.00320248 0.996798
1 0.969736 0.0302637
1 0.996534 0.00346569
1 0.991256 0.00874437
4 0.00372216 0.996278
4 0.00295941 0.997041
4 0.245275 0.754725
4 0.00499839 0.995002
1 0.998996 0.00100366
1 0.999732 0.000267624
1 0.99851 0.00148979
1 0.987048 0.0129525
1 0.999703 0.000296789
4 3.42921e-05 0.999966
1 0.857734 0.142266
1 0.983043 0.0169573
4 4.82487e-05 0.999952
4 0.00702038 0.99298
4 0.00199366 0.998006
1 0.631075 0.368925
1 0.959053 0.0409467
1 0.848939 0.151061
1 0.99998 2.03842e-05
1 0.996121 0.00387883
1 0.999994 6.12527e-06
1 0.985693 0.0143071
1 0.980225 0.0197746
4 8.20215e-07 0.999999
1 0.993908 0.00609159
1 0.998792 0.00120822
1 0.905468 0.0945324
1 0.76424 0.23576
4 9.89716e-06 0.99999
4 8.96201e-05 0.99991
1 0.999043 0.000957254
1 0.973493 0.0265069
4 0.000525818 0.999474
4 1e-07 1
4 0.0317556 0.968244
1 0.979341 0.0206588
4 0.493842 0.506158
1 0.541763 0.458237
1 0.996591 0.00340854
1 0.998279 0.00172141
1 1 3.4928e-07
1 0.998835 0.00116467
1 0.874964 0.125036
1 0.969583 0.0304171
1 0.999991 8.84824e-06
4 0.356049 0.643951
1 0.999994 6.23136e-06
1 0.999463 0.000536711
4 0.0194834 0.980517
1 0.972499 0.0275011
1 0.994322 0.0056785
1 0.943119 0.0568805
1 0.876472 0.123528
1 0.994923 0.00507736
1 0.986129 0.0138709
1 0.995873 0.00412741
1 0.97793 0.0220702
1 0.999826 0.00017418
4 8.51559e-06 0.999991
1 0.962291 0.0377095
1 0.981746 0.0182539
1 0.980245 0.0197546
4 0.0505378 0.949462
1 0.621397 0.378603
1 0.850353 0.149647
4 0.428702 0.571298
1 0.994181 0.0058185
1 0.999715 0.000285449
4 9.42964e-06 0.999991
4 0.00228942 0.997711
4 8.62522e-06 0.999991
1 0.870435 0.129565
1 0.957231 0.0427686
1 0.999841 0.000159014
1 0.994117 0.00588281
1 0.998028 0.00197151
1 0.999671 0.000329444
1 0.994335 0.00566488
4 0.0266642 0.973336
1 0.962149 0.0378511
4 0.00242669 0.997573
1 0.81349 0.18651
1 0.986501 0.0134987
4 0.136289 0.863711
1 0.977513 0.0224872
1 0.767745 0.232255
4 0.0043462 0.995654
1 0.96716 0.0328401
1 0.761204 0.238796
4 0.00172524 0.998275
1 0.999969 3.08017e-05
4 2.30945e-05 0.999977
1 0.999975 2.51699e-05
4 0.45385 0.54615
4 0.00211108 0.997889
1 0.9994 0.000599881
1 0.90597 0.0940296
1 0.990946 0.00905378
1 0.996837 0.0031634
4 0.00185818 0.998142
1 0.904813 0.0951873
1 0.662717 0.337283
4 0.0699567 0.930043
1 0.963193 0.0368074
1 0.565803 0.434197
1 0.999909 9.14363e-05
1 0.999053 0.000946657
4 0.00950933 0.990491
4 0.0167177 0.983282
1 0.995916 0.00408355
4 0.00272157 0.997278
1 0.999837 0.000163427
1 0.981242 0.0187585
4 0.0328689 0.967131
1 0.977203 0.0227972
1 0.999972 2.75398e-05
1 0.84836 0.15164
1 0.92118 0.0788199
1 0.99997 3.02494e-05
4 0.0588131 0.941187
4 0.0575964 0.942404
1 0.981931 0.0180685
1 0.875767 0.124233
4 0.299156 0.700844
1 0.886992 0.113008
1 0.969032 0.0309684
1 0.983406 0.0165944
1 0.875025 0.124975
1 0.996535 0.00346493
4 0.0176804 0.98232
4 0.0025838 0.997416
1 0.999656 0.000344007
4 1e-07 1
4 0.170524 0.829476
1 0.999425 0.000575299
1 0.998572 0.00142804
1 0.999304 0.000696201
1 0.999963 3.74537e-05
1 0.997723 0.00227675
1 0.995232 0.004768
4 9.21166e-06 0.999991
1 0.966553 0.0334466
1 0.915411 0.0845894
1 0.800078 0.199922
1 0.642672 0.357328
1 0.825666 0.174334
1 0.961391 0.038609
1 0.761832 0.238168
1 0.980313 0.0196866
1 0.672628 0.327372
1 0.997112 0.00288805
1 0.985612 0.0143882
4 0.10186 0.89814
1 0.995573 0.0044266
1 0.992133 0.00786707
1 0.995561 0.00443946
1 0.999997 2.62232e-06
1 0.969569 0.0304307
4 0.0129108 0.987089
4 0.0325715 0.967429
1 0.848033 0.151967
1 0.999677 0.000322963
4 0.00420196 0.995798
1 0.999971 2.87127e-05
1 0.946206 0.0537939
1 0.999929 7.10415e-05
1 0.990462 0.00953775
1 0.999527 0.000473052
1 0.99639 0.00360982
4 0.0207858 0.979214
1 0.999074 0.000926327
1 0.991105 0.00889468
1 0.999979 2.10277e-05
1 0.887839 0.112161
1 0.8719 0.1281
4 0.0200944 0.979906
1 0.929463 0.0705374
1 0.99952 0.000480059
4 0.0713565 0.928643
1 0.99109 0.00890973
1 0.961856 0.0381435
1 0.889339 0.110661
4 0.165238 0.834762
1 0.62934 0.37066
1 0.992762 0.00723771
4 0.118927 0.881073
1 0.780349 0.219651
1 0.997637 0.00236336
4 0.00286623 0.997134
1 0.948665 0.0513352
1 0.974488 0.0255118
1 0.999935 6.51495e-05
4 0.00136834 0.998632
1 0.999695 0.000305457
1 0.878233 0.121767
1 0.999981 1.94848e-05
1 0.716683 0.283317
1 0.998966 0.00103446
1 0.98898 0.0110202
1 0.986812 0.0131879
1 0.886486 0.113514
4 0.42543 0.57457
1 0.730074 0.269926
1 0.999953 4.69401e-05
1 0.991885 0.00811536
4 0.0103139 0.989686
1 0.999713 0.000287171
4 9.96699e-06 0.99999
4 0.244765 0.755235
1 0.994934 0.00506616
1 0.756939 0.243061
1 0.992765 0.00723452
4 0.440822 0.559178
1 0.987162 0.0128377
4 0.0968894 0.903111
1 0.890323 0.109677
1 0.999971 2.87729e-05
1 1 1.32399e-07
1 0.938203 0.0617972
1 0.943756 0.0562438
4 0.270556 0.729444
1 1 1e-07
1 0.993252 0.00674802
1 0.938819 0.0611814
1 0.999948 5.17197e-05
1 0.999998 2.46884e-06
1 0.999967 3.30406e-05
1 0.945338 0.0546622
1 0.990164 0.00983564
1 0.999508 0.000492176
4 0.0135121 0.986488
1 0.989577 0.0104231
1 0.996958 0.00304213
4 0.0120692 0.987931
1 0.981835 0.0181646
1 0.776223 0.223777
1 0.996974 0.00302618
1 0.838893 0.161107
1 0.999906 9.41015e-05
4 2.49078e-05 0.999975
1 0.968204 0.0317965
1 0.999555 0.000444731
1 0.995197 0.00480281
1 0.983124 0.016876
1 0.900192 0.0998083
1 0.544711 0.455289
1 0.960587 0.0394133
1 0.924689 0.0753114
4 0.000801005 0.999199
4 0.00321639 0.996784
4 0.279523 0.720477
1 0.994286 0.00571387
4 7.21057e-07 0.999999
1 0.962911 0.0370885
4 0.000116155 0.999884
1 0.976387 0.0236131
1 0.99978 0.000219889
4 7.17879e-05 0.999928
1 0.869787 0.130213
1 0.935388 0.0646119
1 0.99297 0.00702983
4 0.0420778 0.957922
1 0.999989 1.07633e-05
4 0.0126513 0.987349
1 0.838491 0.161509
1 0.948823 0.0511765
4 0.000733766 0.999266
1 0.964536 0.0354639
4 5.99819e-05 0.99994
1 0.999837 0.000163062
1 0.991622 0.00837797
4 0.000597804 0.999402
1 0.948831 0.0511688
1 0.95126 0.0487402
1 0.99309 0.00690956
1 0.999884 0.000115652
1 0.999759 0.000240503
4 0.0288098 0.97119
4 0.000202431 0.999798
1 0.750619 0.249381
4 0.000391468 0.999609
1 0.950102 0.0498976
1 0.925201 0.0747986
1 0.950468 0.049532
1 0.999602 0.000397745
1 0.999005 0.000994945
4 0.179824 0.820176
1 0.745814 0.254186
1 0.980833 0.0191668
1 0.999179 0.000820615
4 0.000407058 0.999593
4 0.0959851 0.904015
1 0.703587 0.296413
1 0.998496 0.0015044
1 0.852465 0.147535
1 0.998335 0.0016654
1 0.67101 0.32899
1 0.999992 8.01674e-06
1 0.999207 0.000792843
1 0.99888 0.00111996
1 0.948189 0.0518112
1 0.999678 0.000321669
1 0.997125 0.00287525
4 3.74348e-06 0.999996
1 0.995356 0.00464438
4 0.427233 0.572767
1 0.993348 0.00665152
1 0.990229 0.00977051
1 0.989311 0.0106891
4 0.254846 0.745154
1 0.99467 0.00532999
1 0.999925 7.47545e-05
1 0.667331 0.332669
4 1e-07 1
1 0.99753 0.00247025
4 0.104286 0.895714
4 0.000717071 0.999283
1 0.992917 0.0070832
1 0.999561 0.000438806
1 0.971237 0.0287633
4 0.0175036 0.982496
1 0.611572 0.388428
1 0.998217 0.00178299
4 0.104797 0.895203
4 0.196671 0.803329
1 0.916639 0.0833614
1 0.642834 0.357166
1 0.999817 0.000182814
1 0.897805 0.102195
1 0.531249 0.468751
1 0.997458 0.00254242
1 0.884187 0.115813
1 0.592973 0.407027
1 0.532243 0.467757
1 0.999297 0.000702679
4 0.030272 0.969728
1 0.999028 0.000971653
1 0.999942 5.83094e-05
1 0.999998 1.91567e-06
4 0.000368339 0.999632
1 0.866277 0.133723
1 0.998623 0.00137691
4 2.63966e-05 0.999974
1 0.976477 0.0235231
4 0.00656448 0.993436
4 0.484832 0.515168
1 0.9998 0.000199659
4 0.254069 0.745931
1 0.939247 0.0607531
1 0.99757 0.00243022
1 0.995028 0.00497167
1 0.986732 0.0132677
4 0.00119153 0.998808
1 0.997142 0.00285802
1 0.997781 0.00221896
4 7.22936e-07 0.999999
1 0.998713 0.00128734
1 0.9998 0.00019965
1 0.521519 0.478481
1 0.966693 0.0333069
1 0.970532 0.0294678
1 0.999949 5.13411e-05
1 0.824753 0.175247
1 0.99474 0.00526014
4 0.23854 0.76146
1 0.973563 0.0264371
1 0.999966 3.37208e-05
1 0.99999 1.01112e-05
4 0.0617944 0.938206
1 0.881076 0.118924
4 0.0384754 0.961525
4 0.000798416 0.999202
1 0.99991 8.96817e-05
4 0.126142 0.873858
4 0.000262144 0.999738
1 0.999783 0.000217471
1 0.633249 0.366751
1 0.999996 4.25713e-06
1 0.994269 0.00573134
4 2.98528e-06 0.999997
4 0.00342966 0.99657
1 0.994712 0.00528809
1 0.998926 0.0010739
1 0.564683 0.435317
1 0.999575 0.000424673
1 0.99825 0.00175037
1 0.994544 0.0054556
4 0.000146173 0.999854
4 0.0116437 0.988356
1 0.999996 4.01229e-06
1 0.999549 0.000450541
1 0.998922 0.00107782
1 0.999663 0.000337349
1 0.999948 5.15137e-05
4 0.171456 0.828544
1 0.689441 0.310559
4 2.10431e-05 0.999979
4 0.000112838 0.999887
1 0.983249 0.0167515
4 0.000173996 0.999826
1 0.931141 0.0688593
1 0.999868 0.00013248
1 0.969883 0.0301171
1 0.986161 0.0138392
4 0.00434034 0.99566
1 0.967932 0.0320685
1 0.996015 0.00398456
1 0.90727 0.0927297
1 0.946066 0.0539344
1 0.827511 0.172489
4 1.25406e-07 1
4 0.000466168 0.999534
4 0.0672349 0.932765
4 0.029729 0.970271
1 0.999999 6.02937e-07
1 0.980147 0.0198525
1 0.999835 0.000165004
1 0.98962 0.0103802
1 0.936736 0.0632637
1 0.997365 0.00263484
1 0.97014 0.0298603
1 0.997814 0.00218566
1 0.999775 0.000225069
4 0.00048988 0.99951
4 0.000985071 0.999015
1 0.999969 3.10811e-05
4 1.09362e-06 0.999999
1 0.99995 5.0212e-05
4 9.34239e-05 0.999907
1 0.992662 0.0073375
1 0.999323 0.000677186
1 0.997105 0.00289461
4 1.43033e-06 0.999999
1 0.999982 1.84238e-05
4 0.0192118 0.980788
1 0.963546 0.0364537
1 0.914294 0.0857064
1 0.993309 0.00669109
4 0.0260553 0.973945
1 0.998314 0.00168582
1 0.936798 0.0632023
1 1 2.39893e-07
1 0.97203 0.0279704
4 0.206083 0.793917
1 0.998438 0.00156175
1 0.907339 0.0926605
4 0.292893 0.707107
4 0.0178204 0.98218
1 0.9982 0.00179954
4 0.00113227 0.998868
4 5.47574e-05 0.999945
1 0.973852 0.0261483
1 0.806228 0.193772
4 0.000661948 0.999338
1 0.999998 1.91631e-06
1 0.825473 0.174527
1 0.999997 3.31107e-06
1 0.999814 0.000186035
1 0.86613 0.13387
4 4.05911e-05 0.999959
1 0.940791 0.0592086
4 0.00301199 0.996988
4 0.118149 0.881851
4 0.00382057 0.996179
1 0.994821 0.00517946
4 0.00131088 0.998689
1 0.990795 0.00920455
1 0.590219 0.409781
1 0.999995 5.43281e-06
1 0.99657 0.00342962
1 0.970197 0.029803
4 4.65691e-07 1
1 0.975874 0.0241261
4 0.00747109 0.992529
1 0.99921 0.000789999
1 0.987076 0.0129237
1 0.999882 0.000118302
1 0.999999 1.08674e-06
1 0.99214 0.00785952
4 0.000645108 0.999355
4 0.00256226 0.997438
1 0.584968 0.415032
1 0.972075 0.0279247
1 0.994966 0.0050339
1 0.827414 0.172586
4 4.4622e-06 0.999996
4 0.169961 0.830039
4 1e-07 1
4 2.71384e-05 0.999973
1 0.999889 0.000111152
4 0.0907084 0.909292
1 0.999659 0.000341444
4 0.0099591 0.990041
1 0.999248 0.000752044
4 0.474894 0.525106
1 0.992682 0.00731777
1 0.976452 0.0235477
1 0.970882 0.0291175
1 0.816381 0.183619
4 0.00934829 0.990652
4 5.32331e-06 0.999995
1 0.816973 0.183027
1 0.999853 0.000147198
1 0.51141 0.48859
4 0.49317 0.50683
1 0.882565 0.117435
1 0.999873 0.000127486
1 0.97726 0.0227398
4 3.26441e-06 0.999997
1 0.853106 0.146894
1 0.998585 0.00141466
1 0.999687 0.000312777
1 0.999852 0.00014751
1 0.977518 0.0224816
1 0.993726 0.00627443
1 0.939849 0.0601511
1 0.999995 4.61394e-06
1 0.997211 0.00278928
1 0.999585 0.000415308
4 0.00033318 0.999667
1 0.910041 0.0899593
1 0.967292 0.0327076
4 0.113473 0.886527
1 0.912284 0.0877163
1 0.917477 0.0825233
4 0.148646 0.851354
1 0.821118 0.178882
1 0.980905 0.0190954
1 0.999836 0.000163783
1 1 1e-07
1 0.970606 0.029394
1 0.97732 0.0226804
1 0.981218 0.0187823
1 0.94938 0.0506201
1 0.998171 0.00182889
1 0.997537 0.00246275
1 0.99778 0.00221958
1 0.995237 0.00476304
1 0.995808 0.00419212
1 0.974324 0.0256763
1 1 1e-07
1 0.994825 0.00517457
4 0.000925362 0.999075
1 0.997782 0.00221779
4 0.00456948 0.995431
1 0.988139 0.0118605
4 1e-07 1
1 0.999808 0.000192137
1 0.99396 0.0060404
1 0.981798 0.0182022
1 0.999701 0.000299352
1 0.998145 0.00185453
1 0.99385 0.0061498
4 0.0761844 0.923816
1 0.98758 0.0124202
1 0.999327 0.000673316
1 0.91917 0.0808303
1 0.999991 9.46376e-06
1 0.989596 0.0104043
1 0.999928 7.15218e-05
1 0.999987 1.27321e-05
1 0.994968 0.00503206
4 0.000111481 0.999889
1 0.99889 0.00111031
1 0.989526 0.0104742
4 0.0147177 0.985282
1 0.676817 0.323183
1 0.999941 5.92879e-05
1 0.99925 0.000749901
1 0.982812 0.0171883
1 0.969548 0.0304519
4 0.0701268 0.929873
4 0.479157 0.520843
1 0.999583 0.000416692
1 0.99436 0.0056397
1 0.97535 0.0246502
4 0.00298314 0.997017
1 0.997843 0.00215695
1 0.999013 0.000986677
1 0.765179 0.234821
1 0.99605 0.00394966
1 0.998043 0.00195706
1 0.990074 0.00992611
4 0.00134231 0.998658
1 0.946506 0.0534945
1 0.990513 0.00948694
4 1.7449e-07 1
1 0.928949 0.0710513
1 0.884798 0.115202
1 0.902151 0.0978494
1 1 1e-07
1 0.999992 7.91174e-06
1 0.999489 0.000511098
1 0.994038 0.00596182
1 0.995838 0.0041623
1 0.999961 3.86483e-05
1 0.815812 0.184188
1 0.873243 0.126757
1 0.919285 0.0807148
1 0.988871 0.011129
4 2.91088e-05 0.999971
4 0.0095337 0.990466
4 0.00378956 0.99621
4 0.000166668 0.999833
1 0.999195 0.000804591
1 0.999984 1.55833e-05
4 7.12225e-05 0.999929
1 0.977225 0.0227751
1 0.803702 0.196298
1 0.999678 0.000322469
1 0.713647 0.286353
1 0.995793 0.00420725
1 0.999995 5.42686e-06
1 0.999449 0.000550806
1 0.999827 0.000173122
1 0.99925 0.000750285
1 0.819324 0.180676
1 0.999776 0.00022382
4 0.485199 0.514801
4 0.453062 0.546938
1 0.999992 7.60539e-06
1 0.992811 0.00718885
1 0.909962 0.0900381
1 0.924513 0.0754872
1 0.967442 0.0325577
1 0.990848 0.00915238
1 1 2.98205e-07
1 0.997896 0.00210363
1 0.985372 0.0146277
1 0.998234 0.00176626
4 1e-07 1
1 0.995223 0.00477713
1 0.819326 0.180674
1 0.997506 0.00249377
1 0.997122 0.00287792
1 0.999048 0.000952403
4 0.373025 0.626975
1 0.972593 0.0274069
4 1.39202e-07 1
1 1 2.32015e-07
1 0.871404 0.128596
1 0.999974 2.64711e-05
1 0.999164 0.000835645
4 1e-07 1
1 0.999994 6.31523e-06
1 0.974847 0.025153
1 0.968184 0.031816
1 0.998934 0.0010664
1 0.948255 0.0517449
1 0.99979 0.000210215
1 0.988798 0.0112023
1 0.996147 0.00385293
1 0.986745 0.0132545
1 0.99971 0.000290245
4 0.0031063 0.996894
1 0.9805 0.0194999
1 0.999994 6.22137e-06
1 0.74886 0.25114
1 0.545013 0.454987
1 0.999942 5.83701e-05
1 0.911237 0.0887628
1 0.999996 3.64046e-06
4 0.0928811 0.907119
1 0.993856 0.00614441
1 0.984966 0.0150342
1 0.998282 0.00171837
1 0.995146 0.00485357
4 0.000549149 0.999451
1 0.997464 0.00253559
4 5.86874e-06 0.999994
1 0.992516 0.00748376
4 0.00390118 0.996099
1 0.970249 0.0297506
1 0.984507 0.0154927
1 0.987748 0.0122518
1 0.99994 6.00116e-05
1 0.995376 0.00462392
4 0.158758 0.841242
1 0.950116 0.0498842
1 0.983361 0.0166387
1 0.974305 0.0256948
1 0.817673 0.182327
1 0.732824 0.267176
1 0.99736 0.00264029
1 0.994455 0.00554471
4 0.000249114 0.999751
1 0.997486 0.00251366
1 0.999634 0.000366291
4 1.39361e-05 0.999986
1 0.981115 0.0188846
4 9.28284e-05 0.999907
1 0.77826 0.22174
1 0.958459 0.0415413
1 0.917337 0.0826635
4 0.0128698 0.98713
4 2.53728e-05 0.999975
4 0.00825583 0.991744
1 0.947687 0.0523134
1 0.991617 0.00838298
1 0.974237 0.025763
1 0.698255 0.301745
4 0.327544 0.672456
4 0.0120398 0.98796
1 0.993876 0.00612412
1 0.96753 0.0324698
1 0.582534 0.417466
1 0.998999 0.00100138
4 0.00929228 0.990708
4 0.21946 0.78054
1 0.875113 0.124887
4 0.14896 0.85104
4 1.87569e-06 0.999998
1 1 1e-07
1 0.999846 0.000154115
1 0.796625 0.203375
1 0.986922 0.0130778
1 0.795005 0.204995
1 0.983079 0.016921
1 0.987379 0.0126215
1 0.999226 0.000774456
1 0.742344 0.257656
1 0.991411 0.00858915
1 0.993958 0.00604184
1 0.999054 0.000946303
1 0.999993 6.94396e-06
4 0.0325591 0.967441
1 0.99998 1.98597e-05
4 0.229461 0.770539
4 0.000398172 0.999602
4 3.42678e-06 0.999997
4 9.88168e-06 0.99999
1 0.973596 0.0264042
4 0.182873 0.817127
4 0.18312 0.81688
1 0.793466 0.206534
1 0.928986 0.0710145
1 0.997247 0.00275252
1 0.999292 0.000707627
1 0.999886 0.000114119
1 0.999593 0.000407156
1 0.954496 0.0455039
4 7.27497e-07 0.999999
1 0.974058 0.0259415
4 0.000245958 0.999754
4 0.00347278 0.996527
4 0.00179206 0.998208
