labels 4 3
4 0.987043 0.0129566
4 0.948136 0.0518637
4 0.98241 0.0175903
3 0.0411288 0.958871
3 0.00568728 0.994313
4 0.803688 0.196312
4 0.999639 0.000360623
3 0.0665457 0.933454
3 1.07104e-06 0.999999
3 0.00957968 0.99042
4 0.83716 0.16284
4 0.99735 0.00264956
3 0.000328261 0.999672
4 0.996915 0.00308502
3 0.453737 0.546263
4 0.768802 0.231198
3 4.42131e-05 0.999956
3 0.0219924 0.978008
4 0.998751 0.00124858
4 0.998248 0.00175216
4 0.918934 0.0810659
4 0.9869 0.0131
4 0.950861 0.0491392
4 0.963574 0.0364257
4 0.987142 0.0128585
4 0.997086 0.00291423
4 0.999904 9.59029e-05
4 0.999111 0.000888919
4 0.999957 4.27052e-05
3 0.0443862 0.955614
3 0.000395626 0.999604
3 3.37947e-06 0.999997
4 0.978088 0.0219121
4 1 1.16474e-07
4 0.999835 0.000165015
3 0.000479845 0.99952
4 0.505361 0.494639
4 0.997443 0.00255732
3 1e-07 1
3 0.139242 0.860758
4 0.980535 0.0194652
4 0.902425 0.097575
4 0.982893 0.017107
4 0.977316 0.022684
4 0.999326 0.00067362
4 0.97513 0.0248695
4 0.914966 0.0850341
4 0.984454 0.015546
4 0.517144 0.482856
4 0.985429 0.0145709
3 0.000825704 0.999174
3 0.0545921 0.945408
3 0.000421585 0.999578
4 0.999991 8.57834e-06
4 0.693022 0.306978
4 0.769223 0.230777
4 0.863907 0.136093
4 0.984609 0.0153913
4 0.998998 0.00100224
4 0.990564 0.00943626
4 0.994571 0.00542922
4 0.985974 0.0140264
4 0.985743 0.0142567
3 0.0412409 0.958759
4 0.99971 0.000289902
3 0.00531783 0.994682
4 0.941248 0.0587518
4 0.996981 0.00301855
3 1e-07 1
3 7.05876e-06 0.999993
4 0.971524 0.0284758
3 9.6354e-06 0.99999
4 0.637599 0.362401
4 0.898033 0.101967
3 0.00180887 0.998191
4 0.650722 0.349278
4 0.985354 0.0146461
4 0.985109 0.0148908
4 0.99579 0.00420985
4 0.982748 0.0172519
4 0.999548 0.000451693
4 0.99987 0.000130458
4 0.872648 0.127352
4 0.934397 0.0656028
4 0.582438 0.417562
4 0.783334 0.216666
4 0.95418 0.04582
4 0.998939 0.00106077
4 0.987715 0.0122851
4 0.998899 0.00110112
4 0.999263 0.000737221
4 0.939323 0.0606771
3 0.000972691 0.999027
4 0.913676 0.0863244
4 0.973606 0.0263941
3 6.60491e-05 0.999934
4 0.997258 0.00274232
4 0.985245 0.0147554
4 0.9943 0.00569971
3 0.0208512 0.979149
4 0.984541 0.0154588
4 0.84328 0.15672
4 0.99998 1.95197e-05
4 0.524057 0.475943
4 0.885194 0.114806
3 0.0229385 0.977062
3 2.64828e-05 0.999974
4 0.517311 0.482689
3 4.15813e-06 0.999996
4 0.960031 0.0399686
4 0.925447 0.0745535
3 9.82731e-05 0.999902
3 0.451684 0.548316
4 0.780898 0.219102
4 0.931384 0.0686156
4 0.791823 0.208177
4 0.980341 0.0196591
3 0.00208939 0.997911
4 0.98517 0.0148304
4 0.948663 0.0513368
4 0.947663 0.0523373
4 0.97209 0.0279103
4 0.951532 0.0484681
3 0.00605687 0.993943
4 0.999217 0.000783019
3 0.333162 0.666838
4 0.980884 0.0191162
4 0.999993 7.32049e-06
4 0.997313 0.00268652
4 0.887632 0.112368
4 0.994161 0.00583857
3 0.0017663 0.998234
4 0.994875 0.00512477
4 0.756921 0.243079
4 0.993205 0.00679475
3 0.0646066 0.935393
4 0.999704 0.000295871
4 0.997644 0.00235559
3 1e-07 1
3 0.00226488 0.997735
4 0.995735 0.00426543
3 4.50191e-05 0.999955
3 0.412035 0.587965
4 0.999967 3.25426e-05
4 0.975379 0.0246214
4 0.95053 0.0494699
3 0.000481693 0.999518
4 0.612244 0.387756
4 0.999973 2.7415e-05
4 0.985291 0.0147091
4 0.997141 0.00285902
3 0.0169504 0.98305
4 0.809214 0.190786
4 0.600051 0.399949
4 0.940575 0.0594247
4 0.948552 0.0514485
4 0.953522 0.0464784
4 0.999693 0.000306618
4 0.98539 0.0146105
3 1.49077e-05 0.999985
3 0.00584895 0.994151
3 0.00942851 0.990571
3 0.00506383 0.994936
4 0.999682 0.000317825
3 0.0568927 0.943107
4 0.974184 0.0258163
3 1e-07 1
3 8.47322e-06 0.999992
4 0.999775 0.000224845
3 1.82415e-06 0.999998
3 2.94576e-05 0.999971
4 0.87833 0.12167
4 0.903615 0.0963848
4 0.951649 0.0483509
4 0.980923 0.0190773
4 0.98359 0.01641
3 1.76762e-05 0.999982
3 2.39829e-07 1
4 0.980473 0.0195268
4 0.999745 0.000255331
3 0.460353 0.539647
4 0.876432 0.123568
4 0.980577 0.0194234
4 0.997764 0.00223633
3 0.00332067 0.996679
4 0.991925 0.00807462
4 0.962378 0.0376221
4 0.999659 0.000340933
4 0.986685 0.0133147
4 0.998986 0.00101381
4 0.930272 0.069728
3 0.427146 0.572854
3 0.249917 0.750083
4 0.981711 0.0182892
4 0.880872 0.119128
4 0.978654 0.021346
4 0.998863 0.00113749
3 0.000794855 0.999205
4 0.99788 0.00211997
4 0.993604 0.00639607
4 0.630839 0.369161
4 0.688694 0.311306
4 0.97004 0.0299597
4 0.97702 0.0229805
4 0.954016 0.0459842
3 0.0359668 0.964033
4 0.988337 0.0116631
4 0.680552 0.319448
4 0.997018 0.00298243
3 0.00467666 0.995323
4 0.942481 0.0575189
4 0.981988 0.0180123
4 0.985487 0.0145132
3 2.92226e-05 0.999971
4 0.928908 0.0710925
4 0.924425 0.0755753
3 0.00354354 0.996456
4 0.969769 0.0302305
4 0.979983 0.0200166
4 0.997851 0.00214897
4 0.999702 0.000297793
3 9.68985e-06 0.99999
4 0.996487 0.00351318
4 0.881574 0.118426
4 0.716633 0.283367
4 0.984639 0.0153611
4 0.997669 0.00233133
4 0.568023 0.431977
3 0.419285 0.580715
4 0.780183 0.219817
3 0.237253 0.762747
3 0.000131342 0.999869
4 0.999775 0.0002254
4 0.966128 0.0338716
4 0.67588 0.32412
3 5.11411e-06 0.999995
4 0.985724 0.0142762
4 0.964101 0.0358991
4 0.983473 0.0165271
4 0.982647 0.0173526
3 0.0393111 0.960689
4 0.999848 0.000152122
3 0.0199985 0.980001
3 0.0181428 0.981857
3 2.74805e-06 0.999997
4 0.968039 0.0319614
4 0.979421 0.0205786
4 0.982416 0.0175836
3 0.000448784 0.999551
4 0.973473 0.0265272
4 0.868455 0.131545
3 2.9919e-06 0.999997
4 0.979473 0.0205271
4 0.945211 0.0547887
4 0.985839 0.0141611
4 0.997076 0.00292387
4 0.934262 0.0657385
4 0.97721 0.0227896
4 0.999102 0.00089844
3 0.0245893 0.975411
4 0.99932 0.000679579
4 0.981687 0.0183134
4 0.998197 0.00180349
4 0.971328 0.0286717
3 1.46153e-06 0.999999
4 0.99892 0.00107995
3 0.000867391 0.999133
4 0.978552 0.0214479
4 0.973659 0.0263407
4 0.998501 0.00149872
4 0.972527 0.0274731
4 0.979385 0.0206152
3 0.17012 0.82988
4 0.97037 0.0296302
3 0.480047 0.519953
4 0.6754 0.3246
4 0.988887 0.0111128
4 0.806395 0.193605
4 0.940271 0.0597288
3 0.000197181 0.999803
4 0.592923 0.407077
4 0.500681 0.499319
4 0.546197 0.453803
4 0.853197 0.146803
4 0.998464 0.00153561
4 0.995996 0.00400426
3 0.363328 0.636672
4 0.989462 0.0105375
3 0.000854995 0.999145
4 0.962253 0.0377468
3 3.68802e-06 0.999996
3 0.114072 0.885928
4 0.997198 0.00280192
4 0.622705 0.377295
3 3.80511e-05 0.999962
4 0.988355 0.0116446
4 0.987776 0.0122239
3 1e-07 1
4 0.9514 0.0486003
3 0.00867816 0.991322
3 5.85745e-07 0.999999
4 0.971472 0.028528
4 0.969008 0.0309923
4 0.99835 0.0016497
4 0.999683 0.000316871
4 0.998597 0.00140279
3 0.422444 0.577556
4 0.987258 0.0127415
3 9.42544e-06 0.999991
4 0.999996 4.28553e-06
4 0.981407 0.0185934
4 0.929022 0.0709782
3 0.000420111 0.99958
4 0.984151 0.0158488
3 0.000292322 0.999708
4 0.975701 0.0242987
4 0.999998 2.05632e-06
4 0.519925 0.480075
4 0.983314 0.0166862
4 0.968446 0.0315537
3 2.52816e-06 0.999997
4 0.999901 9.94341e-05
3 0.423824 0.576176
3 3.48991e-06 0.999997
4 0.97955 0.0204499
4 0.777679 0.222321
4 0.740385 0.259615
4 0.975144 0.0248564
4 0.998587 0.00141313
4 0.986976 0.0130243
3 1e-07 1
4 0.999953 4.74787e-05
4 0.926751 0.0732485
4 0.851555 0.148445
4 0.982101 0.0178994
4 0.979622 0.0203781
3 0.00122342 0.998777
3 0.00172042 0.99828
3 0.058526 0.941474
3 0.050347 0.949653
4 0.948222 0.0517778
4 0.999873 0.000126958
4 0.997846 0.00215399
4 0.986938 0.0130624
4 0.963204 0.0367963
3 0.000620428 0.99938
3 0.00195951 0.99804
4 0.999997 3.46468e-06
3 1.5491e-06 0.999998
4 0.964349 0.0356506
4 0.998222 0.00177779
3 0.223091 0.776909
3 0.00162382 0.998376
3 0.298718 0.701282
4 0.918643 0.081357
4 0.961096 0.0389039
4 0.993511 0.00648943
3 5.67548e-05 0.999943
4 0.960363 0.0396369
4 0.980537 0.0194635
3 0.000898528 0.999101
4 0.781748 0.218252
4 0.97742 0.0225803
4 0.8972 0.1028
3 0.166197 0.833803
3 0.00797691 0.992023
4 0.9518 0.0482003
4 0.93913 0.0608703
4 0.973833 0.0261671
4 0.997991 0.00200947
4 0.99939 0.000610318
4 0.998397 0.00160264
3 1.18563e-05 0.999988
3 0.0143817 0.985618
4 0.726476 0.273524
4 0.976194 0.0238062
4 0.999994 6.19063e-06
4 0.98972 0.0102799
4 0.966952 0.0330477
3 0.13784 0.86216
4 0.940654 0.0593465
3 0.0704781 0.929522
4 0.967165 0.0328345
3 0.231398 0.768602
4 0.922909 0.0770907
4 0.983693 0.016307
4 0.970285 0.0297145
4 0.995641 0.00435921
3 0.000106738 0.999893
4 0.999979 2.12547e-05
4 0.997225 0.00277521
4 0.941043 0.0589573
3 0.444071 0.555929
3 0.00807036 0.99193
3 0.00397604 0.996024
3 1.63458e-05 0.999984
4 0.924387 0.0756134
4 0.986241 0.0137595
4 0.971361 0.0286387
3 0.24781 0.75219
4 0.968024 0.0319763
4 0.999576 0.000424329
3 0.0240574 0.975943
3 1.98992e-06 0.999998
4 0.992047 0.00795324
3 0.000117056 0.999883
3 0.00118913 0.998811
3 0.13389 0.86611
3 0.000695301 0.999305
3 0.00154657 0.998453
3 0.0526477 0.947352
3 0.000311865 0.999688
4 0.873142 0.126858
3 0.0221811 0.977819
3 2.07463e-05 0.999979
3 0.224295 0.775705
4 0.996953 0.00304675
4 0.965467 0.0345327
4 0.999143 0.000856859
3 1.41954e-07 1
3 0.000611408 0.999389
4 0.999929 7.05811e-05
4 0.976343 0.0236571
3 4.72911e-06 0.999995
4 0.985133 0.0148668
3 0.376884 0.623116
4 0.996315 0.00368454
4 0.989454 0.0105457
3 0.311962 0.688038
4 0.99653 0.00346964
4 0.990966 0.00903448
3 0.00404971 0.99595
3 9.1392e-05 0.999909
4 0.954862 0.0451379
4 0.985968 0.0140317
3 0.00286316 0.997137
4 0.931207 0.0687931
4 0.988524 0.0114759
4 0.974119 0.0258806
4 0.999149 0.000851271
4 0.884808 0.115192
3 6.68964e-06 0.999993
3 3.25589e-05 0.999967
4 0.970686 0.0293139
4 0.940274 0.0597256
4 0.795243 0.204757
4 0.962363 0.037637
3 0.356303 0.643697
3 0.246651 0.753349
4 0.979702 0.0202978
4 0.840419 0.159581
4 0.975758 0.0242419
3 1.18335e-05 0.999988
4 0.999607 0.000392732
3 0.147324 0.852676
4 0.999164 0.000835703
4 0.999266 0.00073376
4 0.982278 0.0177221
4 0.989128 0.0108721
3 0.319952 0.680048
4 0.998693 0.00130698
3 1.14389e-06 0.999999
3 1e-07 1
4 0.969762 0.0302384
3 0.00345129 0.996549
4 0.988556 0.011444
3 4.38909e-05 0.999956
4 0.997145 0.00285485
4 0.945743 0.0542572
4 0.983055 0.016945
4 0.932915 0.0670854
3 0.136384 0.863616
4 0.960045 0.0399554
4 0.898018 0.101982
4 0.950129 0.049871
4 0.973718 0.0262819
4 0.999889 0.000111027
4 0.991778 0.00822185
4 0.778458 0.221542
3 0.000187608 0.999812
4 0.973575 0.0264247
3 0.178402 0.821598
3 0.274537 0.725463
4 0.994366 0.00563404
3 0.000166366 0.999834
4 0.982037 0.0179628
4 0.987386 0.0126139
3 0.000122792 0.999877
3 4.03032e-05 0.99996
3 5.02626e-07 0.999999
3 2.68209e-05 0.999973
3 0.0448536 0.955146
3 0.00170966 0.99829
4 0.990588 0.00941183
3 0.000574593 0.999425
3 0.157113 0.842887
3 1e-07 1
3 0.0577327 0.942267
3 0.00011134 0.999889
4 0.97519 0.0248098
3 0.0161133 0.983887
3 2.89481e-07 1
3 8.57326e-06 0.999991
4 0.851262 0.148738
4 0.999975 2.49553e-05
4 0.962531 0.0374691
4 0.696902 0.303098
4 0.96454 0.0354604
4 0.761706 0.238294
4 0.998211 0.00178881
3 0.0825071 0.917493
3 0.269596 0.730404
3 3.01069e-06 0.999997
4 0.984541 0.0154589
4 0.947525 0.0524748
4 0.667666 0.332334
3 0.450475 0.549525
4 0.997803 0.00219737
3 0.0021263 0.997874
4 0.979157 0.0208435
4 0.995018 0.00498172
4 0.997767 0.00223296
3 2.46889e-05 0.999975
4 0.999975 2.50934e-05
3 0.102384 0.897616
4 0.973324 0.0266759
4 0.998329 0.00167136
3 0.00171636 0.998284
3 0.150435 0.849565
4 0.98382 0.0161798
4 0.871415 0.128585
4 0.97 0.0300002
4 0.756302 0.243698
3 0.000217701 0.999782
3 0.0528863 0.947114
4 0.880125 0.119875
4 0.979437 0.0205625
4 0.998397 0.00160291
4 0.999248 0.000752078
3 0.000683061 0.999317
3 0.0195002 0.9805
3 0.000647551 0.999352
4 0.980118 0.0198818
4 0.998508 0.00149216
3 0.471656 0.528344
4 0.982625 0.0173747
4 0.951914 0.0480865
3 1e-07 1
4 0.99993 7.01257e-05
4 0.965278 0.0347225
4 0.958552 0.0414477
4 0.99946 0.000540141
4 0.992352 0.00764763
4 0.99475 0.00524954
4 0.979749 0.0202508
3 0.0180925 0.981907
4 0.962582 0.0374182
4 0.520962 0.479038
4 0.996136 0.00386374
4 0.998564 0.00143647
4 0.999644 0.000356229
4 0.962662 0.0373375
4 0.998563 0.00143733
4 0.932539 0.0674609
3 1e-07 1
4 0.940321 0.0596794
4 0.999852 0.000147683
4 0.983767 0.0162335
3 4.07725e-07 1
3 3.71721e-06 0.999996
3 5.44743e-05 0.999946
4 0.995194 0.00480622
4 0.999999 1.30421e-06
4 0.891975 0.108025
4 0.905787 0.0942131
3 0.000249806 0.99975
3 4.05685e-05 0.999959
4 0.919051 0.0809491
4 0.999995 4.91714e-06
3 8.35897e-05 0.999916
4 0.569051 0.430949
3 0.0410157 0.958984
4 0.989823 0.0101767
4 0.96714 0.0328598
4 0.996085 0.00391546
4 0.994731 0.00526872
4 0.996961 0.00303853
4 0.977727 0.0222726
4 0.883611 0.116389
3 0.177551 0.822449
3 3.07849e-07 1
4 0.951895 0.0481048
4 0.999052 0.000947812
4 0.989246 0.0107542
3 1.08907e-05 0.999989
4 0.999579 0.000421289
4 0.89481 0.10519
4 0.976378 0.0236222
4 0.994347 0.00565251
4 0.999568 0.000432052
4 0.995571 0.00442935
4 0.565863 0.434137
4 0.968362 0.0316378
4 0.970817 0.0291827
4 0.577058 0.422942
3 1.59958e-05 0.999984
3 1.82148e-06 0.999998
3 0.020742 0.979258
4 0.999846 0.00015432
4 0.919787 0.0802129
4 0.886308 0.113692
4 0.963975 0.036025
4 0.833586 0.166414
4 0.983462 0.0165383
4 0.997157 0.0028432
3 0.0107241 0.989276
3 0.1245 0.8755
3 0.000132694 0.999867
4 0.999431 0.000568786
3 0.0594576 0.940542
4 0.992141 0.00785933
4 0.99936 0.000640173
4 0.992303 0.00769656
4 0.998275 0.00172497
4 0.869932 0.130068
4 0.981674 0.0183262
4 0.985912 0.0140878
4 0.993921 0.00607893
3 0.134065 0.865935
3 0.15383 0.84617
3 0.0324278 0.967572
4 0.998488 0.00151199
3 0.0126723 0.987328
4 0.99616 0.00383981
4 0.592307 0.407693
4 0.988424 0.0115761
4 0.999486 0.000514364
4 0.590166 0.409834
4 0.60713 0.39287
4 0.963504 0.0364961
4 0.979942 0.020058
4 0.999912 8.759e-05
4 0.71056 0.28944
3 0.000162543 0.999837
3 0.221903 0.778097
3 0.0196402 0.98036
4 1 1e-07
4 0.883632 0.116368
3 3.33604e-05 0.999967
4 0.805972 0.194028
4 0.959547 0.040453
4 0.981711 0.0182888
4 0.998911 0.00108918
4 0.969198 0.0308016
4 0.908143 0.0918574
3 5.07739e-05 0.999949
4 0.999997 2.58185e-06
3 0.368861 0.631139
4 0.994864 0.00513583
3 0.0479645 0.952036
4 0.962451 0.037549
3 0.000437175 0.999563
4 0.98622 0.01378
4 0.77415 0.22585
4 0.999472 0.00052797
4 0.996968 0.00303175
4 0.957732 0.0422677
4 0.574859 0.425141
4 0.97727 0.0227296
4 0.990518 0.00948166
3 0.111296 0.888704
4 0.928778 0.0712222
4 0.987083 0.012917
4 0.98694 0.0130599
4 0.978345 0.0216547
3 0.444661 0.555339
4 0.998452 0.00154809
4 0.942501 0.0574993
4 0.978556 0.0214441
4 0.985569 0.0144306
4 0.947678 0.0523216
3 8.94297e-06 0.999991
3 0.368118 0.631882
3 0.0138542 0.986146
4 0.989802 0.0101981
4 0.573386 0.426614
3 0.00234171 0.997658
3 0.387733 0.612267
4 0.762988 0.237012
3 0.00466529 0.995335
3 5.87492e-05 0.999941
3 0.477814 0.522186
3 0.393706 0.606294
4 0.802482 0.197518
4 0.980071 0.019929
4 0.999051 0.000949322
4 0.940915 0.0590854
3 1.41802e-05 0.999986
4 0.701722 0.298278
3 6.76763e-06 0.999993
3 0.00331777 0.996682
4 0.978881 0.021119
4 0.585587 0.414413
4 0.999979 2.0686e-05
4 0.976775 0.0232252
4 0.997755 0.00224548
3 0.429083 0.570917
3 0.084181 0.915819
4 0.960716 0.039284
3 0.0354188 0.964581
4 0.998541 0.00145928
4 0.982235 0.017765
4 0.954768 0.0452324
4 0.955737 0.0442629
4 0.980874 0.0191256
3 0.436451 0.563549
4 0.999973 2.69449e-05
4 0.74754 0.25246
4 0.963437 0.036563
3 1.82307e-07 1
4 0.988063 0.0119372
4 0.997326 0.00267397
3 0.364845 0.635155
4 0.990259 0.00974104
4 0.999661 0.000338804
4 0.662838 0.337162
4 0.999372 0.000628321
4 0.928738 0.0712615
4 0.951543 0.0484566
4 0.972749 0.0272509
4 0.994978 0.00502236
4 0.935751 0.0642487
4 0.936759 0.0632405
3 0.00649252 0.993507
3 0.174146 0.825854
3 0.00866725 0.991333
4 0.938298 0.0617023
4 0.999679 0.000321275
4 0.765404 0.234596
4 0.983021 0.0169786
4 0.982737 0.0172629
4 0.999867 0.00013326
3 0.140053 0.859947
3 0.0779495 0.92205
4 0.998714 0.00128596
4 0.974064 0.0259359
4 0.999983 1.74468e-05
3 0.000851011 0.999149
4 0.503845 0.496155
4 0.948647 0.0513532
4 0.981006 0.0189936
4 0.935698 0.0643023
3 0.00120768 0.998792
4 0.976229 0.0237715
3 0.277596 0.722404
4 0.999924 7.63326e-05
3 0.000194963 0.999805
3 0.140154 0.859846
4 0.671597 0.328403
4 0.994878 0.00512222
3 0.493249 0.506751
4 0.983766 0.0162342
3 0.102255 0.897745
4 0.97498 0.0250197
4 0.906962 0.093038
4 0.996223 0.00377696
3 0.000147516 0.999852
4 0.979736 0.0202643
4 0.955328 0.0446723
3 5.00883e-06 0.999995
4 0.9755 0.0245003
3 4.559e-07 1
4 0.998523 0.00147674
3 0.00328407 0.996716
3 0.206815 0.793185
4 0.788549 0.211451
4 0.9703 0.0296998
4 0.967146 0.0328542
4 0.512198 0.487802
3 0.24806 0.75194
4 0.94744 0.0525596
4 0.998023 0.00197688
4 0.989159 0.0108411
4 0.613744 0.386256
4 0.998286 0.00171418
4 0.842987 0.157013
4 0.976354 0.0236458
3 0.00166885 0.998331
4 0.997501 0.00249885
3 0.0801555 0.919844
4 0.964348 0.0356524
4 0.964963 0.0350371
4 0.991287 0.00871282
4 0.971196 0.0288044
4 0.936167 0.0638331
4 0.961435 0.038565
4 0.974444 0.0255559
4 0.947697 0.0523034
4 0.984153 0.015847
4 0.971627 0.0283726
4 0.995205 0.00479481
3 1.79357e-06 0.999998
4 0.983716 0.0162835
4 0.998598 0.00140151
4 0.999566 0.000434362
4 0.999916 8.42064e-05
4 0.999878 0.000121941
4 0.534989 0.465011
3 2.12148e-05 0.999979
4 0.985688 0.0143121
3 2.57516e-06 0.999997
4 0.946818 0.0531817
3 0.0134911 0.986509
3 0.00161055 0.998389
4 0.999988 1.15893e-05
4 0.981174 0.0188265
4 0.974217 0.0257828
3 1.47895e-05 0.999985
3 0.000221066 0.999779
4 0.986365 0.0136351
4 0.726666 0.273334
4 0.977978 0.0220223
4 0.955922 0.0440784
4 0.998661 0.00133912
3 1.46354e-06 0.999999
4 0.722931 0.277069
3 0.215913 0.784087
3 0.438261 0.561739
4 0.981024 0.0189762
3 1.74522e-05 0.999983
4 0.616255 0.383745
4 0.590052 0.409948
4 0.943481 0.0565194
3 0.256165 0.743835
4 0.976688 0.023312
4 0.529808 0.470192
4 0.998641 0.00135909
4 0.522424 0.477576
4 0.96022 0.0397802
4 0.949052 0.050948
4 0.998376 0.00162353
4 0.972556 0.0274436
4 0.876596 0.123404
4 0.981578 0.018422
4 0.825718 0.174282
4 0.787515 0.212485
3 0.00333901 0.996661
3 0.118984 0.881016
4 0.910238 0.0897619
4 0.769407 0.230593
3 0.00685625 0.993144
4 0.969019 0.0309811
3 2.8247e-05 0.999972
4 0.998006 0.00199367
3 0.000470647 0.999529
4 0.998283 0.00171695
4 0.996143 0.00385651
4 0.848746 0.151254
4 0.961468 0.0385318
3 3.46853e-06 0.999997
3 1e-07 1
4 0.978641 0.0213594
4 0.908603 0.0913965
4 0.974496 0.0255036
4 0.925782 0.0742184
4 0.997688 0.00231154
4 0.92317 0.0768299
3 0.0866251 0.913375
4 0.967004 0.0329964
4 0.989663 0.0103367
3 1.75543e-05 0.999982
4 0.961916 0.0380843
3 8.45168e-06 0.999992
3 3.6564e-06 0.999996
3 0.000308936 0.999691
4 0.999746 0.00025375
4 0.964523 0.0354767
4 0.947627 0.0523726
4 0.941812 0.0581884
4 0.940815 0.0591846
3 0.000237856 0.999762
3 0.0143982 0.985602
4 0.808839 0.191161
4 0.982164 0.0178357
4 0.865324 0.134676
4 0.999047 0.000953257
4 0.898043 0.101957
3 0.000127074 0.999873
4 0.999994 5.69925e-06
4 0.733889 0.266111
4 0.95265 0.0473498
4 0.947531 0.0524689
3 0.373332 0.626668
4 0.996182 0.00381793
4 0.98418 0.0158196
4 0.901105 0.098895
4 0.513282 0.486718
3 0.000321979 0.999678
3 0.000260677 0.999739
4 0.817961 0.182039
4 0.999559 0.000440757
4 0.96759 0.0324099
4 0.999948 5.24045e-05
3 3.88671e-06 0.999996
3 0.335227 0.664773
4 0.986875 0.0131251
4 0.898536 0.101464
4 0.999665 0.000334923
4 0.978339 0.0216608
4 0.951543 0.0484572
4 0.97947 0.0205299
3 7.92392e-06 0.999992
4 0.959654 0.0403464
3 0.468096 0.531904
3 4.60919e-06 0.999995
3 0.000930588 0.999069
3 0.000148885 0.999851
4 0.728525 0.271475
4 0.99764 0.00235954
4 0.999806 0.000194088
4 0.979762 0.0202377
4 0.972283 0.0277169
4 0.998801 0.00119853
4 0.967824 0.0321763
4 0.999778 0.000221825
4 0.983108 0.0168921
4 0.995608 0.00439176
3 4.71852e-05 0.999953
3 9.5441e-06 0.99999
4 0.999966 3.44525e-05
4 0.99934 0.000660147
4 0.99741 0.00258981
4 0.914511 0.0854893
4 0.914779 0.0852206
3 1.60811e-06 0.999998
3 0.00178051 0.998219
3 0.000177988 0.999822
3 8.80667e-07 0.999999
3 0.00836429 0.991636
4 0.939994 0.0600062
4 0.958947 0.0410534
3 0.00896129 0.991039
4 0.738534 0.261466
3 0.49876 0.50124
4 0.998166 0.00183405
4 0.963593 0.0364068
4 0.966308 0.0336917
3 0.0866542 0.913346
4 0.999999 1.386e-06
4 0.889203 0.110797
4 0.999296 0.000703857
4 0.999839 0.000160585
3 1.82632e-07 1
4 0.640321 0.359679
4 0.995393 0.00460723
3 5.70765e-06 0.999994
4 0.524454 0.475546
4 0.97913 0.02087
3 0.0542854 0.945715
4 0.993197 0.00680318
4 0.529801 0.470199
4 0.999994 5.80723e-06
4 0.990781 0.00921927
4 0.996109 0.00389057
4 0.975426 0.0245741
4 0.870587 0.129413
4 0.975204 0.0247958
3 0.258534 0.741466
4 0.935337 0.0646629
3 0.0311335 0.968867
4 0.629359 0.370641
4 0.952074 0.0479259
4 0.963788 0.0362119
4 0.900941 0.0990591
3 7.5536e-05 0.999924
4 0.589913 0.410087
4 0.98436 0.0156396
4 0.993101 0.00689871
3 0.00316803 0.996832
4 0.85298 0.14702
4 0.987445 0.0125549
3 0.000697027 0.999303
4 0.996313 0.00368694
4 0.9711 0.0289
4 0.973238 0.0267619
4 0.51136 0.48864
4 0.999037 0.000962842
4 0.958101 0.0418987
3 2.52263e-07 1
4 0.969401 0.0305988
3 0.366533 0.633467
3 0.201418 0.798582
4 0.999521 0.000479165
4 0.985933 0.0140667
4 0.980706 0.0192942
4 0.953843 0.0461573
3 5.65944e-06 0.999994
4 0.8638 0.1362
3 0.293922 0.706078
4 0.999872 0.000127912
3 0.422103 0.577897
4 0.526751 0.473249
4 0.936459 0.0635412
4 0.97513 0.0248701
3 8.01568e-06 0.999992
4 0.935577 0.0644234
3 0.40692 0.59308
4 0.987267 0.012733
4 0.998185 0.00181478
4 0.881937 0.118063
4 0.949169 0.0508306
3 0.000245884 0.999754
3 3.09694e-05 0.999969
3 1.10688e-05 0.999989
3 0.00188869 0.998111
3 1.95772e-06 0.999998
4 0.996745 0.00325502
3 0.000357 0.999643
4 0.688955 0.311045
4 0.996286 0.0037145
4 0.984389 0.0156111
4 0.998137 0.00186324
4 0.990396 0.00960391
4 0.980115 0.0198846
4 0.99982 0.000179929
3 0.0104075 0.989592
3 0.268648 0.731352
4 0.981128 0.0188721
4 0.979992 0.0200078
3 1e-07 1
3 9.55461e-06 0.99999
4 0.777382 0.222618
4 0.972028 0.027972
3 0.254994 0.745006
4 0.940452 0.0595478
4 0.981788 0.0182121
3 0.441999 0.558001
4 0.658138 0.341862
4 0.974047 0.0259533
3 5.88327e-05 0.999941
3 0.0560746 0.943925
4 0.997651 0.00234924
4 0.965385 0.0346148
4 0.985755 0.0142455
4 0.99935 0.000650256
4 0.956533 0.0434672
3 0.194871 0.805129
3 0.00433497 0.995665
3 0.000721711 0.999278
4 0.999836 0.000163889
3 0.0292728 0.970727
4 0.995282 0.00471796
4 0.752937 0.247063
4 0.882053 0.117947
4 0.999183 0.000816755
4 0.936191 0.0638091
3 2.39564e-07 1
4 1 4.12918e-07
3 8.35353e-07 0.999999
4 0.970648 0.0293521
3 1e-07 1
4 0.605489 0.394511
3 5.47329e-06 0.999995
4 0.996058 0.00394241
4 0.997811 0.00218871
4 0.999286 0.000714251
4 0.998554 0.00144555
3 1e-07 1
4 0.999423 0.00057714
4 0.972582 0.0274183
3 0.31418 0.68582
4 0.985907 0.0140926
4 0.9997 0.000299647
4 0.997317 0.00268301
4 0.988177 0.0118231
4 0.99351 0.00648979
3 0.0242938 0.975706
4 0.796889 0.203111
4 0.697964 0.302036
3 0.00020309 0.999797
4 0.620288 0.379712
3 0.0366021 0.963398
4 0.980557 0.0194427
4 0.999788 0.000211969
3 7.91571e-06 0.999992
3 1.36149e-05 0.999986
4 0.958535 0.0414649
3 0.000394375 0.999606
4 0.998622 0.00137824
3 0.409748 0.590252
4 0.911787 0.0882132
4 0.933988 0.0660118
4 0.987545 0.0124547
3 0.26336 0.73664
4 0.976325 0.0236754
4 0.99898 0.00101992
4 0.52314 0.47686
3 0.00694423 0.993056
3 0.102425 0.897575
4 0.917917 0.0820829
4 0.88227 0.11773
3 1.54833e-05 0.999985
4 0.980028 0.0199718
4 0.946101 0.0538993
4 0.98434 0.0156598
3 0.000177923 0.999822
3 0.373654 0.626346
4 0.997759 0.00224098
4 0.960331 0.0396687
4 0.742592 0.257408
3 0.105727 0.894273
4 0.964102 0.0358982
4 0.998915 0.00108531
3 0.162763 0.837237
3 0.00179438 0.998206
4 0.980908 0.0190924
4 0.991726 0.00827351
3 0.32985 0.67015
3 0.305696 0.694304
4 0.984967 0.0150326
3 0.00438459 0.995615
4 0.998501 0.00149936
4 0.983216 0.0167845
4 0.758919 0.241081
4 0.975807 0.0241928
3 0.154376 0.845624
3 0.0498401 0.95016
4 0.753189 0.246811
3 0.00472929 0.995271
4 0.999051 0.00094899
3 2.46291e-05 0.999975
3 6.97643e-07 0.999999
3 1e-07 1
4 0.886723 0.113277
4 0.986687 0.0133128
3 0.124332 0.875668
3 1.25678e-05 0.999987
3 0.311184 0.688816
4 0.978226 0.0217745
4 0.963645 0.0363553
4 0.999999 7.3314e-07
4 0.999016 0.000983797
3 0.357079 0.642921
3 6.4354e-07 0.999999
4 0.969005 0.0309954
4 0.981091 0.0189092
4 0.87719 0.12281
3 0.376041 0.623959
4 0.789758 0.210242
4 0.958843 0.0411567
3 0.000133291 0.999867
3 0.0172232 0.982777
4 0.979908 0.0200925
4 0.99506 0.00493982
4 0.977104 0.0228963
4 0.964957 0.0350427
4 0.99996 3.99263e-05
3 0.000127216 0.999873
4 0.910915 0.0890849
4 0.999411 0.000589325
4 0.99762 0.00237986
4 0.999686 0.000313907
3 5.16883e-06 0.999995
3 2.76299e-07 1
3 0.00456242 0.995438
3 2.35269e-07 1
4 0.941503 0.0584973
4 0.948714 0.051286
4 0.991897 0.00810283
4 0.9722 0.0277996
4 0.98168 0.0183203
4 0.975843 0.0241569
4 0.952513 0.0474867
4 0.997992 0.00200846
4 0.838004 0.161996
4 0.999006 0.000993569
4 0.999455 0.000545125
4 0.973679 0.026321
4 0.915947 0.0840532
3 0.275222 0.724778
3 0.00641203 0.993588
4 0.937585 0.0624152
4 0.950272 0.0497282
4 0.958481 0.0415193
3 0.29526 0.70474
4 0.985826 0.0141737
3 0.446337 0.553663
4 0.99992 8.04908e-05
4 0.879424 0.120576
3 0.0667301 0.93327
4 0.958093 0.0419073
4 0.970803 0.0291969
3 0.0457719 0.954228
3 2.26331e-05 0.999977
4 0.881472 0.118528
4 0.939677 0.0603232
4 0.982359 0.0176414
3 1.82147e-07 1
4 0.998958 0.00104206
4 0.982226 0.0177741
4 0.972796 0.0272042
4 0.826049 0.173951
3 0.204558 0.795442
4 0.74043 0.25957
3 0.000129684 0.99987
4 0.996625 0.00337479
4 0.988146 0.0118541
3 1.35685e-05 0.999986
3 0.00184541 0.998155
4 0.947283 0.0527174
4 0.995876 0.00412422
4 0.966577 0.0334227
4 0.996797 0.00320268
4 0.974551 0.0254495
4 0.888303 0.111697
4 0.999594 0.000406141
4 0.739283 0.260717
4 0.903842 0.0961583
4 0.99904 0.000960299
4 0.999946 5.39137e-05
4 0.985093 0.0149075
4 0.923745 0.0762546
3 0.0144303 0.98557
4 0.997883 0.00211684
3 0.00188763 0.998112
4 0.98417 0.0158295
4 0.928788 0.0712122
3 1.55153e-05 0.999984
4 0.994832 0.0051675
3 1e-07 1
3 4.07687e-05 0.999959
3 4.22981e-05 0.999958
4 0.998884 0.00111554
4 0.880773 0.119227
4 0.996814 0.00318646
3 4.52699e-05 0.999955
4 0.930469 0.0695312
4 0.981798 0.0182024
4 0.978935 0.0210651
3 2.24283e-06 0.999998
4 0.792331 0.207669
4 0.749556 0.250444
4 0.687718 0.312282
4 0.966905 0.0330955
4 0.982975 0.0170245
4 0.99599 0.00401043
4 0.856307 0.143693
4 0.979706 0.0202939
4 0.999306 0.00069367
4 0.999829 0.000170889
4 0.578333 0.421667
4 0.984791 0.0152089
4 0.850136 0.149864
4 0.998662 0.00133767
4 0.977667 0.022333
3 0.0245755 0.975425
3 0.00268194 0.997318
4 0.952643 0.0473572
3 1.7671e-06 0.999998
4 0.879351 0.120649
3 2.63484e-07 1
4 0.828321 0.171679
4 0.928403 0.0715968
4 1 1e-07
4 0.980584 0.019416
3 1.37383e-05 0.999986
4 0.855407 0.144593
3 0.00016849 0.999832
3 0.000375655 0.999624
3 0.431119 0.568881
4 0.942403 0.0575967
4 0.967081 0.0329192
4 0.580385 0.419615
4 0.998898 0.00110176
3 0.217585 0.782415
3 8.67913e-05 0.999913
3 0.0378902 0.96211
4 0.883532 0.116468
3 7.87652e-05 0.999921
3 5.38593e-05 0.999946
3 0.00352928 0.996471
3 0.154389 0.845611
3 8.24947e-05 0.999918
4 0.999761 0.00023899
4 0.978824 0.0211765
4 0.895641 0.104359
4 0.997936 0.00206379
4 0.973199 0.0268014
4 0.998823 0.00117746
4 0.62789 0.37211
4 0.975453 0.0245474
3 0.000291113 0.999709
4 0.775465 0.224535
4 0.961137 0.0388631
4 0.964906 0.0350942
4 0.999982 1.81682e-05
4 0.972475 0.027525
4 0.910992 0.0890083
4 0.952452 0.0475475
4 0.595504 0.404496
3 0.394193 0.605807
4 0.970647 0.029353
4 0.937456 0.0625441
4 0.593057 0.406943
4 0.793861 0.206139
4 0.982427 0.0175732
3 0.00135578 0.998644
3 0.00241748 0.997583
4 0.988388 0.0116117
3 0.00111428 0.998886
4 0.999066 0.000933796
3 0.00461173 0.995388
4 0.99511 0.00489017
3 1.06908e-07 1
4 0.977253 0.0227474
3 0.330278 0.669722
4 0.963475 0.0365253
4 0.932706 0.0672942
4 0.949338 0.0506618
4 0.983587 0.016413
4 0.976583 0.0234169
4 0.998404 0.00159599
3 1e-07 1
4 0.827233 0.172767
4 0.994375 0.00562464
4 0.96075 0.0392497
3 0.000270393 0.99973
4 0.816549 0.183451
4 0.724592 0.275408
4 0.711431 0.288569
3 0.158302 0.841698
4 0.981641 0.0183589
4 0.972823 0.0271767
4 0.997453 0.0025471
3 1.80735e-05 0.999982
4 0.999996 3.78258e-06
4 0.869603 0.130397
3 0.00760944 0.992391
3 5.52842e-05 0.999945
3 0.0158638 0.984136
4 0.978306 0.0216942
4 0.924538 0.0754624
4 0.724725 0.275275
3 1e-07 1
4 0.999976 2.39089e-05
4 1 1e-07
3 0.00996029 0.99004
4 0.99847 0.00152956
4 0.986808 0.0131925
4 0.970878 0.0291217
4 0.676556 0.323444
3 0.389598 0.610402
4 0.568993 0.431007
3 2.09676e-05 0.999979
3 0.422495 0.577505
3 0.000783708 0.999216
3 0.155499 0.844501
4 0.99379 0.00620975
4 0.999997 2.89717e-06
3 0.418556 0.581444
4 0.998235 0.0017647
4 0.890844 0.109156
4 0.999023 0.000977171
4 0.979315 0.0206852
4 0.861419 0.138581
4 0.683774 0.316226
4 0.99927 0.00073025
4 0.923667 0.0763334
3 8.09546e-06 0.999992
4 0.999204 0.000796319
4 0.999963 3.68368e-05
3 0.0237915 0.976208
3 1.46537e-05 0.999985
4 0.719339 0.280661
4 0.99894 0.00105997
4 0.61707 0.38293
4 0.948861 0.0511389
3 0.0593104 0.94069
3 0.229956 0.770044
4 0.947873 0.0521273
3 0.061681 0.938319
4 0.994025 0.00597548
4 0.876125 0.123875
4 0.98012 0.0198796
4 0.940205 0.0597951
4 0.954728 0.0452715
4 0.997733 0.00226709
4 0.999912 8.83049e-05
3 0.478719 0.521281
4 0.875639 0.124361
4 0.63631 0.36369
3 0.0623673 0.937633
4 0.996884 0.00311577
4 0.980223 0.0197772
4 0.969475 0.0305247
4 0.9738 0.0262001
4 0.909217 0.0907832
4 0.963109 0.0368913
4 0.997617 0.00238321
4 0.949675 0.0503247
3 9.48489e-06 0.999991
4 0.999694 0.000305759
3 5.93958e-05 0.999941
4 0.999575 0.000425492
3 0.203096 0.796904
4 0.827217 0.172783
4 0.98069 0.0193096
4 0.804935 0.195065
3 0.00434154 0.995658
4 0.992538 0.00746159
3 0.02356 0.97644
3 0.318935 0.681065
4 0.954873 0.0451274
4 0.807596 0.192404
3 0.100516 0.899484
3 0.00493503 0.995065
4 0.987993 0.0120071
4 0.999646 0.00035401
4 0.717943 0.282057
3 0.000446648 0.999553
4 0.923834 0.0761659
4 0.998896 0.00110442
3 7.46332e-05 0.999925
4 0.974632 0.0253683
4 0.998695 0.00130475
3 0.257574 0.742426
4 0.999388 0.000611639
3 0.381735 0.618265
4 0.892185 0.107815
4 0.939598 0.0604021
3 6.57449e-05 0.999934
4 0.902209 0.0977908
4 0.999646 0.000353999
4 0.989546 0.0104542
3 0.000326799 0.999673
4 0.994321 0.00567928
4 0.99933 0.000670445
4 0.999195 0.000805233
4 0.725469 0.274531
4 0.99171 0.00829004
4 0.970506 0.0294943
4 0.956634 0.0433656
3 0.254858 0.745142
4 0.942379 0.0576213
3 2.71746e-05 0.999973
4 0.998537 0.00146334
4 0.998964 0.00103575
4 0.995089 0.00491128
4 0.766998 0.233002
3 0.0263183 0.973682
3 0.00624268 0.993757
4 0.922141 0.0778587
4 0.999994 6.07872e-06
4 0.86725 0.13275
4 0.980815 0.0191848
3 3.61912e-07 1
3 0.000178534 0.999821
4 0.998327 0.00167349
4 0.998105 0.00189497
4 0.935276 0.0647242
4 0.999665 0.00033492
3 0.00852959 0.99147
3 0.00232178 0.997678
3 1.66939e-06 0.999998
3 0.352767 0.647233
4 0.949414 0.0505861
4 0.644962 0.355038
4 0.999573 0.000426673
3 6.1694e-05 0.999938
4 0.94183 0.0581701
4 0.951775 0.0482247
4 0.900357 0.0996429
4 0.62111 0.37889
4 0.547988 0.452012
4 0.522546 0.477454
4 0.937198 0.0628022
4 0.99836 0.00163951
3 3.74074e-06 0.999996
4 0.967595 0.0324055
4 0.999998 1.52408e-06
4 0.982928 0.0170723
4 0.998345 0.0016546
4 0.999819 0.000181072
3 8.83104e-05 0.999912
3 0.00400646 0.995994
4 0.999987 1.25371e-05
4 0.994466 0.00553445
4 0.914531 0.0854686
4 0.981416 0.018584
3 0.000884682 0.999115
4 0.957391 0.0426091
4 0.975561 0.0244392
4 0.89749 0.10251
4 0.984236 0.015764
4 0.947604 0.0523959
4 0.992337 0.00766284
4 0.996206 0.00379419
4 0.996868 0.00313226
3 2.60402e-06 0.999997
4 0.88551 0.11449
3 0.000127931 0.999872
4 0.982019 0.017981
4 0.966092 0.0339078
3 0.0944176 0.905582
4 0.981694 0.018306
3 0.128729 0.871271
3 3.08501e-07 1
3 0.00427798 0.995722
3 0.000499519 0.9995
4 0.999432 0.000568012
4 0.843303 0.156697
4 0.96879 0.0312102
4 0.999802 0.00019779
3 0.243902 0.756098
4 0.999995 4.63589e-06
3 0.00698975 0.99301
3 0.0380185 0.961981
3 8.4485e-06 0.999992
4 0.997569 0.00243057
3 0.442856 0.557144
3 0.0353966 0.964603
4 0.994368 0.00563187
4 0.771123 0.228877
3 8.53475e-05 0.999915
4 0.807848 0.192152
4 0.996218 0.00378237
3 0.000295995 0.999704
4 0.979343 0.0206571
4 0.95832 0.0416802
4 0.933139 0.0668614
4 0.999989 1.1046e-05
3 0.353141 0.646859
3 0.00255375 0.997446
4 0.981576 0.0184243
4 0.855024 0.144976
4 0.878497 0.121503
4 0.935578 0.0644216
3 7.14765e-05 0.999929
4 0.976564 0.023436
4 0.96592 0.0340804
3 8.62893e-05 0.999914
3 1.32478e-06 0.999999
3 4.23717e-05 0.999958
3 0.00080484 0.999195
3 0.489113 0.510887
4 0.980297 0.0197028
4 0.87297 0.12703
4 0.942142 0.0578581
4 0.891009 0.108991
4 0.969434 0.0305661
3 0.000871656 0.999128
4 0.998749 0.00125105
4 0.996038 0.00396175
4 0.999936 6.4472e-05
3 1.81699e-05 0.999982
4 0.986862 0.0131379
4 0.731672 0.268328
3 0.0558525 0.944148
3 0.00957403 0.990426
3 7.6481e-05 0.999924
3 0.00429064 0.995709
4 0.994451 0.0055491
3 1.7562e-05 0.999982
4 0.863756 0.136244
4 0.985535 0.0144647
3 0.000121314 0.999879
4 0.906166 0.0938343
3 0.167991 0.832009
4 0.978162 0.0218377
3 0.000157256 0.999843
4 0.726825 0.273175
4 0.999984 1.55082e-05
4 0.999662 0.000337731
4 0.979487 0.0205128
3 0.372017 0.627983
3 0.365932 0.634068
4 0.995543 0.00445706
3 0.32995 0.67005
3 0.000307619 0.999692
4 0.981308 0.0186923
4 0.615556 0.384444
3 0.0070301 0.99297
4 0.982501 0.0174986
4 0.979953 0.0200469
3 7.23286e-05 0.999928
4 0.809076 0.190924
4 0.951959 0.0480406
4 0.97025 0.0297501
3 0.219453 0.780547
3 3.24186e-07 1
4 0.998512 0.00148757
4 0.955955 0.0440449
3 1.39845e-05 0.999986
3 0.000223255 0.999777
3 0.374693 0.625307
3 0.137833 0.862167
4 0.997462 0.0025375
4 0.9398 0.0601997
3 2.09292e-05 0.999979
4 0.952959 0.0470409
4 0.999024 0.000976356
3 0.000249469 0.999751
4 0.999697 0.000303323
4 0.950544 0.0494564
4 0.998026 0.00197419
3 3.9608e-07 1
4 0.99754 0.00245953
4 0.923283 0.0767167
3 1.26553e-07 1
3 2.81442e-06 0.999997
3 0.000113426 0.999887
4 0.978578 0.0214216
4 0.998546 0.00145437
4 0.796985 0.203015
4 0.912584 0.0874163
4 0.968895 0.0311048
3 0.00362277 0.996377
3 4.56939e-06 0.999995
4 0.978007 0.021993
4 0.997193 0.00280702
3 0.206907 0.793093
3 0.389851 0.610149
4 0.999731 0.000269226
4 0.9763 0.0236997
4 0.999857 0.00014343
4 0.98748 0.0125196
4 0.980841 0.019159
4 0.990541 0.00945914
4 0.861842 0.138158
4 0.975023 0.0249768
4 0.999622 0.00037827
4 0.998272 0.00172807
3 0.00616618 0.993834
3 0.125532 0.874468
3 4.13101e-05 0.999959
4 0.973535 0.0264649
4 0.735783 0.264217
3 0.00030783 0.999692
3 8.89787e-06 0.999991
4 0.894806 0.105194
4 0.958032 0.0419682
4 0.982347 0.0176531
4 0.947475 0.0525248
3 0.352744 0.647256
3 9.27173e-05 0.999907
4 0.998525 0.00147533
4 0.952047 0.0479525
3 0.10742 0.89258
4 0.921527 0.0784726
4 0.94008 0.0599195
3 0.000327707 0.999672
4 0.9978 0.00220034
4 0.748763 0.251237
4 0.996726 0.00327368
4 0.976199 0.023801
4 0.767749 0.232251
4 0.952495 0.0475051
4 0.985114 0.0148857
3 5.85392e-06 0.999994
3 1e-07 1
4 0.950396 0.0496043
3 1.0333e-05 0.99999
3 3.03243e-07 1
4 0.84605 0.15395
4 0.823374 0.176626
4 0.977627 0.0223726
3 0.00861957 0.99138
3 0.37361 0.62639
4 0.875639 0.124361
4 0.982621 0.0173795
4 0.999104 0.000895669
3 0.130299 0.869701
4 0.997157 0.0028433
4 0.986707 0.0132935
3 0.0739824 0.926018
4 0.777356 0.222644
4 0.999994 6.49709e-06
3 2.38269e-06 0.999998
3 0.194793 0.805207
4 0.991802 0.00819812
4 0.653994 0.346006
4 0.998858 0.00114198
3 0.330064 0.669936
4 0.967135 0.0328652
3 0.00136864 0.998631
4 0.997544 0.0024564
3 0.321464 0.678536
4 0.973901 0.0260992
4 0.97503 0.0249697
4 0.969601 0.0303989
4 0.93607 0.0639301
4 0.987668 0.0123318
4 0.979797 0.0202027
4 0.972279 0.0277213
4 0.998884 0.00111568
3 0.0881375 0.911862
4 0.999721 0.000278841
4 0.750052 0.249948
4 0.988112 0.0118882
4 0.915932 0.084068
4 0.999946 5.37325e-05
3 0.000152605 0.999847
4 0.99904 0.00095975
3 0.00252813 0.997472
3 1e-07 1
4 0.957419 0.0425814
3 0.262168 0.737832
4 0.993245 0.00675491
3 0.000416211 0.999584
4 0.90287 0.09713
3 0.000197992 0.999802
4 0.872214 0.127786
3 1e-07 1
4 0.588673 0.411327
4 0.924154 0.0758463
4 0.999945 5.54998e-05
4 0.999935 6.52491e-05
4 0.995282 0.00471798
3 1.56362e-05 0.999984
4 0.98793 0.0120702
4 0.96977 0.0302304
3 0.232666 0.767334
4 0.567523 0.432477
3 0.0126023 0.987398
4 0.984249 0.0157506
3 2.92899e-07 1
4 0.999926 7.3788e-05
3 0.164404 0.835596
4 0.708948 0.291052
4 0.980021 0.0199794
4 0.987952 0.0120484
4 0.997783 0.00221698
3 0.000398782 0.999601
4 0.744897 0.255103
3 0.0154489 0.984551
4 0.508295 0.491705
4 0.954354 0.0456458
4 0.979743 0.0202572
4 0.949548 0.0504517
4 0.951836 0.0481639
4 0.952988 0.0470117
4 0.999985 1.46558e-05
4 0.974234 0.0257655
3 0.293736 0.706264
4 0.988213 0.0117871
4 0.997486 0.00251368
3 1.4321e-07 1
4 0.997115 0.00288502
4 0.999182 0.000817931
4 0.972889 0.0271114
4 0.821014 0.178986
3 1e-07 1
3 0.000547994 0.999452
4 0.99762 0.00238023
4 0.983294 0.0167063
4 0.999679 0.000321444
3 4.36499e-07 1
4 0.971902 0.0280981
4 0.998759 0.00124142
4 0.970512 0.0294882
4 0.99995 4.95672e-05
4 0.999998 2.33413e-06
3 1.04865e-05 0.99999
3 0.000250207 0.99975
3 0.404021 0.595979
3 9.58696e-06 0.99999
3 2.48112e-06 0.999998
4 0.992629 0.00737067
3 0.279787 0.720213
3 0.00741691 0.992583
4 0.970463 0.0295374
3 2.20646e-07 1
3 6.1357e-07 0.999999
4 0.963921 0.0360791
4 0.941157 0.0588427
4 0.789665 0.210335
4 0.998508 0.00149211
4 0.987833 0.0121673
3 0.04038 0.95962
3 0.0011673 0.998833
4 0.827416 0.172584
4 0.999902 9.81578e-05
4 0.981887 0.0181127
4 0.998495 0.00150513
4 0.989391 0.0106095
3 0.0336562 0.966344
4 0.982132 0.0178682
4 0.999907 9.29639e-05
3 2.6203e-05 0.999974
4 0.995216 0.00478359
4 0.97672 0.0232805
3 2.08483e-05 0.999979
3 1.1131e-06 0.999999
4 0.818919 0.181081
4 0.984576 0.0154244
3 0.112768 0.887232
4 0.98419 0.0158095
3 0.140159 0.859841
4 0.951173 0.0488272
4 0.999939 6.0689e-05
4 0.999811 0.000188966
4 0.961259 0.0387406
4 0.973795 0.0262052
4 0.980894 0.019106
3 0.00655744 0.993443
4 0.995 0.00500014
3 0.289981 0.710019
4 0.99172 0.00827963
3 0.0981254 0.901875
4 0.589417 0.410583
4 0.969455 0.0305448
4 0.970133 0.0298666
4 0.999891 0.000109249
4 0.998284 0.00171569
4 0.954981 0.0450192
3 1.91634e-06 0.999998
4 0.794728 0.205272
4 0.908975 0.0910254
3 0.140648 0.859352
4 0.998793 0.00120689
3 0.035716 0.964284
4 0.999803 0.0001973
4 0.970811 0.0291886
4 0.999046 0.000954121
4 0.975276 0.0247244
4 0.715242 0.284758
4 0.999046 0.000954489
4 0.944788 0.0552118
4 0.983552 0.0164478
4 0.985351 0.0146491
4 0.999135 0.000865166
4 0.95707 0.0429298
4 0.682188 0.317812
4 0.536263 0.463737
4 0.978386 0.0216143
4 0.949102 0.0508979
4 0.998209 0.00179133
4 0.997626 0.0023737
4 0.99999 9.64245e-06
3 0.00282799 0.997172
4 0.967037 0.0329631
4 0.998182 0.00181794
4 0.999994 5.86448e-06
4 0.989059 0.0109413
3 1e-07 1
4 0.582001 0.417999
3 1e-07 1
4 0.995878 0.00412154
4 0.968332 0.0316677
3 2.33908e-06 0.999998
4 0.874973 0.125027
4 0.908636 0.0913637
3 7.77968e-05 0.999922
4 0.980464 0.0195359
4 0.961598 0.0384018
4 0.982038 0.0179616
4 0.540078 0.459922
3 0.00458843 0.995412
4 0.996666 0.00333388
4 0.999344 0.000655989
4 0.779496 0.220504
3 0.00406839 0.995932
3 0.00191054 0.998089
3 0.000121886 0.999878
3 2.63013e-05 0.999974
4 0.928879 0.0711212
4 0.521194 0.478806
4 0.979631 0.0203692
4 0.861377 0.138623
3 0.000287175 0.999713
3 6.8032e-05 0.999932
4 0.984139 0.0158611
4 0.990439 0.00956088
4 0.998738 0.00126187
4 0.999971 2.88453e-05
4 0.999635 0.000364732
3 0.237434 0.762566
4 0.992984 0.00701632
3 0.211518 0.788482
4 0.761652 0.238348
4 0.979796 0.0202035
4 0.662901 0.337099
4 0.986766 0.0132344
3 0.000306909 0.999693
3 4.90778e-05 0.999951
4 0.959094 0.0409061
4 0.978636 0.0213643
4 0.927645 0.072355
3 5.68376e-05 0.999943
4 0.969576 0.0304237
3 0.00374731 0.996253
4 1 1e-07
4 0.999732 0.000267913
4 0.998737 0.00126338
3 0.00112948 0.998871
4 0.922923 0.0770769
4 0.891505 0.108495
4 0.967171 0.0328294
4 0.850101 0.149899
4 0.994874 0.00512627
4 0.983815 0.0161852
3 0.000163961 0.999836
4 0.999774 0.000226048
4 0.81722 0.18278
4 0.895606 0.104394
3 0.00260448 0.997396
4 0.976394 0.0236059
3 1.3452e-07 1
3 0.229274 0.770726
3 0.0405029 0.959497
4 0.977524 0.0224761
4 0.977851 0.0221488
4 0.998837 0.00116294
4 0.976692 0.0233082
3 0.00115288 0.998847
3 2.89635e-06 0.999997
4 0.99965 0.000349842
4 0.980364 0.0196363
3 0.103467 0.896533
4 0.998292 0.00170768
4 0.562909 0.437091
4 0.825897 0.174103
4 0.970115 0.0298849
4 0.962938 0.0370619
4 0.999741 0.000258739
3 0.000772914 0.999227
4 0.998719 0.00128102
3 0.15885 0.84115
3 3.56917e-07 1
4 0.971615 0.0283847
3 0.270184 0.729816
4 0.912638 0.0873619
3 0.493736 0.506264
4 0.95065 0.0493496
4 0.506222 0.493778
4 0.952268 0.0477323
4 0.971121 0.0288786
3 0.000383587 0.999616
3 0.46918 0.53082
3 0.00591084 0.994089
3 0.256086 0.743914
4 0.972552 0.0274483
4 0.991272 0.00872758
4 0.929462 0.0705377
4 0.536025 0.463975
4 0.691211 0.308789
4 0.973348 0.0266523
4 0.999986 1.35961e-05
4 0.996705 0.00329526
4 0.960874 0.0391264
4 0.951428 0.0485718
4 0.999133 0.000867307
3 0.110552 0.889448
3 1e-07 1
3 0.0560726 0.943927
3 3.64775e-06 0.999996
3 0.00242804 0.997572
3 5.05313e-07 0.999999
3 0.258535 0.741465
3 2.70688e-06 0.999997
3 2.06875e-06 0.999998
4 0.876025 0.123975
4 0.970788 0.0292124
4 0.956589 0.0434106
4 0.603347 0.396653
4 0.999984 1.62376e-05
4 0.807607 0.192393
4 0.986808 0.0131919
4 0.976083 0.023917
4 0.981543 0.0184574
4 0.999962 3.75989e-05
4 0.967162 0.0328376
4 0.992445 0.00755502
4 0.996184 0.00381566
4 0.983704 0.0162961
3 0.00313087 0.996869
4 0.993292 0.00670828
4 0.998932 0.00106791
4 0.99936 0.000640021
3 5.55259e-06 0.999994
3 1e-07 1
4 0.999882 0.000117809
4 0.948684 0.051316
3 0.164069 0.835931
4 0.989082 0.010918
4 0.976244 0.0237557
4 0.99843 0.00157014
4 0.978724 0.0212759
4 0.832797 0.167203
4 0.976874 0.0231258
4 0.998567 0.001433
4 0.980572 0.0194282
3 0.16618 0.83382
4 0.996004 0.00399587
4 0.999147 0.000853367
4 0.975728 0.0242719
3 0.121379 0.878621
4 0.994395 0.00560544
4 0.976226 0.0237738
4 0.998745 0.00125517
4 0.968859 0.0311407
3 0.0265571 0.973443
4 0.983512 0.0164883
4 0.720142 0.279858
3 0.0320002 0.968
4 0.788084 0.211916
3 0.0391443 0.960856
3 0.000162126 0.999838
3 0.00151016 0.99849
4 0.976558 0.0234421
3 0.440455 0.559545
4 0.986179 0.0138211
4 0.825573 0.174427
4 0.985456 0.0145435
3 1e-07 1
4 0.919281 0.0807187
3 0.000306854 0.999693
3 0.0635151 0.936485
4 0.999397 0.000602664
4 0.992698 0.00730157
3 0.235899 0.764101
4 0.998587 0.00141305
4 0.979787 0.0202126
3 4.04332e-06 0.999996
4 0.888324 0.111676
3 6.12606e-07 0.999999
4 0.955355 0.0446447
4 0.965448 0.0345523
4 0.999066 0.000933889
3 4.04013e-05 0.99996
4 0.981239 0.0187611
3 0.215858 0.784142
4 0.993926 0.00607372
4 0.979945 0.0200551
4 0.999024 0.000976499
4 0.982249 0.0177514
4 0.924838 0.0751618
4 0.88993 0.11007
3 5.61872e-05 0.999944
3 2.06488e-05 0.999979
4 0.999983 1.65756e-05
4 0.994631 0.00536942
4 0.857642 0.142358
4 0.918163 0.0818366
3 0.233995 0.766005
3 0.0067649 0.993235
3 0.303784 0.696216
4 0.989923 0.0100766
4 0.988588 0.0114118
4 0.981629 0.0183713
4 0.925321 0.0746794
3 0.00389011 0.99611
4 0.964314 0.035686
3 5.13566e-07 0.999999
3 0.165593 0.834407
3 0.429784 0.570216
4 0.998528 0.00147191
4 0.940639 0.0593606
3 3.17698e-06 0.999997
4 0.999942 5.83612e-05
3 0.000726881 0.999273
4 0.996853 0.0031468
4 0.999728 0.000272345
4 0.916735 0.0832648
4 0.978856 0.021144
4 0.977098 0.0229019
4 0.953867 0.0461327
4 0.968041 0.031959
3 4.35774e-05 0.999956
4 0.987779 0.012221
4 0.997756 0.00224438
4 0.934198 0.0658018
3 0.00131527 0.998685
4 0.969342 0.0306581
3 2.81366e-06 0.999997
4 0.580463 0.419537
3 0.0319674 0.968033
3 1e-07 1
4 0.982822 0.0171777
4 0.98078 0.0192204
4 0.906236 0.0937642
4 0.994522 0.00547832
4 0.980857 0.0191429
3 4.69315e-06 0.999995
4 0.955032 0.0449682
4 0.985343 0.014657
4 0.998498 0.00150216
3 0.0108035 0.989197
4 0.862755 0.137245
3 0.000316132 0.999684
3 1.28222e-06 0.999999
4 0.968847 0.0311534
4 0.999627 0.000372586
4 0.757982 0.242018
4 0.998241 0.00175922
4 0.977594 0.0224056
4 0.996169 0.00383055
4 0.999978 2.21326e-05
3 0.00103697 0.998963
4 0.985866 0.0141338
4 0.975888 0.0241122
3 0.0183504 0.98165
3 3.21011e-07 1
4 0.986187 0.0138134
4 0.998408 0.00159214
3 4.70537e-05 0.999953
3 5.10819e-06 0.999995
4 0.998267 0.00173259
4 1 2.39179e-07
4 0.732745 0.267255
3 0.204902 0.795098
4 0.84391 0.15609
4 0.944112 0.0558875
3 0.0174394 0.982561
4 0.980517 0.0194834
4 0.975109 0.0248909
3 0.0236738 0.976326
4 0.837702 0.162298
4 0.975316 0.0246843
4 0.971744 0.0282559
4 0.9699 0.0301001
4 0.897106 0.102894
3 0.000134341 0.999866
4 0.93402 0.0659798
4 0.999672 0.000327915
3 0.0117311 0.988269
4 0.998968 0.00103209
3 5.02549e-05 0.99995
4 0.986364 0.0136356
4 0.532236 0.467764
3 0.000180245 0.99982
3 0.00111853 0.998881
3 0.0868631 0.913137
3 1.62051e-05 0.999984
3 1.14093e-06 0.999999
4 0.99851 0.00148969
4 0.959981 0.0400188
4 0.826659 0.173341
4 0.996723 0.00327731
4 0.999681 0.00031851
4 0.981132 0.0188681
4 0.999738 0.000262332
4 0.999929 7.07666e-05
3 0.00128867 0.998711
3 2.36448e-05 0.999976
3 1.39606e-05 0.999986
3 0.000235768 0.999764
4 0.981443 0.0185571
4 0.997826 0.00217428
3 0.0054473 0.994553
4 0.994971 0.0050286
4 0.952821 0.047179
3 0.0963641 0.903636
4 0.620894 0.379106
4 0.913143 0.0868568
4 0.975755 0.0242451
4 0.977326 0.0226738
4 0.977504 0.0224957
4 0.63229 0.36771
3 3.84522e-06 0.999996
4 0.996706 0.0032942
4 0.896707 0.103293
4 0.96764 0.0323599
3 0.0991652 0.900835
4 0.815756 0.184244
3 0.0549126 0.945087
3 0.0176508 0.982349
4 0.997517 0.00248347
4 0.886825 0.113175
4 0.997822 0.00217752
4 0.98556 0.0144404
4 0.979057 0.020943
4 0.998611 0.00138943
4 0.673124 0.326876
4 0.594689 0.405311
4 0.948139 0.0518613
3 0.000144955 0.999855
4 0.999457 0.000542695
3 3.83994e-05 0.999962
3 0.000748387 0.999252
3 0.0372629 0.962737
4 0.998429 0.00157125
4 0.969555 0.0304451
3 3.38305e-07 1
4 0.964119 0.0358814
3 0.0138776 0.986122
4 0.996822 0.00317806
4 0.92142 0.0785799
4 0.585991 0.414009
4 0.974476 0.0255241
3 0.000379783 0.99962
4 0.990702 0.00929821
3 9.54624e-05 0.999905
3 0.156044 0.843956
4 0.999364 0.000636452
4 0.999923 7.7018e-05
4 0.977238 0.0227619
3 7.4116e-07 0.999999
3 0.00392925 0.996071
3 0.0602179 0.939782
4 0.786873 0.213127
4 0.999903 9.73964e-05
4 0.887783 0.112217
4 0.999964 3.58601e-05
3 5.38652e-06 0.999995
4 0.999996 3.82101e-06
3 0.00454832 0.995452
4 0.992794 0.00720634
4 0.972541 0.0274593
4 0.997855 0.00214498
4 0.978599 0.0214013
3 0.377792 0.622208
4 0.971604 0.0283964
3 0.397184 0.602816
4 0.822334 0.177666
3 6.41414e-07 0.999999
4 0.998065 0.00193497
4 0.999999 1.04122e-06
3 0.000229865 0.99977
3 1e-07 1
4 0.811363 0.188637
4 0.999833 0.000167278
3 3.39401e-06 0.999997
4 0.938009 0.0619914
4 0.997709 0.0022915
3 2.30278e-05 0.999977
4 0.970488 0.0295118
4 0.679455 0.320545
4 0.85015 0.14985
4 0.972789 0.027211
3 1.31358e-05 0.999987
4 0.943299 0.0567014
3 0.000466568 0.999533
4 0.985576 0.0144235
4 0.966162 0.0338384
4 0.994057 0.00594342
4 0.997535 0.00246548
3 1.93182e-06 0.999998
4 0.990124 0.00987556
3 0.000297194 0.999703
4 0.714621 0.285379
4 0.931817 0.0681825
3 0.000266395 0.999734
4 0.964968 0.0350315
3 0.399409 0.600591
4 0.986462 0.013538
3 0.000248236 0.999752
4 0.806986 0.193014
4 0.954238 0.0457617
4 0.997083 0.00291697
3 0.00150049 0.9985
4 0.997215 0.00278478
3 0.113159 0.886841
4 0.996023 0.00397683
4 0.995596 0.00440448
4 0.988198 0.0118022
4 0.933502 0.066498
4 0.678644 0.321356
4 0.734823 0.265177
3 0.00121475 0.998785
4 0.95279 0.0472103
4 0.984649 0.015351
4 0.9977 0.00230011
3 0.000117859 0.999882
4 0.980934 0.0190657
3 5.34752e-05 0.999947
4 0.849292 0.150708
4 0.883791 0.116209
4 0.978227 0.0217731
4 0.997043 0.00295702
3 5.34549e-06 0.999995
4 0.58225 0.41775
4 0.922396 0.0776039
3 5.1618e-05 0.999948
3 0.44211 0.55789
3 0.00272218 0.997278
3 1.64966e-07 1
4 0.735807 0.264193
3 1.62114e-07 1
4 0.964629 0.035371
4 0.997266 0.00273446
4 0.956198 0.0438022
3 2.12644e-05 0.999979
4 0.999304 0.000696097
4 0.78391 0.21609
4 0.508049 0.491951
4 0.997511 0.00248923
3 0.0293496 0.97065
4 0.999268 0.000732071
3 3.03611e-05 0.99997
3 0.0233643 0.976636
4 0.989618 0.0103824
4 0.970678 0.0293216
3 0.249567 0.750433
4 0.985022 0.014978
4 0.643074 0.356926
4 0.981503 0.0184965
4 0.994358 0.00564231
3 0.0478307 0.952169
4 0.99019 0.00980959
4 0.972953 0.0270472
4 0.997995 0.00200495
4 0.543641 0.456359
4 0.752483 0.247517
4 0.998771 0.00122872
4 0.892414 0.107586
4 0.977123 0.0228766
3 0.235948 0.764052
3 0.105762 0.894238
4 0.800365 0.199635
4 0.990145 0.00985481
4 0.980168 0.0198317
3 6.30171e-05 0.999937
3 0.00940757 0.990592
3 0.000729659 0.99927
4 0.967259 0.0327411
4 0.970325 0.0296753
3 7.39291e-07 0.999999
3 1.20532e-06 0.999999
3 0.309911 0.690089
3 0.0103626 0.989637
4 0.998253 0.00174655
3 0.0323498 0.96765
4 0.987071 0.012929
4 0.999964 3.6021e-05
4 0.970021 0.0299795
3 1.22292e-05 0.999988
3 2.22479e-07 1
4 0.890374 0.109626
4 0.995024 0.0049757
4 0.956448 0.0435517
4 0.999463 0.000536645
3 1.77243e-07 1
4 0.608037 0.391963
4 0.956367 0.0436333
4 0.859035 0.140965
3 0.0118327 0.988167
4 0.903908 0.0960917
4 0.999298 0.000702316
4 0.983083 0.0169169
4 0.979614 0.0203861
4 0.97436 0.0256398
4 0.999649 0.000350773
4 0.988247 0.0117526
4 0.999802 0.000197785
4 0.867596 0.132404
3 6.74702e-06 0.999993
3 0.0323066 0.967693
3 0.286639 0.713361
4 0.979718 0.0202817
3 0.0956052 0.904395
3 0.0942385 0.905762
4 0.982225 0.0177747
3 4.93449e-05 0.999951
3 1e-07 1
4 0.692374 0.307626
4 0.651629 0.348371
4 0.879429 0.120571
3 0.367918 0.632082
4 0.980326 0.0196735
3 0.00306785 0.996932
3 0.261424 0.738576
3 0.47196 0.52804
4 0.603455 0.396545
3 0.399144 0.600856
4 0.995521 0.00447879
3 0.149128 0.850872
4 0.966305 0.0336951
4 0.977339 0.0226613
4 0.830563 0.169437
3 0.276031 0.723969
4 0.929085 0.0709151
4 0.996355 0.00364455
3 0.0404269 0.959573
3 0.359381 0.640619
4 0.999921 7.92834e-05
3 0.000312126 0.999688
4 0.999952 4.84471e-05
3 0.00207776 0.997922
3 0.000488494 0.999512
3 1e-07 1
4 0.999905 9.5211e-05
3 0.442926 0.557074
4 0.700047 0.299953
3 2.32166e-05 0.999977
4 0.916957 0.0830435
3 0.114805 0.885195
4 0.809073 0.190927
3 0.046972 0.953028
4 0.997132 0.00286777
4 0.999972 2.83793e-05
4 0.935551 0.0644489
4 0.998033 0.00196742
4 0.980148 0.0198524
4 0.995704 0.00429554
4 0.922437 0.0775634
3 0.000317368 0.999683
4 0.997717 0.00228294
4 0.98042 0.0195799
4 0.956871 0.0431287
4 0.644252 0.355748
4 0.998646 0.00135398
4 0.91812 0.0818799
4 0.998596 0.00140381
4 0.999227 0.00077321
4 0.997588 0.00241183
3 0.000609933 0.99939
4 0.507523 0.492477
4 0.952732 0.047268
4 0.933585 0.0664154
3 0.211662 0.788338
4 0.934588 0.0654118
3 0.00040349 0.999597
4 0.892693 0.107307
4 0.993283 0.00671679
4 0.998245 0.00175459
4 0.961454 0.0385459
3 1.14435e-06 0.999999
4 0.996612 0.00338751
3 0.3253 0.6747
3 1e-07 1
3 0.000144306 0.999856
4 0.974024 0.0259763
4 0.997219 0.00278103
4 0.981419 0.0185809
3 0.0741422 0.925858
3 0.016765 0.983235
3 0.186178 0.813822
3 0.00185709 0.998143
4 0.99999 1.04481e-05
4 0.999046 0.000954353
3 0.00014476 0.999855
4 0.916218 0.0837821
3 0.000204205 0.999796
4 0.985102 0.0148977
4 0.975794 0.0242056
3 0.00589656 0.994103
3 9.16671e-07 0.999999
4 0.972835 0.0271653
3 0.00183655 0.998163
4 0.998044 0.0019563
4 0.990081 0.00991948
3 0.00271374 0.997286
4 0.998932 0.0010676
4 0.975742 0.0242583
3 2.36975e-05 0.999976
4 0.99853 0.0014697
4 0.997078 0.00292192
4 0.953169 0.0468306
4 0.976048 0.023952
4 0.998368 0.00163237
3 0.349085 0.650915
4 0.977383 0.022617
3 0.0626797 0.93732
4 0.963058 0.036942
4 0.954451 0.045549
3 0.000154196 0.999846
4 0.944809 0.0551906
4 0.971313 0.0286869
3 0.0216431 0.978357
4 0.961982 0.0380183
4 0.998524 0.00147614
3 0.0531319 0.946868
3 0.0377155 0.962284
3 6.09018e-05 0.999939
4 0.989313 0.0106872
4 0.986647 0.0133529
4 0.936195 0.0638049
3 0.000125616 0.999874
3 0.494675 0.505325
3 0.0282053 0.971795
4 0.999228 0.000771659
4 0.999096 0.000904164
4 0.999256 0.000744271
3 0.416642 0.583358
3 0.267748 0.732252
4 0.994193 0.00580685
4 0.978287 0.0217126
4 0.978911 0.0210886
4 0.975611 0.0243887
4 0.509474 0.490526
4 0.72719 0.27281
3 0.000535386 0.999465
4 0.963509 0.0364912
3 0.214806 0.785194
4 0.997847 0.00215315
3 0.0239512 0.976049
4 0.996154 0.00384568
3 0.136578 0.863422
3 0.00218345 0.997817
4 0.877265 0.122735
4 0.998946 0.0010543
4 0.972978 0.0270225
3 4.43715e-06 0.999996
4 0.968899 0.0311014
4 0.990932 0.00906813
4 0.980273 0.0197274
4 0.991386 0.008614
3 1.07933e-05 0.999989
4 0.999105 0.000895444
4 0.98651 0.0134897
4 0.934491 0.0655094
4 0.999408 0.00059174
4 0.996624 0.00337615
3 3.92721e-07 1
3 0.00388866 0.996111
4 0.935413 0.0645869
4 0.998854 0.00114606
4 0.847607 0.152393
4 0.961576 0.0384242
4 0.995252 0.00474846
4 0.984118 0.0158817
4 0.693706 0.306294
3 6.24984e-06 0.999994
4 0.967374 0.0326258
3 1.75442e-06 0.999998
4 0.574362 0.425638
4 0.778773 0.221227
3 0.444084 0.555916
4 0.985008 0.014992
4 0.999992 8.08882e-06
3 0.317529 0.682471
4 0.999759 0.000240868
3 0.20446 0.79554
4 0.981697 0.0183033
3 0.0436531 0.956347
4 0.988072 0.0119281
4 0.997901 0.00209866
4 0.926769 0.0732313
4 0.945475 0.0545247
3 0.0739657 0.926034
4 0.999837 0.000163416
4 0.998154 0.00184576
3 0.33425 0.66575
3 1.33243e-05 0.999987
4 0.903783 0.0962167
4 0.999545 0.000454779
4 0.995578 0.00442173
4 0.986812 0.0131876
4 0.848691 0.151309
4 0.963882 0.0361179
3 0.148997 0.851003
3 2.15887e-06 0.999998
4 0.978279 0.0217208
4 0.989751 0.0102486
3 0.0995677 0.900432
4 0.997582 0.0024178
4 0.815317 0.184683
4 0.971577 0.0284233
3 0.000382648 0.999617
4 0.951391 0.0486094
4 0.999765 0.000235096
4 0.996442 0.00355817
3 0.0229864 0.977014
4 0.969797 0.0302029
3 0.00983945 0.990161
4 0.944327 0.055673
4 0.993355 0.00664459
4 0.993936 0.00606371
3 0.155609 0.844391
3 1.37651e-06 0.999999
3 0.128421 0.871579
4 0.997348 0.00265201
4 0.931087 0.0689131
4 0.987711 0.0122893
4 0.98983 0.0101705
4 0.567579 0.432421
4 0.985225 0.0147755
3 1e-07 1
3 0.0370308 0.962969
4 0.982782 0.0172176
3 0.0670014 0.932999
3 0.00288693 0.997113
4 0.999872 0.000127868
4 0.999247 0.000753383
4 0.959204 0.0407963
3 0.0077794 0.992221
4 0.841498 0.158502
4 0.787394 0.212606
4 0.999424 0.000575825
3 1e-07 1
3 8.22674e-05 0.999918
4 0.999999 1.07416e-06
3 0.0207938 0.979206
4 0.96433 0.0356701
4 0.986952 0.0130481
4 0.981033 0.0189672
3 2.52631e-05 0.999975
4 0.961897 0.0381029
4 0.642056 0.357944
4 0.997737 0.00226333
4 0.967286 0.0327137
4 0.916688 0.0833115
4 0.942375 0.0576252
4 0.894787 0.105213
3 0.000171601 0.999828
3 0.235485 0.764515
4 0.999995 5.08814e-06
3 0.0330118 0.966988
3 2.6458e-05 0.999974
4 0.996031 0.0039693
4 0.819053 0.180947
3 0.0161559 0.983844
4 0.976839 0.0231615
4 0.962511 0.037489
4 0.980555 0.0194453
4 0.984352 0.0156482
3 0.430624 0.569376
3 4.44924e-07 1
3 0.00128927 0.998711
3 5.15998e-07 0.999999
4 0.968176 0.0318235
4 0.980095 0.0199045
3 0.193154 0.806846
4 0.98212 0.0178798
4 0.996333 0.0036675
4 0.981083 0.0189169
4 0.977388 0.0226123
4 0.943346 0.0566543
4 0.830442 0.169558
3 1.6805e-05 0.999983
4 0.955788 0.044212
4 0.858841 0.141159
4 0.976061 0.0239389
4 0.97507 0.0249299
4 0.984671 0.015329
4 0.957775 0.0422246
4 0.924069 0.0759307
3 1e-07 1
4 0.979693 0.0203069
4 0.986558 0.0134418
3 0.0467005 0.9533
4 0.998243 0.00175737
3 0.00311121 0.996889
4 0.999993 7.44844e-06
4 0.9927 0.00729983
4 0.916189 0.083811
3 0.162448 0.837552
4 0.984252 0.0157479
4 0.990028 0.00997209
4 0.868897 0.131103
4 0.994262 0.00573769
3 4.41494e-06 0.999996
3 0.0301177 0.969882
3 0.00643706 0.993563
4 0.978056 0.0219439
3 0.460091 0.539909
4 0.989964 0.0100364
4 0.972879 0.0271206
4 0.978111 0.0218891
4 0.967955 0.0320452
3 0.175236 0.824764
4 0.9993 0.000699912
4 0.99677 0.00323043
3 0.000307289 0.999693
4 0.697295 0.302705
3 0.000869005 0.999131
3 7.23478e-07 0.999999
3 0.209991 0.790009
4 0.995957 0.00404261
3 0.0212108 0.978789
4 0.999834 0.000166125
4 0.999727 0.000272658
4 0.842941 0.157059
4 0.999927 7.33526e-05
3 2.08213e-05 0.999979
4 0.999702 0.000297583
4 0.96472 0.0352798
4 0.945354 0.0546456
4 0.938403 0.0615971
4 0.984273 0.0157273
4 0.972182 0.027818
3 0.0547611 0.945239
4 0.617362 0.382638
4 0.972086 0.0279145
3 0.00374504 0.996255
4 0.998757 0.00124322
3 2.53966e-05 0.999975
4 0.999999 7.73031e-07
3 0.000226184 0.999774
3 0.0028095 0.99719
3 1.23606e-05 0.999988
3 0.0863712 0.913629
3 2.25725e-06 0.999998
3 0.10151 0.89849
3 1e-07 1
4 0.988831 0.0111692
3 0.482367 0.517633
3 0.264584 0.735416
4 0.976198 0.0238023
3 0.025757 0.974243
3 4.28487e-05 0.999957
4 0.998526 0.00147424
3 0.433873 0.566127
3 0.0429036 0.957096
4 0.999944 5.56053e-05
3 0.0606034 0.939397
4 0.95472 0.04528
3 0.000397495 0.999603
3 0.0232174 0.976783
3 0.190154 0.809846
3 0.13481 0.86519
4 0.951215 0.0487853
3 0.0622927 0.937707
3 4.98668e-05 0.99995
4 0.997009 0.00299087
4 0.711521 0.288479
4 0.97839 0.0216096
3 0.00529702 0.994703
3 6.08171e-06 0.999994
4 0.841417 0.158583
4 0.999193 0.000806847
4 0.999525 0.000475164
3 0.00188143 0.998119
4 0.998421 0.00157927
3 0.00186684 0.998133
4 0.961936 0.0380643
4 0.917251 0.082749
3 1.49338e-06 0.999999
3 0.0147537 0.985246
4 0.893453 0.106547
4 0.985946 0.0140539
3 0.000134054 0.999866
3 0.0529031 0.947097
4 0.999967 3.32786e-05
4 0.996129 0.00387104
3 0.000596399 0.999404
3 5.09526e-06 0.999995
3 1e-07 1
4 0.996336 0.00366357
4 0.999477 0.000522746
4 0.832938 0.167062
4 0.965633 0.0343671
3 0.0375451 0.962455
4 0.985583 0.0144166
3 8.03259e-07 0.999999
3 0.00242261 0.997577
3 4.88055e-05 0.999951
3 0.123692 0.876308
4 0.525546 0.474454
4 0.967517 0.0324832
4 0.997817 0.00218319
4 0.976837 0.0231627
4 0.738099 0.261901
4 0.973218 0.0267815
3 0.000824645 0.999175
4 0.684705 0.315295
3 0.0630387 0.936961
4 0.998567 0.0014333
4 0.96551 0.03449
4 0.722003 0.277997
4 0.903541 0.0964595
4 0.997831 0.0021693
4 0.998578 0.00142246
4 0.999489 0.000511256
4 0.998237 0.0017633
3 7.07869e-05 0.999929
3 8.74803e-06 0.999991
3 0.011469 0.988531
4 0.944705 0.0552954
3 0.00153801 0.998462
4 0.999005 0.000994823
4 0.930531 0.0694687
4 0.944127 0.0558734
4 0.999825 0.000175253
4 0.997318 0.00268248
4 0.99865 0.00134964
4 0.977184 0.0228159
4 0.990016 0.00998425
4 0.982585 0.0174154
3 0.0610169 0.938983
4 0.855696 0.144304
3 2.96231e-05 0.99997
4 0.951417 0.0485827
4 0.960397 0.0396029
4 0.999998 1.75425e-06
4 0.88975 0.11025
4 0.511526 0.488474
4 0.974918 0.0250822
4 0.983988 0.0160118
4 0.997703 0.00229669
4 0.997786 0.00221386
4 0.75675 0.24325
4 0.947769 0.0522312
4 0.998574 0.00142554
4 1 1e-07
4 0.998258 0.00174199
4 0.970666 0.0293344
3 0.0149419 0.985058
3 9.40742e-06 0.999991
4 0.881609 0.118391
4 0.645662 0.354338
3 0.000316745 0.999683
3 0.000618619 0.999381
4 0.980003 0.0199974
4 0.953909 0.0460906
3 0.0159099 0.98409
4 0.990417 0.00958283
3 0.000273033 0.999727
3 2.69417e-05 0.999973
4 0.997178 0.00282186
4 0.942814 0.0571857
3 7.82615e-05 0.999922
4 0.832163 0.167837
4 0.979616 0.0203838
3 0.114859 0.885141
4 0.928949 0.0710509
4 0.890879 0.109121
4 0.991609 0.00839098
3 0.222957 0.777043
4 0.999954 4.59845e-05
4 0.843158 0.156842
4 0.931315 0.0686849
3 0.397906 0.602094
4 0.996821 0.00317942
4 0.989383 0.0106168
4 0.981092 0.0189076
4 0.993241 0.00675935
3 0.220693 0.779307
3 0.000191909 0.999808
4 0.999605 0.000394742
4 0.998951 0.00104931
4 0.999019 0.000981457
4 0.955548 0.0444516
4 0.944641 0.0553587
3 0.06737 0.93263
4 0.97485 0.02515
3 2.59052e-05 0.999974
3 0.460226 0.539774
4 0.911633 0.0883665
4 0.998262 0.00173756
4 0.977053 0.0229471
4 0.999882 0.00011779
4 0.983603 0.0163967
4 0.637624 0.362376
3 0.220638 0.779362
4 0.972017 0.0279834
4 0.818304 0.181696
4 0.997314 0.00268573
4 0.853653 0.146347
4 0.98295 0.0170499
4 0.998926 0.00107375
3 1.5305e-05 0.999985
4 0.999927 7.25876e-05
3 2.93517e-06 0.999997
4 0.997134 0.00286607
4 0.997186 0.00281378
4 0.560039 0.439961
4 0.964546 0.035454
4 0.940414 0.0595863
4 0.734785 0.265215
4 0.998162 0.00183837
4 0.578661 0.421339
3 0.000310338 0.99969
3 0.00104313 0.998957
4 0.588506 0.411494
4 0.984496 0.015504
3 4.24567e-06 0.999996
4 0.704636 0.295364
4 0.998562 0.00143839
4 0.996151 0.00384863
4 0.832443 0.167557
4 0.994699 0.0053011
3 0.000177678 0.999822
4 0.952225 0.047775
4 0.96471 0.0352901
4 0.964635 0.0353645
3 0.0172401 0.98276
4 0.982504 0.0174955
4 0.974734 0.0252663
3 0.179241 0.820759
3 0.00876211 0.991238
4 0.998308 0.00169229
4 0.950475 0.0495255
4 0.980385 0.019615
3 0.00836054 0.991639
4 0.998985 0.0010154
4 0.953441 0.0465593
4 0.980761 0.0192391
4 0.984263 0.0157366
4 0.776296 0.223704
3 0.0469483 0.953052
4 0.996549 0.00345099
3 0.429191 0.570809
4 1 4.20355e-07
3 1.83518e-06 0.999998
3 0.00068521 0.999315
4 0.890136 0.109864
3 0.00160596 0.998394
3 0.174499 0.825501
4 0.827163 0.172837
3 9.00858e-06 0.999991
4 0.999789 0.000211035
4 0.617244 0.382756
4 0.975942 0.0240584
4 0.971075 0.0289253
3 0.0488656 0.951134
4 0.965149 0.0348508
4 0.96938 0.0306196
4 0.968303 0.0316973
4 0.954889 0.0451105
4 0.959926 0.0400739
3 0.000396784 0.999603
4 0.985395 0.0146045
4 0.996281 0.00371915
4 0.964449 0.0355506
4 0.93615 0.0638499
4 0.861213 0.138787
3 0.00406873 0.995931
4 0.967646 0.0323537
3 0.0361159 0.963884
3 0.00034516 0.999655
4 0.986831 0.0131688
3 0.334063 0.665937
4 0.999685 0.000315317
3 3.11876e-07 1
4 0.905154 0.0948456
3 3.49692e-07 1
4 0.931257 0.0687428
3 0.000557236 0.999443
3 0.068332 0.931668
4 0.997678 0.00232244
3 0.334302 0.665698
4 0.931564 0.0684362
3 1e-07 1
4 0.969335 0.0306652
4 0.979816 0.0201842
4 0.998602 0.00139782
4 0.973119 0.026881
3 8.85269e-07 0.999999
3 0.154679 0.845321
3 0.000524863 0.999475
4 0.96709 0.0329099
3 0.11714 0.88286
3 0.189479 0.810521
4 0.985074 0.0149257
4 0.828332 0.171668
3 0.0417719 0.958228
3 0.20534 0.79466
3 0.39258 0.60742
4 0.99769 0.00230954
4 0.967948 0.0320524
3 0.0331859 0.966814
3 3.09452e-06 0.999997
4 0.999417 0.000583096
3 4.30239e-06 0.999996
3 0.0025556 0.997444
3 0.000121601 0.999878
4 0.996149 0.00385092
4 0.681093 0.318907
4 0.931697 0.068303
3 0.000504635 0.999495
4 0.980811 0.0191887
4 0.952476 0.047524
3 0.0403689 0.959631
3 4.34414e-07 1
4 0.911704 0.0882958
4 0.999027 0.00097296
3 1.65199e-06 0.999998
4 0.999972 2.84472e-05
3 0.00358468 0.996415
4 0.90136 0.09864
3 0.146115 0.853885
4 0.978636 0.021364
4 0.992342 0.00765793
3 0.000102665 0.999897
3 0.00713864 0.992861
4 0.98201 0.0179902
3 3.30547e-06 0.999997
3 0.000122368 0.999878
4 0.96885 0.03115
4 0.955024 0.0449764
3 0.0036629 0.996337
3 2.5363e-05 0.999975
4 0.965074 0.0349259
4 0.971656 0.0283438
3 0.0675705 0.932429
3 0.000398012 0.999602
3 0.0625225 0.937478
4 0.968093 0.031907
4 0.886021 0.113979
3 0.0372838 0.962716
4 0.998298 0.00170237
4 0.906603 0.0933966
3 4.4651e-05 0.999955
3 0.0250904 0.97491
4 0.967973 0.0320266
4 0.97521 0.02479
4 0.840523 0.159477
4 0.98263 0.0173702
3 0.0959513 0.904049
3 0.437694 0.562306
4 0.978389 0.0216114
3 0.0163895 0.983611
4 0.84153 0.15847
4 0.944396 0.0556036
4 0.977379 0.022621
4 0.985407 0.0145928
4 0.981321 0.0186787
4 0.948175 0.0518249
4 0.998841 0.00115915
4 0.999693 0.000306685
3 0.00193422 0.998066
4 0.972539 0.0274608
4 0.999938 6.2324e-05
3 0.00226302 0.997737
4 0.999903 9.68581e-05
4 0.794583 0.205417
3 0.275796 0.724204
4 0.997623 0.00237707
4 0.981475 0.0185249
4 0.971657 0.0283435
4 0.939175 0.0608248
4 0.998149 0.00185079
3 1.30028e-05 0.999987
4 0.997323 0.00267655
4 0.972649 0.0273507
4 0.963388 0.0366116
4 0.993902 0.00609781
4 0.982505 0.0174952
4 0.997048 0.00295152
3 0.213631 0.786369
3 0.00505759 0.994942
4 0.998617 0.00138311
4 0.974332 0.025668
4 0.892074 0.107926
4 0.85141 0.14859
3 1.82321e-06 0.999998
3 3.4969e-07 1
4 0.998027 0.0019728
4 0.996007 0.0039928
4 0.980232 0.0197683
4 0.999593 0.000406938
4 0.976559 0.0234405
4 0.981685 0.0183147
4 0.943044 0.0569558
3 6.54052e-05 0.999935
4 0.582838 0.417162
3 0.012055 0.987945
3 0.117127 0.882873
3 0.0037454 0.996255
4 0.669199 0.330801
4 0.999912 8.77074e-05
4 0.993473 0.00652672
4 0.985985 0.0140145
3 0.362782 0.637218
4 0.980068 0.0199324
3 1.47894e-05 0.999985
3 0.361188 0.638812
3 1.20785e-06 0.999999
3 0.363466 0.636534
3 8.4217e-05 0.999916
4 0.966025 0.0339745
3 0.257955 0.742045
4 0.832513 0.167487
4 0.999889 0.000111151
4 0.96837 0.0316304
4 0.991008 0.00899154
3 3.98719e-05 0.99996
3 9.02047e-05 0.99991
3 0.00335613 0.996644
4 0.990792 0.00920816
3 0.000653728 0.999346
3 1.01808e-07 1
4 0.986999 0.0130011
4 0.999888 0.000112323
4 0.673944 0.326056
3 0.0789846 0.921015
4 0.999307 0.000692961
4 0.77047 0.22953
3 0.324047 0.675953
4 0.963403 0.0365965
4 0.998132 0.00186778
3 0.0499572 0.950043
4 0.789356 0.210644
4 0.997601 0.00239857
4 0.988498 0.0115023
4 0.994243 0.00575671
3 0.00106826 0.998932
3 7.08016e-06 0.999993
3 0.166147 0.833853
4 0.990163 0.00983679
4 0.96179 0.0382104
4 0.9792 0.0207996
4 0.985011 0.0149894
4 0.991852 0.00814844
3 0.000233304 0.999767
4 0.999208 0.000791847
4 0.507635 0.492365
3 1e-07 1
3 0.00205951 0.99794
4 0.999711 0.000289259
4 0.975224 0.024776
3 0.00113503 0.998865
4 0.999949 5.07136e-05
4 0.972637 0.0273625
4 0.996898 0.00310174
4 0.988409 0.0115906
3 0.304441 0.695559
4 0.993504 0.00649612
4 0.959306 0.0406945
4 0.880853 0.119147
3 8.43186e-07 0.999999
4 0.742034 0.257966
4 0.998804 0.00119599
4 0.92497 0.0750295
3 4.64346e-07 1
4 0.999997 2.81888e-06
3 4.02509e-05 0.99996
3 0.193646 0.806354
3 0.0109498 0.98905
3 0.228078 0.771922
4 0.87085 0.12915
3 0.0524312 0.947569
4 0.983087 0.0169126
3 4.64496e-05 0.999954
4 0.988993 0.0110065
4 0.94135 0.0586499
3 1.12052e-05 0.999989
3 0.0256618 0.974338
4 0.995577 0.0044227
3 0.000264804 0.999735
4 0.998002 0.00199847
4 0.999792 0.000208217
3 0.137475 0.862525
3 0.204844 0.795156
4 0.999512 0.000488241
3 0.115562 0.884438
4 0.978196 0.0218038
3 0.112696 0.887304
4 0.913235 0.0867649
4 0.999865 0.000134799
3 0.0386771 0.961323
4 0.964998 0.0350018
3 9.52957e-07 0.999999
4 0.979681 0.0203194
3 0.333554 0.666446
4 0.943231 0.0567692
4 0.70032 0.29968
4 0.99785 0.00215038
4 0.9962 0.00379998
3 0.00640449 0.993596
3 2.62099e-05 0.999974
4 0.552871 0.447129
3 0.274013 0.725987
3 1.71418e-05 0.999983
4 0.965734 0.0342655
4 0.976011 0.0239895
4 0.998408 0.00159235
4 0.998614 0.00138598
4 0.9702 0.0297998
4 0.684852 0.315148
4 0.847245 0.152755
3 0.105187 0.894813
4 0.887737 0.112263
4 0.930138 0.0698623
3 0.398429 0.601571
4 0.970922 0.0290782
4 0.877717 0.122283
4 0.975949 0.0240514
4 0.978323 0.0216768
3 0.0087725 0.991228
4 0.999992 8.0921e-06
4 0.999814 0.000185908
4 0.974387 0.0256125
3 0.118349 0.881651
3 9.99085e-05 0.9999
4 0.641578 0.358422
3 9.33693e-05 0.999907
4 0.923456 0.0765436
4 0.975533 0.0244673
4 0.845914 0.154086
4 0.532258 0.467742
4 0.697727 0.302273
4 0.805507 0.194493
4 0.997996 0.00200389
4 0.99758 0.0024201
3 0.0314792 0.968521
4 0.999433 0.000566788
3 4.78637e-05 0.999952
4 0.999602 0.000397775
4 0.900137 0.099863
3 0.359214 0.640786
3 2.46239e-05 0.999975
4 0.999786 0.000214248
3 1.34674e-07 1
4 0.998505 0.001495
4 0.97554 0.0244604
4 0.979947 0.0200532
4 0.976615 0.0233849
4 0.999244 0.000755682
4 0.766688 0.233312
3 0.0139943 0.986006
3 4.10257e-05 0.999959
3 0.00525018 0.99475
4 0.992636 0.00736375
4 0.60293 0.39707
4 0.994694 0.00530647
4 0.997558 0.00244185
4 0.993633 0.0063673
3 0.359291 0.640709
4 0.998833 0.0011666
4 0.999923 7.67962e-05
3 0.0190722 0.980928
4 0.998213 0.00178676
4 0.999069 0.000931382
3 1e-07 1
4 0.993164 0.00683618
3 0.00521832 0.994782
3 0.000344644 0.999655
4 0.980101 0.0198991
4 0.998972 0.00102781
4 0.972466 0.0275344
4 0.998981 0.001019
4 0.996518 0.00348214
4 0.997763 0.00223654
3 7.376e-05 0.999926
4 0.999375 0.0006247
4 0.867529 0.132471
4 0.982064 0.017936
3 0.0599571 0.940043
4 0.852574 0.147426
4 0.941342 0.0586576
4 0.999964 3.60169e-05
4 0.96678 0.0332201
4 0.998065 0.00193537
3 6.90765e-05 0.999931
4 0.984494 0.0155061
3 3.27051e-07 1
3 0.000110608 0.999889
4 0.592879 0.407121
4 0.99871 0.00128962
4 0.997937 0.00206262
4 0.980253 0.0197474
4 0.957038 0.0429622
4 0.87459 0.12541
4 0.982072 0.017928
4 0.999691 0.000309241
4 0.988392 0.0116079
4 0.999977 2.28643e-05
4 0.988504 0.0114958
3 1.45356e-05 0.999985
3 0.0056255 0.994375
3 1e-07 1
4 0.998787 0.00121282
3 0.0600095 0.939991
4 0.987279 0.0127212
4 0.936503 0.0634973
4 0.975318 0.0246824
4 0.882483 0.117517
4 0.972429 0.0275709
4 0.999236 0.000763719
4 0.999905 9.53975e-05
4 0.985394 0.0146057
3 7.85281e-05 0.999921
4 0.984001 0.0159992
4 0.984616 0.0153835
4 0.979619 0.0203812
3 0.158114 0.841886
4 0.953869 0.0461313
4 0.999962 3.76659e-05
4 0.981168 0.0188323
3 0.344572 0.655428
3 0.00027886 0.999721
3 1.94841e-07 1
3 0.000210667 0.999789
4 0.930058 0.0699415
4 0.977009 0.0229911
3 7.53095e-05 0.999925
4 0.807948 0.192052
3 0.164402 0.835598
4 0.986384 0.0136158
4 0.979067 0.0209333
3 0.00265145 0.997349
4 0.988418 0.0115823
4 0.959787 0.0402128
4 0.9278 0.0721998
4 0.996727 0.0032732
4 0.976926 0.0230739
4 0.916799 0.0832014
3 0.000189707 0.99981
3 1e-07 1
3 0.0022914 0.997709
4 0.944943 0.0550571
4 0.967436 0.0325642
4 0.956597 0.0434031
4 0.715392 0.284608
4 0.936221 0.0637791
3 0.109399 0.890601
3 0.00689292 0.993107
3 0.00282881 0.997171
3 6.22814e-05 0.999938
3 5.54985e-06 0.999994
4 0.895727 0.104273
4 0.995797 0.00420264
3 2.8004e-05 0.999972
4 0.998336 0.00166399
4 0.969225 0.0307749
4 0.99949 0.0005102
3 0.205108 0.794892
4 0.890736 0.109264
3 0.000652191 0.999348
3 0.000631869 0.999368
4 0.797065 0.202935
4 0.873312 0.126688
4 0.997567 0.00243303
3 0.00352867 0.996471
4 0.670535 0.329465
4 0.943513 0.0564873
3 2.30192e-06 0.999998
4 0.926266 0.0737336
3 0.113157 0.886843
3 3.52373e-07 1
4 0.964735 0.0352648
4 0.999026 0.000973924
4 0.686494 0.313506
4 0.922722 0.0772784
4 0.998765 0.0012352
4 0.972697 0.0273031
3 0.0539084 0.946092
4 0.671505 0.328495
4 0.954586 0.0454144
4 0.963338 0.0366621
4 0.99839 0.00160969
4 0.977036 0.0229643
3 2.66179e-05 0.999973
3 0.280234 0.719766
4 0.925625 0.0743754
4 0.997546 0.0024537
4 0.746819 0.253181
4 0.55179 0.44821
4 0.996564 0.00343631
4 0.883111 0.116889
4 0.863332 0.136668
4 0.936915 0.0630854
4 0.989831 0.0101686
4 0.972804 0.027196
4 0.930219 0.0697807
4 0.999951 4.86907e-05
4 0.974325 0.0256746
4 0.980206 0.0197943
4 0.821927 0.178073
3 9.83376e-06 0.99999
3 0.0120129 0.987987
3 0.000818916 0.999181
4 0.897821 0.102179
4 0.830586 0.169414
3 3.81953e-07 1
4 0.984096 0.0159042
4 0.981717 0.0182833
4 0.812541 0.187459
3 0.0040278 0.995972
4 0.962716 0.0372843
3 0.00106598 0.998934
4 0.993108 0.00689166
4 0.989692 0.0103084
4 0.690019 0.309981
3 1e-07 1
4 0.999106 0.000894422
4 0.900475 0.0995247
4 0.958078 0.0419225
3 7.93723e-06 0.999992
4 0.98073 0.0192704
4 0.900922 0.0990777
3 0.0163168 0.983683
3 0.315562 0.684438
3 0.00547193 0.994528
3 0.0826699 0.91733
4 0.968267 0.0317331
3 5.16355e-06 0.999995
4 0.987948 0.012052
3 0.0148121 0.985188
3 0.0169218 0.983078
3 3.62009e-05 0.999964
4 0.975943 0.0240568
4 0.979634 0.0203658
4 0.802519 0.197481
3 0.000541126 0.999459
3 1.74406e-05 0.999983
4 0.793574 0.206426
4 0.945238 0.0547619
3 4.37579e-05 0.999956
4 0.999975 2.50355e-05
4 0.827647 0.172353
3 0.00302775 0.996972
4 0.779654 0.220346
4 0.971304 0.0286965
3 7.16155e-06 0.999993
4 0.991373 0.00862674
4 0.971088 0.0289124
4 0.999993 6.66127e-06
3 0.000176083 0.999824
3 0.0280148 0.971985
3 1e-07 1
4 0.595784 0.404216
4 0.999988 1.15661e-05
3 0.00681777 0.993182
4 0.977376 0.0226241
4 0.941309 0.0586908
4 0.744169 0.255831
4 0.962102 0.037898
3 2.84209e-05 0.999972
3 9.79726e-05 0.999902
4 0.856549 0.143451
4 0.942511 0.0574892
4 0.524761 0.475239
4 0.781492 0.218508
4 0.658873 0.341127
3 5.29373e-05 0.999947
4 0.987233 0.0127665
4 0.975537 0.0244627
3 4.67883e-07 1
3 0.00138646 0.998614
3 1.29875e-07 1
3 0.101567 0.898433
3 0.000396298 0.999604
4 0.896926 0.103074
3 0.343596 0.656404
4 0.759229 0.240771
4 0.993767 0.00623331
4 0.875802 0.124198
4 0.999899 0.000101193
4 0.928257 0.0717426
3 0.0319557 0.968044
4 0.982895 0.0171047
4 0.949011 0.0509887
4 0.932636 0.0673641
3 1.39228e-07 1
4 0.827802 0.172198
4 0.992855 0.00714541
4 0.971103 0.0288974
4 0.936353 0.0636468
4 0.966385 0.0336151
3 0.00373324 0.996267
3 0.00302743 0.996973
4 0.867677 0.132323
4 0.974889 0.0251109
4 0.998482 0.00151827
4 0.796126 0.203874
4 0.868147 0.131853
4 0.977396 0.0226044
4 0.903919 0.096081
4 0.99893 0.0010698
3 0.0134867 0.986513
4 0.963008 0.0369922
4 0.976569 0.023431
4 0.994387 0.00561297
4 0.999958 4.21762e-05
4 0.997518 0.00248177
4 0.961311 0.0386887
4 0.921917 0.078083
4 0.936694 0.0633055
4 0.983477 0.0165225
3 7.72492e-07 0.999999
4 0.998104 0.00189582
4 0.541951 0.458049
4 0.968399 0.031601
4 0.98935 0.0106496
3 0.000140722 0.999859
3 0.13169 0.86831
3 0.00431156 0.995688
4 0.978572 0.0214278
4 0.995861 0.00413864
4 0.999964 3.57497e-05
3 1e-07 1
3 0.238625 0.761375
4 0.9964 0.00359991
3 1.03759e-05 0.99999
4 0.968386 0.0316135
4 0.972816 0.0271845
4 0.936934 0.0630658
3 5.31566e-05 0.999947
4 0.966469 0.0335308
4 0.964005 0.0359951
4 0.892665 0.107335
4 0.674229 0.325771
3 0.00248557 0.997514
4 0.99676 0.00324022
3 0.0808657 0.919134
4 0.924036 0.0759638
4 0.999322 0.000677946
4 0.999927 7.3361e-05
4 0.991731 0.00826914
3 0.000131009 0.999869
4 0.995638 0.00436183
4 0.995932 0.00406842
4 0.89546 0.10454
4 0.975788 0.0242124
3 1e-07 1
3 0.21768 0.78232
3 0.0443837 0.955616
3 6.9244e-06 0.999993
4 0.958014 0.0419856
4 0.999905 9.45841e-05
4 0.957692 0.0423081
4 0.999501 0.000499483
4 0.997513 0.00248736
4 0.994334 0.00566628
