labels 2 4
4 0.34643 0.65357
2 0.825063 0.174937
2 0.583592 0.416408
4 3.50704e-07 1
4 8.39381e-05 0.999916
2 0.805313 0.194687
4 0.00123145 0.998769
2 0.884803 0.115197
4 0.00565058 0.994349
4 1.03308e-06 0.999999
4 0.000204061 0.999796
4 0.0244939 0.975506
2 0.999991 8.59497e-06
4 0.443616 0.556384
4 0.0473901 0.95261
4 0.00225018 0.99775
2 0.70037 0.29963
4 0.0745589 0.925441
4 0.00116419 0.998836
4 2.86911e-07 1
2 0.777155 0.222845
4 0.307015 0.692985
2 0.964542 0.0354577
2 0.884186 0.115814
4 0.18819 0.81181
4 0.116667 0.883333
4 1.07099e-06 0.999999
4 0.0543304 0.94567
4 1e-07 1
2 0.999947 5.29174e-05
4 0.00359616 0.996404
2 0.562628 0.437372
2 0.901409 0.0985909
4 1e-07 1
4 1.33078e-06 0.999999
2 0.998263 0.00173704
2 0.999627 0.000373029
4 0.0186937 0.981306
4 0.00167274 0.998327
2 0.999485 0.000514651
2 0.590981 0.409019
4 0.075575 0.924425
2 0.851809 0.148191
4 0.484967 0.515033
4 0.0381948 0.961805
2 0.768008 0.231992
2 0.997941 0.00205933
2 0.649913 0.350087
2 0.998066 0.00193423
2 0.913705 0.0862953
2 0.989936 0.0100642
4 0.030607 0.969393
4 0.000510459 0.99949
4 1e-07 1
2 0.99898 0.00102016
2 0.999256 0.000743624
2 0.842747 0.157253
4 0.25721 0.74279
4 0.028348 0.971652
2 0.572085 0.427915
2 0.777922 0.222078
2 0.622041 0.377959
4 0.102434 0.897566
2 0.999961 3.8923e-05
4 1e-07 1
4 6.00633e-07 0.999999
2 0.970479 0.0295209
4 0.0516842 0.948316
2 0.648178 0.351822
2 0.952942 0.0470578
2 0.754167 0.245833
4 0.38769 0.61231
2 0.99922 0.000779972
2 0.989242 0.0107575
4 0.485408 0.514592
4 7.67816e-07 0.999999
2 0.77864 0.22136
2 0.901928 0.0980721
4 0.325267 0.674733
2 0.778985 0.221015
4 0.000138838 0.999861
4 8.13077e-06 0.999992
4 1e-07 1
2 0.762419 0.237581
4 0.214081 0.785919
2 0.99867 0.00132963
2 0.992778 0.00722215
4 0.0010029 0.998997
2 0.798977 0.201023
4 0.0226907 0.977309
4 1e-07 1
2 0.98863 0.01137
4 0.448734 0.551266
2 0.960561 0.0394394
2 0.982385 0.017615
4 0.000381324 0.999619
4 0.0266686 0.973331
2 0.687679 0.312321
4 0.0128735 0.987126
4 0.237621 0.762379
4 0.379447 0.620553
2 0.994704 0.00529588
4 1.37112e-06 0.999999
2 0.997952 0.00204815
2 0.97186 0.0281404
4 0.0001665 0.999833
4 0.248128 0.751872
2 0.99968 0.000319836
2 0.688755 0.311245
2 0.855999 0.144001
2 0.807974 0.192026
2 0.688925 0.311075
2 0.75558 0.24442
2 0.993062 0.00693766
2 0.987388 0.0126124
2 0.997432 0.00256814
2 0.823159 0.176841
4 0.192794 0.807206
2 0.81943 0.18057
2 0.992852 0.00714833
2 0.888594 0.111406
4 0.280035 0.719965
4 0.0191491 0.980851
4 0.47701 0.52299
4 0.000237782 0.999762
2 0.99986 0.000140118
2 0.865271 0.134729
4 3.24488e-07 1
4 0.0381562 0.961844
2 0.996943 0.00305668
4 0.00499718 0.995003
4 0.42028 0.57972
4 0.187408 0.812592
2 0.997088 0.00291161
4 0.00168395 0.998316
4 0.0781908 0.921809
4 1.01876e-07 1
4 0.448597 0.551403
4 0.0472874 0.952713
2 0.999369 0.000630976
4 0.0419351 0.958065
4 0.000172409 0.999828
2 0.999733 0.000267371
4 4.12479e-06 0.999996
2 0.557935 0.442065
2 0.994813 0.00518697
2 0.997693 0.00230734
2 0.956964 0.0430361
4 1e-07 1
4 0.000288963 0.999711
2 0.534378 0.465622
2 0.999455 0.000544742
2 0.995877 0.00412309
2 0.623947 0.376053
2 0.993301 0.00669867
2 0.968034 0.0319665
2 0.994287 0.00571329
4 4.11848e-05 0.999959
2 0.733763 0.266237
2 0.999566 0.000434332
4 0.0128097 0.98719
4 0.0139546 0.986045
4 0.0147275 0.985273
4 0.000181771 0.999818
2 0.999987 1.26685e-05
4 8.49025e-05 0.999915
2 0.984364 0.0156362
4 1.76182e-05 0.999982
4 3.03601e-05 0.99997
4 8.46746e-05 0.999915
4 0.272028 0.727972
2 0.998004 0.00199608
4 0.00620962 0.99379
4 0.178055 0.821945
2 0.613404 0.386596
2 0.799874 0.200126
4 0.294189 0.705811
2 0.999399 0.00060119
2 0.873548 0.126452
4 0.00124555 0.998754
4 1.38122e-06 0.999999
2 0.688151 0.311849
2 0.594071 0.405929
4 0.0138597 0.98614
2 0.998795 0.00120525
4 0.381592 0.618408
2 0.916793 0.083207
4 0.000173777 0.999826
4 0.228502 0.771498
4 0.00279589 0.997204
2 0.995501 0.00449935
4 0.0456234 0.954377
2 0.999648 0.000351732
2 0.824863 0.175137
2 0.998462 0.00153755
2 0.896658 0.103342
4 0.0397939 0.960206
2 0.783712 0.216288
4 0.384706 0.615294
4 0.0476862 0.952314
4 0.00789791 0.992102
2 0.997265 0.00273503
2 0.984043 0.0159574
4 0.43706 0.56294
2 0.989646 0.0103536
4 0.0328316 0.967168
4 0.16814 0.83186
2 0.942934 0.0570658
4 0.0303011 0.969699
2 0.999874 0.000126401
2 0.75149 0.24851
4 0.415498 0.584502
4 0.321722 0.678278
4 0.187062 0.812938
2 0.984687 0.0153133
2 0.996308 0.00369186
4 0.00786549 0.992135
2 0.94771 0.05229
2 0.865972 0.134028
4 5.46696e-05 0.999945
4 1e-07 1
4 0.000279214 0.999721
4 0.0872934 0.912707
2 0.950548 0.0494524
2 0.998736 0.00126424
2 0.803715 0.196285
4 0.0147975 0.985202
2 0.999726 0.000274217
2 0.999854 0.000145994
2 0.99132 0.00867998
4 0.123639 0.876361
4 1e-07 1
4 1.96403e-05 0.99998
2 0.911987 0.0880135
2 0.999501 0.000498573
2 0.988995 0.0110055
4 0.22285 0.77715
4 0.425157 0.574843
4 0.00843799 0.991562
4 0.307788 0.692212
2 0.999698 0.00030234
4 8.27705e-05 0.999917
4 1.01344e-06 0.999999
4 0.17282 0.82718
4 0.276609 0.723391
2 0.877271 0.122729
2 0.705983 0.294017
2 0.511015 0.488985
4 0.00489861 0.995101
2 0.985306 0.0146945
2 0.626395 0.373605
4 0.0278681 0.972132
4 0.464258 0.535742
2 0.994403 0.00559702
2 0.778868 0.221132
4 0.198758 0.801242
2 0.99604 0.00396039
4 0.46064 0.53936
4 2.85363e-07 1
2 0.999806 0.00019389
4 4.12215e-07 1
2 0.588956 0.411044
4 0.000765989 0.999234
2 0.813433 0.186567
4 3.98172e-06 0.999996
4 0.00208509 0.997915
4 0.000744508 0.999255
2 0.931441 0.0685593
2 0.973357 0.0266433
4 0.00391054 0.996089
2 0.950849 0.0491507
4 5.2496e-05 0.999948
2 0.999543 0.00045703
2 0.870289 0.129711
2 0.999019 0.000981197
2 0.794032 0.205968
2 0.59466 0.40534
2 0.993417 0.00658346
2 0.995634 0.00436563
4 0.0101771 0.989823
2 0.998114 0.00188573
2 0.998551 0.00144926
2 0.998509 0.00149103
2 0.998609 0.00139063
4 0.0105095 0.989491
2 0.524105 0.475895
2 0.99969 0.000309548
4 0.219236 0.780764
4 0.416095 0.583905
2 0.990525 0.00947499
2 0.68824 0.31176
2 0.998208 0.00179216
4 0.0166863 0.983314
2 0.99963 0.000370174
4 0.434082 0.565918
4 0.243087 0.756913
4 0.0738753 0.926125
4 0.0625446 0.937455
2 0.81085 0.18915
2 0.535827 0.464173
4 0.00552144 0.994479
2 0.923768 0.0762317
2 0.897816 0.102184
4 0.00673043 0.99327
4 0.000242313 0.999758
4 1e-07 1
2 0.999413 0.000586535
4 0.220798 0.779202
4 0.260512 0.739488
4 1e-07 1
4 0.268406 0.731594
2 0.595219 0.404781
4 0.440742 0.559258
2 0.703705 0.296295
2 0.999099 0.000901403
2 0.893428 0.106572
4 1e-07 1
4 0.00926613 0.990734
2 0.613652 0.386348
2 0.972745 0.0272548
2 0.764353 0.235647
4 4.60405e-06 0.999995
2 0.997776 0.00222402
2 0.731501 0.268499
2 0.895403 0.104597
2 0.995072 0.00492797
2 0.996554 0.00344611
2 0.886882 0.113118
4 0.0333338 0.966666
4 0.0496289 0.950371
2 0.918684 0.0813161
4 1e-07 1
2 0.97435 0.0256503
2 0.998663 0.00133658
2 0.535575 0.464425
2 0.574753 0.425247
4 0.373377 0.626623
4 0.00526029 0.99474
2 0.995934 0.00406586
2 0.998133 0.00186741
2 0.9161 0.0838997
4 1e-07 1
4 0.0653572 0.934643
2 0.558885 0.441115
2 0.99118 0.00881976
4 6.95621e-05 0.99993
2 0.999771 0.000228793
4 1e-07 1
2 0.572788 0.427212
2 0.712395 0.287605
4 5.25957e-05 0.999947
2 0.999936 6.36464e-05
2 0.947335 0.0526655
4 0.09643 0.90357
2 0.997359 0.00264118
2 0.939049 0.0609515
4 2.09114e-05 0.999979
2 0.99826 0.00173989
4 3.74462e-05 0.999963
4 0.414766 0.585234
4 0.135529 0.864471
2 0.997934 0.00206628
2 0.966972 0.0330275
2 0.995503 0.00449731
4 0.00417464 0.995825
2 0.999632 0.000368301
2 0.989015 0.0109853
2 0.967241 0.0327594
2 0.688522 0.311478
4 0.0152252 0.984775
4 1.63779e-06 0.999998
4 0.182883 0.817117
2 0.999448 0.000552344
4 0.274856 0.725144
2 0.99922 0.00078024
2 0.810718 0.189282
4 1.98163e-07 1
2 0.518332 0.481668
2 0.534266 0.465734
4 1.29732e-06 0.999999
2 0.975603 0.0243973
2 0.989508 0.0104922
2 0.8947 0.1053
2 0.999802 0.000197967
2 0.997513 0.00248688
4 0.0414736 0.958526
2 0.902768 0.0972323
4 0.416987 0.583013
2 0.997828 0.00217244
4 1e-07 1
4 0.0965502 0.90345
2 0.988234 0.0117664
2 0.952329 0.0476713
4 1e-07 1
2 0.99093 0.00907047
2 0.999972 2.80294e-05
2 0.723396 0.276604
4 0.0286902 0.97131
4 0.286395 0.713605
2 0.999234 0.000765838
2 0.831524 0.168476
4 7.38889e-05 0.999926
2 0.97886 0.0211398
4 0.0678147 0.932185
4 0.00185494 0.998145
2 0.953977 0.0460231
4 2.87438e-07 1
2 0.998293 0.00170685
2 0.999959 4.116e-05
4 0.312314 0.687686
2 0.999824 0.000175539
4 0.285578 0.714422
2 0.997222 0.00277828
2 0.999473 0.000526985
4 0.0402881 0.959712
4 1e-07 1
4 0.213923 0.786077
2 0.989058 0.0109418
4 5.07253e-07 0.999999
4 0.359944 0.640056
4 0.085483 0.914517
4 1e-07 1
2 0.809215 0.190785
2 0.873575 0.126425
2 0.78891 0.21109
4 1.53265e-05 0.999985
2 0.618277 0.381723
4 0.257253 0.742747
4 0.0592339 0.940766
4 0.00652568 0.993474
2 0.661905 0.338095
4 0.0278417 0.972158
2 0.999979 2.10423e-05
4 1e-07 1
4 0.413513 0.586487
2 0.92574 0.0742598
2 0.993811 0.00618922
2 0.809046 0.190954
2 0.949791 0.0502089
4 0.00663175 0.993368
4 0.363122 0.636878
4 0.0072811 0.992719
2 0.971147 0.0288529
2 0.863709 0.136291
2 0.996805 0.00319478
2 0.996935 0.00306485
2 0.86249 0.13751
4 2.62764e-06 0.999997
2 0.903777 0.0962229
2 0.673298 0.326702
4 0.0818784 0.918122
2 0.673915 0.326085
2 0.764755 0.235245
4 0.000735039 0.999265
2 0.999952 4.79728e-05
4 1.69483e-06 0.999998
4 0.000498177 0.999502
4 0.26968 0.73032
4 1.5437e-06 0.999998
4 5.44681e-05 0.999946
4 0.00425178 0.995748
2 0.775621 0.224379
4 0.110146 0.889854
2 0.933192 0.0668076
2 0.999997 3.43181e-06
4 0.289345 0.710655
4 0.0132087 0.986791
4 0.238602 0.761398
2 0.8826 0.1174
2 0.830151 0.169849
2 0.995474 0.00452602
2 0.970809 0.0291912
4 2.22734e-06 0.999998
4 0.00299871 0.997001
2 0.712775 0.287225
2 0.729799 0.270201
4 6.43304e-06 0.999994
4 0.000156024 0.999844
2 0.99808 0.00191972
4 0.104056 0.895944
2 0.711018 0.288982
2 0.999729 0.000270897
2 0.998949 0.00105108
4 0.0612292 0.938771
2 0.698323 0.301677
4 4.58482e-07 1
4 0.39494 0.60506
2 0.999969 3.1471e-05
4 0.481551 0.518449
4 0.0232946 0.976705
2 0.741767 0.258233
4 0.00294086 0.997059
2 0.938117 0.0618832
4 0.107969 0.892031
2 0.85736 0.14264
2 0.999917 8.32174e-05
2 0.811279 0.188721
2 0.975853 0.0241469
4 0.000993645 0.999006
2 0.810188 0.189812
4 0.00137298 0.998627
4 0.00489942 0.995101
2 0.863544 0.136456
2 0.581037 0.418963
4 1e-07 1
2 0.862349 0.137651
2 0.997385 0.00261483
2 0.939112 0.0608883
4 0.000792193 0.999208
4 0.103634 0.896366
2 0.995898 0.00410204
2 0.976626 0.0233736
4 0.0340299 0.96597
4 0.249212 0.750788
2 0.784404 0.215596
2 0.999644 0.000356008
2 0.98737 0.0126302
4 0.00569236 0.994308
4 0.000102813 0.999897
2 0.901136 0.098864
4 0.425246 0.574754
4 0.0410988 0.958901
4 3.40028e-05 0.999966
4 1e-07 1
2 0.999688 0.000312484
2 0.70083 0.29917
4 0.00779877 0.992201
4 7.86556e-05 0.999921
2 0.72299 0.27701
2 0.878667 0.121333
2 0.996495 0.00350534
2 0.981427 0.0185731
2 0.999379 0.000621316
4 0.00157733 0.998423
4 0.0490474 0.950953
2 0.99812 0.00187963
2 0.900725 0.0992754
4 0.00640614 0.993594
4 0.101846 0.898154
4 0.000212571 0.999787
2 0.995278 0.00472241
2 0.993691 0.00630866
2 0.873306 0.126694
4 2.81983e-06 0.999997
4 0.000128545 0.999871
4 0.301384 0.698616
2 0.976097 0.023903
4 0.0343664 0.965634
4 9.74955e-07 0.999999
4 5.43694e-06 0.999995
2 0.860225 0.139775
4 0.000446414 0.999554
4 0.0734097 0.92659
4 0.361384 0.638616
2 0.606097 0.393903
4 1.65911e-05 0.999983
2 0.979629 0.0203708
2 0.99917 0.000829646
4 0.0349292 0.965071
4 0.00129656 0.998703
4 0.000407655 0.999592
2 0.726504 0.273496
4 0.0723674 0.927633
2 0.859067 0.140933
4 0.0745372 0.925463
2 0.867466 0.132534
4 1e-07 1
4 1.36472e-05 0.999986
2 0.994246 0.0057542
4 3.3874e-05 0.999966
4 0.191807 0.808193
2 0.846595 0.153405
4 1e-07 1
2 0.997987 0.00201279
2 0.99545 0.00454951
4 0.330753 0.669247
4 0.483716 0.516284
2 0.996859 0.0031411
4 1e-07 1
4 0.0692195 0.930781
2 0.999774 0.000226399
2 0.669532 0.330468
4 1e-07 1
2 0.938373 0.0616266
4 0.162244 0.837756
4 0.000643143 0.999357
4 0.201251 0.798749
2 0.815002 0.184998
2 0.99727 0.00273019
2 0.999942 5.78685e-05
4 0.455502 0.544498
4 0.00568957 0.99431
4 0.000396494 0.999604
2 0.581993 0.418007
4 0.0189483 0.981052
4 1.99389e-05 0.99998
4 2.49709e-06 0.999998
2 0.900083 0.0999174
4 0.367972 0.632028
4 1e-07 1
4 0.0703036 0.929696
2 0.997463 0.00253714
2 0.834175 0.165825
4 0.343431 0.656569
2 0.996524 0.00347595
4 0.146518 0.853482
4 0.172833 0.827167
4 0.00167967 0.99832
4 1e-07 1
2 0.918588 0.0814122
4 0.478456 0.521544
2 0.910144 0.0898564
2 0.974364 0.0256358
2 0.870888 0.129112
4 0.249944 0.750056
2 0.999858 0.000141972
2 0.99969 0.000310448
2 0.997002 0.00299791
4 0.0114572 0.988543
4 0.000198894 0.999801
4 0.491377 0.508623
4 1e-07 1
4 0.222785 0.777215
4 0.00914179 0.990858
2 0.995662 0.00433803
2 0.626758 0.373242
2 0.730562 0.269438
4 0.210545 0.789455
4 0.449654 0.550346
2 0.999326 0.000674313
2 0.972309 0.0276906
4 0.0112748 0.988725
4 3.17185e-06 0.999997
4 0.151022 0.848978
2 0.99905 0.000949924
2 0.774297 0.225703
4 0.104897 0.895103
2 0.999074 0.000926473
2 0.997649 0.0023508
2 0.860658 0.139342
2 0.757661 0.242339
4 2.52198e-05 0.999975
2 0.998655 0.00134505
2 0.536864 0.463136
2 0.849474 0.150526
2 0.99967 0.000329526
4 1e-07 1
2 0.996225 0.00377525
2 0.852174 0.147826
2 0.962991 0.037009
2 0.951248 0.0487516
4 0.351245 0.648755
4 0.00216905 0.997831
2 0.98663 0.0133703
4 0.089842 0.910158
4 0.0869874 0.913013
4 1e-07 1
2 0.999754 0.000246263
4 0.0753491 0.924651
2 0.999638 0.000362375
2 0.718477 0.281523
2 0.999994 5.84371e-06
4 0.104917 0.895083
4 0.097695 0.902305
4 0.000244945 0.999755
4 0.16524 0.83476
2 0.856045 0.143955
2 0.998166 0.00183435
2 0.779042 0.220958
4 0.143817 0.856183
2 0.999508 0.00049243
2 0.995253 0.00474712
2 0.554364 0.445636
2 0.91595 0.0840497
4 0.341388 0.658612
2 0.997223 0.00277695
4 0.0405083 0.959492
2 0.993947 0.00605331
2 0.881005 0.118995
2 0.645623 0.354377
2 0.988784 0.0112164
2 0.511783 0.488217
2 0.996451 0.00354863
2 0.827198 0.172802
4 0.258703 0.741297
2 0.994261 0.00573932
4 0.265179 0.734821
4 0.0472553 0.952745
2 0.999395 0.00060492
2 0.999985 1.45347e-05
4 0.493255 0.506745
2 0.997445 0.00255533
2 0.966025 0.0339749
2 0.997852 0.00214844
2 0.805607 0.194393
4 5.18983e-05 0.999948
2 0.995672 0.00432834
2 0.772854 0.227146
2 0.999308 0.000692103
2 0.893793 0.106207
2 0.856861 0.143139
2 0.89414 0.10586
2 0.997637 0.00236349
4 1e-07 1
2 0.858941 0.141059
4 0.0612991 0.938701
2 0.971253 0.0287472
2 0.986768 0.0132316
2 0.938739 0.0612611
2 0.999671 0.000329287
4 0.000789461 0.999211
2 0.852991 0.147009
2 0.941512 0.0584884
2 0.993184 0.00681644
2 0.871567 0.128433
2 0.999508 0.000492137
4 1e-07 1
4 3.53284e-06 0.999996
4 0.0277711 0.972229
2 0.68364 0.31636
4 6.68315e-06 0.999993
4 0.0147245 0.985275
4 0.0114796 0.98852
4 0.347271 0.652729
4 1e-07 1
2 0.837023 0.162977
4 0.000596632 0.999403
2 0.996539 0.00346094
4 0.475062 0.524938
2 0.927008 0.0729917
4 0.190403 0.809597
2 0.943668 0.0563325
2 0.995878 0.00412247
4 1.27781e-06 0.999999
2 0.988593 0.0114067
2 0.999936 6.43404e-05
2 0.995375 0.00462458
4 5.6134e-05 0.999944
2 0.984249 0.0157512
4 0.434108 0.565892
4 0.241113 0.758887
4 3.61571e-05 0.999964
4 0.000774614 0.999225
2 0.999476 0.000523914
4 0.0018523 0.998148
2 0.541688 0.458312
4 1e-07 1
4 0.00230053 0.997699
2 0.998459 0.00154113
4 0.120373 0.879627
4 0.29032 0.70968
2 0.996368 0.00363233
4 0.0231553 0.976845
4 0.170039 0.829961
2 0.87659 0.12341
4 4.18659e-06 0.999996
2 0.511686 0.488314
2 0.997668 0.00233216
2 0.510428 0.489572
4 1.63842e-05 0.999984
4 0.0284851 0.971515
4 0.176002 0.823998
2 0.503321 0.496679
2 0.761405 0.238595
2 0.747528 0.252472
4 0.0391703 0.96083
4 0.19232 0.80768
2 0.887408 0.112592
2 0.956618 0.0433817
4 0.401081 0.598919
2 0.779367 0.220633
4 0.197481 0.802519
4 0.00592859 0.994071
2 0.985542 0.0144577
2 0.999753 0.00024725
2 0.998301 0.00169879
2 0.892985 0.107015
2 0.939037 0.0609628
4 0.00175729 0.998243
4 0.00832139 0.991679
4 0.342704 0.657296
4 0.00896347 0.991037
4 0.346475 0.653525
2 0.999534 0.000466295
4 1e-07 1
2 0.996414 0.00358566
2 0.897575 0.102425
2 0.678499 0.321501
4 0.0169842 0.983016
2 0.794285 0.205715
4 0.463413 0.536587
2 0.846215 0.153785
4 0.16336 0.83664
2 0.853116 0.146884
2 0.935668 0.0643316
2 0.91206 0.0879398
2 0.935989 0.064011
2 0.993152 0.00684791
2 0.657302 0.342698
2 0.936445 0.0635551
4 1.95521e-06 0.999998
4 1.95313e-06 0.999998
2 0.550141 0.449859
4 0.0271454 0.972855
4 1.31867e-05 0.999987
4 1e-07 1
4 3.5216e-07 1
4 0.0115199 0.98848
4 0.273662 0.726338
2 0.772682 0.227318
2 0.999981 1.94256e-05
2 0.625023 0.374977
4 0.0713767 0.928623
2 0.75058 0.24942
4 5.19458e-07 0.999999
2 0.84079 0.15921
2 0.71071 0.28929
4 0.352615 0.647385
4 6.76159e-05 0.999932
2 0.736556 0.263444
2 0.999444 0.000555722
2 0.91049 0.0895101
2 0.80747 0.19253
4 0.00377288 0.996227
4 0.0543885 0.945612
2 0.901285 0.0987151
4 0.0309611 0.969039
2 0.999887 0.000113128
2 0.871874 0.128126
4 0.00418191 0.995818
4 0.321986 0.678014
2 0.930012 0.0699883
2 0.988321 0.0116789
2 0.98666 0.0133401
4 0.269031 0.730969
2 0.998583 0.00141713
4 0.0173089 0.982691
4 0.0524267 0.947573
2 0.990821 0.00917949
2 0.837694 0.162306
4 0.0303032 0.969697
2 0.749708 0.250292
4 2.25075e-06 0.999998
2 0.862336 0.137664
4 0.0358797 0.96412
2 0.862394 0.137606
4 0.331755 0.668245
4 1e-07 1
4 0.0142331 0.985767
2 0.998883 0.00111723
4 7.66526e-06 0.999992
2 0.984252 0.0157484
2 0.848782 0.151218
4 0.000974303 0.999026
4 0.00479751 0.995202
4 0.00429917 0.995701
2 0.70431 0.29569
2 0.993084 0.00691645
2 0.982185 0.0178154
4 0.474748 0.525252
2 0.999857 0.000142834
2 0.700837 0.299163
2 0.541247 0.458753
4 0.0246797 0.97532
2 0.993311 0.00668863
2 0.61738 0.38262
2 0.992625 0.00737549
2 0.999872 0.000127572
2 0.914845 0.0851554
4 1.75e-07 1
2 0.549992 0.450008
4 1e-07 1
4 0.212891 0.787109
4 0.0102588 0.989741
4 0.000647673 0.999352
4 1.67114e-05 0.999983
2 0.941002 0.0589981
2 0.994665 0.00533484
2 0.995243 0.00475691
2 0.995482 0.00451768
4 0.00113914 0.998861
4 0.0510093 0.948991
4 1e-07 1
2 0.852489 0.147511
4 0.00301651 0.996983
4 0.133761 0.866239
2 0.998142 0.00185841
4 0.000654497 0.999346
4 1e-07 1
2 0.998418 0.00158221
2 0.925198 0.0748016
2 0.719234 0.280766
4 0.00132651 0.998673
4 0.33839 0.66161
4 0.37877 0.62123
2 0.993431 0.00656926
2 0.997985 0.00201502
2 0.785714 0.214286
4 0.34336 0.65664
2 0.999369 0.00063066
4 0.000193504 0.999806
4 0.000461017 0.999539
4 1e-07 1
4 0.365518 0.634482
2 0.980743 0.0192567
4 0.350196 0.649804
4 0.0783196 0.92168
4 0.00138497 0.998615
2 0.895156 0.104844
2 0.993159 0.00684069
4 0.38613 0.61387
2 0.712737 0.287263
2 0.750061 0.249939
2 0.999777 0.000223367
4 0.0677364 0.932264
2 0.988982 0.0110177
4 0.217138 0.782862
2 0.99848 0.00152015
4 0.261536 0.738464
4 3.97675e-07 1
4 0.424131 0.575869
2 0.866149 0.133851
4 0.00328492 0.996715
4 0.220828 0.779172
4 0.000305434 0.999695
2 0.620751 0.379249
4 0.295595 0.704405
4 0.45304 0.54696
4 0.371798 0.628202
4 1.7639e-05 0.999982
4 1e-07 1
2 0.512448 0.487552
4 0.114485 0.885515
2 0.996571 0.00342949
4 0.110246 0.889754
2 0.950417 0.049583
4 0.44187 0.55813
2 0.572898 0.427102
2 0.988178 0.0118221
2 0.99519 0.0048098
2 0.945093 0.0549075
4 0.000340349 0.99966
2 0.536759 0.463241
2 0.996207 0.00379254
4 1.60984e-05 0.999984
2 0.990894 0.00910592
4 0.443756 0.556244
4 0.0021832 0.997817
4 1e-07 1
2 0.701306 0.298694
4 0.00360129 0.996399
4 1e-07 1
2 0.968468 0.0315321
2 0.997557 0.00244345
4 0.299133 0.700867
2 0.83885 0.16115
2 0.998978 0.00102182
4 0.461773 0.538227
4 0.250264 0.749736
4 0.378005 0.621995
2 0.999825 0.000174818
4 1e-07 1
4 0.000640025 0.99936
4 2.26846e-07 1
4 0.427746 0.572254
2 0.992054 0.00794606
2 0.949442 0.0505576
2 0.999714 0.000285982
2 0.99603 0.00396955
4 2.89652e-05 0.999971
2 0.999221 0.000778921
2 0.994117 0.00588302
2 0.660301 0.339699
2 0.998229 0.00177053
4 0.00052966 0.99947
2 0.999264 0.000736147
2 0.880538 0.119462
2 0.554979 0.445021
2 0.994978 0.00502159
2 0.865844 0.134156
4 0.478126 0.521874
4 0.349326 0.650674
4 0.282288 0.717712
2 0.717317 0.282683
2 0.585029 0.414971
4 0.0443186 0.955681
4 0.000447561 0.999552
2 0.984429 0.0155715
2 0.968424 0.0315763
2 0.813674 0.186326
2 0.99964 0.000359696
4 1e-07 1
4 0.000882343 0.999118
4 0.142517 0.857483
2 0.876263 0.123737
2 0.945912 0.0540881
4 0.0531801 0.94682
4 0.0108139 0.989186
2 0.999851 0.000148962
4 1.45652e-05 0.999985
4 1.83312e-05 0.999982
2 0.999744 0.000256481
2 0.873455 0.126545
4 0.45279 0.54721
4 0.290987 0.709013
2 0.941453 0.0585469
2 0.97355 0.0264498
2 0.500505 0.499495
4 0.330561 0.669439
2 0.997871 0.00212885
2 0.995648 0.0043518
2 0.615306 0.384694
4 2.54405e-05 0.999975
2 0.724636 0.275364
4 0.475035 0.524965
2 0.793498 0.206502
4 0.285482 0.714518
2 0.987214 0.0127861
2 0.998011 0.00198873
4 0.191753 0.808247
2 0.807582 0.192418
4 0.19864 0.80136
4 0.0193156 0.980684
2 0.882289 0.117711
4 1e-07 1
2 0.986568 0.0134323
2 0.997133 0.00286665
2 0.864077 0.135923
2 0.87778 0.12222
4 0.00126982 0.99873
2 0.935551 0.0644489
2 0.999142 0.000857775
2 0.847448 0.152552
4 0.0010944 0.998906
4 1e-07 1
2 0.818755 0.181245
2 0.999221 0.00077885
2 0.99939 0.000610452
4 0.380394 0.619606
2 0.999333 0.000667051
4 0.00179932 0.998201
4 0.198784 0.801216
2 0.511919 0.488081
4 0.281009 0.718991
4 1.45256e-05 0.999985
2 0.993805 0.00619542
2 0.999929 7.07482e-05
4 0.269924 0.730076
4 1e-07 1
4 1e-07 1
2 0.999955 4.49715e-05
4 1.19196e-07 1
2 0.991825 0.00817515
2 0.997785 0.00221477
4 0.000161632 0.999838
2 0.995723 0.00427745
4 0.213682 0.786318
4 1e-07 1
4 0.295431 0.704569
2 0.927226 0.0727741
4 0.419426 0.580574
2 0.994652 0.00534828
4 0.430168 0.569832
4 0.0220061 0.977994
4 0.00674884 0.993251
4 0.000647532 0.999352
4 0.0780222 0.921978
4 0.0263929 0.973607
4 2.49202e-06 0.999998
2 0.734119 0.265881
4 0.419892 0.580108
4 0.0321336 0.967866
4 1.32839e-05 0.999987
4 0.188761 0.811239
4 1e-07 1
4 0.464649 0.535351
4 4.5569e-07 1
2 0.997601 0.00239874
2 0.961562 0.0384379
4 0.442665 0.557335
4 0.0661232 0.933877
2 0.964151 0.0358491
2 0.689369 0.310631
4 1.23657e-05 0.999988
4 0.0147399 0.98526
4 0.00573228 0.994268
2 0.667697 0.332303
2 0.999487 0.000513277
4 1e-07 1
4 0.00726588 0.992734
2 0.927892 0.0721078
2 0.995381 0.00461894
2 0.621439 0.378561
4 0.0312663 0.968734
4 0.406493 0.593507
4 7.07179e-05 0.999929
2 0.998304 0.00169594
2 0.993046 0.00695444
2 0.999747 0.000252789
2 0.994625 0.00537508
2 0.997238 0.00276217
2 0.999993 6.95113e-06
4 0.181067 0.818933
2 0.99512 0.00488044
4 0.248542 0.751458
2 0.747904 0.252096
2 0.525013 0.474987
4 0.0129703 0.98703
2 0.991123 0.00887685
2 0.573262 0.426738
4 2.27386e-06 0.999998
2 0.945384 0.0546161
4 0.00701594 0.992984
4 8.09716e-05 0.999919
2 0.997873 0.00212657
4 0.332762 0.667238
4 0.379663 0.620337
2 0.998935 0.00106506
2 0.999868 0.000132082
4 4.23902e-05 0.999958
2 0.930649 0.0693508
4 0.000470555 0.999529
4 0.293559 0.706441
4 0.000450411 0.99955
2 0.762164 0.237836
2 0.996607 0.00339259
4 4.53101e-05 0.999955
2 0.997151 0.00284886
2 0.972432 0.0275682
4 0.00819226 0.991808
2 0.500591 0.499409
4 0.0176526 0.982347
4 0.00111286 0.998887
2 0.998325 0.00167466
2 0.664126 0.335874
4 1e-07 1
2 0.642414 0.357586
4 0.0034683 0.996532
2 0.90134 0.0986596
2 0.792901 0.207099
4 1e-07 1
4 0.00342043 0.99658
2 0.995972 0.00402803
2 0.9071 0.0929003
2 0.542206 0.457794
2 0.857468 0.142532
2 0.991804 0.00819623
2 0.999893 0.000106598
2 0.995775 0.00422478
2 0.821053 0.178947
4 0.229619 0.770381
2 0.999963 3.69872e-05
2 0.694027 0.305973
2 0.523196 0.476804
2 0.737027 0.262973
2 0.667771 0.332229
4 1e-07 1
2 0.998169 0.00183123
4 0.291798 0.708202
4 0.000942906 0.999057
4 0.000595069 0.999405
4 0.00131916 0.998681
4 0.459906 0.540094
4 0.429537 0.570463
2 0.937145 0.0628551
2 0.92486 0.0751403
2 0.995741 0.00425931
2 0.970458 0.0295417
4 0.36816 0.63184
2 0.90456 0.0954405
2 0.880643 0.119357
2 0.913355 0.0866446
2 0.994866 0.00513408
4 0.000584222 0.999416
2 0.96896 0.0310402
4 0.00274236 0.997258
4 1e-07 1
2 0.870249 0.129751
2 0.997427 0.002573
2 0.999728 0.000271765
2 0.999987 1.29622e-05
2 0.995257 0.00474262
2 0.994994 0.00500587
2 0.989517 0.0104825
2 0.998627 0.00137297
2 0.500791 0.499209
4 1.54742e-06 0.999998
4 1.3569e-06 0.999999
2 0.996371 0.00362941
2 0.80384 0.19616
2 0.99359 0.00641015
4 0.0666201 0.93338
2 0.999661 0.000338823
4 0.422851 0.577149
2 0.990861 0.00913925
2 0.996221 0.00377925
2 0.591144 0.408856
4 0.441828 0.558172
4 1.54286e-06 0.999998
2 0.626356 0.373644
2 0.734852 0.265148
4 0.204955 0.795045
2 0.999565 0.000434746
2 0.998436 0.00156429
2 0.998841 0.00115907
4 1.99659e-05 0.99998
4 0.363403 0.636597
4 0.00204988 0.99795
2 0.999952 4.76295e-05
2 0.99529 0.00471018
4 0.205602 0.794398
2 0.947763 0.0522366
4 0.00148434 0.998516
2 0.786532 0.213468
2 0.997819 0.00218082
4 3.92415e-07 1
4 1.22064e-05 0.999988
2 0.995065 0.00493528
4 0.000419095 0.999581
4 1e-07 1
4 0.331499 0.668501
2 0.997345 0.00265462
2 0.999933 6.6808e-05
4 0.0034368 0.996563
2 0.999984 1.56354e-05
4 0.149984 0.850016
2 0.995628 0.0043719
4 0.164419 0.835581
4 0.00343974 0.99656
2 0.99636 0.00363953
4 0.296923 0.703077
4 0.326531 0.673469
4 0.000101799 0.999898
2 0.998569 0.001431
4 0.0568686 0.943131
4 0.00805356 0.991946
2 0.996178 0.00382166
2 0.850723 0.149277
4 0.456208 0.543792
2 0.887379 0.112621
2 0.998756 0.00124385
2 0.99929 0.00070958
2 0.999689 0.000311252
2 0.987155 0.0128454
2 0.732564 0.267436
2 0.535473 0.464527
2 0.998854 0.00114621
2 0.936862 0.0631383
4 0.00589736 0.994103
4 2.3188e-05 0.999977
4 1e-07 1
2 0.510986 0.489014
2 0.998217 0.00178331
4 0.00689307 0.993107
2 0.777932 0.222068
2 0.99998 2.00318e-05
2 0.99993 6.97292e-05
2 0.993017 0.00698292
4 0.0401729 0.959827
2 0.995135 0.00486535
4 0.0159921 0.984008
2 0.992306 0.00769442
2 0.996658 0.00334221
4 1e-07 1
2 0.599431 0.400569
4 0.00908787 0.990912
2 0.996325 0.00367471
4 0.211908 0.788092
4 0.391797 0.608203
4 0.0157658 0.984234
2 0.995239 0.00476133
2 0.754919 0.245081
4 0.0334355 0.966564
4 0.11662 0.88338
4 0.00672098 0.993279
2 0.644724 0.355276
2 0.992684 0.00731625
2 0.703615 0.296385
2 0.652878 0.347122
4 0.180869 0.819131
4 0.425171 0.574829
2 0.998466 0.00153366
4 0.260044 0.739956
4 0.00270033 0.9973
4 0.344283 0.655717
2 0.99805 0.00195026
4 0.114602 0.885398
4 0.204656 0.795344
4 0.0128611 0.987139
2 0.997805 0.00219521
4 0.360113 0.639887
2 0.694215 0.305785
2 0.55624 0.44376
2 0.766582 0.233418
2 0.990653 0.00934743
4 1e-07 1
2 0.857203 0.142797
2 0.980627 0.0193732
4 0.107406 0.892594
2 0.978155 0.0218452
4 0.0116305 0.98837
2 0.818056 0.181944
2 0.95983 0.0401696
2 0.997963 0.0020371
4 3.75513e-06 0.999996
4 0.0840128 0.915987
2 0.999947 5.28076e-05
4 5.77227e-06 0.999994
4 0.492547 0.507453
2 0.908995 0.0910052
4 0.00111488 0.998885
2 0.999937 6.33163e-05
4 3.47685e-05 0.999965
4 0.0706537 0.929346
2 0.602806 0.397194
2 0.817099 0.182901
2 0.943347 0.0566531
2 0.976031 0.0239694
2 0.897608 0.102392
2 0.793189 0.206811
2 0.630437 0.369563
4 0.0386697 0.96133
4 0.00533487 0.994665
2 0.997762 0.00223775
2 0.543787 0.456213
2 0.946406 0.0535937
2 0.60129 0.39871
2 0.998498 0.00150158
2 0.966624 0.0333759
2 0.99719 0.00281009
2 0.700584 0.299416
2 0.722326 0.277674
2 0.926695 0.0733049
2 0.537063 0.462937
4 6.10508e-05 0.999939
4 1e-07 1
2 0.996288 0.00371195
2 0.999906 9.38756e-05
4 0.00620773 0.993792
4 0.0140045 0.985995
2 0.906664 0.0933365
2 0.996593 0.00340733
2 0.999479 0.000521055
2 0.834003 0.165997
4 1e-07 1
4 1e-07 1
4 0.00638103 0.993619
4 0.00486916 0.995131
4 0.44305 0.55695
2 0.663696 0.336304
4 0.358401 0.641599
4 0.337888 0.662112
4 0.118982 0.881018
2 0.551729 0.448271
4 3.65821e-05 0.999963
2 0.99995 5.00079e-05
2 0.999738 0.000262081
4 0.318142 0.681858
4 1e-07 1
4 3.33357e-05 0.999967
4 0.0108359 0.989164
2 0.99794 0.00206001
4 0.0476922 0.952308
2 0.892725 0.107275
2 0.998221 0.00177868
4 0.000338939 0.999661
4 0.0117304 0.98827
2 0.993018 0.00698235
2 0.845539 0.154461
4 0.0537879 0.946212
4 1.79499e-07 1
2 0.999822 0.000178481
2 0.828682 0.171318
2 0.773527 0.226473
4 0.0325267 0.967473
2 0.956539 0.043461
2 0.954663 0.0453375
4 1.71511e-05 0.999983
4 0.0361318 0.963868
2 0.799311 0.200689
4 0.158187 0.841813
4 0.125726 0.874274
2 0.993903 0.00609743
4 0.0034876 0.996512
2 0.708698 0.291302
2 0.991184 0.00881605
4 0.00677837 0.993222
4 1e-07 1
4 0.000172251 0.999828
2 0.942404 0.057596
2 0.586025 0.413975
2 0.999352 0.000647554
4 0.192904 0.807096
2 0.876958 0.123042
2 0.639316 0.360684
2 0.868558 0.131442
2 0.99782 0.00217978
2 0.946232 0.0537685
4 1.1268e-05 0.999989
2 0.991164 0.00883628
2 0.999996 4.11238e-06
4 5.74753e-06 0.999994
2 0.618996 0.381004
4 0.000610953 0.999389
2 0.999153 0.000847271
2 0.998263 0.0017366
4 0.460156 0.539844
2 0.981201 0.0187986
2 0.751716 0.248284
4 0.143637 0.856363
4 0.0611815 0.938819
4 0.444736 0.555264
2 0.876274 0.123726
2 0.998297 0.00170299
4 4.71218e-05 0.999953
2 0.999564 0.000435962
2 0.724116 0.275884
4 1e-07 1
4 1.16367e-07 1
4 0.461127 0.538873
2 0.97109 0.0289099
4 0.00767842 0.992322
2 0.846362 0.153638
2 0.655798 0.344202
4 0.0935884 0.906412
4 0.277667 0.722333
4 1e-07 1
2 0.995976 0.00402392
2 0.994345 0.00565504
4 0.0111671 0.988833
4 0.0106558 0.989344
2 0.998175 0.00182531
4 0.00299256 0.997007
4 0.32188 0.67812
4 0.218811 0.781189
2 0.581021 0.418979
4 1e-07 1
4 0.0837331 0.916267
2 0.996826 0.00317381
4 0.414022 0.585978
2 0.909044 0.090956
2 0.930179 0.0698206
4 0.150923 0.849077
2 0.994187 0.00581274
4 0.376304 0.623696
4 0.111679 0.888321
4 0.000529854 0.99947
4 0.456022 0.543978
2 0.942143 0.0578566
4 2.4118e-06 0.999998
4 1.47674e-05 0.999985
2 0.997645 0.00235521
4 1e-07 1
2 0.994824 0.0051756
2 0.926211 0.0737888
2 0.634695 0.365305
2 0.928403 0.0715967
4 0.0720236 0.927976
4 0.00211999 0.99788
2 0.994171 0.00582888
4 1e-07 1
4 8.7812e-05 0.999912
4 1.21057e-06 0.999999
4 0.264682 0.735318
2 0.63443 0.36557
2 0.891621 0.108379
2 0.839943 0.160057
4 0.000237505 0.999762
4 0.387206 0.612794
2 0.779797 0.220203
2 0.992401 0.00759925
2 0.99478 0.00522023
2 0.99851 0.00148996
4 0.299972 0.700028
2 0.999679 0.00032057
2 0.994588 0.00541178
4 1e-07 1
4 2.46537e-06 0.999998
2 0.963115 0.0368855
4 1e-07 1
4 0.169628 0.830372
4 0.00890353 0.991096
4 3.1799e-06 0.999997
4 4.24928e-05 0.999958
2 0.992957 0.0070433
4 1e-07 1
4 1e-07 1
4 0.00742157 0.992578
4 0.44744 0.55256
2 0.999997 2.71191e-06
2 0.9925 0.00749961
2 0.606765 0.393235
2 0.955346 0.0446536
2 0.693459 0.306541
2 0.99437 0.00562999
4 0.0246086 0.975391
4 0.00300624 0.996994
4 0.393643 0.606357
4 0.220841 0.779159
2 0.99671 0.00329048
2 0.64692 0.35308
4 0.367492 0.632508
2 0.532269 0.467731
2 0.520468 0.479532
4 0.00201375 0.997986
2 0.999426 0.00057384
2 0.982878 0.0171216
4 0.00166096 0.998339
2 0.999991 8.78476e-06
4 3.62854e-06 0.999996
2 0.997117 0.00288282
2 0.717758 0.282242
4 8.32153e-06 0.999992
2 0.99536 0.00463971
4 1e-07 1
4 1e-07 1
4 2.36573e-06 0.999998
2 0.522612 0.477388
4 0.299453 0.700547
2 0.99856 0.00144009
2 0.999859 0.000141256
4 0.0524382 0.947562
2 0.998207 0.0017932
2 0.571994 0.428006
2 0.999198 0.000801865
4 0.019475 0.980525
4 0.063586 0.936414
2 0.891409 0.108591
2 0.906064 0.0939362
2 0.997145 0.0028554
4 4.17312e-06 0.999996
2 0.998931 0.00106879
4 0.475258 0.524742
2 0.604558 0.395442
4 0.204957 0.795043
2 0.997068 0.00293168
2 0.886931 0.113069
4 0.202268 0.797732
2 0.516743 0.483257
2 0.989651 0.0103487
4 0.0113855 0.988615
4 0.0586436 0.941356
4 0.00386426 0.996136
4 0.00090905 0.999091
4 0.000103145 0.999897
2 0.887565 0.112435
2 0.992678 0.0073219
2 0.99495 0.00504991
2 0.995527 0.00447252
2 0.89666 0.10334
4 5.28929e-05 0.999947
4 1.23636e-07 1
2 0.545397 0.454603
4 8.04264e-07 0.999999
2 0.65555 0.34445
4 0.486369 0.513631
2 0.99923 0.000770047
4 0.00083524 0.999165
4 0.0206016 0.979398
4 0.00469057 0.995309
4 0.334706 0.665294
4 0.285825 0.714175
2 0.529615 0.470385
2 0.997051 0.00294894
4 0.389573 0.610427
4 0.0123284 0.987672
4 0.27263 0.72737
4 1e-07 1
2 0.933433 0.066567
2 0.617698 0.382302
2 0.998816 0.00118429
4 1e-07 1
4 2.33378e-06 0.999998
2 0.883988 0.116012
2 0.98444 0.0155601
2 0.999816 0.000184202
4 1.57494e-05 0.999984
2 0.997344 0.00265611
4 0.420285 0.579715
2 0.85449 0.14551
4 0.00365012 0.99635
4 0.00206871 0.997931
2 0.656868 0.343132
2 0.646448 0.353552
4 0.000449775 0.99955
2 0.999064 0.000935689
2 0.939475 0.0605246
2 0.935804 0.0641963
4 0.0495694 0.950431
4 0.382505 0.617495
4 0.0154344 0.984566
2 0.992983 0.00701727
2 0.925754 0.0742456
2 0.861276 0.138724
2 0.981147 0.0188532
2 0.999833 0.000166697
4 0.0451734 0.954827
2 0.995871 0.00412872
4 0.4891 0.5109
2 0.885822 0.114178
4 9.86789e-06 0.99999
2 0.897251 0.102749
4 0.000175513 0.999824
4 0.0695242 0.930476
4 0.176214 0.823786
2 0.928146 0.0718536
4 0.000339599 0.99966
2 0.997045 0.00295505
4 0.00211638 0.997884
2 0.665337 0.334663
2 0.997462 0.00253809
4 0.227157 0.772843
4 0.00703601 0.992964
2 0.998553 0.0014471
2 0.99305 0.00695037
2 0.874416 0.125584
4 0.404781 0.595219
4 0.00463705 0.995363
2 0.892426 0.107574
4 6.07962e-05 0.999939
2 0.972251 0.027749
4 0.0801482 0.919852
4 0.000124822 0.999875
4 0.476799 0.523201
4 1.16165e-06 0.999999
4 0.156267 0.843733
2 0.885206 0.114794
4 0.278672 0.721328
2 0.998363 0.00163695
2 0.974004 0.0259962
4 0.00443327 0.995567
4 0.00268454 0.997315
4 0.280411 0.719589
2 0.999531 0.000469283
2 0.997192 0.00280784
2 0.657823 0.342177
2 0.998208 0.00179234
4 0.0762372 0.923763
4 0.420843 0.579157
2 0.959918 0.0400822
2 0.992264 0.00773585
4 0.0841576 0.915842
2 0.989279 0.0107209
4 2.38438e-05 0.999976
4 0.233091 0.766909
4 1.01388e-06 0.999999
4 1.58271e-07 1
4 0.308023 0.691977
2 0.924862 0.075138
2 0.994062 0.0059382
2 0.999729 0.000270813
4 0.384886 0.615114
2 0.998601 0.00139938
4 0.079828 0.920172
2 0.909268 0.0907321
2 0.635381 0.364619
2 0.530686 0.469314
4 0.350811 0.649189
4 0.0439957 0.956004
2 0.999328 0.000672484
2 0.946599 0.0534007
2 0.935769 0.0642315
2 0.758986 0.241014
2 0.998916 0.00108437
4 0.112508 0.887492
2 0.767029 0.232971
4 7.57131e-06 0.999992
2 0.999437 0.000562589
2 0.690955 0.309045
4 0.180984 0.819016
4 0.0240313 0.975969
2 0.999854 0.000145912
4 0.00283856 0.997161
4 0.287517 0.712483
2 0.999951 4.91732e-05
2 0.996254 0.00374639
4 1e-07 1
4 0.480316 0.519684
2 0.999875 0.000124562
4 0.000824596 0.999175
4 0.0974929 0.902507
4 0.016014 0.983986
2 0.995732 0.00426823
2 0.973155 0.026845
4 2.45273e-06 0.999998
4 0.118331 0.881669
4 5.05991e-06 0.999995
2 0.671886 0.328114
2 0.75286 0.24714
2 0.950085 0.0499149
2 0.971733 0.0282668
2 0.686701 0.313299
2 0.865043 0.134957
2 0.734442 0.265558
4 1.16891e-05 0.999988
2 0.99994 6.03938e-05
4 1e-07 1
4 0.255412 0.744588
4 0.339544 0.660456
2 0.997749 0.00225057
4 9.32687e-06 0.999991
2 0.981996 0.0180043
4 0.000762201 0.999238
4 0.0982707 0.901729
2 0.764128 0.235872
2 0.992039 0.00796137
2 0.999791 0.000208571
4 0.416798 0.583202
2 0.997158 0.00284193
2 0.997933 0.00206662
2 0.998597 0.00140292
2 0.99731 0.00269038
2 0.997235 0.00276501
2 0.998997 0.00100314
4 0.0173678 0.982632
4 2.56815e-05 0.999974
4 2.76783e-06 0.999997
4 0.399844 0.600156
4 0.376976 0.623024
2 0.644506 0.355494
2 0.986328 0.0136721
2 0.998855 0.00114454
2 0.998146 0.00185401
2 0.992565 0.00743515
2 0.529122 0.470878
4 0.00132629 0.998674
4 1e-07 1
2 0.99972 0.000279601
2 0.717741 0.282259
4 0.225729 0.774271
2 0.65237 0.34763
4 0.0102493 0.989751
2 0.530773 0.469227
2 0.998347 0.00165266
4 4.78493e-05 0.999952
2 0.74401 0.25599
2 0.83385 0.16615
2 0.883868 0.116132
2 0.945413 0.0545875
2 0.992983 0.00701688
2 0.994523 0.00547703
4 1e-07 1
4 0.3758 0.6242
4 1.43631e-05 0.999986
4 0.0493531 0.950647
2 0.520728 0.479272
2 0.999924 7.63523e-05
4 0.00316039 0.99684
4 5.33408e-05 0.999947
2 0.61915 0.38085
4 0.0527809 0.947219
2 0.922525 0.0774753
2 0.999999 8.61995e-07
4 0.0463796 0.95362
4 0.396925 0.603075
4 3.79307e-05 0.999962
4 0.413638 0.586362
2 0.849285 0.150715
4 5.02273e-07 0.999999
2 0.933776 0.0662243
4 1e-07 1
4 1e-07 1
4 0.000333913 0.999666
2 0.538028 0.461972
2 0.999274 0.000726167
2 0.753607 0.246393
4 0.373738 0.626262
2 0.807848 0.192152
2 0.999534 0.000465848
2 0.944888 0.0551124
2 0.931516 0.0684845
4 0.00124073 0.998759
2 0.538796 0.461204
2 0.758095 0.241905
2 0.993673 0.006327
2 0.998402 0.00159796
4 0.00430832 0.995692
4 0.334247 0.665753
2 0.993535 0.00646486
4 1.49221e-06 0.999999
2 0.997385 0.00261501
4 6.98435e-07 0.999999
2 0.854524 0.145476
4 0.107306 0.892694
4 0.137235 0.862765
4 0.220769 0.779231
2 0.860799 0.139201
4 2.51869e-06 0.999997
2 0.959717 0.0402828
4 0.0775404 0.92246
2 0.611106 0.388894
2 0.999261 0.000739335
2 0.591279 0.408721
2 0.996131 0.00386858
4 0.405803 0.594197
2 0.998716 0.00128412
4 0.260634 0.739366
2 0.855365 0.144635
2 0.983841 0.0161592
4 7.47285e-05 0.999925
4 5.13972e-06 0.999995
2 0.895477 0.104523
4 0.479839 0.520161
2 0.874962 0.125038
2 0.999926 7.43376e-05
4 8.99198e-06 0.999991
4 0.411875 0.588125
4 0.432111 0.567889
2 0.999567 0.00043252
2 0.9258 0.0742002
2 0.718724 0.281276
4 0.39846 0.60154
4 1.40555e-05 0.999986
4 0.000246395 0.999754
2 0.991302 0.00869778
2 0.622847 0.377153
2 0.802712 0.197288
2 0.996663 0.00333727
2 0.998864 0.00113576
4 7.10909e-05 0.999929
4 0.000267406 0.999733
4 3.58635e-05 0.999964
2 0.762413 0.237587
4 0.00337614 0.996624
4 0.200904 0.799096
2 0.998297 0.00170306
4 0.019819 0.980181
2 0.994904 0.00509552
2 0.846627 0.153373
2 0.737141 0.262859
4 8.89427e-06 0.999991
4 0.0249707 0.975029
2 0.999086 0.000913882
4 0.00331819 0.996682
2 0.885779 0.114221
2 0.993184 0.00681598
4 0.0190731 0.980927
4 0.378111 0.621889
4 1e-07 1
4 0.376409 0.623591
2 0.826891 0.173109
4 0.00770234 0.992298
4 1e-07 1
4 0.313484 0.686516
4 0.0031747 0.996825
2 0.988533 0.0114674
4 0.0529352 0.947065
4 0.402154 0.597846
2 0.59666 0.40334
2 0.999194 0.000805995
2 0.996872 0.0031277
2 0.977748 0.0222521
2 0.968434 0.0315658
2 0.880542 0.119458
2 0.840852 0.159148
2 0.516441 0.483559
2 0.999559 0.000440518
2 0.99992 8.01468e-05
4 0.142129 0.857871
4 0.000191283 0.999809
2 0.998521 0.00147887
2 0.703877 0.296123
4 0.00126728 0.998733
4 0.370092 0.629908
4 0.373189 0.626811
2 0.987742 0.012258
2 0.995278 0.00472216
2 0.73589 0.26411
2 0.510453 0.489547
4 0.230413 0.769587
2 0.999992 7.99114e-06
2 0.835107 0.164893
2 0.697568 0.302432
4 6.55531e-05 0.999934
4 3.07746e-07 1
4 1e-07 1
2 0.983193 0.0168068
4 0.000100425 0.9999
4 0.478535 0.521465
4 0.0290165 0.970983
2 0.71801 0.28199
2 0.998104 0.001896
4 0.22851 0.77149
4 0.00734341 0.992657
4 6.23119e-05 0.999938
2 0.88709 0.11291
2 0.887553 0.112447
2 0.968347 0.0316525
2 0.999819 0.000180519
2 0.8732 0.1268
4 0.0225748 0.977425
4 1e-07 1
4 8.70338e-07 0.999999
4 0.00326639 0.996734
4 0.00021308 0.999787
2 0.99658 0.00342013
4 0.00142351 0.998576
2 0.814121 0.185879
2 0.949743 0.0502571
4 0.0184043 0.981596
2 0.923046 0.0769543
4 0.291847 0.708153
4 1.8146e-07 1
4 0.110375 0.889625
2 0.991709 0.00829129
2 0.974617 0.0253832
4 0.310927 0.689073
4 0.142417 0.857583
2 0.99978 0.000220086
2 0.757834 0.242166
2 0.84938 0.15062
4 0.0265968 0.973403
4 0.00299994 0.997
2 0.895273 0.104727
2 0.655747 0.344253
4 0.00707592 0.992924
4 1e-07 1
4 0.291116 0.708884
4 0.000166633 0.999833
4 1e-07 1
2 0.943691 0.0563086
2 0.99862 0.00138013
2 0.659093 0.340907
2 0.990119 0.00988106
4 1e-07 1
4 0.00702614 0.992974
4 0.481534 0.518466
2 0.999748 0.000251813
2 0.79565 0.20435
2 0.885218 0.114782
2 0.999848 0.000152306
2 0.997092 0.00290837
2 0.978233 0.0217673
4 0.000346636 0.999653
2 0.66936 0.33064
2 0.993347 0.00665257
2 0.886365 0.113635
4 0.355109 0.644891
2 0.999736 0.000264075
2 0.809774 0.190226
4 0.142109 0.857891
2 0.756879 0.243121
4 0.0743086 0.925691
4 3.55096e-07 1
2 0.997921 0.00207868
2 0.827573 0.172427
2 0.97995 0.0200501
4 1e-07 1
4 0.025125 0.974875
2 0.968025 0.0319752
2 0.94495 0.0550502
4 0.0119258 0.988074
2 0.999908 9.15542e-05
4 0.179138 0.820862
2 0.99969 0.000310311
2 0.71618 0.28382
4 1.37302e-06 0.999999
4 0.00342193 0.996578
2 0.973309 0.026691
4 0.215253 0.784747
4 0.483629 0.516371
2 0.997955 0.00204502
2 0.829841 0.170159
2 0.981897 0.018103
2 0.999518 0.000481578
4 7.11401e-06 0.999993
2 0.997675 0.00232507
4 0.148294 0.851706
2 0.788893 0.211107
2 0.849986 0.150014
4 1e-07 1
2 0.931848 0.0681521
4 0.00120093 0.998799
4 4.69888e-06 0.999995
2 0.833416 0.166584
4 0.0429393 0.957061
4 4.31371e-05 0.999957
4 0.028815 0.971185
4 0.0017462 0.998254
4 0.00889779 0.991102
4 6.88901e-05 0.999931
4 6.91556e-06 0.999993
4 0.498621 0.501379
4 0.000464086 0.999536
4 0.138816 0.861184
4 0.201772 0.798228
4 0.00272184 0.997278
2 0.644003 0.355997
2 0.989589 0.0104114
4 0.414104 0.585896
4 0.18618 0.81382
2 0.589735 0.410265
2 0.999555 0.000445161
4 0.15172 0.84828
4 5.53222e-07 0.999999
2 0.896248 0.103752
4 8.5729e-05 0.999914
4 4.01561e-06 0.999996
2 0.70539 0.29461
4 0.00343095 0.996569
2 0.88987 0.11013
4 0.000454066 0.999546
4 1e-07 1
4 0.134995 0.865005
4 3.64148e-05 0.999964
2 0.998334 0.00166614
2 0.999093 0.000906841
4 4.78155e-06 0.999995
2 0.999957 4.32039e-05
2 0.746938 0.253062
2 0.999815 0.000185389
2 0.76108 0.23892
2 0.847443 0.152557
2 0.578165 0.421835
4 0.0527934 0.947207
2 0.99816 0.0018402
4 0.000473021 0.999527
2 0.999947 5.34807e-05
4 0.000139724 0.99986
4 0.196396 0.803604
4 6.59091e-06 0.999993
4 0.0630162 0.936984
2 0.889059 0.110941
4 0.110828 0.889172
2 0.997833 0.00216726
2 0.625749 0.374251
2 0.993485 0.00651483
2 0.986693 0.0133067
4 0.0123638 0.987636
4 0.0480702 0.95193
2 0.8613 0.1387
2 0.972588 0.027412
2 0.56143 0.43857
2 0.872094 0.127906
4 1.38977e-07 1
4 0.241039 0.758961
2 0.99655 0.00344993
2 0.996149 0.00385138
4 0.374972 0.625028
4 0.000114558 0.999885
4 1.98836e-06 0.999998
2 0.744507 0.255493
2 0.99181 0.00818978
2 0.992922 0.00707803
2 0.99976 0.000240101
4 6.61369e-06 0.999993
4 4.22822e-06 0.999996
4 3.96902e-06 0.999996
2 0.609583 0.390417
2 0.561153 0.438847
4 0.0160177 0.983982
4 0.440602 0.559398
2 0.746501 0.253499
4 0.115194 0.884806
4 9.83192e-05 0.999902
2 0.996633 0.00336674
4 0.00106184 0.998938
2 0.995006 0.00499447
2 0.539347 0.460653
4 8.97303e-07 0.999999
4 0.325094 0.674906
4 0.158738 0.841262
4 4.54135e-07 1
2 0.730961 0.269039
2 0.538525 0.461475
2 0.612649 0.387351
2 0.881143 0.118857
2 0.830355 0.169645
4 0.46509 0.53491
2 0.563151 0.436849
4 0.0101831 0.989817
4 0.0235662 0.976434
4 1.79679e-05 0.999982
2 0.90354 0.0964603
2 0.767875 0.232125
2 0.885649 0.114351
4 1.64074e-05 0.999984
4 0.0408356 0.959164
2 0.859835 0.140165
2 0.927198 0.0728016
2 0.998029 0.00197068
4 0.00556383 0.994436
4 0.255062 0.744938
4 0.402142 0.597858
2 0.513111 0.486889
2 0.745414 0.254586
4 2.10582e-05 0.999979
2 0.99993 7.02131e-05
2 0.998292 0.00170824
4 1.39672e-05 0.999986
2 0.660922 0.339078
2 0.928027 0.0719733
4 0.000361774 0.999638
2 0.995949 0.00405135
4 0.00121762 0.998782
2 0.547328 0.452672
4 0.22411 0.77589
4 1e-07 1
4 7.99983e-05 0.99992
2 0.759368 0.240632
2 0.89619 0.10381
4 6.07873e-07 0.999999
4 0.435881 0.564119
4 0.144432 0.855568
4 0.00470072 0.995299
4 0.0767319 0.923268
2 0.998146 0.0018542
4 0.00023293 0.999767
4 1e-07 1
2 0.998916 0.0010842
4 4.79265e-05 0.999952
2 0.998554 0.00144582
4 1.04874e-06 0.999999
2 0.9723 0.0277
2 0.889188 0.110812
2 0.651056 0.348944
2 0.999744 0.000255631
2 0.99765 0.00234975
2 0.878736 0.121264
2 0.828601 0.171399
2 0.94446 0.0555396
2 0.994009 0.00599106
2 0.980263 0.0197367
2 0.968675 0.0313251
4 1.26369e-05 0.999987
4 0.0222182 0.977782
4 0.00012659 0.999873
2 0.999752 0.000247784
4 0.260019 0.739981
4 0.248721 0.751279
2 0.994553 0.00544677
2 0.965736 0.0342635
4 0.317981 0.682019
4 0.291157 0.708843
2 0.592813 0.407187
4 0.00692014 0.99308
2 0.894082 0.105918
2 0.998755 0.00124523
4 0.000665926 0.999334
4 4.92676e-06 0.999995
2 0.86171 0.13829
4 0.000116206 0.999884
4 2.38259e-06 0.999998
4 1e-07 1
2 0.846741 0.153259
2 0.571967 0.428033
4 0.219599 0.780401
2 0.930425 0.0695752
4 0.00114693 0.998853
4 0.164612 0.835388
4 0.0112428 0.988757
4 0.19497 0.80503
2 0.999603 0.000397464
2 0.982767 0.0172334
2 0.996991 0.00300899
2 0.908817 0.0911831
2 0.769753 0.230247
4 0.473948 0.526052
2 0.998504 0.00149551
4 0.469982 0.530018
4 0.274368 0.725632
2 0.99775 0.00224991
2 0.97138 0.0286203
2 0.999974 2.62115e-05
2 0.991395 0.00860508
2 0.999957 4.3025e-05
2 0.878628 0.121372
4 0.000104003 0.999896
2 0.995791 0.00420895
4 0.000444989 0.999555
4 1.94901e-06 0.999998
2 0.526672 0.473328
4 2.76158e-05 0.999972
2 0.998738 0.00126228
2 0.998449 0.00155051
2 0.921642 0.0783577
4 0.000270872 0.999729
4 0.0143913 0.985609
2 0.755639 0.244361
2 0.999986 1.3791e-05
2 0.999934 6.62085e-05
4 0.382658 0.617342
2 0.965632 0.0343678
4 0.148513 0.851487
2 0.955682 0.0443177
4 0.000392363 0.999608
4 0.0132967 0.986703
2 0.946827 0.0531727
4 1.84393e-05 0.999982
2 0.731055 0.268945
4 0.044411 0.955589
4 0.0116068 0.988393
2 0.721608 0.278392
4 1e-07 1
4 0.136546 0.863454
4 1.80596e-07 1
2 0.573193 0.426807
2 0.995864 0.00413623
4 0.287451 0.712549
2 0.915919 0.0840813
2 0.999357 0.000642703
4 7.43146e-06 0.999993
2 0.831134 0.168866
4 1e-07 1
2 0.929892 0.0701079
4 1e-07 1
4 0.00010843 0.999892
4 1e-07 1
4 0.0367716 0.963228
4 0.263303 0.736697
4 0.448562 0.551438
2 0.999838 0.000162012
2 0.959136 0.0408645
2 0.927531 0.0724689
2 0.996282 0.00371848
2 0.719407 0.280593
4 0.000391757 0.999608
4 1e-07 1
4 1e-07 1
2 0.998035 0.00196463
2 0.995961 0.00403854
4 4.79295e-05 0.999952
4 0.00749873 0.992501
2 0.995716 0.00428441
4 0.024029 0.975971
2 0.874831 0.125169
2 0.862226 0.137774
2 0.675177 0.324823
2 0.997357 0.00264289
2 0.942242 0.0577579
4 0.000215739 0.999784
2 0.993238 0.00676214
2 0.993216 0.00678422
2 0.622886 0.377114
2 0.810049 0.189951
4 0.0702748 0.929725
4 0.0147849 0.985215
4 0.0749694 0.925031
4 0.156546 0.843454
2 0.991061 0.00893942
2 0.998518 0.00148167
2 0.847051 0.152949
4 0.354718 0.645282
2 0.633085 0.366915
2 0.999778 0.000221872
4 0.13247 0.86753
4 1e-07 1
2 0.997976 0.00202352
2 0.961606 0.0383939
4 0.0888345 0.911166
2 0.876801 0.123199
4 0.0140471 0.985953
2 0.999971 2.94539e-05
4 0.428689 0.571311
4 0.0898324 0.910168
4 0.0863595 0.913641
2 0.994755 0.00524484
2 0.999155 0.000845126
4 0.000182265 0.999818
4 0.35667 0.64333
4 0.286533 0.713467
2 0.737575 0.262425
4 0.143514 0.856486
4 0.058969 0.941031
2 0.885869 0.114131
4 0.000720618 0.999279
2 0.979128 0.0208725
2 0.996115 0.00388455
2 0.893452 0.106548
4 0.156562 0.843438
4 0.382533 0.617467
2 0.998959 0.00104074
2 0.960008 0.0399921
4 0.0110251 0.988975
4 0.231896 0.768104
4 1.24411e-07 1
4 0.00317369 0.996826
4 0.116556 0.883444
4 9.72874e-05 0.999903
2 0.931158 0.068842
4 0.0813205 0.918679
2 0.992727 0.00727331
4 2.13479e-05 0.999979
4 0.00201693 0.997983
2 0.997469 0.00253054
2 0.983249 0.0167509
2 0.627169 0.372831
2 0.999616 0.000384498
4 0.000446136 0.999554
2 0.812031 0.187969
2 0.999983 1.67599e-05
4 0.236931 0.763069
4 0.410295 0.589705
4 2.25668e-06 0.999998
4 0.277445 0.722555
4 6.23497e-06 0.999994
4 0.0968996 0.9031
4 0.0593492 0.940651
2 0.999977 2.26524e-05
4 0.215421 0.784579
2 0.871436 0.128564
4 0.182339 0.817661
2 0.999439 0.000561441
2 0.998732 0.0012683
4 0.0470261 0.952974
4 0.0733759 0.926624
2 0.975698 0.0243021
2 0.994942 0.00505797
4 1.25881e-05 0.999987
2 0.999123 0.000876563
4 0.456484 0.543516
2 0.879596 0.120404
4 0.000746349 0.999254
2 0.986077 0.0139233
4 0.251539 0.748461
4 0.437424 0.562576
2 0.934319 0.0656814
4 0.0108638 0.989136
2 0.526628 0.473372
2 0.998782 0.00121797
2 0.999985 1.49847e-05
4 6.98087e-05 0.99993
4 2.01459e-06 0.999998
2 0.535235 0.464765
4 7.69587e-07 0.999999
2 0.853768 0.146232
2 0.568943 0.431057
4 0.00204359 0.997956
2 0.996208 0.00379177
4 0.0921706 0.907829
2 0.831318 0.168682
4 3.28567e-06 0.999997
4 0.0110756 0.988924
2 0.999556 0.000444392
2 0.994123 0.0058767
2 0.998173 0.00182696
4 0.0532792 0.946721
2 0.961964 0.0380358
4 2.13027e-05 0.999979
2 0.792468 0.207532
4 0.263689 0.736311
2 0.963493 0.0365072
4 0.000231545 0.999768
2 0.501952 0.498048
4 7.62605e-05 0.999924
4 0.000978472 0.999022
4 0.00315921 0.996841
2 0.999913 8.6973e-05
2 0.830406 0.169594
4 0.455502 0.544498
2 0.982223 0.0177765
4 0.00453374 0.995466
2 0.849466 0.150534
4 9.89005e-06 0.99999
4 0.133521 0.866479
2 0.998242 0.00175789
2 0.995166 0.00483432
2 0.973631 0.0263692
4 0.013341 0.986659
4 0.415386 0.584614
4 0.424602 0.575398
4 0.0235208 0.976479
2 0.993679 0.00632127
2 0.999766 0.000233534
4 0.0743018 0.925698
4 0.0119064 0.988094
4 1.56389e-07 1
2 0.975959 0.024041
2 0.867468 0.132532
2 0.997938 0.00206181
4 0.0423127 0.957687
2 0.961186 0.0388142
4 1.34457e-07 1
4 2.75605e-06 0.999997
4 0.000133863 0.999866
4 1e-07 1
2 0.775083 0.224917
4 1e-07 1
4 0.00120064 0.998799
4 0.000168023 0.999832
2 0.53396 0.46604
4 1e-07 1
2 0.979882 0.0201175
4 0.00340706 0.996593
4 0.486891 0.513109
2 0.997107 0.00289251
4 0.00749923 0.992501
4 0.0158443 0.984156
2 0.978482 0.0215185
4 1e-07 1
4 1e-07 1
2 0.989187 0.0108128
4 0.10455 0.89545
2 0.712124 0.287876
2 0.607579 0.392421
2 0.70622 0.29378
2 0.999998 2.41681e-06
4 0.0784512 0.921549
2 0.868549 0.131451
2 0.970818 0.0291815
2 0.998686 0.00131377
4 0.0825892 0.917411
2 0.997074 0.00292621
4 0.019596 0.980404
4 0.00104844 0.998952
4 0.116719 0.883281
4 0.367642 0.632358
2 0.999349 0.000650557
2 0.993725 0.00627494
4 0.183538 0.816462
4 2.9999e-05 0.99997
2 0.994379 0.00562067
4 0.492014 0.507986
2 0.997938 0.00206192
4 0.102642 0.897358
4 0.0114065 0.988593
2 0.986331 0.0136692
2 0.878139 0.121861
2 0.514272 0.485728
4 0.000116925 0.999883
4 0.269734 0.730266
4 0.360843 0.639157
4 0.330569 0.669431
4 0.00783158 0.992168
2 0.933923 0.0660772
2 0.54217 0.45783
2 0.785505 0.214495
4 0.000552925 0.999447
2 0.684293 0.315707
4 1e-07 1
4 0.0193462 0.980654
4 0.268624 0.731376
2 0.993703 0.00629735
4 0.137048 0.862952
4 0.357777 0.642223
2 0.778806 0.221194
4 0.00118858 0.998811
4 0.0447476 0.955252
2 0.938829 0.0611707
4 0.239609 0.760391
4 0.0040536 0.995946
2 0.521365 0.478635
2 0.970049 0.029951
4 0.0016986 0.998301
2 0.953558 0.0464419
2 0.630901 0.369099
4 0.00765316 0.992347
4 0.0011317 0.998868
2 0.991668 0.00833195
2 0.896581 0.103419
4 0.0106876 0.989312
2 0.975959 0.0240409
2 0.920943 0.0790574
2 0.999965 3.50558e-05
2 0.850555 0.149445
2 0.937398 0.0626023
2 0.999967 3.34307e-05
2 0.805011 0.194989
2 0.769114 0.230886
2 0.999871 0.000129299
4 0.296986 0.703014
4 0.0027704 0.99723
2 0.999067 0.000932983
2 0.999943 5.72351e-05
4 0.195266 0.804734
2 0.613321 0.386679
4 0.166965 0.833035
2 0.99499 0.00500955
4 0.1139 0.8861
2 0.999622 0.000377843
4 1.73458e-05 0.999983
4 0.00154236 0.998458
4 0.000296425 0.999704
4 1e-07 1
4 1.72357e-06 0.999998
2 0.999693 0.000306514
4 0.405783 0.594217
2 0.891832 0.108168
2 0.675484 0.324516
4 0.214227 0.785773
4 0.000191232 0.999809
2 0.972422 0.0275775
4 0.244526 0.755474
4 0.22782 0.77218
2 0.992697 0.00730308
4 0.000208021 0.999792
2 0.99999 9.87512e-06
4 0.00100429 0.998996
2 0.99993 7.04365e-05
4 5.45364e-05 0.999945
2 0.998724 0.00127577
4 0.000895388 0.999105
4 0.211801 0.788199
4 0.45882 0.54118
2 0.835589 0.164411
4 0.375829 0.624171
2 0.879005 0.120995
4 0.0651783 0.934822
4 0.00932814 0.990672
4 1.23036e-05 0.999988
4 0.490356 0.509644
2 0.774591 0.225409
4 0.00350343 0.996497
4 0.015741 0.984259
4 0.0531428 0.946857
4 0.00495818 0.995042
2 0.798044 0.201956
4 0.00119177 0.998808
2 0.971811 0.028189
2 0.990955 0.00904452
4 0.241037 0.758963
2 0.815168 0.184832
2 0.998802 0.00119789
2 0.999948 5.16853e-05
2 0.86647 0.13353
2 0.981439 0.0185613
2 0.998526 0.0014741
2 0.822916 0.177084
4 0.0363001 0.9637
4 0.411402 0.588598
4 1e-07 1
2 0.879882 0.120118
4 1e-07 1
2 0.999314 0.000685746
4 0.492854 0.507146
2 0.9999 9.95513e-05
4 0.114532 0.885468
4 2.13153e-05 0.999979
2 0.981667 0.0183331
4 0.071032 0.928968
2 0.998836 0.00116417
4 1e-07 1
4 0.0135343 0.986466
2 0.92277 0.0772297
4 0.207828 0.792172
2 0.993649 0.00635079
4 0.00155924 0.998441
4 0.0990266 0.900973
4 0.31634 0.68366
2 0.995411 0.00458857
2 0.851289 0.148711
2 0.981234 0.0187665
4 0.289539 0.710461
2 0.895195 0.104805
4 0.489874 0.510126
2 0.999062 0.000937938
4 0.0462311 0.953769
2 0.997374 0.00262617
4 0.4223 0.5777
4 0.198406 0.801594
4 0.113463 0.886537
4 2.72361e-07 1
4 1.04026e-05 0.99999
2 0.998837 0.00116265
2 0.697246 0.302754
4 1.00691e-07 1
2 0.841933 0.158067
2 0.557545 0.442455
4 0.0330042 0.966996
2 0.99954 0.000460487
2 0.917888 0.0821117
2 0.970713 0.0292869
4 0.287588 0.712412
2 0.988145 0.011855
4 0.297345 0.702655
4 0.225738 0.774262
4 0.238147 0.761853
4 0.410887 0.589113
4 0.21153 0.78847
2 0.999514 0.000485784
2 0.582762 0.417238
2 0.999809 0.00019134
2 0.997781 0.00221915
4 1e-07 1
4 3.40611e-05 0.999966
2 0.934198 0.0658015
2 0.980373 0.0196268
4 0.00102053 0.998979
2 0.999056 0.000943926
4 9.33755e-05 0.999907
2 0.990454 0.00954577
4 0.224856 0.775144
4 1e-07 1
2 0.847899 0.152101
2 0.519954 0.480046
4 0.367927 0.632073
4 0.138568 0.861432
4 0.318015 0.681985
2 0.990961 0.00903907
4 0.0284579 0.971542
4 0.0276519 0.972348
2 0.983813 0.0161866
2 0.997239 0.00276142
4 0.0274928 0.972507
2 0.99869 0.00131016
4 0.422534 0.577466
4 0.00179638 0.998204
4 1e-07 1
4 2.24125e-05 0.999978
4 0.145588 0.854412
4 0.215793 0.784207
2 0.996685 0.00331459
4 0.279625 0.720375
2 0.738062 0.261938
2 0.865441 0.134559
4 0.283332 0.716668
2 0.79274 0.20726
2 0.99975 0.000249922
2 0.86084 0.13916
4 0.394382 0.605618
2 0.997785 0.0022149
2 0.934784 0.065216
4 0.448287 0.551713
2 0.955762 0.0442382
4 0.0111618 0.988838
4 0.321526 0.678474
2 0.702114 0.297886
2 0.930016 0.0699843
2 0.994212 0.00578808
2 0.996971 0.0030291
2 0.512317 0.487683
2 0.875543 0.124457
2 0.996219 0.00378102
2 0.520859 0.479141
2 0.699836 0.300164
4 0.194756 0.805244
2 0.70495 0.29505
2 0.99654 0.00346045
4 0.000182615 0.999817
2 0.542773 0.457227
4 0.250985 0.749015
4 0.00630606 0.993694
4 0.0872345 0.912766
4 0.0015171 0.998483
4 1e-07 1
4 0.000917355 0.999083
2 0.742295 0.257705
2 0.999767 0.000233082
2 0.510205 0.489795
4 0.14106 0.85894
2 0.997692 0.0023082
2 0.616443 0.383557
4 0.0108734 0.989127
2 0.94982 0.0501802
4 2.64764e-05 0.999974
4 0.175943 0.824057
2 0.997897 0.00210314
2 0.657449 0.342551
2 0.926325 0.0736753
2 0.878947 0.121053
2 0.938309 0.061691
4 0.0244386 0.975561
4 0.00165409 0.998346
4 0.000869983 0.99913
4 0.00197491 0.998025
2 0.99929 0.00070979
4 0.000159812 0.99984
2 0.737324 0.262676
2 0.93104 0.0689602
4 0.143626 0.856374
4 0.116895 0.883105
4 1.13497e-07 1
4 5.54672e-05 0.999945
2 0.996428 0.00357229
4 1e-07 1
4 0.00579992 0.9942
4 0.00288375 0.997116
2 0.858235 0.141765
4 0.0112086 0.988791
2 0.99372 0.00627972
2 0.824009 0.175991
2 0.929938 0.070062
4 0.00268579 0.997314
2 0.991223 0.00877681
2 0.918915 0.0810854
2 0.566055 0.433945
4 0.00255025 0.99745
2 0.999997 3.47014e-06
4 1e-07 1
4 0.13756 0.86244
4 0.000908177 0.999092
4 0.0135465 0.986453
2 0.999305 0.000695011
2 0.879278 0.120722
2 0.891205 0.108795
4 0.380517 0.619483
4 0.258402 0.741598
2 0.553825 0.446175
2 0.999913 8.66362e-05
4 1e-07 1
2 0.957431 0.0425694
4 0.000433734 0.999566
4 0.189453 0.810547
2 0.998075 0.00192517
4 0.296575 0.703425
4 1.9218e-05 0.999981
2 0.999408 0.000591856
2 0.992607 0.00739336
4 0.319211 0.680789
2 0.831077 0.168923
2 0.919946 0.0800541
4 0.425584 0.574416
4 1e-07 1
2 0.974867 0.0251327
4 0.000245814 0.999754
4 0.0460708 0.953929
2 0.51288 0.48712
2 0.880651 0.119349
2 0.999939 6.10809e-05
4 0.230414 0.769586
2 0.999032 0.000967625
4 0.000136282 0.999864
4 1e-07 1
2 0.999946 5.38582e-05
4 0.000164418 0.999836
2 0.964659 0.0353406
2 0.988677 0.0113227
2 0.997008 0.00299209
4 0.0536227 0.946377
4 6.57644e-05 0.999934
2 0.994035 0.00596535
4 0.000402893 0.999597
2 0.984711 0.0152885
2 0.999901 9.86838e-05
4 4.50252e-07 1
4 0.227726 0.772274
2 0.999996 3.61227e-06
4 0.224937 0.775063
4 0.121068 0.878932
4 0.427046 0.572954
4 2.71853e-06 0.999997
4 0.0268588 0.973141
2 0.936973 0.0630265
2 0.999878 0.00012192
4 0.000431438 0.999569
2 0.999943 5.71318e-05
2 0.99977 0.000230174
4 4.69263e-06 0.999995
4 6.12304e-07 0.999999
4 0.0262998 0.9737
2 0.815511 0.184489
4 0.0354791 0.964521
2 0.747383 0.252617
2 0.879651 0.120349
2 0.833937 0.166063
4 0.0564526 0.943547
2 0.996125 0.00387458
4 0.0018722 0.998128
4 0.00452517 0.995475
2 0.834135 0.165865
2 0.999043 0.000956787
2 0.996859 0.00314068
4 0.00433214 0.995668
4 0.0149766 0.985023
4 0.000214744 0.999785
4 0.0207719 0.979228
4 0.425929 0.574071
4 0.152819 0.847181
2 0.942623 0.0573766
2 0.851346 0.148654
2 0.908123 0.0918766
4 2.38428e-05 0.999976
2 0.513984 0.486016
2 0.99297 0.00703012
4 5.04051e-06 0.999995
4 0.0306887 0.969311
4 0.00201986 0.99798
4 0.397618 0.602382
2 0.713932 0.286068
2 0.843415 0.156585
2 0.991231 0.00876894
2 0.998847 0.00115302
4 0.0208073 0.979193
2 0.995358 0.00464153
2 0.691356 0.308644
4 1e-07 1
2 0.998104 0.00189555
2 0.998201 0.00179944
2 0.909921 0.090079
4 0.348001 0.651999
4 1e-07 1
4 1.69733e-06 0.999998
2 0.99851 0.00149023
2 0.978879 0.0211208
4 0.000231239 0.999769
4 1e-07 1
4 0.164491 0.835509
2 0.654336 0.345664
4 7.47444e-05 0.999925
4 5.10698e-06 0.999995
2 0.997079 0.00292101
2 0.997899 0.00210142
2 0.999911 8.87154e-05
2 0.799863 0.200137
2 0.88229 0.11771
2 0.946486 0.0535141
2 0.99999 9.52975e-06
4 0.387174 0.612826
2 0.999494 0.000505918
4 0.282499 0.717501
4 0.0641157 0.935884
2 0.98258 0.0174196
4 0.344032 0.655968
4 0.058476 0.941524
2 0.904937 0.0950627
2 0.758173 0.241827
2 0.820795 0.179205
2 0.998684 0.00131628
2 0.528268 0.471732
2 0.999283 0.000716558
4 1.3251e-06 0.999999
2 0.718923 0.281077
2 0.519737 0.480263
4 0.0142911 0.985709
4 0.163228 0.836772
4 0.149165 0.850835
2 0.857719 0.142281
4 0.197954 0.802046
2 0.885649 0.114351
2 0.763504 0.236496
4 7.9465e-06 0.999992
4 3.1687e-06 0.999997
4 1.00511e-07 1
4 0.0402512 0.959749
2 0.711339 0.288661
2 0.998381 0.00161895
2 0.844222 0.155778
4 0.363503 0.636497
2 0.999298 0.000701714
2 0.995138 0.00486194
4 0.119567 0.880433
2 0.615311 0.384689
4 2.53845e-05 0.999975
2 0.570394 0.429606
4 0.46046 0.53954
4 1.06362e-05 0.999989
2 0.770377 0.229623
4 0.00342855 0.996571
4 0.01786 0.98214
4 0.199245 0.800755
2 0.701986 0.298014
4 0.00266116 0.997339
2 0.974451 0.0255494
4 1.99838e-06 0.999998
2 0.814951 0.185049
2 0.632584 0.367416
4 0.000878206 0.999122
2 0.999411 0.000589093
4 0.486868 0.513132
2 0.899517 0.100483
2 0.998852 0.00114801
4 0.00414086 0.995859
4 0.00721848 0.992782
4 0.00024932 0.999751
4 7.34118e-07 0.999999
4 0.0536603 0.94634
4 0.108683 0.891317
2 0.850649 0.149351
2 0.999085 0.000914945
4 0.00497945 0.995021
4 0.021181 0.978819
2 0.996892 0.00310777
4 0.00396949 0.996031
2 0.924694 0.0753055
2 0.994779 0.00522082
4 9.65328e-07 0.999999
2 0.842566 0.157434
2 0.99997 3.02808e-05
2 0.825852 0.174148
2 0.932319 0.0676812
2 0.999898 0.000101587
4 2.52145e-05 0.999975
4 0.162143 0.837857
2 0.995452 0.00454793
2 0.890121 0.109879
4 0.000290349 0.99971
4 0.0275652 0.972435
2 0.830841 0.169159
2 0.711359 0.288641
2 0.629659 0.370341
2 0.995882 0.0041177
4 3.70762e-06 0.999996
4 0.00280332 0.997197
2 0.999877 0.000122856
4 1e-07 1
4 1.3389e-06 0.999999
2 0.772976 0.227024
2 0.941819 0.0581812
2 0.969709 0.0302909
2 0.998795 0.00120463
2 0.997965 0.00203511
4 0.258442 0.741558
4 1.0425e-06 0.999999
4 0.13816 0.86184
2 0.919676 0.0803236
2 0.839622 0.160378
4 0.000621981 0.999378
2 0.630161 0.369839
2 0.550921 0.449079
2 0.782544 0.217456
2 0.992803 0.00719737
4 0.0266456 0.973354
2 0.586988 0.413012
4 0.415243 0.584757
4 0.285006 0.714994
2 0.946781 0.0532186
2 0.922003 0.0779973
2 0.995811 0.00418928
2 0.999422 0.000578496
2 0.986599 0.0134007
4 9.2613e-07 0.999999
4 5.72297e-07 0.999999
4 0.237541 0.762459
2 0.998755 0.00124548
4 0.000119395 0.999881
2 0.586728 0.413272
2 0.908527 0.0914728
2 0.761228 0.238772
2 0.997089 0.00291089
2 0.846118 0.153882
2 0.886292 0.113708
4 0.0857079 0.914292
2 0.996174 0.00382626
2 0.996525 0.00347497
2 0.806852 0.193148
2 0.878573 0.121427
2 0.873013 0.126987
4 0.0524398 0.94756
2 0.91079 0.0892096
4 0.342274 0.657726
4 1.5994e-05 0.999984
4 0.110052 0.889948
2 0.889149 0.110851
4 0.0109572 0.989043
4 0.00204526 0.997955
2 0.681803 0.318197
2 0.992358 0.00764166
4 2.0816e-05 0.999979
4 0.00303055 0.996969
2 0.596132 0.403868
4 0.00347553 0.996524
2 0.772425 0.227575
4 0.103991 0.896009
2 0.586361 0.413639
4 0.000653771 0.999346
4 0.355941 0.644059
4 0.00717596 0.992824
2 0.964543 0.0354575
2 0.761701 0.238299
2 0.999673 0.000326664
2 0.996699 0.00330054
4 0.324948 0.675052
2 0.835596 0.164404
4 0.383236 0.616764
4 0.000307372 0.999693
2 0.857324 0.142676
2 0.99778 0.00221995
4 0.000131195 0.999869
4 0.0173941 0.982606
4 7.21203e-07 0.999999
4 0.000258903 0.999741
2 0.997799 0.00220138
4 0.00485302 0.995147
2 0.952985 0.0470153
2 0.546528 0.453472
4 0.0159769 0.984023
4 9.86977e-06 0.99999
2 0.585891 0.414109
2 0.696548 0.303452
2 0.999929 7.07465e-05
2 0.912352 0.0876478
2 0.962855 0.0371448
4 7.95885e-05 0.99992
2 0.999999 6.45085e-07
2 0.890768 0.109232
2 0.527339 0.472661
2 0.999951 4.85256e-05
2 0.999984 1.64956e-05
2 0.999916 8.37306e-05
2 0.939315 0.060685
2 0.997444 0.00255589
4 0.00729668 0.992703
4 0.0285441 0.971456
2 0.961038 0.0389622
4 0.000771811 0.999228
4 1.03007e-06 0.999999
2 0.858389 0.141611
2 0.511732 0.488268
2 0.996848 0.00315203
2 0.841763 0.158237
2 0.999348 0.000652462
4 1e-07 1
2 0.879163 0.120837
2 0.963988 0.0360116
2 0.998626 0.00137376
2 0.995048 0.00495185
2 0.896069 0.103931
2 0.668784 0.331216
2 0.928497 0.0715033
4 0.173227 0.826773
4 0.000909752 0.99909
4 9.94069e-05 0.999901
4 5.35125e-05 0.999946
2 0.957922 0.0420781
4 2.88012e-07 1
4 0.447256 0.552744
4 5.16296e-05 0.999948
4 0.121432 0.878568
2 0.999669 0.000330971
4 2.05002e-05 0.999979
2 0.854709 0.145291
2 0.928694 0.0713062
2 0.589788 0.410212
4 0.154985 0.845015
2 0.974988 0.0250121
4 0.0275701 0.97243
4 0.39799 0.60201
2 0.934952 0.0650476
4 0.000287219 0.999713
4 0.278925 0.721075
4 5.71175e-05 0.999943
2 0.999752 0.000247568
4 0.429398 0.570602
4 0.00102375 0.998976
2 0.860839 0.139161
4 0.149144 0.850856
2 0.991146 0.00885404
2 0.719574 0.280426
4 0.00145563 0.998544
4 1e-07 1
4 3.71235e-05 0.999963
2 0.570998 0.429002
4 0.000232384 0.999768
4 0.498242 0.501758
2 0.614635 0.385365
2 0.951299 0.0487009
4 0.0291925 0.970807
2 0.997357 0.00264287
4 2.24534e-06 0.999998
4 0.000136848 0.999863
2 0.528419 0.471581
2 0.999552 0.000448344
4 0.000303099 0.999697
4 0.259056 0.740944
4 0.149045 0.850955
4 0.147148 0.852852
2 0.768441 0.231559
4 0.313469 0.686531
4 0.000252042 0.999748
4 0.360852 0.639148
2 0.994865 0.00513511
4 0.00342716 0.996573
2 0.879984 0.120016
2 0.996467 0.00353322
2 0.99771 0.00228985
4 2.86333e-07 1
2 0.806067 0.193933
4 0.114303 0.885697
4 0.142262 0.857738
4 0.0285337 0.971466
2 0.556719 0.443281
4 0.16634 0.83366
2 0.501059 0.498941
4 0.477211 0.522789
2 0.676157 0.323843
4 1e-07 1
2 0.99707 0.0029296
4 0.00018089 0.999819
4 0.0015952 0.998405
2 0.958933 0.0410674
2 0.975634 0.0243663
2 0.99216 0.00783992
4 0.0681401 0.93186
4 0.00259011 0.99741
2 0.998462 0.00153846
4 0.241352 0.758648
4 0.00982177 0.990178
4 0.218683 0.781317
4 7.91297e-05 0.999921
4 0.00201946 0.997981
4 0.00555575 0.994444
4 0.0608028 0.939197
2 0.949025 0.0509754
2 0.885305 0.114695
4 0.206603 0.793397
4 0.14959 0.85041
2 0.686771 0.313229
4 0.169215 0.830785
2 0.999614 0.000385918
4 0.484933 0.515067
2 0.99998 2.02723e-05
4 0.000334696 0.999665
2 0.865165 0.134835
4 0.321122 0.678878
4 3.14216e-06 0.999997
2 0.921982 0.0780184
4 0.0261109 0.973889
2 0.536428 0.463572
2 0.99995 4.99327e-05
4 0.36059 0.63941
2 0.606041 0.393959
2 0.998658 0.00134244
4 5.47344e-06 0.999995
4 0.451108 0.548892
4 0.00218651 0.997813
2 0.937768 0.0622316
4 0.125003 0.874997
4 1e-07 1
4 0.251309 0.748691
2 0.999468 0.00053198
4 0.000185215 0.999815
4 0.0123012 0.987699
2 0.953376 0.0466237
2 0.999902 9.83658e-05
2 0.831954 0.168046
4 0.000289588 0.99971
4 0.0469502 0.95305
2 0.815503 0.184497
2 0.701616 0.298384
2 0.999993 7.30643e-06
4 0.210147 0.789853
4 0.000175022 0.999825
4 0.165011 0.834989
4 0.000230739 0.999769
2 0.999952 4.8223e-05
4 1.79167e-05 0.999982
4 0.000325932 0.999674
2 0.998811 0.00118949
4 0.12742 0.87258
2 0.993197 0.00680331
2 0.997802 0.00219836
4 6.76809e-07 0.999999
4 1.20456e-07 1
2 0.93386 0.0661396
4 0.000368233 0.999632
2 0.527463 0.472537
2 0.99897 0.0010298
2 0.976345 0.023655
4 0.356054 0.643946
4 0.000183698 0.999816
4 0.0389366 0.961063
2 0.998172 0.00182824
4 0.115136 0.884864
2 0.99977 0.000230432
2 0.998325 0.00167489
2 0.955329 0.0446713
4 0.0438415 0.956159
2 0.708206 0.291794
4 6.99031e-06 0.999993
4 7.43586e-05 0.999926
2 0.706154 0.293846
4 1e-07 1
4 0.174161 0.825839
2 0.953465 0.0465345
2 0.685828 0.314172
2 0.989723 0.0102774
4 4.98382e-07 1
2 0.893797 0.106203
2 0.998277 0.00172288
2 0.702673 0.297327
2 0.815485 0.184515
4 0.00253989 0.99746
4 1e-07 1
4 2.75556e-05 0.999972
4 6.46006e-05 0.999935
4 0.000359691 0.99964
2 0.999969 3.05023e-05
4 0.00881547 0.991185
4 0.116952 0.883048
2 0.997037 0.00296289
2 0.594249 0.405751
2 0.996963 0.00303697
4 0.00732548 0.992675
2 0.997953 0.00204691
2 0.918562 0.0814385
4 0.00114081 0.998859
4 0.000625185 0.999375
2 0.999803 0.000197354
4 1.07195e-07 1
2 0.861819 0.138181
4 7.66863e-05 0.999923
2 0.997333 0.00266696
2 0.996985 0.00301476
4 0.213348 0.786652
4 4.55686e-07 1
2 0.855976 0.144024
4 0.0893109 0.910689
2 0.947027 0.0529728
2 0.897277 0.102723
2 0.952299 0.047701
4 0.00030504 0.999695
2 0.998916 0.00108372
4 0.0414111 0.958589
2 0.999985 1.45605e-05
2 0.508053 0.491947
4 0.193139 0.806861
2 0.999398 0.000601715
4 0.165662 0.834338
2 0.593226 0.406774
4 0.0302105 0.969789
2 0.993194 0.00680559
4 0.00129451 0.998705
4 1.80618e-05 0.999982
4 0.00486306 0.995137
4 0.0171811 0.982819
4 0.00157763 0.998422
2 0.812079 0.187921
4 0.114728 0.885272
2 0.99997 3.04917e-05
2 0.884366 0.115634
2 0.582315 0.417685
4 1.94198e-05 0.999981
2 0.927251 0.0727494
4 0.0237469 0.976253
4 0.31921 0.68079
4 0.00754059 0.992459
4 0.000262542 0.999737
4 0.000837696 0.999162
2 0.990072 0.00992842
4 0.24721 0.75279
2 0.999958 4.19586e-05
2 0.997702 0.00229839
2 0.781211 0.218789
4 1e-07 1
2 0.842336 0.157664
4 0.0133377 0.986662
2 0.527625 0.472375
4 0.331918 0.668082
4 0.447336 0.552664
2 0.999947 5.27173e-05
2 0.965424 0.0345762
4 0.00196007 0.99804
4 0.00949266 0.990507
2 0.641474 0.358526
2 0.988848 0.0111521
2 0.996419 0.00358069
2 0.797005 0.202995
4 8.97117e-07 0.999999
4 0.076402 0.923598
4 1e-07 1
4 2.54929e-07 1
2 0.940007 0.0599931
4 3.33e-06 0.999997
4 0.0897737 0.910226
4 0.0240814 0.975919
2 0.98013 0.0198705
2 0.548234 0.451766
2 0.997067 0.00293323
2 0.962128 0.0378718
2 0.691341 0.308659
2 0.825735 0.174265
4 7.81853e-05 0.999922
4 1.25321e-06 0.999999
4 0.256857 0.743143
2 0.516942 0.483058
4 0.13239 0.86761
2 0.536061 0.463939
2 0.871265 0.128735
2 0.999537 0.000462768
2 0.990923 0.0090775
4 1.64975e-07 1
2 0.837338 0.162662
2 0.998996 0.00100377
2 0.938264 0.0617358
2 0.76015 0.23985
4 0.235105 0.764895
2 0.9968 0.00319968
2 0.795195 0.204805
2 0.999241 0.000758849
2 0.998016 0.00198366
2 0.997754 0.00224575
4 3.92421e-06 0.999996
2 0.886937 0.113063
4 0.000410304 0.99959
4 0.082378 0.917622
4 0.426941 0.573059
4 0.240592 0.759408
4 0.404664 0.595336
4 0.33644 0.66356
2 0.982627 0.0173732
2 0.938401 0.0615989
2 0.991679 0.00832091
4 0.349417 0.650583
2 0.993837 0.00616276
2 0.935846 0.0641538
2 0.985159 0.0148413
2 0.999437 0.000563262
2 0.908944 0.0910565
2 0.930911 0.0690893
2 0.51719 0.48281
2 0.606773 0.393227
4 0.0271669 0.972833
2 0.999998 2.49719e-06
2 0.998148 0.00185231
4 0.000325554 0.999674
4 0.462883 0.537117
4 0.00484304 0.995157
2 0.968175 0.0318255
4 1e-07 1
2 0.998944 0.00105609
2 0.997835 0.00216488
4 0.0394071 0.960593
2 0.958043 0.0419573
2 0.998351 0.00164861
2 0.992098 0.00790182
4 0.27487 0.72513
4 0.309426 0.690574
2 0.999446 0.000554495
4 0.358081 0.641919
2 0.92507 0.0749303
2 0.996517 0.0034828
2 0.990732 0.0092679
2 0.672637 0.327363
2 0.894972 0.105028
4 0.00015737 0.999843
2 0.999067 0.000933445
2 0.997518 0.00248172
4 0.0913674 0.908633
2 0.690667 0.309333
2 0.999974 2.5836e-05
2 0.999113 0.000886536
2 0.99487 0.00513047
2 0.991473 0.00852659
4 0.165489 0.834511
2 0.515806 0.484194
2 0.761487 0.238513
4 0.313143 0.686857
2 0.99378 0.00622036
4 0.00713929 0.992861
2 0.999323 0.000677121
2 0.998602 0.00139767
4 0.0578558 0.942144
2 0.997872 0.00212848
2 0.99865 0.00135023
2 0.99618 0.00382008
4 1.25494e-05 0.999987
2 0.780207 0.219793
2 0.99698 0.00301994
4 1e-07 1
2 0.853181 0.146819
2 0.864231 0.135769
4 0.0209388 0.979061
2 0.999871 0.000128772
2 0.999768 0.000231934
4 0.0217204 0.97828
2 0.993468 0.00653172
2 0.993364 0.00663593
2 0.596107 0.403893
2 0.790768 0.209232
2 0.863547 0.136453
2 0.833607 0.166393
4 0.0331914 0.966809
4 1e-07 1
4 6.29327e-05 0.999937
4 0.0034667 0.996533
4 1.5005e-05 0.999985
2 0.998996 0.00100434
4 0.0148608 0.985139
4 2.62604e-05 0.999974
2 0.899081 0.100919
4 0.326926 0.673074
4 0.0322714 0.967729
4 0.405612 0.594388
2 0.998588 0.00141196
2 0.999919 8.10714e-05
2 0.998619 0.00138066
2 0.999047 0.00095317
2 0.999177 0.00082251
4 0.172354 0.827646
2 0.548835 0.451165
4 0.151502 0.848498
4 0.000417565 0.999582
2 0.997694 0.00230622
4 0.218184 0.781816
2 0.921451 0.0785492
2 0.87623 0.12377
4 0.217259 0.782741
4 0.416805 0.583195
2 0.999961 3.89275e-05
2 0.999189 0.000810797
2 0.994392 0.00560837
4 0.0594361 0.940564
4 1e-07 1
2 0.994069 0.00593085
4 0.00439114 0.995609
2 0.99773 0.00227005
2 0.940672 0.0593279
4 0.236214 0.763786
4 0.403652 0.596348
2 0.790697 0.209303
4 1e-07 1
2 0.999999 6.00845e-07
4 0.0404762 0.959524
4 0.305654 0.694346
2 0.99966 0.000339989
4 1e-07 1
2 0.999806 0.000194473
4 0.395768 0.604232
2 0.773585 0.226415
2 0.998469 0.00153081
2 0.734955 0.265045
2 0.656654 0.343346
4 0.469525 0.530475
2 0.996461 0.00353882
2 0.832728 0.167272
2 0.999719 0.000280756
4 1.12513e-06 0.999999
2 0.694579 0.305421
2 0.949068 0.0509322
4 0.303468 0.696532
2 0.530813 0.469187
2 0.879238 0.120762
4 0.168648 0.831352
2 0.996707 0.00329331
4 2.93774e-05 0.999971
2 0.62741 0.37259
2 0.984919 0.0150814
2 0.994295 0.00570518
2 0.991013 0.00898655
4 0.000101234 0.999899
2 0.998533 0.00146748
4 1.26519e-06 0.999999
2 0.997104 0.00289589
4 1e-07 1
4 0.492357 0.507643
2 0.994855 0.00514501
2 0.99538 0.00462
4 0.0090841 0.990916
2 0.998892 0.00110772
4 0.358915 0.641085
2 0.871196 0.128804
2 0.993582 0.00641812
2 0.888278 0.111722
4 0.00253801 0.997462
4 0.000373179 0.999627
2 0.996792 0.00320781
2 0.942894 0.0571063
4 6.814e-05 0.999932
2 0.999073 0.000927267
2 0.953461 0.0465388
4 1.32811e-07 1
2 0.630415 0.369585
4 4.83862e-05 0.999952
4 0.0153634 0.984637
2 0.945631 0.0543694
2 0.907435 0.0925652
4 0.0102691 0.989731
4 1.15332e-05 0.999988
4 0.0370202 0.96298
2 0.669598 0.330402
2 0.997695 0.00230483
2 0.604041 0.395959
2 0.735493 0.264507
4 1.3391e-06 0.999999
4 0.0240663 0.975934
2 0.968234 0.0317663
2 0.911754 0.0882462
2 0.719542 0.280458
2 0.688955 0.311045
4 2.20412e-06 0.999998
4 4.80463e-05 0.999952
2 0.871341 0.128659
4 0.0255119 0.974488
4 1e-07 1
2 0.999985 1.47567e-05
2 0.999142 0.000858177
4 0.0804479 0.919552
4 0.0347652 0.965235
4 0.0102708 0.989729
2 0.832521 0.167479
2 0.996035 0.00396525
4 0.41786 0.58214
2 0.63901 0.36099
2 0.939419 0.0605807
2 0.995253 0.00474705
2 0.99908 0.000919904
2 0.999244 0.000755715
4 0.119675 0.880325
2 0.999892 0.000107811
4 0.000279907 0.99972
4 3.56732e-06 0.999996
4 4.31702e-07 1
4 1e-07 1
4 0.211591 0.788409
4 0.347373 0.652627
4 0.428063 0.571937
4 0.0016083 0.998392
2 0.656913 0.343087
4 0.02866 0.97134
2 0.998608 0.00139182
2 0.999852 0.000148253
4 0.0498372 0.950163
2 0.938824 0.0611757
4 1e-07 1
2 0.992492 0.00750832
4 0.000282035 0.999718
4 0.0144988 0.985501
4 0.000584972 0.999415
