labels 4 0
4 0.55921 0.44079
0 0.137433 0.862567
0 0.0230308 0.976969
4 0.99999 9.53547e-06
4 0.999988 1.20445e-05
0 0.404173 0.595827
4 0.999447 0.00055347
4 0.999993 6.71672e-06
4 0.99973 0.000270084
4 0.99999 9.94167e-06
4 0.995101 0.00489862
0 3.16345e-05 0.999968
4 0.999807 0.000192589
0 0.000233358 0.999767
4 0.979867 0.0201327
4 0.998512 0.00148843
4 0.98758 0.0124201
4 1 1e-07
0 1.39889e-05 0.999986
4 1 1e-07
0 0.287991 0.712009
0 0.00699267 0.993007
4 0.655193 0.344807
0 0.342135 0.657865
0 0.107737 0.892263
0 0.000296132 0.999704
4 0.99979 0.000210099
0 8.90889e-05 0.999911
4 1 1e-07
4 0.794124 0.205876
4 0.99997 3.0278e-05
4 0.990746 0.00925357
0 0.167706 0.832294
4 1 1e-07
4 0.999897 0.000103128
4 0.999997 2.71277e-06
4 0.719321 0.280679
0 0.00184005 0.99816
4 0.999969 3.08452e-05
4 0.896585 0.103415
0 0.0322978 0.967702
4 0.872224 0.127776
0 0.285275 0.714725
0 0.112697 0.887303
0 2.69496e-05 0.999973
0 0.0192779 0.980722
0 0.440245 0.559755
0 0.0237846 0.976215
4 0.65788 0.34212
0 0.435261 0.564739
4 1 1e-07
4 0.989833 0.0101668
4 0.999784 0.000216426
4 1 1.84253e-07
4 0.727992 0.272008
4 0.537015 0.462985
0 0.367362 0.632638
0 0.343526 0.656474
0 0.000153413 0.999847
0 0.001704 0.998296
0 0.0002469 0.999753
0 0.353041 0.646959
0 0.190331 0.809669
4 0.737595 0.262405
4 1 1e-07
4 1 3.48179e-07
0 0.422616 0.577384
0 0.000447143 0.999553
4 0.999999 5.95942e-07
4 0.992548 0.00745237
0 0.23827 0.76173
4 0.999153 0.000846522
4 0.599651 0.400349
4 0.532569 0.467431
4 0.993965 0.00603501
4 0.999987 1.2956e-05
0 0.136653 0.863347
0 0.23943 0.76057
0 8.8739e-05 0.999911
0 0.079421 0.920579
0 3.34953e-05 0.999967
0 0.000113716 0.999886
4 1 1e-07
0 0.41184 0.58816
4 0.931283 0.068717
4 0.52529 0.47471
0 0.416502 0.583498
0 8.86064e-05 0.999911
0 0.12955 0.87045
0 5.01418e-05 0.99995
4 1 1e-07
4 0.611193 0.388807
4 0.977354 0.0226457
0 0.36672 0.63328
4 0.522304 0.477696
4 0.999967 3.32388e-05
0 0.000181881 0.999818
4 0.545343 0.454657
4 0.977588 0.0224119
0 0.416423 0.583577
0 0.143681 0.856319
4 0.614503 0.385497
4 1 1.87732e-07
4 0.749452 0.250548
4 0.869676 0.130324
4 0.999959 4.13298e-05
4 0.981926 0.0180738
4 0.688298 0.311702
4 0.993203 0.00679746
0 0.421479 0.578521
0 0.365003 0.634997
4 0.985446 0.0145539
4 0.995186 0.00481425
4 0.817424 0.182576
4 0.587397 0.412603
4 0.64582 0.35418
0 0.10391 0.89609
4 0.983125 0.0168754
0 0.200629 0.799371
0 0.478745 0.521255
0 0.351714 0.648286
0 0.332025 0.667975
4 0.967318 0.0326818
4 0.928039 0.0719613
0 0.00425848 0.995742
4 0.632339 0.367661
0 0.241976 0.758024
4 0.999978 2.20752e-05
0 0.000308348 0.999692
4 0.532731 0.467269
4 0.969947 0.0300531
4 0.976905 0.0230953
0 0.064316 0.935684
4 0.615997 0.384003
4 0.999222 0.000778396
4 1 1e-07
4 0.999999 6.44208e-07
0 0.000178703 0.999821
4 0.996727 0.00327258
4 0.999968 3.22102e-05
0 0.00113526 0.998865
4 1 1e-07
4 0.57095 0.42905
0 0.000511131 0.999489
0 0.410066 0.589934
0 0.424544 0.575456
4 0.999999 1.43942e-06
4 0.755016 0.244984
4 1 1e-07
4 0.999784 0.000216199
0 0.000436441 0.999564
4 0.933402 0.0665976
4 0.600423 0.399577
4 0.518134 0.481866
4 0.545262 0.454738
4 0.542301 0.457699
0 0.456519 0.543481
4 0.999998 2.28736e-06
0 0.162468 0.837532
4 0.999975 2.5225e-05
4 0.991588 0.00841171
4 0.987936 0.0120644
4 0.999359 0.000640964
0 8.24355e-05 0.999918
4 0.86514 0.13486
4 0.999938 6.22036e-05
4 1 1e-07
4 1 1e-07
0 0.000180463 0.99982
4 0.999997 2.79898e-06
4 0.998544 0.00145648
4 0.501441 0.498559
4 0.560215 0.439785
0 0.417735 0.582265
0 0.00689815 0.993102
0 0.222537 0.777463
4 0.996982 0.0030179
4 1 1e-07
0 0.226353 0.773647
0 4.45221e-05 0.999955
4 0.999996 3.88476e-06
0 0.372443 0.627557
0 0.30911 0.69089
0 0.000140089 0.99986
4 0.999971 2.9195e-05
0 0.44361 0.55639
0 0.440284 0.559716
0 8.28038e-05 0.999917
0 0.285812 0.714188
4 0.997368 0.00263202
4 0.574845 0.425155
4 0.97371 0.0262896
4 0.909693 0.090307
0 0.212902 0.787098
4 0.528032 0.471968
0 0.258087 0.741913
0 0.00025135 0.999749
4 0.912483 0.0875167
0 3.4123e-05 0.999966
4 0.658397 0.341603
4 0.990512 0.00948768
4 0.751802 0.248198
0 0.431929 0.568071
0 0.299087 0.700913
4 0.554585 0.445415
4 0.998226 0.00177442
4 0.808316 0.191684
4 0.952846 0.0471541
0 7.76262e-05 0.999922
4 0.99348 0.00651987
0 0.458877 0.541123
4 0.842576 0.157424
0 0.179503 0.820497
4 0.999308 0.00069183
4 0.877616 0.122384
4 0.570156 0.429844
4 1 1e-07
0 0.340406 0.659594
0 0.242028 0.757972
4 0.999865 0.000134982
4 1 1e-07
4 0.999996 3.66166e-06
4 0.600485 0.399515
0 0.482304 0.517696
0 0.497692 0.502308
0 0.126738 0.873262
0 0.00134268 0.998657
4 0.708544 0.291456
4 0.702321 0.297679
4 0.864823 0.135177
0 0.183794 0.816206
4 1 1e-07
0 0.00413794 0.995862
0 0.380202 0.619798
4 0.571491 0.428509
4 0.999589 0.00041112
0 0.0602398 0.93976
0 0.120645 0.879355
4 0.96958 0.0304204
0 0.147124 0.852876
4 0.88028 0.11972
0 1.73653e-05 0.999983
4 0.999999 5.52732e-07
4 0.999985 1.49666e-05
4 0.998681 0.00131899
0 0.348523 0.651477
0 0.447259 0.552741
0 0.371698 0.628302
4 0.997973 0.00202711
4 0.515744 0.484256
0 0.461039 0.538961
4 0.999995 5.48428e-06
4 0.525819 0.474181
0 0.469965 0.530035
0 0.208491 0.791509
0 0.000153897 0.999846
4 0.56428 0.43572
0 0.280586 0.719414
4 0.999991 8.66726e-06
4 0.921141 0.0788593
4 0.999983 1.66543e-05
4 0.648864 0.351136
4 0.994879 0.00512066
0 0.394385 0.605615
4 1 1e-07
0 0.000313109 0.999687
4 0.999927 7.2695e-05
0 0.300147 0.699853
4 0.584348 0.415652
0 0.000239104 0.999761
0 0.412841 0.587159
4 0.999999 1.46882e-06
4 0.917632 0.0823677
0 0.306609 0.693391
4 0.79869 0.20131
0 0.327126 0.672874
0 0.00776107 0.992239
4 0.717587 0.282413
0 0.429595 0.570405
4 0.999713 0.000287023
4 0.769103 0.230897
4 0.906564 0.0934356
4 0.900528 0.0994715
4 0.554206 0.445794
0 7.53936e-05 0.999925
0 0.00040328 0.999597
4 0.707539 0.292461
0 0.00718374 0.992816
4 0.964385 0.0356148
0 0.42378 0.57622
4 0.995133 0.0048675
4 0.990371 0.0096294
0 0.000758808 0.999241
4 0.656097 0.343903
4 0.974599 0.0254007
0 0.000519614 0.99948
0 0.00114399 0.998856
4 0.998127 0.0018735
0 0.393064 0.606936
4 0.940174 0.059826
4 0.999598 0.000401889
0 0.173359 0.826641
0 0.318367 0.681633
0 9.93913e-05 0.999901
4 0.9999 9.9542e-05
4 0.999999 7.65523e-07
4 0.862522 0.137478
0 0.222869 0.777131
4 0.996548 0.00345188
4 1 1e-07
0 0.15513 0.84487
4 0.590997 0.409003
4 0.986627 0.0133731
0 0.251238 0.748762
4 0.995544 0.00445597
0 0.0494495 0.95055
4 0.999997 2.62123e-06
4 0.986439 0.0135613
0 0.00464201 0.995358
4 0.515469 0.484531
4 0.99854 0.0014598
0 0.000469555 0.99953
4 0.592443 0.407557
4 0.970416 0.0295839
0 0.287521 0.712479
4 0.823281 0.176719
4 0.828829 0.171171
0 0.212843 0.787157
0 0.205644 0.794356
0 0.165568 0.834432
4 0.998697 0.00130326
4 1 1e-07
4 0.700878 0.299122
4 0.5027 0.4973
0 0.00723013 0.99277
0 0.303026 0.696974
4 0.966068 0.0339323
4 0.999868 0.000131997
4 0.991757 0.00824263
4 0.994177 0.00582327
0 0.170581 0.829419
4 1 1.40021e-07
0 0.000297746 0.999702
0 0.0221209 0.977879
0 0.421621 0.578379
4 0.999999 1.20834e-06
4 0.999383 0.00061726
4 1 1e-07
4 0.996907 0.00309253
0 0.0534114 0.946589
4 0.999251 0.000749019
4 0.658583 0.341417
4 0.770274 0.229726
4 0.957929 0.0420713
0 0.437657 0.562343
0 0.32203 0.67797
4 0.999836 0.000164191
4 0.999989 1.14041e-05
4 0.999436 0.000563693
4 0.82153 0.17847
4 0.990431 0.00956918
4 0.764762 0.235238
0 0.418866 0.581134
4 0.568088 0.431912
4 0.995898 0.00410244
4 0.998533 0.00146685
4 0.524408 0.475592
4 0.723822 0.276178
0 0.30167 0.69833
0 0.000148407 0.999852
4 0.999997 2.88984e-06
0 5.07143e-05 0.999949
4 1 1e-07
4 0.646163 0.353837
4 0.749949 0.250051
0 0.32359 0.67641
4 1 2.203e-07
0 0.0130716 0.986928
0 0.00569825 0.994302
4 0.999992 7.53133e-06
4 0.637723 0.362277
4 0.999599 0.000400607
0 0.215417 0.784583
4 0.764614 0.235386
0 0.455905 0.544095
0 0.059527 0.940473
0 0.317987 0.682013
0 0.000656964 0.999343
4 0.999988 1.19058e-05
4 1 1e-07
0 0.00136397 0.998636
4 0.566164 0.433836
4 0.999067 0.00093251
4 1 1e-07
4 0.999377 0.00062315
4 0.999971 2.92544e-05
0 0.470001 0.529999
0 0.248829 0.751171
4 0.501762 0.498238
4 0.886394 0.113606
0 0.379736 0.620264
0 0.00367133 0.996329
4 0.999999 9.38248e-07
4 0.998323 0.00167687
4 0.99161 0.00839033
4 0.951703 0.0482973
4 1 1.90585e-07
4 0.693093 0.306907
4 0.998793 0.00120728
4 0.98398 0.0160202
4 0.696407 0.303593
4 0.979939 0.0200614
4 0.626262 0.373738
4 0.837351 0.162649
4 0.996617 0.00338251
4 0.999994 6.20655e-06
0 0.000269045 0.999731
0 0.467955 0.532045
4 0.99999 1.02438e-05
4 0.999414 0.000585941
4 0.891626 0.108374
4 1 1e-07
0 0.0214428 0.978557
4 0.996145 0.00385548
0 0.435639 0.564361
4 0.999901 9.93837e-05
0 0.000133695 0.999866
0 0.167068 0.832932
4 0.980858 0.0191416
0 9.14713e-05 0.999909
0 0.268766 0.731234
4 0.982458 0.0175423
4 0.999815 0.000185252
4 1 1e-07
0 0.00809162 0.991908
4 0.632545 0.367455
4 0.605387 0.394613
0 0.0741456 0.925854
0 0.256741 0.743259
0 0.00337211 0.996628
4 0.78888 0.21112
4 0.99973 0.000270466
4 0.989167 0.0108326
0 0.368189 0.631811
0 0.426489 0.573511
4 0.792114 0.207886
0 0.365015 0.634985
4 0.999846 0.000153676
4 0.999135 0.000865414
0 0.391349 0.608651
4 0.932662 0.0673381
0 0.00155193 0.998448
4 0.990828 0.00917173
0 0.017892 0.982108
4 0.72943 0.27057
4 0.999977 2.29286e-05
0 0.000290335 0.99971
0 0.457904 0.542096
4 1 1e-07
4 0.999178 0.000821932
0 0.000265087 0.999735
4 0.999531 0.000468652
4 1 1e-07
0 0.360377 0.639623
4 0.909368 0.0906322
0 0.155993 0.844007
4 1 1e-07
0 7.26283e-05 0.999927
0 0.351897 0.648103
0 0.0112957 0.988704
0 0.447251 0.552749
0 0.441711 0.558289
4 0.999963 3.68722e-05
4 0.98625 0.0137503
0 0.460351 0.539649
0 0.00971129 0.990289
4 0.999992 8.23169e-06
4 0.999617 0.000383095
4 0.570265 0.429735
4 0.993803 0.00619743
0 0.218426 0.781574
4 0.882031 0.117969
4 0.874828 0.125172
4 0.971554 0.0284458
4 0.936112 0.0638875
4 0.999986 1.43664e-05
0 0.000515204 0.999485
4 0.995111 0.0048894
4 0.980425 0.0195753
4 0.999937 6.3243e-05
4 1 1e-07
4 0.985011 0.0149886
4 0.751416 0.248584
0 0.157144 0.842856
4 0.955958 0.0440424
4 0.683939 0.316061
4 0.999969 3.056e-05
4 0.997291 0.00270947
4 0.998185 0.00181459
0 0.302411 0.697589
4 0.994804 0.00519601
4 0.999826 0.000173997
4 0.990682 0.0093181
4 0.505223 0.494777
4 1 1e-07
0 0.321934 0.678066
4 0.717361 0.282639
0 0.332531 0.667469
4 0.998298 0.00170244
0 0.000126249 0.999874
4 0.993357 0.0066428
4 0.962684 0.0373158
4 0.999538 0.000461569
0 0.137792 0.862208
4 0.811861 0.188139
4 0.633324 0.366676
4 0.977781 0.0222192
0 0.000878409 0.999122
4 0.999898 0.000102221
0 0.241391 0.758609
0 0.000687115 0.999313
0 6.81855e-05 0.999932
4 0.999999 7.208e-07
4 0.99999 9.77254e-06
4 0.831508 0.168492
0 0.277154 0.722846
0 5.54837e-05 0.999945
4 0.999971 2.8837e-05
4 0.999966 3.44022e-05
0 0.317356 0.682644
4 0.654293 0.345707
0 0.452221 0.547779
4 0.540846 0.459154
4 0.999724 0.000275807
4 1 1e-07
0 0.490718 0.509282
0 0.250927 0.749073
0 7.3854e-05 0.999926
0 8.90528e-05 0.999911
4 0.999429 0.000570717
4 0.999414 0.000586454
4 0.921184 0.0788156
0 0.256775 0.743225
4 0.999998 2.21523e-06
4 0.999831 0.000169327
0 0.285304 0.714696
4 0.560047 0.439953
4 1 1e-07
0 0.000951117 0.999049
4 0.999624 0.000375757
0 0.372581 0.627419
0 1.27216e-05 0.999987
4 0.931672 0.0683277
0 0.243337 0.756663
0 0.416181 0.583819
4 0.999909 9.14883e-05
4 0.626671 0.373329
4 0.68476 0.31524
0 0.00141863 0.998581
4 0.985251 0.0147492
4 0.998271 0.00172924
0 0.338142 0.661858
0 2.03778e-05 0.99998
4 0.860823 0.139177
4 0.999473 0.000526629
0 0.368651 0.631349
4 0.999998 1.96958e-06
4 0.999799 0.000201144
4 0.999993 6.60128e-06
4 0.999999 6.85289e-07
4 0.993502 0.006498
0 0.0440381 0.955962
4 0.999999 5.72158e-07
4 0.53071 0.46929
4 0.569034 0.430966
4 0.985219 0.0147809
4 0.984112 0.0158876
4 0.604948 0.395052
4 1 1e-07
4 0.992479 0.00752117
4 0.656095 0.343905
4 0.999961 3.92368e-05
4 1 1e-07
0 0.268168 0.731832
0 0.000111084 0.999889
4 0.996607 0.00339309
0 0.000344231 0.999656
0 0.0150503 0.98495
0 0.463491 0.536509
4 0.844855 0.155145
4 0.99809 0.0019105
4 0.990583 0.00941663
4 0.992356 0.00764371
0 0.000233536 0.999766
4 0.994049 0.00595094
0 0.00147968 0.99852
4 1 1e-07
0 0.139756 0.860244
0 0.0324991 0.967501
4 1 2.87036e-07
0 0.0266582 0.973342
4 0.65793 0.34207
0 0.106555 0.893445
4 0.717985 0.282015
4 0.969746 0.0302543
4 0.998878 0.00112174
4 0.996356 0.00364397
4 0.999919 8.11155e-05
4 0.999996 4.48881e-06
0 0.319293 0.680707
0 0.373445 0.626555
0 0.334482 0.665518
4 0.89515 0.10485
0 0.0655182 0.934482
0 0.000186016 0.999814
4 0.978428 0.0215721
4 0.610527 0.389473
4 0.998773 0.00122665
0 2.46928e-07 1
4 0.999875 0.000124695
0 8.87909e-05 0.999911
4 1 1e-07
0 0.00167666 0.998323
0 0.000109925 0.99989
4 0.742664 0.257336
0 0.220848 0.779152
0 0.013622 0.986378
0 0.0302142 0.969786
4 0.629454 0.370546
4 0.950543 0.0494571
4 0.999969 3.08952e-05
0 8.21856e-05 0.999918
4 0.999992 8.38918e-06
0 0.000378461 0.999622
4 0.561617 0.438383
0 0.115986 0.884014
0 3.7697e-05 0.999962
4 0.824616 0.175384
4 0.799779 0.200221
0 0.32171 0.67829
0 0.381435 0.618565
4 0.999501 0.000498952
4 0.746929 0.253071
4 0.982034 0.0179656
4 0.999771 0.000228896
4 0.954064 0.045936
4 1 1e-07
4 0.63177 0.36823
4 0.996112 0.0038884
4 0.88728 0.11272
0 0.243349 0.756651
0 0.299959 0.700041
0 2.59484e-05 0.999974
0 0.424941 0.575059
4 0.924208 0.0757918
4 0.999231 0.000768976
4 1 1e-07
4 0.868263 0.131737
0 0.0236226 0.976377
4 0.964614 0.0353863
0 0.020932 0.979068
4 0.973449 0.0265511
0 0.203279 0.796721
4 0.939698 0.0603017
0 3.72996e-06 0.999996
0 0.000747699 0.999252
0 0.341468 0.658532
4 0.781155 0.218845
0 0.256111 0.743889
4 0.683616 0.316384
4 0.875144 0.124856
4 0.538459 0.461541
0 0.000209021 0.999791
0 0.296545 0.703455
0 0.146438 0.853562
4 0.837873 0.162127
0 0.000293306 0.999707
4 0.615036 0.384964
0 0.28299 0.71701
0 0.0104801 0.98952
0 0.486011 0.513989
4 0.990737 0.00926271
4 0.961689 0.0383114
4 0.641762 0.358238
4 0.835056 0.164944
4 0.926389 0.0736113
4 1 1e-07
4 0.999999 1.14214e-06
4 0.57388 0.42612
4 0.942932 0.0570683
4 0.997632 0.00236801
4 0.961254 0.0387457
4 0.509076 0.490924
4 0.584844 0.415156
0 0.0329347 0.967065
4 0.999838 0.000161763
0 0.424609 0.575391
4 0.988903 0.0110966
4 0.619794 0.380206
4 0.991294 0.00870611
4 0.999689 0.00031101
0 0.214605 0.785395
4 0.776892 0.223108
4 0.999999 5.24914e-07
0 0.213603 0.786397
0 9.11902e-05 0.999909
4 0.998408 0.00159223
4 0.990826 0.00917354
0 0.243166 0.756834
4 0.965926 0.0340738
0 0.000206742 0.999793
0 0.248995 0.751005
0 0.229082 0.770918
0 0.42316 0.57684
0 0.240537 0.759463
4 0.826782 0.173218
4 0.999998 1.74543e-06
4 0.999977 2.31589e-05
0 0.000213459 0.999787
4 0.998549 0.00145129
4 0.999868 0.000131513
0 0.00016787 0.999832
4 0.989541 0.0104594
4 0.878368 0.121632
4 1 1e-07
0 0.36326 0.63674
0 0.0027805 0.99722
4 0.537592 0.462408
0 0.43086 0.56914
0 0.281837 0.718163
0 0.121735 0.878265
4 0.870023 0.129977
0 0.480659 0.519341
4 0.999998 2.28029e-06
4 0.985277 0.014723
4 0.978633 0.0213671
0 0.472739 0.527261
0 0.000580396 0.99942
4 0.890012 0.109988
0 0.198132 0.801868
0 0.0439862 0.956014
4 0.999989 1.07935e-05
4 0.997795 0.0022048
4 0.847776 0.152224
0 0.000132213 0.999868
4 0.861982 0.138018
4 0.999995 5.07984e-06
4 0.997138 0.00286249
4 0.787409 0.212591
4 0.880935 0.119065
0 0.402506 0.597494
4 0.544907 0.455093
4 0.99909 0.000910023
0 0.327871 0.672129
4 0.512303 0.487697
4 0.999911 8.90229e-05
4 0.976735 0.0232647
4 0.726333 0.273667
0 0.44078 0.55922
4 0.999798 0.00020204
4 0.974041 0.0259589
0 0.199261 0.800739
4 0.999996 3.74647e-06
0 0.144944 0.855056
0 0.4206 0.5794
4 0.82789 0.17211
4 0.993657 0.00634294
0 0.198725 0.801275
0 0.203053 0.796947
4 0.998303 0.0016972
0 0.333523 0.666477
4 0.996226 0.00377355
0 0.000288786 0.999711
4 0.999958 4.23212e-05
4 0.731747 0.268253
4 0.614405 0.385595
0 0.315449 0.684551
0 0.380322 0.619678
4 0.998478 0.00152235
4 0.995682 0.00431811
0 0.234905 0.765095
0 0.000103686 0.999896
0 0.00840954 0.99159
4 0.572466 0.427534
4 1 4.40704e-07
4 0.621198 0.378802
0 0.220897 0.779103
4 0.975689 0.0243113
0 0.00023148 0.999769
4 0.999375 0.000624535
0 0.338967 0.661033
0 0.364111 0.635889
0 0.376611 0.623389
0 0.307519 0.692481
4 0.645308 0.354692
4 0.503463 0.496537
0 0.467314 0.532686
4 0.513201 0.486799
0 0.0135518 0.986448
0 0.249459 0.750541
4 0.998822 0.00117808
4 1 1e-07
0 0.24514 0.75486
0 0.0267679 0.973232
4 0.998913 0.00108715
4 0.999988 1.24054e-05
4 0.999986 1.42533e-05
4 0.990149 0.0098514
4 0.998425 0.00157538
0 0.168415 0.831585
4 0.999989 1.05958e-05
0 0.31516 0.68484
4 0.978075 0.0219255
4 0.977352 0.022648
4 0.999999 6.9013e-07
0 0.237696 0.762304
0 0.139473 0.860527
4 0.995534 0.00446557
4 0.999996 4.03938e-06
0 0.00576721 0.994233
4 0.565035 0.434965
0 0.278353 0.721647
0 0.411948 0.588052
0 2.65577e-05 0.999973
4 0.998946 0.00105419
4 0.961857 0.0381433
4 0.987862 0.0121379
4 0.58695 0.41305
0 0.236215 0.763785
4 0.999937 6.32958e-05
0 0.218313 0.781687
4 0.996731 0.00326898
4 0.60147 0.39853
4 0.987157 0.0128431
0 0.187932 0.812068
4 0.763011 0.236989
0 3.20047e-05 0.999968
4 0.975303 0.0246974
0 0.438865 0.561135
0 0.392676 0.607324
0 9.26344e-05 0.999907
0 0.0164752 0.983525
4 1 1e-07
0 0.234334 0.765666
4 0.973316 0.0266839
4 0.970728 0.0292721
4 0.989863 0.010137
4 0.999979 2.09811e-05
4 0.990231 0.00976894
4 0.70491 0.29509
4 0.999685 0.000315131
0 0.495318 0.504682
4 0.974083 0.0259166
0 9.32188e-05 0.999907
4 0.998408 0.00159186
0 0.000163948 0.999836
0 0.000712671 0.999287
4 0.640367 0.359633
4 0.614956 0.385044
4 0.989551 0.0104492
4 1 1e-07
0 0.289778 0.710222
0 0.372565 0.627435
0 0.323168 0.676832
4 0.566933 0.433067
0 0.000223207 0.999777
4 0.548399 0.451601
4 0.897604 0.102396
0 0.183451 0.816549
4 0.999981 1.91348e-05
4 0.995554 0.00444639
4 1 1e-07
4 0.999357 0.000642765
4 0.998871 0.00112893
4 0.999988 1.23065e-05
4 0.999912 8.76029e-05
0 0.266227 0.733773
0 0.473379 0.526621
4 0.538078 0.461922
4 0.528456 0.471544
4 0.999993 6.91999e-06
4 0.974171 0.0258291
4 1 1e-07
0 0.207936 0.792064
4 0.983878 0.016122
0 3.48933e-05 0.999965
4 0.584868 0.415132
4 0.999995 5.39451e-06
4 1 1e-07
4 0.699237 0.300763
4 0.679317 0.320683
4 0.655011 0.344989
4 1 1e-07
0 0.0923604 0.90764
0 0.00345767 0.996542
0 0.454659 0.545341
4 0.824285 0.175715
4 0.952352 0.0476483
4 0.994949 0.00505054
4 0.585367 0.414633
0 0.00367918 0.996321
4 0.999627 0.000372664
4 0.999996 3.65561e-06
4 0.996715 0.00328513
4 0.984289 0.0157114
4 0.678674 0.321326
4 0.92797 0.0720303
4 0.99562 0.00437977
0 0.26494 0.73506
0 0.46085 0.53915
0 0.150964 0.849036
4 0.991861 0.00813853
0 0.0132052 0.986795
4 0.605949 0.394051
4 0.998815 0.00118454
4 0.999162 0.000838131
4 0.998527 0.00147297
4 0.704158 0.295842
0 0.000659973 0.99934
4 0.999997 2.60051e-06
4 0.602906 0.397094
0 0.122148 0.877852
0 6.76009e-05 0.999932
0 0.134137 0.865863
0 0.00221792 0.997782
0 0.0107372 0.989263
0 0.000418806 0.999581
4 0.98491 0.0150897
4 0.993286 0.00671375
4 0.99996 4.04549e-05
4 1 1e-07
0 0.00010394 0.999896
0 0.204341 0.795659
4 0.606039 0.393961
4 0.998291 0.00170873
4 1 1e-07
4 0.975221 0.024779
4 0.998448 0.00155154
4 0.979108 0.0208917
0 0.452572 0.547428
0 0.177972 0.822028
4 0.999844 0.000155733
4 0.51541 0.48459
4 0.975687 0.024313
4 0.999946 5.36302e-05
0 0.408355 0.591645
0 0.00737404 0.992626
4 0.999228 0.000772384
4 1 1e-07
0 0.390845 0.609155
0 0.00966746 0.990333
4 0.999999 6.82606e-07
4 1 1e-07
4 0.743075 0.256925
0 0.000516754 0.999483
4 0.997569 0.00243104
4 0.746493 0.253507
0 0.352143 0.647857
4 0.888902 0.111098
0 0.00306971 0.99693
4 0.660552 0.339448
4 1 1e-07
4 0.999682 0.000317729
4 0.999975 2.46215e-05
0 0.312552 0.687448
4 0.697188 0.302812
0 0.173538 0.826462
4 0.711635 0.288365
0 0.49289 0.50711
4 0.999995 4.83319e-06
4 0.830275 0.169725
0 0.444286 0.555714
4 0.850016 0.149984
4 0.509633 0.490367
4 0.999999 6.77523e-07
4 0.720291 0.279709
0 0.297211 0.702789
0 0.216476 0.783524
4 0.999267 0.000733068
4 0.763873 0.236127
0 0.0111989 0.988801
4 0.966548 0.0334523
0 9.43705e-05 0.999906
0 0.218807 0.781193
0 0.396232 0.603768
4 0.977107 0.0228934
0 0.00159266 0.998407
4 0.588167 0.411833
4 0.999728 0.000272376
0 0.359284 0.640716
4 0.774456 0.225544
4 0.999999 1.30239e-06
0 3.83543e-05 0.999962
0 0.11782 0.88218
0 0.232516 0.767484
0 0.241183 0.758817
4 0.999865 0.000135274
4 0.98747 0.0125305
4 0.768285 0.231715
4 0.999471 0.000529334
4 0.999956 4.42588e-05
4 0.57788 0.42212
0 0.346493 0.653507
0 0.215525 0.784475
4 0.992288 0.00771211
0 0.218328 0.781672
4 0.989943 0.0100566
0 0.0016913 0.998309
0 0.000107024 0.999893
4 0.650174 0.349826
0 0.446319 0.553681
4 0.999848 0.000152171
4 1 4.4896e-07
4 0.989117 0.0108828
4 0.992739 0.00726062
4 0.997025 0.00297504
0 0.000194498 0.999806
4 1 1e-07
4 0.634705 0.365295
0 0.000230174 0.99977
0 0.226994 0.773006
0 4.28609e-05 0.999957
0 1.20722e-05 0.999988
0 0.223765 0.776235
4 0.99999 9.88557e-06
4 0.992668 0.00733242
4 0.960772 0.0392282
0 0.247162 0.752838
0 0.257399 0.742601
4 1 1e-07
4 0.988576 0.0114241
4 0.572487 0.427513
0 0.349544 0.650456
4 0.998393 0.00160712
4 1 1e-07
0 0.197347 0.802653
4 0.778137 0.221863
4 0.767825 0.232175
0 0.433635 0.566365
4 0.999783 0.000216634
4 0.998718 0.00128188
0 0.000255251 0.999745
0 0.316948 0.683052
0 0.251474 0.748526
4 0.99987 0.000129973
0 0.487857 0.512143
4 0.809162 0.190838
4 0.987472 0.0125279
4 1 1e-07
4 0.999995 4.7309e-06
4 0.979807 0.0201928
4 0.999966 3.44747e-05
4 0.803608 0.196392
4 0.611108 0.388892
0 0.0018173 0.998183
4 0.605728 0.394272
4 1 1e-07
4 1 1e-07
4 0.991921 0.00807886
0 0.25997 0.74003
4 0.999671 0.000329209
4 0.894735 0.105265
4 0.99936 0.000639772
0 0.000391374 0.999609
4 0.980006 0.0199937
0 0.000104129 0.999896
0 7.74656e-06 0.999992
4 1 1e-07
4 0.999834 0.00016567
0 0.005635 0.994365
0 0.457686 0.542314
4 0.999924 7.59327e-05
0 0.0025389 0.997461
0 0.000234649 0.999765
4 0.999997 3.2983e-06
0 0.0009077 0.999092
4 0.999981 1.87205e-05
4 0.632224 0.367776
4 0.919858 0.0801423
4 0.973095 0.026905
4 0.954326 0.0456739
4 0.999989 1.06009e-05
0 0.29981 0.70019
0 0.000478421 0.999522
4 0.996172 0.00382791
4 0.999048 0.000952381
0 0.466053 0.533947
4 0.999923 7.68119e-05
4 1 1e-07
4 0.992457 0.00754293
4 0.8586 0.1414
4 0.707774 0.292226
0 0.319749 0.680251
4 0.983592 0.0164082
0 0.248561 0.751439
4 0.998601 0.00139911
4 0.559612 0.440388
4 0.998604 0.00139573
4 0.975123 0.0248767
4 0.544185 0.455815
4 0.680199 0.319801
4 0.999889 0.00011114
0 0.481342 0.518658
4 0.538875 0.461125
0 0.00233473 0.997665
4 0.983135 0.016865
0 0.392921 0.607079
0 0.000304619 0.999695
0 0.409945 0.590055
0 0.495603 0.504397
4 0.999982 1.79514e-05
0 0.212693 0.787307
0 5.20212e-05 0.999948
4 0.999493 0.00050663
4 0.999904 9.61088e-05
0 0.350559 0.649441
0 0.307554 0.692446
4 0.875548 0.124452
4 0.796607 0.203393
4 0.99937 0.000630493
4 1 1.84144e-07
4 0.992889 0.00711055
0 0.26067 0.73933
4 0.99974 0.000260345
0 0.00574314 0.994257
4 0.988385 0.0116154
4 0.999961 3.89245e-05
4 0.841384 0.158616
4 0.999985 1.54049e-05
0 0.179866 0.820134
4 0.996914 0.0030861
4 0.999986 1.38091e-05
4 1 1e-07
4 0.545419 0.454581
0 0.0512223 0.948778
4 0.999996 3.8931e-06
4 0.989454 0.010546
4 0.999329 0.000670547
0 0.228985 0.771015
0 0.174832 0.825168
4 1 1e-07
4 0.997039 0.00296142
0 0.484754 0.515246
4 0.997277 0.00272312
0 0.420034 0.579966
0 0.153065 0.846935
4 0.745239 0.254761
4 0.647261 0.352739
4 0.708209 0.291791
0 0.402359 0.597641
4 0.997523 0.00247661
4 0.945047 0.0549528
0 0.224013 0.775987
0 0.000417218 0.999583
0 0.0184533 0.981547
0 0.387672 0.612328
4 0.999995 5.10469e-06
4 0.998992 0.00100825
0 0.359958 0.640042
0 6.754e-06 0.999993
4 0.995988 0.00401215
4 0.996341 0.00365869
4 0.995485 0.00451501
4 0.99897 0.00103031
4 1 1e-07
4 0.999224 0.000775995
0 0.407375 0.592625
0 0.0899842 0.910016
4 0.612332 0.387668
0 0.348999 0.651001
0 0.207054 0.792946
0 0.175186 0.824814
4 0.506795 0.493205
4 0.996372 0.00362778
4 0.830179 0.169821
0 5.69011e-05 0.999943
4 0.999985 1.48556e-05
0 0.30787 0.69213
0 0.497979 0.502021
4 0.725049 0.274951
4 0.995245 0.00475527
0 0.431432 0.568568
0 0.42288 0.57712
0 0.428386 0.571614
4 0.872957 0.127043
0 0.360783 0.639217
4 0.999996 4.00095e-06
0 0.00048465 0.999515
4 0.739341 0.260659
4 0.845034 0.154966
0 0.493063 0.506937
0 0.367665 0.632335
4 0.950434 0.0495655
4 0.99595 0.00404999
4 0.633559 0.366441
0 0.470526 0.529474
4 0.656442 0.343558
4 0.997965 0.00203499
4 0.999914 8.61072e-05
0 0.000579937 0.99942
0 0.310063 0.689937
4 0.887887 0.112113
4 0.864406 0.135594
4 0.580317 0.419683
4 0.999711 0.000289175
4 0.999652 0.000348488
0 0.000124399 0.999876
4 0.999834 0.000165675
4 0.970834 0.0291659
0 0.427553 0.572447
0 0.11297 0.88703
0 0.290478 0.709522
4 0.99847 0.00152965
0 0.250732 0.749268
0 0.481274 0.518726
4 0.999899 0.000100525
4 0.999766 0.000234156
0 0.494234 0.505766
4 0.9814 0.0186004
4 0.999999 1.13242e-06
0 0.00180946 0.998191
0 0.420741 0.579259
4 0.897829 0.102171
0 0.000271961 0.999728
4 0.990641 0.00935927
0 0.133969 0.866031
4 0.526573 0.473427
4 0.999282 0.000717766
4 0.980877 0.0191231
4 1 1e-07
4 0.990095 0.00990544
4 0.999221 0.000778819
4 0.997142 0.00285816
4 0.580127 0.419873
0 0.000880488 0.99912
4 0.995202 0.00479806
0 0.436419 0.563581
0 0.236285 0.763715
0 0.222483 0.777517
4 0.980463 0.0195369
4 0.630802 0.369198
4 0.597592 0.402408
4 0.702198 0.297802
4 0.556048 0.443952
0 0.012891 0.987109
0 0.00024772 0.999752
0 0.495262 0.504738
0 0.282567 0.717433
0 3.0215e-06 0.999997
0 9.52379e-06 0.99999
4 1 1.18621e-07
0 0.140804 0.859196
4 0.644067 0.355933
0 0.000681766 0.999318
0 0.192426 0.807574
4 0.804545 0.195455
4 0.978599 0.0214015
4 0.535631 0.464369
4 0.999803 0.00019669
4 0.650064 0.349936
4 0.999789 0.000211137
4 0.690039 0.309961
4 0.507307 0.492693
4 1 1e-07
0 0.190656 0.809344
4 0.999642 0.000357693
4 0.625048 0.374952
4 0.990876 0.00912433
4 0.984683 0.0153171
4 0.987015 0.0129846
0 0.448588 0.551412
0 0.0175845 0.982415
4 0.981072 0.018928
0 4.71455e-05 0.999953
4 0.995236 0.00476439
4 0.979866 0.0201339
4 0.997699 0.00230129
0 0.384945 0.615055
4 0.984755 0.0152454
4 0.994194 0.00580642
4 0.959232 0.0407684
4 0.669939 0.330061
4 0.998256 0.0017444
0 1.71173e-05 0.999983
0 0.185332 0.814668
4 0.547329 0.452671
0 6.10993e-05 0.999939
0 0.229479 0.770521
0 0.000209711 0.99979
4 0.665927 0.334073
0 0.345203 0.654797
4 0.977225 0.0227751
0 0.434591 0.565409
0 0.356716 0.643284
0 0.409826 0.590174
4 0.999985 1.47408e-05
0 0.142079 0.857921
4 0.705782 0.294218
0 0.000100354 0.9999
4 0.970301 0.0296991
4 0.991228 0.00877218
0 0.341153 0.658847
4 0.763459 0.236541
4 0.813235 0.186765
4 1 1e-07
0 0.290191 0.709809
4 0.990975 0.00902532
4 0.999996 4.20769e-06
0 0.0208433 0.979157
4 0.908343 0.0916565
0 2.94371e-05 0.999971
4 0.952961 0.0470387
4 0.999974 2.55769e-05
4 0.999981 1.85727e-05
0 0.0469991 0.953001
4 0.998938 0.00106153
0 0.291447 0.708553
0 0.303372 0.696628
4 0.851452 0.148548
0 0.159675 0.840325
0 0.425786 0.574214
0 3.0832e-05 0.999969
4 0.999974 2.55099e-05
0 0.479943 0.520057
0 0.000179991 0.99982
0 0.235305 0.764695
4 0.983568 0.0164324
4 0.609537 0.390463
0 0.259199 0.740801
4 0.84095 0.15905
4 0.999897 0.000102959
0 0.35873 0.64127
0 0.20812 0.79188
0 0.000809627 0.99919
4 0.999998 2.18414e-06
4 1 1e-07
4 0.569784 0.430216
4 0.975427 0.0245735
4 0.996986 0.00301396
4 0.989467 0.0105331
0 0.251712 0.748288
0 0.434286 0.565714
4 0.589278 0.410722
4 0.99999 9.5312e-06
4 0.999999 1.21271e-06
4 1 1e-07
4 1 1e-07
4 0.973622 0.0263782
0 0.0233835 0.976616
0 0.353746 0.646254
0 0.254095 0.745905
4 0.845573 0.154427
4 0.94915 0.0508505
4 0.993282 0.00671798
4 0.999913 8.66647e-05
4 0.997608 0.00239158
4 0.960373 0.0396265
4 0.534248 0.465752
4 0.999999 1.01218e-06
4 0.999945 5.53653e-05
0 0.000237344 0.999763
4 0.631367 0.368633
0 0.000929069 0.999071
0 0.194732 0.805268
4 0.606232 0.393768
4 1 1e-07
4 0.995984 0.00401592
0 0.431044 0.568956
4 0.992696 0.00730393
0 6.8211e-06 0.999993
4 0.999997 3.30792e-06
4 0.934338 0.0656619
4 0.996004 0.00399564
4 0.999472 0.000528397
0 9.00527e-05 0.99991
4 0.999833 0.000167496
4 0.681192 0.318808
4 0.999926 7.41061e-05
4 0.998945 0.00105494
0 0.379248 0.620752
0 0.156018 0.843982
0 0.0626611 0.937339
4 0.683212 0.316788
0 4.07803e-05 0.999959
0 0.464373 0.535627
0 0.43276 0.56724
0 0.00105479 0.998945
4 0.999999 1.03085e-06
4 0.998039 0.00196071
4 0.894097 0.105903
4 0.705266 0.294734
4 0.708537 0.291463
0 0.00056875 0.999431
0 0.244091 0.755909
0 0.0241058 0.975894
0 0.338221 0.661779
0 0.485623 0.514377
0 0.498727 0.501273
4 0.999934 6.64565e-05
4 0.521549 0.478451
4 0.998624 0.00137588
4 0.999534 0.000466265
4 0.996431 0.00356912
0 2.98455e-06 0.999997
4 0.540519 0.459481
4 0.57951 0.42049
4 0.66389 0.33611
4 0.974718 0.0252825
4 0.953259 0.0467413
0 0.00186948 0.998131
4 0.960474 0.039526
4 0.606993 0.393007
0 0.0224874 0.977513
4 0.682044 0.317956
4 0.999915 8.50435e-05
4 0.999799 0.000200977
0 0.162001 0.837999
4 1 1e-07
4 1 1e-07
4 0.994825 0.00517486
0 0.463042 0.536958
0 0.139826 0.860174
4 0.932109 0.0678915
0 0.428628 0.571372
0 0.000464828 0.999535
4 0.548825 0.451175
4 0.999986 1.37109e-05
4 0.952879 0.047121
4 0.526021 0.473979
4 0.972283 0.0277167
4 0.999078 0.000922176
4 0.591822 0.408178
0 0.000144456 0.999856
0 0.00256909 0.997431
4 0.985825 0.0141755
0 0.000628285 0.999372
4 1 1e-07
0 0.000187978 0.999812
4 0.794445 0.205555
0 0.00203314 0.997967
0 0.34592 0.65408
4 0.560181 0.439819
4 0.961616 0.0383844
0 0.451567 0.548433
4 0.989068 0.0109322
0 0.00117734 0.998823
0 3.87656e-05 0.999961
0 0.000781399 0.999219
4 0.959905 0.0400946
4 0.99999 9.77703e-06
4 0.999985 1.47992e-05
0 0.486646 0.513354
4 1 3.97606e-07
4 0.6731 0.3269
0 0.327511 0.672489
4 0.997919 0.0020815
4 0.999739 0.000261273
0 5.17064e-05 0.999948
0 0.000203914 0.999796
4 0.615358 0.384642
4 0.999998 2.27935e-06
4 0.998037 0.00196323
4 0.999994 5.64099e-06
4 0.997086 0.00291393
4 0.9999 0.000100449
4 0.564153 0.435847
0 0.359897 0.640103
0 3.85965e-06 0.999996
4 0.996012 0.00398822
0 0.304026 0.695974
0 0.42705 0.57295
4 0.748437 0.251563
4 0.721604 0.278396
0 0.362218 0.637782
4 0.765533 0.234467
4 0.551799 0.448201
4 1 1e-07
4 0.999992 8.0943e-06
0 0.182549 0.817451
4 1 1e-07
0 0.38224 0.61776
0 0.000121673 0.999878
4 0.99997 2.97285e-05
4 0.999999 8.13247e-07
4 0.999949 5.10965e-05
4 1 1e-07
4 0.999999 7.28786e-07
4 0.98488 0.0151201
0 0.0162129 0.983787
4 0.998138 0.00186238
0 0.424948 0.575052
0 0.252514 0.747486
4 0.826076 0.173924
0 0.0251105 0.974889
0 0.476431 0.523569
0 0.000853407 0.999147
0 0.000124837 0.999875
0 0.000369575 0.99963
4 0.998974 0.00102574
4 0.601139 0.398861
4 0.878156 0.121844
0 0.204724 0.795276
0 0.00210069 0.997899
0 0.329623 0.670377
4 0.998197 0.00180344
4 0.938638 0.0613618
4 0.99992 8.01731e-05
4 0.998757 0.00124269
4 0.987673 0.0123271
4 0.999822 0.000178348
4 0.564 0.436
0 0.202475 0.797525
4 0.997439 0.00256106
4 0.52351 0.47649
4 1 1e-07
4 0.999997 3.18265e-06
4 0.999999 1.37708e-06
4 0.998669 0.00133064
0 0.00571202 0.994288
4 0.755008 0.244992
4 0.898329 0.101671
4 0.72941 0.27059
4 0.637853 0.362147
4 0.985072 0.0149282
4 0.518825 0.481175
0 0.00228918 0.997711
4 0.991787 0.00821326
0 0.206211 0.793789
0 0.0399393 0.960061
0 0.425857 0.574143
4 0.999314 0.000685576
4 0.861712 0.138288
4 0.986299 0.0137012
0 0.278369 0.721631
4 0.951321 0.048679
4 0.561247 0.438753
0 0.408184 0.591816
4 0.995942 0.00405844
0 0.220618 0.779382
0 0.471742 0.528258
4 0.997807 0.00219329
4 0.999391 0.000608607
4 0.999884 0.000116356
4 0.999757 0.000243186
4 0.998792 0.00120834
0 0.271551 0.728449
4 0.668846 0.331154
0 0.448652 0.551348
4 0.599331 0.400669
0 0.348098 0.651902
4 0.999991 8.61918e-06
4 1 1e-07
0 0.000184521 0.999815
4 0.999995 5.36325e-06
4 0.985906 0.0140945
0 0.0104399 0.98956
4 0.588488 0.411512
4 0.99925 0.000749965
4 0.987696 0.0123045
4 0.998152 0.00184754
4 0.977749 0.0222505
0 0.00570946 0.994291
4 0.993961 0.00603871
4 0.570645 0.429355
0 0.323454 0.676546
4 0.996331 0.00366935
4 0.508872 0.491128
4 1 1e-07
0 0.427164 0.572836
4 0.977928 0.0220715
4 0.824543 0.175457
4 0.999954 4.63666e-05
4 0.999805 0.000195444
0 0.15426 0.84574
4 0.989028 0.0109716
4 0.658935 0.341065
4 0.99981 0.000190372
4 0.969501 0.0304985
4 0.985027 0.0149725
0 0.254434 0.745566
4 0.995706 0.00429439
4 0.998617 0.0013828
0 0.41688 0.58312
0 0.2413 0.7587
4 0.999993 6.57642e-06
4 0.638239 0.361761
0 0.412682 0.587318
0 0.185857 0.814143
4 0.962745 0.0372548
4 0.984605 0.0153947
0 0.000266405 0.999734
0 0.474403 0.525597
4 0.991207 0.0087928
4 0.772262 0.227738
4 0.999521 0.00047885
4 0.767832 0.232168
0 0.000186982 0.999813
4 0.559479 0.440521
4 0.995889 0.00411138
0 0.0777159 0.922284
4 0.999493 0.000506511
4 0.969497 0.0305034
0 4.44006e-06 0.999996
4 0.917177 0.0828234
0 0.000400686 0.999599
4 1 1e-07
4 0.997348 0.00265178
0 0.478778 0.521222
4 1 1e-07
4 0.997439 0.00256118
4 0.999962 3.82521e-05
0 0.323037 0.676963
4 0.994336 0.00566367
4 0.578613 0.421387
0 0.411066 0.588934
0 0.31886 0.68114
4 0.982407 0.0175934
4 0.999128 0.000872072
0 0.262145 0.737855
4 0.997772 0.0022285
0 0.409317 0.590683
4 0.957612 0.0423876
4 0.997389 0.00261059
0 0.154 0.846
4 0.999942 5.75613e-05
0 0.0874424 0.912558
0 0.182541 0.817459
0 0.364156 0.635844
4 0.545045 0.454955
0 0.442623 0.557377
0 0.00010115 0.999899
0 1.99972e-05 0.99998
4 0.528788 0.471212
4 0.909582 0.0904178
4 0.999789 0.000210723
0 0.321275 0.678725
4 0.704202 0.295798
4 0.994358 0.00564193
4 0.99641 0.00358977
4 0.746056 0.253944
0 0.410376 0.589624
0 0.189832 0.810168
0 0.491278 0.508722
4 1 1e-07
4 0.993417 0.00658265
4 0.999998 1.54454e-06
4 1 1e-07
0 0.317872 0.682128
0 0.335674 0.664326
4 0.558312 0.441688
4 0.998408 0.00159194
0 0.0127451 0.987255
4 0.812236 0.187764
0 0.0892938 0.910706
0 0.234021 0.765979
0 0.469435 0.530565
0 0.300717 0.699283
0 0.0171959 0.982804
4 0.998447 0.00155332
4 1 1e-07
0 0.20707 0.79293
4 0.995172 0.00482783
4 0.998448 0.00155243
4 0.584699 0.415301
4 0.522496 0.477504
0 0.315997 0.684003
4 0.999987 1.25377e-05
4 0.682911 0.317089
0 0.49102 0.50898
0 0.356963 0.643037
0 0.000328934 0.999671
4 0.501865 0.498135
4 0.988893 0.0111075
0 0.165633 0.834367
4 0.780479 0.219521
4 0.689417 0.310583
4 1 1e-07
4 0.958598 0.041402
4 0.763686 0.236314
4 0.995793 0.00420688
4 0.928019 0.0719809
4 0.998175 0.00182549
4 0.967845 0.0321546
4 0.50822 0.49178
4 1 3.08775e-07
0 7.87568e-05 0.999921
4 0.999887 0.000113291
0 0.350531 0.649469
0 0.24311 0.75689
0 0.457303 0.542697
4 0.71726 0.28274
0 0.00761204 0.992388
0 0.352014 0.647986
0 0.273324 0.726676
4 0.999791 0.00020874
4 0.892985 0.107015
4 1 1e-07
4 0.881693 0.118307
0 0.331583 0.668417
0 0.456578 0.543422
4 0.999918 8.24587e-05
4 0.965042 0.0349576
0 6.50107e-05 0.999935
4 0.987695 0.0123052
4 0.999829 0.000170759
0 0.408732 0.591268
4 0.607491 0.392509
0 0.00229261 0.997707
4 0.999947 5.33728e-05
4 0.539508 0.460492
4 0.999997 3.3058e-06
4 0.58228 0.41772
4 1 1e-07
4 0.69318 0.30682
4 0.999827 0.000172629
4 0.999977 2.28827e-05
4 0.999988 1.1756e-05
0 0.000977107 0.999023
4 0.996934 0.00306557
0 0.0126441 0.987356
4 0.580788 0.419212
4 0.721649 0.278351
4 0.790807 0.209193
4 0.999855 0.000145425
0 0.0102254 0.989775
4 0.999932 6.81841e-05
4 0.999999 9.49858e-07
4 0.622248 0.377752
0 0.384867 0.615133
0 0.0801204 0.91988
0 0.0216701 0.97833
0 0.000233633 0.999766
4 0.969065 0.0309353
4 0.684757 0.315243
4 0.999632 0.000368288
4 0.988708 0.0112922
0 0.295965 0.704035
0 0.14553 0.85447
0 0.254408 0.745592
0 0.463391 0.536609
0 0.439541 0.560459
4 1 1e-07
0 0.287072 0.712928
4 0.999689 0.000311471
0 0.0472577 0.952742
0 0.00231749 0.997683
4 1 1e-07
4 0.989936 0.0100643
4 0.998967 0.00103309
0 0.0125614 0.987439
4 0.983328 0.0166725
4 0.999999 1.3137e-06
4 0.974598 0.0254019
0 0.00015291 0.999847
0 0.00169577 0.998304
4 0.99983 0.000169929
4 0.998554 0.00144602
0 0.349588 0.650412
4 0.999999 1.08615e-06
0 0.360048 0.639952
4 1 1.44592e-07
4 0.99999 1.02681e-05
4 0.999996 4.47654e-06
4 0.921594 0.0784057
4 0.873023 0.126977
4 0.987952 0.0120481
4 0.995182 0.00481755
0 0.0123073 0.987693
4 0.670888 0.329112
4 0.932164 0.0678358
0 0.196842 0.803158
4 0.999957 4.27066e-05
4 1 1e-07
0 0.00144903 0.998551
4 0.551848 0.448152
4 0.711654 0.288346
0 0.000200333 0.9998
4 0.715682 0.284318
4 0.999971 2.94219e-05
4 1 1e-07
4 0.638902 0.361098
4 0.999992 8.26366e-06
0 0.219477 0.780523
0 1.99283e-05 0.99998
0 0.0532832 0.946717
0 0.204703 0.795297
0 0.214132 0.785868
4 0.999994 6.11991e-06
4 0.988801 0.0111985
4 0.920237 0.0797628
0 0.0174323 0.982568
4 0.999999 8.7029e-07
4 0.996632 0.00336832
4 0.647226 0.352774
0 0.238176 0.761824
4 0.814354 0.185646
0 0.346702 0.653298
4 0.999925 7.49691e-05
4 0.543824 0.456176
4 0.999609 0.000391011
0 0.00115995 0.99884
0 0.367323 0.632677
0 0.422167 0.577833
0 0.233613 0.766387
4 0.990941 0.00905924
4 0.999956 4.36684e-05
4 0.616293 0.383707
0 0.280255 0.719745
4 0.956685 0.0433154
4 0.952727 0.0472728
0 0.143762 0.856238
0 0.388559 0.611441
0 0.00297583 0.997024
4 0.998094 0.00190643
0 0.463298 0.536702
4 0.998009 0.00199067
0 0.276567 0.723433
4 0.509778 0.490222
4 0.656904 0.343096
4 0.999891 0.000108854
4 0.999266 0.000734368
0 0.00114011 0.99886
4 0.747455 0.252545
0 4.97784e-05 0.99995
0 0.474649 0.525351
4 0.760243 0.239757
0 0.000217179 0.999783
4 0.53591 0.46409
0 0.178044 0.821956
0 0.207572 0.792428
4 0.999916 8.40443e-05
0 6.70214e-05 0.999933
4 0.601328 0.398672
4 0.994804 0.00519644
0 0.231301 0.768699
0 0.459291 0.540709
0 7.6058e-05 0.999924
0 0.000821712 0.999178
4 0.999996 3.94661e-06
4 0.974158 0.0258417
0 0.335069 0.664931
0 3.21362e-05 0.999968
4 1 1e-07
4 0.648964 0.351036
4 0.999983 1.66401e-05
4 0.85616 0.14384
4 1 1e-07
0 0.000492865 0.999507
0 0.00154212 0.998458
4 1 1e-07
4 0.533551 0.466449
0 0.476745 0.523255
4 0.982108 0.0178923
0 0.252454 0.747546
0 0.396958 0.603042
0 0.220553 0.779447
4 0.785854 0.214146
4 0.995796 0.00420358
0 0.000146924 0.999853
4 0.998682 0.00131767
4 0.609793 0.390207
4 0.818762 0.181238
4 0.999937 6.34245e-05
4 0.993342 0.00665822
4 0.998827 0.00117262
4 0.574841 0.425159
4 0.913778 0.0862221
0 0.232046 0.767954
4 0.620512 0.379488
4 0.99004 0.00995972
4 0.998283 0.0017169
0 0.231966 0.768034
0 0.186109 0.813891
4 0.999083 0.000917346
4 0.999989 1.05844e-05
4 1 1e-07
4 0.997347 0.00265283
4 0.999584 0.000416177
4 0.583625 0.416375
4 0.9758 0.0242001
0 0.00304309 0.996957
4 0.836987 0.163013
0 0.187719 0.812281
4 0.997803 0.00219723
4 0.999962 3.81158e-05
0 0.315991 0.684009
0 0.160522 0.839478
4 0.820436 0.179564
4 0.999846 0.000154276
0 0.351956 0.648044
4 0.99751 0.00248963
4 1 1e-07
4 0.999998 1.96534e-06
0 0.000149491 0.999851
4 0.999973 2.66465e-05
4 0.509768 0.490232
4 0.988813 0.011187
0 0.335033 0.664967
4 0.873951 0.126049
0 0.000710799 0.999289
0 0.410116 0.589884
4 0.987413 0.0125874
4 0.999954 4.61467e-05
4 0.926085 0.0739147
0 0.320936 0.679064
4 0.999983 1.70985e-05
0 0.122024 0.877976
4 0.99999 1.02647e-05
4 0.938277 0.0617225
4 0.90447 0.0955299
0 0.116625 0.883375
0 0.00334942 0.996651
0 0.00480036 0.9952
0 0.267683 0.732317
4 0.923363 0.0766374
4 0.999468 0.000532098
4 1 1e-07
0 0.335646 0.664354
4 1 1e-07
4 1 1e-07
4 0.970311 0.0296887
4 0.506291 0.493709
0 0.00750067 0.992499
0 0.47041 0.52959
4 0.999999 5.03885e-07
4 0.999135 0.000864924
0 0.0168186 0.983181
4 0.819972 0.180028
4 0.998661 0.00133927
0 0.36137 0.63863
4 0.669647 0.330353
4 0.603313 0.396687
4 0.971792 0.028208
4 0.992218 0.00778217
0 0.429222 0.570778
4 0.505475 0.494525
0 0.341205 0.658795
4 0.997729 0.00227064
4 0.815798 0.184202
4 0.906366 0.093634
4 0.999998 1.70958e-06
0 0.0183839 0.981616
0 0.00739584 0.992604
4 0.999989 1.06879e-05
4 0.630773 0.369227
0 0.411319 0.588681
4 0.535103 0.464897
4 0.999997 2.96389e-06
0 0.000688979 0.999311
0 0.366647 0.633353
4 0.80548 0.19452
0 0.000211715 0.999788
4 0.750029 0.249971
4 0.999998 2.45037e-06
4 0.862615 0.137385
4 0.998583 0.00141686
4 0.999999 6.91782e-07
4 0.999532 0.000467534
4 0.962937 0.0370628
4 0.999724 0.000275772
4 0.997176 0.00282363
4 0.642371 0.357629
0 0.305041 0.694959
0 0.412997 0.587003
4 0.834792 0.165208
4 0.999934 6.64588e-05
4 0.656982 0.343018
0 0.00494634 0.995054
0 0.0212295 0.97877
0 0.232559 0.767441
4 1 1e-07
0 0.191593 0.808407
4 0.998192 0.00180772
4 0.999942 5.81172e-05
0 0.201435 0.798565
4 0.999614 0.000385918
4 0.99977 0.00022961
0 9.83056e-05 0.999902
4 0.999831 0.000168532
4 0.998755 0.00124505
4 0.999993 7.25244e-06
0 3.97306e-06 0.999996
0 0.222971 0.777029
4 0.998735 0.00126484
0 0.209692 0.790308
0 2.74278e-05 0.999973
0 4.23733e-05 0.999958
0 0.203558 0.796442
4 0.714561 0.285439
0 0.309082 0.690918
0 0.00012022 0.99988
0 0.397913 0.602087
4 0.800281 0.199719
0 0.328923 0.671077
4 0.999974 2.57915e-05
0 0.150207 0.849793
4 0.999494 0.000506197
4 0.999975 2.51592e-05
0 0.268145 0.731855
0 5.80848e-05 0.999942
0 0.339933 0.660067
4 0.999455 0.000545468
4 1 1e-07
4 0.926343 0.0736565
4 0.999787 0.000212776
4 0.801806 0.198194
4 0.910713 0.0892871
4 1 2.68769e-07
4 0.99971 0.000289829
0 0.0318201 0.96818
4 0.760597 0.239403
0 0.135359 0.864641
4 0.996146 0.00385414
0 0.363873 0.636127
4 0.999954 4.5872e-05
0 0.438037 0.561963
4 0.999859 0.000140892
4 0.738289 0.261711
0 1.34701e-05 0.999987
0 0.468226 0.531774
4 0.999906 9.42184e-05
0 1.50534e-05 0.999985
0 0.206027 0.793973
4 0.997279 0.00272075
4 0.538732 0.461268
4 0.998755 0.00124494
0 0.457683 0.542317
4 0.521466 0.478534
0 7.91867e-05 0.999921
4 0.999098 0.000902228
0 0.23905 0.76095
4 0.999648 0.000351974
0 0.000851887 0.999148
0 0.262207 0.737793
4 0.999988 1.2388e-05
0 2.83725e-06 0.999997
4 0.587913 0.412087
4 0.546979 0.453021
4 0.99367 0.00633011
4 0.999937 6.34599e-05
4 0.999991 8.50779e-06
0 0.000534417 0.999466
4 0.741198 0.258802
4 0.50738 0.49262
4 0.765187 0.234813
4 0.999996 3.63573e-06
4 0.999994 5.97933e-06
4 0.999948 5.21233e-05
0 0.303156 0.696844
0 0.161939 0.838061
4 0.978265 0.021735
4 0.931413 0.0685872
0 0.450572 0.549428
4 0.999846 0.0001544
4 0.999791 0.00020878
4 0.901979 0.0980214
0 0.000705512 0.999294
0 0.478913 0.521087
4 0.997023 0.00297684
4 0.999986 1.38636e-05
4 0.964859 0.0351411
0 0.000279027 0.999721
4 0.999994 6.11008e-06
0 0.410796 0.589204
0 0.470685 0.529315
0 0.00282656 0.997173
0 0.345984 0.654016
0 0.33033 0.66967
4 0.987536 0.0124636
4 0.514628 0.485372
0 0.000150322 0.99985
4 0.955056 0.0449436
4 0.999935 6.51558e-05
0 0.327323 0.672677
4 0.995739 0.00426089
4 0.953279 0.0467206
4 0.99961 0.000389665
4 1 1e-07
0 0.218536 0.781464
0 0.277873 0.722127
4 0.581316 0.418684
4 0.984198 0.0158017
0 0.204776 0.795224
4 0.987428 0.0125719
0 0.264588 0.735412
0 0.149306 0.850694
4 0.999913 8.66418e-05
4 0.970381 0.0296187
4 0.543891 0.456109
4 0.999999 8.6587e-07
4 0.996479 0.0035206
0 0.397745 0.602255
4 0.999331 0.000668743
4 0.835713 0.164287
4 0.996438 0.0035619
0 0.0208896 0.97911
0 0.000276193 0.999724
4 0.999999 5.62143e-07
4 0.999935 6.51978e-05
0 0.197124 0.802876
0 0.218329 0.781671
4 1 3.18919e-07
4 0.987363 0.0126366
0 0.237639 0.762361
0 5.22222e-05 0.999948
4 0.99506 0.00493955
4 0.99992 7.95038e-05
4 0.998115 0.00188495
4 1 1e-07
4 0.628829 0.371171
4 0.999959 4.06293e-05
4 0.523038 0.476962
4 1 1e-07
4 0.623091 0.376909
0 0.173401 0.826599
0 0.242324 0.757676
4 0.973425 0.0265754
4 0.520783 0.479217
0 0.0974514 0.902549
0 0.0452725 0.954727
4 0.63315 0.36685
4 0.676806 0.323194
4 0.977526 0.0224738
4 0.673574 0.326426
4 0.999493 0.000506964
4 0.999637 0.000363047
4 0.999521 0.000479206
4 0.999894 0.000106278
4 0.601602 0.398398
4 0.930879 0.0691207
4 0.998732 0.00126818
4 0.936161 0.0638391
4 0.845107 0.154893
4 0.990623 0.00937736
4 0.998264 0.00173604
0 0.00010443 0.999896
0 0.342948 0.657052
4 0.552782 0.447218
4 0.999194 0.000805803
4 0.999697 0.000302647
0 0.23018 0.76982
4 0.999978 2.24336e-05
0 0.000411331 0.999589
4 1 1e-07
4 1 1e-07
4 0.99427 0.00572956
4 0.98708 0.0129196
0 0.287366 0.712634
0 0.00885579 0.991144
4 0.990005 0.00999547
4 0.976536 0.0234641
4 0.850488 0.149512
4 0.989876 0.010124
4 0.885034 0.114966
0 0.488194 0.511806
0 0.260016 0.739984
0 0.284466 0.715534
0 0.00613881 0.993861
4 0.64281 0.35719
4 0.999202 0.000798319
0 0.000123537 0.999876
0 0.494146 0.505854
0 0.418189 0.581811
4 0.762901 0.237099
4 0.82142 0.17858
4 0.935633 0.0643673
4 0.608115 0.391885
4 0.999644 0.00035617
4 0.590177 0.409823
4 0.998184 0.00181602
4 0.999964 3.64698e-05
0 0.336515 0.663485
4 0.998895 0.00110524
4 0.821882 0.178118
4 0.784984 0.215016
0 0.291542 0.708458
4 0.999903 9.73432e-05
0 5.84843e-05 0.999942
4 0.967442 0.0325583
4 0.973724 0.0262761
4 0.977285 0.0227155
0 9.13687e-05 0.999909
0 0.23324 0.76676
4 0.999606 0.000394131
0 0.338228 0.661772
4 0.999766 0.000233592
4 0.930814 0.0691856
4 0.843867 0.156133
4 0.99998 1.96288e-05
0 0.00240083 0.997599
4 0.989852 0.0101476
0 0.324655 0.675345
4 0.8653 0.1347
4 0.999995 5.21878e-06
0 9.70852e-05 0.999903
4 0.999984 1.59015e-05
0 0.0112576 0.988742
4 1 1e-07
4 0.999998 2.19582e-06
4 0.999498 0.000501658
4 0.663885 0.336115
4 1 1.4456e-07
0 0.329594 0.670406
4 1 1e-07
4 0.99739 0.0026102
4 1 1e-07
4 0.999906 9.44976e-05
4 1 1e-07
0 0.358971 0.641029
0 4.09235e-05 0.999959
0 0.398156 0.601844
4 0.593692 0.406308
0 0.498328 0.501672
4 0.948288 0.0517116
4 0.755238 0.244762
4 0.99982 0.000179729
4 0.991261 0.00873865
4 1 1e-07
4 1 1e-07
4 1 1e-07
4 0.638155 0.361845
0 0.00025341 0.999747
4 0.999776 0.000223535
4 0.509093 0.490907
0 0.000214871 0.999785
4 0.98528 0.0147201
0 0.332552 0.667448
0 0.427382 0.572618
4 0.574151 0.425849
0 0.306057 0.693943
4 0.999963 3.68575e-05
0 0.443074 0.556926
4 1 1e-07
0 0.152325 0.847675
0 0.345729 0.654271
0 0.000231961 0.999768
0 5.63852e-05 0.999944
4 0.999323 0.000677364
0 0.000435668 0.999564
4 0.999991 8.75747e-06
4 0.676936 0.323064
0 0.355612 0.644388
4 0.992394 0.00760567
0 0.235152 0.764848
4 0.684069 0.315931
0 0.107558 0.892442
4 1 1e-07
4 0.61095 0.38905
0 0.276033 0.723967
0 0.0840951 0.915905
0 0.429213 0.570787
0 0.00041124 0.999589
4 0.798293 0.201707
0 0.000198345 0.999802
0 0.164527 0.835473
0 0.278864 0.721136
4 0.501659 0.498341
4 0.659763 0.340237
4 1 1e-07
4 0.979231 0.0207686
0 0.279728 0.720272
0 0.040979 0.959021
0 0.00048959 0.99951
4 0.99482 0.00518047
0 0.218326 0.781674
4 0.999977 2.32501e-05
0 0.470411 0.529589
4 0.696521 0.303479
0 0.23587 0.76413
0 0.000216828 0.999783
4 0.998189 0.00181139
4 0.717638 0.282362
4 0.834432 0.165568
4 0.998034 0.00196638
4 0.939343 0.0606573
4 0.999986 1.42453e-05
4 0.999791 0.000208584
4 0.941092 0.058908
4 0.999991 8.60246e-06
0 0.399587 0.600413
0 0.00016405 0.999836
0 0.436397 0.563603
4 0.999994 6.2892e-06
4 0.998347 0.00165298
4 0.598947 0.401053
4 0.98345 0.0165496
0 5.84202e-05 0.999942
4 0.888581 0.111419
0 1.36789e-06 0.999999
4 0.979501 0.0204986
4 0.781488 0.218512
0 0.164545 0.835455
0 0.458937 0.541063
4 1 1e-07
4 0.941747 0.0582526
4 0.99997 3.03436e-05
4 0.570747 0.429253
4 0.538967 0.461033
4 0.770978 0.229022
0 0.127936 0.872064
0 0.28776 0.71224
0 0.000195543 0.999804
4 0.877235 0.122765
4 0.762534 0.237466
0 0.000467212 0.999533
4 0.94804 0.0519598
4 0.522732 0.477268
4 0.997569 0.00243071
4 0.999995 5.40191e-06
4 0.555711 0.444289
4 0.505403 0.494597
0 0.180722 0.819278
4 0.999343 0.000656983
4 0.999772 0.000228276
4 0.986133 0.0138672
0 0.365284 0.634716
0 0.499859 0.500141
4 0.999998 1.71768e-06
4 0.997531 0.00246917
4 0.844388 0.155612
4 0.977867 0.0221329
4 0.999352 0.000647986
4 0.999987 1.32875e-05
4 0.658638 0.341362
4 0.999999 7.39446e-07
0 0.056293 0.943707
4 0.993345 0.00665476
4 0.999927 7.32304e-05
4 0.586359 0.413641
0 0.000937406 0.999063
0 0.376012 0.623988
4 0.999993 7.38819e-06
4 0.9999 9.97669e-05
4 0.6372 0.3628
0 0.430371 0.569629
4 0.526545 0.473455
4 0.982041 0.0179587
4 0.805902 0.194098
4 0.999319 0.000680816
0 0.0431375 0.956863
0 7.77228e-06 0.999992
0 0.408038 0.591962
0 0.0015378 0.998462
0 0.01855 0.98145
0 0.000127497 0.999873
0 0.42663 0.57337
4 0.999671 0.000329362
4 0.96351 0.0364898
4 0.997799 0.00220056
0 0.00869193 0.991308
4 0.998274 0.00172576
4 0.997299 0.00270059
0 0.160137 0.839863
4 0.999999 6.8945e-07
4 0.996644 0.00335611
4 0.772159 0.227841
4 0.909539 0.090461
4 0.85653 0.14347
4 0.983588 0.0164123
4 0.503876 0.496124
4 0.985344 0.0146555
4 0.98907 0.0109298
4 0.578464 0.421536
4 0.757418 0.242582
4 0.970224 0.0297761
0 0.00020106 0.999799
4 1 1.23405e-07
4 0.660743 0.339257
0 0.312411 0.687589
4 0.570914 0.429086
4 0.984768 0.0152319
0 0.320763 0.679237
4 0.999994 6.49986e-06
4 0.999971 2.86258e-05
4 0.99892 0.00107966
4 1 1e-07
4 0.983597 0.016403
4 1 1e-07
4 0.998834 0.00116589
4 0.999998 1.92523e-06
4 0.999382 0.000618287
4 1 1e-07
4 0.99217 0.0078303
4 0.986159 0.0138414
4 0.994294 0.00570586
4 0.521217 0.478783
4 0.989242 0.0107578
4 0.973598 0.0264018
4 0.906313 0.0936865
4 0.999959 4.14123e-05
4 1 1e-07
4 0.600403 0.399597
0 0.000378926 0.999621
0 0.326375 0.673625
0 0.000260732 0.999739
0 0.456115 0.543885
4 0.991071 0.00892883
0 0.000541882 0.999458
0 0.236128 0.763872
4 0.52751 0.47249
4 0.784419 0.215581
0 6.7638e-05 0.999932
4 0.504922 0.495078
0 0.193299 0.806701
0 0.00120377 0.998796
0 0.000370802 0.999629
4 0.981194 0.0188057
4 0.666475 0.333525
0 0.465865 0.534135
0 0.0720254 0.927975
4 1 1e-07
0 0.493405 0.506595
4 0.974292 0.025708
4 0.514793 0.485207
0 0.0766805 0.92332
0 0.000276079 0.999724
0 0.481949 0.518051
4 0.998843 0.00115705
0 0.000711912 0.999288
4 1 1e-07
4 0.999907 9.31121e-05
4 0.998276 0.0017243
0 0.359317 0.640683
4 0.978597 0.0214028
0 0.192417 0.807583
4 0.999982 1.80511e-05
4 0.999995 4.71152e-06
4 0.998858 0.0011425
4 0.973547 0.0264532
4 1 2.46248e-07
0 4.57108e-05 0.999954
4 0.993524 0.00647627
4 0.544929 0.455071
4 0.993639 0.0063608
4 0.774752 0.225248
0 0.281704 0.718296
4 0.999655 0.000344624
4 0.999653 0.000347298
0 0.247945 0.752055
4 0.982501 0.017499
0 0.000203012 0.999797
0 0.359739 0.640261
4 0.999999 6.27079e-07
0 8.98938e-05 0.99991
0 0.4229 0.5771
4 0.983737 0.016263
0 0.000117668 0.999882
4 0.992772 0.00722794
0 0.452478 0.547522
0 0.220316 0.779684
0 9.18642e-05 0.999908
4 0.987786 0.0122136
0 0.263896 0.736104
4 0.739261 0.260739
0 0.0514834 0.948517
0 0.185048 0.814952
4 0.999688 0.000312484
0 0.382189 0.617811
0 0.44137 0.55863
4 0.827445 0.172555
0 0.245418 0.754582
0 0.000126978 0.999873
4 0.956467 0.0435327
4 0.766559 0.233441
4 0.994488 0.00551229
0 0.122015 0.877985
0 0.0400721 0.959928
4 0.616642 0.383358
4 0.982975 0.0170253
4 0.797038 0.202962
4 0.999997 3.06186e-06
0 1.66825e-05 0.999983
0 0.00036872 0.999631
4 1 1e-07
4 0.999985 1.54846e-05
4 0.796296 0.203704
0 0.000202643 0.999797
0 0.258305 0.741695
4 0.593891 0.406109
0 0.065911 0.934089
4 0.999592 0.000408015
4 0.912674 0.0873263
4 0.987252 0.012748
0 0.371807 0.628193
4 0.996777 0.00322281
4 0.998671 0.00132873
4 0.976281 0.0237187
4 0.996661 0.00333883
4 0.692968 0.307032
4 0.999976 2.42255e-05
0 0.487164 0.512836
0 0.000217268 0.999783
0 0.00440634 0.995594
4 0.996061 0.00393854
0 0.302058 0.697942
0 0.00267013 0.99733
0 0.190159 0.809841
0 0.154059 0.845941
4 0.999999 8.04767e-07
4 0.999829 0.000171158
0 0.00363689 0.996363
0 0.37912 0.62088
0 0.0136147 0.986385
0 0.000511574 0.999488
4 0.999688 0.000311862
4 0.993216 0.00678368
4 0.801629 0.198371
0 0.00020669 0.999793
4 0.520987 0.479013
0 0.42226 0.57774
0 0.000463606 0.999536
0 0.186867 0.813133
4 0.661181 0.338819
4 1 3.80128e-07
0 0.317817 0.682183
4 0.999228 0.000772207
4 0.887415 0.112585
0 0.311888 0.688112
4 0.978015 0.021985
0 0.00246444 0.997536
4 1 1e-07
0 0.289999 0.710001
4 1 1e-07
4 0.797759 0.202241
0 0.160105 0.839895
4 0.875383 0.124617
0 0.103211 0.896789
4 0.998982 0.00101775
4 0.91631 0.0836904
4 0.92345 0.0765504
4 0.98439 0.0156105
4 1 1e-07
0 7.68991e-05 0.999923
4 0.995239 0.00476129
4 0.996989 0.00301083
4 0.598707 0.401293
0 0.00672617 0.993274
0 0.00579416 0.994206
0 0.105356 0.894644
4 0.690533 0.309467
0 0.318094 0.681906
4 0.998073 0.00192662
4 0.994655 0.00534493
0 0.237477 0.762523
0 0.282752 0.717248
4 0.87283 0.12717
0 0.000718555 0.999281
4 0.619202 0.380798
0 0.442399 0.557601
4 0.988191 0.0118087
0 0.25922 0.74078
4 0.999977 2.28197e-05
4 0.99966 0.000340313
4 0.955083 0.0449174
0 0.00153409 0.998466
4 0.999997 3.46663e-06
0 0.358073 0.641927
4 0.506587 0.493413
4 0.967308 0.0326918
4 0.983551 0.0164488
4 0.997745 0.00225497
4 0.999531 0.000468722
0 7.55803e-05 0.999924
4 0.610789 0.389211
4 0.529999 0.470001
0 0.167027 0.832973
4 0.920057 0.0799426
0 0.0197789 0.980221
4 0.999999 1.03762e-06
4 0.856655 0.143345
0 0.174286 0.825714
4 0.640394 0.359606
4 0.999963 3.73669e-05
4 1 4.00425e-07
4 0.999801 0.000199387
0 0.270201 0.729799
4 0.833584 0.166416
4 0.991215 0.00878467
4 0.583632 0.416368
4 0.999395 0.000605024
4 0.999986 1.43549e-05
4 0.993614 0.00638589
4 1 1e-07
4 0.717741 0.282259
0 0.190256 0.809744
0 0.00618878 0.993811
0 0.41759 0.58241
4 0.996869 0.00313137
4 0.510117 0.489883
4 0.987226 0.0127739
0 5.887e-05 0.999941
0 0.444967 0.555033
4 0.563584 0.436416
4 0.952891 0.0471087
4 0.580709 0.419291
4 0.995831 0.00416916
4 0.997496 0.00250433
4 0.999993 6.5492e-06
4 0.999896 0.000104293
4 0.990464 0.00953589
0 0.000754711 0.999245
4 0.673985 0.326015
4 0.962166 0.0378341
0 0.224348 0.775652
0 0.374019 0.625981
0 0.367891 0.632109
0 0.23939 0.76061
4 0.828971 0.171029
4 0.998545 0.00145523
4 0.972318 0.027682
4 1 1e-07
0 0.257827 0.742173
0 0.00359804 0.996402
4 0.999681 0.000319203
4 0.992898 0.00710164
0 0.000405786 0.999594
0 0.0127102 0.98729
0 0.102683 0.897317
0 0.491044 0.508956
4 0.617244 0.382756
4 0.993968 0.00603169
0 0.319154 0.680846
4 0.589794 0.410206
0 0.236861 0.763139
0 0.315065 0.684935
0 0.0318296 0.96817
0 0.225248 0.774752
0 0.484824 0.515176
4 1 1e-07
0 0.0252616 0.974738
0 0.00808411 0.991916
4 0.99744 0.00256039
0 0.000441404 0.999559
4 0.994039 0.00596127
4 1 1e-07
4 0.993208 0.00679216
0 0.381845 0.618155
4 0.643179 0.356821
0 0.0107343 0.989266
4 0.581357 0.418643
4 0.625384 0.374616
0 0.188233 0.811767
4 0.998816 0.00118435
4 0.999916 8.43436e-05
4 0.999963 3.74694e-05
0 0.0685832 0.931417
4 0.676008 0.323992
0 0.283203 0.716797
0 0.23498 0.76502
0 0.267077 0.732923
0 0.21359 0.78641
4 0.990085 0.00991472
0 2.24973e-05 0.999978
4 0.991544 0.00845592
4 0.999924 7.57727e-05
4 0.601892 0.398108
4 0.999965 3.53701e-05
4 0.995916 0.00408446
4 0.999616 0.000383982
0 0.0439804 0.95602
4 0.683851 0.316149
4 0.999995 5.44391e-06
4 0.998892 0.00110802
4 0.766858 0.233142
4 0.999999 1.2785e-06
4 0.997402 0.00259809
0 7.16737e-05 0.999928
0 0.31157 0.68843
4 0.999685 0.000315039
4 0.534565 0.465435
0 0.194301 0.805699
0 0.227013 0.772987
4 0.998303 0.00169668
4 0.875693 0.124307
0 0.167122 0.832878
4 0.973375 0.026625
0 1.99604e-05 0.99998
4 0.999472 0.000528397
4 1 1e-07
4 0.99356 0.00644047
4 0.999971 2.90951e-05
4 0.999761 0.00023933
4 0.657471 0.342529
4 0.994409 0.0055906
4 0.999918 8.23063e-05
4 0.999697 0.000303176
0 0.230374 0.769626
0 0.361501 0.638499
4 0.693272 0.306728
4 1 1e-07
4 0.999995 5.42348e-06
4 0.999919 8.11402e-05
0 3.41336e-05 0.999966
4 0.871951 0.128049
0 0.201503 0.798497
4 0.99996 4.02409e-05
4 0.971467 0.0285327
4 0.508431 0.491569
4 0.980435 0.0195651
4 0.987788 0.0122121
4 0.999484 0.000515965
4 0.999992 7.85593e-06
4 1 1e-07
4 0.999728 0.000271903
4 0.999979 2.11633e-05
0 0.163008 0.836992
4 0.501485 0.498515
0 0.27145 0.72855
4 0.989149 0.0108513
4 0.996808 0.00319151
4 0.542786 0.457214
4 0.997522 0.00247755
4 0.999999 7.34706e-07
4 0.975231 0.0247688
4 0.99992 7.99922e-05
4 1 1.40923e-07
4 0.520075 0.479925
4 0.50044 0.49956
4 0.998508 0.00149152
4 0.999986 1.41605e-05
4 0.693 0.307
4 0.998239 0.00176123
4 0.999997 2.80048e-06
4 0.799382 0.200618
4 1 1.24897e-07
0 0.000283256 0.999717
4 0.998744 0.00125566
4 0.999987 1.28762e-05
4 0.999714 0.000286028
0 0.000199256 0.999801
4 0.999864 0.000135595
4 0.989136 0.0108641
0 0.212354 0.787646
4 0.961484 0.0385163
4 0.999638 0.000361929
4 1 1e-07
4 0.985634 0.0143664
4 1 1e-07
4 0.999987 1.34448e-05
4 0.981159 0.0188414
0 0.240786 0.759214
0 0.000391759 0.999608
0 0.30002 0.69998
4 0.997708 0.00229238
0 0.339734 0.660266
4 0.992921 0.00707869
4 0.830089 0.169911
4 0.997078 0.00292187
0 0.000192372 0.999808
0 0.377972 0.622028
4 0.785438 0.214562
4 0.578105 0.421895
0 0.00082141 0.999179
0 0.000415642 0.999584
0 0.178427 0.821573
0 7.60691e-05 0.999924
4 0.990278 0.00972242
4 0.988877 0.0111231
4 0.931252 0.0687477
0 0.326957 0.673043
4 0.670964 0.329036
4 0.999571 0.000428682
4 0.53756 0.46244
0 0.487325 0.512675
0 0.000618171 0.999382
0 0.000335151 0.999665
0 0.000500787 0.999499
0 0.367405 0.632595
0 0.248108 0.751892
0 0.213133 0.786867
4 0.999968 3.1987e-05
4 0.526169 0.473831
4 0.997513 0.00248672
0 0.419307 0.580693
0 0.28248 0.71752
4 0.999996 3.69314e-06
4 0.521746 0.478254
4 0.804258 0.195742
0 0.317741 0.682259
0 0.193186 0.806814
4 0.999999 1.30809e-06
4 0.999957 4.32817e-05
4 0.670962 0.329038
4 0.573512 0.426488
4 0.996456 0.00354399
4 1 1e-07
0 0.00268214 0.997318
4 0.685539 0.314461
4 0.999886 0.000114398
4 1 1e-07
4 0.602706 0.397294
4 0.658837 0.341163
4 0.998716 0.00128382
4 0.950426 0.0495736
0 0.257756 0.742244
0 0.176159 0.823841
4 0.875196 0.124804
0 0.00426972 0.99573
4 0.999809 0.000190899
4 0.990367 0.00963322
0 9.40462e-05 0.999906
4 0.637531 0.362469
4 0.989295 0.0107049
4 0.95496 0.0450401
0 0.319469 0.680531
0 0.2659 0.7341
0 0.267182 0.732818
0 0.460539 0.539461
0 0.14092 0.85908
4 0.556433 0.443567
4 0.999978 2.17532e-05
0 0.343728 0.656272
4 0.870747 0.129253
4 0.983907 0.0160929
0 0.00014525 0.999855
0 0.243643 0.756357
0 0.264231 0.735769
4 0.941225 0.0587754
0 0.314875 0.685125
4 0.971472 0.0285278
4 0.999938 6.22028e-05
4 0.999767 0.00023307
4 0.999999 7.0876e-07
0 0.171684 0.828316
0 0.493467 0.506533
4 0.748961 0.251039
0 0.38815 0.61185
4 0.991972 0.00802807
4 0.726036 0.273964
4 0.572432 0.427568
0 4.27013e-05 0.999957
4 0.647624 0.352376
4 0.999496 0.000503663
0 0.00425373 0.995746
0 0.46782 0.53218
4 1 1e-07
0 0.335473 0.664527
4 0.986449 0.0135515
0 0.00018431 0.999816
4 0.932895 0.0671049
0 0.0158594 0.984141
0 7.34094e-05 0.999927
4 0.999991 8.53187e-06
4 0.999995 4.98738e-06
4 0.995283 0.00471725
0 3.06386e-05 0.999969
4 0.991118 0.00888248
4 0.726464 0.273536
0 0.121092 0.878908
0 0.382097 0.617903
4 0.790244 0.209756
0 0.000225693 0.999774
4 0.992313 0.00768671
4 0.999995 4.99423e-06
4 0.999999 1.10535e-06
4 0.991232 0.00876803
0 0.166429 0.833571
4 0.997784 0.0022156
4 0.542873 0.457127
4 0.9999 0.000100486
4 0.980755 0.0192447
4 0.700998 0.299002
0 0.000295922 0.999704
4 0.971296 0.0287041
0 0.430265 0.569735
4 0.999999 5.0193e-07
0 0.254628 0.745372
4 0.935527 0.0644732
0 0.18692 0.81308
0 0.287561 0.712439
4 0.748581 0.251419
4 0.999786 0.000213802
0 0.00422237 0.995778
0 0.462006 0.537994
0 0.225028 0.774972
4 0.999964 3.62862e-05
0 0.0458614 0.954139
0 0.370837 0.629163
4 0.558183 0.441817
0 0.267837 0.732163
4 0.704455 0.295545
4 0.999948 5.16317e-05
4 0.993185 0.00681452
4 0.696117 0.303883
4 1 1e-07
4 1 1e-07
4 0.904997 0.0950028
4 0.746111 0.253889
4 0.938065 0.0619349
4 0.915941 0.0840586
4 0.539933 0.460067
4 0.999311 0.000689487
4 0.999933 6.67895e-05
4 0.980879 0.0191207
0 0.274517 0.725483
0 0.030296 0.969704
4 0.999158 0.000842232
0 0.212604 0.787396
0 0.225067 0.774933
0 0.0176421 0.982358
4 0.528383 0.471617
4 0.921036 0.0789636
4 0.991373 0.00862675
4 0.711858 0.288142
0 0.000215599 0.999784
0 0.337548 0.662452
4 0.557355 0.442645
4 0.61696 0.38304
4 0.999233 0.000767027
0 0.400917 0.599083
4 0.999982 1.75362e-05
4 1 1.20564e-07
0 0.00257415 0.997426
4 0.719746 0.280254
0 0.00407822 0.995922
4 0.9984 0.00159973
4 0.897993 0.102007
4 0.998502 0.00149759
4 0.504934 0.495066
4 0.937208 0.0627924
0 0.490955 0.509045
0 0.000298073 0.999702
4 0.663915 0.336085
0 0.443928 0.556072
4 0.999998 1.72865e-06
0 0.0377106 0.962289
0 0.236726 0.763274
0 0.000620911 0.999379
0 0.16083 0.83917
4 0.999312 0.000687525
4 0.999797 0.000202568
4 0.990435 0.00956489
0 0.336681 0.663319
4 0.968152 0.0318485
4 0.995143 0.00485736
0 0.0254455 0.974554
4 0.826363 0.173637
4 1 1e-07
4 0.996933 0.00306695
4 0.99999 1.00416e-05
0 0.00087346 0.999127
0 0.360574 0.639426
4 0.999998 2.05109e-06
4 0.993454 0.00654563
4 0.999178 0.000821923
4 0.998883 0.00111701
4 0.997143 0.00285675
4 1 1e-07
0 0.00119563 0.998804
4 0.517407 0.482593
0 0.438538 0.561462
4 0.992195 0.00780519
0 0.141128 0.858872
0 0.00138027 0.99862
4 0.999684 0.000316338
4 0.998072 0.00192775
0 0.468664 0.531336
4 0.999615 0.000385289
4 0.999876 0.000124102
4 0.999994 5.93995e-06
4 0.99998 2.02328e-05
0 0.458365 0.541635
4 0.98667 0.0133298
0 0.382911 0.617089
0 0.00273202 0.997268
4 0.993079 0.00692092
4 0.999996 4.16504e-06
0 0.305145 0.694855
4 0.996648 0.00335172
4 0.999608 0.000391783
0 0.121312 0.878688
4 0.637242 0.362758
4 0.999928 7.2076e-05
4 0.998192 0.00180821
4 0.607357 0.392643
0 0.181174 0.818826
4 0.86043 0.13957
4 0.999885 0.000115107
4 0.83436 0.16564
0 0.225333 0.774667
4 0.630187 0.369813
4 0.999751 0.000249088
0 0.00139094 0.998609
4 0.737218 0.262782
4 0.999999 1.48082e-06
4 0.999983 1.67428e-05
0 0.368237 0.631763
0 0.00195152 0.998048
4 0.631794 0.368206
0 0.227748 0.772252
4 0.840447 0.159553
4 0.999993 6.85581e-06
0 0.392849 0.607151
4 0.661386 0.338614
4 0.604533 0.395467
0 0.436232 0.563768
0 0.26758 0.73242
0 0.0102037 0.989796
0 0.189172 0.810828
0 0.187047 0.812953
0 0.00147553 0.998524
0 0.00858567 0.991414
4 0.999972 2.78152e-05
0 0.43272 0.56728
4 0.999949 5.08758e-05
4 0.983964 0.0160357
4 0.999979 2.0686e-05
4 0.967177 0.032823
4 0.651066 0.348934
4 0.99977 0.000229659
0 0.193897 0.806103
0 0.196165 0.803835
4 0.735106 0.264894
0 2.69253e-05 0.999973
4 0.988134 0.0118663
0 0.000330176 0.99967
0 0.104428 0.895572
0 0.205249 0.794751
4 0.998564 0.00143591
0 0.479011 0.520989
4 0.999739 0.000260889
4 0.853109 0.146891
4 0.970693 0.0293071
4 0.989338 0.0106617
0 0.32261 0.67739
0 0.364514 0.635486
4 0.683726 0.316274
4 0.9988 0.0012002
4 0.999853 0.00014713
4 1 1e-07
4 0.999594 0.000406008
0 0.00375726 0.996243
0 4.29112e-06 0.999996
0 0.465388 0.534612
0 0.359851 0.640149
4 0.716999 0.283001
4 0.999718 0.000281782
4 0.861784 0.138216
4 0.999992 7.58224e-06
4 0.999528 0.00047166
4 0.971732 0.0282683
4 0.618165 0.381835
4 0.998148 0.00185246
0 0.0300216 0.969978
0 0.24023 0.75977
4 0.977936 0.0220643
0 0.0108495 0.98915
4 0.994746 0.00525371
4 0.999408 0.000592105
4 0.991866 0.00813403
4 0.668386 0.331614
4 0.999917 8.29145e-05
0 0.133978 0.866022
4 0.9563 0.0437003
4 0.57933 0.42067
4 0.999995 5.2345e-06
0 0.472878 0.527122
0 0.341884 0.658116
4 0.987789 0.012211
4 0.994396 0.00560419
4 0.970843 0.0291571
0 0.000303089 0.999697
4 0.984746 0.0152543
4 0.999274 0.000725867
0 0.19526 0.80474
4 0.999999 7.60994e-07
4 0.823275 0.176725
4 0.999713 0.000286556
0 6.41914e-05 0.999936
4 0.846539 0.153461
4 0.996149 0.00385107
4 0.51605 0.48395
0 0.000108601 0.999891
4 0.993201 0.00679861
4 0.607526 0.392474
0 6.05776e-05 0.999939
0 0.0302973 0.969703
0 0.370699 0.629301
4 0.999991 9.42259e-06
4 0.999976 2.39495e-05
4 0.996634 0.00336599
0 0.254883 0.745117
0 0.403849 0.596151
0 0.226593 0.773407
0 0.0856591 0.914341
0 0.287971 0.712029
4 0.969986 0.0300136
0 9.84327e-05 0.999902
4 0.824139 0.175861
4 0.999825 0.000175155
4 0.983892 0.016108
4 0.999849 0.000150778
0 0.0447777 0.955222
4 0.971984 0.0280155
4 0.99989 0.00010981
0 0.391969 0.608031
0 0.000534516 0.999465
0 0.00481962 0.99518
4 0.75769 0.24231
0 0.00144676 0.998553
0 0.470684 0.529316
4 0.580223 0.419777
4 1 1e-07
4 0.552292 0.447708
0 0.000679663 0.99932
4 0.585763 0.414237
4 0.999639 0.000361023
4 0.999993 7.22872e-06
4 0.997727 0.00227345
4 0.585404 0.414596
4 0.999833 0.000167111
4 0.986175 0.0138247
4 0.887985 0.112015
4 0.729339 0.270661
0 0.228494 0.771506
4 0.999992 8.16746e-06
0 0.217765 0.782235
0 0.371118 0.628882
4 0.869436 0.130564
4 0.899751 0.100249
0 0.0131855 0.986814
4 0.999984 1.56508e-05
0 7.99373e-05 0.99992
4 0.999986 1.39014e-05
4 0.898312 0.101688
4 1 1e-07
0 1.82203e-05 0.999982
4 0.685019 0.314981
0 0.174662 0.825338
4 0.999918 8.24149e-05
0 0.489178 0.510822
4 0.999957 4.26306e-05
4 1 1.21976e-07
4 0.688335 0.311665
4 0.999799 0.000200898
0 0.0168517 0.983148
4 0.888225 0.111775
0 0.377571 0.622429
4 0.621086 0.378914
4 0.99951 0.000490471
0 0.00161433 0.998386
4 0.999997 2.74792e-06
4 0.993095 0.00690533
4 0.736831 0.263169
4 0.871722 0.128278
4 0.997269 0.00273066
0 2.09044e-06 0.999998
0 0.00772255 0.992277
4 0.999971 2.87675e-05
4 0.998963 0.00103653
0 0.436583 0.563417
4 1 1.23298e-07
4 0.897655 0.102345
4 0.999967 3.32257e-05
0 0.408018 0.591982
4 0.634369 0.365631
4 0.999996 3.79077e-06
0 0.382167 0.617833
4 0.557979 0.442021
0 0.276979 0.723021
0 0.241985 0.758015
4 0.999776 0.000224249
4 1 1e-07
0 0.000535659 0.999464
4 0.998843 0.00115673
4 0.999256 0.000743958
4 0.999424 0.000576465
4 0.998077 0.00192314
4 0.990367 0.00963327
0 0.452919 0.547081
0 0.313685 0.686315
4 0.578736 0.421264
4 0.98724 0.0127601
4 0.822863 0.177137
4 0.995657 0.00434256
0 3.00095e-05 0.99997
4 0.996816 0.00318386
4 0.968136 0.0318637
4 0.999982 1.75662e-05
4 0.807816 0.192184
0 3.0022e-05 0.99997
4 0.500251 0.499749
4 0.936166 0.0638339
4 0.990724 0.00927572
4 0.999995 5.04736e-06
4 0.999239 0.000760823
0 3.02337e-05 0.99997
0 0.239432 0.760568
0 0.175406 0.824594
0 0.363393 0.636607
4 0.997676 0.00232365
4 0.647897 0.352103
4 0.978961 0.0210392
4 0.999858 0.000141568
4 1 4.06799e-07
0 0.00262601 0.997374
4 0.826926 0.173074
0 0.186953 0.813047
0 0.0214493 0.978551
4 0.965465 0.0345348
4 0.957598 0.0424021
0 0.000110015 0.99989
4 0.999997 2.91585e-06
4 0.998455 0.001545
0 0.438918 0.561082
0 1.40896e-05 0.999986
4 1 3.69841e-07
4 0.698697 0.301303
4 0.868642 0.131358
4 0.947073 0.0529266
0 0.305284 0.694716
4 0.99977 0.000230029
0 0.196562 0.803438
0 4.07925e-06 0.999996
0 0.000460349 0.99954
0 0.00025318 0.999747
4 0.999993 6.696e-06
4 0.997323 0.00267746
4 0.755578 0.244422
4 0.549616 0.450384
4 0.806495 0.193505
4 0.575051 0.424949
0 0.396831 0.603169
4 0.999997 3.29938e-06
0 0.29671 0.70329
0 0.000397746 0.999602
4 0.993681 0.00631929
0 0.383006 0.616994
4 0.999264 0.000736397
4 0.99977 0.000230434
4 0.973117 0.0268829
0 4.78176e-05 0.999952
0 0.000241413 0.999759
0 0.0283099 0.97169
4 0.515217 0.484783
4 0.603448 0.396552
0 0.21101 0.78899
4 0.999829 0.000171089
0 0.106436 0.893564
4 1 1e-07
4 0.999995 5.49865e-06
4 0.99975 0.000250139
4 1 3.35343e-07
4 1 4.67658e-07
0 0.000249087 0.999751
4 0.996497 0.00350327
0 0.0322395 0.967761
0 0.442102 0.557898
0 0.298903 0.701097
0 0.377311 0.622689
0 0.0268561 0.973144
4 0.999248 0.000752416
4 0.999994 5.62949e-06
0 0.257265 0.742735
4 0.978456 0.0215441
0 0.193935 0.806065
0 0.0122938 0.987706
0 0.214573 0.785427
4 0.947492 0.0525085
4 0.517694 0.482306
4 0.999989 1.05087e-05
0 0.211648 0.788352
4 0.940537 0.0594625
4 0.965443 0.0345568
4 0.999268 0.000732208
4 0.996878 0.00312168
0 0.47292 0.52708
0 0.41579 0.58421
4 0.999581 0.000419109
4 0.50618 0.49382
4 0.98134 0.0186596
4 0.999896 0.000104334
0 0.228803 0.771197
4 0.999938 6.16517e-05
0 0.00559111 0.994409
4 0.510447 0.489553
4 0.76038 0.23962
0 0.000367605 0.999632
0 0.0939759 0.906024
4 0.752846 0.247154
4 0.972384 0.027616
4 1 1e-07
4 0.943368 0.0566323
0 0.490546 0.509454
0 0.40497 0.59503
4 0.542926 0.457074
4 0.624587 0.375413
4 0.666179 0.333821
4 0.999523 0.000476913
4 0.932612 0.0673883
4 0.978796 0.0212037
4 0.996249 0.00375144
4 0.999222 0.000777732
4 0.512227 0.487773
4 0.996802 0.00319805
4 0.995818 0.00418223
0 0.000162693 0.999837
0 0.38011 0.61989
4 1 4.35894e-07
4 0.839064 0.160936
4 0.533893 0.466107
4 0.996099 0.00390105
4 1 1e-07
4 0.658558 0.341442
4 0.629718 0.370282
0 0.000202513 0.999797
4 0.966995 0.033005
4 0.556653 0.443347
4 0.999113 0.000887465
4 0.99313 0.00686984
0 0.477501 0.522499
4 0.999546 0.00045362
4 0.996638 0.00336206
4 0.513826 0.486174
4 0.999995 4.52536e-06
4 0.650079 0.349921
4 0.534131 0.465869
0 4.20696e-06 0.999996
0 0.0401417 0.959858
4 0.966314 0.0336859
4 0.631382 0.368618
0 0.450544 0.549456
0 0.47695 0.52305
0 0.000114339 0.999886
0 0.0116221 0.988378
4 0.994426 0.00557418
4 0.53097 0.46903
4 0.732801 0.267199
0 0.000249993 0.99975
4 0.685437 0.314563
4 0.629328 0.370672
0 0.160231 0.839769
4 0.503836 0.496164
4 0.565431 0.434569
0 0.421827 0.578173
4 0.999852 0.000148383
0 0.283743 0.716257
0 0.447501 0.552499
4 1 1e-07
0 0.422147 0.577853
0 0.132673 0.867327
4 0.969043 0.0309568
4 1 1.52248e-07
4 0.982988 0.0170122
4 0.996187 0.00381292
4 0.597325 0.402675
4 0.655006 0.344994
4 0.998029 0.00197104
0 0.243845 0.756155
0 0.217505 0.782495
0 0.264377 0.735623
4 1 1e-07
4 1 1e-07
4 0.999776 0.000223702
4 0.998089 0.00191103
4 0.999903 9.67078e-05
4 0.561113 0.438887
4 0.999938 6.1609e-05
4 0.999913 8.68915e-05
4 0.915832 0.084168
0 0.27228 0.72772
4 0.99974 0.000259945
0 0.385867 0.614133
4 0.50375 0.49625
4 0.953377 0.0466234
4 0.94549 0.0545105
4 0.999899 0.000101049
4 0.995025 0.0049747
4 0.825415 0.174585
4 0.996706 0.00329446
0 0.0619827 0.938017
4 0.999048 0.000952211
4 0.99981 0.000189888
4 0.995997 0.00400279
0 0.241234 0.758766
0 0.267561 0.732439
0 0.294992 0.705008
4 0.978215 0.0217851
4 0.999769 0.000231477
4 0.553841 0.446159
4 0.58673 0.41327
4 0.999747 0.00025269
4 1 1e-07
4 0.674899 0.325101
4 0.996787 0.00321346
4 0.506714 0.493286
4 0.587199 0.412801
4 0.997569 0.00243102
0 0.00156045 0.99844
0 0.309213 0.690787
4 0.999999 9.39699e-07
4 0.999372 0.000627999
4 0.964304 0.0356955
4 1 1e-07
4 0.653053 0.346947
4 1 1e-07
4 0.984549 0.0154506
4 0.724969 0.275031
0 0.419987 0.580013
4 0.511109 0.488891
4 0.634677 0.365323
4 0.991309 0.0086912
4 0.997445 0.0025551
4 0.646068 0.353932
0 0.298737 0.701263
4 0.600512 0.399488
4 0.999948 5.19401e-05
4 0.998157 0.00184317
4 1 1e-07
4 0.597791 0.402209
0 0.000305011 0.999695
4 0.997466 0.00253409
4 0.99722 0.00277999
4 0.999884 0.000115724
4 0.999352 0.000647527
4 0.990746 0.00925402
4 0.727799 0.272201
4 0.973748 0.0262516
4 0.807307 0.192693
4 0.99985 0.000149722
0 0.488114 0.511886
4 0.99987 0.000129679
0 0.448984 0.551016
4 0.999998 2.11855e-06
0 0.338664 0.661336
0 0.4565 0.5435
4 0.523244 0.476756
4 0.999935 6.54336e-05
4 0.631848 0.368152
0 2.75291e-05 0.999972
0 0.0893771 0.910623
4 0.552306 0.447694
0 0.326502 0.673498
4 0.999077 0.000923434
4 1 1e-07
4 0.608611 0.391389
0 0.402238 0.597762
4 0.999827 0.000172966
4 0.587706 0.412294
4 0.94648 0.0535196
4 0.999998 1.81311e-06
4 0.505982 0.494018
4 0.99954 0.00045989
4 0.993082 0.00691848
0 0.248761 0.751239
0 0.148518 0.851482
4 0.971099 0.0289013
4 0.99991 8.99166e-05
0 0.00020939 0.999791
0 0.16469 0.83531
0 0.445758 0.554242
0 0.355052 0.644948
0 0.0140225 0.985977
4 1 1e-07
4 0.995278 0.00472209
0 0.382822 0.617178
0 0.31977 0.68023
0 0.0132704 0.98673
4 0.987014 0.0129859
4 0.999913 8.6565e-05
4 0.99991 9.00688e-05
0 0.24511 0.75489
0 0.0298886 0.970111
4 1 1.27996e-07
4 1 1e-07
4 0.9147 0.0853002
0 0.043503 0.956497
4 0.999393 0.000607134
4 0.98167 0.0183295
4 0.584947 0.415053
0 0.429257 0.570743
4 0.981579 0.018421
0 0.388579 0.611421
0 0.24955 0.75045
4 0.602606 0.397394
4 0.650536 0.349464
4 0.989576 0.0104235
0 0.000480234 0.99952
4 0.67115 0.32885
4 0.999429 0.000570881
4 0.999357 0.00064301
4 0.999935 6.48073e-05
4 0.999999 6.99408e-07
4 0.995884 0.00411601
0 0.000903689 0.999096
0 0.000314458 0.999686
4 0.997196 0.00280411
0 0.242827 0.757173
4 1 1e-07
4 0.634121 0.365879
4 0.730295 0.269705
4 0.998659 0.00134052
0 0.253494 0.746506
4 0.999999 6.38857e-07
0 0.4585 0.5415
0 1.44183e-05 0.999986
0 0.000543011 0.999457
4 0.992734 0.00726622
