labels 10 5
10 0.999983 1.71515e-05
10 1 3.30007e-07
10 1 1e-07
10 0.999997 3.47625e-06
10 1 1e-07
10 0.920452 0.0795479
10 1 1e-07
10 1 1e-07
10 0.996891 0.00310882
10 0.999999 1.0832e-06
10 0.999997 2.57282e-06
10 0.999923 7.73127e-05
10 1 1e-07
10 1 1e-07
5 0.0416929 0.958307
10 1 1e-07
10 0.999855 0.000144598
10 1 1e-07
10 0.999649 0.000350993
10 1 1e-07
10 0.999694 0.000305675
10 0.999997 3.23384e-06
10 0.999998 1.79378e-06
10 0.999155 0.000845215
10 0.999974 2.63409e-05
10 0.999997 3.11529e-06
10 0.99998 2.04829e-05
10 1 1e-07
10 0.999998 2.4149e-06
10 1 1e-07
10 0.999824 0.00017625
10 0.999085 0.000915009
5 1.72094e-07 1
10 1 1e-07
10 0.999958 4.17797e-05
10 1 1e-07
10 1 1e-07
10 1 1e-07
10 0.960607 0.0393926
10 1 1e-07
10 1 1e-07
10 1 1e-07
10 0.721857 0.278143
10 0.999995 4.64905e-06
10 1 2.23723e-07
10 1 1e-07
10 0.999998 2.23473e-06
10 0.999971 2.89057e-05
10 0.999676 0.000323774
10 0.999995 4.6493e-06
10 1 1e-07
10 0.999926 7.38558e-05
5 0.018939 0.981061
10 0.999998 2.0339e-06
10 1 1e-07
10 1 1e-07
10 0.992479 0.00752134
10 0.997045 0.002955
10 1 1.47653e-07
10 0.999987 1.3441e-05
10 1 2.86953e-07
10 0.999685 0.000315495
10 0.999998 2.09229e-06
10 1 1e-07
10 1 1e-07
10 0.999836 0.000163796
10 0.999996 3.51678e-06
10 1 4.97778e-07
10 1 1e-07
10 1 1e-07
10 0.999981 1.89381e-05
10 0.999994 5.66082e-06
10 1 1e-07
10 1 2.2884e-07
10 0.999955 4.498e-05
10 0.999977 2.27642e-05
5 2.84622e-07 1
10 0.991548 0.0084521
10 0.999998 2.4777e-06
10 0.999671 0.000329012
10 0.999025 0.00097467
10 0.970595 0.0294053
10 0.999999 1.01378e-06
10 0.996413 0.00358727
5 0.0271047 0.972895
10 1 1e-07
10 0.999999 9.29668e-07
10 0.999261 0.000738643
10 1 2.24626e-07
10 0.999999 6.3699e-07
10 1 1e-07
10 0.999999 1.27638e-06
10 0.99989 0.000110279
10 0.999997 2.72446e-06
10 0.999941 5.87785e-05
10 0.999809 0.000190992
10 0.999958 4.18149e-05
10 0.99996 3.9788e-05
10 0.99951 0.000489877
10 1 1.08375e-07
10 0.999987 1.29092e-05
10 0.999917 8.27788e-05
10 1 1e-07
10 1 1e-07
10 1 4.61084e-07
10 1 2.47127e-07
5 0.214225 0.785775
10 1 1e-07
10 0.997295 0.00270479
10 0.999635 0.000364898
10 0.997009 0.00299123
10 0.999943 5.73138e-05
10 1 3.30054e-07
10 1 1e-07
10 0.999883 0.000117235
10 1 1e-07
5 1e-07 1
10 0.994069 0.00593116
10 0.999976 2.41213e-05
10 0.999999 9.67218e-07
10 0.997624 0.00237622
10 0.999995 4.55929e-06
5 0.151609 0.848391
10 0.985629 0.0143714
10 0.997551 0.00244856
10 1 1e-07
5 0.000296232 0.999704
10 1 1e-07
10 1 1.2515e-07
10 1 4.75278e-07
10 0.990456 0.00954357
10 0.99585 0.00414985
10 1 1e-07
10 1 1e-07
10 1 1e-07
10 1 1e-07
10 1 1e-07
10 1 1e-07
5 0.000742812 0.999257
10 1 1e-07
10 0.999931 6.93988e-05
10 1 1e-07
10 1 1e-07
10 0.996791 0.00320853
10 0.99997 3.01205e-05
10 0.999999 1.14341e-06
10 1 1e-07
10 1 1.03922e-07
10 1 1e-07
10 1 1e-07
10 1 1e-07
10 1 1e-07
10 1 1e-07
10 0.995937 0.0040633
10 0.999997 3.16794e-06
10 0.999999 5.43635e-07
10 0.999998 2.17813e-06
10 1 1e-07
5 0.000227812 0.999772
10 1 1e-07
5 0.000607551 0.999392
5 0.122039 0.877961
10 0.999798 0.000201808
10 0.997791 0.00220919
10 1 1e-07
10 1 1e-07
10 1 1e-07
10 1 1e-07
10 0.996164 0.003836
10 0.998483 0.00151699
10 0.99956 0.000440079
10 0.999998 1.57605e-06
10 0.998855 0.00114472
10 0.999517 0.000482642
10 0.959372 0.0406285
5 0.00341523 0.996585
10 0.998959 0.00104141
10 1 1e-07
5 0.00266582 0.997334
10 0.999965 3.49638e-05
10 0.99992 7.99625e-05
10 0.996327 0.00367348
10 0.998982 0.00101784
10 0.999992 7.89027e-06
10 1 1e-07
10 0.999702 0.000297923
10 0.997204 0.00279593
10 0.999558 0.000441767
10 1 3.6922e-07
10 1 1e-07
10 0.999951 4.93439e-05
5 0.26506 0.73494
10 1 1e-07
10 1 1e-07
10 0.999989 1.07024e-05
5 0.000555494 0.999445
10 0.999999 5.48222e-07
10 0.920269 0.0797314
10 1 1e-07
10 0.99905 0.000950177
5 0.239457 0.760543
10 1 1e-07
10 0.999999 1.44103e-06
10 0.999927 7.29212e-05
10 0.999992 7.68948e-06
10 1 1.02409e-07
10 0.997518 0.00248165
10 1 1e-07
10 1 2.09242e-07
10 1 1e-07
10 0.987442 0.0125583
10 1 4.25519e-07
10 0.999993 7.31094e-06
10 0.999754 0.000246048
10 0.984997 0.0150028
10 0.999976 2.40283e-05
10 1 1e-07
10 0.999973 2.73796e-05
5 0.00020265 0.999797
10 1 1e-07
10 1 1e-07
10 0.999981 1.93697e-05
10 0.99932 0.000680337
10 0.999913 8.72794e-05
10 1 1e-07
5 1.07348e-05 0.999989
10 0.997264 0.00273613
10 0.999999 1.19142e-06
10 0.999996 3.89067e-06
10 0.999998 1.94163e-06
10 0.999998 1.87324e-06
10 1 1e-07
10 0.98963 0.0103705
10 0.971613 0.0283866
10 1 1e-07
10 0.999998 2.25198e-06
10 0.999943 5.73785e-05
10 0.999896 0.00010361
10 0.534788 0.465212
10 0.99999 1.02786e-05
10 1 1e-07
10 0.999756 0.000244429
10 0.999991 8.80584e-06
10 1 1e-07
10 0.999847 0.000152627
10 0.999838 0.00016248
10 0.999974 2.55285e-05
10 1 1.94262e-07
5 0.0221669 0.977833
10 0.999974 2.64392e-05
10 0.967902 0.0320975
10 1 1.75609e-07
10 1 2.85656e-07
10 0.999999 1.22355e-06
5 1.31628e-05 0.999987
10 1 1.65641e-07
10 0.999999 1.4924e-06
10 0.999812 0.000187713
10 0.999069 0.00093149
10 1 1e-07
10 1 1e-07
10 1 4.07351e-07
10 1 1e-07
10 0.999723 0.000276719
10 1 1e-07
10 0.998448 0.0015518
10 0.999471 0.00052883
10 1 1.61841e-07
10 0.99998 1.9953e-05
10 0.999969 3.11514e-05
10 0.999998 2.35651e-06
10 1 1e-07
10 1 1e-07
10 0.998388 0.00161242
10 1 1e-07
10 0.969015 0.0309849
10 0.999847 0.000152677
10 1 4.08386e-07
10 0.999998 2.36507e-06
10 0.99959 0.000410347
10 1 1e-07
10 1 1.44028e-07
10 0.999997 3.4202e-06
10 1 3.04942e-07
10 0.992417 0.00758254
10 1 2.16366e-07
10 0.999993 7.46739e-06
10 1 1e-07
10 0.999975 2.48513e-05
10 0.999993 6.69568e-06
10 0.999999 1.48496e-06
10 1 1e-07
10 0.999998 2.28998e-06
10 1 1.3762e-07
10 0.999975 2.54119e-05
10 0.998102 0.00189758
10 1 1.01275e-07
5 0.000850728 0.999149
10 0.9952 0.00479971
10 0.999634 0.000365642
5 0.208456 0.791544
5 1e-07 1
10 0.999777 0.000223117
10 0.99971 0.000289899
10 1 1e-07
10 0.999988 1.21285e-05
10 0.999999 6.03259e-07
10 0.999998 1.8174e-06
10 0.99631 0.00369041
10 1 1e-07
10 0.999992 8.19642e-06
10 0.999791 0.000209493
10 0.999452 0.000548353
10 1 1e-07
10 1 1e-07
10 0.999962 3.84251e-05
10 1 1e-07
10 0.999997 2.60384e-06
10 0.999995 5.17591e-06
10 0.999999 9.46346e-07
10 0.999794 0.000205615
10 0.882713 0.117287
10 1 1e-07
5 0.199422 0.800578
5 0.125493 0.874507
10 1 1e-07
10 1 4.55877e-07
5 2.76072e-07 1
10 0.999986 1.43563e-05
10 0.999996 4.44676e-06
10 0.998036 0.00196396
10 1 1e-07
10 0.999997 2.86595e-06
10 1 1.18651e-07
10 0.999998 1.64913e-06
10 0.999795 0.000205391
5 0.018829 0.981171
10 0.999706 0.000293954
10 1 1e-07
10 1 1e-07
5 2.88926e-06 0.999997
10 1 1.22639e-07
10 1 2.55645e-07
10 0.999641 0.000358931
10 0.999988 1.20783e-05
10 1 1.81011e-07
10 1 1e-07
10 1 1e-07
10 0.998225 0.00177495
10 0.999996 3.85348e-06
10 1 1e-07
10 1 1e-07
5 0.000997503 0.999002
5 0.153369 0.846631
10 1 2.71621e-07
5 1e-07 1
10 0.998832 0.00116761
10 1 1e-07
10 1 1e-07
10 0.999945 5.49099e-05
10 0.987898 0.0121019
10 0.999999 1.18155e-06
10 0.999873 0.000127464
10 1 1e-07
10 0.950971 0.049029
10 1 1e-07
10 0.999458 0.000542284
10 0.999999 6.88118e-07
10 0.999755 0.000244746
10 0.999882 0.000118263
10 1 1e-07
10 1 1e-07
10 1 1e-07
10 1 2.55798e-07
10 1 1e-07
10 0.99141 0.00859046
10 1 1e-07
10 0.999613 0.000386738
10 1 1e-07
10 0.999986 1.38037e-05
10 0.999989 1.11117e-05
10 1 1e-07
5 1e-07 1
10 0.999965 3.47489e-05
10 0.999999 9.07163e-07
10 0.999109 0.000891324
10 0.99998 1.95586e-05
10 0.999998 2.45966e-06
10 1 1e-07
10 1 1e-07
10 0.999984 1.63529e-05
10 0.999996 4.02341e-06
10 1 1e-07
10 0.999999 1.13199e-06
10 1 1e-07
10 1 1e-07
10 0.999963 3.6775e-05
10 0.999984 1.55578e-05
10 0.995275 0.0047254
10 1 1e-07
10 0.987387 0.0126126
10 0.98888 0.0111203
10 1 1e-07
5 0.0341119 0.965888
10 0.958995 0.041005
10 0.812619 0.187381
10 1 3.0751e-07
10 0.999986 1.40266e-05
10 1 1e-07
10 0.993955 0.00604521
10 1 1e-07
5 0.357755 0.642245
10 1 1e-07
10 0.999994 6.10509e-06
5 0.0442866 0.955713
10 1 1e-07
10 0.999981 1.94579e-05
10 0.999997 2.67627e-06
10 1 1e-07
10 0.99975 0.000250076
10 1 1e-07
10 1 1e-07
10 1 1e-07
10 0.999992 7.91446e-06
10 0.999757 0.000242616
10 0.999997 2.72316e-06
10 1 1e-07
10 0.997822 0.0021783
5 0.153737 0.846263
10 0.999599 0.00040115
10 0.99988 0.000119971
5 0.000168745 0.999831
10 1 1e-07
10 0.999999 1.37892e-06
10 1 1e-07
5 0.0412662 0.958734
10 0.999976 2.44375e-05
10 0.997589 0.00241095
10 0.999898 0.00010177
10 0.999996 4.27492e-06
10 0.984579 0.0154211
5 0.129879 0.870121
10 1 1e-07
10 0.999893 0.000107306
10 0.999998 2.25056e-06
10 1 1e-07
10 0.99734 0.00265958
10 0.999976 2.38841e-05
10 1 1e-07
10 0.999895 0.00010494
5 0.0151903 0.98481
10 1 1e-07
10 0.972342 0.0276576
10 0.999909 9.07473e-05
10 1 1e-07
10 1 1e-07
10 0.999589 0.000410582
10 0.993335 0.00666499
10 1 1e-07
10 0.999835 0.000165375
10 0.999997 3.45456e-06
10 0.994906 0.0050939
10 1 1e-07
10 0.999845 0.000155432
10 1 1e-07
10 0.999227 0.000773186
10 1 1e-07
10 1 1.0808e-07
10 0.996843 0.00315677
10 0.999647 0.000352964
10 1 1e-07
10 1 3.80417e-07
10 0.996979 0.00302074
5 0.0207512 0.979249
10 0.998281 0.00171919
10 1 1e-07
10 1 1e-07
10 0.999904 9.62521e-05
10 1 1e-07
10 0.997687 0.00231341
10 0.999931 6.86271e-05
10 1 1e-07
10 0.999999 1.10054e-06
10 0.999048 0.000951807
10 0.990544 0.00945648
10 0.985897 0.0141028
10 0.999995 4.92836e-06
10 1 1e-07
10 0.999683 0.00031745
10 0.588559 0.411441
10 1 1e-07
5 0.00551208 0.994488
5 0.0159818 0.984018
10 0.99996 3.9883e-05
10 0.998997 0.00100316
10 1 1e-07
10 1 1e-07
10 1 1e-07
5 0.288581 0.711419
10 0.999999 1.28543e-06
5 0.0823019 0.917698
10 0.920017 0.0799834
10 0.953129 0.0468709
10 0.980835 0.0191655
10 1 1e-07
10 0.99859 0.00140993
10 1 1e-07
10 0.999993 6.79279e-06
10 1 1e-07
10 1 3.1494e-07
10 1 1e-07
10 1 1e-07
10 0.964485 0.0355153
10 0.999995 4.63511e-06
10 0.999999 8.60086e-07
10 0.999997 2.82295e-06
10 1 1e-07
10 0.999605 0.000395422
10 1 3.48098e-07
5 1e-07 1
10 0.999988 1.24507e-05
10 1 1.8277e-07
10 0.999969 3.0572e-05
10 0.999999 6.11702e-07
10 0.999997 2.86373e-06
10 0.999926 7.42762e-05
10 0.999985 1.52962e-05
10 1 3.23569e-07
10 1 1e-07
10 0.999993 6.68139e-06
10 0.999976 2.44801e-05
10 0.999956 4.38477e-05
10 1 2.39e-07
5 0.0596144 0.940386
10 1 1e-07
10 1 1.69143e-07
5 0.080232 0.919768
10 0.999779 0.000221032
10 1 1e-07
10 1 1.49802e-07
10 1 1e-07
10 1 3.49133e-07
5 0.000332357 0.999668
10 1 1e-07
10 0.999285 0.000714517
10 0.998571 0.00142943
10 0.999989 1.10302e-05
10 1 1e-07
10 0.952775 0.0472252
10 0.994904 0.00509578
10 0.99997 2.97295e-05
10 0.999924 7.5541e-05
10 0.999844 0.000155696
10 0.99998 2.01457e-05
10 0.999776 0.000223852
10 1 1.25454e-07
10 0.99998 2.02034e-05
10 1 1e-07
10 0.999962 3.76466e-05
10 1 1e-07
10 1 1e-07
10 0.997338 0.00266199
10 0.999999 6.45099e-07
10 0.999969 3.14903e-05
10 0.999799 0.000200851
10 0.999999 9.57827e-07
10 1 1e-07
10 0.975817 0.0241831
10 1 1e-07
10 0.999982 1.77028e-05
10 0.997929 0.00207063
10 1 1e-07
10 0.999991 9.28725e-06
10 0.999999 8.76995e-07
10 1 1e-07
10 0.998951 0.00104934
10 1 3.86909e-07
10 0.999986 1.36284e-05
10 1 1e-07
5 0.0113544 0.988646
10 1 4.2733e-07
10 1 1e-07
10 1 1e-07
5 1.98115e-07 1
10 1 1.18575e-07
10 0.99998 1.97244e-05
10 1 2.92916e-07
10 1 1e-07
10 1 1e-07
10 1 1e-07
10 0.995536 0.00446409
10 1 1e-07
10 0.999994 6.32599e-06
10 0.999974 2.58238e-05
10 0.998103 0.0018971
10 0.995584 0.00441573
10 1 1e-07
5 5.80793e-07 0.999999
10 0.999992 7.79777e-06
10 1 2.09834e-07
10 1 2.35691e-07
10 0.999896 0.000103759
10 1 1e-07
10 0.96263 0.0373698
10 1 1e-07
10 0.919358 0.080642
10 0.999519 0.000480871
10 1 1e-07
10 1 1e-07
10 0.993275 0.006725
10 0.997706 0.00229434
10 0.997187 0.00281266
10 1 3.46146e-07
10 0.999086 0.000913993
10 1 1e-07
10 1 1e-07
10 1 1e-07
10 1 2.58828e-07
10 0.999991 8.57227e-06
10 1 1e-07
10 0.999988 1.22221e-05
10 1 1e-07
10 0.999983 1.72811e-05
10 0.999883 0.000117202
10 0.999982 1.79971e-05
10 0.999985 1.46291e-05
10 0.999999 8.76706e-07
10 0.983858 0.0161423
10 0.987847 0.012153
10 1 1e-07
10 1 1e-07
10 0.999998 1.70381e-06
10 0.999999 1.15632e-06
10 1 1.32067e-07
10 1 1e-07
10 0.999927 7.27893e-05
10 1 1e-07
10 0.999998 1.77312e-06
10 1 3.60724e-07
10 0.999363 0.00063692
10 0.99996 3.99672e-05
10 1 1e-07
10 1 4.35715e-07
10 0.999896 0.000104167
10 1 1e-07
10 1 1.38257e-07
10 1 1e-07
10 1 2.32187e-07
10 0.999813 0.000187407
10 0.999958 4.16316e-05
5 1e-07 1
10 0.999994 6.27686e-06
10 0.999783 0.000216589
10 0.999993 6.97532e-06
5 0.00647237 0.993528
10 0.904297 0.0957026
10 1 1e-07
10 1 1e-07
10 0.999998 2.14021e-06
10 1 1e-07
10 1 1e-07
10 1 1e-07
10 0.99999 1.04839e-05
5 0.00153005 0.99847
10 0.999803 0.00019709
10 0.999995 4.90759e-06
10 0.98412 0.0158799
10 1 1e-07
10 0.999912 8.83021e-05
10 0.999901 9.93775e-05
10 0.999999 5.69825e-07
10 0.999989 1.14316e-05
10 0.998606 0.0013941
10 0.999939 6.10193e-05
10 0.999942 5.79855e-05
10 0.999951 4.90319e-05
10 0.999989 1.09083e-05
10 0.999989 1.1203e-05
5 0.132791 0.867209
10 0.999999 1.28777e-06
10 0.999999 1.13397e-06
10 0.994331 0.00566887
10 1 1e-07
10 1 1.24309e-07
10 0.951097 0.0489033
10 1 1e-07
10 1 1e-07
10 1 1e-07
10 1 1.49912e-07
10 1 1e-07
10 0.999961 3.89982e-05
10 1 3.51614e-07
10 0.998422 0.00157778
10 1 1e-07
10 0.99998 2.03034e-05
10 1 1e-07
10 1 3.12692e-07
10 0.999849 0.00015052
10 1 1e-07
10 0.999975 2.52611e-05
10 1 1.00984e-07
5 1e-07 1
10 1 1e-07
10 0.999747 0.000253334
5 0.00945779 0.990542
10 1 2.83127e-07
10 1 1e-07
10 1 1e-07
5 1e-07 1
10 1 1e-07
10 0.999971 2.93453e-05
5 0.0116014 0.988399
5 1e-07 1
10 0.999999 1.34e-06
5 3.40196e-05 0.999966
10 1 1e-07
10 1 2.5677e-07
10 1 1.87985e-07
10 1 1e-07
10 0.999884 0.000115514
10 0.999998 2.1595e-06
10 0.999743 0.000257489
10 0.992652 0.0073479
10 0.999662 0.0003379
10 1 1e-07
10 0.929633 0.0703666
10 0.979188 0.0208125
10 0.999985 1.54525e-05
10 0.999778 0.000221707
5 2.02034e-07 1
10 1 2.41349e-07
10 1 1e-07
10 0.999981 1.91332e-05
10 0.999937 6.31629e-05
10 1 1e-07
10 1 1e-07
10 1 2.986e-07
10 0.952677 0.0473225
10 1 1.48547e-07
10 0.999986 1.4194e-05
10 0.999834 0.000165742
10 1 1e-07
10 0.998671 0.00132936
10 1 2.19471e-07
10 0.999732 0.000268104
10 0.999976 2.38932e-05
10 1 1e-07
5 0.0842322 0.915768
10 0.999999 8.42416e-07
5 0.463533 0.536467
10 0.99976 0.000239603
10 0.999991 8.63504e-06
10 0.979951 0.0200489
10 0.999994 6.1727e-06
10 0.806904 0.193096
10 1 1e-07
10 0.999999 6.47769e-07
10 1 1e-07
10 0.998693 0.00130704
10 0.999997 2.63774e-06
5 0.0110126 0.988987
10 0.999895 0.000104669
10 1 1e-07
10 1 2.24658e-07
10 0.988629 0.0113708
10 0.999999 7.18775e-07
10 0.997445 0.00255468
5 1e-07 1
5 0.000206815 0.999793
10 0.99966 0.000339516
10 0.999837 0.000162717
5 0.039848 0.960152
10 1 2.06932e-07
10 1 1e-07
10 1 1e-07
10 1 1e-07
10 0.999944 5.62901e-05
10 0.999737 0.000263349
5 0.0291848 0.970815
5 0.0334005 0.9666
10 0.999174 0.000826205
10 0.99922 0.000779646
10 0.999907 9.27532e-05
10 1 1e-07
10 1 1e-07
10 0.999997 3.43729e-06
5 0.00018205 0.999818
10 0.99971 0.000289954
10 0.999958 4.1984e-05
10 1 1e-07
10 0.999863 0.000137165
10 0.99644 0.00356032
10 0.999956 4.42131e-05
10 0.999458 0.00054158
10 0.999999 1.12828e-06
10 1 1e-07
10 1 1e-07
10 1 1e-07
10 0.999999 5.55093e-07
5 1e-07 1
10 1 1.24615e-07
10 0.999739 0.000261153
10 0.999881 0.000118716
10 1 1e-07
10 0.99995 4.96004e-05
10 0.999989 1.13605e-05
10 0.999809 0.00019117
5 0.00182468 0.998175
10 0.999901 9.90966e-05
5 3.25321e-05 0.999967
10 1 1e-07
10 0.998998 0.00100158
5 0.0299449 0.970055
10 0.999597 0.000402866
10 1 1e-07
5 0.0437094 0.956291
10 1 2.35295e-07
10 0.999858 0.000141568
10 0.997303 0.00269749
10 0.999955 4.46228e-05
10 1 1e-07
5 4.5712e-05 0.999954
10 0.994698 0.00530238
10 0.999825 0.000174719
10 0.999842 0.000158263
10 1 1e-07
5 0.0260997 0.9739
10 1 1.09335e-07
5 0.000288596 0.999711
10 0.998517 0.00148287
10 1 1.54666e-07
10 1 1e-07
10 0.999976 2.38987e-05
10 1 1e-07
10 0.999955 4.53217e-05
10 1 1e-07
10 0.9999 0.000100146
5 0.0114615 0.988538
10 0.999999 1.03434e-06
10 0.999814 0.000186367
10 0.999998 1.62908e-06
10 0.98771 0.0122898
10 1 1e-07
5 0.000991352 0.999009
5 0.0021955 0.997804
10 1 4.67083e-07
10 0.999514 0.000486154
10 1 2.73643e-07
10 1 1e-07
10 1 1.33168e-07
10 1 1e-07
10 0.999975 2.52702e-05
10 0.999383 0.000617349
10 0.999479 0.000520825
5 0.0544881 0.945512
10 0.999773 0.00022708
10 1 1e-07
10 1 1e-07
10 0.999995 5.007e-06
10 0.997249 0.00275147
10 1 1e-07
10 0.999872 0.000128167
10 0.999283 0.000716822
10 0.999922 7.79266e-05
10 1 1e-07
10 1 1e-07
10 1 2.29059e-07
10 1 1e-07
5 1e-07 1
10 0.994904 0.00509643
10 0.98378 0.0162198
10 1 1e-07
10 0.999906 9.36018e-05
5 0.0189339 0.981066
10 1 2.6523e-07
10 1 1e-07
10 0.999999 1.15537e-06
10 1 4.42377e-07
10 0.999994 5.7924e-06
10 0.999988 1.15013e-05
10 1 1e-07
5 0.0587085 0.941292
10 1 1e-07
5 2.60497e-06 0.999997
5 0.0816273 0.918373
10 1 1e-07
10 0.999996 3.64508e-06
10 0.999954 4.62317e-05
10 1 1e-07
10 1 3.9445e-07
10 1 1e-07
10 1 3.62722e-07
10 1 1e-07
10 0.999994 5.61305e-06
10 0.999997 3.44451e-06
10 1 1.39335e-07
10 1 1e-07
10 0.999981 1.92763e-05
10 0.984628 0.0153717
10 0.999996 4.17765e-06
10 0.986924 0.0130757
10 0.999997 2.80966e-06
10 1 1e-07
10 0.999819 0.000180831
10 1 1e-07
10 0.999998 1.6e-06
5 0.0374103 0.96259
10 1 1e-07
5 0.000205799 0.999794
10 0.999998 1.76077e-06
10 1 1e-07
10 0.999747 0.000253267
10 1 1e-07
10 1 4.02856e-07
10 0.969278 0.0307221
10 1 1e-07
10 0.999939 6.07272e-05
10 1 1e-07
10 1 1e-07
10 1 1e-07
10 1 1e-07
10 0.999997 3.49867e-06
10 0.999748 0.000251945
10 0.999797 0.000202682
10 0.999728 0.00027224
10 0.999999 1.40657e-06
10 1 1e-07
10 0.999998 1.54734e-06
10 0.999779 0.000220994
10 1 1e-07
10 1 1e-07
10 1 1e-07
10 0.999679 0.000321212
10 0.999979 2.08649e-05
10 0.999867 0.000132613
10 1 1e-07
10 0.999998 1.5359e-06
10 0.967921 0.0320794
10 1 4.53011e-07
10 1 4.90762e-07
5 1e-07 1
10 1 1e-07
10 0.942128 0.0578718
10 1 1e-07
10 1 1e-07
10 0.999997 2.69989e-06
10 1 1e-07
10 0.999883 0.000116555
10 1 1e-07
10 0.992921 0.00707861
10 1 1e-07
10 1 1e-07
10 1 1e-07
10 1 1e-07
10 0.999954 4.62657e-05
10 0.997694 0.00230561
10 1 1e-07
10 0.998208 0.00179179
5 0.0102422 0.989758
10 0.999859 0.000141073
10 1 2.30729e-07
10 1 1e-07
10 1 1e-07
10 1 1e-07
10 0.999793 0.000207042
10 1 1e-07
10 0.999946 5.40038e-05
10 1 1e-07
10 0.999999 7.01385e-07
10 0.999999 5.22578e-07
10 0.999994 5.54175e-06
10 0.999989 1.13827e-05
10 0.999993 6.84548e-06
10 0.999999 6.82081e-07
10 0.999997 2.63529e-06
10 1 1e-07
5 0.382856 0.617144
10 0.999997 2.73588e-06
10 1 1e-07
10 0.999886 0.00011437
10 0.999913 8.68002e-05
10 0.999858 0.000142174
10 0.999997 3.28858e-06
10 0.999979 2.07854e-05
10 0.99963 0.000369938
5 0.0618654 0.938135
10 0.999722 0.000277893
10 0.999985 1.5367e-05
10 1 1e-07
10 0.999879 0.000120719
10 1 1e-07
10 0.999999 1.22257e-06
10 0.999397 0.000603317
10 0.999998 1.75786e-06
5 2.68063e-06 0.999997
5 0.000717227 0.999283
10 0.999802 0.000197635
10 0.999463 0.000537307
10 1 1e-07
10 0.999999 8.02244e-07
10 0.9997 0.000300498
10 1 1e-07
10 0.998293 0.00170693
10 0.999896 0.000103817
10 0.998333 0.00166715
5 0.00118975 0.99881
10 1 1e-07
10 0.999988 1.21368e-05
10 1 1e-07
10 0.999928 7.20985e-05
10 0.999994 6.23124e-06
10 0.999978 2.1771e-05
10 0.999993 6.91314e-06
10 0.999672 0.000327543
10 0.999599 0.000401249
10 0.997971 0.00202903
10 0.999999 5.37869e-07
10 1 1e-07
10 1 1e-07
10 0.999998 2.10195e-06
5 0.0228334 0.977167
10 1 1e-07
10 1 1e-07
5 4.61245e-06 0.999995
10 1 1e-07
10 1 1e-07
10 1 1e-07
5 1.52989e-06 0.999998
5 3.31987e-05 0.999967
10 1 1e-07
10 0.999692 0.000308181
10 1 1e-07
10 0.99995 5.00725e-05
5 0.0027745 0.997226
10 1 1e-07
10 0.999559 0.000441225
10 1 1e-07
10 0.999996 3.70708e-06
10 0.999654 0.000346204
10 1 1e-07
5 0.00218095 0.997819
10 1 1e-07
10 0.999736 0.000263541
10 0.999999 5.22193e-07
10 1 1e-07
10 0.999992 7.83678e-06
10 1 1e-07
10 0.998157 0.00184289
10 1 4.87148e-07
10 1 3.62597e-07
10 1 1e-07
10 1 1e-07
10 1 3.4543e-07
10 0.999995 5.2247e-06
10 0.998713 0.00128689
10 0.999991 9.47482e-06
10 1 1e-07
10 1 1e-07
5 0.00572466 0.994275
5 1e-07 1
10 0.999887 0.000112976
10 1 1e-07
10 0.999899 0.00010054
10 1 1.36595e-07
10 0.999861 0.000138902
10 0.999907 9.33244e-05
10 1 4.67012e-07
10 1 1e-07
10 1 1e-07
10 0.999657 0.000343285
10 0.999999 8.23725e-07
10 1 1e-07
10 0.987991 0.0120088
10 1 1.17694e-07
10 1 1e-07
10 0.999752 0.000247565
10 1 1e-07
10 1 1.22793e-07
10 0.999993 6.62684e-06
10 0.999988 1.18678e-05
5 0.386327 0.613673
10 1 1e-07
10 0.999895 0.000105159
10 0.974983 0.0250174
5 0.000153585 0.999846
5 0.0366402 0.96336
10 0.999986 1.36957e-05
10 1 1e-07
10 1 1e-07
5 0.277086 0.722914
10 0.999998 2.22615e-06
10 0.999959 4.12854e-05
10 0.999799 0.000200554
10 0.997077 0.00292276
10 0.999985 1.46243e-05
10 0.999962 3.77512e-05
10 0.999758 0.000242397
10 1 1e-07
10 1 1e-07
10 0.999975 2.50537e-05
10 0.999981 1.86281e-05
10 1 2.95064e-07
10 0.987119 0.0128811
10 0.999996 3.81486e-06
10 1 4.02872e-07
10 0.999959 4.11242e-05
10 0.992763 0.00723683
10 1 2.28188e-07
10 0.999998 2.32885e-06
10 0.917654 0.0823455
10 0.999998 1.6383e-06
5 1e-07 1
10 0.994895 0.00510522
10 0.999995 5.37083e-06
10 1 1e-07
10 0.999964 3.58561e-05
10 1 1e-07
10 1 1e-07
10 1 1e-07
10 0.931308 0.0686917
10 1 1e-07
10 1 1e-07
10 0.999762 0.000238095
10 1 1e-07
10 1 2.1005e-07
10 1 1.66969e-07
10 1 1.09607e-07
10 0.999992 8.04927e-06
10 1 1e-07
10 0.99976 0.000239515
10 0.942696 0.0573042
10 0.999983 1.67866e-05
10 1 1e-07
10 0.999996 3.84222e-06
10 1 1e-07
10 0.999999 6.89578e-07
10 0.986937 0.0130627
10 0.999991 8.93695e-06
5 3.09311e-05 0.999969
10 1 3.0833e-07
10 0.999601 0.000398658
10 1 1e-07
10 0.999995 5.34579e-06
10 0.997592 0.00240783
10 0.999802 0.000198077
5 7.00789e-07 0.999999
10 0.999986 1.40751e-05
10 1 2.75246e-07
10 1 1e-07
10 1 2.97183e-07
10 0.999652 0.00034849
10 1 1e-07
10 0.999999 8.46044e-07
10 1 1.17315e-07
10 0.999999 1.29587e-06
10 0.999105 0.000895101
10 1 2.353e-07
10 1 1e-07
10 0.995184 0.0048155
10 0.998565 0.00143523
10 0.99995 4.9838e-05
10 1 1e-07
10 0.995786 0.00421358
10 0.990238 0.00976153
10 1 1e-07
10 0.99997 3.03131e-05
10 1 4.6938e-07
10 0.999483 0.000517205
10 0.999995 5.24566e-06
10 0.99988 0.000119599
5 0.000217254 0.999783
5 9.05253e-07 0.999999
10 1 2.24087e-07
10 0.999866 0.000134248
10 1 1e-07
10 0.999934 6.60386e-05
10 1 1e-07
10 0.999963 3.74009e-05
10 0.999977 2.27536e-05
10 1 1e-07
10 1 1e-07
10 1 3.13914e-07
10 0.999993 7.03544e-06
10 0.999999 1.22405e-06
10 1 1e-07
10 0.999862 0.000137541
10 0.999998 1.58359e-06
10 0.942665 0.0573349
10 0.999995 4.53319e-06
10 0.999891 0.000109486
10 0.999952 4.76384e-05
10 0.999971 2.89356e-05
10 1 1e-07
10 0.99997 3.03146e-05
10 0.999924 7.64828e-05
10 0.999995 4.63983e-06
10 0.999975 2.50856e-05
10 0.999557 0.000443294
10 0.999808 0.000191616
10 0.999996 3.57825e-06
10 0.999559 0.000440507
5 0.0416921 0.958308
10 1 1e-07
10 1 1e-07
10 1 1e-07
10 0.999852 0.000147884
10 0.999999 7.67679e-07
10 0.999444 0.000555877
10 0.999998 1.5438e-06
10 0.999999 8.33207e-07
10 0.99999 1.04406e-05
5 1e-07 1
10 1 1e-07
10 0.999955 4.52545e-05
10 1 1.9441e-07
10 0.999883 0.000116764
10 0.999994 5.5668e-06
10 1 2.71936e-07
10 0.999981 1.88183e-05
10 1 1e-07
10 1 1e-07
10 0.999998 2.19203e-06
10 0.999997 2.83401e-06
10 0.999862 0.000138448
10 1 2.03335e-07
10 0.999909 9.12962e-05
10 0.999999 1.14774e-06
10 0.997367 0.00263339
10 0.999976 2.43438e-05
10 1 1e-07
10 0.995536 0.00446365
10 0.999963 3.6778e-05
10 1 1e-07
10 1 1.10496e-07
10 1 1e-07
5 0.00182232 0.998178
10 0.999999 6.38055e-07
5 0.00056096 0.999439
10 0.999919 8.14618e-05
5 0.135524 0.864476
10 0.999999 6.73136e-07
10 0.999999 5.18045e-07
10 0.999996 3.6286e-06
10 0.999801 0.000198673
10 0.998077 0.00192314
10 1 1e-07
10 1 2.41911e-07
10 0.999497 0.000502923
10 0.999998 1.67692e-06
10 0.99975 0.000249997
10 1 1e-07
10 0.999917 8.304e-05
10 0.999999 1.07827e-06
10 0.999993 6.55352e-06
10 0.999969 3.06657e-05
10 1 1e-07
10 1 3.00398e-07
10 0.999978 2.23702e-05
10 0.967393 0.0326073
10 1 1e-07
10 0.841698 0.158302
10 1 1e-07
10 0.999981 1.85253e-05
10 1 1e-07
10 0.999938 6.23692e-05
10 0.999861 0.000138519
10 1 1e-07
10 0.994234 0.005766
10 0.99939 0.00060994
5 0.0029704 0.99703
10 0.999999 1.04662e-06
10 1 1e-07
5 0.264152 0.735848
10 1 1e-07
5 0.128261 0.871739
10 0.999998 1.55883e-06
10 1 1e-07
10 0.988689 0.0113112
10 0.999727 0.000273217
10 0.996029 0.00397087
10 0.99827 0.00173001
10 0.999998 2.22999e-06
10 0.999895 0.000104967
10 0.999954 4.58739e-05
10 0.999928 7.17924e-05
10 0.999998 1.52917e-06
10 0.999999 1.21047e-06
10 0.991987 0.00801306
10 1 3.96948e-07
10 0.999982 1.80984e-05
10 0.999812 0.000188135
10 0.999694 0.000305915
10 0.991202 0.00879849
10 0.999997 3.44756e-06
10 0.999993 6.85336e-06
10 0.999998 1.98382e-06
10 0.999993 7.2569e-06
10 0.999979 2.11054e-05
10 1 1e-07
10 1 1e-07
5 0.196059 0.803941
10 0.998874 0.00112621
10 0.999996 3.6318e-06
10 1 1e-07
10 1 1e-07
10 0.999912 8.83057e-05
10 1 1e-07
10 0.999853 0.000146844
10 1 1e-07
10 0.559505 0.440495
10 0.998743 0.00125685
10 1 1e-07
10 1 1e-07
10 0.999992 7.91836e-06
10 1 1e-07
10 1 1e-07
10 1 1e-07
10 1 1e-07
10 0.999998 2.33446e-06
5 1e-07 1
10 0.999619 0.000380625
10 1 3.67843e-07
10 0.974696 0.025304
10 1 1e-07
10 0.999978 2.15527e-05
5 1e-07 1
10 0.999897 0.000102641
10 1 2.2605e-07
10 0.85845 0.14155
10 0.999995 4.54339e-06
10 1 1e-07
10 0.999948 5.1964e-05
5 1e-07 1
10 1 1e-07
10 0.999965 3.53637e-05
10 1 1e-07
10 1 1.93889e-07
10 1 1e-07
5 0.000193995 0.999806
5 0.00700129 0.992999
5 1e-07 1
10 0.999999 7.55113e-07
10 0.999997 3.03318e-06
10 0.999998 2.1068e-06
10 0.999992 8.18236e-06
10 1 1e-07
10 1 1e-07
10 0.999993 7.15849e-06
10 0.997259 0.00274129
10 0.996938 0.00306221
10 0.99998 1.99008e-05
10 0.998916 0.0010835
5 0.0648141 0.935186
10 0.987702 0.012298
10 0.999732 0.000267514
10 1 1e-07
10 1 1e-07
10 0.999907 9.25352e-05
10 1 1e-07
10 0.998842 0.00115816
10 0.99907 0.00093031
10 0.999969 3.13076e-05
10 1 1e-07
5 1.79474e-05 0.999982
10 0.999999 8.29042e-07
10 1 1e-07
10 1 1e-07
10 1 1e-07
10 0.999575 0.000425125
10 1 1e-07
10 1 1e-07
10 1 1e-07
10 0.999813 0.000186673
10 1 1e-07
10 1 1e-07
10 1 1e-07
10 0.999999 7.36866e-07
10 0.999979 2.0635e-05
10 1 1e-07
10 0.99999 1.02436e-05
10 1 2.45426e-07
10 0.739494 0.260506
10 1 1e-07
10 1 1e-07
10 0.998707 0.00129289
10 0.999957 4.3123e-05
10 0.999879 0.000121286
10 0.999959 4.09789e-05
10 0.999399 0.000601367
10 1 1e-07
10 0.999973 2.7009e-05
10 0.999999 8.09139e-07
10 1 1e-07
5 1.15253e-06 0.999999
10 1 1e-07
10 0.999913 8.65157e-05
10 0.999995 4.78828e-06
10 1 1e-07
10 1 1e-07
10 0.999949 5.08998e-05
10 1 1e-07
10 1 1e-07
10 0.999927 7.32067e-05
10 0.999747 0.000253417
10 1 1e-07
10 1 1e-07
10 0.999938 6.23375e-05
10 1 1e-07
10 0.998364 0.0016364
10 1 3.33581e-07
5 0.30384 0.69616
10 0.991548 0.00845157
10 1 1e-07
10 1 1e-07
10 0.999937 6.28277e-05
10 1 1e-07
5 7.41171e-05 0.999926
10 1 1e-07
10 1 1e-07
10 0.999692 0.000307756
10 1 1.31812e-07
10 0.999952 4.80939e-05
5 0.00460567 0.995394
10 0.999737 0.000262888
10 1 1.68331e-07
10 0.951931 0.0480694
10 0.999876 0.000124415
10 1 1e-07
10 1 1.21448e-07
5 0.0455971 0.954403
10 0.980905 0.0190946
10 0.999985 1.46872e-05
10 0.999854 0.000145902
10 1 1e-07
10 0.996822 0.00317766
10 0.999999 7.23395e-07
10 1 1e-07
10 1 2.57517e-07
10 1 2.55115e-07
10 0.999989 1.09605e-05
10 0.999157 0.000843336
10 1 1.99355e-07
5 0.17412 0.82588
10 1 3.12597e-07
10 0.993483 0.00651675
10 1 1.06163e-07
10 0.999731 0.000268961
10 1 2.87678e-07
10 1 1e-07
10 1 1e-07
10 0.999971 2.90539e-05
10 0.999998 1.51411e-06
10 1 1e-07
10 0.999988 1.22162e-05
10 0.999803 0.000196767
10 0.999844 0.000155886
10 1 1.24895e-07
10 0.999997 2.81807e-06
10 1 1.76887e-07
10 0.99998 1.99264e-05
10 1 1e-07
10 0.999932 6.76227e-05
10 1 1e-07
10 0.998865 0.00113457
10 1 1e-07
10 1 1.79347e-07
10 0.975379 0.0246208
10 0.998667 0.00133314
10 0.970789 0.0292114
10 0.994983 0.00501706
10 0.999993 6.75227e-06
10 0.999998 2.35148e-06
10 1 1.03893e-07
10 1 3.86365e-07
10 1 1e-07
10 0.999997 2.66265e-06
10 1 1e-07
10 0.999999 7.4807e-07
10 0.999986 1.42817e-05
10 0.999892 0.000108051
10 0.999973 2.74083e-05
10 1 2.95998e-07
10 1 1e-07
10 0.999979 2.10144e-05
10 1 1e-07
10 1 1e-07
10 1 1.82785e-07
5 0.0165239 0.983476
10 0.999996 3.99199e-06
10 1 1e-07
10 0.999998 1.84975e-06
10 0.999992 7.50786e-06
10 0.999537 0.000463328
10 0.999751 0.000249091
10 0.999995 5.46852e-06
10 0.999332 0.000668456
10 0.999958 4.18265e-05
10 1 1.51139e-07
10 0.984756 0.0152437
10 1 1.10955e-07
5 0.0946419 0.905358
10 0.999961 3.90467e-05
10 1 1e-07
10 1 1e-07
10 0.999892 0.000107917
10 1 3.44555e-07
10 1 1e-07
10 0.999957 4.31207e-05
10 0.999998 1.53953e-06
10 1 1e-07
10 1 1e-07
10 0.999955 4.46699e-05
10 0.999974 2.56845e-05
10 0.999964 3.56783e-05
10 1 1e-07
10 0.999999 5.80588e-07
10 0.999323 0.000677248
10 0.999997 3.02381e-06
10 1 1e-07
10 1 1e-07
10 1 2.36659e-07
10 0.999903 9.65406e-05
10 1 1e-07
10 0.992275 0.0077248
10 1 4.12121e-07
10 0.999993 7.20362e-06
5 0.0389516 0.961048
5 2.52709e-06 0.999997
10 0.999999 1.05234e-06
10 0.999998 2.15999e-06
10 1 1e-07
10 1 1e-07
10 0.999705 0.000294607
10 0.999681 0.000319259
10 1 1e-07
10 1 2.51393e-07
10 0.885384 0.114616
10 0.996481 0.00351855
10 0.999934 6.63114e-05
10 0.999996 4.03768e-06
5 0.0286499 0.97135
10 0.940355 0.0596449
10 0.99984 0.000159994
10 1 1.61837e-07
10 1 1e-07
5 0.10915 0.89085
10 1 1.31045e-07
10 0.999999 1.01766e-06
10 0.999997 3.10134e-06
10 0.999535 0.000465312
10 0.999942 5.81131e-05
10 1 1e-07
10 1 1e-07
10 1 1e-07
10 0.999994 6.20836e-06
10 0.982538 0.0174624
10 1 1e-07
10 0.999649 0.000350772
5 0.0345137 0.965486
5 0.0271181 0.972882
10 0.994213 0.00578655
10 1 1e-07
10 0.999994 6.33969e-06
10 1 2.20343e-07
10 0.998339 0.00166133
5 0.00631467 0.993685
10 0.99586 0.00413961
10 1 1e-07
10 0.99626 0.00373957
10 0.999837 0.000162897
10 0.999998 1.98113e-06
10 0.999999 1.40206e-06
10 0.999993 6.94623e-06
5 2.99534e-06 0.999997
10 1 1e-07
10 1 1e-07
10 0.995538 0.00446198
10 1 1e-07
10 0.999987 1.26035e-05
5 5.44858e-05 0.999946
5 0.210574 0.789426
10 0.999989 1.10904e-05
10 0.999995 4.81109e-06
10 0.999939 6.09739e-05
10 0.99899 0.00100971
10 0.999998 1.95324e-06
10 1 4.09212e-07
5 1e-07 1
5 0.0220833 0.977917
10 0.863479 0.136521
10 0.999945 5.50862e-05
10 0.999999 1.36459e-06
10 0.999867 0.000133128
5 0.307736 0.692264
10 1 1e-07
10 1 1e-07
10 0.999998 1.56942e-06
10 0.999997 2.84626e-06
10 0.999413 0.000586504
10 0.999906 9.43404e-05
10 0.999979 2.11211e-05
10 0.988951 0.0110492
10 0.999871 0.000128946
5 0.201462 0.798538
10 0.999984 1.60613e-05
10 1 1e-07
10 0.996219 0.00378072
10 0.999999 1.49528e-06
10 1 1e-07
10 0.999973 2.66703e-05
10 1 1e-07
10 0.999926 7.44184e-05
10 1 1e-07
10 1 1e-07
10 1 1e-07
10 0.999897 0.000102982
10 0.999553 0.000446992
5 0.0184671 0.981533
5 0.000228848 0.999771
10 0.999992 8.09883e-06
10 0.919692 0.0803083
5 0.196737 0.803263
10 0.999999 1.12855e-06
10 0.999945 5.50962e-05
10 0.999372 0.000628001
10 0.999924 7.6061e-05
5 1.47218e-07 1
10 0.99999 9.9541e-06
10 0.999996 3.60335e-06
10 0.999955 4.54984e-05
10 0.999993 6.73524e-06
10 0.999374 0.000626126
10 1 1.19903e-07
10 1 1e-07
10 1 1e-07
10 0.999846 0.000153691
10 1 1e-07
10 0.96011 0.0398904
10 0.98926 0.0107402
10 1 1e-07
10 0.999999 6.45368e-07
10 0.99999 1.0262e-05
10 1 3.9583e-07
10 1 1e-07
10 0.9981 0.00190024
10 1 1e-07
10 1 1e-07
10 0.999998 1.62248e-06
10 0.986137 0.013863
10 0.999972 2.79618e-05
10 1 1e-07
10 1 1e-07
10 1 1.13709e-07
10 0.99999 1.03497e-05
5 1e-07 1
10 0.993497 0.00650326
10 0.99853 0.00147024
10 1 1e-07
10 0.998295 0.00170524
10 1 1e-07
5 1e-07 1
10 0.998477 0.00152285
10 0.996123 0.00387694
10 0.999997 2.93285e-06
10 0.997662 0.00233772
10 0.999755 0.000244568
10 0.999966 3.3903e-05
10 1 2.63436e-07
10 0.918887 0.0811129
10 0.997385 0.00261503
10 0.999968 3.20876e-05
10 1 1e-07
10 1 1e-07
10 0.999932 6.78231e-05
10 1 1e-07
10 0.999999 5.86671e-07
10 1 1e-07
5 4.67317e-05 0.999953
10 1 1e-07
10 0.896815 0.103185
10 0.999955 4.50312e-05
10 1 1e-07
10 1 1.35485e-07
10 0.999999 6.42842e-07
10 0.999999 5.92017e-07
10 1 3.75449e-07
10 0.999993 7.44122e-06
10 0.999816 0.000184116
10 0.999931 6.89295e-05
10 1 1e-07
10 0.999999 6.26885e-07
10 0.959216 0.0407838
10 0.999985 1.51529e-05
10 0.999525 0.000474926
10 1 3.97623e-07
10 1 1e-07
10 1 1e-07
10 1 1e-07
10 0.999998 2.0666e-06
10 0.999998 2.29882e-06
10 1 1e-07
10 0.999982 1.81381e-05
10 0.999999 5.72009e-07
5 0.06404 0.93596
10 0.99993 6.99389e-05
10 0.999998 2.21283e-06
10 1 1e-07
10 0.999995 5.45493e-06
10 1 1e-07
10 0.999996 4.21916e-06
10 1 1e-07
10 1 4.83056e-07
10 1 1e-07
10 1 1e-07
10 1 1e-07
10 1 1e-07
10 1 1e-07
10 1 4.07599e-07
10 0.99952 0.000479518
10 0.999695 0.000305271
10 0.999999 5.00242e-07
10 0.99985 0.000149686
10 1 1e-07
10 1 1e-07
10 0.999997 2.67658e-06
10 0.830459 0.169541
10 1 1e-07
10 1 1e-07
10 0.949137 0.0508633
10 0.999999 1.21967e-06
10 0.999897 0.000102748
10 0.999953 4.6765e-05
10 0.999213 0.000787159
10 1 1e-07
10 0.999859 0.000141281
10 1 1e-07
10 0.998587 0.00141328
5 5.56937e-06 0.999994
5 8.68217e-07 0.999999
10 0.999996 4.46521e-06
10 0.999991 9.12468e-06
10 1 1e-07
10 0.99999 9.841e-06
10 0.999995 4.60931e-06
10 0.999995 4.79504e-06
10 1 1e-07
10 1 1e-07
10 1 1e-07
10 1 1.39315e-07
10 1 1.53011e-07
10 1 1e-07
10 1 1e-07
10 1 1e-07
10 1 1.98668e-07
10 1 1.34893e-07
10 1 1e-07
10 0.999815 0.000185487
10 0.999149 0.000851159
10 1 1e-07
10 0.999969 3.13153e-05
10 1 1e-07
10 1 1e-07
10 0.999998 1.71005e-06
5 0.00294937 0.997051
10 1 1e-07
10 0.996358 0.00364201
10 0.984319 0.0156814
10 1 1e-07
10 1 1e-07
10 1 1e-07
5 1e-07 1
10 0.972125 0.0278753
10 1 1e-07
10 0.999622 0.000377938
10 0.999999 8.02348e-07
10 0.999999 1.05251e-06
10 0.999823 0.000177347
10 0.999752 0.000247723
10 1 1e-07
10 1 1e-07
10 1 1e-07
10 1 1e-07
5 1.69319e-06 0.999998
10 0.999975 2.51791e-05
10 0.999965 3.52863e-05
10 1 2.10373e-07
5 1.45188e-06 0.999999
10 1 1e-07
10 0.890549 0.109451
10 1 1e-07
10 1 1e-07
10 1 1e-07
10 0.983799 0.0162006
10 0.999999 6.1139e-07
10 0.999992 8.35384e-06
10 0.999997 2.56704e-06
10 0.999964 3.57185e-05
10 1 1e-07
10 0.999998 2.37107e-06
10 1 1e-07
10 0.973029 0.0269705
10 0.999519 0.000480614
10 0.998522 0.00147794
5 2.45399e-06 0.999998
10 1 1e-07
10 1 1e-07
10 1 2.40642e-07
5 0.14123 0.85877
10 1 1.38477e-07
10 1 1e-07
10 1 2.15062e-07
10 0.999152 0.000847958
10 0.994286 0.00571401
10 0.999279 0.000721377
10 0.999987 1.31914e-05
10 0.999988 1.2145e-05
10 0.996602 0.00339814
10 1 1e-07
10 1 1e-07
10 1 1e-07
10 0.999995 4.7846e-06
10 0.990379 0.00962064
10 1 1e-07
10 0.999868 0.000131848
10 0.994572 0.00542755
10 1 1.30074e-07
10 0.999909 9.06555e-05
10 0.999996 4.27921e-06
5 1e-07 1
5 0.0290056 0.970994
10 1 1e-07
10 1 1e-07
10 0.99998 1.95191e-05
5 0.0641553 0.935845
5 1e-07 1
10 0.999997 2.71151e-06
10 0.999999 1.4256e-06
10 1 1e-07
10 0.999997 3.38175e-06
10 0.996053 0.00394658
10 0.994894 0.00510647
10 0.999861 0.00013884
10 1 1e-07
10 0.999994 5.78246e-06
10 0.831448 0.168552
10 0.998246 0.00175443
10 1 1e-07
10 1 3.37089e-07
10 1 1e-07
10 1 1e-07
10 1 2.81614e-07
10 1 1e-07
10 0.999998 1.85433e-06
5 7.90395e-05 0.999921
10 0.994398 0.00560202
10 1 1e-07
10 1 1e-07
10 1 1e-07
10 1 3.64276e-07
10 1 3.01877e-07
10 1 1.15942e-07
10 0.999162 0.000837679
10 0.999972 2.80174e-05
10 0.999211 0.000789
10 0.999815 0.000185434
10 0.999999 1.14604e-06
10 1 1e-07
10 0.999969 3.07864e-05
10 0.999984 1.57164e-05
10 0.999449 0.000551006
10 1 1.80424e-07
5 0.0577932 0.942207
10 0.999971 2.94154e-05
10 1 1e-07
10 1 1e-07
10 1 1e-07
10 1 1e-07
10 0.999989 1.07174e-05
10 0.999291 0.000708773
5 0.26584 0.73416
10 1 1.51993e-07
10 0.999994 5.55085e-06
10 0.999951 4.85454e-05
5 0.0248658 0.975134
10 0.999992 7.77686e-06
10 0.994822 0.0051784
5 1e-07 1
10 1 1e-07
10 1 1e-07
10 0.999819 0.000181399
10 0.999894 0.000105888
10 1 1e-07
10 1 1e-07
10 0.999055 0.000944504
10 1 1.07704e-07
10 0.999999 8.19076e-07
5 0.196423 0.803577
10 0.979618 0.0203816
10 0.999972 2.77255e-05
10 0.99965 0.000349688
10 0.999949 5.13367e-05
10 0.999628 0.000372429
10 1 1e-07
5 0.000789191 0.999211
10 1 3.6242e-07
10 1 1e-07
10 0.999937 6.29239e-05
10 1 4.67453e-07
10 0.999999 7.96109e-07
10 0.999804 0.000196468
10 0.999996 4.48181e-06
10 1 1e-07
10 0.99976 0.000240366
5 3.87492e-05 0.999961
10 0.999925 7.50847e-05
10 0.56508 0.43492
10 1 2.7442e-07
10 0.999996 4.47974e-06
10 1 1e-07
10 1 1e-07
10 1 1e-07
10 0.999999 5.2265e-07
10 0.999277 0.000722896
10 0.999991 9.16086e-06
10 1 1e-07
5 0.0225789 0.977421
10 1 1e-07
10 1 1e-07
10 0.996317 0.00368281
10 0.999972 2.79588e-05
10 1 1e-07
10 0.999983 1.67268e-05
10 0.999997 2.5128e-06
10 0.994948 0.005052
10 0.958478 0.0415222
10 0.999999 5.76772e-07
10 0.999963 3.69129e-05
10 0.999888 0.000112459
10 1 1.47182e-07
10 0.999982 1.84509e-05
10 1 1e-07
10 1 1e-07
10 0.999999 5.67246e-07
10 0.983453 0.0165472
10 0.998636 0.0013637
10 0.977481 0.0225195
10 0.999868 0.00013248
10 0.999996 3.76062e-06
10 0.99996 4.0012e-05
10 0.999999 5.20468e-07
10 1 1e-07
10 0.999941 5.92582e-05
10 1 1e-07
10 0.999999 9.42927e-07
10 1 1e-07
10 0.999995 5.12481e-06
10 0.999855 0.000145037
10 0.987019 0.0129812
10 1 1e-07
10 0.999976 2.4037e-05
10 0.999653 0.000347134
10 0.999992 7.80313e-06
10 0.999515 0.000485482
10 0.999996 3.96309e-06
10 1 1.87789e-07
10 1 1e-07
10 0.999999 1.0121e-06
10 0.999304 0.000695653
10 0.997399 0.00260107
5 0.00205937 0.997941
10 1 1e-07
5 1e-07 1
10 0.999974 2.58776e-05
10 0.998957 0.00104324
5 9.50519e-07 0.999999
10 0.999998 2.18e-06
10 0.999882 0.000118048
10 1 1e-07
10 1 1e-07
5 0.000804387 0.999196
10 0.976585 0.0234148
10 0.999858 0.000141522
10 0.999316 0.000684008
5 0.0169913 0.983009
10 0.999996 4.25662e-06
10 1 1e-07
10 0.999559 0.000440802
10 0.999963 3.69835e-05
10 0.999968 3.21236e-05
10 0.997504 0.00249581
10 1 1e-07
10 0.999916 8.41003e-05
10 0.999999 6.22784e-07
10 0.999963 3.70641e-05
10 0.999787 0.000213131
5 1e-07 1
10 0.999999 5.7925e-07
10 0.999999 8.2743e-07
10 0.999878 0.000121946
10 0.999933 6.65516e-05
10 0.995731 0.00426865
10 1 1e-07
10 1 1e-07
5 0.0293291 0.970671
10 1 1e-07
10 0.999911 8.87562e-05
10 0.999986 1.43619e-05
10 1 3.69766e-07
10 1 1e-07
10 1 1e-07
10 1 1.1303e-07
5 1.15075e-07 1
10 1 1e-07
10 0.999881 0.000119245
5 0.0952466 0.904753
10 0.999999 1.39715e-06
10 0.999999 9.42343e-07
10 1 1e-07
10 0.999839 0.000161324
10 0.999999 5.55338e-07
10 0.99997 2.95578e-05
10 0.999998 1.61974e-06
5 2.1524e-06 0.999998
10 0.998876 0.00112373
10 0.999948 5.21491e-05
10 0.999945 5.45955e-05
10 0.999987 1.29756e-05
10 0.999812 0.000188403
10 0.999906 9.37785e-05
10 0.987464 0.0125359
5 6.10935e-05 0.999939
10 1 1e-07
10 0.999755 0.000244523
5 0.00171522 0.998285
10 0.999994 6.01726e-06
10 1 1e-07
10 0.999993 6.52887e-06
10 1 1.52451e-07
10 0.99981 0.000189974
10 0.999994 6.49281e-06
10 1 1e-07
10 1 1e-07
10 1 1e-07
10 1 4.89544e-07
10 0.999993 7.08445e-06
10 0.999908 9.24412e-05
10 0.999999 9.85779e-07
10 0.992789 0.00721145
10 0.999967 3.31989e-05
10 0.999951 4.87789e-05
5 0.00628049 0.99372
5 0.0353919 0.964608
10 0.999869 0.000130741
10 0.999723 0.000277141
10 0.997885 0.00211485
10 0.999998 1.77057e-06
10 0.999989 1.11091e-05
10 0.999999 5.16462e-07
10 0.996881 0.00311944
10 1 1e-07
10 0.996747 0.00325343
10 0.999999 6.18326e-07
10 1 1.2639e-07
10 0.991572 0.00842817
10 0.999908 9.19856e-05
10 1 1.6839e-07
10 0.996319 0.00368114
10 0.996865 0.00313451
10 0.998565 0.00143455
10 0.999928 7.23631e-05
10 0.999993 6.96268e-06
5 0.0511926 0.948807
10 0.999999 6.2386e-07
10 0.999642 0.000357734
10 0.998735 0.00126533
10 1 1e-07
10 1 1e-07
10 1 1e-07
5 3.00827e-06 0.999997
10 0.999879 0.000120981
10 0.999994 6.38279e-06
10 0.999692 0.000307511
10 0.999852 0.00014802
10 0.662216 0.337784
10 0.997659 0.00234138
5 0.000333239 0.999667
10 1 1e-07
10 1 1e-07
10 1 1e-07
10 0.999995 5.27868e-06
10 0.851103 0.148897
10 0.999546 0.00045368
10 1 1e-07
10 1 1e-07
10 0.998974 0.00102627
10 1 1e-07
10 1 1e-07
10 0.999959 4.06677e-05
10 0.999886 0.000114189
5 2.08359e-05 0.999979
5 3.84066e-07 1
10 0.999972 2.75463e-05
5 0.000365093 0.999635
10 0.999351 0.000649217
10 0.999715 0.000285364
10 0.997185 0.00281509
10 0.999999 5.88031e-07
10 1 1e-07
10 1 1e-07
10 1 1e-07
10 0.999992 8.24296e-06
10 1 1e-07
10 1 1e-07
5 0.00177414 0.998226
5 1.68612e-06 0.999998
10 0.999858 0.000142028
10 1 1e-07
10 0.999998 1.70046e-06
5 1e-07 1
10 0.999989 1.10152e-05
10 0.999991 9.36088e-06
10 1 1e-07
10 0.999999 8.6432e-07
10 0.999996 4.47025e-06
10 1 2.21085e-07
10 1 1e-07
10 1 1e-07
10 1 1e-07
10 1 1e-07
5 0.052472 0.947528
10 1 3.7353e-07
10 0.930901 0.0690991
5 0.0364148 0.963585
10 0.999999 1.04952e-06
10 0.999978 2.1788e-05
10 0.999911 8.94479e-05
10 0.996808 0.00319245
10 1 1e-07
10 1 1e-07
10 1 1e-07
5 7.09641e-05 0.999929
10 1 1e-07
10 0.947849 0.0521513
10 0.999999 6.91839e-07
10 1 1e-07
10 0.995784 0.00421602
5 0.137949 0.862051
10 0.999592 0.000408418
10 0.999995 4.96245e-06
10 0.998935 0.00106511
10 0.999896 0.000103769
5 0.0427848 0.957215
10 1 1e-07
10 1 1e-07
10 0.999999 9.60448e-07
5 6.99395e-05 0.99993
10 0.999951 4.94784e-05
10 1 1e-07
10 0.999997 2.54671e-06
10 0.999982 1.80315e-05
10 1 1e-07
10 1 1.77938e-07
10 0.999999 6.71686e-07
10 1 1e-07
10 0.999993 6.69046e-06
10 1 1e-07
10 0.999999 8.67267e-07
10 1 1e-07
10 0.999999 1.13897e-06
10 1 1e-07
10 0.991194 0.00880612
10 0.999953 4.73245e-05
10 0.980738 0.0192622
10 0.999999 1.13688e-06
10 1 1e-07
10 1 1e-07
5 0.173172 0.826828
10 0.999999 8.64478e-07
10 0.999557 0.000442712
10 1 1e-07
10 1 1e-07
10 1 1e-07
10 0.999974 2.58544e-05
10 0.96346 0.0365403
10 0.999998 1.59038e-06
10 0.999997 3.06175e-06
10 0.999929 7.12082e-05
10 0.999996 4.30561e-06
10 1 3.40682e-07
10 1 1e-07
5 0.00356003 0.99644
10 0.973135 0.0268649
5 0.103836 0.896164
10 1 1e-07
10 1 1e-07
10 0.999999 1.22738e-06
10 1 1e-07
10 1 1e-07
10 1 1e-07
10 1 1e-07
10 0.999996 3.50374e-06
10 1 1e-07
10 0.97292 0.0270804
10 1 1e-07
10 0.999058 0.00094182
10 1 1e-07
10 0.999938 6.22876e-05
10 1 1e-07
10 0.999426 0.000574457
10 1 1e-07
10 0.999976 2.37507e-05
10 1 1e-07
10 1 1.98285e-07
10 1 1e-07
10 1 2.05117e-07
10 0.999999 5.0649e-07
10 1 1e-07
10 1 1e-07
10 1 1e-07
10 1 1e-07
10 1 2.09672e-07
10 0.912523 0.0874773
10 0.999978 2.21911e-05
10 0.999986 1.35876e-05
10 1 1.25404e-07
10 0.99452 0.00547989
10 0.999924 7.63004e-05
10 0.981213 0.0187874
10 1 1.78465e-07
10 0.99999 9.63216e-06
10 0.987119 0.0128808
10 0.999999 1.15589e-06
10 1 1e-07
10 0.999977 2.30837e-05
10 0.999329 0.00067052
10 1 1.54765e-07
10 0.99998 1.98728e-05
10 0.987703 0.0122968
10 1 1e-07
10 1 1e-07
10 1 1e-07
10 0.999815 0.000185242
10 0.99778 0.00221988
10 0.998638 0.00136174
10 1 1e-07
10 0.999813 0.000187033
10 1 1.22279e-07
10 1 1.05136e-07
10 0.999965 3.51539e-05
10 0.999976 2.37695e-05
5 0.000795093 0.999205
10 0.999969 3.05408e-05
10 1 1e-07
10 1 1e-07
10 1 1e-07
10 0.999999 1.35288e-06
10 0.999999 5.06863e-07
10 1 1e-07
10 1 1e-07
10 0.999005 0.000994974
10 0.999712 0.000288387
10 0.99938 0.000619551
10 1 1.08973e-07
10 0.994499 0.00550089
5 3.2145e-07 1
10 0.997973 0.00202686
10 1 1e-07
10 0.999997 2.78184e-06
5 1.47403e-07 1
10 0.99994 5.97581e-05
10 0.999997 3.40694e-06
10 1 1e-07
10 1 4.74442e-07
5 0.0204257 0.979574
5 0.00556487 0.994435
10 1 1e-07
10 0.999766 0.000234388
5 0.0127187 0.987281
10 0.746614 0.253386
10 0.999999 1.09903e-06
10 0.999979 2.09231e-05
10 0.999999 1.14407e-06
10 0.999438 0.000562124
10 1 1e-07
10 1 1e-07
10 1 1e-07
10 0.999999 6.20022e-07
10 0.999907 9.27352e-05
10 0.996625 0.00337493
10 0.991146 0.00885426
10 1 1e-07
10 0.999996 4.18934e-06
10 0.999466 0.000534387
10 1 1e-07
10 0.999949 5.0707e-05
10 0.999413 0.000587131
10 0.998638 0.00136178
10 0.999933 6.72502e-05
10 1 1e-07
10 0.999998 2.35015e-06
10 0.999981 1.94118e-05
10 1 3.5755e-07
10 0.999999 1.03118e-06
10 0.999997 2.95487e-06
10 1 1e-07
5 0.00637492 0.993625
10 0.999406 0.000594028
10 1 1e-07
10 0.999985 1.50641e-05
10 0.999996 3.92454e-06
10 1 1e-07
5 1e-07 1
10 0.999999 5.92634e-07
10 1 1e-07
10 0.995716 0.00428369
10 0.999945 5.52325e-05
10 1 4.02888e-07
10 1 1e-07
10 0.999302 0.000697579
10 1 1e-07
10 1 1e-07
10 1 1e-07
10 1 1.3192e-07
10 0.999999 1.03602e-06
10 1 1e-07
10 0.999991 8.79619e-06
10 0.997687 0.00231327
10 0.789381 0.210619
10 1 1.15887e-07
10 0.99994 6.03817e-05
10 0.99624 0.00375996
10 1 1e-07
10 0.999862 0.00013842
10 1 1e-07
10 0.999993 6.60555e-06
10 1 1.87931e-07
5 0.0130161 0.986984
10 0.999997 2.6138e-06
10 1 1.04336e-07
10 0.999951 4.90989e-05
10 1 1e-07
10 0.999839 0.000160975
10 0.995151 0.00484945
10 0.983337 0.0166626
10 0.957442 0.0425576
10 0.921722 0.078278
10 0.999131 0.000868664
10 1 1e-07
10 1 1e-07
10 1 1e-07
10 1 1e-07
10 0.982553 0.0174465
5 1.61688e-07 1
10 0.999999 7.20385e-07
5 0.000469547 0.99953
10 0.999999 5.40808e-07
10 0.999999 7.22865e-07
10 0.999999 7.22157e-07
5 0.298228 0.701772
10 0.999872 0.000127558
10 0.999577 0.000422526
5 0.0102205 0.989779
10 0.999999 1.10401e-06
10 0.999998 2.42497e-06
5 0.0354372 0.964563
10 0.999999 9.58391e-07
10 0.999998 1.93678e-06
10 0.999925 7.53034e-05
10 0.999977 2.31067e-05
10 1 1e-07
5 0.026038 0.973962
10 1 2.43551e-07
10 0.999995 4.56595e-06
10 0.999984 1.63987e-05
10 0.991852 0.00814766
10 1 1e-07
10 0.999377 0.000623492
10 1 1e-07
5 0.298813 0.701187
10 1 1e-07
10 0.998733 0.00126682
10 0.99999 9.57507e-06
10 1 1e-07
10 0.998572 0.00142825
10 0.991501 0.00849932
10 0.999996 4.10456e-06
10 0.999703 0.000296956
5 0.00370402 0.996296
10 0.99994 6.03758e-05
10 0.999999 1.23908e-06
10 1 1e-07
10 0.999993 7.47596e-06
10 0.999938 6.2039e-05
10 0.999999 1.28806e-06
10 1 1e-07
10 0.991864 0.00813624
10 1 1e-07
10 1 1e-07
5 0.000499025 0.999501
10 0.999972 2.80301e-05
10 1 1e-07
10 1 1e-07
10 1 1.13615e-07
10 0.999998 2.19221e-06
10 0.999997 3.31126e-06
10 0.999795 0.000205454
10 0.997387 0.00261328
10 1 1e-07
10 0.999997 3.0689e-06
10 0.999995 4.76232e-06
10 1 1e-07
10 1 1e-07
10 0.999998 1.53388e-06
10 0.999999 1.31172e-06
10 0.999455 0.000545358
10 1 1.84943e-07
10 0.999936 6.44354e-05
10 0.999999 8.49459e-07
10 1 1.37122e-07
10 1 1e-07
10 0.997992 0.0020076
10 0.999977 2.27044e-05
10 0.999927 7.26949e-05
10 0.999913 8.67544e-05
10 0.9954 0.00460015
10 1 1e-07
10 1 1e-07
10 0.998406 0.00159414
10 0.999377 0.000622729
10 1 2.33998e-07
10 1 1.438e-07
10 0.998472 0.00152751
10 0.999992 8.28073e-06
10 0.998865 0.00113468
10 0.999291 0.000708512
10 0.999886 0.00011358
10 0.999768 0.000232393
10 0.985085 0.014915
5 3.78366e-07 1
10 0.996381 0.00361859
10 1 4.75399e-07
10 0.999919 8.07131e-05
10 1 1e-07
10 0.999989 1.11787e-05
10 0.999055 0.000944975
10 0.999988 1.23979e-05
10 1 4.10457e-07
10 0.999656 0.000344021
10 0.999998 2.37123e-06
5 1.6508e-07 1
10 0.999998 2.09016e-06
10 1 1e-07
5 1.77801e-07 1
10 1 1e-07
10 1 3.15722e-07
5 1e-07 1
10 1 1e-07
10 0.993444 0.00655635
10 0.999983 1.73035e-05
10 1 1e-07
10 0.998845 0.00115534
10 0.999921 7.88861e-05
10 0.999983 1.71603e-05
10 1 1e-07
10 0.993989 0.00601078
5 1e-07 1
10 0.999995 4.94449e-06
10 0.999873 0.00012694
10 0.999823 0.000176843
10 1 1e-07
10 0.99993 6.95638e-05
10 0.999581 0.000419221
10 0.999797 0.000203315
10 0.999867 0.000132588
10 1 1e-07
10 1 1e-07
10 0.999999 5.51556e-07
5 7.59047e-05 0.999924
10 0.998971 0.00102857
10 0.999973 2.694e-05
10 0.999783 0.000216989
10 1 1e-07
10 0.986747 0.0132532
10 0.997191 0.00280926
10 1 1e-07
10 1 1e-07
10 1 1e-07
10 0.999789 0.00021122
10 1 1e-07
10 0.999448 0.000552174
10 1 1.37504e-07
10 0.999782 0.000218335
10 1 1e-07
10 0.999953 4.73846e-05
10 0.996441 0.00355872
10 0.999806 0.000193531
5 1e-07 1
10 1 4.08739e-07
10 0.999995 5.3626e-06
10 0.999055 0.00094538
10 0.999882 0.000118179
10 0.994174 0.00582599
10 0.99996 4.02326e-05
10 0.999999 1.0795e-06
10 0.95766 0.0423404
5 0.103705 0.896295
10 1 1e-07
10 0.999683 0.000316774
10 1 1e-07
10 0.999996 3.70427e-06
10 1 1e-07
5 0.000253788 0.999746
10 1 1e-07
10 1 1e-07
10 0.994937 0.00506292
10 1 1e-07
10 0.999997 2.7711e-06
10 0.952052 0.0479484
5 0.0417993 0.958201
10 0.99999 9.6258e-06
10 1 1e-07
10 0.832149 0.167851
10 1 1e-07
10 1 1.79626e-07
10 0.999995 5.13581e-06
10 1 1e-07
10 0.999889 0.000111135
10 0.999911 8.94226e-05
10 0.998842 0.00115767
5 0.00904401 0.990956
10 1 1e-07
10 0.999999 9.13686e-07
10 1 3.23167e-07
10 1 1e-07
10 0.884301 0.115699
10 0.999991 9.15575e-06
10 0.999851 0.000148695
10 0.999953 4.67253e-05
10 0.999782 0.000217774
10 1 1.7524e-07
10 0.997395 0.00260534
10 1 1e-07
10 0.999836 0.000164498
5 3.74196e-05 0.999963
10 0.999947 5.31186e-05
10 1 1.64027e-07
10 0.999667 0.000332708
10 1 1e-07
10 0.999727 0.000273019
10 0.999596 0.000403636
10 0.999831 0.000169494
10 1 1e-07
10 0.999129 0.000871401
10 0.999977 2.26196e-05
10 1 1e-07
10 1 1e-07
10 0.99749 0.00250969
10 0.999863 0.000137369
10 0.99944 0.000560474
10 1 1.77583e-07
10 0.999963 3.65407e-05
10 1 1e-07
10 0.999997 2.68537e-06
10 0.999999 1.22666e-06
10 0.999476 0.000523723
10 0.999991 8.7164e-06
5 0.0439998 0.956
10 0.99996 3.96018e-05
10 1 1e-07
10 0.999999 1.09293e-06
10 0.999924 7.64363e-05
10 1 1e-07
10 1 1e-07
10 1 1e-07
10 1 1e-07
5 4.01369e-06 0.999996
10 1 1e-07
10 0.999999 7.92704e-07
10 1 1e-07
10 1 1e-07
10 0.999999 1.13381e-06
10 0.998808 0.00119233
10 1 1e-07
10 0.97421 0.02579
10 0.999977 2.25447e-05
10 1 1e-07
10 0.999995 4.79044e-06
10 0.997951 0.00204931
10 0.999942 5.77197e-05
5 0.00215665 0.997843
10 0.999999 9.00843e-07
10 0.999993 7.25301e-06
10 0.999999 1.39045e-06
10 0.530269 0.469731
10 0.999993 6.66053e-06
10 0.999623 0.000377419
10 0.999774 0.00022575
10 1 1e-07
10 1 1e-07
10 0.999808 0.00019246
10 0.999986 1.39459e-05
10 1 1e-07
10 0.991722 0.00827824
10 0.999948 5.24936e-05
10 0.989466 0.0105344
10 0.999667 0.00033269
5 0.000292869 0.999707
10 0.999998 1.88272e-06
10 0.999911 8.90085e-05
10 0.994732 0.00526813
10 1 1e-07
5 1.78176e-06 0.999998
10 1 1e-07
10 1 1e-07
10 0.999995 5.42168e-06
10 0.999995 4.96663e-06
10 0.999991 8.98758e-06
10 0.999437 0.000563262
10 0.999997 2.9958e-06
10 1 3.48718e-07
10 0.998936 0.00106381
10 0.9998 0.000200137
10 1 3.11376e-07
10 0.999894 0.00010568
10 0.999829 0.000170823
10 0.99994 5.99315e-05
10 0.999737 0.000263195
10 0.999992 8.21585e-06
10 1 1e-07
10 1 1e-07
10 1 1e-07
10 0.997913 0.00208731
10 1 1.34749e-07
5 0.30334 0.69666
10 1 1e-07
10 0.999925 7.53799e-05
10 0.996636 0.00336354
10 1 1e-07
10 1 1e-07
10 1 1e-07
10 0.999985 1.498e-05
10 0.999998 2.18159e-06
10 0.994465 0.00553497
10 1 1e-07
10 0.999997 3.13771e-06
10 0.999989 1.06215e-05
10 0.999995 4.89821e-06
10 0.999999 5.94144e-07
5 1e-07 1
5 5.28825e-05 0.999947
5 1e-07 1
5 0.0274917 0.972508
10 0.999959 4.12305e-05
10 0.999987 1.26449e-05
10 0.999987 1.28491e-05
10 1 1.87413e-07
10 0.999977 2.25784e-05
10 0.99972 0.000280295
10 1 1e-07
10 0.999999 1.35895e-06
10 0.975027 0.0249728
10 1 1e-07
10 0.999952 4.75085e-05
10 0.999995 4.90159e-06
10 1 1e-07
5 0.0422708 0.957729
10 0.999994 6.3669e-06
10 0.99977 0.000230453
10 1 1e-07
10 0.999981 1.93679e-05
5 1.47562e-05 0.999985
5 1e-07 1
10 0.998945 0.00105473
10 0.999995 5.18641e-06
5 1.18073e-06 0.999999
10 0.998865 0.00113483
10 0.999983 1.66592e-05
10 1 1e-07
10 1 1e-07
10 0.75357 0.24643
10 0.999989 1.10312e-05
10 0.994986 0.00501391
10 0.999993 6.83512e-06
10 0.992743 0.00725694
10 1 1e-07
10 0.998843 0.00115745
10 0.999999 5.16079e-07
10 0.988976 0.0110239
10 1 1e-07
10 1 1e-07
10 1 1e-07
5 0.0395839 0.960416
10 1 1e-07
10 1 2.94429e-07
10 1 1e-07
10 1 1e-07
10 1 1e-07
10 0.999998 2.27164e-06
10 0.999672 0.000327867
10 0.999993 6.76042e-06
10 1 1e-07
10 1 1e-07
10 1 1e-07
10 1 1e-07
10 0.999398 0.000601939
10 1 1e-07
10 0.984273 0.0157273
5 1.77867e-05 0.999982
10 1 1e-07
10 0.996898 0.00310227
10 0.999999 8.62984e-07
10 0.999978 2.17351e-05
10 1 1e-07
10 1 4.29327e-07
10 1 1e-07
10 1 1e-07
10 1 3.91445e-07
10 1 1e-07
5 0.240404 0.759596
10 1 1e-07
10 0.999994 6.4448e-06
10 0.942833 0.0571668
10 1 1e-07
10 1 1e-07
10 1 1e-07
10 0.999991 8.65531e-06
10 1 1e-07
10 1 1e-07
10 0.992666 0.00733355
10 1 1.74147e-07
10 1 1e-07
10 1 1e-07
5 1e-07 1
10 1 1e-07
10 1 1e-07
10 1 1e-07
10 0.999999 8.01225e-07
10 0.999999 1.49899e-06
10 1 1.99982e-07
5 0.217845 0.782155
10 0.998821 0.00117925
10 0.999996 3.97869e-06
10 0.999812 0.000188499
10 1 1e-07
10 0.999216 0.000783876
5 0.0106136 0.989386
10 0.999999 1.03391e-06
10 0.999621 0.000378608
10 0.998059 0.00194099
10 0.999292 0.000708225
10 0.999998 2.0874e-06
10 0.999999 1.23455e-06
10 0.999962 3.82764e-05
10 0.999999 9.65611e-07
10 1 1e-07
10 1 1e-07
10 0.998507 0.00149341
5 0.0730498 0.92695
10 0.99911 0.000890008
10 0.995954 0.00404632
5 0.0136144 0.986386
10 1 1e-07
10 0.999974 2.55058e-05
10 0.999998 1.91342e-06
10 0.966434 0.0335661
10 0.999998 1.60545e-06
10 0.99991 9.04611e-05
10 0.999887 0.000112696
10 0.999988 1.16874e-05
5 2.75598e-05 0.999972
10 1 1e-07
10 1 3.54221e-07
10 0.999999 8.02398e-07
10 0.999999 5.69954e-07
10 0.999956 4.42989e-05
10 1 1e-07
10 0.999997 3.39385e-06
10 1 1e-07
5 0.000472934 0.999527
10 0.999939 6.14604e-05
10 0.999967 3.26035e-05
10 0.999861 0.000139478
10 1 1e-07
10 0.999997 2.81044e-06
10 0.999995 4.83863e-06
10 1 1e-07
10 1 1e-07
10 0.999997 3.12447e-06
5 0.0687576 0.931242
10 1 1e-07
10 1 1.89826e-07
10 1 1e-07
10 1 2.05772e-07
10 0.999999 9.30709e-07
5 6.67065e-06 0.999993
5 1e-07 1
10 1 1e-07
10 0.997387 0.00261305
10 1 1e-07
10 0.99694 0.00306022
10 0.999999 5.21995e-07
10 0.999998 2.12811e-06
10 0.999947 5.26717e-05
5 0.000288981 0.999711
10 0.945926 0.0540738
10 0.999987 1.25911e-05
10 0.998298 0.00170246
10 0.999993 7.26665e-06
10 0.999998 2.00186e-06
10 1 1e-07
10 1 1e-07
10 0.985459 0.014541
10 0.999986 1.36889e-05
10 0.545437 0.454563
10 0.999997 2.71439e-06
10 0.999999 1.13546e-06
5 0.00137709 0.998623
10 0.998677 0.00132272
10 0.937438 0.0625625
10 0.998691 0.0013087
10 1 1e-07
10 0.998658 0.00134219
10 0.999998 1.61693e-06
10 0.999989 1.10067e-05
10 0.999985 1.48668e-05
10 0.999998 1.93563e-06
10 0.999999 5.34665e-07
10 0.999541 0.000459364
10 1 1e-07
10 1 1e-07
10 0.999999 7.09072e-07
10 0.999995 5.07827e-06
10 0.999984 1.60691e-05
10 1 1e-07
10 0.972775 0.0272245
10 1 1e-07
10 0.998713 0.00128737
5 0.00409892 0.995901
10 1 2.61422e-07
10 1 1e-07
10 1 1e-07
10 0.999923 7.67522e-05
10 1 1e-07
10 1 1e-07
10 0.99691 0.00308998
10 1 3.2308e-07
10 0.999985 1.50557e-05
10 1 1.7339e-07
10 0.999994 6.18241e-06
10 0.997518 0.00248182
10 0.999999 8.98473e-07
10 0.999996 3.8044e-06
5 0.102749 0.897251
10 0.999999 5.80488e-07
10 0.999995 4.93216e-06
10 1 1e-07
10 0.999999 1.44646e-06
10 0.999976 2.44292e-05
10 1 1e-07
10 1 1e-07
10 1 1e-07
10 1 1e-07
10 0.999935 6.52594e-05
10 0.97167 0.0283297
10 0.999997 2.92661e-06
10 1 1e-07
10 0.99943 0.000569558
10 1 1e-07
5 7.18588e-06 0.999993
5 0.0005746 0.999425
10 1 1e-07
10 0.999999 5.33713e-07
10 1 1e-07
10 0.999992 8.27377e-06
5 1.08926e-07 1
10 1 1e-07
10 1 3.97455e-07
10 0.996797 0.00320314
10 0.999997 2.67828e-06
10 1 4.21109e-07
10 1 1e-07
10 1 2.67313e-07
10 1 1e-07
10 1 1e-07
10 1 1e-07
10 1 1e-07
10 0.999994 6.49245e-06
10 1 1e-07
10 0.922189 0.0778113
10 1 1e-07
10 1 1e-07
10 0.999453 0.00054717
10 1 1e-07
10 1 1e-07
5 0.174751 0.825249
10 1 1e-07
10 0.989562 0.010438
10 0.999988 1.24884e-05
10 0.999557 0.000443453
10 1 1e-07
10 0.999997 3.01562e-06
10 1 1e-07
10 0.999567 0.000433333
10 1 2.58887e-07
10 0.999999 9.1794e-07
10 0.999998 1.61756e-06
10 0.999999 1.38296e-06
10 0.999999 1.39261e-06
10 1 1e-07
10 0.999995 4.84442e-06
10 1 1e-07
10 1 1e-07
10 1 1e-07
10 0.999998 1.52814e-06
10 0.997602 0.00239814
10 0.997539 0.00246143
10 0.999996 3.93261e-06
10 0.999987 1.33796e-05
10 0.999995 4.79069e-06
10 0.999907 9.29758e-05
10 0.923291 0.0767091
10 1 1.56857e-07
10 0.999999 5.43063e-07
10 0.999999 1.18988e-06
10 1 1e-07
10 1 1e-07
5 0.000839889 0.99916
10 0.998725 0.00127497
5 1e-07 1
10 0.999855 0.000145457
10 0.999977 2.30897e-05
10 0.985596 0.0144041
10 0.99953 0.000469579
10 0.999834 0.000166449
10 0.999977 2.27694e-05
10 0.999988 1.21325e-05
10 1 1.48561e-07
10 1 1e-07
10 0.999158 0.000842153
10 1 1e-07
10 0.999947 5.3274e-05
10 0.999681 0.000318916
10 1 1e-07
10 0.997979 0.00202104
10 1 1e-07
10 0.999915 8.49677e-05
10 0.999994 5.86578e-06
10 1 1e-07
10 1 1e-07
10 1 1e-07
10 1 3.39669e-07
10 0.998779 0.00122065
5 2.00035e-07 1
10 1 1e-07
10 0.995382 0.00461834
10 0.99886 0.00114043
10 0.999999 1.48521e-06
10 0.999912 8.76827e-05
10 0.990209 0.00979062
10 1 1e-07
10 0.99993 7.00276e-05
10 1 3.70492e-07
10 0.997302 0.00269798
10 0.999998 1.52251e-06
10 0.99989 0.000110432
5 0.00372556 0.996274
10 0.999977 2.31687e-05
10 0.999985 1.4988e-05
10 0.985985 0.0140149
10 1 1e-07
10 1 1e-07
10 1 3.16734e-07
10 1 4.32596e-07
10 1 1.00629e-07
10 1 1.04479e-07
10 0.999966 3.43677e-05
10 1 1e-07
10 1 1e-07
10 1 1e-07
5 1e-07 1
10 0.99999 9.8159e-06
10 1 1e-07
10 0.99995 4.96462e-05
10 1 1e-07
10 1 1.09062e-07
10 0.999994 6.2329e-06
10 0.997741 0.00225856
10 1 1e-07
10 1 1e-07
5 0.00075048 0.99925
10 0.999965 3.50927e-05
10 1 1.46705e-07
10 0.999998 2.46104e-06
10 1 1e-07
10 0.999997 3.12296e-06
10 0.999999 6.80148e-07
5 0.0199745 0.980025
10 0.999999 1.44528e-06
10 0.999786 0.000214248
10 0.999719 0.000281049
10 0.999988 1.24835e-05
10 0.99828 0.00171967
10 1 1e-07
10 0.999999 9.20647e-07
10 0.999999 9.21316e-07
10 0.999949 5.13946e-05
10 1 1e-07
10 1 1e-07
10 1 1e-07
10 0.999925 7.45407e-05
5 1.82427e-05 0.999982
5 1e-07 1
10 1 1e-07
10 0.999999 8.93706e-07
10 0.999972 2.82142e-05
10 0.999924 7.61268e-05
10 0.999998 1.50462e-06
5 1e-07 1
10 0.999997 2.65629e-06
10 0.999999 9.44695e-07
10 1 1e-07
10 1 1e-07
10 0.9972 0.00280044
10 1 1e-07
10 0.999924 7.58307e-05
10 0.99885 0.00114951
10 1 1e-07
10 0.99909 0.000910232
10 0.999512 0.000487597
10 1 1e-07
10 0.999984 1.57692e-05
10 1 1e-07
10 0.996519 0.00348088
10 1 1e-07
10 0.999808 0.000192418
10 0.999999 7.08757e-07
10 0.829487 0.170513
10 0.999998 2.03812e-06
10 0.999989 1.12121e-05
5 0.0328379 0.967162
10 0.999705 0.000294686
10 1 3.78049e-07
10 1 1e-07
10 1 1e-07
10 0.999998 1.77743e-06
10 1 1.0134e-07
10 1 1e-07
10 0.998335 0.00166539
10 0.886693 0.113307
10 0.750414 0.249586
10 0.999999 8.68875e-07
10 0.999831 0.000169256
10 0.999998 2.36355e-06
10 0.999993 6.73868e-06
10 0.999991 9.42955e-06
10 0.999997 3.00596e-06
10 1 3.67179e-07
10 0.999999 1.14999e-06
10 0.999993 7.03482e-06
5 0.0197152 0.980285
10 0.999741 0.000259241
10 0.999667 0.000333202
10 0.998626 0.00137375
10 0.999229 0.000771132
5 0.00827524 0.991725
10 1 1e-07
10 1 1.35242e-07
10 0.999888 0.000112134
10 0.999945 5.52625e-05
10 1 1e-07
10 1 1e-07
10 0.99999 1.03236e-05
10 0.999996 3.91904e-06
10 0.984889 0.015111
10 1 1e-07
10 1 2.98127e-07
10 0.999542 0.000458426
10 1 1e-07
10 0.999982 1.75907e-05
10 1 4.93966e-07
5 0.0114626 0.988537
10 0.999998 1.874e-06
10 0.999999 1.09575e-06
5 1e-07 1
10 0.999996 4.42791e-06
10 0.999209 0.000790697
10 0.999997 2.5482e-06
10 1 1e-07
10 1 4.19985e-07
10 0.999977 2.29358e-05
10 1 1e-07
10 1 1e-07
10 0.788181 0.211819
10 0.97912 0.0208798
10 0.99999 1.00199e-05
10 0.99997 3.00234e-05
10 0.999997 3.45112e-06
10 0.999994 6.1181e-06
10 1 1.44152e-07
10 0.999846 0.000154048
10 0.999217 0.000782792
10 0.999998 1.59752e-06
10 0.999984 1.59565e-05
10 0.94459 0.0554097
10 0.999975 2.50557e-05
10 1 2.30262e-07
10 0.998227 0.00177306
10 0.999991 8.74968e-06
10 0.999756 0.000243764
10 1 1e-07
10 0.999957 4.26023e-05
5 0.100213 0.899787
10 1 1.44747e-07
10 1 1e-07
5 0.000328878 0.999671
10 0.999989 1.09966e-05
10 0.999996 4.17005e-06
10 0.990125 0.00987521
5 0.0374058 0.962594
10 1 1e-07
10 1 1.29082e-07
10 0.999972 2.79663e-05
10 1 1e-07
10 1 1e-07
10 1 1e-07
10 1 1e-07
10 0.99992 7.98905e-05
10 0.999985 1.45746e-05
10 0.99995 4.95298e-05
10 1 1e-07
10 0.999999 6.79159e-07
10 0.999998 1.97237e-06
10 0.999982 1.77178e-05
10 1 1e-07
10 0.692516 0.307484
10 1 2.50128e-07
10 1 1e-07
10 0.999997 3.33778e-06
10 0.997375 0.00262458
10 1 1e-07
10 1 1e-07
10 1 1e-07
10 0.990575 0.00942488
10 0.999947 5.28854e-05
10 0.999985 1.5393e-05
10 0.999998 1.68219e-06
10 1 1e-07
10 0.999908 9.21296e-05
10 1 1e-07
10 1 3.23468e-07
10 0.999987 1.25804e-05
10 0.999948 5.24482e-05
10 0.999991 9.28077e-06
10 1 1e-07
10 0.997007 0.00299251
10 1 1e-07
10 0.999997 3.39635e-06
10 0.997659 0.00234112
10 0.999996 4.3279e-06
10 0.999984 1.5848e-05
10 0.99999 1.04348e-05
10 0.999806 0.000193779
10 1 1e-07
10 0.964263 0.0357371
10 1 1e-07
10 0.999997 3.04277e-06
10 1 1e-07
10 1 1e-07
5 0.0684498 0.93155
10 1 1e-07
10 0.999439 0.000561036
10 0.999999 8.4351e-07
5 0.40971 0.59029
10 0.999999 7.36404e-07
10 1 1e-07
10 0.999958 4.2168e-05
10 1 4.51302e-07
10 1 1e-07
10 0.999478 0.000522318
5 0.0475139 0.952486
10 0.998956 0.0010442
10 0.999999 1.21452e-06
10 1 2.42251e-07
10 0.999984 1.63211e-05
10 1 1e-07
10 0.999941 5.88266e-05
10 1 1.62376e-07
10 0.999984 1.61727e-05
5 8.69388e-06 0.999991
10 0.999999 7.64005e-07
10 0.999977 2.2958e-05
10 1 1.7954e-07
5 0.168983 0.831017
10 1 1e-07
10 1 1e-07
10 1 1e-07
10 1 4.27095e-07
10 0.999998 1.98576e-06
10 1 1e-07
10 1 1e-07
10 1 1e-07
10 0.999249 0.000751424
10 1 1e-07
10 0.999527 0.000472779
10 0.999984 1.57782e-05
10 0.999757 0.000242893
10 1 1e-07
10 0.999778 0.000221854
10 1 1e-07
10 0.853803 0.146197
10 0.999996 3.9854e-06
10 1 1e-07
5 3.70721e-06 0.999996
10 0.999999 7.58688e-07
10 1 1e-07
10 0.999989 1.06979e-05
10 0.999779 0.000221195
10 1 1e-07
10 1 2.38825e-07
10 0.99642 0.00358038
10 1 1e-07
10 1 1.48195e-07
10 0.9932 0.00679989
10 1 1e-07
10 1 1e-07
10 0.999991 8.52979e-06
10 0.999138 0.000862385
10 1 1e-07
10 0.999957 4.29199e-05
10 1 1e-07
10 1 1e-07
10 0.999994 6.21884e-06
10 1 1.99677e-07
10 1 1e-07
10 0.999999 8.15396e-07
10 0.999999 5.49219e-07
5 0.0135837 0.986416
10 0.999962 3.76617e-05
10 0.950214 0.0497857
10 1 1e-07
10 0.996187 0.00381279
10 1 1e-07
10 0.999999 7.60061e-07
10 0.999997 3.02548e-06
10 0.999975 2.49549e-05
10 1 1e-07
10 0.999983 1.66451e-05
10 0.999999 1.38853e-06
10 0.999968 3.19845e-05
10 0.997562 0.00243806
10 0.999927 7.30266e-05
10 0.999716 0.000284331
10 1 1e-07
10 0.999711 0.000289322
10 0.951011 0.048989
10 0.999997 2.8175e-06
10 0.999704 0.000295836
5 0.00146495 0.998535
10 1 1.57355e-07
10 1 3.01991e-07
10 0.999999 1.3371e-06
5 1.35529e-05 0.999986
10 0.999999 1.02813e-06
10 0.953666 0.0463342
10 0.999993 6.9524e-06
10 0.999724 0.000276249
10 0.999999 1.34522e-06
10 0.999949 5.13711e-05
10 1 1e-07
10 1 2.87017e-07
10 1 1e-07
10 0.779706 0.220294
5 3.16253e-06 0.999997
10 0.994308 0.00569203
10 0.999993 7.39336e-06
10 0.999829 0.000170805
10 0.852635 0.147365
10 0.999999 6.78401e-07
10 0.999996 3.93205e-06
10 1 3.0685e-07
10 0.936737 0.0632627
10 1 1e-07
10 0.977678 0.0223218
10 0.999996 4.20544e-06
10 0.999456 0.000544315
10 0.999941 5.92381e-05
10 0.999998 1.5318e-06
10 1 1e-07
10 1 1e-07
10 0.999036 0.000964366
10 0.999981 1.94445e-05
5 0.00434551 0.995654
10 1 1e-07
10 1 1.29061e-07
10 0.999958 4.21526e-05
10 0.999383 0.000616636
10 0.99946 0.000540413
10 0.999999 1.30146e-06
10 1 1.61853e-07
10 0.999978 2.24774e-05
10 1 3.38895e-07
5 0.0480259 0.951974
10 1 1e-07
10 1 1.16416e-07
10 0.999995 5.27169e-06
10 1 1e-07
10 0.997417 0.00258346
10 1 1e-07
10 1 1e-07
10 0.999294 0.000705913
10 0.999999 1.48375e-06
10 1 1e-07
10 0.999785 0.000215233
10 0.999999 7.29254e-07
10 1 1e-07
10 1 1e-07
10 0.999985 1.51041e-05
10 0.999991 8.9413e-06
10 1 1e-07
10 1 1e-07
10 1 1e-07
10 0.999999 1.32431e-06
10 0.999997 3.42167e-06
10 1 1e-07
10 1 1e-07
10 0.999858 0.000142061
10 0.939645 0.0603549
10 0.999922 7.84673e-05
10 0.999978 2.24967e-05
10 0.999997 2.65405e-06
10 1 1e-07
10 0.999962 3.77056e-05
10 1 1.05057e-07
10 0.999994 5.84746e-06
10 0.999996 3.92029e-06
10 0.995872 0.00412766
10 0.999638 0.000362096
10 0.999997 2.79824e-06
10 1 1e-07
10 0.999519 0.000481477
5 1e-07 1
5 0.386346 0.613654
10 1 1e-07
10 0.999999 6.14801e-07
10 0.999966 3.36698e-05
10 0.999983 1.6792e-05
10 0.999996 4.36137e-06
10 0.995419 0.00458068
5 0.101036 0.898964
5 8.66075e-06 0.999991
10 0.999968 3.23384e-05
10 1 1e-07
10 1 1e-07
10 1 4.24699e-07
10 1 1e-07
10 0.999985 1.48314e-05
10 0.999998 2.13773e-06
10 0.991936 0.00806425
10 1 1e-07
10 1 1e-07
10 0.999977 2.34405e-05
10 0.718988 0.281012
10 0.999684 0.00031598
10 1 1e-07
10 1 2.6999e-07
10 1 1e-07
10 1 1e-07
10 1 1.24346e-07
10 0.658572 0.341428
10 0.999736 0.000263945
10 0.999994 6.29147e-06
10 0.999989 1.10755e-05
10 1 1e-07
10 0.973758 0.0262423
5 0.000698663 0.999301
5 0.00115872 0.998841
10 0.999786 0.000214036
10 0.998372 0.001628
10 1 1e-07
10 1 1.20074e-07
10 0.999996 4.26849e-06
10 0.934639 0.0653607
10 1 1e-07
10 1 1e-07
5 0.164921 0.835079
10 1 1e-07
10 1 1e-07
10 0.999958 4.17781e-05
10 0.999859 0.000141395
10 0.999288 0.00071221
10 1 1e-07
10 1 1e-07
5 2.88865e-05 0.999971
10 1 1e-07
10 1 1.7922e-07
10 1 2.24851e-07
10 0.999997 3.22852e-06
10 0.999163 0.000836794
10 0.992991 0.00700852
10 1 1e-07
10 0.999999 1.02233e-06
10 0.999832 0.000167832
10 0.999962 3.82865e-05
10 1 2.07091e-07
10 0.991213 0.0087869
10 1 1e-07
10 1 1.7404e-07
10 1 1e-07
10 1 1e-07
10 0.999997 3.28317e-06
10 1 1e-07
10 0.999923 7.69816e-05
10 0.999751 0.00024893
10 0.999997 2.56949e-06
10 0.999998 1.7053e-06
10 0.999599 0.00040087
10 1 3.17071e-07
10 1 1e-07
10 0.999994 5.61328e-06
10 1 3.53667e-07
10 1 1.51694e-07
10 1 1e-07
10 1 2.13332e-07
10 1 2.29393e-07
10 1 1.78616e-07
10 0.999999 6.57491e-07
10 0.999993 6.6109e-06
10 0.997472 0.00252812
10 0.999965 3.48229e-05
10 0.994075 0.0059252
10 0.999959 4.05582e-05
10 0.999997 3.18922e-06
10 0.998912 0.00108763
10 0.999998 1.5838e-06
10 1 1e-07
10 1 1.55964e-07
10 1 4.55112e-07
10 1 1e-07
10 1 4.48375e-07
10 1 1e-07
10 0.999631 0.000369178
10 0.972093 0.0279071
10 1 1e-07
5 0.00674435 0.993256
5 1e-07 1
5 1e-07 1
10 0.999997 2.85307e-06
10 1 1e-07
10 0.999999 6.25488e-07
10 0.999996 3.95519e-06
10 0.999996 3.86236e-06
10 0.999696 0.000304438
10 0.99998 1.9731e-05
10 0.999996 3.93244e-06
10 1 1e-07
10 0.999954 4.62976e-05
10 0.999979 2.10896e-05
10 0.999995 5.21947e-06
10 0.998084 0.00191636
10 0.999994 6.2237e-06
10 1 1.75254e-07
5 0.00119385 0.998806
10 0.999993 7.07638e-06
10 1 1e-07
10 1 1e-07
10 0.999999 8.84134e-07
10 1 1e-07
10 0.997757 0.00224297
10 1 1e-07
10 1 4.27932e-07
10 0.999998 2.29729e-06
10 0.997159 0.00284102
10 0.999976 2.43236e-05
10 0.999885 0.000115046
10 0.999999 1.11801e-06
10 1 1e-07
10 0.999994 5.92269e-06
10 1 1e-07
10 1 1e-07
10 1 2.56936e-07
10 0.999952 4.75202e-05
10 0.999999 1.34337e-06
10 0.99822 0.0017796
10 0.99966 0.000339945
10 0.99988 0.000119604
10 0.999999 1.05318e-06
10 1 1e-07
10 0.999708 0.000292332
10 1 1e-07
10 1 1e-07
10 1 1e-07
5 0.0638175 0.936182
5 3.87861e-05 0.999961
10 1 1e-07
10 0.999998 1.82722e-06
10 0.999934 6.63255e-05
10 1 1.16669e-07
10 0.99995 4.97175e-05
