labels 5 3
5 0.99896 0.00104033
5 0.730376 0.269624
5 0.774867 0.225133
5 0.999996 4.24798e-06
3 0.0219493 0.978051
5 0.899388 0.100612
3 0.0113566 0.988643
3 0.000577203 0.999423
5 0.999987 1.30312e-05
5 0.72945 0.27055
5 1 3.10811e-07
5 0.566904 0.433096
3 0.00268385 0.997316
3 0.351692 0.648308
5 0.998208 0.00179211
5 0.999999 9.14803e-07
3 1.21079e-05 0.999988
3 0.000109359 0.999891
5 0.851155 0.148845
3 3.50978e-05 0.999965
5 0.506371 0.493629
5 0.631919 0.368081
3 0.46989 0.53011
5 0.632605 0.367395
5 0.941764 0.0582362
5 0.512662 0.487338
5 0.974663 0.0253374
3 0.225462 0.774538
3 0.102064 0.897936
3 0.274743 0.725257
3 0.0182206 0.981779
3 2.3464e-06 0.999998
5 0.994745 0.00525474
3 0.000337969 0.999662
5 0.997469 0.00253123
3 0.00504629 0.994954
3 0.420134 0.579866
3 0.207047 0.792953
5 0.999998 2.31225e-06
3 0.0125047 0.987495
5 0.915112 0.0848882
5 0.953374 0.0466257
5 0.9475 0.0524996
5 0.92627 0.0737301
3 0.288394 0.711606
5 0.637969 0.362031
3 0.404712 0.595288
5 0.680196 0.319804
3 0.33415 0.66585
5 0.851273 0.148727
3 0.00211735 0.997883
5 0.995448 0.00455181
5 0.99907 0.000929877
5 0.997337 0.00266299
3 0.443654 0.556346
3 0.35364 0.64636
5 0.82528 0.17472
5 0.955549 0.0444513
3 0.241572 0.758428
5 0.618905 0.381095
3 0.428537 0.571463
5 0.996681 0.00331901
5 0.915526 0.0844739
3 0.1723 0.8277
5 0.999923 7.68494e-05
5 0.987393 0.012607
5 0.870315 0.129685
3 0.470675 0.529325
3 1e-07 1
3 1e-07 1
5 0.880692 0.119308
3 3.88944e-05 0.999961
3 0.334652 0.665348
5 0.667535 0.332465
3 5.49716e-05 0.999945
5 1 3.68261e-07
5 0.998249 0.00175083
5 0.898675 0.101325
5 0.509672 0.490328
5 0.829836 0.170164
5 0.991153 0.00884731
5 0.998012 0.00198791
5 0.999783 0.000216887
5 0.656251 0.343749
5 0.998761 0.00123927
5 0.613124 0.386876
3 0.44048 0.55952
5 0.967821 0.0321787
5 0.974531 0.0254686
3 0.437685 0.562315
5 1 1e-07
3 0.442432 0.557568
3 5.12608e-05 0.999949
5 0.840233 0.159767
3 0.468678 0.531322
5 0.988508 0.0114925
5 0.735293 0.264707
5 0.968269 0.0317307
5 0.712246 0.287754
3 3.05208e-05 0.999969
5 0.905453 0.0945467
3 0.477134 0.522866
3 0.0144422 0.985558
3 0.367399 0.632601
3 0.238479 0.761521
5 0.652499 0.347501
5 0.997309 0.00269122
5 0.608588 0.391412
3 0.00139142 0.998609
5 0.676818 0.323182
5 0.638106 0.361894
3 8.53697e-06 0.999991
3 0.0093854 0.990615
3 0.105182 0.894818
5 0.603354 0.396646
3 0.214997 0.785003
5 0.999784 0.000216238
3 0.00626319 0.993737
5 0.977326 0.0226735
5 0.5159 0.4841
5 0.928366 0.0716342
5 0.941815 0.0581854
5 0.999974 2.6445e-05
3 0.00136586 0.998634
5 0.959771 0.0402293
3 0.0904465 0.909554
5 0.997358 0.00264185
3 0.12611 0.87389
3 0.465276 0.534724
3 0.359147 0.640853
5 0.999615 0.000384722
3 0.0014231 0.998577
5 0.986679 0.013321
3 0.490026 0.509974
3 0.0569085 0.943092
3 0.000220994 0.999779
3 0.118379 0.881621
3 0.250943 0.749057
5 1 2.02839e-07
3 0.0292662 0.970734
5 0.760878 0.239122
3 1.45346e-05 0.999985
3 0.151993 0.848007
5 0.99937 0.000630452
5 0.797594 0.202406
3 0.442608 0.557392
3 0.00633192 0.993668
3 0.338658 0.661342
3 7.07348e-05 0.999929
3 0.140831 0.859169
3 0.222603 0.777397
3 0.00206793 0.997932
5 0.602532 0.397468
5 0.682557 0.317443
3 0.323038 0.676962
5 0.72675 0.27325
3 0.423424 0.576576
3 0.00376356 0.996236
5 0.999964 3.64308e-05
3 1.70338e-05 0.999983
5 0.999987 1.25854e-05
5 0.994923 0.00507747
5 0.986575 0.0134252
5 0.996365 0.00363544
3 0.148917 0.851083
3 0.0101974 0.989803
3 2.1873e-07 1
3 4.34495e-07 1
5 0.99721 0.00278979
5 0.57109 0.42891
5 0.919718 0.0802821
3 0.416643 0.583357
3 0.291297 0.708703
5 0.73265 0.26735
5 0.997033 0.0029672
5 0.998919 0.0010812
3 4.07121e-05 0.999959
3 3.09314e-05 0.999969
5 0.993247 0.0067528
5 0.663055 0.336945
5 0.996105 0.00389485
5 0.619611 0.380389
5 0.934387 0.0656126
3 0.167191 0.832809
3 0.00358846 0.996412
5 0.953289 0.0467112
5 0.794508 0.205492
5 0.995939 0.00406058
5 0.880651 0.119349
3 0.25052 0.74948
3 0.449781 0.550219
5 0.999746 0.000254101
3 0.420074 0.579926
3 0.0580485 0.941951
3 0.450551 0.549449
5 0.995872 0.00412846
3 0.318728 0.681272
3 0.00799331 0.992007
3 0.257086 0.742914
5 0.965629 0.0343714
5 0.999993 7.34302e-06
3 0.180571 0.819429
3 0.492203 0.507797
5 0.910043 0.089957
3 0.357465 0.642535
5 1 2.21916e-07
5 0.978229 0.0217708
3 0.0510865 0.948913
3 0.22477 0.77523
3 7.53156e-05 0.999925
5 0.757203 0.242797
5 0.983205 0.0167948
5 0.919489 0.0805113
3 3.4087e-05 0.999966
5 0.686916 0.313084
3 0.413226 0.586774
3 9.62686e-06 0.99999
5 0.874725 0.125275
5 0.999512 0.000487507
3 0.0400273 0.959973
3 1.19747e-06 0.999999
3 0.0368014 0.963199
5 0.984808 0.0151922
5 0.912755 0.0872449
5 0.678091 0.321909
5 0.998736 0.00126427
5 0.921004 0.0789961
3 0.46216 0.53784
3 0.373271 0.626729
5 0.57608 0.42392
3 0.00200765 0.997992
5 0.614646 0.385354
5 0.996295 0.00370543
5 0.729534 0.270466
3 0.256643 0.743357
3 3.63546e-06 0.999996
5 0.943166 0.0568344
5 0.896528 0.103472
5 0.999371 0.000629068
5 0.952948 0.0470517
3 0.00228149 0.997719
5 0.983915 0.0160847
5 0.999894 0.000105665
3 0.000213566 0.999786
3 7.10178e-06 0.999993
5 0.664873 0.335127
5 0.736397 0.263603
5 0.987664 0.0123356
5 0.997692 0.00230837
3 0.449592 0.550408
5 0.830784 0.169216
3 2.61408e-06 0.999997
5 0.991346 0.0086544
3 0.395121 0.604879
5 0.996617 0.00338343
3 0.381741 0.618259
3 0.285059 0.714941
5 0.942583 0.0574172
5 0.993651 0.00634891
3 0.00140476 0.998595
3 0.283108 0.716892
5 0.98954 0.0104597
3 0.0536558 0.946344
5 0.81565 0.18435
5 0.764959 0.235041
5 0.972898 0.027102
5 0.998431 0.00156904
5 0.835513 0.164487
3 0.409973 0.590027
5 0.908112 0.0918881
5 0.795088 0.204912
3 9.78835e-05 0.999902
5 0.519872 0.480128
5 0.727149 0.272851
3 0.0784958 0.921504
5 0.889101 0.110899
5 0.57997 0.42003
5 0.631176 0.368824
3 0.468056 0.531944
5 0.994715 0.0052845
3 0.493671 0.506329
3 0.229141 0.770859
3 0.474918 0.525082
3 0.395967 0.604033
5 0.954709 0.0452915
3 0.375993 0.624007
3 0.164341 0.835659
5 0.847139 0.152861
3 5.05588e-06 0.999995
3 0.498774 0.501226
3 1e-07 1
3 0.00228135 0.997719
5 0.651594 0.348406
3 0.292938 0.707062
3 9.05022e-07 0.999999
5 0.997852 0.00214789
3 0.175903 0.824097
5 0.999997 2.78e-06
5 0.71079 0.28921
3 0.000157691 0.999842
5 0.985889 0.0141112
5 0.99954 0.000459793
5 0.580447 0.419553
5 0.94502 0.0549797
3 0.0438502 0.95615
5 0.888399 0.111601
3 0.18864 0.81136
5 0.955525 0.0444746
5 0.999996 3.58133e-06
3 0.0109896 0.98901
5 0.949999 0.050001
5 0.884373 0.115627
3 0.000167496 0.999833
5 0.993561 0.00643851
3 5.5841e-05 0.999944
3 0.486586 0.513414
3 0.12378 0.87622
5 0.999976 2.41874e-05
5 0.877645 0.122355
3 0.450457 0.549543
3 0.000457476 0.999543
5 0.997475 0.00252507
3 0.0655857 0.934414
5 0.965287 0.0347128
5 0.984973 0.0150265
3 0.17751 0.82249
3 0.404482 0.595518
5 0.998479 0.00152076
5 0.9972 0.0028
5 0.986698 0.0133024
3 3.54332e-05 0.999965
3 0.00302724 0.996973
3 0.462985 0.537015
3 0.352037 0.647963
5 0.708512 0.291488
5 0.831902 0.168098
5 0.999031 0.000969128
5 0.975315 0.0246854
3 0.00205755 0.997942
3 0.000921758 0.999078
5 0.99405 0.00595044
3 0.171844 0.828156
3 0.256031 0.743969
5 0.955522 0.0444781
5 0.508153 0.491847
5 0.999572 0.000427843
3 1.17755e-05 0.999988
3 0.0597951 0.940205
3 5.56952e-05 0.999944
5 0.93259 0.0674098
3 0.302985 0.697015
3 0.236646 0.763354
5 0.998361 0.00163861
5 0.996846 0.00315427
3 0.382885 0.617115
5 0.999595 0.00040462
5 0.999391 0.000609405
3 0.00050831 0.999492
5 1 1e-07
5 0.957854 0.0421462
3 0.000712158 0.999288
3 0.437052 0.562948
3 0.482193 0.517807
5 0.537024 0.462976
5 0.999774 0.000225619
3 0.000618327 0.999382
5 0.612407 0.387593
3 0.349266 0.650734
5 0.872294 0.127706
5 0.880078 0.119922
3 0.272231 0.727769
3 0.234731 0.765269
3 0.000229735 0.99977
3 5.40818e-06 0.999995
3 0.456167 0.543833
5 0.991362 0.00863777
3 0.0388571 0.961143
5 0.724476 0.275524
3 0.218722 0.781278
5 0.999486 0.000513681
5 0.608625 0.391375
3 0.0102281 0.989772
5 0.998594 0.00140582
3 0.275936 0.724064
5 0.523535 0.476465
5 0.949631 0.0503687
5 0.50598 0.49402
5 0.522065 0.477935
3 0.00043376 0.999566
3 0.0209652 0.979035
5 0.610038 0.389962
5 0.511628 0.488372
3 0.00527845 0.994722
5 0.999922 7.81802e-05
3 0.0513292 0.948671
3 0.00018184 0.999818
3 0.38914 0.61086
5 0.929001 0.0709992
5 0.90831 0.09169
3 0.0202152 0.979785
5 0.889221 0.110779
5 0.990196 0.0098045
3 0.000864584 0.999135
5 0.99671 0.00328995
5 0.999936 6.38675e-05
3 0.0295373 0.970463
5 0.982138 0.0178624
3 0.0456629 0.954337
3 7.67794e-05 0.999923
3 0.00723553 0.992764
3 0.054022 0.945978
3 0.270889 0.729111
3 0.470683 0.529317
3 0.0102218 0.989778
5 0.995232 0.00476766
3 0.352401 0.647599
5 0.597604 0.402396
3 0.395099 0.604901
3 0.0707332 0.929267
5 0.999973 2.67394e-05
3 1e-07 1
3 0.0330815 0.966918
3 0.406326 0.593674
3 7.77252e-07 0.999999
5 0.915201 0.0847986
5 0.99999 1.03279e-05
3 0.333691 0.666309
5 0.928547 0.0714533
5 0.99887 0.00113002
5 0.667172 0.332828
5 0.933716 0.0662839
5 0.999971 2.92716e-05
3 1.06846e-06 0.999999
5 0.997365 0.00263458
5 0.935162 0.0648378
5 0.986646 0.0133542
3 0.376636 0.623364
5 0.993487 0.0065127
5 0.877739 0.122261
3 0.422105 0.577895
5 0.941495 0.0585048
5 0.988728 0.0112719
3 1.60521e-05 0.999984
5 0.723422 0.276578
3 0.432291 0.567709
3 0.169082 0.830918
5 0.668883 0.331117
5 0.975346 0.024654
3 0.00425687 0.995743
5 0.895495 0.104505
5 0.999666 0.000333986
3 0.254045 0.745955
3 0.000809773 0.99919
5 0.996131 0.00386851
3 0.489526 0.510474
3 0.362556 0.637444
5 0.98756 0.0124402
5 0.946323 0.0536772
3 0.00248365 0.997516
5 0.999999 7.88015e-07
3 0.382081 0.617919
3 0.000600075 0.9994
3 1e-07 1
5 0.548184 0.451816
3 0.0135763 0.986424
5 0.958703 0.0412974
5 0.941391 0.0586087
3 0.398883 0.601117
5 0.696619 0.303381
3 0.253018 0.746982
3 0.318989 0.681011
3 0.000911107 0.999089
5 0.981102 0.0188975
5 0.999999 1.19729e-06
5 0.807143 0.192857
3 0.458729 0.541271
3 0.00305593 0.996944
5 0.983354 0.0166455
5 0.539901 0.460099
3 0.000961045 0.999039
5 0.812398 0.187602
3 0.192509 0.807491
3 0.0418604 0.95814
5 0.843503 0.156497
3 0.000593693 0.999406
5 0.988146 0.0118537
5 0.946639 0.0533608
3 2.38556e-05 0.999976
3 2.39546e-05 0.999976
5 0.999996 4.18791e-06
3 3.06162e-07 1
5 0.999997 2.6357e-06
5 0.992358 0.00764248
5 0.977411 0.0225892
3 0.00193288 0.998067
3 0.12887 0.87113
3 7.68301e-07 0.999999
3 0.0405449 0.959455
5 0.999873 0.000126663
5 0.655835 0.344165
5 0.999916 8.44493e-05
5 0.999999 5.80763e-07
3 0.00461932 0.995381
5 0.791287 0.208713
3 0.080751 0.919249
5 0.702074 0.297926
5 0.584944 0.415056
5 0.878299 0.121701
5 1 1.37908e-07
3 0.378693 0.621307
3 0.00202956 0.99797
3 0.10682 0.89318
5 0.999905 9.4988e-05
5 0.953492 0.0465078
5 0.70646 0.29354
3 0.37997 0.62003
3 0.0186806 0.981319
5 0.920456 0.0795442
5 0.999995 4.97334e-06
5 0.996504 0.00349642
3 0.486809 0.513191
3 0.310121 0.689879
3 0.0220869 0.977913
5 0.962891 0.0371094
3 0.0196149 0.980385
5 0.862105 0.137895
5 0.566167 0.433833
3 0.00760878 0.992391
3 0.000715918 0.999284
5 0.855523 0.144477
3 0.376247 0.623753
3 0.466128 0.533872
3 0.435488 0.564512
5 0.999907 9.33405e-05
3 0.000370389 0.99963
5 0.513131 0.486869
5 0.971882 0.0281179
5 0.903637 0.0963634
3 0.0615512 0.938449
5 0.999998 1.91813e-06
3 0.000192347 0.999808
3 2.64286e-05 0.999974
5 0.998519 0.00148063
3 0.00728595 0.992714
5 0.937113 0.062887
5 0.933156 0.0668436
5 0.618416 0.381584
3 1e-07 1
5 0.998612 0.00138837
5 0.999903 9.70266e-05
3 0.496801 0.503199
5 0.957295 0.0427045
5 0.623456 0.376544
5 0.962283 0.0377168
5 0.94688 0.0531204
3 0.00185025 0.99815
3 0.392111 0.607889
3 0.0715454 0.928455
5 0.689365 0.310635
3 0.123239 0.876761
3 0.290806 0.709194
5 0.944091 0.0559091
3 0.137665 0.862335
3 0.405053 0.594947
5 0.999982 1.83377e-05
5 0.967018 0.0329819
3 0.460833 0.539167
5 0.999873 0.00012733
3 5.13808e-07 0.999999
3 0.00399055 0.996009
3 0.000316117 0.999684
3 0.181819 0.818181
5 0.999496 0.000503771
3 0.340816 0.659184
5 0.509194 0.490806
3 4.35291e-05 0.999956
3 1e-07 1
3 0.311452 0.688548
3 0.101964 0.898036
5 0.999922 7.78972e-05
3 0.470587 0.529413
3 0.000263417 0.999737
5 0.999999 9.78175e-07
5 0.977974 0.0220258
3 0.296273 0.703727
3 0.499135 0.500865
3 0.294248 0.705752
5 0.739948 0.260052
3 0.275491 0.724509
3 0.324581 0.675419
3 1.19038e-05 0.999988
5 0.999997 2.84192e-06
5 0.959724 0.0402759
3 0.0398851 0.960115
5 0.999693 0.000307003
5 0.988263 0.0117366
3 0.0113346 0.988665
5 0.996905 0.00309465
5 0.997985 0.00201511
5 0.991653 0.00834731
3 0.273764 0.726236
3 0.353197 0.646803
3 0.499669 0.500331
5 0.975153 0.0248471
3 0.387422 0.612578
3 0.0190404 0.98096
3 1.82584e-05 0.999982
3 0.000271721 0.999728
3 0.0762074 0.923793
5 0.915362 0.0846377
5 0.737879 0.262121
5 0.557066 0.442934
3 0.154442 0.845558
5 0.941372 0.0586284
3 0.291767 0.708233
3 0.000270111 0.99973
3 0.126409 0.873591
3 0.00211469 0.997885
3 0.210388 0.789612
3 1.65024e-05 0.999983
3 0.170819 0.829181
5 0.999883 0.000117148
5 0.977771 0.0222288
5 0.719583 0.280417
3 0.389738 0.610262
5 0.862817 0.137183
3 0.47926 0.52074
5 0.974735 0.0252646
3 0.168876 0.831124
3 0.0513262 0.948674
3 0.00273312 0.997267
5 0.516807 0.483193
3 0.362499 0.637501
3 0.326956 0.673044
3 0.132396 0.867604
5 0.996381 0.00361856
3 0.0395834 0.960417
3 0.302625 0.697375
3 0.387712 0.612288
5 0.640929 0.359071
5 0.987935 0.0120651
3 0.0276371 0.972363
5 0.569806 0.430194
3 1.03841e-05 0.99999
3 0.00362342 0.996377
3 0.00492103 0.995079
3 0.0267445 0.973256
3 0.317658 0.682342
3 0.000183969 0.999816
3 0.266387 0.733613
5 0.998246 0.00175441
5 0.852316 0.147684
5 0.892906 0.107094
3 0.458394 0.541606
5 0.999621 0.000378599
5 0.999992 7.87851e-06
3 0.383431 0.616569
3 0.20492 0.79508
5 0.995057 0.004943
3 0.00467646 0.995324
5 0.663409 0.336591
3 0.212813 0.787187
5 0.978124 0.021876
5 0.999778 0.000221856
5 0.947429 0.0525711
5 0.607254 0.392746
5 0.876951 0.123049
3 0.0906474 0.909353
5 0.661719 0.338281
5 0.972533 0.0274671
3 0.0142848 0.985715
3 0.456655 0.543345
3 0.00907579 0.990924
5 0.895894 0.104106
5 0.947293 0.0527075
3 0.0985275 0.901472
3 0.470423 0.529577
3 0.365319 0.634681
5 0.998484 0.00151575
5 0.901566 0.098434
5 0.542376 0.457624
3 0.000211299 0.999789
3 0.0249503 0.97505
3 7.90528e-06 0.999992
5 0.982268 0.0177317
3 0.064414 0.935586
3 4.31124e-06 0.999996
3 0.000262766 0.999737
3 0.345911 0.654089
3 0.00608157 0.993918
3 0.000589592 0.99941
3 0.308911 0.691089
5 0.742593 0.257407
3 0.222704 0.777296
5 0.882653 0.117347
3 0.00483569 0.995164
5 0.501254 0.498746
3 5.26199e-05 0.999947
3 0.385327 0.614673
3 6.75478e-06 0.999993
3 0.00037897 0.999621
5 0.998942 0.0010578
3 0.469716 0.530284
5 0.907444 0.0925558
5 0.999849 0.000150783
3 0.223981 0.776019
3 0.0153177 0.984682
3 0.0542754 0.945725
5 0.999425 0.000575054
3 0.00241013 0.99759
5 0.93223 0.0677699
5 0.997157 0.0028433
5 0.999257 0.000743249
3 0.442264 0.557736
5 0.996187 0.00381307
3 0.436444 0.563556
5 0.787604 0.212396
5 0.991019 0.0089808
3 0.00774378 0.992256
3 8.40031e-07 0.999999
5 0.999663 0.000337491
5 0.913524 0.0864758
5 0.998654 0.00134638
5 0.64846 0.35154
5 1 1e-07
5 0.934459 0.0655407
5 0.982112 0.0178883
3 0.391182 0.608818
5 0.617751 0.382249
5 0.998111 0.00188894
5 0.986109 0.0138911
3 0.174562 0.825438
3 0.427832 0.572168
5 0.999015 0.000985355
3 0.0357481 0.964252
3 0.0932139 0.906786
3 0.417041 0.582959
5 0.991236 0.00876445
3 0.205293 0.794707
5 0.907349 0.0926508
5 0.833161 0.166839
3 0.00339308 0.996607
5 0.999989 1.07532e-05
3 0.00734536 0.992655
5 0.935811 0.0641894
5 0.963461 0.036539
5 0.931894 0.068106
5 0.998587 0.00141282
3 0.141957 0.858043
5 0.999941 5.89977e-05
5 0.977533 0.0224666
3 0.405165 0.594835
5 0.999729 0.00027089
5 0.814764 0.185236
5 0.925788 0.0742118
3 0.375548 0.624452
3 9.11755e-07 0.999999
3 0.0277859 0.972214
3 0.227921 0.772079
3 0.312486 0.687514
5 0.99938 0.000619972
5 0.909461 0.0905389
3 0.000673715 0.999326
5 0.792968 0.207032
5 0.709903 0.290097
5 0.996821 0.00317853
3 0.000243253 0.999757
5 0.99775 0.00225049
5 0.983008 0.016992
3 2.58179e-05 0.999974
5 0.852527 0.147473
5 0.998566 0.00143367
3 0.428728 0.571272
3 0.0045004 0.9955
3 0.393551 0.606449
3 0.346334 0.653666
5 0.582237 0.417763
5 0.575347 0.424653
5 0.999973 2.74654e-05
5 0.998106 0.00189411
5 0.932434 0.0675656
5 0.946749 0.0532515
5 0.977588 0.022412
3 0.241611 0.758389
3 0.476176 0.523824
3 0.318708 0.681292
5 0.999266 0.000734435
3 6.92287e-05 0.999931
5 0.809704 0.190296
3 0.000762466 0.999238
5 0.879221 0.120779
5 0.785141 0.214859
5 0.9788 0.0212003
5 0.769232 0.230768
5 0.920877 0.0791227
5 0.832134 0.167866
3 0.149458 0.850542
3 0.293844 0.706156
5 0.88048 0.11952
5 0.996917 0.00308297
5 1 2.19104e-07
5 0.97454 0.0254605
5 0.90842 0.0915802
5 0.998453 0.00154663
5 0.915264 0.0847361
5 0.789784 0.210216
5 0.833401 0.166599
5 0.999961 3.87341e-05
3 2.71085e-05 0.999973
5 0.999425 0.000575243
3 1.07263e-06 0.999999
5 0.593029 0.406971
5 0.994074 0.00592589
3 0.000286834 0.999713
3 0.0436199 0.95638
5 0.999453 0.000546864
5 0.812082 0.187918
3 2.24652e-05 0.999978
5 0.999874 0.000125897
3 0.294505 0.705495
3 0.335619 0.664381
5 0.969037 0.0309633
5 0.767384 0.232616
5 0.898546 0.101454
5 0.989198 0.010802
3 0.0477827 0.952217
5 0.999801 0.000198572
3 0.220756 0.779244
5 0.996127 0.00387256
5 0.999975 2.49578e-05
3 0.000739937 0.99926
3 0.0138878 0.986112
3 0.371241 0.628759
3 0.083392 0.916608
5 0.966897 0.033103
3 0.12995 0.87005
5 0.668138 0.331862
5 0.998408 0.00159222
3 0.382218 0.617782
5 0.583579 0.416421
3 0.480377 0.519623
5 0.946202 0.0537978
3 0.00181349 0.998187
5 0.997533 0.00246678
5 0.999831 0.000169051
3 0.170636 0.829364
3 0.000645737 0.999354
5 0.814753 0.185247
5 0.999995 4.88963e-06
5 0.551876 0.448124
5 0.999935 6.51915e-05
3 0.429349 0.570651
3 2.02465e-05 0.99998
5 0.855552 0.144448
5 0.998506 0.00149387
5 0.895923 0.104077
3 0.252622 0.747378
3 0.284274 0.715726
3 0.368868 0.631132
3 1.26849e-05 0.999987
3 7.08541e-06 0.999993
5 0.894466 0.105534
3 0.430665 0.569335
5 0.977313 0.0226872
3 0.456386 0.543614
3 0.181026 0.818974
3 0.373884 0.626116
3 0.459194 0.540806
5 0.998378 0.00162226
5 0.991174 0.00882569
3 0.00032953 0.99967
5 0.899392 0.100608
3 0.000389663 0.99961
5 0.999887 0.000112793
3 0.000385517 0.999614
3 0.113158 0.886842
5 0.819508 0.180492
3 0.377424 0.622576
3 0.393326 0.606674
3 0.367482 0.632518
5 0.992556 0.00744413
5 0.999767 0.000233304
3 0.00452553 0.995474
5 0.995021 0.0049794
5 1 3.65257e-07
3 0.0856397 0.91436
3 0.404163 0.595837
3 0.0169716 0.983028
3 0.00842381 0.991576
3 0.412927 0.587073
5 0.835185 0.164815
5 0.957563 0.0424372
3 0.00328969 0.99671
5 0.927957 0.0720426
5 0.903412 0.0965884
5 0.641342 0.358658
5 0.596984 0.403016
3 2.31251e-05 0.999977
5 0.999989 1.07778e-05
3 0.426494 0.573506
5 0.990204 0.00979586
3 0.188565 0.811435
5 0.682486 0.317514
3 4.00726e-06 0.999996
3 0.0620008 0.937999
5 0.983107 0.0168931
5 0.999943 5.67342e-05
3 0.00419393 0.995806
5 0.993817 0.00618315
3 0.407074 0.592926
5 0.98548 0.0145201
3 1.94714e-05 0.999981
3 0.0256329 0.974367
3 0.460485 0.539515
3 0.000302852 0.999697
3 0.000369321 0.999631
3 4.1651e-05 0.999958
3 0.39955 0.60045
3 0.173476 0.826524
3 0.0642564 0.935744
5 0.869211 0.130789
3 0.406532 0.593468
5 0.91918 0.0808199
5 0.898515 0.101485
5 0.99366 0.00633958
5 0.913436 0.0865637
3 0.323266 0.676734
3 5.60862e-07 0.999999
3 1.55143e-06 0.999998
3 0.00842142 0.991579
3 0.00549037 0.99451
3 0.262039 0.737961
5 0.912921 0.0870791
3 0.452198 0.547802
3 1.24761e-06 0.999999
3 5.3523e-05 0.999946
3 5.7765e-07 0.999999
3 0.000108667 0.999891
3 0.00207095 0.997929
3 0.405137 0.594863
5 0.996869 0.00313077
3 1.17772e-05 0.999988
5 0.926565 0.0734347
5 0.736463 0.263537
3 0.00718403 0.992816
3 0.471246 0.528754
3 0.283793 0.716207
5 0.990216 0.00978429
3 0.00409585 0.995904
5 0.675783 0.324217
5 0.999519 0.000481345
3 0.117591 0.882409
3 9.65498e-07 0.999999
3 0.135669 0.864331
5 0.741725 0.258275
3 9.74282e-05 0.999903
5 0.618602 0.381398
5 0.96553 0.0344699
5 0.999727 0.000272667
5 0.809033 0.190967
3 0.401908 0.598092
3 0.134873 0.865127
3 0.0185122 0.981488
5 1 1e-07
5 0.976402 0.0235985
3 0.186582 0.813418
5 0.932974 0.0670257
3 0.103507 0.896493
3 0.423141 0.576859
5 1 1e-07
3 0.335827 0.664173
3 0.484653 0.515347
5 0.818533 0.181467
3 0.353102 0.646898
5 0.990995 0.00900505
3 0.342244 0.657756
5 0.94938 0.0506198
5 0.980033 0.0199668
3 0.0344551 0.965545
5 0.990894 0.00910585
5 0.966656 0.0333437
3 1.31228e-05 0.999987
3 0.440666 0.559334
5 0.791331 0.208669
5 0.947082 0.0529176
5 0.991473 0.00852652
5 0.98162 0.0183801
3 0.37908 0.62092
3 6.54397e-06 0.999993
5 0.719203 0.280797
3 0.333517 0.666483
5 1 2.98254e-07
5 0.991434 0.0085663
5 0.954696 0.0453039
5 0.996458 0.00354189
5 0.974405 0.025595
3 0.000120721 0.999879
5 0.716826 0.283174
3 0.293953 0.706047
5 0.976075 0.0239253
5 0.988641 0.0113595
3 0.248117 0.751883
3 0.427838 0.572162
5 0.945719 0.0542808
3 3.9591e-05 0.99996
5 0.974908 0.0250918
3 0.0354949 0.964505
3 0.241218 0.758782
3 0.200164 0.799836
3 0.413485 0.586515
3 0.455319 0.544681
5 0.999635 0.00036504
5 0.934026 0.0659737
3 4.84739e-06 0.999995
3 0.000288523 0.999711
3 0.000139243 0.999861
3 0.410991 0.589009
3 0.000119677 0.99988
5 0.541372 0.458628
3 0.464739 0.535261
5 0.994259 0.00574115
3 0.245343 0.754657
3 0.0119539 0.988046
5 0.997925 0.00207502
3 0.0555237 0.944476
3 0.070249 0.929751
3 0.0138356 0.986164
5 0.997231 0.00276897
5 0.997716 0.00228391
3 1e-07 1
3 6.35113e-05 0.999936
3 0.280313 0.719687
5 0.720544 0.279456
5 0.999991 8.54616e-06
3 0.00397403 0.996026
5 0.992058 0.00794152
3 0.0565369 0.943463
3 0.395571 0.604429
5 0.910736 0.0892639
3 0.00262989 0.99737
5 0.999998 1.70216e-06
3 0.246979 0.753021
5 0.715698 0.284302
5 0.837511 0.162489
3 0.44642 0.55358
3 0.405531 0.594469
3 0.243079 0.756921
3 0.0155015 0.984498
5 0.999986 1.42497e-05
3 0.471261 0.528739
3 0.225735 0.774265
5 1 1e-07
3 0.248643 0.751357
3 0.320675 0.679325
5 0.96059 0.0394098
3 0.360698 0.639302
3 1e-07 1
3 0.032671 0.967329
5 0.999802 0.000198468
5 0.999601 0.000399465
3 7.30204e-07 0.999999
3 0.114316 0.885684
3 0.000528003 0.999472
3 0.417674 0.582326
5 0.987206 0.0127939
5 0.980626 0.0193735
3 0.295297 0.704703
3 3.27293e-07 1
3 0.472779 0.527221
5 0.834215 0.165785
3 0.000564179 0.999436
3 0.000599211 0.999401
5 0.991043 0.00895736
3 0.348265 0.651735
5 1 1.75667e-07
3 0.459214 0.540786
3 0.0001772 0.999823
5 0.552733 0.447267
3 0.232896 0.767104
3 1.49649e-06 0.999999
5 0.999944 5.60544e-05
3 0.00122582 0.998774
5 0.881234 0.118766
5 0.996686 0.0033137
5 0.999988 1.19231e-05
5 0.994845 0.00515535
5 0.985478 0.0145224
3 1.07268e-05 0.999989
5 1 4.45735e-07
5 0.99896 0.00103952
3 0.3631 0.6369
3 0.380055 0.619945
5 0.963666 0.0363345
5 0.999833 0.000167409
5 0.971875 0.0281252
5 0.818053 0.181947
3 0.136415 0.863585
3 0.000631593 0.999368
3 0.190058 0.809942
3 0.471279 0.528721
3 0.42533 0.57467
3 0.000388536 0.999611
5 0.983922 0.0160775
3 0.382219 0.617781
3 0.411254 0.588746
3 8.59752e-06 0.999991
5 0.999158 0.000841754
5 0.73793 0.26207
3 0.453962 0.546038
5 0.810641 0.189359
5 0.999987 1.29987e-05
5 0.993869 0.00613096
5 0.963834 0.036166
5 0.993287 0.00671347
3 0.028457 0.971543
5 0.951178 0.0488218
5 0.973155 0.0268454
5 0.571155 0.428845
3 0.247832 0.752168
5 0.999682 0.000317979
3 0.000255578 0.999744
3 0.0584841 0.941516
5 0.978799 0.0212012
3 0.0505713 0.949429
3 0.144061 0.855939
3 0.0371294 0.962871
3 0.0151628 0.984837
3 0.358134 0.641866
3 0.000188878 0.999811
5 0.998549 0.00145093
5 0.999984 1.55784e-05
3 1.77988e-06 0.999998
3 6.94747e-07 0.999999
3 0.452248 0.547752
5 0.957943 0.0420573
5 0.91783 0.0821696
3 0.000740396 0.99926
3 0.387692 0.612308
5 0.992084 0.00791551
5 0.582559 0.417441
5 0.998545 0.00145462
3 0.0252469 0.974753
3 0.260077 0.739923
3 6.70333e-05 0.999933
5 0.913897 0.0861031
5 0.999161 0.000838592
3 0.428504 0.571496
3 0.170038 0.829962
3 0.237722 0.762278
5 0.934064 0.0659358
5 0.999822 0.00017826
3 0.0346916 0.965308
5 0.996522 0.00347795
3 0.366727 0.633273
5 0.659363 0.340637
5 0.882311 0.117689
5 0.872601 0.127399
3 0.00236032 0.99764
5 0.912498 0.0875021
5 0.977636 0.0223639
5 0.902182 0.0978176
3 0.0339912 0.966009
3 5.7861e-05 0.999942
3 0.000681436 0.999319
3 0.00449469 0.995505
3 2.20699e-06 0.999998
3 0.412342 0.587658
5 0.977341 0.0226595
5 0.990965 0.00903546
5 0.627589 0.372411
5 0.995444 0.0045564
5 0.994103 0.00589729
3 0.350949 0.649051
5 0.996071 0.00392862
3 0.204166 0.795834
5 0.95751 0.0424903
5 1 1e-07
5 0.601218 0.398782
3 0.469651 0.530349
3 0.0528312 0.947169
3 0.0974233 0.902577
3 0.407544 0.592456
3 0.47907 0.52093
3 0.455272 0.544728
3 0.0640919 0.935908
5 0.935385 0.0646147
5 0.990589 0.00941124
5 0.998888 0.00111238
3 0.377015 0.622985
3 0.00161364 0.998386
3 0.471686 0.528314
5 0.978953 0.0210467
3 0.0114937 0.988506
3 6.06652e-06 0.999994
5 0.555054 0.444946
3 0.425988 0.574012
5 0.98838 0.01162
3 1.57316e-06 0.999998
5 0.986795 0.013205
3 0.0428214 0.957179
5 0.874645 0.125355
5 0.997727 0.00227339
3 0.0199503 0.98005
5 0.567945 0.432055
3 0.000476637 0.999523
5 0.942759 0.0572414
3 0.226968 0.773032
3 0.0446371 0.955363
3 0.00773342 0.992267
3 0.441832 0.558168
5 0.954272 0.0457283
5 0.995581 0.00441925
3 0.106777 0.893223
5 0.680243 0.319757
3 0.343219 0.656781
5 0.998616 0.00138413
5 1 1e-07
5 0.598154 0.401846
5 0.964587 0.0354128
5 0.586699 0.413301
5 0.931523 0.0684773
3 0.46424 0.53576
3 0.0095883 0.990412
5 0.765508 0.234492
3 0.00700983 0.99299
5 0.960056 0.0399441
3 0.388194 0.611806
3 0.000169741 0.99983
5 0.527714 0.472286
3 1.09895e-06 0.999999
3 5.75757e-05 0.999942
3 0.000171306 0.999829
3 0.37274 0.62726
3 0.436582 0.563418
3 0.183641 0.816359
5 0.999859 0.000141388
3 0.418356 0.581644
5 0.998915 0.00108497
5 0.869713 0.130287
5 0.991393 0.00860679
3 0.396467 0.603533
5 0.546096 0.453904
3 0.484244 0.515756
5 0.569724 0.430276
5 0.958575 0.041425
3 0.388544 0.611456
3 0.43546 0.56454
5 0.8491 0.1509
3 0.261154 0.738846
5 0.993814 0.00618594
5 0.998946 0.00105382
5 0.910487 0.0895126
5 0.580165 0.419835
5 0.763292 0.236708
5 0.760157 0.239843
3 0.148333 0.851667
3 0.000724017 0.999276
3 0.407581 0.592419
5 0.805614 0.194386
5 0.685528 0.314472
5 0.999987 1.31743e-05
3 0.173383 0.826617
3 0.453552 0.546448
5 0.939774 0.0602259
5 0.868284 0.131716
3 0.0186709 0.981329
3 0.387892 0.612108
3 0.000513047 0.999487
3 0.000802942 0.999197
5 0.999972 2.80619e-05
3 0.430766 0.569234
5 0.564296 0.435704
5 0.999981 1.93201e-05
3 0.142754 0.857246
5 0.999988 1.20071e-05
3 4.84754e-07 1
3 0.000164851 0.999835
5 0.751147 0.248853
3 0.000742289 0.999258
3 0.000328289 0.999672
3 0.000233375 0.999767
3 0.0325945 0.967406
3 0.0015937 0.998406
5 0.518164 0.481836
5 0.810105 0.189895
3 0.436213 0.563787
3 0.290855 0.709145
5 0.991789 0.0082107
3 0.323743 0.676257
3 0.312029 0.687971
5 0.965484 0.0345157
3 4.44518e-05 0.999956
5 0.608463 0.391537
3 0.42018 0.57982
3 0.486564 0.513436
5 0.990733 0.00926705
5 0.642216 0.357784
3 0.48312 0.51688
3 0.00485475 0.995145
3 0.0203279 0.979672
5 0.999999 1.18281e-06
5 0.838512 0.161488
3 0.432147 0.567853
3 0.0786189 0.921381
3 1.74673e-05 0.999983
5 0.991452 0.0085479
3 0.000100483 0.9999
5 0.995684 0.0043165
5 0.920705 0.0792946
3 0.13016 0.86984
5 0.946996 0.0530038
3 0.00767363 0.992326
3 0.000979846 0.99902
3 3.7576e-06 0.999996
5 0.608582 0.391418
3 0.00425424 0.995746
5 0.721184 0.278816
5 0.788222 0.211778
3 0.338062 0.661938
5 0.999568 0.00043151
5 0.994339 0.00566065
3 0.319123 0.680877
5 0.999991 8.83895e-06
5 0.526344 0.473656
3 0.455767 0.544233
5 0.990125 0.0098753
3 0.000693865 0.999306
5 0.570813 0.429187
5 0.972346 0.0276544
3 0.35146 0.64854
3 0.000911244 0.999089
5 0.881479 0.118521
5 0.999258 0.000741809
3 0.188526 0.811474
3 0.0477656 0.952234
3 0.00310378 0.996896
5 0.571749 0.428251
3 0.000337706 0.999662
5 0.999985 1.51819e-05
5 0.999906 9.35483e-05
5 0.989167 0.0108331
3 0.408536 0.591464
3 0.362872 0.637128
3 1e-07 1
5 0.920209 0.0797908
3 0.184853 0.815147
3 1.01131e-05 0.99999
5 0.956616 0.0433836
5 0.980021 0.0199786
5 0.944921 0.0550792
3 0.0817637 0.918236
5 0.999982 1.79898e-05
5 0.996731 0.00326904
3 0.00104346 0.998957
5 0.999882 0.000118074
3 4.8252e-05 0.999952
3 0.294073 0.705927
5 0.981005 0.0189953
3 0.0430939 0.956906
5 0.995388 0.00461228
5 0.925618 0.0743819
3 0.43595 0.56405
3 0.286327 0.713673
5 0.995519 0.00448097
5 0.560756 0.439244
3 0.000921578 0.999078
3 0.0296455 0.970355
5 0.572346 0.427654
3 1.2699e-05 0.999987
3 0.109973 0.890027
3 0.106797 0.893203
3 0.00184569 0.998154
3 4.02596e-05 0.99996
3 0.00767535 0.992325
3 0.162917 0.837083
3 0.0069026 0.993097
3 0.423404 0.576596
5 0.793859 0.206141
5 0.992597 0.00740265
3 0.495985 0.504015
3 6.55109e-05 0.999934
5 0.972667 0.0273333
3 0.266276 0.733724
3 0.00271456 0.997285
5 0.732555 0.267445
3 0.444927 0.555073
5 0.913247 0.0867534
3 0.292777 0.707223
5 1 1e-07
3 0.200061 0.799939
5 0.99767 0.0023297
3 0.0795073 0.920493
3 0.263238 0.736762
5 0.998521 0.00147904
5 0.715061 0.284939
5 0.69993 0.30007
3 0.465331 0.534669
5 0.84658 0.15342
3 0.325972 0.674028
5 0.53824 0.46176
3 4.06198e-05 0.999959
3 0.205339 0.794661
3 1.95908e-05 0.99998
5 0.966025 0.0339748
3 0.192581 0.807419
3 0.315874 0.684126
5 0.994567 0.00543347
3 0.0229773 0.977023
3 0.00122546 0.998775
5 0.997077 0.00292269
5 0.992591 0.00740882
5 0.768791 0.231209
3 0.255371 0.744629
5 0.545072 0.454928
5 0.999647 0.000352657
3 0.0376868 0.962313
5 0.995382 0.00461839
3 5.11142e-05 0.999949
3 0.0778354 0.922165
3 0.000216689 0.999783
5 0.896042 0.103958
5 0.984211 0.0157895
5 0.99969 0.000309978
5 0.903894 0.0961063
3 0.289121 0.710879
5 0.618472 0.381528
3 0.313265 0.686735
3 0.0188776 0.981122
5 0.599055 0.400945
5 0.999956 4.4287e-05
5 1 2.24549e-07
3 0.365784 0.634216
5 0.645483 0.354517
5 0.954424 0.0455757
3 0.000421765 0.999578
3 0.479217 0.520783
3 0.000616968 0.999383
3 0.302138 0.697862
3 0.325077 0.674923
5 0.720408 0.279592
5 0.612372 0.387628
5 0.835725 0.164275
5 0.985872 0.0141283
3 0.412011 0.587989
3 0.00217242 0.997828
3 0.292071 0.707929
5 0.733169 0.266831
3 0.358469 0.641531
3 0.0662324 0.933768
3 0.0022397 0.99776
5 0.999801 0.000199359
3 0.41494 0.58506
3 0.11294 0.88706
3 0.320246 0.679754
5 0.898407 0.101593
3 4.35895e-06 0.999996
3 0.000153093 0.999847
3 0.237564 0.762436
3 0.487475 0.512525
3 0.417655 0.582345
3 0.124209 0.875791
5 1 1e-07
3 0.399789 0.600211
3 1.01882e-05 0.99999
3 0.00407046 0.99593
5 0.547532 0.452468
5 0.891098 0.108902
5 0.974157 0.0258425
5 0.999997 2.52159e-06
5 0.813791 0.186209
5 0.560016 0.439984
3 0.296581 0.703419
5 0.591524 0.408476
3 0.00284384 0.997156
3 0.488979 0.511021
3 0.339528 0.660472
5 0.999951 4.88031e-05
3 9.56202e-05 0.999904
5 0.834947 0.165053
5 0.999326 0.000674212
5 0.922376 0.0776236
3 0.409326 0.590674
3 0.356592 0.643408
3 0.34123 0.65877
3 0.00382168 0.996178
3 0.0906458 0.909354
3 0.190942 0.809058
5 0.999985 1.50633e-05
5 0.685759 0.314241
3 0.00954392 0.990456
3 0.456306 0.543694
5 0.868861 0.131139
5 0.549819 0.450181
5 0.841238 0.158762
3 0.434469 0.565531
3 0.453049 0.546951
5 0.513611 0.486389
3 0.259676 0.740324
3 0.000429084 0.999571
5 0.549933 0.450067
5 0.998618 0.001382
5 0.92908 0.07092
3 0.0117712 0.988229
3 3.73896e-05 0.999963
5 0.932988 0.0670121
3 0.0461276 0.953872
3 1.31297e-06 0.999999
5 1 1e-07
3 0.00339992 0.9966
3 0.155816 0.844184
5 0.641674 0.358326
5 0.984778 0.0152216
5 0.992771 0.00722934
3 0.115602 0.884398
3 0.447938 0.552062
5 0.677925 0.322075
5 0.999873 0.000126702
3 8.88749e-06 0.999991
3 0.206981 0.793019
3 0.102655 0.897345
3 0.0468403 0.95316
5 0.940413 0.0595867
3 0.299216 0.700784
3 0.000219488 0.999781
3 0.421635 0.578365
5 0.631787 0.368213
5 0.998492 0.00150801
5 0.991187 0.00881264
5 0.94094 0.0590598
3 0.466853 0.533147
3 0.0251912 0.974809
3 0.0666861 0.933314
3 0.000388095 0.999612
5 0.919661 0.080339
5 0.999938 6.22161e-05
5 0.550276 0.449724
5 0.68817 0.31183
3 0.00157298 0.998427
5 0.891763 0.108237
3 0.429427 0.570573
5 0.996024 0.00397634
5 0.999754 0.000245771
5 0.999908 9.2059e-05
5 0.989467 0.0105332
3 0.000107081 0.999893
5 0.982202 0.0177976
3 0.334138 0.665862
3 0.397859 0.602141
3 0.393438 0.606562
5 0.592795 0.407205
3 0.146976 0.853024
3 8.39396e-06 0.999992
3 0.490925 0.509075
3 0.286607 0.713393
3 8.41922e-07 0.999999
5 0.988757 0.0112433
5 0.528047 0.471953
5 0.999698 0.000301561
5 0.999483 0.000516661
5 0.999811 0.000189281
3 0.0017841 0.998216
5 0.991133 0.00886673
3 1.06612e-06 0.999999
5 0.582769 0.417231
5 0.976488 0.0235124
5 0.994567 0.00543346
5 0.712019 0.287981
3 4.49364e-05 0.999955
5 0.810497 0.189503
3 1.9332e-05 0.999981
3 0.44999 0.55001
5 0.993005 0.00699507
5 0.994809 0.00519129
5 0.995444 0.00455619
3 0.0721283 0.927872
3 0.116021 0.883979
5 0.999643 0.000357309
3 0.146586 0.853414
3 1.24408e-05 0.999988
5 0.998466 0.00153409
5 0.99996 4.04777e-05
5 0.999985 1.4919e-05
5 0.696635 0.303365
5 0.847645 0.152355
3 0.408045 0.591955
3 0.356679 0.643321
5 0.545251 0.454749
5 0.994982 0.00501763
5 0.999501 0.000499494
3 0.331636 0.668364
5 0.714808 0.285192
3 0.392769 0.607231
3 0.000180606 0.999819
5 0.976466 0.0235336
3 0.00533961 0.99466
3 0.363509 0.636491
3 0.495744 0.504256
3 0.385848 0.614152
3 0.000421933 0.999578
5 0.803794 0.196206
5 0.939978 0.0600216
3 0.00216571 0.997834
5 0.994533 0.00546655
5 0.999688 0.000312366
5 0.602733 0.397267
3 4.80602e-05 0.999952
5 0.994118 0.00588227
3 0.422818 0.577182
3 1e-07 1
3 7.27054e-07 0.999999
3 0.000953195 0.999047
5 0.96344 0.03656
3 0.233581 0.766419
5 0.556286 0.443714
5 0.554041 0.445959
5 0.639517 0.360483
3 0.000225072 0.999775
5 0.99931 0.00069047
5 0.997472 0.00252754
3 0.496535 0.503465
5 0.994717 0.00528334
5 0.924488 0.0755118
5 0.969852 0.0301485
5 0.89614 0.10386
5 0.999905 9.46575e-05
5 0.981422 0.0185776
5 0.996575 0.00342451
5 0.997482 0.00251794
3 0.411932 0.588068
3 0.468642 0.531358
3 0.341828 0.658172
5 0.743982 0.256018
3 5.98236e-07 0.999999
5 0.911987 0.0880127
3 6.41539e-05 0.999936
5 0.923637 0.0763629
3 0.353022 0.646978
3 0.00782723 0.992173
5 0.999996 3.8091e-06
5 0.78001 0.21999
3 0.476042 0.523958
5 0.969687 0.0303128
3 0.371538 0.628462
3 6.9491e-05 0.999931
3 6.90726e-05 0.999931
3 0.00140783 0.998592
3 0.0110315 0.988968
3 6.24302e-05 0.999938
5 0.953758 0.0462422
3 0.470481 0.529519
3 2.90213e-06 0.999997
3 0.145094 0.854906
3 0.221757 0.778243
5 0.916061 0.0839392
5 0.997859 0.00214097
5 0.931264 0.0687358
5 0.914168 0.0858319
5 0.889155 0.110845
3 4.87077e-05 0.999951
3 3.16794e-07 1
5 0.998481 0.00151858
3 3.39411e-05 0.999966
3 0.000124926 0.999875
3 0.364599 0.635401
5 0.619079 0.380921
5 0.844713 0.155287
5 0.746396 0.253604
5 0.889781 0.110219
5 0.908488 0.0915117
5 0.970103 0.0298966
5 0.519447 0.480553
5 0.75941 0.24059
3 0.00559231 0.994408
5 0.90771 0.0922904
3 0.151084 0.848916
3 0.295443 0.704557
5 0.676268 0.323732
5 0.999995 4.54565e-06
3 0.224463 0.775537
5 0.999923 7.71255e-05
5 0.999634 0.000366267
3 0.0265943 0.973406
3 0.119139 0.880861
5 0.530233 0.469767
5 0.999419 0.000581096
3 0.291038 0.708962
5 0.999017 0.000983372
5 0.903413 0.0965867
5 0.782726 0.217274
5 0.878838 0.121162
3 0.366586 0.633414
5 0.963436 0.0365643
5 0.963895 0.0361051
5 0.890216 0.109784
5 0.547564 0.452436
3 0.17292 0.82708
3 0.000164912 0.999835
5 0.999951 4.93469e-05
5 0.969057 0.0309429
3 0.470719 0.529281
3 0.156894 0.843106
3 4.95662e-05 0.99995
5 0.819887 0.180113
5 0.994166 0.00583432
3 7.52725e-06 0.999992
3 0.451542 0.548458
3 0.0935283 0.906472
5 0.760699 0.239301
3 0.00790276 0.992097
3 0.439234 0.560766
3 0.00780413 0.992196
5 0.564903 0.435097
3 8.50545e-06 0.999991
3 0.14364 0.85636
3 0.380373 0.619627
3 0.00223233 0.997768
3 0.0370915 0.962909
3 0.457554 0.542446
3 0.000185628 0.999814
5 0.775673 0.224327
3 0.313918 0.686082
3 0.0444047 0.955595
3 0.0993139 0.900686
3 0.014307 0.985693
5 0.958285 0.0417152
5 0.999985 1.48866e-05
3 0.255393 0.744607
3 0.106187 0.893813
5 0.88038 0.11962
5 0.913091 0.0869087
5 0.761231 0.238769
5 0.826877 0.173123
3 0.00120185 0.998798
3 0.476115 0.523885
5 1 1e-07
3 0.0102241 0.989776
5 0.666887 0.333113
5 0.996828 0.00317242
5 0.999163 0.000836653
3 0.44859 0.55141
3 0.480304 0.519696
3 0.000920714 0.999079
5 0.961739 0.0382608
5 0.999232 0.000767877
5 0.583972 0.416028
3 0.164154 0.835846
3 1.41347e-05 0.999986
3 0.197396 0.802604
5 0.510619 0.489381
5 0.860757 0.139243
5 0.999972 2.82523e-05
3 1e-07 1
3 0.00409804 0.995902
3 0.389237 0.610763
5 0.881541 0.118459
3 0.0951116 0.904888
3 4.16233e-06 0.999996
5 0.812127 0.187873
3 0.0703593 0.929641
5 0.552561 0.447439
3 0.00973806 0.990262
3 0.487305 0.512695
3 0.00448471 0.995515
5 0.999966 3.35057e-05
3 0.428108 0.571892
3 6.02521e-05 0.99994
3 0.000273967 0.999726
3 0.263909 0.736091
3 0.061025 0.938975
3 0.00020071 0.999799
5 0.998913 0.00108678
5 0.99996 4.03225e-05
3 1.38024e-07 1
5 0.993271 0.0067286
3 0.294838 0.705162
3 0.44879 0.55121
5 0.87238 0.12762
5 0.95368 0.0463203
3 0.00265933 0.997341
3 0.0579778 0.942022
3 0.344624 0.655376
3 0.12179 0.87821
5 0.998388 0.00161191
3 0.323906 0.676094
5 0.963567 0.0364334
3 1.59017e-07 1
5 0.99874 0.00125983
3 0.0457321 0.954268
3 0.0228259 0.977174
5 0.999456 0.000544329
3 0.087232 0.912768
3 0.0160152 0.983985
3 0.00074449 0.999256
5 0.604526 0.395474
5 0.900705 0.0992952
3 0.0175636 0.982436
5 0.936284 0.0637156
3 0.00141114 0.998589
3 0.49901 0.50099
3 0.0209978 0.979002
5 0.993388 0.00661214
5 0.663863 0.336137
5 0.907179 0.0928209
5 0.997451 0.00254933
3 0.0172354 0.982765
3 0.169802 0.830198
3 0.00161887 0.998381
5 0.995563 0.00443726
3 0.0338577 0.966142
3 0.0676534 0.932347
5 0.615161 0.384839
5 0.865736 0.134264
5 0.998716 0.00128397
5 0.938568 0.0614319
3 0.435391 0.564609
3 1.84206e-06 0.999998
3 0.31188 0.68812
3 0.409764 0.590236
3 0.0800185 0.919982
3 0.121628 0.878372
5 0.999109 0.000891351
5 0.997008 0.00299198
5 0.926676 0.073324
5 0.925542 0.0744584
5 0.959428 0.040572
3 0.482061 0.517939
5 0.667434 0.332566
3 0.339158 0.660842
5 0.998079 0.00192058
5 0.99987 0.000129679
3 0.0956302 0.90437
3 0.003792 0.996208
3 0.377023 0.622977
5 0.999976 2.39946e-05
5 0.998685 0.00131468
3 0.437727 0.562273
3 0.183789 0.816211
3 0.21703 0.78297
5 0.966701 0.0332992
3 0.013229 0.986771
5 0.836668 0.163332
5 0.742817 0.257183
3 0.0638123 0.936188
5 0.927731 0.0722692
5 0.999994 5.8364e-06
3 0.15609 0.84391
3 1e-07 1
3 0.382108 0.617892
3 0.0171786 0.982821
3 6.61741e-05 0.999934
5 0.59291 0.40709
5 0.768368 0.231632
3 3.79765e-05 0.999962
5 0.992465 0.00753522
5 0.749526 0.250474
5 0.877834 0.122166
3 0.262643 0.737357
3 0.0188562 0.981144
3 0.404376 0.595624
5 0.733462 0.266538
5 0.538805 0.461195
3 0.000335354 0.999665
3 0.0494723 0.950528
3 0.000232147 0.999768
3 0.00107296 0.998927
3 0.416372 0.583628
3 0.0718757 0.928124
5 0.817827 0.182173
5 0.591687 0.408313
3 0.000270468 0.99973
3 0.000313238 0.999687
5 0.967998 0.0320024
5 0.989526 0.0104743
3 0.283674 0.716326
5 0.95383 0.0461697
5 1 1e-07
3 0.0216957 0.978304
5 0.707729 0.292271
3 0.326215 0.673785
5 0.999973 2.68505e-05
3 0.115863 0.884137
3 0.423992 0.576008
5 0.975191 0.0248089
5 0.995308 0.00469184
5 1 1e-07
5 0.791972 0.208028
5 0.998562 0.00143826
3 0.214818 0.785182
3 0.0297464 0.970254
5 0.696475 0.303525
5 0.996887 0.00311317
3 0.000253366 0.999747
3 0.0642942 0.935706
5 0.944508 0.0554921
3 0.00116486 0.998835
3 0.307564 0.692436
5 0.999998 2.39344e-06
5 0.86968 0.13032
3 0.359451 0.640549
5 0.594624 0.405376
5 0.890608 0.109392
3 7.03133e-05 0.99993
3 0.0414263 0.958574
5 0.999974 2.55194e-05
5 0.932552 0.0674475
3 0.00363271 0.996367
5 0.904042 0.095958
3 9.5626e-07 0.999999
3 0.257068 0.742932
3 0.00214131 0.997859
5 0.990288 0.00971247
3 0.04879 0.95121
5 0.966512 0.0334879
5 0.998862 0.00113789
3 7.2244e-06 0.999993
5 0.539826 0.460174
3 0.47542 0.52458
5 0.877965 0.122035
3 2.24613e-06 0.999998
5 0.999997 2.5432e-06
3 0.0357726 0.964227
5 0.603164 0.396836
5 0.736261 0.263739
3 0.401967 0.598033
3 0.0556185 0.944381
5 0.974573 0.0254267
3 0.0620036 0.937996
5 0.524113 0.475887
3 0.000286732 0.999713
5 0.642663 0.357337
3 0.22813 0.77187
3 0.409419 0.590581
3 0.158549 0.841451
5 0.991719 0.00828074
5 0.897127 0.102873
3 0.342454 0.657546
5 0.5699 0.4301
3 0.000214001 0.999786
3 0.307443 0.692557
3 9.85514e-06 0.99999
3 0.00193522 0.998065
5 0.544985 0.455015
5 0.98467 0.0153298
5 0.999575 0.000425325
3 0.334534 0.665466
3 0.44034 0.55966
5 0.78888 0.21112
5 0.981239 0.0187605
5 0.744828 0.255172
5 0.895547 0.104453
3 0.0912789 0.908721
5 0.555092 0.444908
3 0.143858 0.856142
3 6.18529e-07 0.999999
3 0.0062322 0.993768
3 4.80195e-06 0.999995
5 0.998398 0.00160155
5 0.999822 0.000177588
3 0.0948098 0.90519
3 6.13223e-06 0.999994
3 2.12614e-06 0.999998
3 0.397511 0.602489
5 0.820804 0.179196
5 0.90288 0.0971195
3 0.389636 0.610364
3 0.0686184 0.931382
5 0.621404 0.378596
3 0.336038 0.663962
5 0.771761 0.228239
5 0.999114 0.000885904
3 0.132431 0.867569
5 0.997895 0.00210491
5 0.812169 0.187831
5 0.868572 0.131428
5 0.999296 0.000704052
5 0.9991 0.000900394
5 0.974485 0.0255146
3 0.161637 0.838363
3 0.00179195 0.998208
5 0.999886 0.00011387
5 1 1.20193e-07
5 0.995217 0.00478301
5 0.887724 0.112276
5 1 1e-07
5 0.97763 0.0223701
3 0.00301957 0.99698
5 0.654469 0.345531
5 0.854099 0.145901
3 0.416092 0.583908
5 0.983655 0.0163451
3 0.152982 0.847018
5 0.954496 0.0455036
3 0.0488689 0.951131
5 0.992321 0.0076793
5 0.997908 0.00209217
5 0.999663 0.000336913
5 0.988708 0.0112915
3 0.346533 0.653467
5 0.863703 0.136297
5 0.906132 0.0938678
5 0.715266 0.284734
3 0.000211693 0.999788
5 0.800404 0.199596
5 0.998799 0.0012006
3 7.48333e-05 0.999925
3 0.33244 0.66756
3 0.00204723 0.997953
5 0.999204 0.000796478
3 0.00892097 0.991079
5 0.753424 0.246576
3 0.33251 0.66749
5 0.999371 0.000628566
3 0.00802555 0.991974
5 0.933409 0.0665913
5 0.912755 0.0872446
3 0.429134 0.570866
5 0.99956 0.000440385
3 0.0802454 0.919755
5 0.937925 0.0620749
5 0.997817 0.00218268
5 0.99915 0.000849702
3 0.341235 0.658765
5 0.995879 0.00412117
3 1.03509e-05 0.99999
5 0.58125 0.41875
3 3.02464e-06 0.999997
3 0.421139 0.578861
3 0.424639 0.575361
5 0.721315 0.278685
3 0.00632433 0.993676
5 0.998055 0.00194473
3 0.00437724 0.995623
5 0.625585 0.374415
5 0.998657 0.00134319
3 0.497288 0.502712
3 0.00455318 0.995447
3 0.352179 0.647821
5 0.579366 0.420634
3 1.25649e-05 0.999987
3 0.000138036 0.999862
3 0.0407059 0.959294
3 0.469027 0.530973
3 0.365406 0.634594
5 0.57822 0.42178
3 0.0955406 0.904459
5 0.998764 0.00123581
5 0.871556 0.128444
5 0.999934 6.58052e-05
5 0.991478 0.00852179
5 0.902919 0.0970805
5 0.999978 2.18739e-05
5 0.995546 0.00445439
5 0.85526 0.14474
3 5.33637e-06 0.999995
5 0.999799 0.00020137
3 0.0416013 0.958399
5 0.895682 0.104318
3 0.411619 0.588381
3 0.000671542 0.999328
5 0.602883 0.397117
3 0.00877392 0.991226
3 0.424119 0.575881
3 0.249937 0.750063
5 0.668943 0.331057
5 0.945605 0.0543948
3 0.104942 0.895058
5 0.894846 0.105154
5 0.861811 0.138189
3 0.00134929 0.998651
5 0.93668 0.06332
3 0.454974 0.545026
5 0.999883 0.000116958
3 0.00100635 0.998994
5 0.589259 0.410741
3 9.0043e-05 0.99991
3 0.0044511 0.995549
3 0.00466657 0.995333
3 1e-07 1
5 0.996609 0.00339114
5 0.927954 0.0720465
3 0.410894 0.589106
5 0.674478 0.325522
5 0.957111 0.0428891
3 0.0349612 0.965039
5 0.962949 0.0370508
5 0.999042 0.000957806
3 0.055785 0.944215
3 0.000652846 0.999347
5 0.505346 0.494654
5 0.998835 0.00116488
3 0.00415893 0.995841
5 0.646931 0.353069
3 0.155251 0.844749
3 0.114598 0.885402
5 0.978775 0.021225
3 0.131411 0.868589
3 0.312252 0.687748
5 0.668246 0.331754
5 0.996146 0.00385377
5 0.99972 0.000279955
5 0.99858 0.00142034
5 0.919864 0.0801365
5 0.999978 2.18752e-05
5 0.986651 0.0133494
5 0.852983 0.147017
3 0.000130718 0.999869
3 0.000979414 0.999021
3 0.092995 0.907005
3 0.0986658 0.901334
3 0.422203 0.577797
5 0.978073 0.0219269
3 0.31039 0.68961
3 0.000708517 0.999291
5 0.998561 0.00143866
5 0.990341 0.00965897
5 0.894584 0.105416
3 0.000786319 0.999214
3 0.305795 0.694205
5 0.999728 0.000272376
5 0.540686 0.459314
5 0.518817 0.481183
3 0.264758 0.735242
3 0.000221679 0.999778
5 0.518298 0.481702
5 0.803891 0.196109
5 0.999997 2.69002e-06
3 0.077466 0.922534
3 1.07068e-06 0.999999
5 0.991572 0.00842773
5 0.996404 0.00359597
3 0.00473783 0.995262
3 0.0140074 0.985993
5 0.999869 0.000130939
3 1e-07 1
3 1.29057e-07 1
5 0.829138 0.170862
5 0.743267 0.256733
3 0.363182 0.636818
3 0.0116843 0.988316
3 0.080617 0.919383
5 0.999181 0.000819327
3 0.0122061 0.987794
5 0.998912 0.00108814
5 0.978593 0.0214068
3 3.9718e-06 0.999996
3 0.000111896 0.999888
5 0.957679 0.0423211
5 0.873872 0.126128
5 0.862017 0.137983
3 0.015122 0.984878
5 0.624939 0.375061
5 0.999548 0.000452134
3 0.10653 0.89347
3 0.236403 0.763597
3 0.409318 0.590682
5 0.998123 0.00187673
5 0.818783 0.181217
5 0.523175 0.476825
3 0.25275 0.74725
3 6.27385e-05 0.999937
3 0.406361 0.593639
5 0.511335 0.488665
5 0.788795 0.211205
3 0.129665 0.870335
3 0.378814 0.621186
3 0.0915771 0.908423
3 0.000131278 0.999869
3 0.0167012 0.983299
3 0.406009 0.593991
3 0.0127603 0.98724
5 0.999891 0.000109256
5 0.891419 0.108581
5 0.999896 0.000104107
3 0.387284 0.612716
3 0.158473 0.841527
3 0.474518 0.525482
5 0.989297 0.0107028
3 0.346907 0.653093
3 4.87467e-06 0.999995
3 0.0029 0.9971
3 0.0769031 0.923097
3 0.10062 0.89938
5 0.826704 0.173296
3 0.00029463 0.999705
5 0.901186 0.0988139
5 0.999973 2.68723e-05
5 0.97704 0.0229602
3 0.286619 0.713381
3 0.469001 0.530999
5 0.750535 0.249465
5 0.999268 0.000731816
5 0.977473 0.0225266
5 0.957274 0.0427258
5 0.765055 0.234945
3 0.0290566 0.970943
5 0.710385 0.289615
5 0.735735 0.264265
3 3.79988e-05 0.999962
3 3.40288e-05 0.999966
3 0.000274237 0.999726
5 0.501649 0.498351
3 0.000290817 0.999709
5 0.940308 0.059692
3 0.0156093 0.984391
3 0.000194568 0.999805
5 0.803497 0.196503
5 0.799303 0.200697
3 0.00914092 0.990859
5 0.892846 0.107154
3 0.417981 0.582019
5 0.817289 0.182711
3 0.153026 0.846974
3 0.471066 0.528934
3 0.048559 0.951441
3 0.243006 0.756994
3 4.12676e-06 0.999996
3 0.0746415 0.925359
5 0.988637 0.0113625
3 0.352603 0.647397
3 1e-07 1
5 0.64836 0.35164
5 0.996218 0.00378193
3 2.6594e-05 0.999973
3 0.395375 0.604625
3 0.357666 0.642334
3 0.000958006 0.999042
5 0.678324 0.321676
5 0.686133 0.313867
5 0.641054 0.358946
5 0.873259 0.126741
5 0.75389 0.24611
5 0.549576 0.450424
3 0.000105587 0.999894
5 0.852974 0.147026
5 0.828785 0.171215
5 0.995036 0.0049642
5 0.626424 0.373576
5 0.999993 7.21695e-06
5 0.940874 0.0591258
3 6.07291e-06 0.999994
3 0.4865 0.5135
5 0.672065 0.327935
3 0.000355797 0.999644
5 0.910814 0.089186
3 0.186863 0.813137
5 0.961562 0.038438
3 0.0630102 0.93699
5 0.52709 0.47291
5 0.899392 0.100608
5 0.933215 0.0667846
5 0.999888 0.000111564
5 0.851924 0.148076
3 0.155062 0.844938
3 0.381826 0.618174
5 0.978552 0.0214483
5 0.962392 0.037608
3 0.486455 0.513545
5 0.500921 0.499079
3 0.0152852 0.984715
3 0.000172253 0.999828
5 0.910292 0.0897077
5 0.886822 0.113178
3 0.190786 0.809214
3 0.000478933 0.999521
5 0.964978 0.0350225
5 0.998832 0.00116787
5 0.738483 0.261517
3 0.346998 0.653002
5 0.998414 0.00158621
3 0.420072 0.579928
3 3.11654e-07 1
3 0.418324 0.581676
3 0.23859 0.76141
5 0.997903 0.00209725
5 0.999518 0.000481596
3 2.79293e-06 0.999997
5 0.999262 0.000738479
5 0.998987 0.00101335
5 0.999943 5.72807e-05
5 0.652825 0.347175
5 0.659491 0.340509
3 0.442305 0.557695
3 0.164856 0.835144
3 0.0495917 0.950408
5 0.567213 0.432787
3 0.0190746 0.980925
3 0.196464 0.803536
3 0.0221968 0.977803
5 0.934859 0.0651413
3 0.014235 0.985765
3 0.0832761 0.916724
5 0.942512 0.0574878
5 0.933856 0.0661436
3 9.76913e-05 0.999902
5 0.9894 0.0105999
5 0.995455 0.00454492
3 0.385501 0.614499
5 0.987783 0.0122171
3 0.0539131 0.946087
5 0.944249 0.0557506
5 0.582556 0.417444
3 0.405159 0.594841
3 0.24725 0.75275
3 0.298091 0.701909
3 0.147072 0.852928
5 0.9997 0.000300241
3 0.499302 0.500698
3 0.0363422 0.963658
5 0.866535 0.133465
3 0.401973 0.598027
5 0.986658 0.0133418
5 0.9981 0.00189995
5 0.999999 9.76282e-07
3 0.0190859 0.980914
3 0.000365169 0.999635
5 0.833939 0.166061
5 0.780788 0.219212
3 1e-07 1
3 8.89101e-07 0.999999
5 0.529117 0.470883
3 0.0211447 0.978855
3 0.0667889 0.933211
3 0.000182713 0.999817
5 0.995042 0.00495824
3 0.00127992 0.99872
5 0.693327 0.306673
3 0.000113682 0.999886
5 0.999999 1.02013e-06
3 0.478403 0.521597
5 0.636271 0.363729
5 0.695276 0.304724
3 0.00746637 0.992534
5 0.999956 4.38873e-05
3 0.457271 0.542729
3 0.454694 0.545306
5 0.537629 0.462371
5 0.999453 0.000546952
3 0.454667 0.545333
3 0.410788 0.589212
5 0.774023 0.225977
3 0.00939167 0.990608
5 0.711362 0.288638
5 0.994822 0.00517795
5 0.980074 0.0199264
5 0.997317 0.00268271
5 0.65327 0.34673
3 0.0014292 0.998571
3 0.290559 0.709441
3 0.00351722 0.996483
5 0.566827 0.433173
3 0.0230605 0.976939
5 0.999963 3.72888e-05
5 0.998234 0.00176561
3 0.0681674 0.931833
5 0.999981 1.89305e-05
5 0.621849 0.378151
3 0.261544 0.738456
3 0.338946 0.661054
5 0.999983 1.68418e-05
5 0.968824 0.0311762
3 0.000761365 0.999239
5 0.999917 8.33937e-05
3 0.0488315 0.951169
3 0.353316 0.646684
5 0.998515 0.00148543
3 0.457488 0.542512
5 0.909135 0.090865
3 0.428427 0.571573
5 0.65477 0.34523
3 0.261594 0.738406
5 0.999984 1.63899e-05
5 0.520861 0.479139
3 0.492324 0.507676
5 0.98882 0.0111801
5 0.999983 1.69436e-05
3 0.0166255 0.983374
3 0.000500496 0.9995
3 0.248602 0.751398
5 0.950965 0.0490349
5 0.673145 0.326855
3 1.17901e-05 0.999988
3 0.155186 0.844814
3 0.0314617 0.968538
5 0.999666 0.000334186
3 0.000592432 0.999408
3 0.438497 0.561503
5 0.999408 0.000592033
5 0.999932 6.79714e-05
3 0.0822496 0.91775
5 1 1e-07
3 0.0347858 0.965214
3 0.497369 0.502631
5 0.598908 0.401092
5 0.76382 0.23618
3 0.449391 0.550609
5 0.675646 0.324354
3 0.000886294 0.999114
3 0.205065 0.794935
5 0.998887 0.00111345
5 0.652492 0.347508
3 0.326538 0.673462
3 0.352899 0.647101
3 0.299257 0.700743
5 0.995524 0.0044765
5 0.546391 0.453609
5 0.612663 0.387337
3 0.004813 0.995187
5 0.54093 0.45907
3 0.431158 0.568842
5 0.762869 0.237131
3 4.36604e-05 0.999956
3 0.494158 0.505842
3 3.15504e-06 0.999997
3 0.406894 0.593106
5 0.987488 0.012512
3 0.34534 0.65466
3 0.462565 0.537435
3 2.77529e-07 1
3 0.214392 0.785608
3 8.17947e-05 0.999918
3 1.0183e-05 0.99999
3 8.48223e-05 0.999915
5 0.775592 0.224408
5 0.893955 0.106045
5 0.934165 0.0658354
3 0.000273151 0.999727
3 0.000381204 0.999619
5 0.999638 0.000361913
3 0.000159846 0.99984
5 0.882014 0.117986
3 0.245507 0.754493
3 0.000111984 0.999888
3 0.436447 0.563553
3 0.000454228 0.999546
5 0.917177 0.0828234
5 0.830138 0.169862
5 0.9792 0.0208004
5 0.998242 0.00175803
5 0.980811 0.0191887
3 0.000378649 0.999621
5 0.56711 0.43289
5 0.985899 0.0141008
3 0.000490487 0.99951
5 0.580281 0.419719
5 0.820887 0.179113
3 9.89943e-07 0.999999
3 0.396567 0.603433
5 0.868487 0.131513
3 0.42569 0.57431
5 0.999137 0.000862856
5 0.558158 0.441842
3 0.0590991 0.940901
5 0.982689 0.0173109
3 0.116731 0.883269
3 0.196002 0.803998
5 0.995596 0.00440433
3 0.000403512 0.999596
5 0.730672 0.269328
5 0.833436 0.166564
3 0.0221352 0.977865
5 0.824503 0.175497
5 0.918627 0.0813735
3 0.00705352 0.992946
3 0.0302898 0.96971
3 0.000393764 0.999606
5 0.999244 0.000755902
5 0.953357 0.0466435
3 0.476905 0.523095
3 1.23286e-06 0.999999
3 0.203249 0.796751
5 0.796451 0.203549
5 0.957854 0.0421457
5 0.951042 0.0489579
5 0.87628 0.12372
5 0.800065 0.199935
3 0.0339737 0.966026
3 0.467451 0.532549
5 0.998247 0.00175278
5 0.822551 0.177449
5 0.753511 0.246489
5 0.996802 0.00319791
3 0.139476 0.860524
3 0.0150357 0.984964
5 0.855161 0.144839
3 0.0294409 0.970559
3 0.246877 0.753123
3 0.0949672 0.905033
5 0.775168 0.224832
3 0.153555 0.846445
5 0.985298 0.0147022
3 0.350758 0.649242
5 0.929738 0.0702623
5 0.502817 0.497183
3 5.161e-07 0.999999
5 0.813701 0.186299
5 0.946891 0.053109
5 0.997551 0.00244911
5 0.938976 0.0610238
5 0.99841 0.00159004
5 0.983621 0.0163793
5 0.926043 0.0739569
5 0.682513 0.317487
5 0.981298 0.0187016
3 0.415767 0.584233
5 0.921095 0.0789051
5 0.999415 0.000585152
5 0.651797 0.348203
5 0.92726 0.0727396
5 0.906794 0.0932059
3 0.454105 0.545895
3 0.455826 0.544174
5 0.990806 0.0091941
5 0.577503 0.422497
3 4.18575e-06 0.999996
5 0.749622 0.250378
3 4.89829e-06 0.999995
3 0.40621 0.59379
5 0.793598 0.206402
5 0.994703 0.00529708
5 0.934829 0.0651714
3 0.0108409 0.989159
5 0.965682 0.0343182
3 0.00386457 0.996135
3 0.0579219 0.942078
5 0.801881 0.198119
3 0.0423494 0.957651
5 0.970338 0.0296615
5 0.571637 0.428363
5 0.539905 0.460095
5 0.999716 0.000284219
3 0.374965 0.625035
5 0.956529 0.0434715
3 0.376814 0.623186
3 0.00982057 0.990179
5 0.99672 0.00328015
3 0.422273 0.577727
5 0.991158 0.00884217
5 0.972972 0.0270282
5 0.922776 0.0772237
3 0.30012 0.69988
5 0.718708 0.281292
3 0.0178263 0.982174
3 1.70976e-06 0.999998
5 0.997734 0.00226621
5 0.922909 0.0770909
3 0.00662617 0.993374
5 0.817165 0.182835
5 0.537345 0.462655
5 0.906871 0.0931287
3 0.00020637 0.999794
5 0.944816 0.0551838
5 0.713385 0.286615
5 0.989234 0.0107664
3 0.00211467 0.997885
5 0.525539 0.474461
3 2.44885e-05 0.999976
5 0.721289 0.278711
5 0.817738 0.182262
5 0.729786 0.270214
3 0.189538 0.810462
3 7.20746e-05 0.999928
3 0.00530785 0.994692
3 0.313319 0.686681
3 0.448432 0.551568
5 0.976994 0.0230061
5 0.965635 0.0343649
5 0.995799 0.00420067
5 0.764959 0.235041
3 1e-07 1
3 0.00579823 0.994202
5 0.855765 0.144235
3 0.0826024 0.917398
3 0.0088227 0.991177
3 0.000500541 0.999499
3 0.416558 0.583442
5 0.995844 0.00415594
3 5.27541e-05 0.999947
5 1 3.07288e-07
3 0.456547 0.543453
3 0.410487 0.589513
3 1.85876e-06 0.999998
3 0.000110592 0.999889
3 0.00678857 0.993211
3 0.0155961 0.984404
5 0.756711 0.243289
5 0.869228 0.130772
5 0.737889 0.262111
5 0.999992 8.22027e-06
3 0.457294 0.542706
5 0.999975 2.52116e-05
5 0.769761 0.230239
3 0.432688 0.567312
3 0.27624 0.72376
5 0.99998 2.0254e-05
3 0.406376 0.593624
3 0.000200993 0.999799
5 0.999549 0.000451222
5 0.592155 0.407845
3 0.00137232 0.998628
3 3.12392e-06 0.999997
5 0.623476 0.376524
3 0.286585 0.713415
3 0.00206375 0.997936
5 0.808047 0.191953
5 0.759017 0.240983
5 0.928064 0.0719359
5 0.999457 0.000543352
3 0.35204 0.64796
3 2.51912e-06 0.999997
3 0.0108254 0.989175
3 1.09592e-05 0.999989
5 0.997401 0.00259933
5 0.888223 0.111777
3 0.00178312 0.998217
3 0.441264 0.558736
5 0.508989 0.491011
5 0.758221 0.241779
5 0.930736 0.0692637
3 0.432961 0.567039
3 0.266955 0.733045
3 0.000300782 0.999699
5 0.551808 0.448192
3 0.299142 0.700858
5 0.817929 0.182071
5 0.880377 0.119623
5 0.954211 0.0457892
5 0.694154 0.305846
5 0.602754 0.397246
3 1e-07 1
5 0.77558 0.22442
5 0.975519 0.024481
5 0.999926 7.40018e-05
3 0.197074 0.802926
5 0.994101 0.00589936
3 0.092886 0.907114
5 0.783865 0.216135
5 0.564118 0.435882
3 0.0991352 0.900865
5 0.777288 0.222712
5 0.974316 0.0256838
5 0.502513 0.497487
5 0.920564 0.0794365
5 0.999499 0.000500939
3 0.000941971 0.999058
5 0.976372 0.0236275
5 0.970117 0.0298832
3 0.191878 0.808122
5 0.986049 0.0139505
5 0.99527 0.00473038
5 0.99957 0.000429894
5 0.997806 0.00219433
5 0.998381 0.00161903
5 0.912875 0.0871252
5 0.84075 0.15925
3 0.0127111 0.987289
5 0.607985 0.392015
5 0.870054 0.129946
3 9.32138e-07 0.999999
3 0.00400151 0.995998
5 0.929741 0.0702587
3 0.153936 0.846064
3 0.400862 0.599138
5 0.994301 0.00569903
3 0.341983 0.658017
3 0.406763 0.593237
5 0.999765 0.000234951
3 0.388715 0.611285
5 0.580634 0.419366
3 0.000173926 0.999826
3 0.45322 0.54678
5 0.998777 0.00122289
5 0.995422 0.00457765
5 0.999988 1.21303e-05
3 0.121991 0.878009
5 0.998314 0.0016865
3 0.000900009 0.9991
5 0.60537 0.39463
3 3.30847e-05 0.999967
5 1 1e-07
5 0.545824 0.454176
3 0.151053 0.848947
5 0.99948 0.000519694
3 0.153347 0.846653
3 0.00024716 0.999753
3 0.00229217 0.997708
3 3.21386e-05 0.999968
5 0.917316 0.0826837
5 0.864435 0.135565
3 0.117621 0.882379
5 0.999421 0.000579072
3 0.000628118 0.999372
5 0.999773 0.000227253
3 0.179001 0.820999
3 0.0524416 0.947558
3 3.57162e-07 1
3 0.00358073 0.996419
3 0.0206503 0.97935
3 0.373406 0.626594
3 1.90156e-05 0.999981
3 0.00111159 0.998888
3 0.00395238 0.996048
3 0.00025814 0.999742
5 0.903661 0.0963387
3 0.00240349 0.997597
3 0.0494595 0.95054
5 0.995665 0.00433528
5 0.908895 0.0911051
5 0.999589 0.000410606
3 0.00035391 0.999646
3 3.07771e-05 0.999969
3 0.330049 0.669951
5 0.972146 0.0278541
5 1 1e-07
3 0.000924077 0.999076
3 0.00387302 0.996127
3 0.000428987 0.999571
3 0.343334 0.656666
3 0.371924 0.628076
5 0.969844 0.0301563
3 0.0829835 0.917016
3 0.390168 0.609832
5 0.999707 0.000292684
3 0.000514857 0.999485
3 0.0218949 0.978105
3 7.03715e-05 0.99993
5 0.587425 0.412575
3 0.00371196 0.996288
3 0.000249706 0.99975
3 0.000159168 0.999841
3 0.349253 0.650747
3 0.0379567 0.962043
5 0.999881 0.000119051
5 0.998859 0.00114101
3 0.0330371 0.966963
5 0.999967 3.25017e-05
3 8.61463e-05 0.999914
3 0.000499564 0.9995
3 0.111757 0.888243
5 0.995574 0.00442633
5 0.999855 0.000144866
5 0.733305 0.266695
5 0.580868 0.419132
5 0.832425 0.167575
3 0.00979977 0.9902
5 0.794333 0.205667
5 0.996771 0.0032293
3 0.372794 0.627206
5 0.999999 1.00502e-06
5 0.929583 0.0704169
5 0.746209 0.253791
3 0.273404 0.726596
3 0.361414 0.638586
5 0.882583 0.117417
3 0.37873 0.62127
5 0.999447 0.000552757
3 0.109304 0.890696
3 5.18387e-05 0.999948
5 0.999536 0.000463664
3 0.0320828 0.967917
5 0.660742 0.339258
5 0.989895 0.0101051
3 0.062369 0.937631
5 0.609192 0.390808
3 0.402666 0.597334
5 0.994754 0.00524627
3 0.412421 0.587579
5 0.930791 0.0692095
5 0.883877 0.116123
5 0.941725 0.0582749
5 0.998921 0.00107919
3 0.0034828 0.996517
3 0.362177 0.637823
3 1.45793e-05 0.999985
3 0.424358 0.575642
5 0.894046 0.105954
3 0.373869 0.626131
3 0.427466 0.572534
3 0.102653 0.897347
5 0.997453 0.00254702
5 0.929594 0.0704058
5 0.991498 0.00850241
5 0.988393 0.0116066
5 0.563489 0.436511
5 0.525154 0.474846
5 0.833964 0.166036
5 0.677679 0.322321
3 0.114705 0.885295
5 0.967652 0.0323479
5 0.999872 0.000128229
5 0.980931 0.0190694
5 0.5522 0.4478
3 0.195518 0.804482
3 6.89867e-05 0.999931
3 6.37499e-06 0.999994
5 0.996825 0.0031746
5 0.997821 0.00217887
3 0.0604184 0.939582
5 0.976751 0.0232492
3 0.00160904 0.998391
3 6.01764e-05 0.99994
3 0.481913 0.518087
5 0.503345 0.496655
3 1.11754e-05 0.999989
5 0.999975 2.52958e-05
5 0.893253 0.106747
3 3.73467e-05 0.999963
5 0.841441 0.158559
3 0.483337 0.516663
5 0.937067 0.0629328
3 0.115922 0.884078
3 0.378866 0.621134
5 0.707322 0.292678
5 0.980051 0.0199485
5 0.999953 4.66758e-05
3 0.417286 0.582714
5 0.967403 0.0325967
5 0.997662 0.002338
5 0.854556 0.145444
5 0.928696 0.0713037
3 4.97559e-05 0.99995
3 0.0169323 0.983068
5 0.999966 3.4393e-05
5 0.975024 0.0249756
5 0.978304 0.0216965
5 0.713304 0.286696
3 0.0245809 0.975419
5 0.927013 0.0729865
3 1.56113e-05 0.999984
3 0.408868 0.591132
3 0.481314 0.518686
3 0.22079 0.77921
5 0.984421 0.0155786
5 0.992961 0.00703855
5 0.780502 0.219498
5 0.706341 0.293659
3 2.90577e-05 0.999971
5 0.905761 0.0942395
5 0.999999 8.02942e-07
3 0.277513 0.722487
5 0.999712 0.0002879
5 0.647005 0.352995
5 0.935256 0.0647444
3 3.26613e-06 0.999997
3 0.278925 0.721075
3 0.000450833 0.999549
3 0.304007 0.695993
5 0.694357 0.305643
5 0.515744 0.484256
5 0.623274 0.376726
5 0.950401 0.0495987
3 0.358496 0.641504
5 0.805017 0.194983
5 0.999892 0.000108416
5 0.999158 0.000842334
5 1 1.39964e-07
5 0.999931 6.93159e-05
5 0.972055 0.0279446
3 0.000218791 0.999781
3 0.181836 0.818164
3 0.00213649 0.997864
3 0.210242 0.789758
3 0.165829 0.834171
5 0.552792 0.447208
3 0.00469059 0.995309
3 0.449298 0.550702
5 0.912183 0.0878171
5 0.673623 0.326377
3 0.0172713 0.982729
5 0.999706 0.000294479
5 0.95715 0.0428504
3 0.170312 0.829688
5 0.810777 0.189223
3 0.257599 0.742401
3 0.451553 0.548447
5 0.970891 0.0291088
5 0.990411 0.00958926
5 0.999507 0.00049261
5 0.659354 0.340646
5 0.976472 0.0235281
5 0.794783 0.205217
3 0.158003 0.841997
3 0.0922876 0.907712
3 0.201954 0.798046
3 0.352996 0.647004
3 0.015432 0.984568
3 1e-07 1
3 5.46211e-06 0.999995
3 0.41309 0.58691
3 0.0213483 0.978652
5 0.945921 0.054079
5 0.552664 0.447336
3 0.000599588 0.9994
5 0.827532 0.172468
5 0.999801 0.000198831
5 0.980845 0.0191551
3 0.250534 0.749466
5 0.99993 6.99487e-05
5 0.821524 0.178476
5 0.897064 0.102936
3 0.297033 0.702967
3 0.331417 0.668583
5 0.999945 5.48501e-05
3 0.000123994 0.999876
5 0.993095 0.00690453
3 0.417418 0.582582
5 0.864058 0.135942
5 0.929936 0.070064
3 0.335221 0.664779
3 0.0648793 0.935121
5 0.504665 0.495335
3 0.00447745 0.995523
3 3.4846e-05 0.999965
5 0.855305 0.144695
3 0.134151 0.865849
5 0.996288 0.00371156
3 7.45262e-05 0.999925
3 0.221222 0.778778
3 1.48649e-07 1
3 0.396553 0.603447
3 4.83309e-05 0.999952
5 0.614728 0.385272
3 0.287713 0.712287
3 0.0277099 0.97229
5 0.519361 0.480639
3 1e-07 1
3 0.388634 0.611366
5 0.998729 0.00127077
5 0.72532 0.27468
5 0.999596 0.000404197
3 2.12983e-05 0.999979
5 0.981525 0.0184747
3 0.000416046 0.999584
5 0.670261 0.329739
5 1 1e-07
5 0.999991 8.91269e-06
5 0.736596 0.263404
3 0.200837 0.799163
3 2.32926e-06 0.999998
5 0.999912 8.83892e-05
3 0.000102419 0.999898
5 0.87783 0.12217
5 0.861919 0.138081
3 0.000461386 0.999539
3 9.41833e-06 0.999991
3 0.302557 0.697443
3 2.02013e-05 0.99998
5 0.999994 5.72032e-06
3 3.24251e-05 0.999968
3 0.247532 0.752468
3 0.285573 0.714427
3 0.393164 0.606836
3 0.00988068 0.990119
5 0.99952 0.000480115
3 0.000360501 0.999639
5 0.999998 2.28536e-06
3 0.000125441 0.999875
3 0.445832 0.554168
5 0.999255 0.000744529
5 1 3.30106e-07
5 0.517864 0.482136
5 0.60958 0.39042
3 0.365418 0.634582
5 0.999996 3.6418e-06
5 0.757326 0.242674
5 0.519474 0.480526
5 0.999986 1.35683e-05
5 0.956323 0.0436772
5 0.855359 0.144641
3 0.000506485 0.999494
3 0.0540157 0.945984
5 0.926863 0.0731365
3 0.349372 0.650628
5 0.993942 0.0060578
3 0.000437922 0.999562
5 0.857124 0.142876
5 0.872355 0.127645
3 0.100031 0.899969
3 0.00189445 0.998106
3 0.339533 0.660467
5 0.998358 0.00164168
3 0.413669 0.586331
5 0.999999 9.85608e-07
5 0.74061 0.25939
3 0.252426 0.747574
3 0.000214268 0.999786
5 0.524039 0.475961
5 0.814805 0.185195
3 0.209548 0.790452
3 0.472178 0.527822
5 0.992374 0.00762608
3 0.0224599 0.97754
3 0.124364 0.875636
5 0.645406 0.354594
3 2.07889e-05 0.999979
3 0.331466 0.668534
3 0.389453 0.610547
5 0.997593 0.00240695
3 0.358693 0.641307
5 0.870509 0.129491
5 0.987353 0.0126467
5 0.904011 0.0959891
5 0.996218 0.00378216
3 0.00298996 0.99701
5 0.828111 0.171889
5 0.736155 0.263845
3 7.75222e-05 0.999922
3 0.0286981 0.971302
5 0.999963 3.68196e-05
5 0.607424 0.392576
5 0.773587 0.226413
5 0.998466 0.00153423
5 0.997857 0.00214338
5 0.988065 0.0119354
3 0.300617 0.699383
3 9.73289e-05 0.999903
5 0.846982 0.153018
5 0.893395 0.106605
5 0.99493 0.00507005
3 0.353835 0.646165
5 0.985943 0.0140566
3 0.00577549 0.994225
3 0.404768 0.595232
3 0.000999497 0.999001
3 0.0317455 0.968254
5 0.72212 0.27788
5 0.983585 0.016415
5 0.745061 0.254939
3 0.000138653 0.999861
5 0.992555 0.00744475
5 1 1e-07
5 0.543854 0.456146
5 0.764222 0.235778
5 0.98797 0.0120298
5 0.955431 0.0445691
5 0.928411 0.0715887
3 0.393625 0.606375
5 0.999965 3.49857e-05
3 0.286942 0.713058
5 0.999996 4.16635e-06
5 1 4.40518e-07
3 0.00541141 0.994589
3 0.339686 0.660314
3 0.0610341 0.938966
3 0.156301 0.843699
5 0.972601 0.0273994
5 0.999966 3.3551e-05
5 0.922845 0.077155
3 0.000203358 0.999797
5 0.999995 5.05175e-06
5 0.846424 0.153576
3 0.111944 0.888056
3 0.44058 0.55942
5 0.954913 0.0450874
3 0.0848109 0.915189
3 0.318854 0.681146
5 0.745231 0.254769
5 0.97905 0.0209496
5 0.933033 0.0669675
3 3.25841e-07 1
5 0.999496 0.000504082
3 0.00011974 0.99988
5 0.956097 0.0439028
3 8.44161e-05 0.999916
3 6.5924e-06 0.999993
5 0.997319 0.00268137
5 0.731617 0.268383
5 0.546124 0.453876
5 0.982926 0.0170739
5 0.90432 0.0956797
3 0.185813 0.814187
3 0.0139671 0.986033
3 0.455538 0.544462
3 0.414329 0.585671
5 1 1.6317e-07
5 0.560462 0.439538
3 0.378682 0.621318
5 0.964247 0.0357531
5 0.994884 0.00511591
3 0.261019 0.738981
3 4.79175e-05 0.999952
5 0.999766 0.00023427
5 0.984182 0.0158178
5 0.895128 0.104872
5 0.997879 0.00212126
5 0.950956 0.0490437
5 0.989429 0.0105711
3 1.911e-06 0.999998
3 0.0516238 0.948376
3 0.230141 0.769859
3 5.84568e-07 0.999999
3 0.000562135 0.999438
3 0.000875726 0.999124
5 0.876869 0.123131
3 0.00559482 0.994405
5 0.985942 0.0140576
5 0.646105 0.353895
3 0.175546 0.824454
3 0.400146 0.599854
3 0.254684 0.745316
5 0.780135 0.219865
5 0.906061 0.0939389
3 0.340329 0.659671
5 0.713607 0.286393
5 0.833543 0.166457
5 0.854011 0.145989
5 0.833459 0.166541
3 6.64431e-05 0.999934
5 0.999132 0.000868063
3 2.06529e-05 0.999979
5 0.797617 0.202383
5 0.999766 0.000234179
5 0.99989 0.000109905
3 0.154697 0.845303
3 0.126919 0.873081
5 0.99842 0.00157991
3 0.0123492 0.987651
5 0.959101 0.0408994
5 0.721855 0.278145
5 0.938049 0.0619512
3 0.0806988 0.919301
3 0.167827 0.832173
5 0.642719 0.357281
3 0.196958 0.803042
3 0.00856689 0.991433
3 0.149684 0.850316
3 4.42301e-05 0.999956
5 0.977478 0.0225221
3 0.0670363 0.932964
5 0.977415 0.0225847
3 0.00628969 0.99371
3 0.3773 0.6227
5 0.655099 0.344901
5 0.972282 0.0277184
5 0.747607 0.252393
5 0.99974 0.000259958
5 0.918479 0.0815208
3 0.0180958 0.981904
5 0.907861 0.0921387
5 0.931805 0.0681949
3 0.0130127 0.986987
3 0.374509 0.625491
3 0.101944 0.898056
3 0.00114228 0.998858
5 0.538388 0.461612
3 0.0544114 0.945589
3 0.000225296 0.999775
3 1.2659e-05 0.999987
5 0.707837 0.292163
3 0.0682618 0.931738
5 0.539452 0.460548
5 0.994413 0.00558657
5 0.999555 0.000444815
5 0.999988 1.18292e-05
3 0.00117861 0.998821
5 0.539949 0.460051
3 0.258244 0.741756
5 0.99991 8.96853e-05
5 0.687031 0.312969
3 0.333904 0.666096
5 0.759778 0.240222
5 0.732099 0.267901
5 0.658014 0.341986
3 0.00018776 0.999812
5 0.996731 0.00326935
5 1 1.72093e-07
3 0.051643 0.948357
3 5.01769e-06 0.999995
5 0.999999 9.28081e-07
5 0.999486 0.000513854
3 0.287423 0.712577
5 0.845371 0.154629
3 0.283547 0.716453
5 0.999997 2.73627e-06
5 0.622599 0.377401
3 0.00639344 0.993607
5 0.725355 0.274645
5 0.531432 0.468568
3 0.00150867 0.998491
5 0.908897 0.0911033
5 0.996497 0.00350277
5 0.974217 0.0257835
3 0.414306 0.585694
3 0.0348649 0.965135
3 3.74809e-07 1
3 0.00953749 0.990463
3 2.6039e-06 0.999997
3 0.199356 0.800644
5 0.716535 0.283465
5 0.993534 0.00646585
5 0.765109 0.234891
5 0.992615 0.00738536
5 0.516924 0.483076
5 0.998409 0.00159106
3 1.4974e-06 0.999999
3 0.0102218 0.989778
5 0.96606 0.0339399
3 0.416106 0.583894
5 0.979932 0.0200684
3 0.149457 0.850543
3 0.10185 0.89815
3 0.0271426 0.972857
5 0.948667 0.0513329
3 0.00124933 0.998751
5 0.871782 0.128218
5 0.995999 0.00400105
5 0.917725 0.082275
3 1e-07 1
5 0.96906 0.0309403
5 0.569812 0.430188
3 0.0269579 0.973042
5 0.846881 0.153119
3 0.0540433 0.945957
5 0.995663 0.00433683
3 0.200239 0.799761
3 0.275918 0.724082
5 0.827536 0.172464
3 0.308055 0.691945
3 0.31071 0.68929
3 0.292908 0.707092
5 0.95034 0.0496597
3 0.182211 0.817789
5 0.516235 0.483765
5 0.730534 0.269466
5 0.663203 0.336797
5 0.957149 0.0428506
5 0.800494 0.199506
3 7.32233e-05 0.999927
5 0.994694 0.00530646
3 9.08971e-07 0.999999
3 3.43822e-05 0.999966
3 0.0237749 0.976225
5 0.774161 0.225839
3 0.419869 0.580131
5 0.779178 0.220822
3 0.346376 0.653624
3 0.334069 0.665931
5 0.999926 7.35903e-05
5 0.79041 0.20959
5 0.948814 0.0511859
3 0.00192738 0.998073
5 0.999172 0.000827939
3 0.00018176 0.999818
5 0.663221 0.336779
3 0.000166806 0.999833
5 0.814568 0.185432
3 0.0347247 0.965275
5 0.790925 0.209075
5 0.507601 0.492399
5 0.792996 0.207004
5 0.528872 0.471128
3 0.426004 0.573996
5 0.999463 0.000537226
3 0.0430099 0.95699
5 0.975436 0.0245638
3 0.288777 0.711223
5 0.958227 0.0417728
5 0.960189 0.0398107
5 0.998919 0.00108129
5 0.61396 0.38604
3 0.327602 0.672398
5 0.990702 0.00929779
5 0.998316 0.00168428
3 0.25732 0.74268
3 0.00717015 0.99283
3 1e-07 1
3 0.000124029 0.999876
5 0.515033 0.484967
5 0.810821 0.189179
3 0.035662 0.964338
5 0.656616 0.343384
3 0.00805599 0.991944
5 0.999934 6.55147e-05
5 0.993309 0.00669145
5 0.99949 0.000510444
5 0.912597 0.0874027
5 0.962212 0.0377879
5 0.976363 0.0236369
3 0.316429 0.683571
5 0.956632 0.0433684
3 0.312956 0.687044
3 0.0213667 0.978633
3 3.8471e-06 0.999996
3 0.0333357 0.966664
3 0.359485 0.640515
5 0.631401 0.368599
3 0.455423 0.544577
3 0.408632 0.591368
5 0.843392 0.156608
3 0.00557248 0.994428
3 0.000365306 0.999635
3 4.3265e-05 0.999957
5 0.998024 0.00197579
3 4.52136e-06 0.999995
3 0.254956 0.745044
5 0.615662 0.384338
3 4.92062e-05 0.999951
5 0.926497 0.0735035
5 0.696078 0.303922
3 0.0849653 0.915035
3 0.0477974 0.952203
3 0.375243 0.624757
5 0.992183 0.00781746
3 0.00155349 0.998447
5 0.559417 0.440583
3 0.402132 0.597868
3 0.238785 0.761215
3 0.00056428 0.999436
3 0.219155 0.780845
3 0.000796655 0.999203
3 0.000109086 0.999891
3 0.425037 0.574963
3 0.0148402 0.98516
3 1.8624e-06 0.999998
5 0.902987 0.097013
3 0.000497092 0.999503
3 0.487275 0.512725
3 0.436288 0.563712
3 0.166678 0.833322
5 0.55122 0.44878
3 0.132554 0.867446
5 0.581862 0.418138
3 0.439005 0.560995
3 0.429597 0.570403
3 0.335185 0.664815
5 0.631523 0.368477
3 0.000472888 0.999527
5 0.849628 0.150372
3 0.375739 0.624261
5 0.708845 0.291155
3 0.400751 0.599249
5 0.672876 0.327124
5 0.989683 0.0103167
3 0.394655 0.605345
3 0.486027 0.513973
3 0.48122 0.51878
5 0.999717 0.000283
5 0.842879 0.157121
3 0.445276 0.554724
3 0.0201199 0.97988
5 0.786716 0.213284
5 0.999586 0.000413526
5 0.99957 0.000429529
3 0.000521652 0.999478
3 0.00835194 0.991648
3 0.00482577 0.995174
3 0.456321 0.543679
3 0.323868 0.676132
3 5.78106e-05 0.999942
5 0.993709 0.00629091
5 0.995809 0.00419058
3 0.144837 0.855163
3 4.14028e-05 0.999959
3 0.0393595 0.960641
3 0.0268445 0.973156
3 0.0309281 0.969072
5 0.752308 0.247692
3 0.262025 0.737975
5 0.999978 2.18865e-05
3 0.150209 0.849791
3 0.0601813 0.939819
5 0.83136 0.16864
5 1 3.14309e-07
5 0.959283 0.0407167
3 0.35187 0.64813
3 0.00605926 0.993941
3 0.0184138 0.981586
3 0.0650304 0.93497
3 0.165369 0.834631
5 0.993925 0.00607488
3 1.16114e-05 0.999988
5 0.943067 0.0569327
5 0.996571 0.00342863
3 0.0226599 0.97734
3 0.0114744 0.988526
5 0.995763 0.00423704
5 0.996792 0.00320843
5 0.758212 0.241788
3 0.00319327 0.996807
3 1.86936e-06 0.999998
3 0.325567 0.674433
3 0.332448 0.667552
5 0.999867 0.000133027
3 0.00700269 0.992997
3 0.144201 0.855799
5 0.999865 0.000135469
5 0.591466 0.408534
3 0.0952213 0.904779
3 2.71244e-06 0.999997
5 0.921979 0.0780212
5 0.859241 0.140759
3 0.0258114 0.974189
3 0.00451961 0.99548
5 0.999981 1.94277e-05
3 1e-07 1
3 0.387461 0.612539
5 0.709935 0.290065
3 0.00201941 0.997981
5 0.996105 0.00389489
5 0.725991 0.274009
3 0.163785 0.836215
5 0.858465 0.141535
3 1.27628e-05 0.999987
3 7.06879e-05 0.999929
3 0.295411 0.704589
5 0.845012 0.154988
3 0.21669 0.78331
5 0.991765 0.00823452
3 0.00140293 0.998597
3 7.95559e-05 0.99992
5 0.923968 0.0760322
3 0.0639162 0.936084
3 6.16011e-06 0.999994
3 0.000238114 0.999762
3 8.55082e-07 0.999999
5 0.999997 3.44004e-06
3 0.000208609 0.999791
3 0.371232 0.628768
3 0.0108213 0.989179
3 0.323159 0.676841
3 0.409183 0.590817
3 0.491167 0.508833
5 0.881256 0.118744
3 0.410112 0.589888
5 0.793888 0.206112
5 0.996677 0.00332308
3 0.437239 0.562761
5 0.521137 0.478863
5 0.999707 0.000292921
5 0.520163 0.479837
3 0.0099245 0.990076
5 0.852619 0.147381
3 0.331488 0.668512
5 0.63486 0.36514
3 0.016273 0.983727
3 8.07416e-07 0.999999
5 0.613041 0.386959
5 0.81713 0.18287
3 0.366591 0.633409
3 0.378301 0.621699
3 0.0534745 0.946525
5 0.994572 0.00542814
5 0.847854 0.152146
3 0.368678 0.631322
5 0.999405 0.000595484
5 0.99874 0.0012601
5 0.997773 0.00222725
5 0.534903 0.465097
3 0.036646 0.963354
3 0.202699 0.797301
5 0.608822 0.391178
3 0.454051 0.545949
5 0.826913 0.173087
5 0.652957 0.347043
5 0.999959 4.13609e-05
3 0.00105333 0.998947
3 0.0145287 0.985471
3 0.465262 0.534738
3 0.44981 0.55019
3 8.21152e-05 0.999918
5 0.999079 0.000921444
3 0.00142557 0.998574
5 0.999759 0.000240635
5 0.990188 0.00981215
5 0.903087 0.0969128
3 0.000131509 0.999868
3 0.0928517 0.907148
5 0.984568 0.0154325
3 5.30419e-05 0.999947
5 0.999989 1.12259e-05
5 0.925659 0.0743408
3 0.447838 0.552162
3 3.59758e-05 0.999964
5 0.629622 0.370378
5 0.865808 0.134192
3 0.357855 0.642145
5 0.56015 0.43985
3 0.00169128 0.998309
3 0.288685 0.711315
3 0.0809995 0.919001
5 0.999999 9.30674e-07
5 0.996482 0.00351841
5 0.89644 0.10356
5 0.999674 0.000326157
3 0.000267573 0.999732
5 0.637405 0.362595
3 0.283535 0.716465
5 1 2.46259e-07
5 0.881836 0.118164
3 1e-07 1
3 0.0404233 0.959577
3 0.0276691 0.972331
5 0.99213 0.00787024
5 0.990375 0.0096248
3 0.121909 0.878091
3 0.389392 0.610608
5 0.97158 0.0284205
3 0.344852 0.655148
5 0.698059 0.301941
