labels 4 5
5 0.00059651 0.999403
5 0.00344273 0.996557
5 0.296249 0.703751
4 0.541702 0.458298
5 0.0287498 0.97125
5 0.0795972 0.920403
4 0.997786 0.00221359
4 0.97849 0.0215098
5 9.27656e-06 0.999991
5 0.00100477 0.998995
4 0.967285 0.032715
4 0.937238 0.0627616
4 0.670883 0.329117
4 0.817543 0.182457
5 0.00295649 0.997044
4 0.718504 0.281496
5 0.00135376 0.998646
4 0.999281 0.000718793
4 0.974118 0.0258815
4 0.999996 3.68462e-06
5 0.0614087 0.938591
5 0.376186 0.623814
5 0.308596 0.691404
5 0.133492 0.866508
5 0.441246 0.558754
4 0.941044 0.0589562
4 0.999977 2.31699e-05
4 0.984298 0.0157019
4 1 1e-07
5 0.266843 0.733157
5 0.00050916 0.999491
5 0.000132041 0.999868
5 0.00268097 0.997319
4 1 1e-07
4 0.999745 0.000255167
4 0.985714 0.0142863
5 0.43479 0.56521
4 0.968197 0.0318033
5 7.16782e-07 0.999999
5 0.287518 0.712482
5 0.0789804 0.92102
4 0.947561 0.0524389
5 0.0487847 0.951215
5 0.141242 0.858758
4 0.980642 0.0193576
5 0.176375 0.823625
5 0.450039 0.549961
5 0.273953 0.726047
5 0.0547137 0.945286
5 0.213133 0.786867
4 0.999425 0.000574986
5 0.000298034 0.999702
5 0.00193135 0.998069
4 0.999999 6.27591e-07
4 0.507732 0.492268
5 0.425535 0.574465
5 0.085536 0.914464
4 0.55926 0.44074
4 0.980439 0.0195613
5 0.281702 0.718298
4 0.516079 0.483921
5 0.00221057 0.997789
4 0.667565 0.332435
5 0.173657 0.826343
4 1 1e-07
5 0.00283652 0.997163
5 0.248731 0.751269
4 0.921471 0.0785292
5 0.110208 0.889792
5 0.000181976 0.999818
5 0.0114548 0.988545
5 0.0153329 0.984667
5 0.343098 0.656902
5 0.49843 0.50157
5 0.064838 0.935162
5 0.113333 0.886667
5 0.001059 0.998941
5 0.114178 0.885822
4 0.786806 0.213194
5 0.179514 0.820486
4 0.918279 0.0817214
4 0.966851 0.0331494
4 0.993632 0.00636778
5 0.149556 0.850444
5 0.00215837 0.997842
5 0.430779 0.569221
4 0.506844 0.493156
4 0.920056 0.0799438
5 0.0204508 0.979549
4 0.966943 0.0330567
4 1 3.48419e-07
5 0.387649 0.612351
5 0.0206809 0.979319
5 0.0994779 0.900522
4 0.636739 0.363261
5 1.46144e-05 0.999985
4 0.861548 0.138452
5 0.110041 0.889959
4 0.98108 0.01892
5 0.0793794 0.920621
5 0.260108 0.739892
5 0.151939 0.848061
4 0.99999 1.00194e-05
5 0.444415 0.555585
5 0.429334 0.570666
5 0.0150938 0.984906
5 1.61452e-05 0.999984
5 0.377901 0.622099
5 0.00185692 0.998143
5 0.242722 0.757278
5 0.113404 0.886596
5 0.00241856 0.997581
5 0.451766 0.548234
5 0.431055 0.568945
5 0.219649 0.780351
5 0.345019 0.654981
5 4.27256e-05 0.999957
5 0.0143196 0.98568
5 0.0127579 0.987242
4 0.546462 0.453538
5 0.0576525 0.942347
5 0.289691 0.710309
5 0.0514898 0.94851
5 0.00291474 0.997085
4 0.968461 0.0315393
5 0.336435 0.663565
5 0.00142419 0.998576
4 0.999998 1.82559e-06
4 0.924156 0.0758442
5 0.419946 0.580054
4 0.72871 0.27129
5 0.00484266 0.995157
5 0.0440852 0.955915
5 0.439028 0.560972
4 0.996462 0.00353842
4 0.998948 0.00105225
4 0.999994 5.6569e-06
4 0.834575 0.165425
5 2.73705e-07 1
4 0.908591 0.0914088
4 0.786126 0.213874
4 0.978011 0.0219887
5 0.30955 0.69045
4 0.891161 0.108839
5 0.0247295 0.975271
4 0.51584 0.48416
4 0.964417 0.0355827
4 0.598014 0.401986
4 1 1e-07
4 0.996886 0.00311365
4 0.849923 0.150077
5 0.0878784 0.912122
5 0.458884 0.541116
5 0.048686 0.951314
4 0.54426 0.45574
5 0.20162 0.79838
4 0.528754 0.471246
4 0.999943 5.69483e-05
5 1.10558e-05 0.999989
4 0.652298 0.347702
5 0.00076594 0.999234
5 0.00366215 0.996338
5 0.00190754 0.998092
4 0.854686 0.145314
5 0.3618 0.6382
4 0.999306 0.000694009
4 0.999774 0.000226415
4 0.999502 0.00049816
4 0.922334 0.0776661
5 4.27334e-06 0.999996
5 0.000222124 0.999778
5 0.419855 0.580145
4 0.781549 0.218451
5 0.362332 0.637668
5 5.62114e-05 0.999944
5 0.000694136 0.999306
5 0.00199494 0.998005
4 0.985837 0.0141625
5 0.00368014 0.99632
4 0.998767 0.001233
4 0.748413 0.251587
5 0.100471 0.899529
5 0.151302 0.848698
4 0.980797 0.0192035
4 0.92365 0.0763505
5 0.149612 0.850388
5 0.119375 0.880625
4 0.86532 0.13468
4 0.582704 0.417296
4 0.998186 0.00181365
4 0.566746 0.433254
5 0.00868331 0.991317
4 0.510668 0.489332
5 0.454935 0.545065
5 0.480868 0.519132
5 0.0022764 0.997724
4 0.989611 0.0103894
5 0.000656586 0.999343
4 0.814688 0.185312
4 0.876715 0.123285
5 0.0106049 0.989395
5 0.271956 0.728044
4 0.553694 0.446306
5 0.14467 0.85533
4 0.556625 0.443375
5 0.00856771 0.991432
5 0.138766 0.861234
4 0.764416 0.235584
4 0.934374 0.0656262
5 0.304474 0.695526
5 0.170474 0.829526
5 0.059948 0.940052
5 0.275934 0.724066
5 0.0550248 0.944975
4 0.714894 0.285106
4 0.520877 0.479123
4 0.99989 0.000110427
5 0.0455113 0.954489
5 0.000217335 0.999783
4 0.99979 0.000209619
4 0.999999 8.46153e-07
5 0.000148736 0.999851
5 0.16632 0.83368
5 0.0579745 0.942025
5 0.391072 0.608928
5 0.000663788 0.999336
4 0.762832 0.237168
5 0.440382 0.559618
5 0.28444 0.71556
5 0.227263 0.772737
5 0.258998 0.741002
4 0.999977 2.26558e-05
4 0.922215 0.0777852
5 0.206991 0.793009
5 0.397454 0.602546
5 0.0524762 0.947524
5 0.414836 0.585164
5 0.037324 0.962676
4 0.736607 0.263393
5 0.28858 0.71142
5 0.0563086 0.943691
4 0.99721 0.00279012
4 0.999561 0.000439272
4 0.946764 0.0532362
5 0.003184 0.996816
5 0.194652 0.805348
4 0.603036 0.396964
5 0.00489574 0.995104
5 0.00135839 0.998642
4 0.634938 0.365062
5 0.0705117 0.929488
5 0.280995 0.719005
5 0.00151623 0.998484
4 0.531339 0.468661
5 0.0023013 0.997699
4 0.865653 0.134347
5 0.455361 0.544639
5 0.215377 0.784623
4 0.999785 0.000215236
5 0.162956 0.837044
4 0.999995 5.24653e-06
5 0.0156878 0.984312
4 0.998902 0.00109755
5 0.20884 0.79116
4 0.999502 0.000498255
4 0.870624 0.129376
5 0.00124612 0.998754
5 0.239022 0.760978
4 0.692264 0.307736
4 0.876423 0.123577
5 0.129888 0.870112
4 0.999866 0.000133582
5 0.445509 0.554491
5 0.151799 0.848201
5 0.219289 0.780711
5 0.0535632 0.946437
5 0.493799 0.506201
4 0.513032 0.486968
5 0.49362 0.50638
5 0.000105479 0.999895
4 0.51426 0.48574
5 0.472967 0.527033
4 0.617864 0.382136
5 0.4832 0.5168
4 0.850667 0.149333
4 0.787112 0.212888
5 0.182678 0.817322
5 0.18155 0.81845
5 0.0145601 0.98544
4 0.531056 0.468944
5 0.00111317 0.998887
4 0.653072 0.346928
4 0.944754 0.055246
5 0.44094 0.55906
5 0.000566552 0.999433
5 1.42119e-05 0.999986
4 0.752447 0.247553
5 1e-07 1
5 0.187945 0.812055
5 0.0219416 0.978058
5 6.61547e-05 0.999934
5 0.00015651 0.999843
5 0.228472 0.771528
4 0.910725 0.0892748
4 0.999596 0.000403797
4 0.999984 1.64746e-05
5 0.328834 0.671166
5 0.382213 0.617787
5 0.00237313 0.997627
4 1 1e-07
5 0.170261 0.829739
5 0.0621379 0.937862
5 0.0102335 0.989766
5 0.00248596 0.997514
5 0.143838 0.856162
5 0.142435 0.857565
4 0.999999 9.51111e-07
4 0.816716 0.183284
5 0.0194783 0.980522
5 0.474885 0.525115
5 0.00406277 0.995937
4 0.963716 0.0362837
5 0.099223 0.900777
5 5.20616e-06 0.999995
5 0.00993505 0.990065
5 0.372988 0.627012
5 0.366168 0.633832
5 0.000554611 0.999445
5 0.122259 0.877741
5 0.231605 0.768395
5 0.000224679 0.999775
4 1 1e-07
5 0.255503 0.744497
5 0.429804 0.570196
5 0.0793393 0.920661
4 0.568097 0.431903
5 5.88609e-05 0.999941
5 0.00184479 0.998155
5 0.238515 0.761485
4 0.547553 0.452447
5 0.000654628 0.999345
4 1 2.69935e-07
4 0.977614 0.0223857
5 0.0514499 0.94855
4 0.53275 0.46725
4 0.996669 0.00333095
5 0.432202 0.567798
4 1 1e-07
5 0.00142794 0.998572
5 0.00257868 0.997421
4 0.999645 0.000355077
5 0.297127 0.702873
5 0.000644553 0.999355
5 0.000754791 0.999245
5 0.452891 0.547109
5 0.000198969 0.999801
4 0.992358 0.00764195
4 0.85576 0.14424
4 0.99237 0.00762958
5 0.118702 0.881298
5 0.00341989 0.99658
4 0.580277 0.419723
4 0.58744 0.41256
4 0.507726 0.492274
5 0.00907435 0.990926
5 0.492276 0.507724
5 0.301985 0.698015
5 0.437313 0.562687
5 0.167591 0.832409
4 0.832367 0.167633
4 0.99996 3.99378e-05
4 0.935767 0.0642329
4 0.99195 0.00804993
5 0.0652657 0.934734
5 0.438957 0.561043
5 0.0055543 0.994446
4 0.999998 2.17762e-06
5 0.318133 0.681867
5 0.222931 0.777069
4 0.529251 0.470749
5 0.23299 0.76701
4 0.935443 0.064557
5 0.00097136 0.999029
5 0.14924 0.85076
5 0.491213 0.508787
5 0.374207 0.625793
5 0.249597 0.750403
4 0.812047 0.187953
4 0.875293 0.124707
4 1 1e-07
4 0.906532 0.0934684
5 0.296832 0.703168
4 0.994969 0.00503144
4 0.999993 6.65215e-06
4 0.775196 0.224804
5 0.132487 0.867513
5 0.054133 0.945867
4 0.734826 0.265174
5 0.446456 0.553544
5 0.322548 0.677452
5 0.104229 0.895771
4 0.900608 0.0993921
4 0.997216 0.00278432
5 6.20523e-06 0.999994
4 0.539565 0.460435
5 0.000414053 0.999586
4 0.999713 0.00028673
5 0.0786186 0.921381
5 0.280712 0.719288
5 0.0208959 0.979104
5 0.197298 0.802702
5 0.000129027 0.999871
4 0.536095 0.463905
5 0.0309384 0.969062
5 5.64432e-05 0.999944
4 0.875703 0.124297
4 0.917702 0.0822978
4 0.551559 0.448441
4 0.999988 1.15826e-05
5 0.000440285 0.99956
5 0.0985099 0.90149
4 1 1e-07
5 0.0680404 0.93196
5 0.000652145 0.999348
5 0.144493 0.855507
4 0.576978 0.423022
4 0.679451 0.320549
4 0.750536 0.249464
5 0.00239903 0.997601
4 0.9629 0.0371003
5 0.295999 0.704001
5 0.000564412 0.999436
5 0.390467 0.609533
4 0.999842 0.000157675
5 0.0476538 0.952346
5 0.000253898 0.999746
4 0.55645 0.44355
5 0.00324103 0.996759
5 0.0445651 0.955435
4 0.996799 0.00320116
5 0.166404 0.833596
5 2.52883e-05 0.999975
5 0.00167527 0.998325
5 0.282476 0.717524
5 0.473292 0.526708
5 0.452062 0.547938
5 0.238869 0.761131
5 0.0394833 0.960517
4 0.871798 0.128202
5 0.310648 0.689352
5 0.00609926 0.993901
5 0.0322169 0.967783
5 0.000602956 0.999397
4 0.730366 0.269634
5 0.263322 0.736678
4 0.999965 3.52714e-05
4 0.881057 0.118943
4 0.54035 0.45965
4 0.999956 4.44146e-05
4 0.625497 0.374503
4 0.983954 0.0160462
5 0.00294099 0.997059
5 0.0503119 0.949688
5 0.293531 0.706469
5 0.247191 0.752809
4 0.533731 0.466269
4 0.995612 0.00438786
4 0.810839 0.189161
5 0.066248 0.933752
5 0.206835 0.793165
5 0.485078 0.514922
5 0.0926272 0.907373
4 0.997712 0.00228798
5 0.0187446 0.981255
5 0.0384782 0.961522
5 0.0903963 0.909604
4 0.999979 2.14137e-05
4 0.993505 0.00649456
5 0.469396 0.530604
5 0.00191433 0.998086
5 0.125018 0.874982
5 0.497728 0.502272
5 0.142373 0.857627
4 0.961151 0.0388493
5 0.000525229 0.999475
4 0.99906 0.000940221
5 0.000355038 0.999645
5 0.0314614 0.968539
5 8.54322e-05 0.999915
5 0.00045694 0.999543
4 0.999631 0.000368866
5 0.025072 0.974928
5 0.000405425 0.999595
5 0.393372 0.606628
5 0.0107088 0.989291
5 0.239173 0.760827
5 0.0113566 0.988643
4 0.841097 0.158903
5 0.0105296 0.98947
5 0.28985 0.71015
5 0.00279356 0.997206
5 5.73347e-06 0.999994
5 0.00102871 0.998971
5 0.0573804 0.94262
4 1 1e-07
5 0.0920895 0.90791
5 0.477644 0.522356
5 0.034284 0.965716
4 0.716622 0.283378
4 0.950214 0.0497863
4 0.569725 0.430275
4 0.741191 0.258809
5 1.25615e-05 0.999987
5 0.268666 0.731334
5 0.210652 0.789348
5 0.404553 0.595447
4 0.526547 0.473453
4 0.856321 0.143679
5 0.007955 0.992045
5 0.00205019 0.99795
4 0.754415 0.245585
4 0.959755 0.0402449
5 0.000245826 0.999754
4 0.999999 8.33032e-07
5 0.0921137 0.907886
5 0.14923 0.85077
4 0.97186 0.0281403
5 0.00491466 0.995085
4 0.981192 0.0188084
5 0.149356 0.850644
5 0.399399 0.600601
4 0.578237 0.421763
5 0.397138 0.602862
5 0.000662103 0.999338
4 0.999698 0.000301964
5 0.474452 0.525548
5 0.0164057 0.983594
4 0.91217 0.0878305
4 0.977608 0.0223921
5 0.000428835 0.999571
4 0.705838 0.294162
5 0.0425065 0.957494
5 0.000763742 0.999236
4 0.999961 3.88716e-05
5 0.332127 0.667873
5 0.485566 0.514434
5 0.196602 0.803398
5 0.344317 0.655683
4 0.978279 0.0217209
4 0.846633 0.153367
5 0.149648 0.850352
4 0.962315 0.0376849
4 0.960088 0.0399119
5 0.330006 0.669994
5 0.172791 0.827209
5 0.00132264 0.998677
4 0.679181 0.320819
5 0.255519 0.744481
4 0.918149 0.081851
4 0.998109 0.0018905
4 0.999594 0.000406213
5 0.0530564 0.946944
4 0.942758 0.0572425
5 0.267472 0.732528
5 0.000347621 0.999652
5 0.000928526 0.999071
4 0.999998 1.63992e-06
4 0.978855 0.0211454
5 0.283705 0.716295
5 8.10256e-05 0.999919
5 0.00194523 0.998055
4 0.780292 0.219708
4 1 1e-07
5 0.462515 0.537485
4 0.517708 0.482292
5 0.00124261 0.998757
5 0.00345079 0.996549
4 0.501146 0.498854
4 1 1e-07
5 3.98064e-05 0.99996
5 0.431451 0.568549
4 0.94747 0.0525297
4 0.999987 1.34138e-05
5 0.0162991 0.983701
4 0.870972 0.129028
4 0.995763 0.00423676
4 0.914874 0.0851256
5 0.0255631 0.974437
5 0.408072 0.591928
5 0.407967 0.592033
5 0.000113967 0.999886
4 0.837157 0.162843
4 0.99756 0.00244022
5 0.435831 0.564169
5 2.11812e-06 0.999998
4 0.954236 0.0457644
4 0.999993 7.00268e-06
5 0.000902096 0.999098
5 0.00191726 0.998083
4 0.999989 1.09295e-05
4 0.974117 0.025883
5 0.0434885 0.956512
5 0.0223934 0.977607
5 0.163656 0.836344
4 0.604596 0.395404
5 0.00350031 0.9965
5 0.000688202 0.999312
5 0.261238 0.738762
4 0.999998 1.77028e-06
5 0.0461292 0.953871
5 0.170281 0.829719
5 0.205232 0.794768
5 0.441429 0.558571
5 0.0127676 0.987232
4 0.886093 0.113907
5 0.225214 0.774786
5 0.27054 0.72946
5 0.223992 0.776008
4 0.992488 0.00751163
5 0.0385722 0.961428
5 0.282668 0.717332
4 1 1e-07
5 0.0117278 0.988272
4 0.94547 0.0545298
4 0.590454 0.409546
5 0.214402 0.785598
4 0.61575 0.38425
4 0.623028 0.376972
5 0.0314528 0.968547
5 0.338265 0.661735
4 0.989581 0.0104195
4 0.958504 0.0414958
5 0.0148192 0.985181
4 0.858926 0.141074
5 0.353921 0.646079
5 0.00205982 0.99794
4 0.981086 0.0189144
5 0.49744 0.50256
5 0.269664 0.730336
5 0.124546 0.875454
5 0.00769483 0.992305
4 0.999963 3.70579e-05
4 0.500413 0.499587
5 0.00332773 0.996672
4 0.937658 0.0623419
5 0.100141 0.899859
4 1 1e-07
5 0.401907 0.598093
5 0.0100127 0.989987
5 0.196592 0.803408
5 0.000584364 0.999416
4 0.535021 0.464979
4 0.963195 0.0368048
4 0.550295 0.449705
5 0.030697 0.969303
5 0.00118622 0.998814
4 1 1e-07
4 0.529358 0.470642
5 0.00109542 0.998905
5 0.255488 0.744512
5 0.0152062 0.984794
5 0.174233 0.825767
5 0.348488 0.651512
5 0.00314613 0.996854
4 0.981878 0.0181224
4 0.827349 0.172651
5 0.0551513 0.944849
5 0.216274 0.783726
5 0.247013 0.752987
5 0.051832 0.948168
5 0.0964999 0.9035
4 0.539481 0.460519
5 0.422371 0.577629
5 0.12895 0.87105
5 0.123188 0.876812
5 0.103966 0.896034
4 0.965911 0.0340891
4 0.528756 0.471244
5 0.000870102 0.99913
5 0.0106052 0.989395
4 0.515952 0.484048
5 0.000638114 0.999362
4 0.506812 0.493188
5 0.0356583 0.964342
4 0.740928 0.259072
4 0.507931 0.492069
4 0.998786 0.00121427
4 0.994824 0.00517601
5 0.453517 0.546483
5 0.0682451 0.931755
5 0.0222263 0.977774
4 0.6957 0.3043
5 0.141043 0.858957
5 0.35994 0.64006
5 0.00586504 0.994135
4 0.99987 0.00012995
5 0.49313 0.50687
5 0.00109219 0.998908
5 0.430593 0.569407
5 0.000211292 0.999789
4 0.614587 0.385413
5 0.00041658 0.999583
5 0.446624 0.553376
4 1 1.65242e-07
5 5.73748e-05 0.999943
4 0.948583 0.0514169
4 0.990545 0.00945525
4 0.763084 0.236916
5 0.000209365 0.999791
5 0.138472 0.861528
4 0.920007 0.0799935
5 0.00164184 0.998358
5 0.000324953 0.999675
4 0.512063 0.487937
5 0.00203703 0.997963
5 0.499042 0.500958
4 0.999999 1.33343e-06
4 0.748113 0.251887
4 0.540699 0.459301
5 0.000500384 0.9995
4 0.999179 0.000821115
4 0.930693 0.0693072
5 0.00664105 0.993359
4 0.906099 0.093901
4 0.999997 3.16612e-06
5 0.0657094 0.934291
4 0.660009 0.339991
5 0.492311 0.507689
5 0.457143 0.542857
5 0.00118032 0.99882
5 0.122592 0.877408
4 0.634284 0.365716
4 0.50219 0.49781
5 0.00430947 0.995691
4 0.812134 0.187866
5 0.307946 0.692054
4 0.520992 0.479008
4 0.954676 0.0453239
5 0.279458 0.720542
5 0.272867 0.727133
4 0.583334 0.416666
4 0.999885 0.000115153
5 0.0144509 0.985549
5 0.101481 0.898519
4 0.91847 0.0815303
5 0.115514 0.884486
4 0.999999 8.25135e-07
5 0.001168 0.998832
5 0.180173 0.819827
5 0.041453 0.958547
5 0.162841 0.837159
4 0.512251 0.487749
5 0.0265731 0.973427
4 0.542854 0.457146
5 0.0510865 0.948914
4 0.999986 1.41355e-05
5 0.00348034 0.99652
5 0.123994 0.876006
5 0.051977 0.948023
4 0.999276 0.000723832
5 0.00119554 0.998804
4 0.638236 0.361764
4 0.99049 0.00951048
5 0.0170612 0.982939
5 0.102371 0.897629
5 0.0646777 0.935322
5 0.00199528 0.998005
5 0.00112277 0.998877
5 0.00337158 0.996628
5 0.00182087 0.998179
5 0.180537 0.819463
5 5.66451e-06 0.999994
4 0.963883 0.0361172
4 0.92912 0.0708805
5 0.359941 0.640059
5 0.421944 0.578056
5 0.242906 0.757094
5 0.264476 0.735524
5 0.00575412 0.994246
5 0.000452881 0.999547
5 0.0499404 0.95006
4 0.893066 0.106934
5 0.0142991 0.985701
5 0.343962 0.656038
4 0.999985 1.48884e-05
5 0.311917 0.688083
5 0.00037655 0.999623
5 0.0146285 0.985371
4 0.885566 0.114434
4 0.830626 0.169374
5 0.26158 0.73842
5 0.106045 0.893955
5 0.444702 0.555298
5 0.133587 0.866413
5 0.131759 0.868241
5 0.0588337 0.941166
4 0.863233 0.136767
4 0.545752 0.454248
5 0.0833394 0.916661
5 0.00155707 0.998443
4 0.999121 0.000878815
5 7.70712e-06 0.999992
5 0.307191 0.692809
5 0.0262731 0.973727
4 0.999887 0.000112889
4 0.999994 5.53234e-06
4 0.999986 1.38753e-05
5 0.000819589 0.99918
5 0.00815415 0.991846
5 0.000269838 0.99973
5 0.207065 0.792935
5 0.0456602 0.95434
5 0.0190347 0.980965
5 0.020941 0.979059
4 0.999991 8.70135e-06
5 0.000270451 0.99973
5 0.0146549 0.985345
5 0.00186667 0.998133
5 1.62782e-05 0.999984
4 0.562634 0.437366
5 0.394147 0.605853
5 0.0223979 0.977602
5 0.202714 0.797286
4 0.912667 0.0873326
5 4.00236e-05 0.99996
4 0.795058 0.204942
5 0.00100474 0.998995
5 0.320668 0.679332
5 0.00229862 0.997701
5 0.119057 0.880943
5 0.305865 0.694135
4 0.992102 0.00789818
4 0.585055 0.414945
4 0.877874 0.122126
5 0.095977 0.904023
5 0.192271 0.807729
4 0.979381 0.0206186
5 0.00206666 0.997933
4 0.506059 0.493941
5 0.099412 0.900588
4 0.964703 0.0352967
5 0.000784035 0.999216
4 0.999998 1.71943e-06
5 0.00135226 0.998648
5 0.0159315 0.984069
5 0.363989 0.636011
5 0.10096 0.89904
5 0.49477 0.50523
4 0.560732 0.439268
4 0.511673 0.488327
5 0.357124 0.642876
4 0.608293 0.391707
5 0.000351351 0.999649
4 0.944298 0.0557017
5 0.000402056 0.999598
4 0.898972 0.101028
4 0.757206 0.242794
5 0.373672 0.626328
4 0.670169 0.329831
5 4.7501e-05 0.999952
4 0.995767 0.00423349
5 0.155141 0.844859
5 0.338925 0.661075
5 0.25499 0.74501
4 0.542799 0.457201
4 0.829586 0.170414
5 0.436662 0.563338
5 0.356554 0.643446
5 0.000534316 0.999466
4 0.999359 0.000641134
5 0.00110653 0.998893
4 0.999998 1.86173e-06
5 0.0280341 0.971966
5 2.0686e-05 0.999979
5 0.00114623 0.998854
4 0.99995 4.95062e-05
5 0.0322775 0.967723
4 0.534403 0.465597
4 0.560406 0.439594
4 0.500753 0.499247
4 0.983131 0.0168694
5 0.00262619 0.997374
4 1 1e-07
5 0.00275636 0.997244
5 0.0066877 0.993312
4 0.950045 0.0499547
5 0.465356 0.534644
5 0.000802675 0.999197
4 1 1e-07
5 0.492259 0.507741
5 0.134272 0.865728
5 0.00283864 0.997161
4 0.999825 0.000174576
5 0.273887 0.726113
5 0.0128658 0.987134
5 0.462306 0.537694
5 0.456788 0.543212
5 0.00108397 0.998916
5 0.00859481 0.991405
5 0.479843 0.520157
4 0.780649 0.219351
4 0.995479 0.00452128
4 1 3.73476e-07
5 0.00117164 0.998828
4 0.85351 0.14649
5 0.0252775 0.974722
5 0.0139221 0.986078
4 0.998305 0.00169474
5 0.00360288 0.996397
4 0.532392 0.467608
5 0.00165296 0.998347
5 0.000802742 0.999197
5 0.0688114 0.931189
5 0.289673 0.710327
5 2.38217e-05 0.999976
4 0.518025 0.481975
5 0.117654 0.882346
4 0.513276 0.486724
4 0.948928 0.0510716
4 0.999992 8.29034e-06
5 0.172051 0.827949
5 0.0658692 0.934131
4 0.921017 0.0789829
5 0.0406969 0.959303
4 0.728567 0.271433
5 0.0582241 0.941776
4 0.795644 0.204356
5 0.00113663 0.998863
5 0.000778286 0.999222
4 0.999958 4.2268e-05
4 1 3.99024e-07
4 0.799591 0.200409
5 0.029972 0.970028
4 0.546543 0.453457
5 0.00408851 0.995911
4 0.999543 0.000456859
5 0.00642096 0.993579
5 0.000965137 0.999035
5 0.294432 0.705568
5 0.495724 0.504276
5 0.000756899 0.999243
5 0.00238797 0.997612
5 0.0327909 0.967209
4 0.726246 0.273754
4 0.999898 0.000102235
4 0.513566 0.486434
5 0.0178487 0.982151
5 0.0770332 0.922967
4 1 1e-07
5 0.100262 0.899738
5 0.0129724 0.987028
4 0.999998 2.29065e-06
4 0.99992 7.98662e-05
5 0.226579 0.773421
4 0.771326 0.228674
5 0.00112322 0.998877
5 0.462192 0.537808
5 0.269976 0.730024
5 0.00501492 0.994985
5 0.459881 0.540119
5 0.371706 0.628294
4 1 1e-07
4 0.997718 0.00228209
4 0.999934 6.59526e-05
5 0.113935 0.886065
5 0.336058 0.663942
5 0.0158224 0.984178
5 0.325057 0.674943
4 0.530869 0.469131
5 0.0605186 0.939481
4 0.576778 0.423222
4 0.516749 0.483251
5 0.112096 0.887904
4 0.508677 0.491323
4 0.993811 0.00618852
5 0.450036 0.549964
5 0.0480201 0.95198
5 0.0993132 0.900687
4 0.839687 0.160313
5 0.0311708 0.968829
5 0.031167 0.968833
5 0.00467792 0.995322
4 0.876063 0.123937
5 0.130717 0.869283
5 0.228047 0.771953
5 0.00304326 0.996957
4 0.890582 0.109418
4 0.625327 0.374673
5 0.00245818 0.997542
5 0.149277 0.850723
5 0.455859 0.544141
4 0.634004 0.365996
4 0.884722 0.115278
5 0.462207 0.537793
5 0.00195835 0.998042
5 0.00801628 0.991984
5 0.0502366 0.949763
4 0.932206 0.0677945
5 0.439063 0.560937
4 0.99985 0.000149619
5 0.381781 0.618219
5 0.327844 0.672156
5 0.0703674 0.929633
5 0.130083 0.869917
5 0.00028894 0.999711
5 0.00267986 0.99732
4 0.834344 0.165656
5 0.25004 0.74996
4 0.879303 0.120697
4 0.571113 0.428887
4 0.526031 0.473969
4 0.638875 0.361125
5 0.000379183 0.999621
5 0.000550096 0.99945
5 0.0637858 0.936214
5 0.000215171 0.999785
4 0.872132 0.127868
4 0.999152 0.000847936
5 0.446928 0.553072
4 0.88807 0.11193
5 0.00386612 0.996134
4 0.874064 0.125936
4 0.833782 0.166218
5 0.000961587 0.999038
4 0.999998 1.53697e-06
4 0.520806 0.479194
5 0.344666 0.655334
5 0.00144683 0.998553
5 0.00122102 0.998779
4 0.979543 0.020457
5 0.000580238 0.99942
5 0.464011 0.535989
5 0.414831 0.585169
5 0.000187152 0.999813
4 1 3.69759e-07
5 0.00274551 0.997254
5 0.370219 0.629781
4 0.52706 0.47294
5 0.354512 0.645488
5 0.462066 0.537934
5 7.79937e-05 0.999922
4 0.924904 0.075096
4 0.506491 0.493509
4 0.636039 0.363961
4 0.999935 6.47857e-05
4 0.568642 0.431358
5 0.403696 0.596304
5 0.0317654 0.968235
4 0.999919 8.14949e-05
4 0.999998 1.95813e-06
4 0.514477 0.485523
4 0.999874 0.000125894
5 0.159104 0.840896
5 0.492885 0.507115
4 0.956936 0.0430637
4 0.537676 0.462324
4 0.999975 2.5241e-05
4 1 1e-07
5 1.06873e-05 0.999989
5 0.000158658 0.999841
5 0.000144558 0.999855
5 0.328052 0.671948
5 0.012706 0.987294
4 0.961101 0.0388994
4 0.974596 0.0254044
4 0.931599 0.0684007
4 0.948976 0.0510237
4 0.98854 0.0114605
4 0.999957 4.28741e-05
5 0.000715275 0.999285
5 0.137882 0.862118
4 0.998823 0.0011771
4 0.956653 0.0433467
4 0.870295 0.129705
4 0.999988 1.18267e-05
4 0.558192 0.441808
5 0.0111894 0.988811
4 0.515571 0.484429
5 0.160982 0.839018
5 0.00532698 0.994673
5 0.00549132 0.994509
4 0.998464 0.00153624
5 0.199797 0.800203
4 0.902332 0.0976679
5 0.000118391 0.999882
5 0.000271132 0.999729
5 0.000578098 0.999422
4 0.54854 0.45146
4 1 1e-07
5 0.0119825 0.988017
5 0.313498 0.686502
4 0.550892 0.449108
5 0.0273003 0.9727
5 0.00155135 0.998449
5 0.147587 0.852413
4 0.999481 0.000518709
5 0.128234 0.871766
4 0.602833 0.397167
4 0.586861 0.413139
5 0.320309 0.679691
4 0.575839 0.424161
5 0.0869477 0.913052
5 0.196419 0.803581
4 0.514097 0.485903
5 0.335146 0.664854
5 0.00285121 0.997149
5 0.00844697 0.991553
4 0.889709 0.110291
4 0.516567 0.483433
5 0.0319483 0.968052
5 0.00313996 0.99686
5 0.00218353 0.997816
4 0.843855 0.156145
5 0.0554585 0.944542
4 0.926769 0.0732312
5 0.216207 0.783793
5 0.0723535 0.927647
5 0.477875 0.522125
5 0.448255 0.551745
4 0.947072 0.0529282
4 0.997784 0.0022159
4 0.999165 0.000835028
5 0.176355 0.823645
4 0.991929 0.00807144
5 0.1944 0.8056
4 0.508537 0.491463
5 0.169932 0.830068
4 0.604345 0.395655
4 0.906112 0.0938883
5 0.0909221 0.909078
5 0.00147748 0.998523
5 0.0753572 0.924643
4 0.773483 0.226517
4 0.505636 0.494364
5 0.0218575 0.978142
5 0.240339 0.759661
5 0.000511362 0.999489
5 0.223172 0.776828
5 0.0046567 0.995343
5 0.0161151 0.983885
4 1 1e-07
4 0.995732 0.0042681
5 0.114214 0.885786
5 0.000356231 0.999644
5 0.177006 0.822994
5 0.00036121 0.999639
5 0.390366 0.609634
5 0.289097 0.710903
5 0.252825 0.747175
5 0.00361734 0.996383
5 0.0161191 0.983881
5 0.17514 0.82486
5 0.00153323 0.998467
4 0.734546 0.265454
5 0.0723677 0.927632
5 0.0819636 0.918036
4 0.999999 7.86481e-07
5 0.341377 0.658623
5 0.154378 0.845622
4 0.944293 0.0557074
4 0.996022 0.00397829
4 0.998742 0.00125799
5 0.000402797 0.999597
5 0.00100212 0.998998
4 0.999097 0.000903303
5 0.00105034 0.99895
5 0.461383 0.538617
5 0.000383341 0.999617
5 0.0511936 0.948806
5 0.253301 0.746699
5 0.00262469 0.997375
5 0.0024681 0.997532
4 0.55511 0.44489
4 0.986697 0.0133027
4 0.727239 0.272761
4 0.920873 0.0791268
4 0.999596 0.000403562
5 0.259265 0.740735
5 0.495467 0.504533
5 0.30111 0.69889
4 0.513928 0.486072
5 0.483203 0.516797
5 0.488534 0.511466
4 0.51719 0.48281
5 0.234504 0.765496
5 0.255564 0.744436
4 0.983915 0.0160849
4 0.947781 0.0522185
4 0.617813 0.382187
5 0.0565939 0.943406
4 0.562342 0.437658
5 0.198886 0.801114
5 0.224655 0.775345
5 0.00534461 0.994655
5 0.138333 0.861667
4 0.507224 0.492776
5 0.00921728 0.990783
5 4.36594e-05 0.999956
4 0.999807 0.000192913
5 0.149106 0.850894
5 0.121517 0.878483
5 0.00749437 0.992506
5 0.184919 0.815081
5 0.451957 0.548043
5 0.430816 0.569184
4 0.998383 0.00161712
5 0.15854 0.84146
5 7.63694e-07 0.999999
5 0.0392763 0.960724
4 0.510279 0.489721
5 0.253617 0.746383
5 0.00290775 0.997092
4 0.997621 0.00237947
5 0.210754 0.789246
5 0.458582 0.541418
4 0.999957 4.3409e-05
4 0.977288 0.0227122
5 0.473572 0.526428
4 0.999153 0.000846914
4 0.999999 7.87427e-07
5 0.00273033 0.99727
5 0.453769 0.546231
5 0.0428821 0.957118
4 0.963063 0.0369366
5 0.114166 0.885834
5 0.287764 0.712236
4 0.540505 0.459495
5 0.0264839 0.973516
4 0.994573 0.00542742
4 0.999997 2.62137e-06
5 0.00135927 0.998641
5 0.0358537 0.964146
4 0.999551 0.000448855
4 0.542165 0.457835
4 0.960051 0.0399493
5 0.000186941 0.999813
5 0.495124 0.504876
5 0.000552399 0.999448
5 0.486087 0.513913
5 0.000113442 0.999887
5 0.478624 0.521376
5 0.454612 0.545388
5 0.472144 0.527856
4 0.606137 0.393863
5 0.00146712 0.998533
4 0.672249 0.327751
5 0.444139 0.555861
5 0.102147 0.897853
4 0.992448 0.00755169
4 0.98795 0.0120502
4 0.913473 0.0865269
5 0.311808 0.688192
4 0.527654 0.472346
4 0.983898 0.0161023
5 0.192583 0.807417
5 0.206225 0.793775
5 0.0517573 0.948243
4 0.542109 0.457891
5 5.2187e-06 0.999995
4 0.516027 0.483973
5 6.0834e-07 0.999999
5 0.295941 0.704059
4 0.51391 0.48609
4 1 1e-07
5 0.143916 0.856084
5 5.18856e-07 0.999999
4 0.522087 0.477913
5 0.00208087 0.997919
5 0.00955052 0.990449
5 0.000308341 0.999692
4 0.514488 0.485512
5 0.043419 0.956581
5 0.00804059 0.991959
4 0.949533 0.0504671
5 0.00695263 0.993047
5 0.00234603 0.997654
4 0.554737 0.445263
5 0.0766263 0.923374
5 0.00755086 0.992449
5 0.00198999 0.99801
5 0.00210481 0.997895
5 0.0794163 0.920584
5 0.0402417 0.959758
4 0.998964 0.00103558
4 0.552808 0.447192
4 0.511723 0.488277
4 0.957224 0.0427757
5 0.0380415 0.961959
4 0.986829 0.0131706
5 0.08688 0.91312
5 0.0855176 0.914482
5 0.00219139 0.997809
5 0.0536148 0.946385
5 0.0332208 0.966779
4 0.531049 0.468951
4 0.999999 8.96158e-07
5 0.0463804 0.95362
5 0.211863 0.788137
5 0.14855 0.85145
4 0.615332 0.384668
5 0.00972063 0.990279
5 0.131561 0.868439
5 0.362801 0.637199
5 0.363929 0.636071
4 0.999999 7.56011e-07
5 0.189729 0.810271
5 0.103862 0.896138
5 6.88527e-05 0.999931
5 0.0191078 0.980892
5 0.00344301 0.996557
4 0.962038 0.0379618
5 0.204188 0.795812
4 0.999853 0.000146635
5 0.0017864 0.998214
5 0.297931 0.702069
4 0.86272 0.13728
5 0.0440391 0.955961
5 0.119111 0.880889
4 0.52225 0.47775
5 0.00013611 0.999864
5 0.000734483 0.999266
4 0.970123 0.0298766
5 0.000623216 0.999377
5 0.434928 0.565072
4 0.762498 0.237502
5 0.00433895 0.995661
5 0.0110348 0.988965
5 0.482829 0.517171
5 0.0808919 0.919108
4 0.594091 0.405909
4 0.939931 0.0600693
5 0.272891 0.727109
5 0.000338992 0.999661
4 0.877618 0.122382
5 0.000257821 0.999742
4 1 2.23399e-07
4 0.501473 0.498527
5 0.160102 0.839898
5 0.000296316 0.999704
5 0.00248315 0.997517
5 0.00671162 0.993288
5 0.481233 0.518767
5 0.397818 0.602182
5 0.00352224 0.996478
4 0.999999 6.45027e-07
4 1 1e-07
4 0.99998 1.96402e-05
4 0.983382 0.0166185
5 0.0167634 0.983237
5 0.0702954 0.929705
5 0.34319 0.65681
5 0.0986093 0.901391
5 0.00319101 0.996809
5 0.000212903 0.999787
5 0.133952 0.866048
5 0.257795 0.742205
4 0.571552 0.428448
5 0.180985 0.819015
4 1 2.8161e-07
4 0.502356 0.497644
4 0.856943 0.143057
4 0.56356 0.43644
4 0.989359 0.0106411
5 0.00230268 0.997697
5 0.486159 0.513841
4 0.999808 0.000192143
4 0.989401 0.0105992
5 0.476901 0.523099
5 0.000486241 0.999514
4 0.97288 0.0271203
4 0.999996 3.82832e-06
5 0.109529 0.890471
5 0.00507521 0.994925
4 0.998437 0.00156337
4 0.974136 0.0258641
4 0.972576 0.0274244
5 0.363282 0.636718
5 0.00426262 0.995737
5 0.485108 0.514892
5 0.0744536 0.925546
5 0.0890046 0.910995
4 0.711137 0.288863
5 0.358041 0.641959
5 0.313025 0.686975
5 0.169927 0.830073
5 0.423958 0.576042
4 0.948311 0.0516889
4 1 3.0003e-07
5 0.0268057 0.973194
5 0.427959 0.572041
5 0.194384 0.805616
5 0.0613586 0.938641
4 0.893499 0.106501
5 0.000757771 0.999242
5 0.110029 0.889971
5 0.251214 0.748786
5 0.48352 0.51648
5 0.163308 0.836692
4 0.999807 0.00019271
5 0.352814 0.647186
5 0.0312838 0.968716
4 0.999977 2.27951e-05
5 0.0181953 0.981805
4 0.972382 0.0276175
5 0.19708 0.80292
5 0.472726 0.527274
5 0.002563 0.997437
4 0.981154 0.018846
5 0.0156884 0.984312
5 0.000498939 0.999501
5 0.00895086 0.991049
5 0.000590008 0.99941
5 0.00560199 0.994398
4 0.54002 0.45998
5 0.0240138 0.975986
4 0.844446 0.155554
5 0.00349077 0.996509
4 1 2.24342e-07
4 0.999998 1.93109e-06
5 0.0309333 0.969067
5 0.0887938 0.911206
4 0.726963 0.273037
5 0.000280026 0.99972
5 0.165454 0.834546
4 0.981106 0.0188941
5 0.00829366 0.991706
4 0.999994 6.01982e-06
5 0.389946 0.610054
5 0.498835 0.501165
5 0.0506747 0.949325
5 0.0320491 0.967951
5 0.470899 0.529101
4 0.996598 0.00340222
5 0.0425934 0.957407
5 0.00300815 0.996992
4 0.62696 0.37304
4 0.999998 2.46326e-06
4 0.946626 0.0533743
5 0.356333 0.643667
4 0.518686 0.481314
5 0.265834 0.734166
5 0.155602 0.844398
5 0.00144316 0.998557
4 0.505738 0.494262
5 0.000462236 0.999538
4 0.98038 0.01962
4 0.980415 0.0195847
4 0.780804 0.219196
4 0.852866 0.147134
5 0.298251 0.701749
5 0.000271027 0.999729
5 0.486482 0.513518
4 1 3.92511e-07
5 0.343325 0.656675
5 0.0503506 0.949649
5 0.000136477 0.999864
5 0.148835 0.851165
4 0.968261 0.0317388
4 0.981115 0.0188851
4 0.601264 0.398736
4 0.999999 1.01013e-06
5 0.105258 0.894742
5 0.0670827 0.932917
5 0.000251679 0.999748
4 0.99876 0.00124034
5 0.108745 0.891255
5 0.0671867 0.932813
4 0.979718 0.0202816
5 0.0015511 0.998449
5 0.0439898 0.95601
4 0.516548 0.483452
4 0.654491 0.345509
5 0.473222 0.526778
5 0.345653 0.654347
5 0.48635 0.51365
4 0.516181 0.483819
4 1 1e-07
5 8.88219e-06 0.999991
5 0.018204 0.981796
4 1 1e-07
4 0.631866 0.368134
4 0.978014 0.021986
4 0.999979 2.07578e-05
5 0.00139665 0.998603
4 0.965802 0.0341979
4 1 1e-07
4 0.999968 3.24763e-05
5 0.033299 0.966701
5 0.112081 0.887919
4 0.529753 0.470247
4 0.52752 0.47248
5 0.203991 0.796009
5 0.191204 0.808796
5 0.0946921 0.905308
4 0.531086 0.468914
4 0.927822 0.0721776
4 0.955476 0.0445236
4 0.891594 0.108406
5 0.0025133 0.997487
4 0.523444 0.476556
5 7.54072e-06 0.999992
5 0.160294 0.839706
5 0.0368386 0.963161
5 0.0419453 0.958055
4 0.972264 0.0277356
5 0.279238 0.720762
5 0.0106892 0.989311
5 0.000517521 0.999482
5 0.02359 0.97641
4 0.999958 4.17029e-05
5 0.459248 0.540752
5 0.000584795 0.999415
4 0.99985 0.000150228
5 0.0657467 0.934253
4 1 1e-07
4 0.936294 0.063706
5 0.0645818 0.935418
5 0.0124443 0.987556
4 0.94606 0.0539401
5 0.168709 0.831291
5 0.151068 0.848932
5 0.223599 0.776401
5 0.336308 0.663692
5 0.000255667 0.999744
5 0.447103 0.552897
4 0.947497 0.0525028
5 0.000402774 0.999597
5 0.00570018 0.9943
5 0.000596872 0.999403
5 0.47726 0.52274
4 0.999995 4.50149e-06
5 0.177168 0.822832
5 0.0384583 0.961542
5 0.235886 0.764114
5 0.317819 0.682181
5 0.498513 0.501487
5 0.0898829 0.910117
5 0.00952698 0.990473
5 0.165529 0.834471
4 0.563443 0.436557
5 0.00102411 0.998976
5 1.20292e-06 0.999999
5 3.04848e-05 0.99997
5 0.000482937 0.999517
5 0.345611 0.654389
5 0.0123445 0.987655
5 0.243709 0.756291
5 0.46085 0.53915
5 0.339873 0.660127
5 0.194216 0.805784
5 0.000251473 0.999749
4 0.999999 1.4179e-06
4 0.644414 0.355586
4 0.999994 5.956e-06
5 0.00083876 0.999161
5 0.00527899 0.994721
5 0.443829 0.556171
5 0.000801286 0.999199
5 0.00677066 0.993229
5 0.000374439 0.999626
5 0.00731557 0.992684
5 0.00971249 0.990288
5 0.00842673 0.991573
5 0.496703 0.503297
5 0.258597 0.741403
5 0.00245858 0.997541
5 0.315684 0.684316
4 1 3.1039e-07
5 0.129721 0.870279
5 0.00134382 0.998656
4 0.559885 0.440115
4 0.999999 1.43061e-06
4 0.999905 9.54815e-05
5 0.00205149 0.997949
4 0.895891 0.104109
5 0.3594 0.6406
4 0.989249 0.010751
5 0.443619 0.556381
5 0.012663 0.987337
5 0.000770688 0.999229
5 0.0419014 0.958099
5 0.000430238 0.99957
4 0.669094 0.330906
5 0.163799 0.836201
5 1.07525e-05 0.999989
4 0.515592 0.484408
5 0.157631 0.842369
5 0.00166936 0.998331
5 0.00165756 0.998342
5 1.75116e-06 0.999998
4 0.968938 0.0310618
4 0.54812 0.45188
5 0.000878552 0.999121
5 2.63026e-05 0.999974
4 0.989214 0.0107859
5 0.355468 0.644532
4 0.941601 0.0583994
5 0.491791 0.508209
5 0.00171204 0.998288
5 0.00453958 0.99546
4 0.999463 0.000537345
5 0.00336429 0.996636
4 0.972341 0.0276588
5 0.0663629 0.933637
4 0.931933 0.068067
4 0.999924 7.62302e-05
4 0.994123 0.00587716
4 0.500305 0.499695
4 0.999945 5.52142e-05
5 0.000471205 0.999529
4 0.789455 0.210545
5 0.221013 0.778987
4 0.996716 0.00328409
5 0.446022 0.553978
5 0.464204 0.535796
5 0.185016 0.814984
5 0.0114732 0.988527
5 0.000119657 0.99988
5 0.00168053 0.998319
4 0.999635 0.000365484
5 0.0576399 0.94236
5 0.00182536 0.998175
4 0.999331 0.000669299
5 0.293782 0.706218
4 0.999857 0.00014278
5 0.172416 0.827584
5 0.00166563 0.998334
5 0.00132335 0.998677
5 0.449356 0.550644
4 0.592055 0.407945
4 0.998578 0.00142234
4 0.978894 0.0211056
5 0.0708482 0.929152
5 0.442596 0.557404
5 0.410265 0.589735
5 0.118733 0.881267
4 0.503188 0.496812
5 0.00866291 0.991337
5 0.00198958 0.99801
5 0.121078 0.878922
4 0.509921 0.490079
5 0.25156 0.74844
5 0.33979 0.66021
4 0.999985 1.4602e-05
5 0.00243477 0.997565
4 0.999982 1.78515e-05
4 0.999998 1.85154e-06
5 0.094417 0.905583
5 0.0395965 0.960403
4 0.552959 0.447041
5 0.140517 0.859483
4 0.934079 0.0659205
4 0.595941 0.404059
4 0.587881 0.412119
5 0.00117892 0.998821
5 0.0350284 0.964972
5 0.0289827 0.971017
5 0.170548 0.829452
5 0.00496118 0.995039
4 0.999183 0.000817268
5 0.000515834 0.999484
5 0.00767568 0.992324
5 0.000432974 0.999567
5 0.464939 0.535061
5 0.0806876 0.919312
5 0.173394 0.826606
5 0.0130055 0.986995
5 0.264701 0.735299
5 0.0423658 0.957634
5 0.386227 0.613773
4 0.97542 0.02458
5 0.194879 0.805121
4 0.997798 0.00220205
4 0.610925 0.389075
5 0.244587 0.755413
5 0.208988 0.791012
4 1 1e-07
5 2.48455e-06 0.999998
5 0.318286 0.681714
4 0.702606 0.297394
5 0.439004 0.560996
4 0.989026 0.010974
5 0.408826 0.591174
5 0.377979 0.622021
4 0.998753 0.00124658
4 0.957576 0.0424237
4 0.540271 0.459729
5 0.129501 0.870499
5 0.155853 0.844147
5 0.17459 0.82541
5 0.370114 0.629886
5 0.0257231 0.974277
5 0.0184907 0.981509
5 0.0860586 0.913941
4 0.999905 9.52951e-05
5 0.405977 0.594023
4 1 1e-07
5 0.232397 0.767603
5 0.0128611 0.987139
5 0.450749 0.549251
4 0.999975 2.51568e-05
5 0.00163462 0.998365
4 0.977831 0.0221688
5 0.00106456 0.998935
5 0.000495632 0.999504
4 0.509487 0.490513
5 0.259953 0.740047
5 0.408895 0.591105
4 0.871167 0.128833
4 0.511938 0.488062
4 0.952947 0.0470526
4 0.509227 0.490773
4 0.999778 0.000222066
5 0.386561 0.613439
4 0.997317 0.00268342
4 0.999932 6.79654e-05
4 0.99999 1.02721e-05
4 0.742834 0.257166
5 0.00903109 0.990969
5 0.230563 0.769437
4 0.653585 0.346415
5 0.0443713 0.955629
5 0.335273 0.664727
4 0.95349 0.04651
5 0.0165837 0.983416
5 5.50183e-07 0.999999
4 0.999999 1.10259e-06
5 0.227524 0.772476
5 0.0538199 0.94618
5 0.279886 0.720114
5 0.314548 0.685452
4 0.899664 0.100336
5 0.00596692 0.994033
5 0.460399 0.539601
5 0.00476032 0.99524
4 0.773315 0.226685
5 0.0669186 0.933081
5 0.00136954 0.99863
5 0.000291878 0.999708
4 0.539208 0.460792
4 0.516601 0.483399
4 1 1e-07
5 0.130769 0.869231
5 0.112202 0.887798
4 0.903547 0.0964535
4 0.925618 0.0743819
4 0.931573 0.0684268
4 0.996923 0.00307744
4 0.999854 0.00014561
5 0.00745968 0.99254
5 0.447484 0.552516
5 0.0015889 0.998411
5 0.239605 0.760395
4 0.926128 0.0738716
5 0.00926033 0.99074
4 0.999932 6.7746e-05
5 0.000551355 0.999449
5 0.175719 0.824281
4 0.999968 3.16275e-05
5 0.299712 0.700288
4 0.999999 9.95574e-07
4 1 1.72239e-07
5 8.02818e-05 0.99992
5 1.07658e-05 0.999989
4 0.523422 0.476578
5 0.000405907 0.999594
5 3.29242e-05 0.999967
4 0.714119 0.285881
5 0.253632 0.746368
5 0.173645 0.826355
5 0.000389415 0.999611
5 1.99693e-06 0.999998
4 0.999935 6.49266e-05
5 2.81111e-06 0.999997
4 0.552461 0.447539
4 0.535242 0.464758
4 0.971286 0.0287136
5 0.0956485 0.904351
4 0.997282 0.00271823
5 0.0153233 0.984677
5 0.497515 0.502485
4 0.999992 7.6787e-06
5 0.000818142 0.999182
4 0.961513 0.038487
5 0.180885 0.819115
5 0.00735748 0.992643
5 0.000593859 0.999406
4 0.999991 8.75107e-06
5 0.00243321 0.997567
4 0.961659 0.0383409
5 0.0443112 0.955689
4 0.974408 0.0255916
5 0.000357439 0.999643
4 0.51335 0.48665
5 0.298016 0.701984
5 0.0662784 0.933722
4 0.552627 0.447373
4 0.948582 0.0514176
5 0.356059 0.643941
4 0.999868 0.000132395
4 0.975149 0.0248512
5 0.109754 0.890246
5 0.272363 0.727637
5 0.00136369 0.998636
5 0.316044 0.683956
4 0.999696 0.000304215
5 0.425846 0.574154
5 0.0044539 0.995546
5 0.370987 0.629013
4 0.738733 0.261267
5 0.0140426 0.985957
5 0.432203 0.567797
4 0.942567 0.0574331
4 0.997229 0.00277059
5 0.454803 0.545197
5 0.00420735 0.995793
5 0.0849786 0.915021
5 0.499678 0.500322
5 0.19661 0.80339
4 0.999713 0.000286865
5 0.0116806 0.988319
4 0.859332 0.140668
5 0.0317603 0.96824
4 0.92955 0.0704499
5 0.25259 0.74741
4 0.513015 0.486985
4 0.987879 0.0121207
4 0.504968 0.495032
5 0.00103335 0.998967
5 4.62218e-05 0.999954
4 0.999912 8.83091e-05
5 0.00884356 0.991156
5 0.200797 0.799203
5 0.00899695 0.991003
5 0.000773217 0.999227
4 0.534248 0.465752
4 0.98447 0.0155299
4 0.89292 0.10708
4 1 3.53429e-07
5 0.0255518 0.974448
5 0.0875563 0.912444
4 0.973845 0.0261553
4 1 1e-07
5 0.102719 0.897281
5 3.29391e-07 1
5 0.0692238 0.930776
4 0.551373 0.448627
4 0.818194 0.181806
5 0.112297 0.887703
4 0.995336 0.00466411
5 0.492341 0.507659
5 0.106457 0.893543
5 0.00411368 0.995886
5 0.00448561 0.995514
5 0.213982 0.786018
5 0.0237117 0.976288
4 0.508468 0.491532
5 0.310705 0.689295
4 0.869638 0.130362
4 0.999667 0.00033325
5 0.495381 0.504619
5 0.000329446 0.999671
5 0.00198486 0.998015
5 0.00281762 0.997182
5 0.022127 0.977873
5 0.339247 0.660753
5 0.399328 0.600672
5 0.189542 0.810458
5 0.016077 0.983923
5 0.00315665 0.996843
5 0.050167 0.949833
5 0.0238417 0.976158
5 0.0125266 0.987473
4 0.99977 0.000230497
4 0.999998 2.06979e-06
4 1 4.90112e-07
4 0.95146 0.0485404
4 0.998588 0.00141217
5 0.000409454 0.999591
5 0.0330221 0.966978
5 0.295624 0.704376
4 0.572338 0.427662
5 0.297105 0.702895
5 0.00132508 0.998675
5 0.0016885 0.998312
5 0.1712 0.8288
5 0.000625229 0.999375
5 0.469619 0.530381
5 0.498017 0.501983
5 0.185172 0.814828
5 0.00030274 0.999697
4 1 1e-07
4 0.999988 1.16338e-05
4 0.887594 0.112406
5 0.000329516 0.99967
5 0.499633 0.500367
5 0.0272091 0.972791
5 0.0747623 0.925238
5 0.156483 0.843517
4 0.937622 0.0623783
5 0.355423 0.644577
5 0.0042143 0.995786
4 0.999997 3.02002e-06
5 0.00321112 0.996789
5 0.167742 0.832258
4 0.950781 0.0492189
5 0.235091 0.764909
5 0.0575435 0.942456
4 0.542524 0.457476
5 0.0629868 0.937013
5 0.00147759 0.998522
5 0.0674065 0.932594
4 0.632096 0.367904
5 0.000783767 0.999216
5 0.00372503 0.996275
5 0.000632846 0.999367
4 1 1e-07
4 0.643134 0.356866
4 0.999986 1.37239e-05
4 1 1e-07
4 0.730068 0.269932
5 0.449296 0.550704
5 0.00225964 0.99774
4 0.540977 0.459023
4 0.999998 2.43552e-06
5 0.00947415 0.990526
4 0.939884 0.0601161
5 0.399932 0.600068
5 0.000173757 0.999826
5 0.290967 0.709033
5 0.310065 0.689935
4 0.537491 0.462509
5 0.252202 0.747798
4 0.933736 0.0662638
5 0.0176329 0.982367
4 0.557639 0.442361
5 0.247727 0.752273
5 0.0950331 0.904967
5 0.497803 0.502197
5 0.0104757 0.989524
4 0.992007 0.00799272
5 0.180579 0.819421
5 0.000161453 0.999839
4 0.990796 0.00920361
5 0.0580392 0.941961
5 0.0167442 0.983256
4 0.530056 0.469944
4 1 3.42423e-07
4 0.876742 0.123258
5 0.134069 0.865931
4 0.942924 0.0570755
4 0.992226 0.0077741
5 0.243119 0.756881
5 0.0449305 0.95507
5 0.316031 0.683969
5 0.00629444 0.993706
5 0.00106764 0.998932
5 1.62777e-06 0.999998
4 0.688605 0.311395
5 0.0249326 0.975067
5 0.00039935 0.999601
4 0.562256 0.437744
5 0.208163 0.791837
5 0.130941 0.869059
4 0.500735 0.499265
4 0.999982 1.7576e-05
5 0.478308 0.521692
4 0.857583 0.142417
5 0.0120701 0.98793
5 0.000447844 0.999552
4 1 3.0002e-07
5 0.00069853 0.999301
4 0.994241 0.00575893
4 0.99949 0.0005097
5 0.000342306 0.999658
4 0.783429 0.216571
4 0.996292 0.0037079
4 0.969167 0.0308329
4 0.997887 0.00211283
5 9.15186e-05 0.999908
5 0.000741655 0.999258
4 0.988541 0.011459
5 0.0215233 0.978477
5 0.000787395 0.999213
5 0.371346 0.628654
5 0.0376339 0.962366
4 0.9755 0.0245004
5 0.188242 0.811758
5 0.142793 0.857207
5 0.0743967 0.925603
4 0.955348 0.0446518
5 0.158135 0.841865
5 0.072586 0.927414
5 0.0649494 0.935051
4 0.999665 0.000334934
5 8.73835e-05 0.999913
5 0.0019128 0.998087
4 0.999822 0.000177955
5 0.178478 0.821522
4 0.914733 0.085267
5 0.174882 0.825118
5 0.00067516 0.999325
4 1 1e-07
5 0.00259084 0.997409
5 0.0561156 0.943884
4 0.553823 0.446177
5 0.0321846 0.967815
4 0.9976 0.00240045
4 0.733234 0.266766
5 0.150698 0.849302
5 0.45127 0.54873
5 0.000329064 0.999671
4 0.994996 0.00500411
5 0.273098 0.726902
5 2.71704e-07 1
5 0.454588 0.545412
5 0.00603796 0.993962
5 0.2672 0.7328
4 0.979858 0.0201416
5 0.0055807 0.994419
5 0.0383772 0.961623
4 0.975828 0.0241717
5 0.00212439 0.997876
5 0.00114974 0.99885
4 0.50908 0.49092
5 0.00126233 0.998738
4 0.526738 0.473262
4 0.577193 0.422807
4 0.988151 0.0118493
5 0.0254349 0.974565
5 0.00108469 0.998915
4 0.994596 0.00540417
4 0.753515 0.246485
5 0.000767037 0.999233
4 0.999988 1.15141e-05
5 0.00195397 0.998046
5 0.470565 0.529435
4 0.5176 0.4824
5 0.00481626 0.995184
5 3.28533e-05 0.999967
4 0.999988 1.17686e-05
4 0.535485 0.464515
5 0.24679 0.75321
4 0.516994 0.483006
5 0.159511 0.840489
5 0.0095293 0.990471
4 0.890543 0.109457
4 0.988003 0.0119965
5 0.00781 0.99219
5 0.184484 0.815516
5 0.0430589 0.956941
5 0.000282287 0.999718
5 0.110135 0.889865
5 0.0117115 0.988288
5 0.0104693 0.989531
5 0.362122 0.637878
4 0.957857 0.042143
4 0.530252 0.469748
5 0.00074109 0.999259
4 0.999996 4.29549e-06
5 0.00367022 0.99633
4 0.87851 0.12149
4 0.999989 1.08513e-05
5 0.111648 0.888352
5 0.155541 0.844459
5 0.450699 0.549301
5 0.0537239 0.946276
5 0.099547 0.900453
5 0.00250452 0.997495
5 0.348157 0.651843
4 0.974019 0.0259815
5 0.0537767 0.946223
5 0.000115046 0.999885
5 0.22065 0.77935
5 0.00131807 0.998682
4 0.587616 0.412384
5 0.0192114 0.980789
4 0.949311 0.0506885
5 0.00197463 0.998025
5 0.0489479 0.951052
5 0.47181 0.52819
4 0.987296 0.0127041
5 0.105251 0.894749
5 7.98988e-05 0.99992
5 0.0537323 0.946268
5 0.000509693 0.99949
4 0.99986 0.000139934
5 0.154975 0.845025
5 0.477156 0.522844
4 0.995379 0.00462135
5 0.00019916 0.999801
5 0.290614 0.709386
4 0.999517 0.00048288
5 0.469127 0.530873
4 0.994152 0.00584804
5 0.0290319 0.970968
4 0.83938 0.16062
4 1 1e-07
4 0.971966 0.028034
5 0.000116814 0.999883
5 0.000626868 0.999373
5 0.0640772 0.935923
5 3.66839e-06 0.999996
5 0.268829 0.731171
4 0.924086 0.0759142
5 0.00136623 0.998634
5 0.189237 0.810763
4 0.999325 0.000674599
4 1 1e-07
5 0.431554 0.568446
5 0.0666139 0.933386
5 0.43651 0.56349
4 0.999999 5.49076e-07
5 0.00278407 0.997216
5 0.00543919 0.994561
5 0.127491 0.872509
5 0.20832 0.79168
5 0.312084 0.687916
5 8.7831e-05 0.999912
5 0.0764909 0.923509
5 0.42289 0.57711
5 0.443077 0.556923
5 0.00313184 0.996868
5 0.182727 0.817273
4 0.99993 6.98653e-05
5 0.0077611 0.992239
4 0.999588 0.000411684
5 0.127876 0.872124
5 0.00756165 0.992438
5 0.00156949 0.998431
5 0.230695 0.769305
5 0.0094663 0.990534
5 0.00240147 0.997599
5 0.00304144 0.996959
5 0.000444551 0.999555
4 0.973355 0.0266452
5 0.0864555 0.913545
5 0.454212 0.545788
4 0.998802 0.00119755
4 0.999974 2.64286e-05
5 0.000371916 0.999628
4 0.999812 0.000188064
4 0.960462 0.0395385
4 0.558775 0.441225
4 0.999738 0.000262029
5 0.00129739 0.998703
5 8.64329e-05 0.999914
5 0.102782 0.897218
4 0.977181 0.0228187
5 0.108081 0.891919
4 0.984038 0.0159616
5 0.0435197 0.95648
4 0.672371 0.327629
4 0.703543 0.296457
5 0.479514 0.520486
5 0.0011228 0.998877
5 0.21646 0.78354
5 0.356189 0.643811
5 0.209797 0.790203
5 0.00888711 0.991113
4 0.770271 0.229729
5 0.489152 0.510848
5 0.205979 0.794021
5 0.337507 0.662493
5 0.332486 0.667514
5 0.446125 0.553875
5 0.0273432 0.972657
4 0.99955 0.000450398
5 0.346048 0.653952
4 0.999102 0.000898175
4 0.996229 0.00377064
5 0.187118 0.812882
4 0.998298 0.00170189
4 0.584166 0.415834
5 0.250957 0.749043
5 0.0690207 0.930979
5 0.00167694 0.998323
4 0.993522 0.0064785
5 0.000302708 0.999697
5 0.0569579 0.943042
5 0.494349 0.505651
4 0.910775 0.0892254
5 0.0532787 0.946721
5 0.000920647 0.999079
5 0.0803385 0.919662
5 0.00390274 0.996097
4 0.955843 0.0441574
5 0.465775 0.534225
4 0.897081 0.102919
5 0.00221557 0.997784
5 0.000348668 0.999651
4 0.821418 0.178582
5 1.54571e-05 0.999985
5 0.192173 0.807827
4 0.966215 0.0337851
4 0.999993 6.866e-06
5 0.0835244 0.916476
4 0.964094 0.0359064
4 0.960756 0.0392439
4 0.798786 0.201214
5 0.494453 0.505547
4 0.99998 2.00397e-05
5 0.0840346 0.915965
4 1 4.03963e-07
5 0.0133043 0.986696
4 1 1e-07
5 0.000181747 0.999818
4 0.999999 6.72357e-07
4 0.63471 0.36529
4 0.832273 0.167727
4 0.62382 0.37618
5 0.251842 0.748158
5 0.474434 0.525566
4 0.636553 0.363447
4 0.636773 0.363227
5 0.00897272 0.991027
4 0.999256 0.00074434
4 1 1e-07
4 0.999952 4.75684e-05
4 0.939216 0.0607837
5 0.485841 0.514159
4 0.934183 0.0658173
5 1.66622e-06 0.999998
4 0.510618 0.489382
4 0.914687 0.0853135
5 0.000270134 0.99973
5 0.192147 0.807853
5 0.0647725 0.935227
5 0.474627 0.525373
5 0.0492255 0.950775
5 2.31783e-06 0.999998
4 0.50601 0.49399
4 0.998259 0.00174108
5 0.401948 0.598052
5 0.118952 0.881048
5 0.00028335 0.999717
4 0.956681 0.0433193
5 0.000764791 0.999235
5 0.00382445 0.996176
4 0.871183 0.128817
5 0.438677 0.561323
5 0.177716 0.822284
5 0.00980899 0.990191
5 0.049316 0.950684
5 0.391802 0.608198
5 0.429157 0.570843
5 0.0212568 0.978743
5 0.492899 0.507101
5 0.00863907 0.991361
4 0.536037 0.463963
5 1.78462e-05 0.999982
4 0.961711 0.038289
5 0.370407 0.629593
4 0.747969 0.252031
5 0.200008 0.799992
4 0.571012 0.428988
4 0.524439 0.475561
5 0.460965 0.539035
4 0.999918 8.2391e-05
5 0.00271804 0.997282
5 0.104449 0.895551
5 0.11622 0.88378
4 0.952085 0.0479154
5 0.00178815 0.998212
5 0.0265604 0.97344
5 0.000116229 0.999884
5 0.0723708 0.927629
4 0.603591 0.396409
5 0.000753194 0.999247
4 0.905295 0.0947046
5 0.0155907 0.984409
5 0.473133 0.526867
4 0.533728 0.466272
5 0.000562037 0.999438
5 0.000551528 0.999448
5 0.0900553 0.909945
5 1.97492e-05 0.99998
5 0.00208879 0.997911
5 0.000324044 0.999676
5 0.113476 0.886524
4 0.924071 0.0759293
4 0.516439 0.483561
5 3.09351e-05 0.999969
4 0.998643 0.00135674
5 0.472312 0.527688
4 0.652533 0.347467
4 0.717893 0.282107
5 0.0494121 0.950588
4 0.980862 0.0191378
5 9.63914e-05 0.999904
5 0.188574 0.811426
5 0.421092 0.578908
5 0.207571 0.792429
4 0.999998 2.05888e-06
5 0.241803 0.758197
4 0.628966 0.371034
4 0.930338 0.0696621
5 0.186973 0.813027
5 0.264701 0.735299
5 0.453856 0.546144
5 0.214494 0.785506
4 0.875933 0.124067
4 0.561381 0.438619
4 0.522363 0.477637
4 0.981079 0.0189208
5 0.0206718 0.979328
4 0.633166 0.366834
4 0.955152 0.0448481
5 0.43302 0.56698
5 0.418498 0.581502
5 0.0197134 0.980287
5 0.000857008 0.999143
5 0.130823 0.869177
4 0.896828 0.103172
5 0.0010416 0.998958
5 0.28939 0.71061
5 0.180126 0.819874
5 0.347326 0.652674
5 0.000100106 0.9999
5 0.338838 0.661162
5 0.416438 0.583562
4 0.999705 0.000295322
5 0.000440346 0.99956
5 0.067327 0.932673
4 0.999995 5.4625e-06
5 0.0183075 0.981692
5 0.000541158 0.999459
5 0.00817373 0.991826
4 0.528144 0.471856
4 0.766726 0.233274
5 0.202333 0.797667
4 0.999967 3.3418e-05
5 2.49386e-05 0.999975
5 0.378033 0.621967
4 0.519467 0.480533
5 0.486088 0.513912
5 0.00183036 0.99817
5 0.260483 0.739517
4 0.999919 8.06326e-05
5 0.228105 0.771895
5 0.0203658 0.979634
5 0.237063 0.762937
4 0.662839 0.337161
5 0.0203556 0.979644
4 0.937989 0.0620109
5 0.30051 0.69949
5 7.23834e-07 0.999999
5 0.356677 0.643323
4 0.835938 0.164062
5 0.455026 0.544974
4 0.931136 0.0688638
5 0.0004333 0.999567
5 0.00091284 0.999087
5 0.000139505 0.99986
5 8.49853e-06 0.999992
4 0.509185 0.490815
5 0.481797 0.518203
5 0.370074 0.629926
5 0.00433466 0.995665
5 0.122104 0.877896
5 0.0489665 0.951033
5 0.000589142 0.999411
5 0.120982 0.879018
5 0.485439 0.514561
5 0.00130937 0.998691
4 0.94019 0.0598101
4 0.911288 0.0887124
4 0.708606 0.291394
5 0.317954 0.682046
5 0.46614 0.53386
5 0.00203712 0.997963
5 0.043328 0.956672
4 0.999925 7.52701e-05
5 0.00441502 0.995585
5 0.0166061 0.983394
4 0.999999 5.44518e-07
5 0.00280357 0.997196
4 1 3.4866e-07
5 0.0698401 0.93016
4 0.993775 0.00622495
5 0.000251263 0.999749
4 1 1e-07
4 0.973498 0.026502
5 0.104465 0.895535
5 0.000954253 0.999046
5 0.497637 0.502363
5 0.00226775 0.997732
5 0.00867873 0.991321
5 0.17401 0.82599
4 0.99989 0.000110206
4 1 1e-07
5 0.321819 0.678181
4 0.942786 0.0572142
5 0.385984 0.614016
4 0.538856 0.461144
5 0.133923 0.866077
5 0.229405 0.770595
4 0.943604 0.0563961
5 0.000515149 0.999485
5 0.208628 0.791372
4 0.525449 0.474551
4 0.94198 0.0580204
5 0.45691 0.54309
5 0.202652 0.797348
4 0.987638 0.0123622
4 0.949713 0.0502868
5 0.0110673 0.988933
5 0.413592 0.586408
4 0.536611 0.463389
5 0.110919 0.889081
4 0.999986 1.3897e-05
4 0.512569 0.487431
5 0.00807272 0.991927
5 0.481061 0.518939
5 0.468119 0.531881
4 0.949719 0.0502808
4 0.579469 0.420531
5 0.00220086 0.997799
4 0.880546 0.119454
4 0.999986 1.44648e-05
5 0.00104874 0.998951
5 0.059749 0.940251
4 0.625643 0.374357
4 0.988572 0.0114281
5 0.0239251 0.976075
4 0.964938 0.0350619
4 0.980275 0.019725
5 0.00233612 0.997664
5 0.0113961 0.988604
4 1 1.19481e-07
4 0.986652 0.013348
5 0.00676284 0.993237
5 0.323176 0.676824
5 0.0083917 0.991608
5 0.495211 0.504789
5 0.181749 0.818251
5 3.48511e-05 0.999965
5 3.70413e-06 0.999996
5 0.0107241 0.989276
5 0.00957959 0.99042
4 0.91959 0.0804105
5 0.0190637 0.980936
4 0.98991 0.0100898
4 0.987006 0.0129936
5 0.128567 0.871433
5 0.000394502 0.999605
4 0.953539 0.0464609
4 0.994538 0.00546236
4 0.531224 0.468776
5 0.000379017 0.999621
4 0.966803 0.0331974
4 0.863656 0.136344
5 0.0107379 0.989262
5 0.158078 0.841922
5 0.0193414 0.980659
5 0.00107283 0.998927
5 0.263865 0.736135
5 0.152473 0.847527
5 0.175013 0.824987
5 0.230623 0.769377
5 0.371149 0.628851
4 0.940591 0.059409
5 0.0511016 0.948898
5 0.250451 0.749549
5 0.000567835 0.999432
5 0.000612476 0.999388
5 0.346453 0.653547
4 0.606509 0.393491
5 0.00190505 0.998095
5 0.486991 0.513009
5 0.0761062 0.923894
4 0.941035 0.0589649
4 0.965959 0.0340408
4 1 4.12614e-07
4 0.667682 0.332318
5 0.292327 0.707673
4 0.671972 0.328028
5 0.0009529 0.999047
5 0.31989 0.68011
5 0.193005 0.806995
5 0.298168 0.701832
4 0.802603 0.197397
5 0.0183385 0.981662
5 0.281975 0.718025
4 0.959747 0.040253
4 0.999299 0.000701287
5 0.4592 0.5408
4 0.994385 0.00561486
5 0.272465 0.727535
5 0.000203678 0.999796
5 0.460266 0.539734
4 0.970245 0.0297554
5 0.0447621 0.955238
5 0.000447533 0.999552
5 0.10736 0.89264
5 0.0730948 0.926905
5 0.00124654 0.998753
4 0.703304 0.296696
4 0.970074 0.0299265
4 0.999175 0.00082532
5 0.00643784 0.993562
5 0.162398 0.837602
5 0.459547 0.540453
4 0.976462 0.0235376
5 3.20776e-07 1
5 0.00126476 0.998735
5 0.0425226 0.957477
4 0.944162 0.055838
5 0.027922 0.972078
4 0.520751 0.479249
4 0.724185 0.275815
5 0.00603156 0.993968
5 0.457801 0.542199
4 0.813907 0.186093
5 0.142641 0.857359
5 0.00606189 0.993938
4 0.586517 0.413483
5 0.0758337 0.924166
5 0.00139363 0.998606
5 0.00329406 0.996706
4 1 1e-07
5 0.0280209 0.971979
4 1 4.67353e-07
5 0.130874 0.869126
5 0.182901 0.817099
5 0.310584 0.689416
5 0.196036 0.803964
4 0.999749 0.000250706
4 0.754946 0.245054
5 0.0481785 0.951822
5 0.44616 0.55384
4 0.999999 1.00922e-06
4 0.96946 0.0305396
4 0.797407 0.202593
5 1.77896e-05 0.999982
5 0.303989 0.696011
5 0.478634 0.521366
5 0.0245013 0.975499
5 0.29138 0.70862
5 0.319323 0.680677
5 0.101195 0.898805
4 0.942711 0.0572891
5 0.000179034 0.999821
5 0.00125582 0.998744
4 0.557356 0.442644
5 0.128128 0.871872
4 0.845512 0.154488
4 0.508646 0.491354
5 0.28333 0.71667
5 0.00813689 0.991863
5 0.186228 0.813772
4 0.999992 8.175e-06
4 0.996627 0.00337292
5 0.0831402 0.91686
5 0.00101049 0.99899
5 0.00785261 0.992147
5 0.156797 0.843203
4 0.793818 0.206182
4 0.972843 0.0271569
4 0.682079 0.317921
5 0.000304752 0.999695
4 0.981587 0.0184131
4 0.898994 0.101006
5 0.287179 0.712821
5 0.31302 0.68698
5 0.428925 0.571075
5 0.00260469 0.997395
5 0.114716 0.885284
5 0.104586 0.895414
5 0.0618878 0.938112
5 0.279069 0.720931
5 0.142253 0.857747
4 0.955738 0.0442622
4 0.999999 1.33142e-06
4 0.999816 0.000184088
5 0.00166129 0.998339
5 0.0982953 0.901705
4 0.964166 0.0358345
5 0.450973 0.549027
4 0.999753 0.000246754
5 0.00931196 0.990688
5 0.00389205 0.996108
4 1 1e-07
5 0.00594509 0.994055
5 0.33914 0.66086
5 0.0540603 0.94594
4 0.800443 0.199557
5 0.00307474 0.996925
4 0.590661 0.409339
5 0.00451732 0.995483
4 0.880431 0.119569
4 0.563945 0.436055
5 0.470417 0.529583
5 0.051087 0.948913
4 0.534303 0.465697
5 0.0277499 0.97225
5 0.0180344 0.981966
4 1 1e-07
5 0.036312 0.963688
5 0.000436169 0.999564
4 0.833155 0.166845
5 0.236452 0.763548
5 0.0429093 0.957091
5 0.191146 0.808854
5 0.219508 0.780492
5 0.392622 0.607378
5 0.000262048 0.999738
5 0.458114 0.541886
5 0.00123474 0.998765
5 0.0188079 0.981192
4 0.999825 0.000175231
5 0.00151527 0.998485
5 0.00590058 0.994099
4 0.994048 0.00595172
4 0.971795 0.028205
4 0.837058 0.162942
5 0.0793599 0.92064
5 0.00732148 0.992679
4 0.520624 0.479376
5 0.328164 0.671836
5 0.00185722 0.998143
5 0.10295 0.89705
5 0.357874 0.642126
5 0.466546 0.533454
5 0.169624 0.830376
5 0.380412 0.619588
5 0.0424133 0.957587
4 0.510739 0.489261
4 0.989497 0.0105026
5 0.261719 0.738281
5 0.00209264 0.997907
5 0.000874751 0.999125
4 0.963962 0.0360383
5 0.00126222 0.998738
4 1 1e-07
4 0.990966 0.00903445
5 0.13521 0.86479
5 0.214183 0.785817
5 0.255714 0.744286
5 0.0177883 0.982212
4 0.542355 0.457645
5 0.262029 0.737971
5 1.02358e-05 0.99999
4 0.895704 0.104296
5 0.00342249 0.996578
5 0.0895399 0.91046
5 0.0824376 0.917562
5 0.0184319 0.981568
5 0.00239366 0.997606
5 0.000180739 0.999819
5 0.00103888 0.998961
5 0.000610545 0.999389
4 0.987606 0.0123943
4 0.997391 0.00260947
5 0.000830775 0.999169
5 0.439369 0.560631
5 0.000792987 0.999207
5 0.000203313 0.999797
4 0.957911 0.0420885
5 0.193174 0.806826
5 0.00479694 0.995203
4 0.999996 3.93532e-06
4 0.999106 0.000894349
4 0.625308 0.374692
4 0.999999 6.2849e-07
5 0.000151701 0.999848
4 0.998668 0.00133185
5 0.123729 0.876271
4 0.993369 0.00663116
4 0.540676 0.459324
5 0.000674871 0.999325
5 0.00209451 0.997905
5 0.00135733 0.998643
5 0.158578 0.841422
5 0.000524273 0.999476
5 0.0224494 0.977551
4 0.975992 0.0240084
5 0.0677096 0.93229
4 1 1e-07
5 8.97039e-05 0.99991
5 0.00308975 0.99691
5 0.0103835 0.989616
5 0.0629025 0.937097
5 0.000184421 0.999816
4 0.933232 0.0667682
5 8.98037e-05 0.99991
5 0.432352 0.567648
5 0.0180127 0.981987
5 0.353939 0.646061
4 0.999999 1.45839e-06
4 0.966039 0.0339607
5 0.00066999 0.99933
4 0.933648 0.066352
5 0.333819 0.666181
5 0.0341723 0.965828
4 0.999959 4.13525e-05
5 0.281161 0.718839
4 0.571895 0.428105
5 0.00135175 0.998648
5 0.403882 0.596118
4 0.938264 0.0617355
4 0.992268 0.00773229
4 0.999999 1.1028e-06
4 0.884792 0.115208
5 8.56551e-05 0.999914
5 0.128448 0.871552
5 0.0273626 0.972637
5 0.000187491 0.999813
5 0.309256 0.690744
5 0.000314619 0.999685
5 0.446996 0.553004
4 0.99946 0.000540265
4 0.999999 1.35226e-06
5 0.0371237 0.962876
4 0.999727 0.000273424
4 0.997426 0.00257369
4 0.590712 0.409288
5 0.480444 0.519556
5 7.50776e-05 0.999925
5 0.0368585 0.963142
4 0.592282 0.407718
4 0.920163 0.0798374
4 0.934616 0.0653836
5 0.113079 0.886921
4 0.999998 1.55166e-06
4 0.886926 0.113074
4 0.503409 0.496591
5 0.361041 0.638959
5 4.4404e-05 0.999956
4 0.784315 0.215685
4 0.999975 2.45121e-05
4 0.704685 0.295315
5 0.00047777 0.999522
5 0.334616 0.665384
4 0.984572 0.0154278
4 0.953855 0.0461451
5 0.0510325 0.948968
5 0.000523275 0.999477
4 0.975348 0.0246519
5 0.0173153 0.982685
5 0.070346 0.929654
4 0.956054 0.0439459
5 0.172017 0.827983
4 0.99509 0.00490968
5 0.183245 0.816755
5 0.00655645 0.993444
5 0.28306 0.71694
5 0.00143115 0.998569
4 0.912998 0.0870018
5 0.128028 0.871972
4 0.554923 0.445077
4 0.52841 0.47159
4 0.954291 0.0457092
4 0.985136 0.0148639
5 0.0170034 0.982997
4 0.727957 0.272043
5 0.00116703 0.998833
5 1.56443e-05 0.999984
5 0.088893 0.911107
5 0.0524624 0.947538
5 9.60128e-05 0.999904
4 0.999882 0.000117884
5 0.170669 0.829331
4 0.525469 0.474531
4 0.95037 0.0496297
4 0.970358 0.0296415
4 0.955502 0.0444976
5 0.484015 0.515985
5 0.256794 0.743206
5 0.000586582 0.999413
4 0.99136 0.00863963
5 0.485931 0.514069
5 1e-07 1
5 0.49645 0.50355
5 0.0043317 0.995668
4 1 4.40366e-07
5 0.456888 0.543112
5 0.245503 0.754497
5 0.00176908 0.998231
5 0.248294 0.751706
4 0.999865 0.000134833
4 0.999489 0.000510693
5 0.473698 0.526302
5 0.286611 0.713389
4 0.999149 0.000851173
4 1 1e-07
4 0.964674 0.0353264
5 0.00678473 0.993215
5 0.00156966 0.99843
4 0.999431 0.000568785
4 0.522294 0.477706
5 0.282003 0.717997
5 0.060568 0.939432
5 0.00531058 0.994689
5 0.00189635 0.998104
5 0.000420609 0.999579
5 0.286287 0.713713
5 0.0149428 0.985057
4 0.596812 0.403188
5 0.000369128 0.999631
4 0.894462 0.105538
5 0.359116 0.640884
5 0.00562646 0.994374
5 0.004282 0.995718
5 0.0948404 0.90516
5 0.0508657 0.949134
5 0.0392667 0.960733
5 0.423743 0.576257
5 0.1048 0.8952
5 0.206789 0.793211
4 0.999995 4.61707e-06
5 0.106486 0.893514
5 0.00296579 0.997034
5 0.0216858 0.978314
4 0.898895 0.101105
5 0.445782 0.554218
5 0.00127651 0.998723
4 0.938828 0.0611716
5 0.0359415 0.964059
5 0.00110914 0.998891
4 0.999976 2.43541e-05
4 0.996385 0.00361498
4 0.999975 2.46292e-05
5 0.0255958 0.974404
5 0.0603347 0.939665
5 0.0583377 0.941662
5 0.0237584 0.976242
5 0.00288101 0.997119
5 0.426952 0.573048
4 0.526729 0.473271
4 0.954551 0.0454494
5 0.0117371 0.988263
4 0.999786 0.000213994
5 0.0114871 0.988513
5 0.0337756 0.966224
4 0.999996 3.72082e-06
5 0.0987563 0.901244
5 0.00483399 0.995166
4 0.964824 0.0351761
5 0.499583 0.500417
5 0.0410592 0.958941
4 0.956109 0.0438908
4 0.739636 0.260364
4 0.999989 1.07131e-05
5 0.000381703 0.999618
4 0.688775 0.311225
4 0.995886 0.00411391
5 0.445976 0.554024
5 0.0910019 0.908998
5 0.0527438 0.947256
4 0.572636 0.427364
4 0.94433 0.05567
5 0.0187671 0.981233
4 0.975057 0.0249431
5 0.258121 0.741879
4 0.550744 0.449256
5 0.353507 0.646493
5 0.00331149 0.996689
5 0.407245 0.592755
4 0.99655 0.00345027
4 0.988858 0.0111416
5 0.414463 0.585537
4 0.96234 0.03766
5 0.00282317 0.997177
4 0.523088 0.476912
4 0.999955 4.47996e-05
5 0.0833695 0.916631
5 0.337657 0.662343
5 0.000134333 0.999866
5 0.0302166 0.969783
5 0.270272 0.729728
5 0.022858 0.977142
4 0.970016 0.0299839
4 0.530537 0.469463
5 0.0220148 0.977985
4 0.991279 0.00872067
5 0.015566 0.984434
5 0.196249 0.803751
5 0.0154382 0.984562
5 0.424185 0.575815
5 0.246714 0.753286
5 0.00953668 0.990463
4 0.996961 0.0030391
5 0.413036 0.586964
4 1 1e-07
4 0.999972 2.8095e-05
5 0.000929959 0.99907
5 0.0624358 0.937564
5 0.0131789 0.986821
5 0.348093 0.651907
5 0.46776 0.53224
5 0.0104038 0.989596
4 0.999987 1.28186e-05
5 0.369379 0.630621
5 0.0136132 0.986387
5 0.0341343 0.965866
5 0.00143313 0.998567
5 0.316787 0.683213
5 0.0601813 0.939819
5 0.00851622 0.991484
4 0.518911 0.481089
4 0.839896 0.160104
5 0.0155362 0.984464
5 0.0080635 0.991937
4 0.861868 0.138132
5 0.120044 0.879956
5 0.00921692 0.990783
5 0.371265 0.628735
4 0.877398 0.122602
4 0.524048 0.475952
5 0.0370678 0.962932
5 0.142066 0.857934
5 0.00129752 0.998702
5 0.122357 0.877643
4 0.839605 0.160395
5 0.0004021 0.999598
5 0.400751 0.599249
5 0.00094198 0.999058
5 0.481057 0.518943
5 0.00209413 0.997906
5 0.0258867 0.974113
4 0.95263 0.0473701
5 0.150759 0.849241
5 0.492914 0.507086
5 0.0382994 0.961701
5 0.0261317 0.973868
5 0.000606085 0.999394
4 0.953936 0.046064
5 0.000123737 0.999876
5 0.00312998 0.99687
5 0.0109212 0.989079
5 0.00210195 0.997898
5 0.246688 0.753312
5 0.0883319 0.911668
4 0.886225 0.113775
5 0.281592 0.718408
5 0.427882 0.572118
4 0.999998 2.2306e-06
5 0.00134594 0.998654
4 0.997821 0.00217924
4 0.936441 0.063559
5 0.112798 0.887202
4 0.997518 0.00248228
5 0.000212356 0.999788
4 0.999522 0.000477791
5 0.000919398 0.999081
4 0.698129 0.301871
4 0.99547 0.00452963
4 0.745743 0.254257
5 0.385775 0.614225
5 0.494984 0.505016
5 0.0356651 0.964335
5 0.000213803 0.999786
5 0.0926248 0.907375
5 0.00138301 0.998617
5 0.0010292 0.998971
5 0.467844 0.532156
4 0.99588 0.00411981
5 0.00159987 0.9984
4 0.999994 5.91651e-06
5 0.122591 0.877409
5 0.435263 0.564737
5 0.00225642 0.997744
5 0.216938 0.783062
4 0.572126 0.427874
5 0.000130505 0.999869
5 0.0144561 0.985544
5 0.266469 0.733531
5 0.000689346 0.999311
5 0.128355 0.871645
5 0.0101081 0.989892
5 0.437704 0.562296
4 0.969625 0.0303749
5 0.0321464 0.967854
5 0.0946235 0.905376
5 0.0886071 0.911393
5 0.34845 0.65155
4 0.730556 0.269444
5 0.338516 0.661484
5 0.000809662 0.99919
4 0.552416 0.447584
5 0.0305965 0.969403
4 0.935533 0.0644669
4 0.701737 0.298263
5 0.0155378 0.984462
5 0.0184712 0.981529
5 0.132048 0.867952
5 0.0155928 0.984407
4 0.527738 0.472262
5 0.00519805 0.994802
5 0.0428847 0.957115
4 0.981597 0.0184031
5 0.368855 0.631145
5 0.0445897 0.95541
5 0.456837 0.543163
4 0.513743 0.486257
5 0.00129488 0.998705
4 0.642932 0.357068
5 0.0554534 0.944547
5 0.0222583 0.977742
4 0.960871 0.039129
4 0.877002 0.122998
5 0.0118387 0.988161
5 0.189233 0.810767
4 0.999998 2.22847e-06
5 0.0740947 0.925905
4 0.999868 0.000132081
5 0.40609 0.59391
5 0.356839 0.643161
4 0.999691 0.000308672
5 0.000751959 0.999248
5 0.000811524 0.999188
5 0.00173772 0.998262
4 0.939588 0.0604121
5 0.000738812 0.999261
4 0.842484 0.157516
5 0.157267 0.842733
5 0.00207213 0.997928
4 0.997103 0.00289656
5 0.00349198 0.996508
4 0.999759 0.000240505
5 0.451308 0.548692
5 0.00778565 0.992214
4 0.998895 0.00110529
5 0.254981 0.745019
5 0.00849189 0.991508
4 0.539785 0.460215
5 0.00209199 0.997908
5 1.68523e-05 0.999983
4 0.99998 1.97902e-05
4 0.998925 0.00107549
5 0.030544 0.969456
4 0.943345 0.0566554
5 0.00600349 0.993997
5 0.20846 0.79154
5 0.31442 0.68558
5 0.000699654 0.9993
5 0.350509 0.649491
5 0.00624711 0.993753
5 0.00166654 0.998333
5 0.051443 0.948557
5 0.402517 0.597483
4 0.999606 0.000393914
4 0.924848 0.0751515
5 0.325707 0.674293
5 0.0181019 0.981898
5 0.00517154 0.994828
5 0.00182723 0.998173
5 0.164515 0.835485
5 4.71975e-06 0.999995
5 0.0834024 0.916598
5 0.000206008 0.999794
5 0.00348104 0.996519
5 0.273206 0.726794
5 0.296173 0.703827
4 0.999991 9.43387e-06
5 0.0216518 0.978348
4 0.70666 0.29334
5 0.0024656 0.997534
5 0.000192522 0.999807
5 0.0226637 0.977336
5 0.00117019 0.99883
5 0.0117792 0.988221
5 0.000562562 0.999437
5 0.0019045 0.998096
4 0.999999 6.03972e-07
4 0.556467 0.443533
5 0.0862182 0.913782
4 0.986152 0.0138479
4 0.746275 0.253725
4 0.94903 0.05097
4 0.571923 0.428077
4 0.96746 0.0325395
5 0.103753 0.896247
5 0.478965 0.521035
4 0.854947 0.145053
4 0.508287 0.491713
5 0.0153482 0.984652
5 0.00102761 0.998972
5 6.24955e-06 0.999994
5 0.000874923 0.999125
5 0.438378 0.561622
5 0.0540837 0.945916
5 0.00107447 0.998926
5 0.391405 0.608595
5 0.447393 0.552607
5 0.00131814 0.998682
4 0.977843 0.0221571
5 0.483486 0.516514
5 0.00210053 0.997899
5 0.108178 0.891822
4 0.999701 0.000298955
5 0.00872785 0.991272
5 0.000752737 0.999247
4 0.999984 1.60569e-05
5 0.318013 0.681987
4 0.978699 0.0213008
4 0.506 0.494
5 0.39834 0.60166
5 0.483086 0.516914
5 0.0654862 0.934514
5 0.40868 0.59132
5 9.38624e-05 0.999906
5 0.0356308 0.964369
4 0.983642 0.0163584
5 0.0230469 0.976953
5 0.00570052 0.994299
4 1 3.87476e-07
5 0.00559599 0.994404
5 0.239871 0.760129
5 0.00385944 0.996141
5 0.00105889 0.998941
4 0.589544 0.410456
5 0.183104 0.816896
5 0.000779931 0.99922
5 0.00026712 0.999733
4 0.700465 0.299535
5 0.13373 0.86627
5 2.12243e-06 0.999998
5 0.350779 0.649221
4 0.955023 0.0449767
5 0.000637016 0.999363
4 0.924102 0.0758985
4 0.999481 0.000518873
5 0.45487 0.54513
4 0.99999 9.63814e-06
4 0.964059 0.035941
5 0.0769936 0.923006
5 0.225503 0.774497
4 0.995 0.00500018
5 0.482729 0.517271
4 0.999988 1.18852e-05
5 0.48918 0.51082
5 0.249862 0.750138
5 3.60863e-07 1
5 0.011415 0.988585
5 0.260015 0.739985
5 0.0916615 0.908339
5 0.00198999 0.99801
4 0.999664 0.00033595
4 0.952108 0.0478916
4 0.986531 0.0134691
5 0.00013718 0.999863
5 0.461356 0.538644
5 0.0765231 0.923477
5 0.00981382 0.990186
5 0.0413335 0.958667
5 0.0206196 0.97938
4 0.999914 8.61157e-05
4 0.999698 0.000301792
5 0.000672913 0.999327
4 0.967474 0.0325261
5 0.253676 0.746324
4 0.992987 0.00701338
5 0.108319 0.891681
4 0.558469 0.441531
4 0.673729 0.326271
5 0.306447 0.693553
5 0.41639 0.58361
5 0.239521 0.760479
5 0.238726 0.761274
5 0.00807201 0.991928
4 1 3.44054e-07
4 0.877472 0.122528
4 0.983364 0.0166364
5 0.238233 0.761767
5 0.172238 0.827762
5 0.206026 0.793974
5 1.39916e-05 0.999986
5 0.47103 0.52897
5 0.128991 0.871009
5 0.296635 0.703365
5 0.0237698 0.97623
4 0.55568 0.44432
4 0.993522 0.006478
4 0.974339 0.0256607
4 0.998903 0.00109707
5 0.207266 0.792734
4 0.99998 2.03127e-05
5 7.7828e-06 0.999992
4 0.982022 0.0179782
5 0.497292 0.502708
5 0.319487 0.680513
5 0.00203472 0.997965
4 0.999992 7.92765e-06
5 0.000814718 0.999185
4 0.969869 0.030131
5 0.120087 0.879913
5 0.00310504 0.996895
5 0.187887 0.812113
4 0.99474 0.00526027
5 0.489925 0.510075
5 0.00550788 0.994492
5 0.323958 0.676042
4 0.994672 0.00532778
5 0.14281 0.85719
4 0.523791 0.476209
5 0.105367 0.894633
4 0.871461 0.128539
4 0.985445 0.0145547
5 0.191304 0.808696
4 0.920519 0.0794806
4 0.999959 4.08646e-05
5 9.66531e-05 0.999903
5 0.148384 0.851616
4 0.949437 0.0505632
5 0.00885602 0.991144
5 0.230731 0.769269
5 0.126695 0.873305
5 0.00181249 0.998188
5 0.381742 0.618258
4 0.999888 0.000112413
5 0.00156806 0.998432
4 0.975637 0.0243629
4 0.859774 0.140226
4 0.956851 0.0431491
5 4.86049e-05 0.999951
4 0.999439 0.000560548
5 0.31685 0.68315
5 0.424393 0.575607
5 0.227089 0.772911
5 0.495109 0.504891
5 0.163139 0.836861
4 0.999999 5.4044e-07
5 0.00363593 0.996364
4 0.920655 0.079345
5 0.00354109 0.996459
5 0.00628752 0.993712
5 0.000792745 0.999207
5 0.188318 0.811682
4 0.519214 0.480786
4 0.97141 0.0285903
4 0.958925 0.0410749
5 0.235542 0.764458
4 0.561289 0.438711
5 0.357941 0.642059
5 2.36711e-05 0.999976
4 0.999978 2.21282e-05
4 0.545524 0.454476
4 1 1e-07
4 0.999368 0.000632341
5 0.0620073 0.937993
5 0.0663202 0.93368
5 0.0662801 0.93372
4 0.972227 0.0277728
4 0.801557 0.198443
5 0.335393 0.664607
5 0.479709 0.520291
5 0.108851 0.891149
5 0.107611 0.892389
5 0.0437578 0.956242
4 0.994517 0.00548317
4 0.999993 6.54464e-06
5 0.19076 0.80924
5 0.000156594 0.999843
5 0.460534 0.539466
5 0.0144602 0.98554
5 0.00053795 0.999462
5 0.459982 0.540018
4 0.564215 0.435785
4 0.999997 2.88163e-06
5 0.00127815 0.998722
4 0.562405 0.437595
5 0.00477054 0.995229
5 0.00277858 0.997221
5 0.0508955 0.949105
5 0.481323 0.518677
5 0.212606 0.787394
5 0.357903 0.642097
5 0.439015 0.560985
4 0.537328 0.462672
4 0.989168 0.0108323
5 0.00484392 0.995156
5 0.000244246 0.999756
5 0.0175511 0.982449
5 0.0586883 0.941312
5 0.080389 0.919611
4 0.850528 0.149472
5 0.141256 0.858744
5 0.417123 0.582877
5 0.00389548 0.996105
4 0.999996 4.24311e-06
5 0.0229547 0.977045
4 0.515765 0.484235
5 0.285444 0.714556
4 0.609416 0.390584
5 0.440234 0.559766
5 0.0252695 0.974731
4 0.921256 0.0787435
5 0.00481476 0.995185
5 0.00706906 0.992931
5 0.000131275 0.999869
5 0.0214134 0.978587
5 0.454485 0.545515
4 0.996717 0.00328318
5 0.00725996 0.99274
4 0.89209 0.10791
5 0.153252 0.846748
4 0.999998 1.65698e-06
5 0.0430122 0.956988
4 0.506529 0.493471
5 0.00207093 0.997929
4 0.995124 0.00487615
4 0.515207 0.484793
5 0.263803 0.736197
4 0.88653 0.11347
5 0.0070178 0.992982
5 0.374273 0.625727
4 0.989032 0.010968
5 0.000201011 0.999799
5 0.492063 0.507937
4 0.965108 0.0348921
5 9.43633e-05 0.999906
5 0.0284237 0.971576
4 0.999738 0.000261557
5 0.47638 0.52362
4 0.531427 0.468573
4 0.967035 0.0329647
5 0.14137 0.85863
4 0.500232 0.499768
5 0.431991 0.568009
4 0.531829 0.468171
4 0.569707 0.430293
4 0.906741 0.0932586
5 0.1248 0.8752
5 0.00536519 0.994635
5 0.0113839 0.988616
4 0.630256 0.369744
4 0.908861 0.0911387
5 0.487797 0.512203
5 0.41136 0.58864
5 0.155927 0.844073
5 0.471031 0.528969
5 0.424204 0.575796
5 0.476406 0.523594
4 0.987811 0.0121888
5 0.131632 0.868368
5 0.493582 0.506418
4 1 2.66203e-07
5 0.432208 0.567792
5 0.000122226 0.999878
5 0.0565843 0.943416
4 0.978815 0.0211848
5 0.137283 0.862717
5 8.90197e-06 0.999991
5 0.245062 0.754938
5 0.201576 0.798424
5 0.000410489 0.99959
5 0.00429568 0.995704
5 0.00272577 0.997274
5 0.293602 0.706398
4 0.99426 0.00574004
4 1 1e-07
4 0.899759 0.100241
4 0.995381 0.00461942
4 0.998633 0.00136682
5 0.267782 0.732218
5 1.91786e-06 0.999998
4 0.999899 0.000101296
4 0.77358 0.22642
5 0.159303 0.840697
5 0.000841399 0.999159
5 0.337995 0.662005
5 0.475614 0.524386
5 0.134801 0.865199
4 0.521809 0.478191
4 0.885821 0.114179
4 0.746567 0.253433
5 0.298294 0.701706
5 0.00087243 0.999128
5 0.464668 0.535332
5 0.00724626 0.992754
4 0.961874 0.0381257
5 0.00602639 0.993974
5 0.00209856 0.997901
5 0.00176277 0.998237
5 0.0131766 0.986823
5 0.0142853 0.985715
5 0.072055 0.927945
5 0.464145 0.535855
4 0.524891 0.475109
5 0.00843885 0.991561
4 1 1e-07
5 0.320094 0.679906
5 0.0125469 0.987453
5 0.441907 0.558093
4 0.902732 0.0972678
5 0.00142014 0.99858
5 0.0825111 0.917489
5 0.107348 0.892652
4 1 2.01847e-07
5 0.489585 0.510415
5 0.00260635 0.997394
5 0.145379 0.854621
5 0.447768 0.552232
4 1 1e-07
5 0.0923534 0.907647
5 0.00098466 0.999015
5 0.168154 0.831846
5 0.371199 0.628801
5 0.0114492 0.988551
5 0.000794867 0.999205
5 0.049821 0.950179
5 0.353577 0.646423
5 0.031484 0.968516
5 0.335917 0.664083
4 0.678099 0.321901
4 0.974042 0.0259577
4 0.998107 0.00189326
5 0.117178 0.882822
5 0.0354995 0.964501
5 0.000980522 0.999019
5 0.173707 0.826293
5 0.0099094 0.990091
5 0.0445663 0.955434
5 0.0345757 0.965424
5 0.347267 0.652733
4 0.530305 0.469695
5 0.128449 0.871551
4 0.998884 0.0011156
5 0.445475 0.554525
4 0.999992 8.10435e-06
5 0.486428 0.513572
5 0.0206203 0.97938
5 0.00078128 0.999219
4 0.527886 0.472114
4 0.543722 0.456278
5 1.67502e-05 0.999983
4 0.512071 0.487929
4 0.733177 0.266823
5 0.0120139 0.987986
4 0.519793 0.480207
5 0.147038 0.852962
5 0.00246316 0.997537
4 0.999976 2.41881e-05
5 0.485036 0.514964
5 0.184356 0.815644
4 0.999597 0.00040305
5 0.472415 0.527585
4 0.970615 0.0293849
4 0.999741 0.000258931
5 0.0848914 0.915109
4 0.999798 0.000202145
5 0.00594343 0.994057
5 0.00057125 0.999429
5 0.000702217 0.999298
4 0.989053 0.0109473
4 0.999963 3.71442e-05
4 0.970816 0.0291844
5 0.0718614 0.928139
5 0.480062 0.519938
5 0.0265717 0.973428
5 0.149739 0.850261
4 0.99931 0.000690262
4 0.992777 0.00722286
5 0.123713 0.876287
5 0.244544 0.755456
4 0.707618 0.292382
5 0.00562146 0.994379
5 0.046957 0.953043
5 0.00275052 0.997249
5 9.96952e-05 0.9999
4 0.746343 0.253657
4 0.999999 1.35311e-06
4 0.994249 0.00575064
5 0.284887 0.715113
5 0.124541 0.875459
5 0.0102338 0.989766
4 0.907595 0.0924053
5 0.043192 0.956808
5 0.498662 0.501338
5 0.000923909 0.999076
4 0.514867 0.485133
5 0.013876 0.986124
5 0.318753 0.681247
5 0.455154 0.544846
5 0.0521663 0.947834
4 0.909246 0.0907541
5 0.18758 0.81242
4 0.98972 0.0102803
4 0.999089 0.000911116
4 0.999992 7.92145e-06
4 0.999655 0.000345191
5 0.0261752 0.973825
4 0.867083 0.132917
4 0.840381 0.159619
4 0.821083 0.178917
5 0.12084 0.87916
4 0.576346 0.423654
5 0.17761 0.82239
5 0.210364 0.789636
5 5.06285e-05 0.999949
5 0.00367291 0.996327
4 0.999998 1.94185e-06
4 0.535146 0.464854
4 0.981342 0.0186579
4 0.976546 0.0234537
4 0.995979 0.0040206
