labels 2 5
5 0.000106877 0.999893
5 0.00920769 0.990792
5 0.203024 0.796976
5 1e-07 1
5 0.000234659 0.999765
5 0.36049 0.63951
2 0.645176 0.354824
2 0.958445 0.0415549
5 1e-07 1
5 1e-07 1
5 1.79568e-05 0.999982
5 0.0628521 0.937148
2 0.999986 1.41013e-05
2 0.532039 0.467961
5 0.000710062 0.99929
5 0.000205518 0.999794
5 0.0186736 0.981326
2 0.935429 0.0645708
5 0.00990501 0.990095
2 0.971809 0.0281906
5 0.378944 0.621056
5 0.0542327 0.945767
2 0.9454 0.0546002
2 0.627115 0.372885
5 0.3093 0.6907
5 0.341704 0.658296
2 0.792441 0.207559
5 0.441408 0.558592
2 0.832304 0.167696
2 0.999959 4.13785e-05
5 4.77999e-05 0.999952
5 0.00170534 0.998295
5 0.00180886 0.998191
5 0.284451 0.715549
5 0.206 0.794
2 0.985918 0.0140821
2 0.999009 0.000990861
5 0.198965 0.801035
5 1e-07 1
2 0.999332 0.000668276
5 0.0376975 0.962303
5 0.171448 0.828552
5 0.0859174 0.914083
5 0.306576 0.693424
5 0.26415 0.73585
5 0.173546 0.826454
2 0.997106 0.00289409
5 0.136697 0.863303
2 0.958691 0.0413088
2 0.816402 0.183598
2 0.99842 0.00158008
5 0.0001385 0.999862
5 1.69331e-05 0.999983
2 0.681275 0.318725
2 0.999201 0.000798704
2 0.998997 0.00100335
2 0.550664 0.449336
5 0.431699 0.568301
5 0.287104 0.712896
5 0.0488969 0.951103
2 0.507954 0.492046
5 0.00133429 0.998666
5 0.481193 0.518807
2 0.999831 0.000168773
5 0.00223052 0.997769
5 1.1689e-07 1
2 0.933593 0.0664074
5 0.150122 0.849878
5 0.0547101 0.94529
5 0.00323109 0.996769
5 0.0182437 0.981756
5 0.0511119 0.948888
2 0.999614 0.000386198
2 0.984629 0.0153714
5 0.129597 0.870403
5 2.36929e-06 0.999998
5 0.000180459 0.99982
5 0.427266 0.572734
5 0.285097 0.714903
5 0.215644 0.784356
5 0.00818497 0.991815
5 0.00510107 0.994899
5 0.000293113 0.999707
5 0.451902 0.548098
5 0.00185057 0.998149
2 0.9984 0.00159976
2 0.991941 0.00805949
5 0.0169404 0.98306
5 0.0570034 0.942997
5 0.110535 0.889465
5 1.67028e-06 0.999998
2 0.98402 0.0159804
5 0.0623273 0.937673
2 0.843873 0.156127
2 0.994816 0.00518392
5 1e-07 1
5 0.0417171 0.958283
5 0.231711 0.768289
2 0.988721 0.0112794
5 0.171882 0.828118
5 0.282241 0.717759
2 0.968441 0.0315592
2 0.717535 0.282465
2 0.997871 0.00212948
2 0.982508 0.0174918
5 6.59279e-05 0.999934
5 2.88551e-06 0.999997
2 0.999805 0.000194786
5 0.00288595 0.997114
2 0.711247 0.288753
2 0.523037 0.476963
5 0.0286773 0.971323
2 0.953926 0.0460739
2 0.994373 0.00562732
2 0.950117 0.0498829
2 0.99731 0.00268969
5 3.4618e-06 0.999997
5 0.020759 0.979241
5 0.0407011 0.959299
2 0.994198 0.00580183
5 0.377951 0.622049
2 0.594297 0.405703
5 0.000959114 0.999041
5 0.0340312 0.965969
5 0.0834748 0.916525
2 0.999802 0.00019753
5 0.000410004 0.99959
5 0.445164 0.554836
5 0.111586 0.888414
2 0.994965 0.00503516
5 0.02027 0.97973
5 0.0350533 0.964947
5 0.0134931 0.986507
2 0.996856 0.00314416
2 0.628559 0.371441
2 0.948786 0.0512137
2 0.634489 0.365511
2 0.575181 0.424819
5 1e-07 1
2 0.999933 6.69042e-05
5 0.071477 0.928523
2 0.662703 0.337297
2 0.999795 0.000205485
5 0.00633722 0.993663
5 0.0286025 0.971397
2 0.993731 0.00626865
2 0.999944 5.60688e-05
2 0.593088 0.406912
2 0.911142 0.0888582
5 0.350395 0.649605
2 0.707658 0.292342
2 0.9828 0.0171998
2 0.992313 0.00768722
5 0.26955 0.73045
2 0.997083 0.00291677
2 0.958383 0.0416166
2 0.995822 0.0041776
2 0.889762 0.110238
5 1.41438e-07 1
2 0.959267 0.0407333
5 3.85805e-05 0.999961
5 7.4106e-05 0.999926
5 6.89892e-05 0.999931
5 0.00882467 0.991175
2 0.999893 0.000107227
5 0.402574 0.597426
2 0.999744 0.000255546
2 0.989905 0.0100954
5 0.00793888 0.992061
5 1e-07 1
5 5.50764e-05 0.999945
2 0.996681 0.0033188
5 0.0245567 0.975443
5 0.231222 0.768778
5 1.18926e-05 0.999988
5 9.58266e-05 0.999904
5 0.00468626 0.995314
2 0.993123 0.00687697
5 0.00227719 0.997723
5 0.0744415 0.925559
5 0.000936531 0.999063
5 0.347282 0.652718
5 0.279586 0.720414
5 0.107298 0.892702
2 0.999922 7.80958e-05
5 0.162471 0.837529
2 0.756567 0.243433
5 0.00734186 0.992658
2 0.759922 0.240078
2 0.777095 0.222905
2 0.997623 0.00237713
5 0.000250222 0.99975
2 0.999497 0.0005028
2 0.842053 0.157947
2 0.997838 0.00216155
5 0.00111239 0.998888
2 0.537438 0.462562
5 0.00878231 0.991218
5 0.328671 0.671329
5 0.410332 0.589668
5 2.72735e-05 0.999973
2 0.993523 0.0064772
2 0.987937 0.0120628
2 0.558876 0.441124
2 0.996432 0.00356797
5 1.53051e-05 0.999985
5 0.0811547 0.918845
2 0.762809 0.237191
5 0.0839014 0.916099
2 0.999935 6.48787e-05
5 0.408675 0.591325
5 0.0500399 0.94996
5 0.354521 0.645479
5 0.0422701 0.95773
2 0.997611 0.00238859
2 0.997677 0.00232313
2 0.987194 0.0128061
2 0.507954 0.492046
5 2.47789e-05 0.999975
2 0.704915 0.295085
2 0.889263 0.110737
5 1.04033e-06 0.999999
5 0.0573737 0.942626
2 0.658394 0.341606
2 0.995204 0.00479566
5 0.000122898 0.999877
5 0.147291 0.852709
2 0.999235 0.000764907
2 0.999826 0.000174311
2 0.9727 0.0272995
5 0.20812 0.79188
5 0.268714 0.731286
5 0.130029 0.869971
2 0.753149 0.246851
2 0.999391 0.000609339
5 0.257091 0.742909
5 0.309356 0.690644
5 0.130971 0.869029
5 0.0024207 0.997579
5 0.278904 0.721096
2 0.995996 0.00400361
5 0.0042887 0.995711
5 0.0345179 0.965482
5 0.345749 0.654251
5 0.00594563 0.994054
2 0.715439 0.284561
2 0.944715 0.0552849
5 0.0049724 0.995028
5 6.43359e-05 0.999936
2 0.9953 0.00469994
5 0.15958 0.84042
5 0.118137 0.881863
5 0.000792854 0.999207
2 0.995728 0.0042724
5 0.000543085 0.999457
5 0.295539 0.704461
2 0.998667 0.00133336
5 0.337074 0.662926
5 0.255259 0.744741
2 0.999393 0.000606966
5 0.130848 0.869152
5 0.0237941 0.976206
2 0.575077 0.424923
2 0.694261 0.305739
5 0.00271159 0.997288
5 0.0254244 0.974576
5 1.49557e-06 0.999999
2 0.973327 0.0266732
2 0.995961 0.00403858
5 0.011797 0.988203
2 0.866464 0.133536
2 0.867297 0.132703
2 0.999132 0.0008676
2 0.615972 0.384028
2 0.997734 0.0022662
5 0.315155 0.684845
5 0.194975 0.805025
2 0.993398 0.00660215
2 0.994352 0.00564849
5 2.19497e-06 0.999998
2 0.996707 0.00329327
2 0.999064 0.000935919
2 0.999263 0.000737324
2 0.997835 0.00216482
5 0.0263831 0.973617
2 0.565032 0.434968
2 0.998794 0.00120566
5 0.0219213 0.978079
5 0.0386487 0.961351
2 0.990817 0.0091833
5 0.01701 0.98299
2 0.999834 0.000166053
5 0.108953 0.891047
2 0.999101 0.000898906
5 0.00728822 0.992712
5 1.82332e-07 1
5 0.024893 0.975107
5 1e-07 1
2 0.538405 0.461595
5 0.119253 0.880747
5 7.46443e-07 0.999999
5 3.76324e-05 0.999962
2 0.761999 0.238001
5 0.0283465 0.971654
2 0.826288 0.173712
5 0.386543 0.613457
2 0.999211 0.000788606
5 0.386874 0.613126
5 2.30837e-05 0.999977
2 0.850972 0.149028
5 0.235789 0.764211
5 0.308401 0.691599
5 0.0319423 0.968058
5 0.00544536 0.994555
2 0.992664 0.00733571
5 0.269301 0.730699
5 0.407238 0.592762
5 0.00239572 0.997604
5 0.0040111 0.995989
2 0.9786 0.0213999
5 0.00355775 0.996442
5 0.00464206 0.995358
2 0.995209 0.00479113
5 1.44113e-05 0.999986
5 0.0110431 0.988957
2 0.993329 0.00667131
2 0.994856 0.00514366
5 0.000189827 0.99981
5 0.0103319 0.989668
5 0.165944 0.834056
5 0.00331757 0.996682
2 0.965729 0.0342712
2 0.94396 0.0560398
2 0.998221 0.0017785
5 0.0166527 0.983347
2 0.721205 0.278795
5 0.000150376 0.99985
5 3.01927e-05 0.99997
2 0.995576 0.00442376
2 0.999756 0.000244329
5 0.000586031 0.999414
2 0.88116 0.11884
5 0.488554 0.511446
5 0.0207329 0.979267
2 0.99133 0.00867002
5 0.0110577 0.988942
2 0.999947 5.33906e-05
2 0.794765 0.205235
5 0.00138917 0.998611
5 0.00121826 0.998782
5 0.267278 0.732722
2 0.999831 0.000168701
5 0.000400812 0.999599
5 0.000697997 0.999302
2 0.996812 0.00318833
5 5.58854e-05 0.999944
5 0.00795481 0.992045
2 0.934849 0.0651512
5 3.74484e-06 0.999996
5 0.15763 0.84237
5 0.00943699 0.990563
2 0.998041 0.00195931
2 0.986081 0.0139195
2 0.995259 0.00474086
5 0.000495502 0.999504
2 0.999843 0.000157141
2 0.97123 0.0287703
2 0.980128 0.0198717
2 0.57094 0.42906
5 0.0190674 0.980933
2 0.680586 0.319414
5 0.470297 0.529703
2 0.996696 0.00330429
5 0.107438 0.892562
2 0.998824 0.00117561
5 0.00834583 0.991654
2 0.51628 0.48372
5 0.0841837 0.915816
5 0.0606295 0.93937
5 1.09585e-06 0.999999
2 0.911494 0.0885062
2 0.945767 0.0542326
5 0.00050055 0.999499
2 0.998746 0.00125369
2 0.997036 0.00296443
5 0.0338866 0.966113
2 0.796026 0.203974
5 0.447689 0.552311
2 0.894081 0.105919
2 0.952774 0.0472265
5 0.236952 0.763048
2 0.975419 0.0245812
2 0.925393 0.0746069
5 0.0451721 0.954828
2 0.59269 0.40731
2 0.999694 0.000306169
5 0.34893 0.65107
5 0.493495 0.506505
5 0.45724 0.54276
2 0.998891 0.00110896
2 0.537127 0.462873
5 0.171568 0.828432
2 0.997386 0.00261442
5 2.93637e-06 0.999997
5 0.00205689 0.997943
5 0.016905 0.983095
5 0.0555724 0.944428
2 0.973998 0.0260024
2 0.999919 8.10595e-05
5 0.0523297 0.94767
2 0.999239 0.00076098
5 0.000899352 0.999101
2 0.998035 0.0019651
2 0.971378 0.0286217
5 1.15002e-05 0.999988
5 1.50244e-07 1
5 0.421569 0.578431
2 0.995536 0.00446354
2 0.588546 0.411454
5 6.78309e-06 0.999993
5 0.0894959 0.910504
2 0.861405 0.138595
5 0.15562 0.84438
5 0.0102156 0.989784
5 0.370522 0.629478
5 0.000175372 0.999825
5 0.450858 0.549142
5 0.420858 0.579142
5 0.000540229 0.99946
5 0.0374841 0.962516
2 0.969141 0.0308592
5 0.000114064 0.999886
2 0.999993 7.25885e-06
5 0.00141408 0.998586
5 0.0155011 0.984499
5 0.000127238 0.999873
2 0.997625 0.00237474
5 0.00611327 0.993887
5 0.466138 0.533862
5 0.419187 0.580813
5 0.111522 0.888478
5 7.74348e-06 0.999992
5 0.0206569 0.979343
2 0.798673 0.201327
2 0.995591 0.00440914
2 0.997277 0.00272293
2 0.686041 0.313959
5 7.07771e-06 0.999993
2 0.855434 0.144566
2 0.807001 0.192999
5 0.00148264 0.998517
5 0.0210718 0.978928
5 0.00792545 0.992075
5 0.416816 0.583184
2 0.99988 0.000120053
2 0.611284 0.388716
5 0.032848 0.967152
5 0.418358 0.581642
2 0.908174 0.0918265
5 3.84451e-06 0.999996
5 0.0693198 0.93068
5 0.000378215 0.999622
5 0.0158649 0.984135
2 0.86831 0.13169
2 0.999977 2.29705e-05
5 0.301604 0.698396
5 0.396205 0.603795
5 0.202628 0.797372
2 0.53593 0.46407
5 0.17003 0.82997
2 0.997006 0.00299388
2 0.85984 0.14016
5 0.0765241 0.923476
5 2.47879e-05 0.999975
5 0.21804 0.78196
5 0.0531045 0.946895
2 0.787561 0.212439
5 0.0350623 0.964938
2 0.995752 0.00424827
5 0.00453333 0.995467
5 0.39406 0.60594
2 0.999726 0.000274374
2 0.995459 0.0045411
2 0.986643 0.0133574
5 0.00377851 0.996221
5 0.0574383 0.942562
5 2.11901e-05 0.999979
2 0.997895 0.00210513
5 0.00276927 0.997231
5 2.68326e-06 0.999997
2 0.997722 0.00227812
5 0.000190303 0.99981
5 0.000205463 0.999795
5 0.174062 0.825938
5 0.0441558 0.955844
2 0.999885 0.000115025
5 0.0466359 0.953364
2 0.692605 0.307395
5 2.0008e-06 0.999998
2 0.809868 0.190132
5 2.34827e-06 0.999998
5 1e-07 1
5 0.00218643 0.997814
5 0.114882 0.885118
2 0.840163 0.159837
2 0.53609 0.46391
2 0.995872 0.00412786
5 0.295921 0.704079
5 1.62035e-05 0.999984
5 0.326105 0.673895
2 0.999568 0.000432074
2 0.714524 0.285476
5 2.33174e-07 1
5 0.246027 0.753973
2 0.617444 0.382556
2 0.99912 0.000880005
2 0.997101 0.00289929
5 0.0773287 0.922671
5 2.36686e-07 1
5 0.000932118 0.999068
5 0.398445 0.601555
5 0.188568 0.811432
5 1.80944e-07 1
2 0.54831 0.45169
2 0.997623 0.00237729
5 0.451464 0.548536
5 0.0593894 0.940611
5 5.13916e-06 0.999995
2 0.851546 0.148454
2 0.929073 0.070927
2 0.995784 0.00421558
2 0.99256 0.00744029
2 0.998708 0.00129179
5 6.96448e-07 0.999999
2 0.988982 0.011018
2 0.997298 0.00270163
5 0.0291456 0.970854
5 0.0183339 0.981666
2 0.594733 0.405267
5 1e-07 1
2 0.999868 0.000132242
2 0.937843 0.062157
5 0.000162358 0.999838
2 0.837799 0.162201
5 0.0115778 0.988422
5 0.451198 0.548802
2 0.895268 0.104732
5 0.143055 0.856945
5 0.0112316 0.988768
5 4.17853e-05 0.999958
2 0.665566 0.334434
5 0.00254568 0.997454
2 0.99073 0.00926955
2 0.977492 0.0225076
5 0.388684 0.611316
5 3.92272e-07 1
2 0.996826 0.0031738
2 0.999346 0.000653632
5 0.176936 0.823064
5 0.409263 0.590737
2 0.706952 0.293048
5 0.241357 0.758643
5 0.17385 0.82615
2 0.820101 0.179899
5 1.56051e-07 1
5 0.003385 0.996615
5 0.479202 0.520798
5 0.00149204 0.998508
2 0.879437 0.120563
5 1e-07 1
5 0.00425298 0.995747
2 0.922612 0.0773884
5 0.0973653 0.902635
2 0.998129 0.00187144
2 0.99689 0.00311011
5 0.0125092 0.987491
5 0.0257123 0.974288
2 0.998846 0.00115418
2 0.693669 0.306331
5 1.59957e-06 0.999998
2 0.999032 0.000968243
2 0.629104 0.370896
5 4.01482e-05 0.99996
5 0.0337335 0.966266
5 0.233301 0.766699
2 0.991405 0.00859505
5 0.465628 0.534372
5 0.0617871 0.938213
2 0.998292 0.00170753
2 0.999684 0.000316441
5 0.000772678 0.999227
5 0.000427885 0.999572
2 0.794564 0.205436
5 0.0613089 0.938691
5 1e-07 1
5 0.0406296 0.95937
5 0.401341 0.598659
5 0.000510793 0.999489
5 0.00086046 0.99914
5 0.0160755 0.983925
2 0.656938 0.343062
2 0.954677 0.0453229
5 0.0421201 0.95788
5 0.0343035 0.965696
2 0.99817 0.00183012
5 0.00516211 0.994838
5 0.000610993 0.999389
5 0.0028215 0.997179
2 0.804094 0.195906
5 0.417222 0.582778
2 0.509651 0.490349
2 0.762884 0.237116
2 0.991865 0.00813454
5 0.0704002 0.9296
5 0.448294 0.551706
2 0.999878 0.000122422
2 0.99852 0.0014799
2 0.653091 0.346909
5 0.0729058 0.927094
5 0.000130863 0.999869
5 0.0132014 0.986799
5 0.00247847 0.997522
5 0.000892916 0.999107
5 0.0386702 0.96133
2 0.998703 0.00129673
2 0.587223 0.412777
2 0.501283 0.498717
5 0.197514 0.802486
5 0.0874476 0.912552
2 0.999428 0.000571832
2 0.949713 0.050287
5 0.0529184 0.947082
5 1.41663e-06 0.999999
5 0.23163 0.76837
2 0.999748 0.000251944
5 0.00226975 0.99773
2 0.53853 0.46147
2 0.999426 0.000574019
2 0.993722 0.00627764
2 0.58164 0.41836
5 0.0139481 0.986052
2 0.695524 0.304476
2 0.998109 0.00189129
5 0.0233035 0.976696
2 0.854939 0.145061
2 0.991447 0.00855263
5 0.122463 0.877537
2 0.995249 0.00475058
5 0.0769897 0.92301
2 0.909628 0.0903723
5 0.00043773 0.999562
2 0.869906 0.130094
5 0.0106137 0.989386
2 0.990656 0.00934434
5 0.0018992 0.998101
5 2.92557e-05 0.999971
5 0.409007 0.590993
2 0.999687 0.000312901
5 3.53e-05 0.999965
2 0.999317 0.000682712
5 0.00676981 0.99323
2 0.99996 3.99889e-05
5 0.227141 0.772859
5 0.000618548 0.999381
5 0.00264675 0.997353
5 0.178344 0.821656
5 0.323178 0.676822
2 0.995291 0.00470923
2 0.532479 0.467521
5 0.0109139 0.989086
2 0.997349 0.00265057
2 0.996526 0.00347411
5 0.0607664 0.939234
2 0.611027 0.388973
5 0.177936 0.822064
2 0.979542 0.0204576
5 0.229363 0.770637
2 0.998218 0.00178245
5 0.000222264 0.999778
5 0.0113462 0.988654
2 0.986051 0.0139488
5 0.00226785 0.997732
2 0.99892 0.00107965
5 0.346366 0.653634
5 0.201065 0.798935
2 0.99766 0.00233965
2 0.959284 0.0407163
2 0.582941 0.417059
2 0.998675 0.00132523
2 0.998393 0.00160711
5 0.0688472 0.931153
2 0.999172 0.000827888
2 0.502213 0.497787
2 0.996081 0.00391914
5 0.0153102 0.98469
2 0.545379 0.454621
2 0.995357 0.00464321
5 0.00401983 0.99598
2 0.999302 0.000698318
5 0.00697765 0.993022
5 0.1505 0.8495
5 9.821e-05 0.999902
2 0.997385 0.0026154
2 0.882971 0.117029
5 3.67979e-06 0.999996
5 0.206831 0.793169
2 0.960763 0.0392371
2 0.717555 0.282445
5 7.66195e-05 0.999923
2 0.999023 0.000976905
5 0.00464412 0.995356
5 0.000505112 0.999495
5 0.000167135 0.999833
2 0.992949 0.00705138
5 0.000714842 0.999285
2 0.998874 0.00112609
2 0.880033 0.119967
5 0.00538283 0.994617
5 0.018293 0.981707
5 0.0017874 0.998213
5 0.000600366 0.9994
5 0.0646226 0.935377
5 0.00119695 0.998803
2 0.987891 0.0121092
5 4.26029e-05 0.999957
5 0.370725 0.629275
5 0.0945025 0.905497
2 0.997955 0.00204526
2 0.658741 0.341259
5 0.000568201 0.999432
5 0.0437398 0.95626
2 0.991527 0.00847312
2 0.996797 0.00320322
5 1e-07 1
2 0.832485 0.167515
2 0.999575 0.00042535
2 0.995438 0.00456186
5 0.0131408 0.986859
2 0.979474 0.0205262
5 0.288923 0.711077
5 0.366883 0.633117
2 0.581464 0.418536
5 3.22347e-05 0.999968
2 0.996992 0.00300806
5 0.0127611 0.987239
5 0.194811 0.805189
5 0.15655 0.84345
5 1.42875e-05 0.999986
2 0.993657 0.00634347
5 0.00172019 0.99828
5 0.359004 0.640996
2 0.997595 0.00240454
5 0.000843463 0.999157
2 0.77486 0.22514
5 0.25652 0.74348
2 0.631049 0.368951
5 0.0276006 0.972399
2 0.998628 0.00137154
5 0.202939 0.797061
2 0.991318 0.00868185
5 0.00034096 0.999659
5 0.454873 0.545127
2 0.870521 0.129479
5 0.0291579 0.970842
5 0.366376 0.633624
5 0.00930445 0.990696
5 0.0055367 0.994463
5 0.000345972 0.999654
5 0.00822294 0.991777
5 0.00534721 0.994653
2 0.631475 0.368525
5 8.49821e-07 0.999999
5 0.0424175 0.957582
2 0.792123 0.207877
2 0.999721 0.000278593
2 0.999375 0.000624619
2 0.778692 0.221308
2 0.868926 0.131074
5 3.25478e-05 0.999967
5 5.11917e-05 0.999949
5 0.192917 0.807083
5 0.0374245 0.962576
5 0.00248169 0.997518
2 0.999462 0.000538289
5 0.287915 0.712085
2 0.992013 0.00798724
5 7.66608e-05 0.999923
5 0.10503 0.89497
5 0.0360134 0.963987
2 0.58755 0.41245
2 0.53261 0.46739
2 0.522994 0.477006
5 0.277208 0.722792
2 0.579415 0.420585
2 0.856284 0.143716
2 0.651182 0.348818
2 0.946317 0.0536831
2 0.997724 0.00227612
5 0.0425107 0.957489
5 0.00108028 0.99892
5 1.16972e-05 0.999988
5 1e-07 1
5 0.362209 0.637791
5 0.00200821 0.997992
5 0.479065 0.520935
2 0.946824 0.053176
2 0.911902 0.0880984
5 6.32882e-05 0.999937
5 0.0165676 0.983432
5 2.23717e-05 0.999978
2 0.99992 7.97866e-05
5 0.151846 0.848154
5 0.00478422 0.995216
5 0.16156 0.83844
2 0.693312 0.306688
5 2.99466e-05 0.99997
5 0.0161797 0.98382
5 0.00653417 0.993466
5 1e-07 1
5 0.344027 0.655973
2 0.998998 0.00100217
5 0.0358435 0.964156
2 0.527804 0.472196
5 0.0192446 0.980755
5 8.6448e-07 0.999999
2 0.6864 0.3136
5 9.77178e-05 0.999902
2 0.999739 0.000260612
5 0.000962218 0.999038
5 1.79563e-05 0.999982
5 0.407516 0.592484
2 0.892951 0.107049
2 0.996469 0.0035313
2 0.893532 0.106468
5 0.127761 0.872239
2 0.994922 0.00507826
5 0.101503 0.898497
5 0.000579753 0.99942
2 0.995187 0.00481295
2 0.538432 0.461568
5 0.151611 0.848389
5 0.000103293 0.999897
2 0.643082 0.356918
5 0.0003977 0.999602
5 0.000716699 0.999283
2 0.935874 0.0641257
5 0.111188 0.888812
5 1e-07 1
5 0.000732961 0.999267
2 0.998638 0.00136169
5 3.00189e-07 1
2 0.994885 0.00511485
5 0.0120126 0.987987
5 0.0265946 0.973405
5 1.51334e-05 0.999985
5 0.0170905 0.982909
2 0.752266 0.247734
2 0.98863 0.0113702
2 0.997284 0.00271636
5 0.000676812 0.999323
2 0.999345 0.000654748
5 0.489796 0.510204
2 0.586692 0.413308
5 0.118837 0.881163
2 0.995818 0.00418231
2 0.741437 0.258563
2 0.990406 0.0095942
2 0.999673 0.000327039
5 0.000236717 0.999763
5 0.0514272 0.948573
5 0.0147735 0.985227
5 0.193842 0.806158
5 0.0170422 0.982958
5 4.02798e-07 1
5 6.33636e-05 0.999937
5 0.455415 0.544585
2 0.503278 0.496722
2 0.996994 0.00300608
2 0.997324 0.00267633
2 0.997944 0.00205637
5 0.00629289 0.993707
5 6.93863e-05 0.999931
5 0.198564 0.801436
5 0.00115966 0.99884
5 1.0972e-05 0.999989
5 0.384543 0.615457
2 0.99815 0.00184994
5 4.73837e-06 0.999995
2 0.665588 0.334412
2 0.998333 0.00166738
2 0.858891 0.141109
5 0.00797911 0.992021
2 0.76396 0.23604
2 0.878903 0.121097
5 0.00145042 0.99855
2 0.987099 0.0129006
2 0.996686 0.00331438
5 0.0278899 0.97211
5 0.000473391 0.999527
2 0.998645 0.00135478
5 0.123669 0.876331
5 0.340734 0.659266
5 0.0544947 0.945505
5 0.00587232 0.994128
2 0.863617 0.136383
5 0.0144534 0.985547
5 0.000729362 0.999271
2 0.568398 0.431602
5 0.00226968 0.99773
2 0.995072 0.00492819
5 0.000714564 0.999285
5 0.004357 0.995643
5 0.0542957 0.945704
2 0.999675 0.000324924
5 8.03036e-05 0.99992
2 0.630191 0.369809
5 0.0990678 0.900932
2 0.999132 0.000868447
2 0.774936 0.225064
2 0.953806 0.0461943
5 0.112849 0.887151
5 0.203051 0.796949
5 0.00995113 0.990049
5 0.0284546 0.971545
5 0.0567593 0.943241
5 0.0161754 0.983825
5 0.325714 0.674286
5 0.00640761 0.993592
5 0.00349513 0.996505
2 0.645198 0.354802
2 0.970999 0.0290013
2 0.553677 0.446323
5 0.0294652 0.970535
2 0.997743 0.00225662
5 0.001665 0.998335
2 0.994532 0.00546764
5 0.0235271 0.976473
5 0.00251752 0.997482
2 0.562393 0.437607
2 0.996215 0.00378476
5 0.000821199 0.999179
5 1.20248e-05 0.999988
5 0.0481077 0.951892
2 0.990211 0.00978939
2 0.692454 0.307546
2 0.992144 0.00785551
5 0.00178382 0.998216
5 0.00245386 0.997546
5 0.0452966 0.954703
5 0.318199 0.681801
5 0.000214137 0.999786
2 0.604755 0.395245
2 0.999552 0.000448133
2 0.996703 0.00329706
5 0.258604 0.741396
5 0.00183389 0.998166
2 0.99789 0.00210991
5 0.442435 0.557565
5 0.000856562 0.999143
5 0.0667351 0.933265
2 0.999696 0.000304028
2 0.864041 0.135959
2 0.533485 0.466515
5 4.24208e-06 0.999996
5 0.263468 0.736532
2 0.989842 0.0101576
5 0.167451 0.832549
2 0.999875 0.000125464
2 0.995163 0.0048371
5 1e-07 1
2 0.99959 0.00040986
2 0.994469 0.00553111
5 0.379858 0.620142
2 0.997883 0.00211742
5 0.477087 0.522913
2 0.999657 0.000343086
5 0.121727 0.878273
5 0.101198 0.898802
2 0.697232 0.302768
5 0.271382 0.728618
5 0.00557155 0.994428
5 0.0197077 0.980292
5 0.409645 0.590355
5 0.436018 0.563982
2 0.635396 0.364604
5 0.00095091 0.999049
5 0.113989 0.886011
2 0.995852 0.00414753
5 0.0296054 0.970395
2 0.560834 0.439166
2 0.999248 0.000752335
5 1e-07 1
5 0.00325291 0.996747
5 0.372801 0.627199
5 0.000697044 0.999303
5 0.0207073 0.979293
5 0.0120043 0.987996
5 0.220195 0.779805
2 0.999775 0.00022486
2 0.67226 0.32774
5 0.00077939 0.999221
2 0.999604 0.000396148
2 0.51069 0.48931
5 0.257881 0.742119
5 0.00114308 0.998857
5 0.00583112 0.994169
2 0.867328 0.132672
5 0.0189548 0.981045
2 0.543652 0.456348
2 0.999013 0.000986671
2 0.994712 0.00528774
5 0.116673 0.883327
5 1e-07 1
5 0.0052863 0.994714
5 0.189145 0.810855
5 0.0010347 0.998965
5 0.394715 0.605285
2 0.998645 0.00135454
2 0.99678 0.00321997
5 0.332332 0.667668
5 0.00150181 0.998498
5 0.236474 0.763526
5 0.00910589 0.990894
5 0.000278441 0.999722
2 0.634322 0.365678
5 0.343022 0.656978
2 0.997529 0.00247105
5 0.000429188 0.999571
5 0.0003929 0.999607
2 0.680438 0.319562
5 0.00572619 0.994274
2 0.999043 0.000957069
2 0.900481 0.0995194
5 1.37081e-05 0.999986
5 0.142162 0.857838
5 0.00405623 0.995944
2 0.99902 0.000980285
2 0.999385 0.000614929
2 0.505099 0.494901
2 0.889628 0.110372
5 1.17061e-06 0.999999
5 0.480775 0.519225
2 0.723651 0.276349
2 0.817674 0.182326
5 0.223253 0.776747
2 0.996413 0.00358674
2 0.999555 0.00044531
5 0.110898 0.889102
5 0.000235913 0.999764
2 0.717365 0.282635
2 0.99982 0.000180165
5 1.20987e-06 0.999999
2 0.961232 0.0387683
2 0.998469 0.0015306
5 0.0412328 0.958767
2 0.998121 0.00187923
2 0.999658 0.000341518
5 0.0503454 0.949655
5 1.10444e-06 0.999999
5 3.17091e-05 0.999968
5 0.000180701 0.999819
2 0.993384 0.00661558
5 0.0207873 0.979213
5 0.164203 0.835797
5 0.137836 0.862164
5 0.0102176 0.989782
5 0.202984 0.797016
2 0.820734 0.179266
5 0.144098 0.855902
5 0.000112221 0.999888
5 0.349387 0.650613
2 0.64205 0.35795
5 0.0576794 0.942321
5 0.29057 0.70943
5 1.34428e-05 0.999987
5 0.0631995 0.936801
5 3.51466e-07 1
2 0.996682 0.00331797
2 0.886498 0.113502
5 0.0316536 0.968346
5 0.00019283 0.999807
2 0.974974 0.0250256
2 0.504171 0.495829
5 0.0200341 0.979966
5 5.18541e-06 0.999995
5 6.46467e-06 0.999994
5 0.000409831 0.99959
2 0.999952 4.79556e-05
5 6.48153e-05 0.999935
5 0.000181609 0.999818
2 0.92827 0.0717303
2 0.99888 0.00112
5 0.0488149 0.951185
5 6.37583e-05 0.999936
5 0.323116 0.676884
2 0.721171 0.278829
2 0.993036 0.00696396
2 0.84319 0.15681
2 0.999336 0.000663549
2 0.986234 0.0137658
2 0.998552 0.00144776
2 0.999817 0.000182785
5 0.0829661 0.917034
2 0.997561 0.00243897
5 0.0213939 0.978606
5 0.167809 0.832191
5 0.00870594 0.991294
5 0.0300949 0.969905
2 0.990211 0.00978884
5 0.0830868 0.916913
5 1.72056e-07 1
5 0.00272899 0.997271
5 0.00764122 0.992359
5 4.09516e-06 0.999996
2 0.925988 0.0740124
2 0.521792 0.478208
5 0.0628816 0.937118
2 0.998379 0.00162088
2 0.999373 0.000626897
5 0.0108685 0.989131
2 0.986349 0.0136506
5 0.313478 0.686522
5 0.139351 0.860649
2 0.977566 0.0224344
5 0.105255 0.894745
2 0.999276 0.000723796
5 5.71953e-05 0.999943
2 0.999336 0.000663962
2 0.919067 0.0809327
5 0.00207684 0.997923
5 0.000275928 0.999724
5 0.00805456 0.991945
5 0.213687 0.786313
2 0.99748 0.00252006
5 0.0389662 0.961034
5 1e-07 1
5 0.00116269 0.998837
5 0.0322611 0.967739
5 0.00354195 0.996458
5 0.0246343 0.975366
2 0.68287 0.31713
2 0.70472 0.29528
2 0.955092 0.0449082
5 0.00575476 0.994245
5 0.392037 0.607963
5 6.77059e-05 0.999932
2 0.99102 0.00898004
2 0.999872 0.000127595
2 0.988293 0.0117065
5 0.00748529 0.992515
5 0.000727103 0.999273
2 0.999816 0.000183636
5 0.00232722 0.997673
5 0.481258 0.518742
5 0.0421213 0.957879
5 0.311018 0.688982
5 0.456033 0.543967
2 0.807062 0.192938
2 0.51678 0.48322
5 0.00300924 0.996991
2 0.685031 0.314969
2 0.695457 0.304543
5 0.00310176 0.996898
5 0.000206077 0.999794
2 0.999423 0.000577284
5 0.00418141 0.995819
2 0.995262 0.00473823
5 0.00598252 0.994017
5 0.0274568 0.972543
2 0.789777 0.210223
5 0.00142454 0.998575
5 0.00212057 0.997879
2 0.997634 0.00236559
5 0.0309544 0.969046
2 0.870002 0.129998
5 0.011717 0.988283
5 2.76117e-06 0.999997
2 0.720114 0.279886
2 0.996898 0.00310156
2 0.999533 0.000466696
2 0.999969 3.1136e-05
2 0.996135 0.00386544
2 0.994203 0.00579695
2 0.989793 0.0102074
2 0.996789 0.00321051
5 0.358804 0.641196
5 0.00460478 0.995395
5 0.0130012 0.986999
2 0.998473 0.00152664
5 0.436228 0.563772
2 0.995104 0.00489553
5 0.295011 0.704989
2 0.992456 0.00754421
5 0.0274508 0.972549
2 0.937603 0.062397
2 0.996495 0.00350501
5 0.0104828 0.989517
5 0.000343055 0.999657
5 0.123035 0.876965
5 0.0227648 0.977235
5 0.402924 0.597076
5 0.00657507 0.993425
2 0.998663 0.00133683
2 0.996233 0.00376686
2 0.879594 0.120406
2 0.958647 0.0413526
5 0.00514005 0.99486
5 3.0046e-07 1
2 0.998173 0.00182742
2 0.994649 0.00535143
2 0.92759 0.07241
5 0.00308989 0.99691
2 0.725607 0.274393
2 0.535866 0.464134
2 0.997746 0.00225383
5 0.00828472 0.991715
5 2.03302e-05 0.99998
2 0.99117 0.00883031
5 0.2278 0.7722
5 0.373493 0.626507
5 0.000487677 0.999512
2 0.995601 0.00439861
2 0.997994 0.00200621
5 0.0449094 0.955091
2 0.999857 0.000143195
5 0.0778418 0.922158
2 0.997407 0.00259267
5 0.0130364 0.986964
2 0.729556 0.270444
2 0.999973 2.66793e-05
5 0.00363225 0.996368
5 0.0590029 0.940997
5 0.259074 0.740926
2 0.99908 0.000920091
5 0.344933 0.655067
5 6.76904e-06 0.999993
2 0.99489 0.00511045
5 8.51606e-05 0.999915
2 0.644876 0.355124
5 0.000108931 0.999891
2 0.998506 0.00149442
2 0.998406 0.0015938
2 0.999221 0.000778894
2 0.991732 0.00826752
5 0.00105901 0.998941
5 0.357912 0.642088
2 0.998164 0.00183642
2 0.580546 0.419454
5 0.0733194 0.926681
5 0.00228689 0.997713
5 1.44519e-05 0.999986
5 0.344301 0.655699
2 0.997575 0.00242482
5 0.104753 0.895247
2 0.54239 0.45761
2 0.999975 2.50174e-05
2 0.998843 0.00115655
2 0.997582 0.00241767
5 2.34172e-06 0.999998
2 0.990825 0.00917492
5 1e-07 1
2 0.993174 0.00682643
2 0.996607 0.00339281
5 0.00272915 0.997271
5 0.369524 0.630476
5 9.96248e-07 0.999999
2 0.997646 0.00235447
5 0.00487527 0.995125
5 0.0259039 0.974096
5 8.43394e-05 0.999916
2 0.994562 0.00543761
5 0.0247474 0.975253
5 0.000121142 0.999879
5 0.390119 0.609881
5 1.47334e-05 0.999985
5 0.0444547 0.955545
2 0.999436 0.000564025
5 0.25811 0.74189
5 0.0221851 0.977815
5 0.00212858 0.997871
5 0.0415401 0.95846
2 0.969507 0.0304933
5 0.0645147 0.935485
5 0.195853 0.804147
2 0.60472 0.39528
2 0.997068 0.00293231
5 0.39805 0.60195
5 0.0558697 0.94413
5 0.20535 0.79465
2 0.969044 0.030956
5 0.1609 0.8391
5 0.0313912 0.968609
5 0.145255 0.854745
5 0.134143 0.865857
2 0.991284 0.00871631
2 0.560321 0.439679
5 0.122204 0.877796
2 0.934824 0.0651758
5 0.00251179 0.997488
2 0.997206 0.00279388
5 1.27843e-05 0.999987
2 0.557045 0.442955
2 0.963098 0.0369021
2 0.99726 0.00273989
2 0.809992 0.190008
5 0.192999 0.807001
2 0.999282 0.000717729
5 1e-07 1
5 0.0152951 0.984705
5 0.0100096 0.98999
5 0.0103157 0.989684
2 0.999176 0.000824416
2 0.624763 0.375237
5 0.000306326 0.999694
5 0.396738 0.603262
2 0.80211 0.19789
2 0.648942 0.351058
2 0.903518 0.0964823
2 0.972018 0.0279818
5 1.14101e-05 0.999989
5 0.000426362 0.999574
5 0.211982 0.788018
5 1e-07 1
2 0.996748 0.00325225
5 0.42559 0.57441
5 0.00770164 0.992298
5 0.0375601 0.96244
2 0.997756 0.00224353
2 0.56866 0.43134
2 0.99931 0.000690418
2 0.767377 0.232623
2 0.636424 0.363576
5 0.000101747 0.999898
2 0.775231 0.224769
5 5.26475e-07 0.999999
2 0.732415 0.267585
2 0.994152 0.00584794
2 0.999677 0.000323372
5 1.30437e-05 0.999987
5 2.71999e-05 0.999973
5 0.0060286 0.993971
2 0.9957 0.00429986
2 0.998978 0.00102154
5 0.00182215 0.998178
2 0.808764 0.191236
5 0.0636668 0.936333
2 0.993441 0.00655889
2 0.536948 0.463052
5 0.00198963 0.99801
5 0.298394 0.701606
2 0.571034 0.428966
5 0.00631006 0.99369
5 0.00183163 0.998168
5 0.000358424 0.999642
5 0.000127906 0.999872
2 0.999954 4.56128e-05
2 0.999668 0.000332197
5 0.206014 0.793986
5 0.127123 0.872877
5 0.0018199 0.99818
5 0.0324068 0.967593
2 0.998589 0.00141112
2 0.694089 0.305911
5 0.00120823 0.998792
2 0.99785 0.00214961
5 0.302501 0.697499
2 0.737983 0.262017
2 0.992528 0.00747177
5 0.0102635 0.989737
5 0.262005 0.737995
5 0.154778 0.845222
2 0.998847 0.00115336
5 0.0390845 0.960916
2 0.976123 0.0238773
5 0.25516 0.74484
2 0.983118 0.0168823
2 0.956553 0.0434474
5 5.9542e-07 0.999999
5 0.00232792 0.997672
5 0.44857 0.55143
5 0.0888819 0.911118
5 0.185839 0.814161
2 0.991465 0.00853544
5 0.00142677 0.998573
5 0.414959 0.585041
2 0.992662 0.00733839
5 0.120653 0.879347
2 0.942292 0.0577084
5 2.26433e-06 0.999998
2 0.977612 0.0223882
5 0.0610808 0.938919
2 0.98166 0.0183397
5 0.420056 0.579944
5 0.000159628 0.99984
5 0.0699231 0.930077
2 0.774034 0.225966
2 0.996732 0.00326783
2 0.898002 0.101998
5 0.17867 0.82133
2 0.983521 0.0164792
2 0.999121 0.000879362
5 0.188009 0.811991
5 0.0587907 0.941209
5 0.00200627 0.997994
2 0.999157 0.000842614
2 0.998398 0.00160231
5 0.00138502 0.998615
2 0.955722 0.0442775
5 0.145291 0.854709
5 9.0939e-06 0.999991
5 0.000415801 0.999584
5 0.0062826 0.993717
5 0.0318956 0.968104
2 0.998776 0.00122419
5 2.24633e-05 0.999978
2 0.999927 7.29334e-05
5 0.000808518 0.999191
2 0.946376 0.0536243
2 0.682658 0.317342
5 0.0549233 0.945077
2 0.899162 0.100838
2 0.891578 0.108422
5 5.86553e-05 0.999941
5 0.384541 0.615459
2 0.682033 0.317967
5 0.0125598 0.98744
2 0.806233 0.193767
2 0.996891 0.00310865
2 0.991026 0.00897364
5 0.000595073 0.999405
5 2.65195e-06 0.999997
2 0.998753 0.00124747
5 0.111632 0.888368
5 0.00582106 0.994179
5 0.00735802 0.992642
5 0.386253 0.613747
2 0.865804 0.134196
5 0.329595 0.670405
2 0.995969 0.00403117
5 0.101814 0.898186
2 0.796626 0.203374
2 0.843236 0.156764
5 0.00235308 0.997647
2 0.994484 0.0055162
5 0.00107342 0.998927
2 0.743847 0.256153
5 0.00646064 0.993539
2 0.514927 0.485073
2 0.822427 0.177573
5 3.10087e-05 0.999969
5 1e-07 1
2 0.996923 0.00307748
5 0.488096 0.511904
2 0.991909 0.00809119
5 0.441181 0.558819
5 0.00199796 0.998002
5 0.158194 0.841806
5 0.310888 0.689112
5 0.0428824 0.957118
2 0.997565 0.00243487
5 0.175779 0.824221
5 1e-07 1
5 2.82705e-07 1
5 0.00140299 0.998597
2 0.939209 0.0607906
2 0.776035 0.223965
5 0.413368 0.586632
5 0.00246368 0.997536
5 0.0001176 0.999882
5 0.286277 0.713723
2 0.991469 0.0085312
2 0.998816 0.00118377
2 0.996971 0.00302927
5 0.454407 0.545593
2 0.999524 0.000475604
2 0.997483 0.00251744
5 0.00440354 0.995596
5 1e-07 1
5 0.415198 0.584802
5 0.442358 0.557642
2 0.713152 0.286848
5 0.0887635 0.911237
2 0.81903 0.18097
5 2.42589e-06 0.999998
2 0.928384 0.0716162
5 0.0086 0.9914
2 0.978357 0.0216434
5 0.000344243 0.999656
5 0.0195258 0.980474
2 0.999978 2.16697e-05
2 0.991618 0.00838166
5 0.419153 0.580847
2 0.874098 0.125902
5 0.0405875 0.959413
2 0.995587 0.00441262
5 0.162406 0.837594
5 0.0287779 0.971222
2 0.703669 0.296331
5 0.00190505 0.998095
2 0.997224 0.00277615
5 2.42483e-06 0.999998
5 0.290909 0.709091
5 0.002912 0.997088
5 0.211929 0.788071
5 0.0496523 0.950348
2 0.999427 0.000573429
5 0.237658 0.762342
5 3.60076e-07 1
2 0.99917 0.000829817
2 0.668409 0.331591
2 0.995452 0.00454752
5 0.000278256 0.999722
5 0.129284 0.870716
2 0.925151 0.0748494
2 0.839924 0.160076
5 1e-07 1
5 2.18231e-06 0.999998
5 0.0513916 0.948608
2 0.829066 0.170934
2 0.995016 0.00498385
2 0.999635 0.000365323
5 0.0604202 0.93958
2 0.994575 0.00542481
5 0.00152466 0.998475
2 0.998318 0.00168182
5 0.193495 0.806505
5 7.31522e-05 0.999927
5 0.00424076 0.995759
5 0.00282933 0.997171
2 0.99573 0.00427037
5 0.368332 0.631668
2 0.995495 0.00450549
5 0.0694926 0.930507
5 0.379421 0.620579
5 0.00962086 0.990379
2 0.995928 0.00407198
2 0.589417 0.410583
5 0.00979628 0.990204
5 0.280685 0.719315
2 0.995249 0.00475053
5 5.54359e-05 0.999945
5 2.4923e-07 1
5 2.19739e-07 1
5 1.24829e-06 0.999999
5 0.000517505 0.999482
5 0.0133974 0.986603
2 0.984779 0.0152211
2 0.99573 0.00427002
2 0.990428 0.0095723
2 0.718239 0.281761
5 2.99933e-07 1
2 0.985355 0.0146452
5 0.31937 0.68063
2 0.734478 0.265522
5 0.00827065 0.991729
5 0.000389282 0.999611
2 0.999105 0.000894702
5 1.22589e-05 0.999988
5 0.000163661 0.999836
5 2.04304e-06 0.999998
5 0.0376784 0.962322
5 0.00507051 0.994929
5 0.0277929 0.972207
2 0.995451 0.0045488
5 0.247016 0.752984
5 0.000239515 0.99976
5 0.468018 0.531982
2 0.635453 0.364547
2 0.608643 0.391357
5 0.022312 0.977688
2 0.999351 0.000648649
2 0.613251 0.386749
5 0.0299449 0.970055
5 0.00120137 0.998799
2 0.904565 0.0954347
2 0.999747 0.00025311
5 0.0172084 0.982792
2 0.998509 0.00149107
5 0.0453858 0.954614
5 0.000149968 0.99985
5 4.8951e-05 0.999951
5 1.81748e-06 0.999998
2 0.951305 0.0486947
2 0.535682 0.464318
5 4.5075e-07 1
2 0.998901 0.00109855
2 0.881449 0.118551
5 0.00169454 0.998305
5 5.33222e-05 0.999947
5 1.97238e-07 1
5 0.101222 0.898778
2 0.995965 0.00403511
5 0.0057124 0.994288
5 2.96673e-05 0.99997
2 0.962099 0.0379009
2 0.999678 0.000322392
5 0.154009 0.845991
2 0.997902 0.0020985
5 0.00365001 0.99635
5 0.00462396 0.995376
2 0.738083 0.261917
5 0.0127739 0.987226
5 0.00345694 0.996543
5 0.00354808 0.996452
5 0.403693 0.596307
2 0.999954 4.56472e-05
5 0.110115 0.889885
2 0.996044 0.00395633
2 0.978029 0.021971
5 0.00651245 0.993488
2 0.825613 0.174387
5 0.272169 0.727831
2 0.809036 0.190964
2 0.998804 0.00119619
2 0.98926 0.0107404
2 0.703788 0.296212
5 0.109092 0.890908
5 1.77901e-06 0.999998
5 0.000633286 0.999367
5 0.451611 0.548389
5 0.333034 0.666966
5 0.00103264 0.998967
2 0.618846 0.381154
5 0.488492 0.511508
5 0.0119574 0.988043
5 0.0987248 0.901275
5 0.000696103 0.999304
5 0.00034651 0.999653
2 0.997994 0.00200604
2 0.989776 0.0102244
5 0.359226 0.640774
5 0.0179054 0.982095
5 0.074563 0.925437
2 0.996253 0.003747
2 0.669754 0.330246
5 0.43537 0.56463
2 0.998916 0.00108363
5 0.0055132 0.994487
5 7.73047e-05 0.999923
2 0.931736 0.0682645
2 0.993164 0.00683598
5 0.214602 0.785398
2 0.983274 0.0167256
5 0.397099 0.602901
5 0.00875419 0.991246
2 0.8298 0.1702
5 0.117883 0.882117
5 0.132795 0.867205
5 0.359112 0.640888
2 0.996189 0.00381123
2 0.999593 0.000406838
2 0.870462 0.129538
2 0.999302 0.000697726
2 0.868985 0.131015
5 0.000517155 0.999483
5 0.141242 0.858758
5 0.115851 0.884149
5 0.0498134 0.950187
5 0.00114347 0.998857
2 0.999881 0.00011883
5 0.000365546 0.999634
5 0.0172391 0.982761
5 0.00148958 0.99851
2 0.998793 0.00120734
5 0.0565904 0.94341
2 0.622131 0.377869
5 3.75433e-07 1
2 0.999112 0.000887812
5 0.107591 0.892409
5 0.170683 0.829317
5 0.201263 0.798737
2 0.99971 0.000290013
5 0.407102 0.592898
5 0.465283 0.534717
2 0.999954 4.58305e-05
2 0.986554 0.0134464
2 0.554432 0.445568
5 1e-07 1
2 0.999827 0.000173266
5 0.00217857 0.997821
5 0.0435401 0.95646
2 0.819197 0.180803
2 0.997219 0.00278141
2 0.959559 0.0404411
5 0.0102746 0.989725
5 0.44056 0.55944
5 1.20609e-06 0.999999
5 0.395537 0.604463
2 0.509014 0.490986
2 0.896233 0.103767
2 0.971916 0.0280844
5 0.00514673 0.994853
5 0.0962105 0.90379
5 0.379509 0.620491
5 0.484915 0.515085
2 0.999594 0.000406174
2 0.806562 0.193438
5 0.00550356 0.994496
5 0.00322299 0.996777
2 0.99696 0.00304035
2 0.52082 0.47918
5 0.0276453 0.972355
5 0.0116308 0.988369
5 0.000278359 0.999722
5 0.000554278 0.999446
2 0.991675 0.00832523
2 0.999956 4.4405e-05
5 0.105045 0.894955
2 0.803267 0.196733
2 0.997164 0.00283556
2 0.968544 0.0314556
2 0.996357 0.00364307
2 0.999197 0.000802885
2 0.998544 0.00145568
2 0.593012 0.406988
2 0.689042 0.310958
2 0.64095 0.35905
5 0.336602 0.663398
5 0.0168645 0.983135
5 0.0802455 0.919754
2 0.997509 0.00249134
2 0.974097 0.0259028
2 0.997172 0.00282824
2 0.929429 0.0705715
5 0.00316319 0.996837
5 1e-07 1
2 0.877238 0.122762
2 0.999875 0.000125283
5 0.232754 0.767246
5 0.412354 0.587646
5 0.158056 0.841944
5 0.0333105 0.96669
5 0.0114909 0.988509
2 0.998827 0.00117327
5 1.62225e-07 1
5 0.467972 0.532028
5 0.399088 0.600912
5 0.000669447 0.999331
5 0.000169914 0.99983
2 0.993769 0.00623081
2 0.994011 0.00598851
2 0.955335 0.0446654
5 0.279135 0.720865
5 2.043e-06 0.999998
2 0.503328 0.496672
2 0.860101 0.139899
2 0.997832 0.0021684
5 0.476866 0.523134
5 0.480616 0.519384
5 0.00310478 0.996895
5 0.00230998 0.99769
5 0.00377238 0.996228
2 0.999985 1.54411e-05
5 0.122153 0.877847
5 0.000646795 0.999353
2 0.697494 0.302506
5 0.00185856 0.998141
2 0.648044 0.351956
2 0.975144 0.0248559
2 0.876222 0.123778
2 0.90733 0.0926698
5 0.012729 0.987271
5 5.31492e-07 0.999999
5 2.9812e-06 0.999997
2 0.999233 0.000767115
5 0.00360886 0.996391
5 0.000288368 0.999712
2 0.894994 0.105006
2 0.999352 0.000647934
2 0.972904 0.0270962
5 0.000160289 0.99984
5 1e-07 1
2 0.995635 0.00436538
5 1.83193e-06 0.999998
2 0.997972 0.00202756
2 0.99768 0.00231992
5 0.0433301 0.95667
5 0.123305 0.876695
2 0.98895 0.0110501
5 1.82429e-06 0.999998
2 0.999206 0.000793843
2 0.65555 0.34445
5 0.000159842 0.99984
5 0.326368 0.673632
5 0.106478 0.893522
5 0.0204526 0.979547
5 0.000109613 0.99989
2 0.529884 0.470116
5 0.00437857 0.995621
5 0.0789553 0.921045
5 0.024837 0.975163
2 0.958241 0.0417587
5 0.000525275 0.999475
2 0.995315 0.00468545
5 0.317806 0.682194
2 0.992695 0.00730505
2 0.584276 0.415724
2 0.87522 0.12478
2 0.971439 0.0285612
2 0.62344 0.37656
5 0.0203946 0.979605
2 0.688136 0.311864
5 0.416166 0.583834
5 0.000411542 0.999588
2 0.999934 6.56117e-05
2 0.769014 0.230986
2 0.812967 0.187033
5 0.000506058 0.999494
2 0.999722 0.000278221
2 0.631759 0.368241
5 0.0207171 0.979283
2 0.545765 0.454235
5 0.0520819 0.947918
2 0.984323 0.0156769
2 0.992629 0.00737073
5 0.0136606 0.986339
2 0.578325 0.421675
2 0.99747 0.00252959
2 0.997629 0.00237057
2 0.858983 0.141017
5 8.89359e-06 0.999991
5 0.0473253 0.952675
5 0.129983 0.870017
5 0.00896206 0.991038
5 0.171664 0.828336
2 0.997937 0.00206324
5 0.209537 0.790463
2 0.997948 0.00205212
5 0.000218482 0.999782
5 1.35296e-06 0.999999
2 0.931294 0.0687063
5 6.10554e-06 0.999994
2 0.994899 0.00510078
5 2.54646e-05 0.999975
5 0.000210665 0.999789
2 0.994 0.006
5 0.178581 0.821419
2 0.704644 0.295356
2 0.720594 0.279406
5 0.0705687 0.929431
5 0.466699 0.533301
5 0.034762 0.965238
2 0.797479 0.202521
5 0.158234 0.841766
5 1e-07 1
2 0.856506 0.143494
5 0.377124 0.622876
5 0.497138 0.502862
5 0.0158121 0.984188
2 0.986368 0.0136319
2 0.995453 0.00454659
2 0.972394 0.0276063
5 0.039526 0.960474
5 0.00245326 0.997547
2 0.585616 0.414384
5 0.0156545 0.984345
2 0.999015 0.000984578
2 0.999712 0.000287923
5 0.21218 0.78782
2 0.611712 0.388288
2 0.997523 0.00247736
5 0.0461902 0.95381
5 3.28271e-05 0.999967
5 0.014053 0.985947
5 0.0329485 0.967051
2 0.985323 0.014677
2 0.997318 0.00268179
2 0.597246 0.402754
5 0.0981719 0.901828
5 0.0111993 0.988801
2 0.999785 0.000215223
5 0.030849 0.969151
5 0.0162089 0.983791
2 0.618687 0.381313
5 0.16681 0.83319
5 3.72909e-05 0.999963
2 0.906038 0.0939619
5 0.188572 0.811428
5 0.00769357 0.992306
5 0.000168965 0.999831
5 0.130457 0.869543
2 0.999424 0.000575993
5 0.194307 0.805693
5 8.91213e-05 0.999911
5 1e-07 1
2 0.652123 0.347877
5 0.000186817 0.999813
2 0.984883 0.0151168
2 0.971739 0.0282607
2 0.693124 0.306876
5 1.33722e-05 0.999987
5 0.137585 0.862415
2 0.884383 0.115617
5 0.0195635 0.980436
5 1.383e-06 0.999999
2 0.997787 0.00221271
5 3.81929e-05 0.999962
5 0.399437 0.600563
2 0.82854 0.17146
5 0.119301 0.880699
2 0.982434 0.0175663
5 0.0133327 0.986667
5 0.46387 0.53613
5 0.00028401 0.999716
2 0.970148 0.0298517
2 0.758432 0.241568
5 0.243721 0.756279
5 0.0443769 0.955623
2 0.999853 0.000147042
5 0.355479 0.644521
5 0.00262129 0.997379
5 0.000345072 0.999655
5 0.170669 0.829331
5 0.000210752 0.999789
5 0.0445184 0.955482
5 2.32464e-05 0.999977
5 0.275715 0.724285
2 0.695179 0.304821
2 0.601212 0.398788
5 6.28719e-06 0.999994
2 0.686292 0.313708
2 0.997071 0.00292852
5 0.000286508 0.999713
2 0.9954 0.00460022
2 0.851626 0.148374
5 0.000871413 0.999129
2 0.907321 0.0926794
2 0.998781 0.00121879
5 0.000732776 0.999267
2 0.834412 0.165588
2 0.99982 0.000180303
2 0.998246 0.00175402
2 0.967014 0.0329861
5 0.00209518 0.997905
5 0.097916 0.902084
2 0.997309 0.00269098
2 0.75659 0.24341
5 0.0864757 0.913524
2 0.999411 0.000588838
5 0.26283 0.73717
2 0.705241 0.294759
5 0.165155 0.834845
5 1.14264e-05 0.999989
5 0.000615513 0.999384
2 0.966959 0.0330412
5 0.236755 0.763245
2 0.975246 0.024754
2 0.560707 0.439293
5 0.0731152 0.926885
2 0.9476 0.0523998
2 0.956571 0.0434291
5 0.217251 0.782749
2 0.999926 7.36804e-05
5 0.0114408 0.988559
2 0.999851 0.000149289
5 0.0430058 0.956994
5 1e-07 1
5 1e-07 1
2 0.662355 0.337645
5 0.0392692 0.960731
5 0.00833238 0.991668
2 0.998541 0.00145905
2 0.685365 0.314635
2 0.983081 0.0169187
2 0.9994 0.000599815
2 0.543504 0.456496
2 0.996258 0.00374185
5 0.395226 0.604774
5 0.00489879 0.995101
5 6.26166e-05 0.999937
2 0.917202 0.0827983
5 0.000438487 0.999562
5 0.253151 0.746849
2 0.99147 0.00852977
5 3.74245e-05 0.999963
5 0.00995607 0.990044
5 0.168965 0.831035
5 0.182686 0.817314
2 0.752371 0.247629
5 2.27454e-06 0.999998
5 1e-07 1
5 0.000715121 0.999285
5 0.0832568 0.916743
5 1e-07 1
5 0.365272 0.634728
5 0.00169257 0.998307
5 0.0286781 0.971322
5 0.429976 0.570024
2 0.9315 0.0684996
5 0.220511 0.779489
2 0.642636 0.357364
5 0.415116 0.584884
2 0.994669 0.00533133
5 0.0157239 0.984276
5 0.0439619 0.956038
5 1.336e-05 0.999987
5 1.12132e-06 0.999999
5 0.383663 0.616337
5 0.444494 0.555506
5 0.00904672 0.990953
2 0.676993 0.323007
5 1.0556e-05 0.999989
5 0.230221 0.769779
5 0.002226 0.997774
5 1.53631e-05 0.999985
2 0.998993 0.00100682
2 0.976163 0.0238372
5 0.00151924 0.998481
2 0.999962 3.84581e-05
5 0.154474 0.845526
2 0.999351 0.00064885
5 2.65886e-05 0.999973
2 0.936618 0.0633818
5 0.378562 0.621438
5 1.7438e-07 1
2 0.996831 0.00316892
5 5.13636e-07 0.999999
2 0.999694 0.000306325
5 0.00314155 0.996858
5 0.000809447 0.999191
5 1.17319e-06 0.999999
5 0.288586 0.711414
5 0.001021 0.998979
5 0.000725088 0.999275
2 0.996968 0.00303236
5 0.0058956 0.994104
2 0.996146 0.00385402
2 0.996374 0.00362602
5 0.118661 0.881339
5 0.00510067 0.994899
5 0.000274388 0.999726
2 0.954372 0.0456276
2 0.511054 0.488946
5 0.00017873 0.999821
5 0.28387 0.71613
5 7.51529e-05 0.999925
2 0.998476 0.00152431
2 0.99587 0.00412983
5 0.0134451 0.986555
5 1.02245e-07 1
5 0.499722 0.500278
5 0.491005 0.508995
2 0.974409 0.0255915
2 0.991273 0.00872728
2 0.998863 0.0011373
5 1.98058e-07 1
5 0.0167009 0.983299
5 0.00103831 0.998962
5 0.00720228 0.992798
5 0.369335 0.630665
5 0.000581519 0.999418
5 0.000206159 0.999794
5 0.463461 0.536539
5 0.00799331 0.992007
5 1.66477e-05 0.999983
2 0.998129 0.00187094
5 0.0359976 0.964002
2 0.994717 0.00528281
5 0.00262207 0.997378
5 0.4769 0.5231
5 0.00523031 0.99477
5 0.261914 0.738086
2 0.957711 0.0422886
5 0.341435 0.658565
5 0.465624 0.534376
5 0.162204 0.837796
5 0.376752 0.623248
5 0.483359 0.516641
5 0.00295308 0.997047
2 0.525439 0.474561
5 0.0835134 0.916487
5 0.00121872 0.998781
5 1e-07 1
2 0.760976 0.239024
5 0.00315948 0.996841
2 0.711291 0.288709
5 1.78358e-06 0.999998
2 0.887499 0.112501
5 0.000614059 0.999386
5 0.316776 0.683224
2 0.998474 0.00152573
2 0.99104 0.00896033
5 0.146511 0.853489
5 0.000137806 0.999862
5 0.243961 0.756039
5 7.52585e-05 0.999925
5 0.37457 0.62543
2 0.999819 0.000181315
2 0.998472 0.0015279
5 0.0118377 0.988162
5 0.000643931 0.999356
2 0.871322 0.128678
2 0.790202 0.209798
2 0.997707 0.00229259
2 0.982123 0.0178775
5 0.0176136 0.982386
5 0.297921 0.702079
2 0.735899 0.264101
5 0.0470561 0.952944
5 5.42825e-06 0.999995
5 0.000221678 0.999778
5 3.66062e-06 0.999996
5 1e-07 1
5 0.0802812 0.919719
5 0.0150145 0.984986
5 0.000886375 0.999114
2 0.712895 0.287105
5 0.364067 0.635933
5 0.0352151 0.964785
2 0.999603 0.000397347
5 0.000257306 0.999743
2 0.998462 0.00153796
2 0.664422 0.335578
5 0.00371873 0.996281
5 0.00459137 0.995409
5 0.4084 0.5916
2 0.999606 0.000394017
2 0.99601 0.00399034
5 1.13552e-05 0.999989
5 0.0785993 0.921401
2 0.957057 0.0429427
2 0.994403 0.00559674
5 0.0366525 0.963347
2 0.882858 0.117142
2 0.772802 0.227198
5 1.52966e-05 0.999985
2 0.701878 0.298122
2 0.999028 0.000972415
5 0.00156395 0.998436
5 0.00271344 0.997287
2 0.501871 0.498129
5 0.0483874 0.951613
5 0.000271081 0.999729
5 0.0121383 0.987862
5 0.00239372 0.997606
5 0.0460526 0.953947
2 0.533899 0.466101
2 0.998791 0.00120859
5 0.439288 0.560712
2 0.569548 0.430452
5 5.16139e-05 0.999948
2 0.815519 0.184481
5 0.00794758 0.992052
5 1e-07 1
2 0.994353 0.00564739
5 0.00923387 0.990766
5 0.000187568 0.999812
2 0.541872 0.458128
5 0.271561 0.728439
5 0.124983 0.875017
2 0.987993 0.0120072
5 0.00699564 0.993004
2 0.999758 0.000242021
2 0.845904 0.154096
2 0.996284 0.00371566
5 0.000415598 0.999584
2 0.58412 0.41588
5 0.132309 0.867691
2 0.99378 0.00621991
5 0.0238949 0.976105
5 0.206348 0.793652
2 0.997469 0.00253069
2 0.955125 0.0448752
2 0.999837 0.000163118
2 0.988096 0.0119038
2 0.999847 0.000153468
5 0.38451 0.61549
2 0.629238 0.370762
2 0.99097 0.00903028
2 0.632076 0.367924
5 0.000241179 0.999759
2 0.591533 0.408467
5 0.00101678 0.998983
2 0.999136 0.000863784
2 0.995625 0.00437481
5 0.254776 0.745224
5 1.41238e-06 0.999999
5 0.369895 0.630105
5 0.0173795 0.98262
2 0.998763 0.00123664
2 0.999882 0.000118397
2 0.671448 0.328552
2 0.570523 0.429477
5 0.000515613 0.999484
2 0.920968 0.0790319
5 7.72449e-07 0.999999
5 0.101674 0.898326
2 0.978625 0.0213748
5 0.0280695 0.97193
5 0.00262538 0.997375
5 7.53427e-05 0.999925
5 0.0169686 0.983031
5 6.78959e-06 0.999993
5 1.61837e-07 1
2 0.59366 0.40634
2 0.933783 0.0662172
5 0.0522697 0.94773
2 0.896008 0.103992
5 0.248669 0.751331
2 0.756846 0.243154
2 0.998425 0.00157518
2 0.82728 0.17272
5 0.386727 0.613273
2 0.786043 0.213957
5 0.02506 0.97494
2 0.784568 0.215432
5 1.30916e-07 1
2 0.732961 0.267039
5 0.313928 0.686072
5 0.251042 0.748958
2 0.775663 0.224337
2 0.999737 0.000262847
2 0.963903 0.0360973
5 0.480832 0.519168
2 0.99946 0.000540339
5 0.0783834 0.921617
5 0.482033 0.517967
5 0.473028 0.526972
5 0.245478 0.754522
2 0.973654 0.0263459
2 0.993661 0.00633931
5 0.0135162 0.986484
5 1.93356e-06 0.999998
2 0.997224 0.00277622
5 0.060964 0.939036
5 0.00647328 0.993527
2 0.685453 0.314547
5 0.262908 0.737092
2 0.996122 0.00387762
2 0.555209 0.444791
5 1e-07 1
2 0.992552 0.00744752
2 0.999357 0.000642991
5 0.479599 0.520401
2 0.546401 0.453599
5 4.53088e-06 0.999995
5 0.067065 0.932935
5 6.20963e-06 0.999994
5 0.000188806 0.999811
2 0.965174 0.0348257
2 0.998602 0.00139776
2 0.750258 0.249742
5 0.029483 0.970517
5 0.228984 0.771016
2 0.999625 0.000375208
5 0.225108 0.774892
5 1e-07 1
2 0.996657 0.00334259
5 0.174425 0.825575
2 0.913037 0.0869633
5 4.23076e-06 0.999996
5 0.117131 0.882869
2 0.999796 0.000204267
5 0.333158 0.666842
5 0.044197 0.955803
5 0.455118 0.544882
2 0.994898 0.00510231
2 0.998353 0.00164735
5 0.409348 0.590652
5 0.0227261 0.977274
5 0.178078 0.821922
5 0.08431 0.91569
2 0.550078 0.449922
5 0.00197852 0.998021
5 0.0387202 0.96128
5 1e-07 1
2 0.966958 0.0330418
2 0.99875 0.00124982
5 0.000218529 0.999781
5 0.287948 0.712052
5 0.0278559 0.972144
2 0.998826 0.00117373
2 0.990223 0.00977714
5 3.71459e-05 0.999963
5 0.000890084 0.99911
5 1.05836e-07 1
5 1e-07 1
5 0.00245125 0.997549
5 1e-07 1
2 0.798486 0.201514
5 0.168221 0.831779
2 0.992546 0.00745355
5 1e-07 1
2 0.83919 0.16081
2 0.995345 0.0046545
2 0.998562 0.00143816
2 0.528655 0.471345
2 0.992653 0.00734722
5 0.0030155 0.996984
5 0.000729879 0.99927
2 0.999983 1.69047e-05
5 0.360686 0.639314
5 0.312724 0.687276
5 0.46029 0.53971
5 0.30502 0.69498
5 0.00156633 0.998434
2 0.658582 0.341418
5 0.0246725 0.975328
2 0.999966 3.42153e-05
5 0.354459 0.645541
2 0.743113 0.256887
5 0.244179 0.755821
2 0.999719 0.000280631
2 0.999158 0.000841523
2 0.522645 0.477355
5 0.00289847 0.997102
2 0.993218 0.00678224
2 0.971678 0.0283216
5 0.00111488 0.998885
2 0.998506 0.00149383
5 0.0211733 0.978827
5 0.000242899 0.999757
5 2.27477e-06 0.999998
2 0.762887 0.237113
5 0.00894342 0.991057
5 0.40779 0.59221
2 0.88374 0.11626
5 0.0339881 0.966012
5 0.000915999 0.999084
2 0.996772 0.00322824
2 0.999833 0.000166867
5 0.320192 0.679808
5 1e-07 1
5 0.148072 0.851928
2 0.767308 0.232692
5 0.0143933 0.985607
5 0.00443103 0.995569
5 1e-07 1
2 0.996111 0.00388874
5 0.0979483 0.902052
2 0.595664 0.404336
2 0.730837 0.269163
5 1e-07 1
2 0.999602 0.000397527
2 0.993932 0.00606805
2 0.997649 0.00235084
5 0.000101412 0.999899
2 0.929518 0.0704823
2 0.677358 0.322642
5 0.243248 0.756752
5 0.000510631 0.999489
2 0.854606 0.145394
5 0.0650521 0.934948
5 0.00248193 0.997518
5 0.00568481 0.994315
5 0.000502163 0.999498
5 3.48817e-07 1
2 0.999778 0.000221957
2 0.662212 0.337788
5 0.249858 0.750142
2 0.886714 0.113286
5 2.94992e-05 0.999971
5 0.000209664 0.99979
5 1e-07 1
5 1.93532e-07 1
2 0.997224 0.00277631
2 0.997972 0.0020285
2 0.974289 0.0257113
5 1.70996e-05 0.999983
5 0.348373 0.651627
5 0.168741 0.831259
5 7.16568e-05 0.999928
2 0.982709 0.0172907
2 0.999562 0.00043761
5 0.00061581 0.999384
5 0.0631089 0.936891
5 0.00540507 0.994595
2 0.99687 0.00313012
2 0.743023 0.256977
2 0.998278 0.00172196
5 6.35813e-05 0.999936
2 0.834682 0.165318
2 0.967944 0.0320562
5 2.8002e-07 1
5 1.74623e-05 0.999983
2 0.961055 0.0389453
5 0.0807166 0.919283
2 0.860251 0.139749
5 0.000299937 0.9997
5 0.140648 0.859352
5 0.000940835 0.999059
2 0.944586 0.0554139
2 0.931827 0.0681728
5 0.00174006 0.99826
5 0.00801339 0.991987
2 0.996469 0.00353114
5 4.71862e-05 0.999953
5 0.00019464 0.999805
5 0.399601 0.600399
5 1.23975e-06 0.999999
2 0.743987 0.256013
2 0.982167 0.0178335
5 0.318906 0.681094
2 0.857032 0.142968
5 0.286301 0.713699
5 0.335579 0.664421
2 0.99997 3.03762e-05
5 0.335562 0.664438
5 9.00126e-05 0.99991
2 0.883933 0.116067
2 0.997717 0.00228292
5 0.24351 0.75649
2 0.998075 0.00192475
5 0.0211729 0.978827
5 0.0361373 0.963863
5 0.357265 0.642735
5 0.0146629 0.985337
2 0.998242 0.00175824
2 0.994662 0.00533826
5 0.186296 0.813704
2 0.664973 0.335027
2 0.996077 0.00392335
5 0.0442129 0.955787
2 0.997032 0.00296765
5 0.0981395 0.901861
5 0.0533771 0.946623
2 0.994391 0.00560923
5 0.0179005 0.9821
2 0.786015 0.213985
2 0.81923 0.18077
5 0.000135463 0.999865
5 0.117978 0.882022
2 0.673329 0.326671
2 0.985778 0.0142219
5 0.184329 0.815671
2 0.676281 0.323719
2 0.776509 0.223491
5 6.27318e-06 0.999994
5 0.128557 0.871443
2 0.797055 0.202945
5 0.256044 0.743956
5 0.0109995 0.989
2 0.988035 0.0119647
5 0.00803577 0.991964
5 0.239041 0.760959
2 0.610154 0.389846
5 1.60446e-06 0.999998
5 4.05549e-07 1
5 0.0226155 0.977384
5 0.0270778 0.972922
5 0.0140459 0.985954
5 0.015249 0.984751
2 0.961949 0.0380513
5 0.0285382 0.971462
2 0.628815 0.371185
5 0.00580215 0.994198
5 0.0340957 0.965904
2 0.987099 0.0129011
2 0.994814 0.00518613
5 0.000100717 0.999899
5 0.0670465 0.932953
2 0.852362 0.147638
5 0.0138946 0.986105
2 0.999952 4.78218e-05
5 0.0688024 0.931198
5 0.00114043 0.99886
2 0.999939 6.1175e-05
5 0.491731 0.508269
2 0.608893 0.391107
2 0.99918 0.000819875
5 0.463984 0.536016
5 0.0206051 0.979395
2 0.984951 0.0150488
2 0.999857 0.000142995
5 0.00306222 0.996938
5 3.57947e-05 0.999964
5 0.201883 0.798117
2 0.997243 0.00275746
5 0.00286328 0.997137
2 0.999481 0.000519432
5 2.11156e-05 0.999979
5 0.00555649 0.994444
5 0.0378624 0.962138
5 0.243795 0.756205
5 0.000208253 0.999792
2 0.999483 0.000517254
5 0.25071 0.74929
5 0.000266659 0.999733
5 0.384051 0.615949
5 0.0878623 0.912138
5 0.00141584 0.998584
2 0.869743 0.130257
5 0.0155613 0.984439
5 0.244481 0.755519
2 0.950221 0.0497793
2 0.769106 0.230894
2 0.999926 7.3897e-05
2 0.98794 0.0120601
2 0.999893 0.000106643
5 1e-07 1
2 0.99873 0.00127005
5 0.0264542 0.973546
5 0.00240782 0.997592
5 0.00573587 0.994264
2 0.500953 0.499047
5 0.00543834 0.994562
5 0.00040705 0.999593
2 0.574787 0.425213
5 0.131834 0.868166
2 0.96642 0.0335798
5 0.00160893 0.998391
5 0.480339 0.519661
5 0.437217 0.562783
5 0.177587 0.822413
5 4.80044e-07 1
5 6.2961e-06 0.999994
5 0.481533 0.518467
5 0.0165102 0.98349
2 0.880719 0.119281
2 0.991317 0.00868288
5 0.177857 0.822143
5 0.00341559 0.996584
2 0.998501 0.00149876
2 0.999998 2.36322e-06
2 0.607742 0.392258
5 0.0643565 0.935644
2 0.999484 0.000515687
5 0.478997 0.521003
5 0.0003964 0.999604
5 0.000284188 0.999716
2 0.909632 0.0903683
5 0.252843 0.747157
2 0.963884 0.0361165
2 0.998016 0.00198413
5 0.422544 0.577456
2 0.999161 0.000839476
5 0.0553441 0.944656
2 0.706875 0.293125
2 0.99875 0.00125026
5 0.00343555 0.996564
2 0.998303 0.00169704
5 0.184474 0.815526
5 0.0876343 0.912366
2 0.772929 0.227071
5 7.30742e-06 0.999993
2 0.990398 0.0096019
5 0.28721 0.71279
5 0.00435531 0.995645
5 0.141523 0.858477
2 0.992171 0.00782873
2 0.506179 0.493821
2 0.909357 0.0906435
5 0.000681092 0.999319
5 0.00045415 0.999546
5 0.488537 0.511463
2 0.996854 0.00314612
5 0.0644436 0.935556
2 0.995899 0.00410082
5 0.398936 0.601064
5 0.0132012 0.986799
5 0.406172 0.593828
5 0.350328 0.649672
5 0.139631 0.860369
2 0.995409 0.00459126
5 0.000281399 0.999719
5 1e-07 1
2 0.605287 0.394713
2 0.744347 0.255653
2 0.990167 0.00983345
2 0.999832 0.000167639
5 0.00311995 0.99688
2 0.913435 0.0865647
5 0.448692 0.551308
2 0.972905 0.0270945
5 0.253122 0.746878
5 0.365547 0.634453
5 0.00301813 0.996982
5 0.0186397 0.98136
5 0.0672707 0.932729
2 0.991135 0.00886545
5 0.354381 0.645619
2 0.999828 0.00017238
2 0.967838 0.0321622
2 0.699658 0.300342
2 0.604023 0.395977
5 0.00147155 0.998528
2 0.964138 0.0358623
5 7.76011e-05 0.999922
2 0.999047 0.000952633
2 0.727963 0.272037
5 0.0138422 0.986158
5 0.00632083 0.993679
2 0.735823 0.264177
5 0.0639297 0.93607
2 0.621883 0.378117
5 0.0408611 0.959139
2 0.803392 0.196608
5 0.00010039 0.9999
2 0.995447 0.00455319
5 0.000180631 0.999819
5 0.0383658 0.961634
2 0.992937 0.00706302
2 0.9986 0.00140046
5 0.000305871 0.999694
2 0.998297 0.00170286
5 0.0766813 0.923319
5 0.000279076 0.999721
5 0.0905741 0.909426
5 1.62879e-05 0.999984
5 0.00176458 0.998235
5 0.268523 0.731477
2 0.98868 0.0113204
5 0.0527456 0.947254
5 0.493771 0.506229
2 0.634077 0.365923
5 0.431395 0.568605
5 2.05877e-05 0.999979
2 0.999625 0.000374771
5 0.00416927 0.995831
5 0.0294957 0.970504
2 0.999969 3.0657e-05
5 0.00112605 0.998874
5 0.000709738 0.99929
2 0.917557 0.0824433
5 0.428122 0.571878
5 0.388967 0.611033
5 0.0323662 0.967634
5 0.0752964 0.924704
2 0.995336 0.00466381
2 0.996349 0.00365116
5 0.00659992 0.9934
2 0.633572 0.366428
2 0.99483 0.00517014
2 0.714584 0.285416
5 0.452762 0.547238
5 0.215995 0.784005
5 0.28823 0.71177
2 0.995029 0.00497127
2 0.640845 0.359155
5 0.172497 0.827503
5 9.12003e-05 0.999909
5 3.59725e-05 0.999964
5 0.481381 0.518619
5 5.53698e-06 0.999994
2 0.879831 0.120169
2 0.952299 0.0477008
5 0.453404 0.546596
2 0.999812 0.000187998
5 0.0997476 0.900252
5 0.00283873 0.997161
2 0.998037 0.00196345
2 0.983477 0.0165234
5 1e-07 1
2 0.899409 0.100591
5 4.9821e-07 1
5 0.138483 0.861517
2 0.987999 0.012001
5 0.0305518 0.969448
5 0.00215396 0.997846
5 2.05106e-05 0.999979
5 0.000771205 0.999229
5 0.000135743 0.999864
5 0.0163552 0.983645
5 0.402644 0.597356
5 4.92795e-05 0.999951
2 0.998087 0.00191308
5 3.38277e-07 1
5 0.00271471 0.997285
2 0.880068 0.119932
2 0.704624 0.295376
5 0.00522006 0.99478
5 0.487766 0.512234
5 0.185316 0.814684
2 0.999137 0.000862895
2 0.664807 0.335193
5 1.90768e-06 0.999998
5 0.256393 0.743607
2 0.571653 0.428347
2 0.674939 0.325061
2 0.995384 0.00461605
5 0.000102715 0.999897
5 0.00175059 0.998249
5 2.13167e-05 0.999979
2 0.971669 0.0283309
5 0.000264955 0.999735
5 0.147165 0.852835
5 0.0199304 0.98007
2 0.999839 0.000161233
5 3.15333e-05 0.999968
5 0.000396968 0.999603
5 4.26016e-05 0.999957
5 6.41504e-05 0.999936
2 0.981708 0.0182918
5 0.00590228 0.994098
2 0.876042 0.123958
5 0.000144276 0.999856
2 0.678848 0.321152
5 0.0666923 0.933308
2 0.999856 0.000143808
5 0.041439 0.958561
2 0.982031 0.0179686
5 1.73047e-06 0.999998
5 0.403334 0.596666
2 0.998341 0.00165915
5 0.068019 0.931981
5 0.429889 0.570111
2 0.999441 0.000559143
2 0.996827 0.00317307
5 0.0143951 0.985605
5 0.0931435 0.906856
2 0.79915 0.20085
2 0.821182 0.178818
5 0.188072 0.811928
2 0.953352 0.0466485
5 3.17251e-06 0.999997
5 0.0130624 0.986938
5 0.0480155 0.951985
5 2.11561e-05 0.999979
2 0.999937 6.34989e-05
5 0.000859587 0.99914
2 0.998759 0.00124099
5 0.195239 0.804761
5 4.28718e-07 1
2 0.997891 0.00210857
2 0.821302 0.178698
2 0.987329 0.0126706
2 0.996936 0.00306438
2 0.997241 0.0027591
5 7.52988e-06 0.999992
5 3.23867e-05 0.999968
2 0.998154 0.00184606
5 0.000442133 0.999558
2 0.812608 0.187392
2 0.998611 0.00138947
2 0.706982 0.293018
5 0.361284 0.638716
2 0.999974 2.6334e-05
5 0.244051 0.755949
5 2.85368e-05 0.999971
5 0.426276 0.573724
2 0.643714 0.356286
5 0.00459383 0.995406
5 0.000248376 0.999752
2 0.999897 0.000102612
5 0.000608456 0.999392
2 0.997475 0.00252462
2 0.996582 0.00341756
5 3.05519e-07 1
5 2.74984e-06 0.999997
5 0.000174123 0.999826
5 0.375701 0.624299
5 0.152626 0.847374
2 0.615959 0.384041
2 0.94275 0.0572503
2 0.652168 0.347832
5 0.0012557 0.998744
2 0.990709 0.00929095
5 2.25877e-06 0.999998
5 0.0223079 0.977692
2 0.527049 0.472951
2 0.999428 0.000572048
2 0.997371 0.00262884
5 0.0983248 0.901675
5 0.228358 0.771642
5 3.78311e-05 0.999962
5 0.00432789 0.995672
5 0.00743497 0.992565
5 6.3286e-07 0.999999
5 0.120288 0.879712
5 0.395076 0.604924
5 7.73514e-05 0.999923
2 0.518548 0.481452
5 0.417445 0.582555
2 0.995905 0.00409519
5 0.00863901 0.991361
5 0.234226 0.765774
5 0.0473911 0.952609
2 0.658195 0.341805
2 0.979706 0.0202938
5 9.5777e-05 0.999904
2 0.988379 0.0116205
2 0.998168 0.00183244
5 5.02927e-07 0.999999
2 0.994696 0.00530448
5 0.00895644 0.991044
5 0.188017 0.811983
2 0.997155 0.00284536
2 0.994297 0.00570277
5 0.000807495 0.999193
5 0.216636 0.783364
5 0.076045 0.923955
5 0.173739 0.826261
2 0.998699 0.00130141
2 0.953521 0.0464795
5 0.144776 0.855224
5 0.0252502 0.97475
2 0.721377 0.278623
5 0.0134809 0.986519
5 1.09397e-06 0.999999
5 0.0213662 0.978634
2 0.997428 0.00257235
2 0.99399 0.00600997
2 0.999535 0.00046531
5 0.0747838 0.925216
5 0.000654094 0.999346
5 0.000363122 0.999637
2 0.999863 0.000136841
5 0.000850702 0.999149
2 0.962029 0.0379707
5 0.00160879 0.998391
5 0.106932 0.893068
2 0.973525 0.0264745
5 0.0144855 0.985514
5 0.000469563 0.99953
5 0.291048 0.708952
5 0.146525 0.853475
5 0.296199 0.703801
2 0.99737 0.0026297
2 0.892856 0.107144
2 0.999396 0.000604293
5 0.414974 0.585026
2 0.533034 0.466966
5 0.00314151 0.996858
5 4.8638e-05 0.999951
5 0.293269 0.706731
5 0.390457 0.609543
5 0.000303994 0.999696
2 0.988792 0.0112079
5 0.374619 0.625381
5 0.0333412 0.966659
5 0.489329 0.510671
5 0.000819305 0.999181
5 0.0730236 0.926976
5 0.0266044 0.973396
5 0.349845 0.650155
2 0.974025 0.0259754
5 0.187332 0.812668
5 0.00728624 0.992714
2 0.999341 0.000658701
2 0.996611 0.00338916
5 0.3964 0.6036
5 0.0120707 0.987929
5 0.269738 0.730262
5 0.0120827 0.987917
5 0.0744955 0.925505
2 0.740746 0.259254
5 0.463218 0.536782
5 2.01921e-05 0.99998
5 0.116786 0.883214
5 0.0165495 0.98345
5 0.0343089 0.965691
5 0.0166985 0.983302
5 0.444509 0.555491
5 0.461535 0.538465
5 0.00195292 0.998047
5 0.448472 0.551528
2 0.971716 0.0282844
2 0.998859 0.00114056
5 0.185771 0.814229
5 0.384783 0.615217
2 0.998895 0.00110509
5 0.0278684 0.972132
5 8.41644e-05 0.999916
5 0.00536652 0.994633
5 1e-07 1
5 0.00370701 0.996293
5 0.411434 0.588566
5 0.00990457 0.990095
2 0.999567 0.000433129
2 0.707752 0.292248
2 0.862674 0.137326
2 0.997335 0.00266518
5 0.0675993 0.932401
5 0.014669 0.985331
2 0.994564 0.00543558
5 0.0956827 0.904317
5 0.444271 0.555729
2 0.999739 0.000261481
5 1.03075e-05 0.99999
5 0.0752452 0.924755
2 0.999835 0.000164863
5 1.13554e-06 0.999999
2 0.784247 0.215753
2 0.995594 0.00440577
5 0.0294277 0.970572
5 0.012382 0.987618
5 0.000905217 0.999095
2 0.60286 0.39714
5 0.0397372 0.960263
2 0.819574 0.180426
2 0.992263 0.00773734
5 8.12017e-07 0.999999
2 0.76177 0.23823
2 0.99933 0.000669785
5 0.18101 0.81899
2 0.781238 0.218762
5 0.0160371 0.983963
2 0.895167 0.104833
5 0.046079 0.953921
2 0.998603 0.00139668
2 0.997275 0.00272504
5 0.0249343 0.975066
5 0.0844178 0.915582
5 0.00764875 0.992351
5 0.0219058 0.978094
5 0.0327181 0.967282
5 1.7164e-05 0.999983
2 0.715309 0.284691
5 0.218119 0.781881
5 0.00330255 0.996697
2 0.997897 0.00210255
5 0.0020116 0.997988
5 0.0948128 0.905187
5 0.00639211 0.993608
5 0.414478 0.585522
2 0.861146 0.138854
5 0.0895246 0.910475
2 0.993205 0.00679522
2 0.952929 0.0470713
2 0.987228 0.0127719
5 2.5378e-07 1
5 1.76783e-06 0.999998
5 0.000251479 0.999749
2 0.99548 0.00451963
5 0.148687 0.851313
5 0.00114093 0.998859
2 0.954147 0.0458532
5 0.00580347 0.994197
2 0.997449 0.00255119
5 0.0559554 0.944045
5 0.23065 0.76935
5 0.362966 0.637034
2 0.988958 0.011042
2 0.995429 0.00457076
5 0.0220469 0.977953
5 0.0486536 0.951346
5 0.000120991 0.999879
5 0.203858 0.796142
5 2.37213e-05 0.999976
5 0.00229293 0.997707
5 5.53089e-07 0.999999
5 0.0043598 0.99564
2 0.780405 0.219595
5 1.77037e-05 0.999982
5 0.000149963 0.99985
5 0.180653 0.819347
2 0.994065 0.00593475
2 0.84598 0.15402
5 3.66683e-05 0.999963
2 0.934551 0.0654494
5 0.0686533 0.931347
5 0.488028 0.511972
2 0.70571 0.29429
5 0.00173485 0.998265
2 0.773122 0.226878
5 0.0044789 0.995521
5 3.95914e-05 0.99996
2 0.97776 0.0222399
2 0.772585 0.227415
2 0.999189 0.00081085
2 0.995968 0.00403244
5 0.0354629 0.964537
5 2.33015e-05 0.999977
5 0.00992432 0.990076
5 8.59909e-07 0.999999
5 0.00181336 0.998187
2 0.996099 0.00390073
5 0.0183384 0.981662
5 1.63339e-06 0.999998
5 0.378296 0.621704
5 0.00124441 0.998756
2 0.996904 0.00309635
5 2.1076e-05 0.999979
2 0.911421 0.0885792
5 0.143013 0.856987
5 1.99807e-06 0.999998
5 2.73596e-06 0.999997
5 0.445893 0.554107
5 0.00283397 0.997166
2 0.999776 0.000223821
5 0.0262737 0.973726
2 0.97728 0.0227199
5 0.00213221 0.997868
2 0.999902 9.77596e-05
2 0.690119 0.309881
5 0.275697 0.724303
2 0.999588 0.000412098
2 0.999985 1.47928e-05
2 0.999759 0.000241132
5 0.00048863 0.999511
2 0.998379 0.00162054
5 1.13873e-05 0.999989
5 0.120023 0.879977
2 0.887918 0.112082
5 1.18516e-05 0.999988
5 1e-07 1
2 0.632655 0.367345
5 0.0130907 0.986909
2 0.997599 0.00240122
5 0.00249421 0.997506
2 0.982812 0.0171884
5 2.99083e-06 0.999997
2 0.922282 0.0777177
2 0.784952 0.215048
2 0.998505 0.0014954
2 0.995939 0.00406096
5 0.00046611 0.999534
5 0.429675 0.570325
5 0.404256 0.595744
5 0.0658509 0.934149
5 0.0401203 0.95988
5 0.226466 0.773534
5 3.83922e-06 0.999996
2 0.914302 0.0856978
2 0.765807 0.234193
5 0.153133 0.846867
2 0.81043 0.18957
5 0.00454067 0.995459
2 0.998324 0.00167611
5 0.259626 0.740374
5 0.000186171 0.999814
5 0.000463352 0.999537
5 0.00179566 0.998204
5 0.334952 0.665048
5 0.0126458 0.987354
5 0.0425242 0.957476
5 0.283922 0.716078
5 0.00215985 0.99784
2 0.992029 0.00797069
5 0.00114332 0.998857
5 0.437596 0.562404
2 0.999461 0.000538662
5 0.0577875 0.942213
2 0.582205 0.417795
2 0.752095 0.247905
5 0.0324085 0.967592
2 0.987534 0.0124659
5 0.00813776 0.991862
5 1e-07 1
5 1.37949e-07 1
2 0.991193 0.00880677
5 0.0312614 0.968739
5 0.00252448 0.997476
5 0.0043172 0.995683
5 0.430181 0.569819
2 0.938519 0.0614813
5 1.5362e-05 0.999985
2 0.996559 0.00344052
5 1e-07 1
5 3.16019e-07 1
5 0.13083 0.86917
2 0.999238 0.000761611
2 0.650904 0.349096
2 0.727105 0.272895
5 0.39636 0.60364
5 0.000416447 0.999584
5 0.00346979 0.99653
5 0.00334292 0.996657
5 2.56987e-06 0.999997
5 7.59211e-06 0.999992
2 0.990102 0.00989796
5 1.65955e-06 0.999998
5 0.0049869 0.995013
2 0.995768 0.00423177
2 0.994346 0.00565447
2 0.91875 0.0812502
5 0.120649 0.879351
2 0.772611 0.227389
5 0.00422507 0.995775
5 1.09226e-05 0.999989
5 0.124946 0.875054
5 1.149e-05 0.999989
5 0.0572135 0.942786
5 0.00107853 0.998921
5 0.000300603 0.999699
5 0.265776 0.734224
2 0.997459 0.00254056
5 1.92469e-05 0.999981
5 0.0210589 0.978941
2 0.798237 0.201763
2 0.910116 0.0898835
2 0.995482 0.00451789
5 0.324059 0.675941
5 9.47268e-06 0.999991
2 0.99756 0.00243993
5 0.277548 0.722452
5 0.00482253 0.995177
5 0.00582385 0.994176
5 5.29011e-06 0.999995
5 3.41239e-06 0.999997
5 3.41819e-05 0.999966
5 0.448469 0.551531
2 0.723844 0.276156
5 0.000355868 0.999644
5 0.433825 0.566175
5 0.156922 0.843078
5 0.0375995 0.9624
2 0.660309 0.339691
2 0.999553 0.000447108
5 0.00272342 0.997277
2 0.999801 0.000199293
2 0.768472 0.231528
5 0.0066558 0.993344
5 0.00986872 0.990131
2 0.638847 0.361153
2 0.892661 0.107339
5 0.221935 0.778065
5 0.130367 0.869633
2 0.999732 0.000268153
5 0.115031 0.884969
5 0.254499 0.745501
2 0.998929 0.00107053
5 1e-07 1
5 0.0469062 0.953094
5 0.0645375 0.935463
5 0.46473 0.53527
5 0.00208141 0.997919
2 0.515113 0.484887
5 0.0067279 0.993272
2 0.996668 0.00333229
5 1.01634e-06 0.999999
5 2.767e-05 0.999972
2 0.994199 0.0058005
2 0.999259 0.000740917
5 0.000142265 0.999858
5 9.48539e-07 0.999999
5 0.466354 0.533646
5 0.453803 0.546197
5 7.8367e-07 0.999999
2 0.999942 5.82562e-05
2 0.741831 0.258169
5 8.65994e-07 0.999999
5 0.389765 0.610235
2 0.82402 0.17598
2 0.999869 0.000130754
2 0.586038 0.413962
5 0.00325542 0.996745
2 0.975342 0.024658
5 0.25534 0.74466
2 0.987165 0.0128348
2 0.998174 0.00182556
2 0.930673 0.0693269
5 1.49917e-06 0.999999
2 0.937976 0.062024
5 1e-07 1
5 0.00367956 0.99632
2 0.998694 0.00130555
2 0.912289 0.0877108
5 0.00924883 0.990751
2 0.692915 0.307085
5 0.250293 0.749707
2 0.999068 0.00093161
5 0.000619181 0.999381
2 0.999407 0.000592818
2 0.983332 0.0166681
5 0.0283427 0.971657
5 0.000875705 0.999124
5 0.00533595 0.994664
2 0.72353 0.27647
2 0.718064 0.281936
5 0.00059979 0.9994
5 0.00039565 0.999604
5 0.00367706 0.996323
2 0.965647 0.0343532
5 0.362879 0.637121
2 0.995562 0.00443766
5 8.79971e-05 0.999912
2 0.767517 0.232483
2 0.998464 0.00153628
5 0.47963 0.52037
2 0.720555 0.279445
5 0.00121431 0.998786
5 0.499781 0.500219
5 0.01709 0.98291
5 1.36974e-05 0.999986
5 0.000317477 0.999683
2 0.999838 0.000161924
5 0.000200355 0.9998
5 8.162e-06 0.999992
2 0.997369 0.0026311
5 0.206861 0.793139
2 0.995635 0.00436529
5 1.07253e-05 0.999989
2 0.998004 0.00199586
2 0.949508 0.0504917
5 0.0146658 0.985334
2 0.545012 0.454988
2 0.9996 0.000399606
5 0.407854 0.592146
5 1.76209e-06 0.999998
5 0.00508961 0.99491
2 0.996677 0.00332276
2 0.996991 0.00300919
5 0.00737422 0.992626
2 0.775149 0.224851
5 0.00271233 0.997288
5 0.347441 0.652559
2 0.747844 0.252156
5 0.00220773 0.997792
2 0.892969 0.107031
5 0.155566 0.844434
2 0.997857 0.00214338
5 0.000196038 0.999804
2 0.999986 1.39786e-05
2 0.999884 0.000115981
5 0.0136522 0.986348
2 0.999296 0.000703998
5 0.0619891 0.938011
2 0.901692 0.0983084
2 0.854002 0.145998
2 0.981882 0.0181184
5 0.0120545 0.987945
2 0.784989 0.215011
5 6.45242e-06 0.999994
5 0.0211972 0.978803
5 0.00592977 0.99407
5 0.0084388 0.991561
5 0.149602 0.850398
2 0.999802 0.000198175
5 0.00866321 0.991337
2 0.791833 0.208167
5 0.211541 0.788459
5 0.00130031 0.9987
5 0.108791 0.891209
5 0.498123 0.501877
5 0.0625987 0.937401
5 3.4843e-07 1
2 0.727013 0.272987
2 0.98368 0.0163196
5 0.369759 0.630241
2 0.999926 7.41349e-05
2 0.996448 0.00355202
5 0.464731 0.535269
5 0.444831 0.555169
5 0.00963862 0.990361
5 0.0521646 0.947835
5 0.0330557 0.966944
5 0.00213761 0.997862
5 0.0026216 0.997378
2 0.999479 0.000521051
2 0.995423 0.00457722
5 0.0193212 0.980679
5 0.0602061 0.939794
5 0.205128 0.794872
2 0.996373 0.00362671
2 0.993838 0.00616197
5 6.47914e-07 0.999999
2 0.723305 0.276695
5 0.0780292 0.921971
5 0.270891 0.729109
5 0.00184495 0.998155
5 0.282519 0.717481
5 4.12313e-05 0.999959
5 0.0068889 0.993111
5 0.119982 0.880018
2 0.65259 0.34741
5 0.175418 0.824582
2 0.996425 0.00357533
2 0.782658 0.217342
5 0.381587 0.618413
5 0.0366789 0.963321
5 0.0271047 0.972895
5 0.398437 0.601563
5 0.168014 0.831986
5 0.00056439 0.999436
5 0.45837 0.54163
5 0.001939 0.998061
5 0.000113555 0.999886
2 0.999413 0.000586961
2 0.997181 0.00281916
5 0.17516 0.82484
5 0.000320032 0.99968
2 0.999762 0.000238135
5 0.0172579 0.982742
5 0.0130612 0.986939
5 0.0879646 0.912035
2 0.996185 0.00381465
2 0.635229 0.364771
2 0.925831 0.0741686
2 0.99425 0.00575009
2 0.999625 0.000375115
5 0.000554613 0.999445
5 0.00336901 0.996631
5 2.96757e-07 1
5 0.00016995 0.99983
5 0.158232 0.841768
5 0.00703042 0.99297
2 0.637039 0.362961
5 0.236234 0.763766
2 0.9841 0.0158998
5 0.00904181 0.990958
2 0.999985 1.47625e-05
5 0.0177985 0.982202
2 0.996978 0.0030217
2 0.864601 0.135399
2 0.995869 0.00413117
2 0.998348 0.00165169
5 0.488218 0.511782
2 0.756849 0.243151
5 0.0792798 0.92072
5 0.106234 0.893766
5 2.66818e-05 0.999973
2 0.999475 0.000524504
2 0.998793 0.0012069
2 0.985683 0.0143175
5 0.0121697 0.98783
5 0.0286413 0.971359
2 0.903548 0.0964523
2 0.874781 0.125219
2 0.978108 0.0218915
2 0.997347 0.0026532
5 0.000509449 0.999491
2 0.999901 9.93421e-05
2 0.99801 0.00199043
2 0.980063 0.0199366
2 0.555549 0.444451
5 0.0256476 0.974352
2 0.999364 0.000636216
2 0.780906 0.219094
5 0.00249862 0.997501
2 0.996236 0.00376376
2 0.968697 0.0313033
5 0.00187958 0.99812
5 0.316696 0.683304
2 0.777952 0.222048
2 0.99836 0.0016398
2 0.997742 0.00225758
5 0.265882 0.734118
5 0.141156 0.858844
2 0.999933 6.66448e-05
2 0.998148 0.00185185
2 0.994934 0.00506563
2 0.995901 0.00409914
5 0.303515 0.696485
5 0.0308972 0.969103
5 0.0309156 0.969084
5 0.0146202 0.98538
2 0.998301 0.00169893
5 0.0279834 0.972017
2 0.998944 0.00105566
2 0.994977 0.00502306
5 0.0244998 0.9755
2 0.997488 0.00251209
2 0.998696 0.0013045
2 0.995001 0.00499923
5 0.00424807 0.995752
2 0.522306 0.477694
2 0.995729 0.00427095
2 0.952246 0.047754
2 0.91381 0.0861903
5 1.6396e-05 0.999984
5 0.000358846 0.999641
2 0.998911 0.00108926
2 0.999426 0.000574064
5 3.66016e-05 0.999963
2 0.983198 0.0168023
2 0.983323 0.0166772
5 0.000693154 0.999307
5 0.00162272 0.998377
5 0.00102851 0.998971
2 0.838878 0.161122
2 0.604774 0.395226
5 0.156223 0.843777
5 0.000474935 0.999525
2 0.648817 0.351183
5 0.332708 0.667292
2 0.997583 0.00241666
5 1e-07 1
2 0.661591 0.338409
2 0.80424 0.19576
5 0.247075 0.752925
5 3.30757e-06 0.999997
5 0.481141 0.518859
2 0.998192 0.00180769
2 0.999749 0.000251262
2 0.999541 0.000459308
2 0.999906 9.40474e-05
2 0.999876 0.00012352
5 0.0137689 0.986231
5 0.00599315 0.994007
5 0.378801 0.621199
5 4.94879e-06 0.999995
2 0.981899 0.0181012
5 0.00388275 0.996117
5 0.0014359 0.998564
5 0.000968896 0.999031
5 0.0540364 0.945964
5 0.0204489 0.979551
2 0.999015 0.00098498
2 0.998589 0.00141134
2 0.998374 0.00162593
5 0.000117636 0.999882
2 0.947097 0.0529028
2 0.99434 0.00565963
5 3.01352e-05 0.99997
2 0.994268 0.0057315
2 0.949481 0.0505195
5 0.0048862 0.995114
5 0.00598847 0.994012
5 0.493014 0.506986
5 0.227229 0.772771
2 0.999996 4.42987e-06
5 0.000621338 0.999379
5 0.0267904 0.97321
2 0.999136 0.000864368
5 0.193441 0.806559
2 0.998972 0.00102799
5 0.000298865 0.999701
5 0.458191 0.541809
2 0.999513 0.000486885
5 0.0220805 0.977919
5 0.0105377 0.989462
5 0.0881468 0.911853
2 0.994732 0.00526811
5 0.20073 0.79927
2 0.999556 0.000443971
5 0.000159014 0.999841
2 0.722776 0.277224
2 0.964861 0.0351392
5 0.061201 0.938799
5 0.00309587 0.996904
5 0.00424556 0.995754
5 0.130733 0.869267
5 0.101064 0.898936
5 3.98168e-07 1
5 0.0927536 0.907246
2 0.981355 0.0186448
2 0.99815 0.00185019
2 0.93363 0.0663695
5 0.334105 0.665895
2 0.998286 0.00171443
5 0.220692 0.779308
2 0.996784 0.00321576
5 1e-07 1
5 0.000293047 0.999707
2 0.994539 0.00546066
2 0.995499 0.00450117
5 1e-07 1
2 0.998368 0.0016317
5 0.055158 0.944842
5 0.0310322 0.968968
2 0.997302 0.00269831
2 0.655013 0.344987
5 2.11435e-05 0.999979
2 0.912489 0.0875106
2 0.996314 0.00368594
2 0.876279 0.123721
2 0.582489 0.417511
2 0.998343 0.00165723
2 0.934851 0.0651494
5 0.00180008 0.9982
5 0.158742 0.841258
2 0.560096 0.439904
5 0.000120687 0.999879
5 0.000358674 0.999641
5 0.000305528 0.999694
2 0.778848 0.221152
2 0.624108 0.375892
5 0.238554 0.761446
5 0.311357 0.688643
2 0.996034 0.00396579
5 0.143814 0.856186
5 0.0796737 0.920326
5 1.63898e-05 0.999984
2 0.826927 0.173073
2 0.818075 0.181925
2 0.81717 0.18283
2 0.563362 0.436638
5 0.0355053 0.964495
5 2.59463e-07 1
5 2.3475e-06 0.999998
5 8.28294e-06 0.999992
5 0.13349 0.86651
2 0.857805 0.142195
2 0.999956 4.44087e-05
2 0.998876 0.00112352
5 0.0330724 0.966928
5 0.0028639 0.997136
5 0.00121513 0.998785
5 0.241395 0.758605
2 0.994623 0.00537734
5 0.00484198 0.995158
2 0.760759 0.239241
5 0.208756 0.791244
2 0.992204 0.00779569
2 0.99813 0.00186981
2 0.992522 0.00747787
5 0.297492 0.702508
2 0.999912 8.84657e-05
5 0.00186915 0.998131
5 0.400078 0.599922
2 0.82686 0.17314
5 0.0020939 0.997906
5 0.0310085 0.968991
5 0.45956 0.54044
2 0.59591 0.40409
5 7.84336e-05 0.999922
5 0.318702 0.681298
5 0.178428 0.821572
2 0.980471 0.0195291
2 0.999102 0.000898225
5 2.03623e-05 0.99998
5 0.00585598 0.994144
2 0.951109 0.0488914
2 0.99546 0.00453952
5 0.00536854 0.994631
5 0.166959 0.833041
2 0.809445 0.190555
