labels 0 5
5 0.000650035 0.99935
5 0.0140363 0.985964
0 0.865366 0.134634
5 5.16422e-05 0.999948
5 0.00777779 0.992222
5 0.0410247 0.958975
0 0.991449 0.00855087
5 0.201034 0.798966
5 2.38823e-07 1
5 0.000183574 0.999816
5 0.00377411 0.996226
0 0.999968 3.21791e-05
5 0.0179732 0.982027
0 0.999474 0.000526197
5 0.000568169 0.999432
5 0.0308701 0.96913
5 0.00195834 0.998042
5 0.162493 0.837507
0 0.999989 1.12134e-05
0 0.969343 0.0306568
5 0.223061 0.776939
0 0.939262 0.0607379
5 0.172127 0.827873
5 0.286579 0.713421
0 0.920115 0.0798851
0 0.999677 0.000323321
0 0.931759 0.0682411
0 0.999945 5.53777e-05
0 0.913609 0.0863906
5 0.119405 0.880595
5 5.25197e-05 0.999947
5 0.000220104 0.99978
5 0.00298943 0.997011
0 0.999672 0.000327599
5 0.153153 0.846847
5 0.340057 0.659943
5 0.28558 0.71442
0 0.999624 0.000376194
5 1e-07 1
5 0.0993198 0.90068
5 0.437326 0.562674
0 0.807914 0.192086
5 0.0561384 0.943862
0 0.771104 0.228896
0 0.999973 2.69349e-05
0 0.755553 0.244447
5 0.485852 0.514148
0 0.735448 0.264552
5 0.0225227 0.977477
5 0.188403 0.811597
0 0.635052 0.364948
5 0.000414794 0.999585
5 9.44611e-05 0.999906
0 0.834728 0.165272
5 0.329327 0.670673
5 0.39627 0.60373
5 0.0450136 0.954986
0 0.747351 0.252649
0 0.999854 0.000146182
0 0.910707 0.0892933
0 0.999331 0.000668635
5 0.00268047 0.99732
0 0.915222 0.0847776
5 0.0953737 0.904626
5 0.440623 0.559377
5 2.25658e-05 0.999977
5 0.279609 0.720391
0 0.999735 0.000264661
5 0.00178074 0.998219
5 0.00123967 0.99876
5 0.0316503 0.96835
5 0.00479169 0.995208
5 0.276345 0.723655
5 0.499997 0.500003
5 0.0152308 0.984769
5 0.00124476 0.998755
5 0.00108434 0.998916
5 0.160713 0.839287
0 0.999759 0.000241216
5 0.489627 0.510373
0 0.999955 4.47623e-05
0 0.999981 1.85449e-05
5 0.0263478 0.973652
5 0.110393 0.889607
5 0.00094708 0.999053
5 0.411979 0.588021
0 0.572329 0.427671
0 0.999946 5.44464e-05
5 0.059777 0.940223
0 0.999938 6.21479e-05
5 0.0176246 0.982375
5 0.275618 0.724382
5 0.0126252 0.987375
5 0.132782 0.867218
0 0.600394 0.399606
5 6.78048e-07 0.999999
0 0.999844 0.000156419
5 0.0700979 0.929902
0 0.633248 0.366752
5 0.468179 0.531821
0 0.765047 0.234953
5 0.0763714 0.923629
0 0.996902 0.00309801
5 0.27462 0.72538
5 0.128329 0.871671
5 0.00376053 0.996239
5 6.83136e-06 0.999993
5 0.228803 0.771197
5 0.00196175 0.998038
5 0.211901 0.788099
5 0.0916181 0.908382
5 0.00266504 0.997335
5 0.0215898 0.97841
5 0.221205 0.778795
5 0.122283 0.877717
5 0.222821 0.777179
5 3.00599e-05 0.99997
5 0.00975731 0.990243
5 0.0210516 0.978948
0 0.557782 0.442218
5 0.125284 0.874716
0 0.66095 0.33905
5 0.00406449 0.995936
5 0.00356712 0.996433
0 0.99961 0.000390408
5 0.278034 0.721966
5 0.00116829 0.998832
0 0.99915 0.000849717
0 0.999809 0.00019105
5 0.389522 0.610478
5 0.183711 0.816289
5 0.00208288 0.997917
5 0.415152 0.584848
5 0.347753 0.652247
0 0.741534 0.258466
5 0.274115 0.725885
0 0.936135 0.0638648
0 0.999775 0.000224883
5 5.30135e-07 0.999999
5 0.0271143 0.972886
0 0.999186 0.000813554
5 0.0165099 0.98349
5 0.266964 0.733036
0 0.99961 0.00038979
5 0.0546425 0.945358
0 0.571666 0.428334
5 0.0174167 0.982583
0 0.631611 0.368389
0 0.986395 0.013605
5 0.460652 0.539348
0 0.999552 0.000448067
5 0.048644 0.951356
5 0.407564 0.592436
5 0.191772 0.808228
5 0.483582 0.516418
5 0.138909 0.861091
0 0.543695 0.456305
0 0.976784 0.0232157
5 5.20526e-06 0.999995
5 0.0416636 0.958336
5 0.000256235 0.999744
5 0.000223636 0.999776
5 0.00012019 0.99988
0 0.999873 0.000126871
5 0.165126 0.834874
0 0.54635 0.45365
5 0.0136337 0.986366
5 0.0170167 0.982983
0 0.999939 6.13724e-05
5 4.18117e-07 1
5 5.76679e-05 0.999942
5 0.405334 0.594666
5 0.386589 0.613411
0 0.553707 0.446293
5 0.000456394 0.999544
5 0.00064976 0.99935
5 0.00086436 0.999136
5 0.0198165 0.980183
5 0.00343832 0.996562
0 0.99998 2.01481e-05
5 0.0136587 0.986341
5 0.0554874 0.944513
5 0.39593 0.60407
0 0.999879 0.000121118
5 0.0335826 0.966417
5 0.144731 0.855269
5 0.21374 0.78626
0 0.999851 0.000148764
0 0.839246 0.160754
0 0.919229 0.0807709
5 0.484468 0.515532
5 0.000301805 0.999698
5 0.190468 0.809532
0 0.765487 0.234513
5 0.428864 0.571136
5 0.00188892 0.998111
0 0.999806 0.000194129
5 0.000776334 0.999224
0 0.999926 7.39899e-05
0 0.790816 0.209184
5 0.000172103 0.999828
5 0.127943 0.872057
0 0.603151 0.396849
5 0.390414 0.609586
5 0.493699 0.506301
5 0.000432303 0.999568
5 0.0923313 0.907669
0 0.638105 0.361895
0 0.999936 6.40891e-05
5 0.0294401 0.97056
5 0.10786 0.89214
5 0.0168716 0.983128
0 0.721079 0.278921
5 0.00525122 0.994749
5 0.251402 0.748598
5 0.450626 0.549374
5 0.090944 0.909056
5 0.0527547 0.947245
5 0.000137393 0.999863
0 0.907644 0.0923558
0 0.998429 0.00157077
5 2.73379e-05 0.999973
5 0.158293 0.841707
5 0.0294124 0.970588
5 0.404351 0.595649
5 0.000684178 0.999316
0 0.997841 0.00215908
5 0.301671 0.698329
5 0.114065 0.885935
5 0.0427131 0.957287
0 0.735355 0.264645
5 0.0028314 0.997169
0 0.999398 0.00060223
5 0.329283 0.670717
5 0.361112 0.638888
5 0.00721223 0.992788
0 0.948921 0.0510788
5 0.40434 0.59566
5 0.0219903 0.97801
0 0.802608 0.197392
5 0.0195179 0.980482
0 0.99999 9.6547e-06
5 0.00776229 0.992238
5 0.139949 0.860051
5 0.00121396 0.998786
5 0.405612 0.594388
0 0.6821 0.3179
5 0.00929464 0.990705
5 0.00032664 0.999673
0 0.592207 0.407793
5 0.0250343 0.974966
5 0.00630651 0.993693
5 0.0025385 0.997462
0 0.545854 0.454146
5 0.00176585 0.998234
0 0.999627 0.000372685
5 0.387176 0.612824
0 0.612089 0.387911
5 0.0587422 0.941258
5 0.0541963 0.945804
0 0.92184 0.0781603
5 0.00975198 0.990248
0 0.956209 0.0437905
5 0.408863 0.591137
5 0.00262973 0.99737
0 0.999681 0.000318979
5 1.02412e-05 0.99999
5 0.413974 0.586026
0 0.602802 0.397198
0 0.999827 0.000172546
5 0.105832 0.894168
0 0.875074 0.124926
5 0.177457 0.822543
5 0.387643 0.612357
5 0.0835127 0.916487
5 0.0247263 0.975274
0 0.935731 0.0642688
5 0.385835 0.614165
0 0.544719 0.455281
5 5.69876e-06 0.999994
5 0.361113 0.638887
5 0.132152 0.867848
5 0.262492 0.737508
5 0.442351 0.557649
0 0.999877 0.000122901
0 0.999151 0.000848504
5 0.094624 0.905376
0 0.928802 0.0711982
5 0.00883998 0.99116
0 0.581272 0.418728
5 0.00168822 0.998312
5 0.117954 0.882046
0 0.999778 0.000221571
5 0.337724 0.662276
5 0.00145353 0.998546
5 0.000425686 0.999574
0 0.989144 0.0108562
5 1e-07 1
5 0.147011 0.852989
5 0.0204448 0.979555
5 9.40909e-06 0.999991
5 9.7696e-05 0.999902
5 0.434686 0.565314
0 0.999925 7.46175e-05
0 0.974282 0.0257183
0 0.616007 0.383993
5 0.100755 0.899245
0 0.782891 0.217109
5 0.000302933 0.999697
0 0.997718 0.00228193
0 0.721276 0.278724
5 0.202282 0.797718
5 0.00603657 0.993963
5 0.00511539 0.994885
5 0.0511389 0.948861
0 0.614514 0.385486
0 0.999743 0.000257023
5 0.0355607 0.964439
5 0.298084 0.701916
5 0.424538 0.575462
5 0.0021161 0.997884
0 0.999905 9.48674e-05
5 0.059751 0.940249
5 1.48159e-05 0.999985
5 0.00955611 0.990444
5 0.180417 0.819583
5 0.117426 0.882574
5 0.00043332 0.999567
5 0.291891 0.708109
0 0.808126 0.191874
5 0.000220281 0.99978
0 0.951645 0.0483554
5 0.117627 0.882373
5 0.426239 0.573761
0 0.503173 0.496827
0 0.77485 0.22515
5 0.000108345 0.999892
5 7.91331e-05 0.999921
5 0.0154177 0.984582
5 0.0694726 0.930527
5 0.000624622 0.999375
0 0.916619 0.0833812
0 0.99973 0.000269725
5 0.284105 0.715895
0 0.586713 0.413287
5 0.00793232 0.992068
5 0.0161691 0.983831
0 0.992267 0.00773285
5 0.000698254 0.999302
5 0.0176867 0.982313
0 0.894948 0.105052
5 0.216287 0.783713
5 0.00121786 0.998782
5 0.000512469 0.999488
5 0.492437 0.507563
5 9.27787e-05 0.999907
5 0.125245 0.874755
5 0.053656 0.946344
5 0.0424534 0.957547
5 0.0409201 0.95908
5 0.000741557 0.999258
5 0.374376 0.625624
0 0.637117 0.362883
5 0.456393 0.543607
5 0.00181854 0.998181
5 0.0305866 0.969413
5 0.215197 0.784803
5 0.237471 0.762529
5 0.457233 0.542767
0 0.999798 0.000201967
0 0.778356 0.221644
0 0.999911 8.93818e-05
5 0.0975549 0.902445
5 0.322297 0.677703
5 0.281221 0.718779
5 0.00424446 0.995756
0 0.998881 0.00111908
0 0.874521 0.125479
0 0.906563 0.0934375
5 0.000488408 0.999512
5 0.130411 0.869589
0 0.540561 0.459439
5 0.000814366 0.999186
5 0.0593386 0.940661
0 0.516269 0.483731
0 0.880627 0.119373
5 0.456076 0.543924
0 0.998917 0.00108348
5 0.0873272 0.912673
0 0.966574 0.0334263
0 0.998903 0.00109689
5 0.206749 0.793251
0 0.976588 0.023412
5 0.00206542 0.997935
5 0.168018 0.831982
5 0.000673019 0.999327
5 0.16888 0.83112
0 0.927301 0.0726992
0 0.5994 0.4006
5 0.14069 0.85931
5 0.253574 0.746426
0 0.999045 0.000955381
5 0.440469 0.559531
5 3.20603e-06 0.999997
5 0.0299623 0.970038
5 0.000718614 0.999281
5 0.00726203 0.992738
5 0.0674757 0.932524
5 0.0135999 0.9864
5 0.0147796 0.98522
5 0.160893 0.839107
5 8.59366e-05 0.999914
5 0.435045 0.564955
5 0.0149542 0.985046
5 3.47222e-05 0.999965
5 0.0179675 0.982033
0 0.999489 0.000511187
0 0.554814 0.445186
0 0.93284 0.0671604
5 6.79525e-05 0.999932
5 0.322432 0.677568
0 0.97461 0.0253899
0 0.649465 0.350535
5 0.000939576 0.99906
5 0.133237 0.866763
5 0.00293821 0.997062
0 0.999754 0.000246254
0 0.885062 0.114938
5 0.000406139 0.999594
0 0.999908 9.16584e-05
0 0.555664 0.444336
5 0.000834553 0.999165
5 0.0103865 0.989614
5 0.0797584 0.920242
0 0.578371 0.421629
5 0.000566735 0.999433
5 0.455196 0.544804
5 0.00833662 0.991663
5 0.0546253 0.945375
0 0.999568 0.000432284
5 0.0607432 0.939257
5 4.71667e-06 0.999995
5 0.00417682 0.995823
5 0.444202 0.555798
0 0.521703 0.478297
5 0.234326 0.765674
5 0.235075 0.764925
5 0.00488269 0.995117
5 0.280543 0.719457
0 0.508637 0.491363
5 0.00307869 0.996921
0 0.812751 0.187249
5 0.000287213 0.999713
0 0.99178 0.00821989
5 0.144178 0.855822
0 0.904372 0.0956283
0 0.999744 0.000256098
0 0.654604 0.345396
0 0.635625 0.364375
5 0.000445931 0.999554
0 0.999918 8.16278e-05
5 0.00206361 0.997936
5 0.00020761 0.999792
5 0.44294 0.55706
5 0.0971666 0.902833
0 0.822581 0.177419
5 0.0152811 0.984719
0 0.999845 0.000155088
5 0.161071 0.838929
0 0.729328 0.270672
0 0.513911 0.486089
5 0.2978 0.7022
5 0.0532677 0.946732
5 0.000518807 0.999481
5 0.138865 0.861135
0 0.663719 0.336281
0 0.996578 0.00342174
5 0.208995 0.791005
5 0.436364 0.563636
5 0.00107921 0.998921
5 0.484628 0.515372
5 0.208957 0.791043
5 0.0372339 0.962766
0 0.523782 0.476218
5 0.000436447 0.999564
5 0.0921034 0.907897
5 0.0175289 0.982471
5 0.00310226 0.996898
5 0.000153662 0.999846
5 4.91169e-06 0.999995
5 0.0831386 0.916861
5 0.00235897 0.997641
5 0.000871404 0.999129
0 0.865794 0.134206
5 0.0141141 0.985886
5 0.14922 0.85078
5 0.0011892 0.998811
5 0.425592 0.574408
5 0.000160728 0.999839
0 0.53707 0.46293
5 4.77303e-05 0.999952
5 1.9628e-07 1
5 0.000711005 0.999289
5 0.0230994 0.976901
0 0.987167 0.0128333
5 0.255216 0.744784
5 0.332349 0.667651
5 0.0486906 0.951309
5 0.0166279 0.983372
0 0.999849 0.000150837
5 0.0721812 0.927819
0 0.612335 0.387665
5 9.57596e-07 0.999999
0 0.821897 0.178103
5 0.0770534 0.922947
5 0.287526 0.712474
5 0.0944443 0.905556
0 0.99892 0.00108034
5 2.36203e-05 0.999976
5 0.00142797 0.998572
0 0.998082 0.0019177
0 0.999942 5.80928e-05
5 9.49072e-06 0.999991
0 0.981037 0.0189628
5 0.0313431 0.968657
0 0.503543 0.496457
0 0.999975 2.52561e-05
5 0.00098587 0.999014
5 0.399488 0.600512
5 0.334857 0.665143
5 0.248084 0.751916
0 0.604212 0.395788
5 0.362967 0.637033
5 3.60565e-06 0.999996
5 0.240913 0.759087
5 0.486161 0.513839
5 0.0166322 0.983368
0 0.999942 5.81133e-05
0 0.999969 3.12815e-05
5 4.00131e-06 0.999996
5 0.0361151 0.963885
5 0.0865611 0.913439
5 0.000552355 0.999448
0 0.909116 0.0908845
5 0.0339252 0.966075
0 0.775493 0.224507
5 0.12351 0.87649
5 0.000833119 0.999167
0 0.999941 5.89217e-05
5 0.00298368 0.997016
5 0.335883 0.664117
0 0.999987 1.29514e-05
0 0.668072 0.331928
0 0.660295 0.339705
5 0.45402 0.54598
5 0.000530762 0.999469
0 0.570113 0.429887
5 0.129244 0.870756
0 0.999543 0.000456805
0 0.950971 0.0490289
0 0.966739 0.033261
5 0.193805 0.806195
0 0.999938 6.15461e-05
5 0.06172 0.93828
5 4.02308e-05 0.99996
5 0.00138781 0.998612
0 0.943199 0.0568008
5 0.0443243 0.955676
5 0.00292897 0.997071
5 7.01734e-06 0.999993
5 0.00137128 0.998629
0 0.994703 0.00529703
0 0.984612 0.0153882
5 0.415056 0.584944
5 0.464639 0.535361
5 0.000863714 0.999136
5 0.00331214 0.996688
5 0.396665 0.603335
0 0.99495 0.00505009
5 6.56269e-06 0.999993
5 0.320569 0.679431
5 0.213804 0.786196
5 0.0117541 0.988246
5 0.0183433 0.981657
0 0.999861 0.000139176
0 0.688458 0.311542
0 0.999441 0.000558891
5 0.353886 0.646114
5 0.409965 0.590035
5 0.193229 0.806771
5 7.63896e-05 0.999924
5 0.0658677 0.934132
0 0.822673 0.177327
0 0.983887 0.0161133
5 7.67603e-07 0.999999
0 0.999812 0.000187518
5 0.45021 0.54979
5 0.00092157 0.999078
5 0.0173873 0.982613
0 0.601965 0.398035
0 0.995722 0.00427786
5 0.0142356 0.985764
5 0.122512 0.877488
5 0.0474679 0.952532
5 0.190186 0.809814
5 0.00130565 0.998694
5 0.000269638 0.99973
5 0.0771345 0.922866
0 0.958049 0.0419513
5 0.10678 0.89322
5 0.498191 0.501809
5 0.372876 0.627124
5 0.131677 0.868323
5 0.0369869 0.963013
0 0.99963 0.000370048
5 0.0364291 0.963571
5 0.277817 0.722183
5 0.0199945 0.980005
0 0.999998 1.50501e-06
5 0.0259806 0.974019
0 0.980171 0.0198294
0 0.816312 0.183688
5 0.297949 0.702051
0 0.999924 7.60902e-05
5 0.393596 0.606404
0 0.642493 0.357507
0 0.956109 0.0438912
0 0.959627 0.0403733
5 0.00676514 0.993235
5 0.0617622 0.938238
0 0.722317 0.277683
0 0.999955 4.49453e-05
5 0.000698388 0.999302
0 0.999565 0.000434846
5 0.321165 0.678835
5 0.00477808 0.995222
0 0.999992 8.47086e-06
5 0.261966 0.738034
5 0.0861824 0.913818
5 0.319422 0.680578
5 0.00825893 0.991741
0 0.995083 0.00491661
5 0.319147 0.680853
5 0.00379767 0.996202
5 0.362337 0.637663
5 0.0260063 0.973994
0 0.999996 4.14663e-06
5 0.27759 0.72241
5 0.00514732 0.994853
5 0.037074 0.962926
5 0.0003527 0.999647
0 0.783136 0.216864
0 0.999974 2.57421e-05
0 0.604037 0.395963
5 0.00435214 0.995648
5 1.75612e-05 0.999982
0 0.992424 0.00757563
5 0.260815 0.739185
5 0.0447145 0.955285
5 0.0522357 0.947764
5 0.14938 0.85062
5 0.029813 0.970187
0 0.815799 0.184201
5 0.00117194 0.998828
0 0.999996 3.65828e-06
0 0.998958 0.00104238
5 0.171868 0.828132
5 0.101558 0.898442
0 0.50498 0.49502
5 0.0441661 0.955834
5 0.0242013 0.975799
5 0.490218 0.509782
0 0.985813 0.0141872
5 0.152252 0.847748
0 0.653006 0.346994
5 0.0265011 0.973499
0 0.999753 0.000247094
5 0.398135 0.601865
5 0.000642116 0.999358
5 0.145126 0.854874
0 0.526969 0.473031
5 0.000183383 0.999817
5 0.105172 0.894828
5 0.207206 0.792794
5 0.214186 0.785814
5 0.180684 0.819316
5 0.0875704 0.91243
5 0.394358 0.605642
5 0.410323 0.589677
5 0.0184512 0.981549
5 0.00863918 0.991361
5 0.219348 0.780652
5 0.150167 0.849833
5 0.305717 0.694283
5 0.0384953 0.961505
0 0.978392 0.0216083
0 0.550547 0.449453
5 0.00190127 0.998099
5 0.347883 0.652117
5 0.000291846 0.999708
5 0.0431965 0.956803
5 0.000235149 0.999765
5 0.280767 0.719233
0 0.719062 0.280938
5 3.71082e-05 0.999963
0 0.999885 0.000115419
0 0.952807 0.0471926
5 0.487606 0.512394
5 0.00011688 0.999883
5 0.020924 0.979076
0 0.999556 0.000444162
5 0.00129503 0.998705
5 0.000193745 0.999806
0 0.562416 0.437584
5 0.0017383 0.998262
5 0.286391 0.713609
0 0.955976 0.0440239
5 0.135542 0.864458
0 0.999824 0.000176074
5 0.000231834 0.999768
5 0.033776 0.966224
0 0.999872 0.000128089
5 0.00406941 0.995931
0 0.608236 0.391764
5 0.191295 0.808705
5 0.0330159 0.966984
0 0.997498 0.00250245
5 0.450084 0.549916
0 0.661443 0.338557
5 0.000792338 0.999208
5 0.459336 0.540664
5 0.297325 0.702675
0 0.510063 0.489937
5 1.22029e-05 0.999988
0 0.671971 0.328029
5 0.0727511 0.927249
0 0.540789 0.459211
0 0.999905 9.52444e-05
5 0.0782553 0.921745
0 0.674665 0.325335
0 0.968484 0.0315163
0 0.99449 0.0055103
5 0.000557636 0.999442
5 0.0380173 0.961983
0 0.999912 8.77236e-05
5 0.0229916 0.977008
0 0.981235 0.0187652
5 0.000190171 0.99981
5 0.0692693 0.930731
5 0.00529052 0.994709
0 0.511244 0.488756
5 0.45858 0.54142
5 0.00129656 0.998703
0 0.800939 0.199061
5 0.025682 0.974318
0 0.988678 0.011322
5 0.00696249 0.993038
5 0.0478202 0.95218
5 0.0242076 0.975792
0 0.68302 0.31698
5 0.000616401 0.999384
0 0.887595 0.112405
5 0.29245 0.70755
5 0.0821678 0.917832
5 0.0628216 0.937178
5 0.0436877 0.956312
5 0.000888549 0.999111
5 0.000848985 0.999151
5 0.00375755 0.996242
5 0.00069062 0.999309
5 0.451154 0.548846
5 2.54238e-06 0.999997
0 0.999913 8.74632e-05
5 0.250502 0.749498
5 0.212243 0.787757
5 0.315493 0.684507
5 0.465636 0.534364
5 0.386249 0.613751
5 0.000266407 0.999734
5 0.000152665 0.999847
5 0.287965 0.712035
0 0.99992 7.97873e-05
5 0.146408 0.853592
5 0.29796 0.70204
0 0.647548 0.352452
5 0.209089 0.790911
5 0.00029721 0.999703
5 0.00713773 0.992862
0 0.999804 0.000195632
5 0.194629 0.805371
0 0.638039 0.361961
5 0.278316 0.721684
0 0.706829 0.293171
5 0.344372 0.655628
5 0.0522942 0.947706
5 0.0687577 0.931242
0 0.957565 0.0424352
5 0.492703 0.507297
0 0.524258 0.475742
5 0.0011818 0.998818
5 0.0149457 0.985054
5 1.34652e-07 1
0 0.6051 0.3949
5 0.327963 0.672037
0 0.880218 0.119782
0 0.900864 0.0991365
0 0.724602 0.275398
5 0.000262944 0.999737
5 0.0028878 0.997112
5 0.000175659 0.999824
5 0.00278213 0.997218
5 0.171724 0.828276
5 0.00866392 0.991336
5 0.0146702 0.98533
0 0.9988 0.0011997
5 0.000180284 0.99982
5 0.0681856 0.931814
5 0.00159286 0.998407
5 1.88986e-06 0.999998
0 0.953362 0.0466375
5 0.346023 0.653977
5 0.0264743 0.973526
5 0.152461 0.847539
0 0.999936 6.37606e-05
5 1.29553e-05 0.999987
0 0.657797 0.342203
5 0.000111117 0.999889
5 0.250221 0.749779
5 0.00195276 0.998047
5 0.000180071 0.99982
0 0.747381 0.252619
0 0.974404 0.0255959
5 0.480708 0.519292
0 0.741308 0.258692
0 0.567343 0.432657
5 0.0802238 0.919776
0 0.999966 3.43357e-05
5 0.000569172 0.999431
0 0.533347 0.466653
5 0.243258 0.756742
0 0.999913 8.72056e-05
5 0.00558514 0.994415
0 0.677112 0.322888
5 0.00106731 0.998933
5 0.00174591 0.998254
5 0.0381905 0.96181
5 0.0197148 0.980285
5 0.00149301 0.998507
5 0.0423314 0.957669
5 0.34184 0.65816
5 0.000256873 0.999743
0 0.595862 0.404138
5 0.000736678 0.999263
0 0.999939 6.07569e-05
5 4.13998e-05 0.999959
0 0.999882 0.000118075
0 0.999369 0.000631189
5 0.281655 0.718345
0 0.575523 0.424477
5 6.35227e-05 0.999936
5 0.0143931 0.985607
5 0.433583 0.566417
0 0.593587 0.406413
0 0.660021 0.339979
5 0.484318 0.515682
0 0.999866 0.000133886
5 0.393274 0.606726
5 0.12191 0.87809
5 0.000377831 0.999622
5 0.117527 0.882473
5 0.000371203 0.999629
0 0.529529 0.470471
5 0.00426554 0.995734
5 6.81072e-06 0.999993
5 0.000483397 0.999517
0 0.959678 0.0403222
5 0.0406751 0.959325
0 0.536571 0.463429
0 0.516464 0.483536
5 0.464698 0.535302
5 0.0119793 0.988021
5 0.000290004 0.99971
5 0.430186 0.569814
5 0.00249484 0.997505
5 0.000246275 0.999754
0 0.999972 2.84284e-05
5 0.369589 0.630411
5 3.33434e-05 0.999967
0 0.975789 0.0242108
5 0.367483 0.632517
5 0.0922333 0.907767
5 0.00296549 0.997035
5 0.288172 0.711828
0 0.797636 0.202364
5 0.237635 0.762365
0 0.506392 0.493608
5 0.262974 0.737026
5 0.00295241 0.997048
5 0.000333571 0.999666
5 0.407161 0.592839
0 0.997692 0.00230752
5 0.346426 0.653574
0 0.991059 0.00894057
5 0.000584357 0.999416
0 0.729363 0.270637
5 0.0242587 0.975741
5 0.00248562 0.997514
0 0.995006 0.00499351
5 0.00342426 0.996576
0 0.556995 0.443005
5 0.00912622 0.990874
5 0.000629098 0.999371
0 0.753401 0.246599
5 0.182026 0.817974
5 9.57245e-06 0.99999
5 0.0888742 0.911126
5 0.0128421 0.987158
5 0.354643 0.645357
0 0.999271 0.000728517
0 0.951883 0.0481171
5 0.116204 0.883796
5 0.235083 0.764917
0 0.999938 6.1978e-05
5 0.353512 0.646488
0 0.996906 0.00309402
5 0.485581 0.514419
0 0.999242 0.000757765
5 0.00257523 0.997425
5 0.000624078 0.999376
0 0.998627 0.00137309
0 0.842486 0.157514
0 0.9998 0.000199911
5 0.309325 0.690675
5 0.437639 0.562361
5 0.00103563 0.998964
0 0.74278 0.25722
5 0.00757729 0.992423
5 0.000214821 0.999785
5 0.117239 0.882761
0 0.514588 0.485412
5 0.000523689 0.999476
5 0.00295923 0.997041
5 0.0081983 0.991802
5 0.311943 0.688057
0 0.966049 0.0339512
0 0.580807 0.419193
0 0.531838 0.468162
5 0.00728861 0.992711
0 0.999299 0.000701373
5 0.0572541 0.942746
5 0.420684 0.579316
0 0.971476 0.0285244
5 0.0311332 0.968867
5 0.089428 0.910572
0 0.999071 0.000929349
5 0.000703029 0.999297
5 0.313772 0.686228
0 0.621099 0.378901
5 0.00267001 0.99733
0 0.937856 0.0621445
5 0.240063 0.759937
0 0.99349 0.00650955
0 0.776838 0.223162
5 0.00321439 0.996786
5 0.469662 0.530338
5 0.20291 0.79709
5 0.0213467 0.978653
5 0.19355 0.80645
0 0.536397 0.463603
5 3.63923e-05 0.999964
5 0.314282 0.685718
0 0.551609 0.448391
5 0.0569704 0.94303
5 0.497134 0.502866
5 0.00539603 0.994604
5 0.287554 0.712446
5 0.0506189 0.949381
5 0.209189 0.790811
5 0.307821 0.692179
5 0.0286222 0.971378
5 0.256995 0.743005
5 0.0045634 0.995437
0 0.999747 0.000253043
5 0.463539 0.536461
5 0.465688 0.534312
5 0.000982658 0.999017
0 0.999409 0.000590843
0 0.523647 0.476353
5 0.00137143 0.998629
5 0.378869 0.621131
5 0.274454 0.725546
5 7.68884e-05 0.999923
0 0.999886 0.000113839
0 0.913592 0.0864083
5 0.00158874 0.998411
5 0.00891418 0.991086
5 0.00332576 0.996674
5 0.166085 0.833915
5 0.257229 0.742771
0 0.760836 0.239164
5 0.0129279 0.987072
5 0.27024 0.72976
5 0.174911 0.825089
0 0.612732 0.387268
5 0.000244499 0.999756
5 0.00263155 0.997368
0 0.596961 0.403039
0 0.870615 0.129385
0 0.999869 0.000131331
5 0.427622 0.572378
0 0.556598 0.443402
5 0.00455812 0.995442
5 4.04485e-06 0.999996
5 0.000487564 0.999512
5 0.016243 0.983757
5 0.000264641 0.999735
0 0.999677 0.000323324
5 0.284185 0.715815
5 0.341793 0.658207
0 0.999658 0.00034213
5 0.00346981 0.99653
0 0.999893 0.00010702
0 0.999925 7.53536e-05
5 0.00062435 0.999376
0 0.980268 0.0197324
5 0.166896 0.833104
5 0.0598295 0.940171
5 0.00106245 0.998938
5 0.00092956 0.99907
5 0.00187104 0.998129
5 0.000623971 0.999376
5 0.410727 0.589273
0 0.585157 0.414843
5 0.000128104 0.999872
0 0.736069 0.263931
5 0.00587847 0.994122
5 0.214626 0.785374
5 0.331072 0.668928
0 0.625595 0.374405
5 0.0334979 0.966502
5 7.21805e-06 0.999993
0 0.999743 0.000257182
0 0.781834 0.218166
0 0.866408 0.133592
0 0.913373 0.0866271
0 0.561472 0.438528
5 0.233528 0.766472
5 0.0269341 0.973066
5 0.000982177 0.999018
0 0.926287 0.0737128
5 0.107151 0.892849
5 0.00239242 0.997608
5 0.0549322 0.945068
5 0.378455 0.621545
0 0.999742 0.000258304
5 0.432372 0.567628
5 0.0210317 0.978968
0 0.999157 0.000843104
5 1.56369e-05 0.999984
5 7.70898e-05 0.999923
5 8.28091e-05 0.999917
5 0.101741 0.898259
5 0.00285832 0.997142
0 0.999872 0.000127857
5 0.346089 0.653911
0 0.999883 0.000117225
0 0.999964 3.61937e-05
5 0.00490033 0.9951
0 0.932654 0.067346
5 0.010959 0.989041
0 0.513197 0.486803
0 0.975814 0.0241863
0 0.99969 0.000309845
0 0.999685 0.000314834
5 0.00676065 0.993239
0 0.96999 0.0300098
5 0.00242635 0.997574
5 0.438101 0.561899
5 0.0310404 0.96896
5 0.00722277 0.992777
5 0.000437044 0.999563
0 0.937762 0.0622383
5 0.472327 0.527673
0 0.999843 0.000157046
5 9.65648e-05 0.999903
5 5.04897e-05 0.99995
5 0.00074911 0.999251
5 0.0116077 0.988392
5 0.0129295 0.98707
5 0.000505593 0.999494
5 0.0844692 0.915531
5 0.34255 0.65745
5 0.0473146 0.952685
5 0.000256988 0.999743
0 0.616708 0.383292
0 0.835337 0.164663
5 0.0905942 0.909406
5 0.142432 0.857568
5 0.166009 0.833991
5 0.246103 0.753897
5 0.432046 0.567954
5 0.000710377 0.99929
5 0.376882 0.623118
5 0.478535 0.521465
0 0.941313 0.0586868
5 0.00171468 0.998285
5 0.00118557 0.998814
0 0.9998 0.000200258
0 0.584366 0.415634
5 0.0102497 0.98975
5 0.000188061 0.999812
5 0.00179754 0.998202
0 0.999875 0.000124855
5 0.000424132 0.999576
5 0.318316 0.681684
0 0.541676 0.458324
5 0.201314 0.798686
5 0.234843 0.765157
5 0.274655 0.725345
5 0.0614505 0.938549
0 0.509315 0.490685
0 0.954911 0.0450891
0 0.538225 0.461775
5 0.455482 0.544518
0 0.85423 0.14577
5 0.0447844 0.955216
5 0.0127945 0.987205
5 0.327061 0.672939
5 0.0765175 0.923482
5 0.336885 0.663115
5 7.50457e-05 0.999925
5 0.00181353 0.998186
5 0.00176407 0.998236
5 0.455141 0.544859
5 0.164257 0.835743
5 0.000856943 0.999143
5 0.000331921 0.999668
5 0.0487424 0.951258
5 0.0049131 0.995087
5 0.0671307 0.932869
0 0.87967 0.12033
0 0.975952 0.0240479
5 0.154015 0.845985
5 0.000330886 0.999669
5 0.461945 0.538055
5 0.000277642 0.999722
5 0.176437 0.823563
5 0.157371 0.842629
5 0.13993 0.86007
5 0.0067261 0.993274
5 0.00214599 0.997854
5 0.0330798 0.96692
5 0.00169335 0.998307
0 0.999127 0.000873159
5 0.435958 0.564042
5 0.275385 0.724615
0 0.972109 0.0278913
5 0.0334134 0.966587
5 0.472039 0.527961
0 0.999989 1.12923e-05
0 0.644667 0.355333
0 0.991384 0.0086164
5 0.000136467 0.999864
5 0.000225454 0.999775
5 0.216565 0.783435
5 0.00114671 0.998853
0 0.526658 0.473342
5 0.000601511 0.999398
5 0.0277376 0.972262
5 0.444369 0.555631
5 0.00232186 0.997678
5 0.00265122 0.997349
0 0.520189 0.479811
5 0.219812 0.780188
0 0.760849 0.239151
0 0.999936 6.42826e-05
5 0.0029819 0.997018
5 0.480547 0.519453
5 0.486635 0.513365
5 0.190891 0.809109
5 0.0479866 0.952013
0 0.520557 0.479443
0 0.538655 0.461345
0 0.572098 0.427902
5 0.0647855 0.935215
5 0.450351 0.549649
5 0.023224 0.976776
0 0.999921 7.87964e-05
5 0.433883 0.566117
5 0.0778558 0.922144
0 0.552814 0.447186
0 0.587717 0.412283
5 0.121561 0.878439
5 0.00432442 0.995676
5 0.0605436 0.939456
0 0.518211 0.481789
5 0.00719111 0.992809
5 5.40448e-05 0.999946
5 0.462335 0.537665
0 0.918792 0.0812078
5 0.376404 0.623596
5 0.00550607 0.994494
5 0.0655988 0.934401
5 0.403534 0.596466
5 0.0416364 0.958364
0 0.571472 0.428528
0 0.958618 0.0413816
5 1.02122e-06 0.999999
5 0.00585737 0.994143
0 0.563028 0.436972
0 0.780103 0.219897
5 0.00196228 0.998038
0 0.832336 0.167664
5 0.456616 0.543384
5 0.459223 0.540777
5 0.444515 0.555485
5 0.00299125 0.997009
5 0.477995 0.522005
0 0.89996 0.10004
0 0.970599 0.0294008
5 0.116072 0.883928
0 0.51225 0.48775
5 0.0105513 0.989449
0 0.999905 9.52663e-05
5 0.00712196 0.992878
0 0.73528 0.26472
0 0.514415 0.485585
5 0.00226015 0.99774
0 0.778127 0.221873
5 0.0187662 0.981234
5 0.000456367 0.999544
5 0.00914707 0.990853
0 0.946127 0.0538735
5 0.467401 0.532599
0 0.99965 0.000350343
5 0.000161338 0.999839
0 0.546096 0.453904
5 0.000374798 0.999625
0 0.84825 0.15175
5 0.000258061 0.999742
5 0.384618 0.615382
5 0.374679 0.625321
5 0.316791 0.683209
0 0.53239 0.46761
5 0.0125254 0.987475
0 0.999544 0.000456237
5 0.445798 0.554202
5 0.128468 0.871532
0 0.999995 4.79476e-06
0 0.999996 3.76047e-06
5 0.0554619 0.944538
0 0.742646 0.257354
5 0.400584 0.599416
0 0.999753 0.000247162
0 0.587591 0.412409
5 0.0883609 0.911639
5 0.00632335 0.993677
0 0.501893 0.498107
5 8.09148e-07 0.999999
5 0.427659 0.572341
5 1e-07 1
5 0.133003 0.866997
5 0.490893 0.509107
0 0.999993 7.06052e-06
0 0.567282 0.432718
5 1.44521e-06 0.999999
5 0.438192 0.561808
5 0.000877801 0.999122
5 0.00933705 0.990663
5 0.000239003 0.999761
0 0.549119 0.450881
5 0.41197 0.58803
5 0.000256193 0.999744
0 0.999952 4.75528e-05
5 3.74029e-05 0.999963
5 0.0048721 0.995128
5 0.0453682 0.954632
5 0.0424937 0.957506
5 0.00885849 0.991142
5 0.000582751 0.999417
5 0.0020807 0.997919
5 0.0676641 0.932336
5 0.00903916 0.990961
0 0.999985 1.5032e-05
0 0.887214 0.112786
5 0.469486 0.530514
0 0.999866 0.000133899
5 0.416913 0.583087
0 0.99992 8.01938e-05
5 0.0424645 0.957536
5 0.293978 0.706022
5 0.00312778 0.996872
5 0.022078 0.977922
5 0.0844121 0.915588
0 0.597921 0.402079
0 0.910765 0.0892354
5 0.159422 0.840578
5 0.094988 0.905012
0 0.994539 0.00546064
5 0.13942 0.86058
5 6.14013e-05 0.999939
5 0.347792 0.652208
5 0.141854 0.858146
5 0.194057 0.805943
0 0.838964 0.161036
0 0.699694 0.300306
5 0.0123453 0.987655
5 2.91051e-06 0.999997
5 0.390991 0.609009
5 0.00200688 0.997993
0 0.999983 1.65253e-05
5 0.0771032 0.922897
0 0.919384 0.0806159
5 0.000298388 0.999702
0 0.813275 0.186725
5 0.277362 0.722638
5 0.0614229 0.938577
5 0.218331 0.781669
5 0.194829 0.805171
5 8.32537e-05 0.999917
5 0.000945821 0.999054
0 0.99996 3.95414e-05
5 2.91849e-06 0.999997
5 0.464978 0.535022
0 0.999336 0.000663699
5 0.0037843 0.996216
5 0.0113655 0.988634
5 0.392576 0.607424
5 0.135678 0.864322
5 0.327112 0.672888
5 0.218291 0.781709
0 0.510462 0.489538
5 0.000218041 0.999782
0 0.999566 0.00043449
5 1.49777e-05 0.999985
0 0.998929 0.00107073
5 0.450059 0.549941
5 0.0311136 0.968886
5 0.000199553 0.9998
5 0.000136717 0.999863
5 0.00780265 0.992197
0 0.529776 0.470224
5 0.310108 0.689892
5 0.00035878 0.999641
0 0.916779 0.0832215
0 0.999976 2.38282e-05
5 0.403784 0.596216
0 0.517944 0.482056
5 0.0907741 0.909226
5 0.276861 0.723139
0 0.69141 0.30859
5 0.0221511 0.977849
5 0.00138146 0.998619
5 0.000147231 0.999853
5 0.00289921 0.997101
5 0.0138656 0.986134
5 0.179433 0.820567
5 0.175527 0.824473
0 0.999454 0.000545538
5 0.00898809 0.991012
0 0.999698 0.000301888
5 0.449286 0.550714
0 0.999536 0.00046424
5 0.00218514 0.997815
5 0.387884 0.612116
0 0.519181 0.480819
0 0.982851 0.0171492
0 0.539551 0.460449
5 0.000468165 0.999532
0 0.999987 1.31135e-05
0 0.992085 0.00791484
5 0.0289367 0.971063
5 0.00231498 0.997685
0 0.984667 0.0153334
0 0.999952 4.78153e-05
0 0.751458 0.248542
5 0.206954 0.793046
5 0.000201056 0.999799
5 0.0383986 0.961601
5 0.254732 0.745268
0 0.628098 0.371902
0 0.950823 0.0491773
5 0.218838 0.781162
0 0.999951 4.93221e-05
5 0.097451 0.902549
5 0.43224 0.56776
0 0.999689 0.000311231
0 0.892833 0.107167
5 0.000198001 0.999802
5 0.123742 0.876258
5 0.148707 0.851293
5 0.0501348 0.949865
0 0.999336 0.000664448
5 0.000524522 0.999475
0 0.675803 0.324197
5 0.464637 0.535363
5 0.488909 0.511091
5 0.156437 0.843563
0 0.686876 0.313124
5 0.271898 0.728102
5 0.00421525 0.995785
0 0.983593 0.0164074
5 0.00580545 0.994195
0 0.999996 4.06804e-06
5 0.197236 0.802764
5 0.427864 0.572136
5 0.00215227 0.997848
0 0.987638 0.012362
5 0.0102191 0.989781
5 0.012549 0.987451
5 0.00140234 0.998598
5 0.00325612 0.996744
5 0.0797645 0.920235
5 0.388465 0.611535
5 0.00100666 0.998993
5 0.0363524 0.963648
5 0.00281421 0.997186
0 0.990754 0.00924625
0 0.662675 0.337325
5 0.00759847 0.992402
5 0.0829997 0.917
0 0.946064 0.053936
5 0.00041003 0.99959
5 0.356663 0.643337
0 0.999579 0.000420742
5 0.00135771 0.998642
0 0.786356 0.213644
5 0.0881447 0.911855
5 0.47547 0.52453
5 0.00341615 0.996584
5 4.04128e-05 0.99996
5 0.3826 0.6174
0 0.999942 5.78521e-05
0 0.627498 0.372502
5 0.00133182 0.998668
0 0.99845 0.00155022
0 0.976653 0.0233465
0 0.999841 0.000158924
5 0.12039 0.87961
0 0.969605 0.0303946
5 0.434519 0.565481
5 0.132862 0.867138
5 0.00053319 0.999467
0 0.538439 0.461561
5 0.000597799 0.999402
0 0.999262 0.000738186
0 0.999985 1.54952e-05
0 0.998353 0.00164726
0 0.78828 0.21172
5 0.0201435 0.979856
5 1.80504e-05 0.999982
5 0.483423 0.516577
0 0.997434 0.00256568
5 0.198104 0.801896
5 0.0448581 0.955142
5 0.000111254 0.999889
5 0.0207301 0.97927
0 0.999894 0.000106415
0 0.99997 2.97858e-05
0 0.504847 0.495153
0 0.938558 0.0614419
5 2.76023e-05 0.999972
5 0.000454736 0.999545
5 0.000116739 0.999883
0 0.948911 0.0510888
5 0.136627 0.863373
5 0.0361227 0.963877
0 0.999995 4.99891e-06
5 9.19968e-05 0.999908
5 0.148618 0.851382
0 0.570689 0.429311
5 0.465699 0.534301
5 0.348857 0.651143
0 0.672889 0.327111
5 0.276754 0.723246
5 0.455549 0.544451
5 0.371302 0.628698
5 5.52448e-06 0.999994
5 0.0249918 0.975008
0 0.611328 0.388672
0 0.856327 0.143673
0 0.999953 4.71717e-05
0 0.953959 0.0460412
5 5.98999e-05 0.99994
0 0.522995 0.477005
0 0.978915 0.0210849
0 0.668384 0.331616
5 0.00194421 0.998056
0 0.614408 0.385592
5 0.0502546 0.949745
0 0.585447 0.414553
0 0.563584 0.436416
5 0.043789 0.956211
5 0.410352 0.589648
0 0.536246 0.463754
0 0.999574 0.00042552
0 0.999955 4.52514e-05
0 0.99919 0.000809786
5 0.000240102 0.99976
5 0.439187 0.560813
5 1.53232e-05 0.999985
0 0.572638 0.427362
0 0.864653 0.135347
5 0.33729 0.66271
5 0.130022 0.869978
5 0.0532478 0.946752
5 0.00280487 0.997195
5 1.17446e-05 0.999988
5 0.00174343 0.998257
0 0.971768 0.0282316
5 0.404295 0.595705
5 0.00160021 0.9984
0 0.850974 0.149026
5 0.0789184 0.921082
0 0.945089 0.0549113
5 0.000859704 0.99914
5 0.000110791 0.999889
5 0.0048271 0.995173
0 0.997721 0.00227872
5 0.077661 0.922339
5 0.036625 0.963375
5 0.191182 0.808818
5 0.250532 0.749468
5 0.00015374 0.999846
5 0.433977 0.566023
0 0.999523 0.000477028
5 0.000216431 0.999784
5 0.00869695 0.991303
5 0.00305826 0.996942
0 0.52913 0.47087
0 0.999808 0.000192227
5 0.0565767 0.943423
5 0.011075 0.988925
0 0.544943 0.455057
5 0.0897355 0.910265
5 0.44709 0.55291
5 0.174284 0.825716
5 0.00357854 0.996421
0 0.563157 0.436843
0 0.571706 0.428294
5 0.000333225 0.999667
5 1.64103e-07 1
5 1.13634e-06 0.999999
5 2.29621e-05 0.999977
5 0.36341 0.63659
5 0.0117666 0.988233
5 0.109694 0.890306
5 0.466888 0.533112
5 0.243247 0.756753
5 0.381391 0.618609
5 1.06937e-05 0.999989
0 0.98674 0.0132603
0 0.99944 0.00055975
0 0.978608 0.021392
5 0.00227743 0.997723
5 0.034992 0.965008
5 0.374624 0.625376
5 0.000208996 0.999791
5 0.000645408 0.999355
5 2.07069e-05 0.999979
5 0.00223859 0.997761
5 0.252553 0.747447
5 0.00646465 0.993535
5 0.438725 0.561275
0 0.559868 0.440132
5 0.00111745 0.998883
0 0.547359 0.452641
5 0.235713 0.764287
5 0.094412 0.905588
5 0.00224101 0.997759
5 0.296168 0.703832
0 0.951064 0.0489357
0 0.821188 0.178812
5 0.00233324 0.997667
0 0.769364 0.230636
5 0.271863 0.728137
5 0.143165 0.856835
5 0.0531273 0.946873
5 0.0105591 0.989441
5 0.00050557 0.999494
5 0.000237929 0.999762
5 3.06325e-05 0.999969
0 0.749444 0.250556
0 0.545724 0.454276
5 1.25288e-06 0.999999
5 0.417839 0.582161
5 0.215704 0.784296
5 0.00149332 0.998507
5 0.000186609 0.999813
5 3.30556e-06 0.999997
0 0.999822 0.000178054
0 0.557764 0.442236
5 0.00123813 0.998762
5 4.59538e-05 0.999954
0 0.940459 0.0595409
5 0.188203 0.811797
0 0.999869 0.00013096
5 0.431445 0.568555
5 0.00172108 0.998279
5 0.022358 0.977642
5 0.395768 0.604232
5 0.00229005 0.99771
0 0.999996 4.42946e-06
5 0.0111588 0.988841
0 0.999472 0.0005282
5 0.0153104 0.98469
5 0.490743 0.509257
0 0.510796 0.489204
5 0.00856829 0.991432
5 0.000570485 0.99943
5 0.0689939 0.931006
0 0.639273 0.360727
0 0.9186 0.0813999
5 0.38113 0.61887
0 0.555246 0.444754
5 0.401623 0.598377
5 0.00678837 0.993212
5 3.25923e-05 0.999967
5 0.00134583 0.998654
0 0.835389 0.164611
5 0.0638635 0.936136
5 0.000741384 0.999259
0 0.742931 0.257069
0 0.83053 0.16947
0 0.524602 0.475398
0 0.792658 0.207342
5 0.00138579 0.998614
5 0.0029888 0.997011
5 0.390011 0.609989
0 0.625655 0.374345
0 0.99994 5.98278e-05
0 0.999981 1.87417e-05
5 0.432896 0.567104
5 0.186501 0.813499
5 0.0352041 0.964796
5 0.457613 0.542387
5 0.358571 0.641429
5 0.0029756 0.997024
5 0.000138675 0.999861
5 0.0540699 0.94593
0 0.57692 0.42308
0 0.811515 0.188485
5 0.304472 0.695528
0 0.513374 0.486626
5 0.00103319 0.998967
0 0.934816 0.0651839
0 0.639168 0.360832
0 0.511166 0.488834
5 0.0795515 0.920448
5 0.487022 0.512978
5 0.00858921 0.991411
0 0.99826 0.00174029
5 0.372787 0.627213
0 0.923191 0.0768094
5 0.000861737 0.999138
5 0.00775411 0.992246
5 0.191105 0.808895
0 0.735746 0.264254
5 0.000598715 0.999401
5 0.00604631 0.993954
5 0.000389508 0.99961
5 0.00442307 0.995577
5 0.000242039 0.999758
5 0.364935 0.635065
5 0.21265 0.78735
5 0.448402 0.551598
5 8.76876e-05 0.999912
5 0.112398 0.887602
5 0.0172956 0.982704
0 0.586171 0.413829
0 0.999769 0.000230939
5 0.184622 0.815378
0 0.956773 0.043227
0 0.878995 0.121005
5 0.113527 0.886473
5 0.105697 0.894303
0 0.988372 0.011628
5 5.55118e-06 0.999994
5 0.164072 0.835928
5 0.0241488 0.975851
5 0.0929684 0.907032
0 0.973999 0.0260012
5 0.0438047 0.956195
5 0.328867 0.671133
5 0.00747339 0.992527
0 0.999883 0.000116571
5 0.000680575 0.999319
5 0.379255 0.620745
5 0.499571 0.500429
5 0.186006 0.813994
5 0.19507 0.80493
5 0.257779 0.742221
5 0.0234994 0.976501
5 0.333938 0.666062
0 0.883685 0.116315
5 0.190053 0.809947
0 0.973748 0.0262517
5 0.0823651 0.917635
5 0.0440567 0.955943
5 0.467268 0.532732
0 0.994849 0.00515137
5 0.00432984 0.99567
0 0.999979 2.14682e-05
5 0.000126876 0.999873
5 0.000176216 0.999824
0 0.579967 0.420033
5 0.199138 0.800862
0 0.994843 0.00515695
5 0.167813 0.832187
5 0.474883 0.525117
5 0.0981815 0.901819
5 0.43581 0.56419
5 0.0259429 0.974057
5 0.266052 0.733948
0 0.777054 0.222946
0 0.998847 0.00115332
0 0.990876 0.00912366
0 0.998548 0.00145219
5 0.00439535 0.995605
0 0.763471 0.236529
0 0.533246 0.466754
5 0.0189938 0.981006
5 0.185331 0.814669
0 0.522172 0.477828
5 0.174524 0.825476
5 1e-07 1
0 0.955997 0.044003
5 0.166317 0.833683
5 0.020053 0.979947
0 0.901013 0.098987
0 0.789428 0.210572
0 0.99988 0.00012002
5 0.00850725 0.991493
5 0.324982 0.675018
5 2.36408e-05 0.999976
5 0.339042 0.660958
5 0.211906 0.788094
5 0.00145107 0.998549
5 0.00018247 0.999818
0 0.558484 0.441516
0 0.552481 0.447519
0 0.992796 0.00720434
0 0.545757 0.454243
5 0.000699434 0.999301
0 0.9943 0.00569969
0 0.999259 0.00074131
5 0.00970256 0.990297
0 0.857301 0.142699
0 0.910039 0.089961
5 0.107557 0.892443
5 0.0690246 0.930975
5 0.00029116 0.999709
5 0.0596109 0.940389
0 0.99988 0.000120397
5 0.263049 0.736951
0 0.956031 0.0439691
5 0.000376648 0.999623
5 0.375535 0.624465
0 0.74059 0.25941
5 0.444951 0.555049
0 0.990754 0.00924563
0 0.998703 0.00129695
5 1.67705e-05 0.999983
5 8.14105e-06 0.999992
5 0.251497 0.748503
5 0.000347563 0.999652
5 2.04843e-05 0.99998
0 0.992162 0.00783752
5 0.164488 0.835512
5 0.174456 0.825544
5 0.000257877 0.999742
5 1e-07 1
5 0.0624829 0.937517
5 2.95463e-05 0.99997
5 0.481016 0.518984
5 0.373178 0.626822
0 0.999876 0.000124282
5 0.0956825 0.904317
0 0.949253 0.0507471
5 0.000506574 0.999493
5 0.389146 0.610854
0 0.982608 0.0173921
5 0.000596371 0.999404
0 0.999911 8.86953e-05
0 0.858417 0.141583
5 0.147685 0.852315
5 0.000353457 0.999647
0 0.982443 0.0175567
5 0.00159424 0.998406
5 0.494476 0.505524
0 0.674362 0.325638
5 0.108712 0.891288
5 0.000183769 0.999816
5 0.423102 0.576898
0 0.634871 0.365129
5 0.0195019 0.980498
0 0.810008 0.189992
5 0.290709 0.709291
5 0.286261 0.713739
0 0.997787 0.00221331
0 0.999907 9.25246e-05
5 0.237767 0.762233
0 0.522665 0.477335
5 0.00106023 0.99894
5 0.028773 0.971227
0 0.801404 0.198596
0 0.562863 0.437137
5 0.00203954 0.99796
5 0.0788478 0.921152
0 0.580852 0.419148
5 0.0684892 0.931511
0 0.681018 0.318982
0 0.999648 0.000351745
0 0.592073 0.407927
5 0.436293 0.563707
5 0.00275692 0.997243
5 0.0741063 0.925894
5 0.488793 0.511207
5 0.153431 0.846569
0 0.874358 0.125642
5 0.000315977 0.999684
0 0.999591 0.000408626
5 0.02188 0.97812
0 0.999931 6.93673e-05
5 0.427495 0.572505
5 0.325795 0.674205
0 0.999838 0.000162134
5 0.460206 0.539794
5 0.000793803 0.999206
5 2.08722e-05 0.999979
0 0.918935 0.0810654
0 0.959774 0.0402258
5 0.121891 0.878109
5 0.000181995 0.999818
5 0.000638598 0.999361
0 0.563737 0.436263
0 0.99993 7.02594e-05
0 0.99941 0.000590072
0 0.96705 0.0329502
5 0.0237737 0.976226
5 0.259889 0.740111
0 0.999961 3.887e-05
0 0.990889 0.00911138
5 0.0927315 0.907268
5 1e-07 1
5 0.0152072 0.984793
5 0.000747548 0.999252
0 0.998986 0.00101403
0 0.959722 0.0402781
5 0.220996 0.779004
5 0.465189 0.534811
5 0.0861255 0.913875
5 0.00672461 0.993275
5 0.00411816 0.995882
5 0.192193 0.807807
5 0.100801 0.899199
5 0.334418 0.665582
5 0.0276795 0.972321
0 0.999752 0.000247921
0 0.92115 0.0788503
5 0.420928 0.579072
5 0.000660701 0.999339
5 0.000292759 0.999707
5 0.00241429 0.997586
5 0.00547452 0.994525
5 0.23218 0.76782
5 0.128873 0.871127
0 0.578236 0.421764
5 0.0642845 0.935716
5 0.00286717 0.997133
5 0.00166645 0.998334
5 0.0242738 0.975726
5 0.0257544 0.974246
0 0.940266 0.0597341
0 0.954232 0.0457681
5 0.282022 0.717978
0 0.837111 0.162889
5 0.492707 0.507293
5 0.00277887 0.997221
5 0.000462732 0.999537
0 0.920711 0.079289
5 0.315146 0.684854
0 0.754439 0.245561
5 0.000387983 0.999612
5 1.21826e-06 0.999999
5 0.167792 0.832208
5 0.000575256 0.999425
5 0.213396 0.786604
5 0.0257597 0.97424
5 0.35632 0.64368
5 3.09688e-05 0.999969
0 0.999777 0.000223422
0 0.933595 0.066405
0 0.999822 0.000178264
5 0.000240659 0.999759
5 0.479912 0.520088
5 0.000840975 0.999159
5 0.262817 0.737183
5 0.029256 0.970744
0 0.999646 0.000354052
5 0.445323 0.554677
5 0.00386151 0.996138
0 0.991175 0.00882457
5 0.000764709 0.999235
5 0.253383 0.746617
5 0.211729 0.788271
0 0.823764 0.176236
5 0.0011536 0.998846
5 0.179032 0.820968
5 0.063999 0.936001
5 0.00519182 0.994808
0 0.894291 0.105709
0 0.993489 0.00651074
5 0.000642103 0.999358
5 0.00613009 0.99387
5 9.55149e-05 0.999904
5 0.351207 0.648793
0 0.834759 0.165241
0 0.56697 0.43303
5 0.102851 0.897149
0 0.565792 0.434208
5 0.44381 0.55619
5 0.0242401 0.97576
0 0.532607 0.467393
0 0.956641 0.0433587
5 0.000939336 0.999061
0 0.999432 0.000567674
5 0.240585 0.759415
5 0.000106608 0.999893
5 0.453998 0.546002
5 0.197078 0.802922
5 0.418647 0.581353
5 0.0178826 0.982117
5 0.0524853 0.947515
5 0.00596336 0.994037
0 0.532141 0.467859
5 0.440915 0.559085
5 0.0138465 0.986153
5 0.266294 0.733706
5 0.0133188 0.986681
5 0.355888 0.644112
0 0.777149 0.222851
5 0.0159903 0.98401
5 0.00583702 0.994163
5 0.0252312 0.974769
5 0.0394079 0.960592
5 0.466686 0.533314
0 0.976552 0.023448
0 0.999679 0.000321115
5 0.2107 0.7893
0 0.968762 0.0312379
0 0.999875 0.000125365
5 0.1175 0.8825
5 0.000840956 0.999159
5 0.13928 0.86072
5 0.00346399 0.996536
5 8.35582e-06 0.999992
5 1.48528e-07 1
5 0.485167 0.514833
5 0.00332265 0.996677
5 0.000199438 0.999801
5 0.45008 0.54992
5 0.480193 0.519807
5 0.170588 0.829412
5 0.2536 0.7464
0 0.999239 0.000761254
5 0.3678 0.6322
0 0.997233 0.00276733
5 0.0685726 0.931427
5 0.000315528 0.999684
0 0.975823 0.0241768
5 0.000434555 0.999565
5 0.380779 0.619221
5 0.391423 0.608577
5 0.000211241 0.999789
5 0.0329058 0.967094
5 0.372147 0.627853
0 0.999948 5.24888e-05
0 0.989901 0.0100987
5 3.06866e-05 0.999969
5 4.16651e-07 1
0 0.999996 4.28059e-06
5 0.208696 0.791304
5 3.26662e-06 0.999997
0 0.8114 0.1886
0 0.994122 0.00587756
0 0.999977 2.3286e-05
0 0.624079 0.375921
5 0.0604594 0.939541
5 0.470493 0.529507
0 0.999872 0.000128183
5 0.364016 0.635984
5 0.0239442 0.976056
5 0.13952 0.86048
5 0.184838 0.815162
5 4.5275e-05 0.999955
5 0.000399111 0.999601
0 0.640772 0.359228
5 0.499439 0.500561
0 0.999945 5.46226e-05
5 0.357697 0.642303
5 0.00228213 0.997718
0 0.534996 0.465004
5 0.00217384 0.997826
5 0.0344664 0.965534
5 0.259379 0.740621
5 0.0076569 0.992343
5 0.00190325 0.998097
5 0.0312506 0.968749
0 0.632091 0.367909
5 0.279136 0.720864
5 0.000257224 0.999743
0 0.98623 0.01377
5 0.426114 0.573886
5 1e-07 1
5 0.494047 0.505953
5 1.43396e-05 0.999986
5 0.190849 0.809151
0 0.999992 8.05586e-06
5 0.00692165 0.993078
5 0.00046842 0.999532
0 0.999971 2.87377e-05
5 0.00191354 0.998086
5 0.000313153 0.999687
5 0.466742 0.533258
5 0.000897255 0.999103
0 0.547213 0.452787
0 0.533349 0.466651
0 0.999942 5.80482e-05
5 0.00390341 0.996097
5 0.000826435 0.999174
0 0.960294 0.0397059
0 0.997541 0.00245944
5 0.000552975 0.999447
0 0.785509 0.214491
0 0.939011 0.0609885
5 0.383325 0.616675
5 0.48207 0.51793
5 0.00267939 0.997321
5 1.19887e-05 0.999988
0 0.998317 0.00168342
0 0.998843 0.00115738
5 0.121055 0.878945
0 0.511753 0.488247
5 0.0685882 0.931412
5 2.26108e-05 0.999977
5 0.0564745 0.943525
5 0.0392282 0.960772
5 0.0141684 0.985832
0 0.681136 0.318864
5 0.00325308 0.996747
5 0.000117343 0.999883
5 0.297506 0.702494
5 0.00132573 0.998674
5 0.000491887 0.999508
5 0.122042 0.877958
0 0.999822 0.000178303
0 0.544606 0.455394
5 0.000582267 0.999418
0 0.963365 0.036635
5 0.004332 0.995668
0 0.999556 0.000444284
0 0.87748 0.12252
5 0.0700181 0.929982
5 0.410278 0.589722
0 0.978742 0.0212576
5 0.147685 0.852315
5 0.275101 0.724899
5 0.00232172 0.997678
5 0.413889 0.586111
0 0.999936 6.4037e-05
5 0.00546472 0.994535
5 0.000118208 0.999882
5 0.413972 0.586028
5 0.00106987 0.99893
5 0.327767 0.672233
5 0.00449251 0.995507
5 0.000868119 0.999132
5 0.00153834 0.998462
5 0.0677623 0.932238
5 0.375299 0.624701
0 0.655524 0.344476
0 0.522395 0.477605
5 2.79749e-05 0.999972
5 0.282564 0.717436
5 0.000525137 0.999475
0 0.932128 0.0678719
5 0.0246584 0.975342
5 0.440964 0.559036
5 0.00368569 0.996314
5 8.15027e-05 0.999918
5 0.413601 0.586399
0 0.970559 0.0294406
5 0.217814 0.782186
5 0.480115 0.519885
0 0.565811 0.434189
0 0.999549 0.000451301
0 0.911621 0.0883786
5 0.00822296 0.991777
5 5.69418e-05 0.999943
5 0.000468124 0.999532
5 0.000319522 0.99968
5 4.36484e-06 0.999996
0 0.638383 0.361617
0 0.999949 5.05211e-05
5 0.00051263 0.999487
5 0.00338303 0.996617
0 0.92143 0.0785697
0 0.999742 0.000257832
5 0.325204 0.674796
5 0.00700054 0.992999
5 0.414331 0.585669
0 0.832997 0.167003
5 0.0054323 0.994568
5 0.00646633 0.993534
0 0.516564 0.483436
5 0.0346067 0.965393
5 0.262594 0.737406
5 7.03967e-05 0.99993
5 0.355452 0.644548
5 0.254578 0.745422
5 0.317033 0.682967
5 0.0120124 0.987988
5 0.0845159 0.915484
0 0.960072 0.0399284
5 0.000295175 0.999705
0 0.954741 0.045259
5 0.00250035 0.9975
5 0.00808898 0.991911
5 0.00130098 0.998699
5 0.0224127 0.977587
5 0.00848001 0.99152
5 0.000861721 0.999138
5 0.00329736 0.996703
5 0.000280532 0.999719
0 0.999933 6.73911e-05
5 0.212044 0.787956
5 0.406298 0.593702
0 0.906396 0.0936036
0 0.990487 0.00951307
5 0.000253565 0.999746
0 0.984216 0.0157844
0 0.999934 6.58181e-05
5 5.43345e-05 0.999946
5 0.188782 0.811218
5 0.000471454 0.999529
5 6.70489e-05 0.999933
5 0.130909 0.869091
0 0.999375 0.000625242
5 0.0353822 0.964618
0 0.681784 0.318216
5 0.012619 0.987381
5 0.107502 0.892498
0 0.71014 0.28986
5 0.482219 0.517781
5 0.000897414 0.999103
0 0.516373 0.483627
0 0.967526 0.0324744
5 0.134601 0.865399
5 0.00301472 0.996985
0 0.999739 0.000261324
5 0.492991 0.507009
5 0.20241 0.79759
5 0.220505 0.779495
5 0.107828 0.892172
5 0.161842 0.838158
5 0.151644 0.848356
0 0.945269 0.0547311
5 0.254609 0.745391
0 0.966422 0.0335785
5 0.0211858 0.978814
5 0.46598 0.53402
5 0.119802 0.880198
5 0.334708 0.665292
5 0.0989036 0.901096
5 0.140907 0.859093
5 1.1877e-05 0.999988
0 0.999949 5.07062e-05
5 0.000491903 0.999508
5 0.0142704 0.98573
5 0.122548 0.877452
0 0.999938 6.22497e-05
5 0.0871202 0.91288
5 6.63941e-05 0.999934
5 0.152133 0.847867
5 2.53931e-05 0.999975
5 0.408336 0.591664
5 0.166468 0.833532
5 0.138365 0.861635
5 0.13464 0.86536
5 0.000441503 0.999558
0 0.559979 0.440021
5 4.57583e-05 0.999954
5 0.0024461 0.997554
0 0.999985 1.46505e-05
0 0.935623 0.0643768
0 0.734799 0.265201
5 0.0344619 0.965538
5 0.0841278 0.915872
5 0.183402 0.816598
5 0.353691 0.646309
0 0.99704 0.00296
5 0.0459134 0.954087
0 0.99021 0.00979012
5 0.00458019 0.99542
0 0.951764 0.0482357
5 1.91882e-05 0.999981
0 0.544938 0.455062
0 0.820741 0.179259
0 0.99987 0.000130377
0 0.796442 0.203558
5 0.209892 0.790108
5 0.469055 0.530945
5 0.419403 0.580597
5 0.437707 0.562293
5 0.00226185 0.997738
0 0.959149 0.040851
0 0.975817 0.0241826
5 0.0169798 0.98302
5 0.00679744 0.993203
5 0.407176 0.592824
0 0.999922 7.82953e-05
5 4.23569e-06 0.999996
5 0.491441 0.508559
0 0.999857 0.00014265
5 0.000535861 0.999464
5 0.433794 0.566206
5 0.0266857 0.973314
5 0.409555 0.590445
5 0.050552 0.949448
5 4.89828e-07 1
0 0.5469 0.4531
5 0.145447 0.854553
0 0.758554 0.241446
5 0.341221 0.658779
5 0.0342516 0.965748
0 0.999959 4.14809e-05
5 4.46558e-05 0.999955
5 0.298703 0.701297
5 0.0878313 0.912169
5 0.312085 0.687915
5 0.133025 0.866975
5 0.00267688 0.997323
5 0.365067 0.634933
5 0.296425 0.703575
0 0.891803 0.108197
5 7.24137e-05 0.999928
5 0.415445 0.584555
5 0.00939991 0.9906
0 0.917042 0.0829583
5 4.78541e-05 0.999952
0 0.999821 0.00017856
5 0.222196 0.777804
0 0.999619 0.000381219
0 0.611502 0.388498
0 0.871027 0.128973
0 0.520315 0.479685
5 0.338664 0.661336
5 0.476015 0.523985
5 0.00197345 0.998027
5 0.489454 0.510546
5 0.445789 0.554211
0 0.999447 0.000553496
5 0.000446312 0.999554
5 0.0359869 0.964013
5 1.35777e-06 0.999999
5 0.0631578 0.936842
5 0.463885 0.536115
5 0.000504095 0.999496
0 0.999496 0.000503599
5 0.00489252 0.995107
5 0.310778 0.689222
5 0.244356 0.755644
5 0.000230413 0.99977
5 0.000471343 0.999529
5 0.0201417 0.979858
5 1.40366e-06 0.999999
5 0.00246252 0.997537
5 2.45045e-07 1
5 0.121118 0.878882
0 0.99978 0.000220175
0 0.558215 0.441785
5 8.71272e-07 0.999999
0 0.972711 0.0272887
5 0.41397 0.58603
5 0.126727 0.873273
0 0.999917 8.274e-05
5 0.0150293 0.984971
0 0.999998 1.52378e-06
5 8.46448e-05 0.999915
5 0.0885007 0.911499
0 0.836389 0.163611
5 0.46841 0.53159
0 0.552975 0.447025
5 0.0370784 0.962922
5 0.0211406 0.978859
0 0.809534 0.190466
5 0.188649 0.811351
5 0.153865 0.846135
0 0.881226 0.118774
5 0.481452 0.518548
0 0.999697 0.000303381
5 0.264955 0.735045
5 0.323206 0.676794
0 0.999804 0.000196333
5 0.00593274 0.994067
0 0.584665 0.415335
0 0.870437 0.129563
5 0.00877077 0.991229
5 0.349518 0.650482
5 0.0287991 0.971201
5 0.000674308 0.999326
5 0.000192819 0.999807
5 0.327092 0.672908
5 0.000605185 0.999395
0 0.591874 0.408126
5 0.157288 0.842712
5 0.0039062 0.996094
5 7.96233e-05 0.99992
5 0.183054 0.816946
5 0.112921 0.887079
0 0.925829 0.0741711
5 0.00029478 0.999705
5 0.049665 0.950335
0 0.998744 0.00125632
5 0.141268 0.858732
5 0.000256245 0.999744
5 2.67682e-06 0.999997
5 0.465138 0.534862
0 0.999061 0.000939253
5 0.175013 0.824987
0 0.979196 0.0208035
5 6.9346e-07 0.999999
5 0.272538 0.727462
0 0.56645 0.43355
5 0.46763 0.53237
5 0.000214858 0.999785
5 0.0825344 0.917466
0 0.952656 0.0473444
0 0.685142 0.314858
0 0.98075 0.0192498
5 0.232742 0.767258
0 0.998331 0.0016694
5 0.127729 0.872271
0 0.999964 3.56612e-05
5 0.189549 0.810451
5 7.85712e-07 0.999999
5 0.0733234 0.926677
5 0.312263 0.687737
0 0.953871 0.0461287
0 0.681027 0.318973
5 0.000120727 0.999879
5 0.000849063 0.999151
5 1.20729e-05 0.999988
5 1.68911e-05 0.999983
5 0.305126 0.694874
5 0.127116 0.872884
5 0.096459 0.903541
5 9.45569e-05 0.999905
5 0.341307 0.658693
5 0.0229172 0.977083
5 0.000130684 0.999869
5 0.0722518 0.927748
5 0.296971 0.703029
5 0.000538151 0.999462
0 0.999914 8.62016e-05
5 0.017827 0.982173
0 0.563699 0.436301
0 0.527325 0.472675
5 0.431927 0.568073
5 7.12775e-05 0.999929
5 0.0389112 0.961089
0 0.659911 0.340089
5 0.000145084 0.999855
5 0.000684318 0.999316
0 0.95978 0.0402205
5 0.00191993 0.99808
0 0.960619 0.0393812
5 0.0013571 0.998643
5 0.0325035 0.967496
5 7.51515e-05 0.999925
0 0.856579 0.143421
0 0.940493 0.059507
5 0.0105224 0.989478
5 0.00027745 0.999723
5 0.465804 0.534196
5 0.000325676 0.999674
5 0.00125409 0.998746
5 0.0949393 0.905061
5 0.00426915 0.995731
0 0.992106 0.00789416
5 0.19497 0.80503
0 0.999481 0.000518789
0 0.616912 0.383088
0 0.999185 0.000815052
5 0.0830488 0.916951
5 0.0380881 0.961912
0 0.999645 0.000354566
5 0.000379947 0.99962
5 0.144278 0.855722
5 0.356687 0.643313
0 0.999881 0.000118618
5 0.4355 0.5645
0 0.53007 0.46993
0 0.999808 0.000191529
0 0.999466 0.000533999
5 0.00837627 0.991624
5 0.310395 0.689605
0 0.547445 0.452555
0 0.832203 0.167797
5 0.277481 0.722519
0 0.51399 0.48601
5 0.0108653 0.989135
5 0.471368 0.528632
0 0.907843 0.0921569
0 0.999877 0.000123107
0 0.578264 0.421736
5 0.00251524 0.997485
0 0.999044 0.000955902
0 0.509268 0.490732
5 0.00012081 0.999879
5 0.0117338 0.988266
0 0.796566 0.203434
0 0.676626 0.323374
5 0.025699 0.974301
5 0.203666 0.796334
5 0.268928 0.731072
5 0.000177628 0.999822
5 0.00668219 0.993318
0 0.971362 0.0286381
0 0.999955 4.48657e-05
5 0.00253317 0.997467
5 0.249878 0.750122
5 0.0035047 0.996495
5 0.202467 0.797533
0 0.526754 0.473246
5 2.13067e-05 0.999979
5 8.73245e-07 0.999999
5 0.00975672 0.990243
5 0.00341136 0.996589
0 0.99992 7.97789e-05
5 0.0238619 0.976138
5 0.235185 0.764815
0 0.999977 2.2686e-05
5 0.106755 0.893245
5 0.000750832 0.999249
0 0.999937 6.29203e-05
0 0.664628 0.335372
0 0.558833 0.441167
5 0.000250147 0.99975
0 0.999956 4.42126e-05
0 0.692009 0.307991
5 0.0100964 0.989904
5 0.0788987 0.921101
5 0.134016 0.865984
5 0.000879099 0.999121
5 0.00572428 0.994276
5 0.113418 0.886582
5 0.407766 0.592234
5 0.150717 0.849283
0 0.772286 0.227714
0 0.999933 6.68098e-05
5 0.0062565 0.993744
5 0.167369 0.832631
5 0.000275129 0.999725
5 0.000578086 0.999422
0 0.948997 0.0510035
5 0.496997 0.503003
5 0.00122145 0.998779
5 0.298961 0.701039
5 0.000455551 0.999544
0 0.99998 2.04304e-05
0 0.999914 8.59526e-05
5 0.271351 0.728649
5 0.057239 0.942761
5 0.149009 0.850991
0 0.999477 0.000523342
5 0.000717662 0.999282
5 0.227038 0.772962
0 0.82298 0.17702
5 0.01288 0.98712
0 0.782896 0.217104
5 0.00983425 0.990166
0 0.570149 0.429851
0 0.895571 0.104429
0 0.840148 0.159852
5 0.0926222 0.907378
0 0.602586 0.397414
5 0.167855 0.832145
5 5.27094e-06 0.999995
5 0.446847 0.553153
0 0.999924 7.59989e-05
0 0.754333 0.245667
5 0.000473044 0.999527
5 0.33864 0.66136
0 0.710143 0.289857
5 0.00108708 0.998913
0 0.942293 0.0577069
5 0.00188662 0.998113
0 0.507767 0.492233
5 0.112739 0.887261
5 0.115752 0.884248
0 0.978268 0.0217324
0 0.999832 0.000168141
5 1.34387e-07 1
5 4.91865e-05 0.999951
5 0.0354646 0.964535
0 0.999909 9.09547e-05
5 0.0147211 0.985279
0 0.573754 0.426246
0 0.999414 0.000586353
5 0.00654347 0.993457
5 0.33351 0.66649
5 0.00321211 0.996788
5 0.356868 0.643132
5 0.00511016 0.99489
5 0.27277 0.72723
5 0.0462313 0.953769
5 0.000503576 0.999496
5 0.0644043 0.935596
0 0.994901 0.00509918
5 0.015024 0.984976
0 0.969442 0.0305581
5 0.0393505 0.96065
0 0.658557 0.341443
5 0.188308 0.811692
0 0.695998 0.304002
0 0.774423 0.225577
5 0.202979 0.797021
5 0.00832235 0.991678
5 0.0848536 0.915146
0 0.738415 0.261585
0 0.999959 4.054e-05
5 0.353905 0.646095
5 4.51338e-06 0.999995
5 0.179855 0.820145
0 0.991333 0.00866706
5 0.221713 0.778287
0 0.734504 0.265496
5 0.175862 0.824138
5 0.276662 0.723338
0 0.738239 0.261761
5 0.000116511 0.999883
5 0.000991577 0.999008
0 0.699377 0.300623
5 0.0391363 0.960864
0 0.998891 0.00110917
5 0.437725 0.562275
0 0.533374 0.466626
5 0.00694108 0.993059
0 0.675645 0.324355
0 0.945641 0.0543588
5 0.159394 0.840606
5 0.0122065 0.987793
5 0.0623949 0.937605
5 0.00144077 0.998559
5 0.126789 0.873211
0 0.674888 0.325112
0 0.612644 0.387356
5 0.143112 0.856888
5 0.000350043 0.99965
0 0.850669 0.149331
0 0.999766 0.000234237
5 0.17263 0.82737
5 0.486031 0.513969
0 0.845057 0.154943
5 0.00146007 0.99854
0 0.567975 0.432025
5 0.00167457 0.998325
5 0.0252078 0.974792
0 0.661842 0.338158
5 0.09247 0.90753
5 0.363877 0.636123
0 0.984246 0.0157536
0 0.907563 0.0924374
5 0.00143019 0.99857
5 0.185524 0.814476
5 0.00771785 0.992282
5 0.390557 0.609443
0 0.929438 0.0705622
5 0.000730703 0.999269
5 0.00186765 0.998132
0 0.996572 0.00342758
5 0.00890214 0.991098
0 0.825294 0.174706
0 0.690969 0.309031
0 0.906823 0.0931774
5 0.000466046 0.999534
0 0.567556 0.432444
5 0.000406736 0.999593
0 0.999934 6.55792e-05
0 0.600201 0.399799
5 0.400379 0.599621
5 0.00199178 0.998008
5 0.457606 0.542394
5 0.00909895 0.990901
5 0.00255325 0.997447
0 0.99812 0.00187977
5 0.00758561 0.992414
5 0.00037254 0.999627
0 0.998949 0.00105088
5 0.138895 0.861105
5 0.0159722 0.984028
0 0.582159 0.417841
5 0.199594 0.800406
0 0.694184 0.305816
5 0.000156921 0.999843
5 0.228054 0.771946
5 0.000546593 0.999453
5 0.0169301 0.98307
5 0.0250897 0.97491
5 0.0012365 0.998764
5 0.153389 0.846611
0 0.951966 0.048034
5 0.430601 0.569399
0 0.999165 0.00083531
0 0.501747 0.498253
5 0.0127014 0.987299
0 0.515985 0.484015
5 0.213825 0.786175
5 0.00189022 0.99811
5 0.243323 0.756677
5 0.269062 0.730938
0 0.841605 0.158395
5 0.461743 0.538257
0 0.966571 0.0334291
5 0.227168 0.772832
0 0.508401 0.491599
5 0.00297744 0.997023
0 0.808401 0.191599
5 0.108736 0.891264
5 0.000211038 0.999789
0 0.99954 0.000459871
5 0.000102123 0.999898
0 0.993482 0.006518
0 0.677864 0.322136
5 0.0921434 0.907857
5 0.136443 0.863557
0 0.863722 0.136278
5 0.0357874 0.964213
5 0.444328 0.555672
0 0.595919 0.404081
5 1.6127e-06 0.999998
5 0.169881 0.830119
5 6.56955e-05 0.999934
0 0.836198 0.163802
5 0.033126 0.966874
5 0.031297 0.968703
5 0.001983 0.998017
5 0.000104255 0.999896
5 0.000743919 0.999256
5 0.00014245 0.999858
0 0.99998 2.04301e-05
0 0.805629 0.194371
5 0.000230843 0.999769
5 0.365083 0.634917
5 1.4575e-05 0.999985
5 0.000211278 0.999789
0 0.639919 0.360081
0 0.866281 0.133719
5 0.000322787 0.999677
0 0.97016 0.02984
5 0.493215 0.506785
5 0.416362 0.583638
0 0.949496 0.0505043
5 5.8911e-05 0.999941
0 0.999968 3.21797e-05
5 0.334331 0.665669
0 0.756195 0.243805
0 0.503228 0.496772
5 0.000481859 0.999518
5 0.00175361 0.998246
5 0.000191275 0.999809
5 0.0389084 0.961092
5 0.000439997 0.99956
5 0.0112736 0.988726
0 0.999987 1.32634e-05
5 0.00279866 0.997201
0 0.953403 0.0465968
5 2.27232e-05 0.999977
5 0.000368605 0.999631
5 0.000504928 0.999495
5 0.0530735 0.946926
5 0.0002739 0.999726
5 0.233108 0.766892
5 2.83976e-05 0.999972
0 0.819787 0.180213
5 0.00459438 0.995406
5 0.237589 0.762411
5 0.399494 0.600506
5 0.140674 0.859326
5 8.81288e-06 0.999991
0 0.999962 3.82552e-05
5 0.123471 0.876529
5 0.340032 0.659968
0 0.997646 0.00235409
5 0.0301095 0.96989
0 0.534148 0.465852
5 0.00126715 0.998733
5 0.0768906 0.923109
0 0.608677 0.391323
5 0.420236 0.579764
5 0.492613 0.507387
5 0.203447 0.796553
5 2.87594e-05 0.999971
5 0.350682 0.649318
5 0.0071517 0.992848
5 0.000102317 0.999898
5 0.0416501 0.95835
5 0.000131041 0.999869
5 0.39331 0.60669
0 0.799922 0.200078
5 0.00289244 0.997108
5 0.00467266 0.995327
0 0.957958 0.0420417
5 0.429311 0.570689
0 0.527245 0.472755
5 0.473944 0.526056
5 5.47769e-05 0.999945
5 0.00438544 0.995615
5 0.451372 0.548628
5 0.00523112 0.994769
5 0.0686578 0.931342
5 0.0552768 0.944723
0 0.999189 0.000810932
0 0.999565 0.000434881
5 0.0353959 0.964604
5 0.0107622 0.989238
5 8.458e-06 0.999992
0 0.999411 0.000588566
0 0.985754 0.0142459
5 0.117662 0.882338
5 0.000281238 0.999719
5 0.0599689 0.940031
5 0.0490288 0.950971
5 0.0217074 0.978293
5 0.00565709 0.994343
5 1.1607e-05 0.999988
5 0.00145738 0.998543
5 0.000458396 0.999542
5 0.319522 0.680478
0 0.999691 0.000309264
5 0.462186 0.537814
0 0.978348 0.0216521
5 0.425295 0.574705
5 0.00257018 0.99743
5 0.0747602 0.92524
5 5.18435e-05 0.999948
0 0.999865 0.000135116
5 0.252661 0.747339
5 0.327474 0.672526
5 0.469152 0.530848
0 0.999737 0.000262901
0 0.999867 0.000132591
5 0.480493 0.519507
0 0.999741 0.000259301
5 0.000952329 0.999048
5 6.06535e-06 0.999994
5 0.0328742 0.967126
5 0.151781 0.848219
5 0.000244519 0.999755
0 0.973612 0.0263876
5 0.36463 0.63537
0 0.514379 0.485621
0 0.999866 0.000133917
0 0.999857 0.000142722
0 0.999838 0.000161929
0 0.7532 0.2468
5 0.492174 0.507826
5 0.000417861 0.999582
0 0.803729 0.196271
5 0.469734 0.530266
5 2.37763e-06 0.999998
0 0.554802 0.445198
5 0.00941674 0.990583
0 0.999679 0.000320905
5 0.424741 0.575259
5 0.116004 0.883996
5 0.00136234 0.998638
0 0.672104 0.327896
5 0.330015 0.669985
5 0.462691 0.537309
5 0.3385 0.6615
5 0.195039 0.804961
0 0.752323 0.247677
0 0.999961 3.92198e-05
0 0.99929 0.000710068
5 0.00715093 0.992849
5 1.09446e-05 0.999989
5 0.00200494 0.997995
5 0.435723 0.564277
5 0.201179 0.798821
5 0.00134669 0.998653
5 0.01578 0.98422
5 0.0015359 0.998464
5 0.000290796 0.999709
5 0.159695 0.840305
5 0.154802 0.845198
5 0.060717 0.939283
5 0.000210744 0.999789
0 0.999901 9.94948e-05
5 0.219604 0.780396
5 0.00465656 0.995343
5 0.00131203 0.998688
5 0.111176 0.888824
5 0.348868 0.651132
5 0.134098 0.865902
5 0.440143 0.559857
5 0.468056 0.531944
5 0.194035 0.805965
0 0.985447 0.0145533
5 0.340994 0.659006
5 0.000696343 0.999304
5 0.000131417 0.999869
0 0.999694 0.000306308
0 0.817788 0.182212
5 0.000999518 0.999
0 0.511631 0.488369
5 0.0182742 0.981726
5 0.00143548 0.998565
0 0.956098 0.043902
5 0.0520086 0.947991
5 0.459837 0.540163
5 0.367887 0.632113
5 0.20921 0.79079
5 0.0412443 0.958756
5 0.0357385 0.964262
5 0.001328 0.998672
5 0.258784 0.741216
5 0.469825 0.530175
0 0.999881 0.000118742
5 0.00619478 0.993805
0 0.604656 0.395344
5 0.220604 0.779396
5 0.0084947 0.991505
0 0.50512 0.49488
5 0.293546 0.706454
5 0.000387272 0.999613
0 0.99992 7.98411e-05
5 0.177105 0.822895
0 0.649129 0.350871
0 0.999943 5.68685e-05
5 0.0477894 0.952211
0 0.977195 0.022805
5 0.000380904 0.999619
0 0.999909 9.1494e-05
0 0.793426 0.206574
5 0.291642 0.708358
0 0.629786 0.370214
5 0.100617 0.899383
5 0.348171 0.651829
0 0.999907 9.31712e-05
5 0.000282788 0.999717
5 0.00684857 0.993151
5 5.7024e-06 0.999994
5 0.0607592 0.939241
0 0.880231 0.119769
5 0.00285396 0.997146
5 0.366742 0.633258
0 0.971462 0.0285381
0 0.858065 0.141935
5 0.266093 0.733907
0 0.999886 0.000114279
5 0.00175405 0.998246
0 0.573998 0.426002
0 0.644651 0.355349
5 0.296987 0.703013
5 0.147108 0.852892
5 7.99984e-05 0.99992
5 0.0364213 0.963579
5 0.146617 0.853383
5 0.000276143 0.999724
0 0.998252 0.00174827
0 0.547827 0.452173
5 0.0303597 0.96964
5 0.0302126 0.969787
5 0.100354 0.899646
5 0.178173 0.821827
5 0.0158655 0.984134
0 0.714778 0.285222
5 0.123795 0.876205
5 0.00126437 0.998736
0 0.878349 0.121651
5 0.293851 0.706149
0 0.999844 0.000156276
5 0.00646459 0.993535
5 0.00386511 0.996135
5 0.0569818 0.943018
5 0.00927177 0.990728
5 0.0793632 0.920637
5 0.446528 0.553472
5 0.0030827 0.996917
0 0.958437 0.0415626
5 0.0513885 0.948612
5 0.0147741 0.985226
5 0.395049 0.604951
5 0.00023064 0.999769
0 0.781546 0.218454
5 0.343443 0.656557
5 0.31619 0.68381
5 0.482733 0.517267
5 0.252685 0.747315
5 0.00601948 0.993981
5 0.0070113 0.992989
0 0.999496 0.000503545
5 0.237617 0.762383
5 0.00780655 0.992193
5 0.264538 0.735462
0 0.544195 0.455805
0 0.599854 0.400146
5 0.00214299 0.997857
5 0.00400322 0.995997
5 0.213968 0.786032
5 0.0448322 0.955168
0 0.9986 0.00139974
5 0.000201716 0.999798
5 0.0967834 0.903217
5 0.000632633 0.999367
5 0.460793 0.539207
5 0.00508348 0.994917
5 0.0132662 0.986734
0 0.99976 0.000240241
5 0.103058 0.896942
0 0.530515 0.469485
5 0.00119132 0.998809
5 0.224116 0.775884
5 0.000459164 0.999541
0 0.999471 0.000528562
5 7.39254e-05 0.999926
5 0.00118165 0.998818
5 0.00033053 0.999669
5 0.000735491 0.999265
5 0.424659 0.575341
5 0.00111717 0.998883
5 0.00678367 0.993216
0 0.794024 0.205976
5 0.180788 0.819212
5 0.345287 0.654713
5 0.000333719 0.999666
0 0.926248 0.0737523
0 0.999757 0.000243027
5 0.356113 0.643887
5 0.276947 0.723053
5 0.000151949 0.999848
0 0.922185 0.0778153
5 0.000716918 0.999283
5 0.00100743 0.998993
5 0.11541 0.88459
0 0.99933 0.000669661
5 0.374097 0.625903
0 0.540788 0.459212
5 0.0142569 0.985743
5 0.000153826 0.999846
0 0.977114 0.0228863
5 2.32698e-05 0.999977
5 0.000916566 0.999083
5 0.481527 0.518473
5 0.170787 0.829213
5 1.89235e-05 0.999981
0 0.989299 0.010701
5 0.003806 0.996194
5 0.459206 0.540794
5 0.000285931 0.999714
5 0.226159 0.773841
0 0.947695 0.0523046
5 4.18008e-05 0.999958
5 0.00014975 0.99985
0 0.545628 0.454372
5 0.000157331 0.999843
5 0.00292449 0.997076
5 0.0382749 0.961725
5 0.293054 0.706946
5 0.0127636 0.987236
5 0.00101817 0.998982
5 0.076033 0.923967
5 0.469769 0.530231
5 0.188962 0.811038
5 0.0173409 0.982659
5 0.159434 0.840566
5 0.000521151 0.999479
5 0.452101 0.547899
5 0.000501555 0.999498
0 0.999231 0.000769278
0 0.760789 0.239211
5 0.000472854 0.999527
5 0.000195244 0.999805
5 0.288715 0.711285
0 0.523333 0.476667
5 0.429658 0.570342
5 0.0054351 0.994565
5 0.0125956 0.987404
5 0.019243 0.980757
0 0.517067 0.482933
5 0.169833 0.830167
5 0.365722 0.634278
0 0.561607 0.438393
5 0.00105415 0.998946
0 0.956956 0.0430444
5 0.0801549 0.919845
5 0.355602 0.644398
0 0.999586 0.000413959
0 0.99818 0.00182021
5 0.000736462 0.999264
5 0.172179 0.827821
0 0.980737 0.019263
5 0.0268363 0.973164
0 0.990917 0.00908325
5 0.0736463 0.926354
5 0.30276 0.69724
0 0.562974 0.437026
5 0.000595465 0.999405
5 0.000600352 0.9994
5 0.0007961 0.999204
0 0.999927 7.31955e-05
5 0.00178001 0.99822
0 0.999694 0.000305609
0 0.78544 0.21456
5 0.00165196 0.998348
0 0.687739 0.312261
5 0.00594842 0.994052
0 0.939097 0.0609026
5 0.220914 0.779086
5 0.00610109 0.993899
0 0.979163 0.020837
5 0.497047 0.502953
5 0.165089 0.834911
5 0.424581 0.575419
5 0.000641573 0.999358
5 1.71538e-06 0.999998
5 0.00113687 0.998863
0 0.669752 0.330248
0 0.675639 0.324361
0 0.999992 8.06471e-06
5 0.0122717 0.987728
5 0.438745 0.561255
5 0.154034 0.845966
5 8.7312e-06 0.999991
5 0.100082 0.899918
5 1.73495e-05 0.999983
5 1.39606e-05 0.999986
5 0.0371168 0.962883
5 0.299709 0.700291
0 0.997816 0.00218389
0 0.98857 0.0114302
0 0.767265 0.232735
5 0.00405446 0.995946
5 0.108495 0.891505
5 0.0013093 0.998691
5 5.84016e-05 0.999942
5 8.93975e-06 0.999991
5 0.036787 0.963213
5 2.25706e-05 0.999977
5 0.0108159 0.989184
5 0.0296013 0.970399
5 0.220293 0.779707
0 0.826164 0.173836
5 0.0138354 0.986165
0 0.864922 0.135078
5 0.00181073 0.998189
5 7.74568e-05 0.999923
5 0.0144449 0.985555
5 0.0429313 0.957069
5 0.00446091 0.995539
5 0.000130072 0.99987
5 0.00186952 0.99813
0 0.931288 0.0687124
5 0.32073 0.67927
5 0.000473505 0.999526
0 0.999968 3.23102e-05
0 0.762109 0.237891
0 0.839338 0.160662
0 0.512914 0.487086
0 0.999872 0.000127949
5 0.000323282 0.999677
5 0.396064 0.603936
0 0.999821 0.000179172
0 0.877192 0.122808
5 0.027485 0.972515
5 0.000176259 0.999824
5 1.55117e-05 0.999984
5 7.45128e-05 0.999925
0 0.845987 0.154013
5 0.0436877 0.956312
5 0.000789414 0.999211
0 0.929896 0.0701042
0 0.67702 0.32298
5 0.00425478 0.995745
0 0.999975 2.499e-05
5 0.25763 0.74237
5 0.000469778 0.99953
5 0.0156722 0.984328
0 0.996519 0.00348093
5 0.0363951 0.963605
5 0.000605454 0.999395
0 0.959524 0.0404761
5 0.454652 0.545348
0 0.999691 0.0003088
0 0.96243 0.0375695
5 0.233643 0.766357
0 0.996529 0.00347098
5 0.226291 0.773709
5 0.305578 0.694422
5 2.33469e-06 0.999998
5 0.00888627 0.991114
0 0.999862 0.000137537
5 0.0177663 0.982234
5 0.000624711 0.999375
0 0.950059 0.0499409
5 0.000890499 0.99911
5 0.235554 0.764446
5 3.30847e-05 0.999967
5 0.000110167 0.99989
5 0.238323 0.761677
5 0.122353 0.877647
5 0.000545067 0.999455
5 2.64691e-05 0.999974
0 0.92569 0.07431
5 0.115977 0.884023
5 6.10114e-06 0.999994
5 0.142389 0.857611
0 0.994063 0.00593709
5 1.65972e-05 0.999983
0 0.999868 0.000131965
0 0.991088 0.00891204
5 0.199176 0.800824
5 0.498885 0.501115
0 0.999986 1.38817e-05
5 0.0569554 0.943045
0 0.812012 0.187988
0 0.946288 0.0537124
5 0.456102 0.543898
0 0.940608 0.0593916
5 0.000405648 0.999594
5 0.195669 0.804331
5 1e-07 1
5 0.106178 0.893822
5 0.0933946 0.906605
5 0.0894088 0.910591
5 0.009778 0.990222
0 0.923922 0.0760779
0 0.999559 0.000441391
5 0.175398 0.824602
5 6.80046e-05 0.999932
5 0.279016 0.720984
5 0.0167397 0.98326
5 0.0127827 0.987217
0 0.999519 0.000480681
5 0.25887 0.74113
0 0.88981 0.11019
0 0.921069 0.078931
5 0.000887253 0.999113
5 0.00982806 0.990172
5 0.0172215 0.982779
0 0.845948 0.154052
5 0.0645355 0.935464
5 0.44526 0.55474
5 0.00422125 0.995779
5 0.334177 0.665823
5 0.347552 0.652448
0 0.515692 0.484308
0 0.584004 0.415996
5 0.00304985 0.99695
0 0.999423 0.000577069
0 0.999679 0.000321452
5 0.0707101 0.92929
5 0.00495231 0.995048
5 0.0062631 0.993737
5 0.0112197 0.98878
5 2.34579e-05 0.999977
5 0.499938 0.500062
5 0.2844 0.7156
5 0.199914 0.800086
5 7.64444e-05 0.999924
5 0.313751 0.686249
0 0.986634 0.0133656
0 0.999988 1.17092e-05
0 0.848184 0.151816
5 0.0361508 0.963849
0 0.696475 0.303525
5 2.45138e-05 0.999975
0 0.999987 1.30008e-05
0 0.500039 0.499961
5 0.0585808 0.941419
5 0.00173056 0.998269
0 0.992371 0.00762867
5 0.000446881 0.999553
0 0.999959 4.13625e-05
5 0.172857 0.827143
5 0.0028537 0.997146
5 0.214121 0.785879
5 0.366253 0.633747
5 0.375568 0.624432
5 0.000630942 0.999369
5 0.00764652 0.992353
5 0.0233389 0.976661
0 0.864381 0.135619
5 0.274961 0.725039
5 0.467686 0.532314
0 0.99832 0.00167967
0 0.878258 0.121742
5 0.0316247 0.968375
0 0.999936 6.41588e-05
0 0.997331 0.00266928
5 4.28502e-05 0.999957
5 0.346685 0.653315
0 0.999984 1.55809e-05
5 0.00035055 0.999649
5 0.19233 0.80767
5 0.0454466 0.954553
5 0.00102166 0.998978
0 0.666001 0.333999
0 0.93367 0.0663297
5 0.00135708 0.998643
0 0.999987 1.27779e-05
0 0.999342 0.000658073
0 0.999893 0.000106766
5 5.49629e-06 0.999995
0 0.942396 0.0576045
5 0.138354 0.861646
0 0.5624 0.4376
5 0.0934174 0.906583
5 0.439419 0.560581
5 0.112737 0.887263
0 0.981375 0.018625
5 0.00944594 0.990554
0 0.999639 0.000360792
5 0.00172609 0.998274
5 0.00857476 0.991425
5 0.000460285 0.99954
5 0.00621635 0.993784
5 0.0963721 0.903628
0 0.999982 1.75162e-05
0 0.999915 8.45263e-05
0 0.772381 0.227619
0 0.519739 0.480261
5 0.25885 0.74115
5 1.24684e-05 0.999988
0 0.880403 0.119597
0 0.83566 0.16434
0 0.995872 0.00412819
5 0.0526343 0.947366
5 0.0166566 0.983343
5 0.00122607 0.998774
5 0.000269705 0.99973
0 0.999771 0.000228647
5 0.430201 0.569799
0 0.775603 0.224397
0 0.512892 0.487108
5 0.124623 0.875377
5 0.0657447 0.934255
5 0.271157 0.728843
5 0.230204 0.769796
0 0.972799 0.0272009
0 0.583511 0.416489
5 0.000369622 0.99963
0 0.880345 0.119655
5 0.103108 0.896892
5 0.000402615 0.999597
5 0.123051 0.876949
0 0.515446 0.484554
0 0.957831 0.0421686
5 0.00137562 0.998624
5 0.189697 0.810303
5 0.00407062 0.995929
5 0.000992568 0.999007
5 0.0135282 0.986472
5 0.491433 0.508567
5 0.405873 0.594127
5 0.0164774 0.983523
5 0.443787 0.556213
5 0.10655 0.89345
5 0.024062 0.975938
5 0.00455177 0.995448
5 5.93274e-06 0.999994
5 0.271532 0.728468
5 0.228632 0.771368
5 0.0144089 0.985591
0 0.999169 0.000830926
0 0.816288 0.183712
5 0.234915 0.765085
5 0.0015655 0.998435
5 0.0412291 0.958771
5 0.0224404 0.97756
0 0.50718 0.49282
5 0.359736 0.640264
0 0.565827 0.434173
5 0.347279 0.652721
5 0.0233639 0.976636
5 0.473945 0.526055
5 0.0053311 0.994669
5 0.00592185 0.994078
5 0.00014899 0.999851
5 0.00121525 0.998785
5 0.422441 0.577559
0 0.712714 0.287286
5 0.00221925 0.997781
0 0.999855 0.000144984
5 0.162201 0.837799
0 0.860181 0.139819
5 0.0101351 0.989865
5 0.47705 0.52295
5 0.000624061 0.999376
5 0.0241751 0.975825
5 0.385629 0.614371
5 0.159283 0.840717
0 0.999662 0.000338413
5 0.00481197 0.995188
5 0.328984 0.671016
0 0.939789 0.060211
5 0.000315384 0.999685
0 0.500188 0.499812
0 0.75379 0.24621
5 0.000114714 0.999885
5 0.0256759 0.974324
0 0.959544 0.0404564
5 0.367419 0.632581
5 0.484337 0.515663
0 0.999976 2.38149e-05
0 0.621477 0.378523
5 0.12119 0.87881
5 0.341508 0.658492
0 0.55595 0.44405
0 0.572767 0.427233
0 0.999828 0.000172382
0 0.752985 0.247015
5 0.00525089 0.994749
5 0.00154586 0.998454
5 0.388944 0.611056
0 0.999888 0.000111583
5 0.352616 0.647384
5 0.362728 0.637272
0 0.584949 0.415051
5 0.473833 0.526167
5 0.326094 0.673906
0 0.530692 0.469308
5 0.077301 0.922699
5 0.460736 0.539264
0 0.525388 0.474612
0 0.981838 0.0181619
0 0.547335 0.452665
5 7.80028e-05 0.999922
5 0.0013332 0.998667
5 0.0450825 0.954917
5 0.0121817 0.987818
5 4.83191e-05 0.999952
5 0.141529 0.858471
5 0.0870161 0.912984
5 0.000194798 0.999805
5 0.00468686 0.995313
5 0.0026656 0.997334
0 0.543887 0.456113
5 0.0883266 0.911673
5 0.358054 0.641946
5 0.0176446 0.982355
0 0.770334 0.229666
0 0.508682 0.491318
5 0.205261 0.794739
5 1.37146e-07 1
0 0.855574 0.144426
0 0.714688 0.285312
0 0.622524 0.377476
5 3.99826e-06 0.999996
0 0.6503 0.3497
5 0.469182 0.530818
5 0.0214287 0.978571
5 0.169635 0.830365
5 0.0344225 0.965577
5 0.104259 0.895741
5 0.0269518 0.973048
5 0.000588026 0.999412
0 0.958801 0.041199
5 0.000144226 0.999856
0 0.624439 0.375561
5 0.00243242 0.997568
5 0.00166159 0.998338
5 0.00140896 0.998591
5 0.105675 0.894325
5 0.0126809 0.987319
5 0.00237223 0.997628
5 0.429253 0.570747
5 0.429551 0.570449
5 8.98314e-05 0.99991
0 0.989506 0.0104935
5 0.187247 0.812753
5 0.000202424 0.999798
5 0.46133 0.53867
0 0.970749 0.0292509
5 0.00111498 0.998885
0 0.786484 0.213516
5 0.324019 0.675981
0 0.998704 0.00129604
5 0.0214705 0.97853
5 0.00261923 0.997381
5 0.00141624 0.998584
5 0.350263 0.649737
0 0.87346 0.12654
5 0.00862943 0.991371
5 0.000710948 0.999289
5 0.116184 0.883816
5 0.354669 0.645331
5 0.0146292 0.985371
5 0.00077621 0.999224
5 0.0106816 0.989318
5 0.228892 0.771108
5 0.111227 0.888773
5 0.283437 0.716563
5 0.133059 0.866941
0 0.858872 0.141128
5 0.163251 0.836749
5 0.116488 0.883512
0 0.843978 0.156022
5 0.00133901 0.998661
5 0.0242679 0.975732
5 0.00169234 0.998308
5 0.000119737 0.99988
5 0.0108122 0.989188
5 0.182109 0.817891
5 0.11087 0.88913
5 0.037622 0.962378
0 0.532407 0.467593
5 0.4462 0.5538
0 0.963226 0.0367745
0 0.521316 0.478684
5 0.000281744 0.999718
5 0.00187998 0.99812
0 0.556546 0.443454
0 0.517922 0.482078
5 8.37401e-07 0.999999
5 0.401248 0.598752
0 0.997985 0.00201492
5 0.0505469 0.949453
5 0.451263 0.548737
5 0.337152 0.662848
5 0.000367164 0.999633
5 0.133654 0.866346
5 0.388879 0.611121
5 0.193194 0.806806
0 0.800378 0.199622
5 0.412173 0.587827
0 0.970056 0.0299439
5 0.0490528 0.950947
5 0.0325494 0.967451
0 0.904894 0.0951056
5 0.000361531 0.999638
5 0.000328757 0.999671
5 0.000562864 0.999437
0 0.823201 0.176799
0 0.998201 0.00179903
0 0.999872 0.00012801
0 0.506811 0.493189
0 0.514601 0.485399
5 0.153874 0.846126
0 0.618951 0.381049
5 5.70449e-05 0.999943
0 0.984914 0.0150862
5 0.32175 0.67825
5 0.438047 0.561953
0 0.967502 0.0324979
5 0.00218784 0.997812
5 0.000304618 0.999695
5 0.000975782 0.999024
5 5.6505e-05 0.999943
0 0.984043 0.0159575
0 0.840284 0.159716
5 0.00324587 0.996754
5 0.0644453 0.935555
0 0.738448 0.261552
5 0.000979795 0.99902
5 0.129981 0.870019
5 0.0401628 0.959837
0 0.551543 0.448457
5 0.000445132 0.999555
0 0.69993 0.30007
5 0.0122564 0.987744
5 0.208822 0.791178
5 0.344933 0.655067
5 0.00219754 0.997802
0 0.999578 0.000422477
5 0.129555 0.870445
5 0.0153769 0.984623
0 0.560005 0.439995
0 0.968199 0.0318012
5 0.0482549 0.951745
5 0.00957373 0.990426
0 0.998169 0.00183096
0 0.999204 0.000795589
5 0.0306679 0.969332
5 0.464224 0.535776
5 0.00158092 0.998419
5 0.209809 0.790191
5 0.168859 0.831141
5 1.93451e-05 0.999981
5 0.00364246 0.996358
0 0.960177 0.0398231
0 0.553444 0.446556
0 0.999987 1.30986e-05
0 0.999875 0.000125032
0 0.730065 0.269935
