labels 1 5
5 1.01811e-05 0.99999
5 0.0071623 0.992838
5 0.252785 0.747215
5 1e-07 1
5 0.137879 0.862121
1 0.979139 0.0208611
1 0.939357 0.0606427
1 0.99997 3.02994e-05
5 1.35557e-05 0.999986
5 1e-07 1
5 1.99609e-06 0.999998
5 0.0804827 0.919517
1 0.999819 0.000180703
1 0.729731 0.270269
5 0.00244336 0.997557
5 0.000416481 0.999584
1 0.984083 0.0159168
1 0.999981 1.89305e-05
5 0.00792951 0.99207
1 0.942014 0.057986
1 0.51881 0.48119
5 0.0483379 0.951662
1 0.60659 0.39341
1 0.933854 0.0661459
5 0.294975 0.705025
1 0.502641 0.497359
5 0.150354 0.849646
1 0.611944 0.388056
5 0.0915757 0.908424
1 0.999665 0.000334917
5 0.185062 0.814938
5 0.482806 0.517194
5 0.000556544 0.999443
5 0.0519951 0.948005
5 0.000230144 0.99977
1 0.999995 4.68813e-06
1 0.996895 0.00310453
5 0.355917 0.644083
5 3.54886e-06 0.999996
1 0.996011 0.00398885
5 0.0263636 0.973636
5 0.0302899 0.96971
5 0.0720454 0.927955
5 0.345647 0.654353
5 0.381527 0.618473
5 0.175963 0.824037
1 0.970481 0.0295193
5 0.12612 0.87388
1 0.565603 0.434397
1 0.832654 0.167346
1 0.999991 9.40563e-06
5 0.000278483 0.999722
5 1.00761e-05 0.99999
5 0.0530594 0.946941
1 0.99428 0.00571981
1 0.987942 0.0120577
1 0.995154 0.00484589
1 0.552652 0.447348
5 0.446053 0.553947
5 0.0260076 0.973992
1 0.728252 0.271748
5 0.000294756 0.999705
5 0.497536 0.502464
1 0.997595 0.00240526
5 0.00646752 0.993532
5 1.74554e-06 0.999998
1 0.980897 0.019103
5 0.24198 0.75802
1 0.999775 0.000224625
1 0.997871 0.00212874
5 0.0282214 0.971779
1 0.949679 0.0503206
1 0.994705 0.00529483
1 0.993086 0.00691365
1 0.988919 0.0110809
5 3.95595e-06 0.999996
5 3.92819e-05 0.999961
5 0.307301 0.692699
5 0.423499 0.576501
5 0.261922 0.738078
5 0.000739568 0.99926
5 0.000165964 0.999834
5 4.68387e-05 0.999953
1 0.989202 0.0107982
5 0.0177452 0.982255
1 0.994136 0.00586368
1 0.980018 0.0199818
5 0.00592891 0.994071
5 0.0402366 0.959763
5 0.150455 0.849545
5 4.72279e-06 0.999995
1 0.881547 0.118453
1 0.818048 0.181952
1 0.989789 0.0102111
1 0.977306 0.022694
5 2.72855e-05 0.999973
5 0.0487819 0.951218
5 0.0560869 0.943913
1 0.917381 0.0826195
5 0.48849 0.51151
5 0.31907 0.68093
1 0.637945 0.362055
1 0.871822 0.128178
1 0.998623 0.0013774
1 0.742801 0.257199
5 0.0114067 0.988593
5 7.70993e-07 0.999999
1 0.9966 0.00339982
5 0.00517577 0.994824
1 0.994401 0.00559943
1 0.995961 0.00403911
1 0.986869 0.013131
5 0.309858 0.690142
1 0.943456 0.0565436
1 0.651408 0.348592
1 0.951428 0.048572
5 1.44711e-07 1
5 0.100757 0.899243
5 0.0170146 0.982985
1 0.987262 0.0127378
1 0.577821 0.422179
1 0.534269 0.465731
5 0.000509798 0.99949
5 0.483026 0.516974
5 0.015562 0.984438
1 0.99433 0.00567049
5 0.00013667 0.999863
1 0.651864 0.348136
5 0.168021 0.831979
1 0.979599 0.0204007
5 0.00735381 0.992646
1 0.8006 0.1994
5 0.0238267 0.976173
1 0.996219 0.00378119
1 0.842135 0.157865
1 0.999952 4.76777e-05
1 0.520256 0.479744
1 0.776366 0.223634
5 1e-07 1
1 0.999278 0.000722387
5 0.0866302 0.91337
1 0.985458 0.0145421
1 0.993554 0.00644647
5 7.57011e-06 0.999992
5 0.0578246 0.942175
1 0.981052 0.018948
1 0.999896 0.00010369
1 0.999467 0.000533229
5 0.492377 0.507623
1 0.628097 0.371903
1 0.876907 0.123093
1 0.999974 2.62569e-05
1 0.996078 0.00392202
1 0.811381 0.188619
1 0.95896 0.0410403
1 0.897264 0.102736
1 0.974374 0.0256261
1 0.927903 0.0720969
5 1e-07 1
1 0.999999 5.60042e-07
5 4.01913e-07 1
5 1.57412e-06 0.999998
5 0.00431493 0.995685
5 0.000391075 0.999609
1 0.998168 0.001832
1 0.697628 0.302372
1 1 2.1338e-07
1 0.998059 0.00194064
5 0.00029827 0.999702
5 0.000800887 0.999199
1 0.723409 0.276591
1 0.96543 0.0345704
5 0.11716 0.88284
5 0.434197 0.565803
5 1e-07 1
5 2.1874e-05 0.999978
1 0.731242 0.268758
1 1 1.50037e-07
5 0.000667472 0.999333
5 0.0776487 0.922351
5 0.00127448 0.998726
1 0.993063 0.00693703
1 0.612096 0.387904
5 0.161764 0.838236
1 0.999713 0.000287338
5 0.0306323 0.969368
1 0.796123 0.203877
5 0.000382952 0.999617
1 0.60117 0.39883
1 0.894435 0.105565
1 0.972642 0.0273583
5 0.0184844 0.981516
1 0.998181 0.0018189
1 0.974062 0.0259384
1 0.976314 0.0236861
5 0.000389081 0.999611
1 0.702696 0.297304
5 0.18971 0.81029
1 0.508572 0.491428
1 0.545819 0.454181
5 0.0013011 0.998699
1 0.908844 0.0911561
1 0.982778 0.0172222
5 0.114274 0.885726
1 0.956517 0.0434834
5 0.136296 0.863704
5 0.0117377 0.988262
1 0.999623 0.000376767
5 0.155142 0.844858
1 0.999527 0.000473182
1 0.984821 0.0151787
5 0.00755932 0.992441
5 0.341828 0.658172
1 0.975473 0.0245271
1 0.798685 0.201315
1 0.961769 0.0382306
1 0.999977 2.26258e-05
5 0.202723 0.797277
5 3.5605e-06 0.999996
1 0.802497 0.197503
1 0.924073 0.0759272
5 0.00160417 0.998396
5 0.00795494 0.992045
1 0.671281 0.328719
1 0.995145 0.00485451
5 2.04138e-05 0.99998
5 0.0583136 0.941686
1 0.987446 0.0125537
1 0.931519 0.068481
1 0.588647 0.411353
5 0.21644 0.78356
5 4.74667e-05 0.999953
5 0.00124999 0.99875
1 0.954315 0.0456848
1 0.991742 0.00825791
1 0.991645 0.00835522
5 0.286692 0.713308
5 0.0580787 0.941921
5 0.000590697 0.999409
5 0.272149 0.727851
1 0.981677 0.0183233
5 0.00174445 0.998256
5 5.50872e-06 0.999994
1 0.999977 2.29834e-05
1 0.942431 0.0575692
1 0.902624 0.097376
1 0.920927 0.0790728
5 0.00134956 0.99865
5 8.98315e-06 0.999991
1 0.972714 0.0272856
1 0.990395 0.00960546
1 0.998317 0.00168306
5 0.000108796 0.999891
1 0.978364 0.0216361
5 0.000125979 0.999874
5 0.44605 0.55395
1 0.92467 0.0753295
5 0.376769 0.623231
5 0.000145649 0.999854
1 0.998973 0.00102691
5 0.0448131 0.955187
5 0.00472672 0.995273
1 0.779775 0.220225
1 0.798148 0.201852
5 8.06283e-06 0.999992
5 0.00712559 0.992874
5 6.84445e-05 0.999932
1 0.531704 0.468296
1 0.974188 0.0258124
5 0.00847286 0.991527
1 0.753552 0.246448
1 0.972507 0.027493
1 0.999381 0.000619321
1 0.86699 0.13301
1 0.873152 0.126848
1 0.990386 0.00961372
5 0.212985 0.787015
1 0.994807 0.00519273
1 0.983358 0.0166417
5 0.00202061 0.997979
1 0.998142 0.00185798
1 0.985009 0.0149914
1 0.98972 0.0102805
1 0.985549 0.0144507
5 0.0172631 0.982737
1 0.760687 0.239313
1 0.96893 0.0310701
5 0.0208812 0.979119
5 0.455971 0.544029
1 0.982054 0.0179459
1 0.997266 0.00273445
1 0.997234 0.00276584
5 0.153222 0.846778
1 0.988009 0.011991
5 0.192903 0.807097
5 1e-07 1
5 0.0101328 0.989867
5 1e-07 1
1 0.991166 0.00883381
1 0.693883 0.306117
5 1e-07 1
5 3.26695e-06 0.999997
1 0.935269 0.0647311
5 0.0169475 0.983052
1 0.922581 0.0774195
5 0.0832338 0.916766
1 0.954036 0.0459641
5 0.345791 0.654209
5 0.00103316 0.998967
5 0.271225 0.728775
5 0.184521 0.815479
1 0.572871 0.427129
1 0.707861 0.292139
5 0.000592309 0.999408
1 0.998753 0.00124714
5 0.33343 0.66657
1 0.579641 0.420359
5 0.00118035 0.99882
5 0.00136498 0.998635
1 0.921645 0.0783547
1 0.9959 0.00409998
5 0.000114448 0.999886
1 0.851671 0.148329
5 3.31454e-05 0.999967
5 0.0052845 0.994716
1 0.944709 0.0552914
1 0.936867 0.0631329
5 3.74047e-05 0.999963
5 0.00110406 0.998896
5 0.0614773 0.938523
1 0.998909 0.0010906
5 0.369053 0.630947
1 0.514259 0.485741
1 0.983911 0.0160886
5 0.00471497 0.995285
1 0.851217 0.148783
5 0.000472401 0.999528
5 0.0024246 0.997575
1 0.957517 0.0424828
1 0.998571 0.00142905
5 0.000203182 0.999797
5 0.444509 0.555491
1 0.654571 0.345429
5 0.00904229 0.990958
1 0.982358 0.0176424
5 6.16793e-05 0.999938
1 0.999574 0.000426073
5 0.0789861 0.921014
5 0.0973501 0.90265
5 6.71044e-05 0.999933
5 0.309902 0.690098
1 0.995949 0.00405116
5 2.66896e-07 1
5 0.000901618 0.999098
1 0.978451 0.0215489
5 6.5375e-06 0.999993
5 0.00249393 0.997506
1 1 3.57255e-07
5 1.08817e-06 0.999999
5 0.0191775 0.980822
5 0.234794 0.765206
1 0.988559 0.0114408
1 0.979836 0.0201644
1 0.992066 0.00793359
5 0.000205987 0.999794
1 0.999562 0.000437931
1 0.825809 0.174191
1 0.802353 0.197647
1 0.593533 0.406467
5 0.0180051 0.981995
1 0.523025 0.476975
1 0.664683 0.335317
1 0.999999 1.09711e-06
1 0.934642 0.0653581
1 0.995597 0.00440291
5 0.00134441 0.998656
1 0.74605 0.25395
5 0.0854633 0.914537
5 0.0378134 0.962187
5 5.81905e-07 0.999999
1 0.687642 0.312358
1 0.999929 7.09177e-05
5 9.03144e-05 0.99991
1 0.979666 0.0203336
1 0.986214 0.0137863
5 0.0334224 0.966578
1 0.95606 0.0439405
1 0.633043 0.366957
1 0.999999 1.34184e-06
1 0.536176 0.463824
5 0.348688 0.651312
1 0.812074 0.187926
1 0.999904 9.56829e-05
5 1.44965e-07 1
1 0.999993 7.43911e-06
1 0.999614 0.000386278
1 0.75857 0.24143
5 0.399748 0.600252
1 0.702766 0.297234
1 0.996033 0.00396698
1 0.63842 0.36158
5 0.00230841 0.997692
1 0.999992 8.2628e-06
5 2.17025e-05 0.999978
5 0.00055447 0.999446
1 0.96745 0.0325498
5 2.5429e-06 0.999997
1 0.997973 0.00202664
1 0.999969 3.05419e-05
1 0.585607 0.414393
1 0.99985 0.000150264
5 0.012857 0.987143
1 0.990364 0.00963627
1 0.996975 0.00302544
5 6.62027e-06 0.999993
5 1e-07 1
1 0.577774 0.422226
1 0.96915 0.0308501
1 0.579134 0.420866
5 0.00351157 0.996488
1 0.921339 0.0786606
5 0.278067 0.721933
5 0.201066 0.798934
1 0.999425 0.000575425
5 0.236189 0.763811
5 6.61356e-06 0.999993
1 0.664682 0.335318
5 0.444054 0.555946
5 0.00782049 0.99218
5 0.0395196 0.96048
5 0.131479 0.868521
5 1.29042e-06 0.999999
1 0.999986 1.38708e-05
5 1.07044e-05 0.999989
5 0.00974268 0.990257
5 2.27004e-07 1
1 0.951459 0.0485413
5 0.000395722 0.999604
5 0.146898 0.853102
1 0.566071 0.433929
5 0.0167688 0.983231
5 0.000552777 0.999447
1 0.999962 3.80102e-05
1 0.900003 0.0999974
1 0.975482 0.0245175
1 0.948476 0.051524
1 0.99309 0.00691026
5 9.45099e-07 0.999999
1 0.999895 0.000105408
1 0.712987 0.287013
5 0.00175243 0.998248
5 0.0180131 0.981987
1 0.959847 0.040153
5 0.00389911 0.996101
1 0.998054 0.00194571
1 0.534883 0.465117
5 0.00325375 0.996746
1 0.610685 0.389315
1 0.941151 0.0588485
5 1e-07 1
5 0.107357 0.892643
5 0.121506 0.878494
1 0.974079 0.0259214
1 0.974005 0.0259945
1 0.999943 5.72169e-05
5 0.299396 0.700604
5 0.000550442 0.99945
5 0.313907 0.686093
1 0.66231 0.33769
5 0.131088 0.868912
1 0.979297 0.020703
1 0.83194 0.16806
5 0.000633364 0.999367
5 3.04255e-06 0.999997
1 0.522529 0.477471
5 0.0304754 0.969525
1 0.913034 0.0869656
5 0.0296196 0.97038
1 0.994832 0.00516816
5 0.169543 0.830457
1 0.563572 0.436428
1 0.998881 0.00111902
1 0.888372 0.111628
1 0.92741 0.0725901
5 0.0642605 0.935739
5 0.00322218 0.996778
5 4.05023e-06 0.999996
1 0.999988 1.1992e-05
1 0.566832 0.433168
5 0.00719391 0.992806
1 0.999999 5.73216e-07
5 1e-07 1
5 1.4478e-07 1
5 0.121498 0.878502
5 0.00460371 0.995396
1 0.996953 0.00304661
1 0.999577 0.000423295
1 0.999948 5.15286e-05
5 1e-07 1
1 0.855275 0.144725
5 1e-07 1
5 1.43334e-07 1
5 0.4742 0.5258
1 0.976603 0.0233974
5 0.362332 0.637668
1 0.762704 0.237296
1 0.997317 0.00268317
5 0.0873455 0.912654
5 2.43688e-06 0.999998
5 0.476696 0.523304
1 0.996869 0.00313081
1 0.999823 0.000176803
5 0.000761882 0.999238
5 0.187052 0.812948
1 0.579973 0.420027
1 0.970832 0.029168
1 0.95506 0.0449401
5 0.0262489 0.973751
5 1.67963e-07 1
5 0.000290343 0.99971
1 0.585432 0.414568
5 0.286488 0.713512
5 0.00143885 0.998561
5 0.0977502 0.90225
1 0.977636 0.0223641
1 0.618127 0.381873
5 0.0749706 0.925029
5 0.0222456 0.977754
1 0.999965 3.54355e-05
5 0.286568 0.713432
1 0.934549 0.0654511
1 0.980497 0.0195032
1 0.986984 0.0130155
5 2.12009e-07 1
1 0.999926 7.38345e-05
1 0.990022 0.00997836
5 0.011931 0.988069
5 0.0144498 0.98555
1 0.812287 0.187713
5 1e-07 1
1 0.998604 0.00139604
1 0.998914 0.00108603
5 3.97017e-05 0.99996
1 0.848397 0.151603
5 0.014595 0.985405
1 0.579969 0.420031
5 0.41958 0.58042
1 0.999742 0.000258494
5 0.00012486 0.999875
5 1.49511e-07 1
1 0.903804 0.0961958
5 0.00116635 0.998834
1 0.944093 0.0559065
5 0.0374186 0.962581
1 0.531499 0.468501
5 2.25551e-06 0.999998
1 0.977632 0.0223684
1 0.945711 0.054289
5 0.248168 0.751832
1 0.646823 0.353177
1 0.832297 0.167703
5 0.273377 0.726623
5 0.289267 0.710733
5 0.220618 0.779382
5 3.66085e-06 0.999996
5 0.000273811 0.999726
5 0.241688 0.758312
5 0.000286516 0.999713
1 0.9999 0.000100274
5 4.18231e-05 0.999958
5 0.0648396 0.93516
1 0.98963 0.0103696
5 0.000934433 0.999066
1 0.970001 0.0299985
1 0.990317 0.00968348
1 0.644361 0.355639
1 0.939514 0.060486
1 0.90024 0.0997596
5 0.198425 0.801575
5 1e-07 1
1 0.990933 0.00906663
1 0.999959 4.0737e-05
5 0.00244107 0.997559
5 0.0230814 0.976919
5 0.381774 0.618226
1 0.919337 0.0806629
1 0.666627 0.333373
5 0.0387528 0.961247
1 0.980298 0.019702
1 0.995771 0.0042287
1 0.553328 0.446672
5 0.000508619 0.999491
5 0.324773 0.675227
5 0.033414 0.966586
5 1.08041e-07 1
5 0.00211243 0.997888
1 0.958804 0.0411964
5 6.65247e-05 0.999933
5 0.000112941 0.999887
5 0.0058675 0.994132
1 0.838288 0.161712
5 0.24279 0.75721
5 0.0596359 0.940364
5 0.0810077 0.918992
1 0.997788 0.00221209
1 0.84451 0.15549
5 0.0142645 0.985735
5 0.327134 0.672866
1 0.566823 0.433177
1 0.637105 0.362895
1 0.732873 0.267127
1 0.948593 0.0514073
1 0.702112 0.297888
5 0.00271715 0.997283
1 0.641029 0.358971
1 0.999236 0.000763772
1 0.999849 0.000150665
1 0.99999 9.61061e-06
5 0.07626 0.92374
5 0.00404702 0.995953
5 0.00341391 0.996586
5 0.000932254 0.999068
5 0.000143632 0.999856
5 0.0487601 0.95124
1 0.971168 0.0288318
1 0.623155 0.376845
1 0.629356 0.370644
5 0.138419 0.861581
1 0.977781 0.0222191
1 0.994332 0.00566809
1 0.999972 2.8149e-05
5 0.0705849 0.929415
5 3.19147e-06 0.999997
5 0.385002 0.614998
1 0.995358 0.00464224
5 0.000325893 0.999674
1 0.751711 0.248289
1 0.97968 0.0203202
1 0.958839 0.0411615
1 0.88079 0.11921
5 0.00230437 0.997696
1 0.891272 0.108728
1 0.994288 0.0057117
1 0.829549 0.170451
1 0.999884 0.000116084
1 0.999828 0.000171609
5 0.165194 0.834806
1 0.946631 0.053369
1 0.999807 0.000193403
5 0.303393 0.696607
5 6.90448e-05 0.999931
1 0.765592 0.234408
5 0.00723767 0.992762
1 0.97981 0.0201903
5 0.00148303 0.998517
1 0.631253 0.368747
5 0.0702952 0.929705
1 0.994393 0.00560692
5 2.39048e-06 0.999998
1 0.998392 0.00160758
5 0.000999332 0.999001
1 0.999999 8.47953e-07
5 0.186571 0.813429
5 0.00053293 0.999467
5 0.00120827 0.998792
5 0.261687 0.738313
5 0.493442 0.506558
1 0.900834 0.0991661
1 0.849542 0.150458
5 0.00202563 0.997974
1 0.932988 0.0670117
1 0.979046 0.0209539
5 0.0634678 0.936532
1 0.623135 0.376865
5 0.189655 0.810345
1 0.673566 0.326434
5 0.340094 0.659906
1 0.920513 0.0794871
5 5.41508e-05 0.999946
5 0.0034232 0.996577
1 0.988323 0.0116773
1 0.848956 0.151044
1 0.976369 0.0236311
1 0.969718 0.0302821
5 0.358101 0.641899
1 0.988477 0.0115226
1 0.999997 2.54724e-06
1 0.999817 0.000183491
1 0.987429 0.0125709
1 0.999565 0.000435477
1 0.812288 0.187712
1 0.990791 0.00920929
1 0.998463 0.00153743
1 0.977214 0.0227859
5 0.00504201 0.994958
1 0.761286 0.238714
1 0.985936 0.0140639
5 0.356319 0.643681
1 0.993018 0.0069819
1 0.999353 0.000646603
1 0.99998 2.0361e-05
5 1.09551e-05 0.999989
1 0.998615 0.00138484
5 0.019767 0.980233
5 2.35774e-07 1
5 0.34278 0.65722
1 0.999844 0.000156044
1 0.99995 4.96823e-05
5 8.84059e-06 0.999991
1 0.986429 0.0135706
5 0.00087116 0.999129
5 0.000146582 0.999853
5 2.4916e-05 0.999975
1 0.978506 0.0214942
5 0.00028617 0.999714
1 0.994668 0.00533201
5 0.469294 0.530706
5 0.00874595 0.991254
5 0.0784784 0.921522
1 0.980265 0.019735
5 0.000262246 0.999738
5 0.0471159 0.952884
5 0.00108037 0.99892
1 0.960183 0.0398172
5 0.000121514 0.999878
1 0.98326 0.0167404
5 0.00191316 0.998087
1 0.953341 0.046659
1 0.877623 0.122377
5 0.000163994 0.999836
5 0.0258273 0.974173
1 0.864684 0.135316
1 0.970313 0.0296869
5 1e-07 1
1 0.99992 8.0068e-05
1 0.999973 2.67235e-05
1 0.98315 0.0168503
5 0.000953922 0.999046
1 0.713622 0.286378
5 0.334718 0.665282
5 0.434043 0.565957
1 0.913503 0.086497
5 2.54047e-06 0.999997
1 0.991208 0.00879193
5 0.00704325 0.992957
5 0.0220965 0.977903
5 0.0552566 0.944743
5 1.67919e-07 1
1 0.88852 0.11148
5 0.00258501 0.997415
5 0.301826 0.698174
1 0.962176 0.0378245
5 0.0331955 0.966805
1 0.563144 0.436856
1 0.91709 0.0829103
1 0.637227 0.362773
1 0.851507 0.148493
1 0.990114 0.00988617
1 0.992072 0.00792768
1 0.915775 0.0842252
5 0.000125768 0.999874
1 0.614702 0.385298
1 0.999957 4.31041e-05
5 0.0545246 0.945475
1 0.990299 0.00970116
5 0.000510842 0.999489
5 0.398979 0.601021
5 0.000104031 0.999896
5 0.00126698 0.998733
1 0.975354 0.0246458
1 0.787507 0.212493
5 5.41687e-07 0.999999
5 0.0600733 0.939927
1 0.999978 2.16102e-05
1 0.999235 0.000765038
1 0.989923 0.0100766
1 0.93224 0.0677605
1 0.979942 0.0200576
5 1.657e-05 0.999983
5 3.76153e-05 0.999962
5 0.0308503 0.96915
5 0.0226318 0.977368
5 0.000344918 0.999655
1 0.990566 0.00943429
5 0.157132 0.842868
1 0.936376 0.0636242
5 1.35525e-05 0.999986
1 0.978078 0.0219216
5 0.0361879 0.963812
1 0.99992 8.00621e-05
1 0.661438 0.338562
1 0.830068 0.169932
5 0.308019 0.691981
1 0.865018 0.134982
5 0.495685 0.504315
5 0.433651 0.566349
1 0.994082 0.00591846
1 0.967611 0.0323895
5 0.0347484 0.965252
5 0.000234975 0.999765
5 4.88473e-07 1
5 3.28455e-07 1
1 0.581807 0.418193
5 0.000238776 0.999761
5 0.0967573 0.903243
1 0.547967 0.452033
5 0.353006 0.646994
5 2.69632e-05 0.999973
1 0.992478 0.00752204
5 2.89662e-06 0.999997
1 0.999999 5.43927e-07
1 0.604785 0.395215
5 0.0025802 0.99742
1 0.994505 0.00549537
1 0.726451 0.273549
5 3.91994e-06 0.999996
5 0.0259917 0.974008
1 0.821622 0.178378
5 9.13402e-06 0.999991
5 0.395279 0.604721
1 0.985694 0.0143058
5 0.0361487 0.963851
1 0.992043 0.00795683
5 0.00647381 0.993526
5 0.000568122 0.999432
1 0.999551 0.000449378
5 0.00083442 0.999166
1 0.974757 0.0252426
5 0.000329288 0.999671
5 0.00625131 0.993749
1 0.889398 0.110602
1 0.999794 0.000206021
1 0.956338 0.0436616
1 0.999871 0.000129417
5 0.104575 0.895425
1 0.869583 0.130417
5 0.116225 0.883775
5 0.000920284 0.99908
1 0.96951 0.0304897
1 0.841543 0.158457
5 0.218316 0.781684
5 7.0085e-06 0.999993
1 0.996631 0.00336899
5 0.000122591 0.999877
5 0.00035703 0.999643
5 0.363866 0.636134
1 0.884992 0.115008
5 1e-07 1
5 0.00351923 0.996481
1 0.993726 0.00627432
5 1e-07 1
1 0.976406 0.0235943
1 0.952603 0.0473968
5 0.0133459 0.986654
5 1.32958e-05 0.999987
5 0.0132048 0.986795
1 0.9083 0.0916998
1 0.974007 0.0259929
1 0.979995 0.0200051
5 0.2292 0.7708
1 1 1.37124e-07
1 0.701121 0.298879
1 0.909049 0.0909515
5 0.0623232 0.937677
1 0.98664 0.0133596
1 0.909439 0.0905608
1 0.963059 0.036941
1 0.999639 0.000360621
5 2.87591e-05 0.999971
5 0.00065753 0.999342
1 0.986755 0.0132455
1 0.523102 0.476898
5 0.405363 0.594637
5 1e-07 1
5 0.199471 0.800529
1 0.693666 0.306334
5 0.223643 0.776357
1 0.975691 0.0243095
1 0.97379 0.02621
1 0.944668 0.0553317
5 0.000582521 0.999417
5 3.85879e-06 0.999996
1 0.974274 0.0257263
5 0.000434705 0.999565
5 3.73484e-07 1
1 0.596876 0.403124
1 0.96868 0.03132
5 0.0453318 0.954668
5 0.153964 0.846036
1 0.991251 0.00874913
1 0.583841 0.416159
5 0.00115745 0.998843
1 0.999329 0.0006707
5 0.068872 0.931128
5 0.000238652 0.999761
1 0.992565 0.00743499
1 0.99813 0.00187002
1 0.877918 0.122082
1 0.580396 0.419604
1 0.978627 0.0213725
5 0.00267133 0.997329
1 0.601333 0.398667
5 0.0109694 0.989031
1 0.839018 0.160982
1 0.999756 0.000243992
5 0.0120633 0.987937
5 0.000471172 0.999529
1 0.940385 0.0596148
5 0.00107242 0.998928
1 0.97881 0.0211897
5 7.71537e-05 0.999923
1 0.845854 0.154146
5 0.0361411 0.963859
1 0.983274 0.0167264
5 0.0975932 0.902407
1 0.999996 3.6947e-06
1 0.982423 0.017577
1 0.994658 0.00534164
1 0.91259 0.0874098
1 0.787155 0.212845
5 0.0391357 0.960864
5 0.429157 0.570843
5 0.0064883 0.993512
5 0.035271 0.964729
5 0.000243584 0.999756
5 0.00883019 0.99117
1 0.514752 0.485248
1 0.546353 0.453647
1 0.532761 0.467239
1 0.914491 0.0855089
1 0.846958 0.153042
1 0.762514 0.237486
5 0.0222589 0.977741
1 0.969794 0.0302064
5 0.0301749 0.969825
1 0.999994 6.1297e-06
1 0.687255 0.312745
1 0.98096 0.0190401
1 0.999993 6.77915e-06
1 0.979278 0.0207222
5 0.000156024 0.999844
5 0.000508216 0.999492
1 0.971563 0.0284368
1 0.996628 0.0033719
1 0.839242 0.160758
1 0.980005 0.0199948
5 0.000478715 0.999521
5 0.0173157 0.982684
5 0.0897649 0.910235
1 0.988853 0.0111472
5 2.08862e-05 0.999979
1 0.500843 0.499157
1 1 1.29611e-07
1 0.886767 0.113233
5 0.373864 0.626136
1 0.832235 0.167765
1 0.998014 0.00198556
1 0.533426 0.466574
5 3.27807e-05 0.999967
5 0.04919 0.95081
1 0.983 0.0169999
5 0.362276 0.637724
1 0.83405 0.16595
5 1e-07 1
5 0.332104 0.667896
1 0.838979 0.161021
5 0.0155373 0.984463
1 0.997504 0.0024958
1 0.982281 0.0177195
5 8.13275e-05 0.999919
1 0.980215 0.0197846
1 0.980908 0.0190919
1 0.510378 0.489622
1 0.980278 0.0197217
5 1.99693e-06 0.999998
1 0.993963 0.00603704
5 0.052755 0.947245
5 0.0648439 0.935156
1 0.999994 5.70743e-06
1 0.612576 0.387424
5 0.00187003 0.99813
5 0.268676 0.731324
1 0.577011 0.422989
1 0.557419 0.442581
1 0.644976 0.355024
5 0.00127609 0.998724
5 0.0101421 0.989858
1 0.968844 0.0311564
1 0.999322 0.000677939
1 0.822619 0.177381
1 0.99828 0.00172045
5 1e-07 1
5 0.000662207 0.999338
5 0.305909 0.694091
5 0.00025765 0.999742
5 0.0119734 0.988027
1 0.968218 0.0317817
5 0.254113 0.745887
1 0.997913 0.00208686
5 0.00619316 0.993807
5 0.00234976 0.99765
1 0.989951 0.0100493
1 0.861967 0.138033
5 0.324018 0.675982
5 0.0423055 0.957694
5 0.00271312 0.997287
1 0.999828 0.000171842
5 0.00510159 0.994898
1 0.753068 0.246932
1 0.951099 0.0489011
1 0.979322 0.0206777
5 0.00115337 0.998847
5 0.000330592 0.999669
1 0.916366 0.0836336
1 0.993726 0.00627433
1 0.874931 0.125069
1 0.574344 0.425656
1 0.999998 1.74295e-06
1 0.997434 0.00256622
5 0.482029 0.517971
5 0.000530366 0.99947
5 0.351552 0.648448
5 0.0151879 0.984812
5 5.57321e-05 0.999944
5 0.493546 0.506454
1 0.999986 1.36436e-05
1 0.955891 0.0441094
5 0.000119895 0.99988
5 9.839e-05 0.999902
1 0.999847 0.000153312
1 0.993107 0.00689262
1 0.986929 0.0130714
1 0.881779 0.118221
5 1.27166e-06 0.999999
1 0.968157 0.0318432
5 0.0023709 0.997629
1 0.98613 0.0138704
1 0.985201 0.0147994
1 0.680262 0.319738
1 0.999996 4.33889e-06
5 4.50936e-07 1
1 0.684261 0.315739
1 0.888933 0.111067
1 0.757636 0.242364
5 0.152911 0.847089
1 0.975761 0.0242387
1 0.997561 0.00243942
1 0.948406 0.0515936
5 1e-07 1
5 0.335344 0.664656
1 0.998649 0.00135121
5 1e-07 1
1 0.561666 0.438334
1 0.937518 0.0624819
5 0.00812032 0.99188
1 0.950645 0.0493547
1 1 1e-07
5 0.130372 0.869628
5 1e-07 1
5 2.80225e-06 0.999997
1 0.801852 0.198148
1 0.950168 0.0498317
1 0.889013 0.110987
5 0.270149 0.729851
5 0.0455709 0.954429
5 0.00255644 0.997444
5 0.28862 0.71138
1 0.999996 4.35978e-06
5 0.146291 0.853709
5 7.47264e-06 0.999993
1 0.952739 0.0472606
1 0.999216 0.0007837
5 0.00160035 0.9984
5 0.458304 0.541696
5 1e-07 1
5 0.0355532 0.964447
5 4.67047e-07 1
1 0.993566 0.0064337
5 0.489099 0.510901
1 0.65672 0.34328
5 0.011832 0.988168
1 0.999968 3.21504e-05
1 0.77148 0.22852
5 0.000283921 0.999716
5 1e-07 1
5 5.52997e-07 0.999999
5 4.17275e-05 0.999958
1 0.99999 9.75631e-06
5 0.000317214 0.999683
5 0.00134742 0.998653
5 0.459058 0.540942
1 0.874625 0.125375
5 0.00769586 0.992304
5 8.41275e-05 0.999916
5 0.353092 0.646908
5 0.491449 0.508551
1 0.963319 0.0366808
1 0.999994 5.60343e-06
1 0.998943 0.00105726
1 0.897032 0.102968
1 0.976903 0.023097
1 0.999529 0.00047085
5 0.0819325 0.918068
1 0.967141 0.0328594
5 0.00900678 0.990993
1 0.99964 0.000360166
1 0.99264 0.00736023
5 0.0334534 0.966547
1 0.98007 0.0199302
1 0.979973 0.020027
5 5.56535e-06 0.999994
5 0.000660962 0.999339
5 0.00442664 0.995573
5 2.80332e-06 0.999997
1 0.999993 6.95643e-06
5 0.366786 0.633214
5 0.0607092 0.939291
1 0.99893 0.00106998
1 0.997122 0.00287824
5 0.00241929 0.997581
1 0.999992 8.25549e-06
1 0.566561 0.433439
5 0.178652 0.821348
1 0.949493 0.0505072
5 0.0710089 0.928991
1 0.984739 0.0152613
5 0.00214505 0.997855
1 0.97759 0.0224104
1 0.999988 1.15881e-05
5 0.000298172 0.999702
1 0.762707 0.237293
1 0.989622 0.0103784
1 0.919943 0.0800574
1 0.981754 0.0182458
5 0.0299464 0.970054
5 1e-07 1
5 0.406578 0.593422
5 0.290145 0.709855
5 0.00183811 0.998162
5 0.0344996 0.9655
5 0.00348489 0.996515
1 0.93936 0.0606404
1 0.998669 0.00133103
1 0.997297 0.00270316
1 0.506802 0.493198
5 1.01374e-05 0.99999
1 0.890709 0.109291
1 0.957086 0.0429136
1 0.874578 0.125422
5 0.0008017 0.999198
5 0.0999699 0.90003
1 0.99838 0.00161987
5 4.85491e-05 0.999951
1 0.682566 0.317434
5 0.0211035 0.978897
1 0.616401 0.383599
5 0.0676299 0.93237
1 0.999999 8.44886e-07
5 0.383264 0.616736
5 0.0011605 0.99884
5 0.30895 0.69105
1 0.93984 0.0601604
1 0.94637 0.0536297
1 0.602837 0.397163
1 0.999975 2.51219e-05
1 0.999767 0.000232599
1 0.978411 0.0215892
5 7.69147e-05 0.999923
5 0.00740171 0.992598
1 0.957147 0.0428529
5 0.000358615 0.999641
5 0.000589929 0.99941
1 0.974123 0.0258773
5 0.00138838 0.998612
1 0.999012 0.000987665
5 0.00560843 0.994392
5 1e-07 1
1 0.934601 0.065399
1 0.974398 0.0256019
1 0.993855 0.00614466
1 0.997279 0.00272075
1 0.980975 0.0190245
1 0.977841 0.0221593
1 0.982271 0.0177291
1 0.968166 0.0318344
1 0.669739 0.330261
5 0.00124807 0.998752
5 6.45699e-05 0.999935
1 0.981034 0.0189659
1 0.976726 0.0232739
1 0.975704 0.0242956
5 0.114577 0.885423
1 0.999818 0.00018207
1 0.976194 0.0238061
5 0.433618 0.566382
1 0.974948 0.0250524
5 0.00277406 0.997226
1 0.783006 0.216994
5 0.00396618 0.996034
5 0.00911127 0.990889
1 0.635856 0.364144
5 0.00676398 0.993236
1 0.945709 0.0542911
1 0.996068 0.00393231
1 0.999989 1.10501e-05
1 0.583047 0.416953
5 0.00100578 0.998994
5 0.000371984 0.999628
1 0.998903 0.00109713
1 0.981642 0.0183584
5 0.0191672 0.980833
5 0.00106924 0.998931
1 0.844464 0.155536
1 0.866536 0.133464
1 0.98181 0.0181896
5 4.58771e-05 0.999954
5 4.38645e-07 1
1 0.992482 0.00751825
5 0.13651 0.86349
5 0.152354 0.847646
5 3.91002e-05 0.999961
1 0.980934 0.019066
1 0.980373 0.0196273
5 0.0547143 0.945286
1 0.995185 0.00481533
5 0.0616697 0.93833
1 0.98328 0.0167198
1 0.952705 0.047295
1 0.796897 0.203103
1 1 1e-07
5 0.145872 0.854128
1 0.998095 0.00190457
5 0.325771 0.674229
1 0.985475 0.0145248
1 0.565274 0.434726
5 1e-07 1
1 0.982654 0.017346
5 2.07884e-05 0.999979
1 0.776842 0.223158
5 0.00023464 0.999765
1 0.990099 0.0099013
1 0.991757 0.00824303
1 0.980718 0.0192816
1 0.972755 0.0272445
5 0.000217031 0.999783
1 0.553166 0.446834
1 0.986816 0.0131841
5 0.323688 0.676312
5 0.0921294 0.907871
5 0.000323216 0.999677
5 0.000104882 0.999895
5 0.467076 0.532924
1 0.991083 0.00891656
5 0.121858 0.878142
1 0.762466 0.237534
1 0.999698 0.000302383
1 0.997641 0.00235911
1 0.956255 0.0437449
5 0.0260446 0.973955
1 0.989691 0.0103088
5 6.21869e-05 0.999938
1 0.811579 0.188421
1 0.967602 0.0323983
5 0.00208922 0.997911
5 0.486089 0.513911
5 0.139806 0.860194
1 0.991989 0.00801116
5 0.119109 0.880891
1 0.525017 0.474983
5 4.6646e-05 0.999953
1 0.981338 0.018662
5 0.00895816 0.991042
5 0.0125167 0.987483
1 0.572092 0.427908
5 0.00550729 0.994493
1 0.978718 0.0212819
1 0.997222 0.00277762
1 0.989869 0.0101312
5 0.0534277 0.946572
5 0.0659849 0.934015
1 0.71564 0.28436
1 0.99893 0.00107002
5 0.464631 0.535369
5 0.233897 0.766103
1 0.732825 0.267175
1 0.982647 0.0173531
1 0.557173 0.442827
5 0.0714939 0.928506
5 0.314411 0.685589
1 0.661297 0.338703
5 0.215926 0.784074
1 0.970996 0.0290039
1 0.986923 0.0130766
5 0.361827 0.638173
1 0.981818 0.018182
5 0.000993621 0.999006
5 0.258009 0.741991
1 0.515027 0.484973
5 0.00121213 0.998788
1 0.963822 0.0361784
5 0.00125022 0.99875
1 0.793245 0.206755
1 0.553466 0.446534
1 0.989469 0.0105313
1 0.999753 0.000246662
5 0.133117 0.866883
1 0.999911 8.90512e-05
5 3.2733e-07 1
5 0.0286419 0.971358
5 0.420224 0.579776
5 0.00636167 0.993638
1 0.999992 8.4535e-06
1 0.834898 0.165102
1 0.998026 0.00197383
5 0.495506 0.504494
1 0.999846 0.00015445
5 0.328588 0.671412
1 0.881394 0.118606
1 0.671554 0.328446
5 8.56223e-07 0.999999
5 2.56534e-05 0.999974
5 0.308104 0.691896
5 4.50765e-05 0.999955
1 0.992957 0.00704332
1 0.598094 0.401906
5 0.00331477 0.996685
1 0.599147 0.400853
1 0.99239 0.00761009
1 0.964149 0.0358515
1 0.985394 0.0146065
1 0.999918 8.22118e-05
1 0.841579 0.158421
5 1.26275e-05 0.999987
1 0.917184 0.0828163
5 0.0413439 0.958656
1 0.803401 0.196599
1 0.993744 0.00625571
1 0.999507 0.000492591
5 1e-07 1
5 6.94103e-07 0.999999
5 0.00397539 0.996025
1 0.982811 0.0171889
1 0.96376 0.0362402
1 1 4.7253e-07
5 0.158637 0.841363
5 0.0809069 0.919093
1 0.999994 5.77603e-06
5 0.100084 0.899916
5 0.000451903 0.999548
5 0.456494 0.543506
5 0.414684 0.585316
5 0.0025895 0.99741
5 0.00296236 0.997038
1 0.684363 0.315637
5 0.000144944 0.999855
1 0.999837 0.000163072
1 0.996975 0.00302502
5 0.020746 0.979254
1 0.509738 0.490262
5 0.000776548 0.999223
5 0.0222405 0.97776
1 0.975272 0.0247277
1 0.83863 0.16137
5 0.000398715 0.999601
1 0.988033 0.0119669
1 0.999549 0.000451024
1 0.948953 0.0510468
1 0.990317 0.00968303
1 0.997956 0.00204406
5 0.40935 0.59065
5 0.266556 0.733444
1 0.998585 0.0014149
1 0.999448 0.00055227
1 0.999001 0.000998572
5 0.397377 0.602623
1 0.999685 0.000315141
1 0.724186 0.275814
5 1.84764e-06 0.999998
1 0.91102 0.0889797
1 0.714249 0.285751
5 0.12971 0.87029
5 0.106025 0.893975
1 0.885099 0.114901
5 0.0103538 0.989646
1 0.994637 0.00536291
1 0.94003 0.0599699
5 0.0986684 0.901332
5 0.247417 0.752583
5 1e-07 1
1 0.699376 0.300624
5 0.149818 0.850182
1 0.999036 0.000963501
1 0.626932 0.373068
5 4.02434e-05 0.99996
5 0.0561703 0.94383
1 0.895862 0.104138
1 0.97945 0.0205499
1 0.925194 0.0748065
5 0.189568 0.810432
1 0.864993 0.135007
1 0.999999 7.67662e-07
5 0.14451 0.85549
1 0.997023 0.00297735
5 0.000729623 0.99927
1 0.999873 0.000127294
1 0.991229 0.00877097
5 0.000436017 0.999564
1 0.999765 0.000234999
1 0.976137 0.0238628
5 4.63692e-07 1
5 8.30298e-06 0.999992
5 0.0259805 0.97402
5 0.0209538 0.979046
1 0.993905 0.00609465
5 6.47159e-05 0.999935
1 0.999189 0.000810605
5 0.000180311 0.99982
1 0.936079 0.063921
1 0.974005 0.0259953
1 0.976103 0.0238973
1 0.98791 0.0120899
5 0.0379476 0.962052
5 2.31128e-06 0.999998
1 0.561817 0.438183
1 0.832721 0.167279
1 0.977513 0.022487
5 0.243529 0.756471
1 0.971663 0.028337
1 0.99363 0.00636961
5 0.0001842 0.999816
5 0.00143989 0.99856
1 0.93038 0.0696196
5 0.134526 0.865474
5 0.00286158 0.997138
5 0.0742821 0.925718
1 0.57791 0.42209
1 0.868678 0.131322
5 0.478052 0.521948
1 0.890826 0.109174
5 0.0890174 0.910983
1 0.957305 0.0426955
1 0.957128 0.0428719
5 0.0201965 0.979804
1 0.981036 0.0189638
5 0.0105147 0.989485
1 0.876618 0.123382
5 0.0051465 0.994854
1 0.723257 0.276743
1 0.999443 0.000557143
5 4.11955e-05 0.999959
5 2.77916e-07 1
1 0.974036 0.0259637
5 0.487672 0.512328
1 0.899533 0.100467
5 0.310276 0.689724
1 0.990821 0.00917939
1 0.999928 7.23418e-05
5 0.477095 0.522905
5 0.0516566 0.948343
1 0.976308 0.0236915
5 0.0869059 0.913094
5 1e-07 1
5 3.84483e-07 1
5 0.443134 0.556866
1 0.999436 0.000564221
1 0.931503 0.0684966
1 0.988275 0.0117248
5 0.00109007 0.99891
5 0.208806 0.791194
5 0.216981 0.783019
1 0.985742 0.014258
1 0.979134 0.0208662
1 0.996858 0.00314216
1 0.898384 0.101616
1 0.995101 0.00489862
1 0.958249 0.0417507
5 0.000179693 0.99982
5 1e-07 1
5 0.0966127 0.903387
5 0.000323933 0.999676
1 0.766407 0.233593
5 0.143218 0.856782
1 0.725871 0.274129
5 0.00144933 0.998551
1 0.999976 2.41374e-05
5 0.0528855 0.947114
1 0.84056 0.15944
5 7.50141e-05 0.999925
5 0.0098874 0.990113
1 0.999971 2.93728e-05
1 0.982378 0.0176222
1 0.612269 0.387731
5 0.266809 0.733191
5 0.022678 0.977322
1 0.976023 0.0239774
5 0.343484 0.656516
5 0.0444482 0.955552
1 0.86794 0.13206
1 0.922612 0.077388
1 0.991752 0.00824841
5 1e-07 1
5 0.293795 0.706205
5 0.00182551 0.998174
1 0.597191 0.402809
5 0.152634 0.847366
1 0.992328 0.00767214
1 0.999878 0.00012171
5 1e-07 1
1 0.990701 0.00929909
1 0.717866 0.282134
1 0.995148 0.00485233
5 3.27726e-05 0.999967
5 0.00790352 0.992096
1 0.99885 0.00114957
5 0.0447047 0.955295
5 1e-07 1
5 6.92948e-06 0.999993
1 0.983506 0.0164937
1 0.935134 0.0648661
1 0.938777 0.061223
1 0.998552 0.0014476
5 0.0113559 0.988644
1 0.983261 0.0167394
1 0.826566 0.173434
1 0.988483 0.0115167
5 0.28527 0.71473
5 2.95134e-05 0.99997
5 0.002009 0.997991
5 0.000416352 0.999584
1 0.982035 0.0179652
1 0.742298 0.257702
1 0.908627 0.091373
1 0.905111 0.0948889
1 0.652256 0.347744
5 0.173741 0.826259
1 0.989851 0.0101486
1 0.898572 0.101428
5 0.331162 0.668838
5 0.372319 0.627681
1 0.972385 0.0276145
5 1.71324e-06 0.999998
5 0.000955397 0.999045
5 0.000138755 0.999861
5 6.64515e-05 0.999934
5 0.000691953 0.999308
5 0.00735736 0.992643
1 0.637146 0.362854
1 0.971423 0.0285769
1 0.918898 0.0811018
1 0.939507 0.0604934
5 0.000240061 0.99976
1 0.93976 0.0602404
5 0.48305 0.51695
1 0.60338 0.39662
1 0.675097 0.324903
5 6.13176e-05 0.999939
1 0.994712 0.00528849
5 1.43841e-05 0.999986
5 3.15179e-06 0.999997
5 1e-07 1
1 0.749657 0.250343
5 0.00112562 0.998874
1 0.968816 0.0311843
1 0.993238 0.00676153
5 0.389965 0.610035
5 1.07053e-05 0.999989
1 0.81139 0.18861
1 0.998274 0.00172618
5 0.186203 0.813797
1 0.934616 0.065384
1 0.982695 0.0173054
5 0.00493237 0.995068
5 0.00852146 0.991479
5 0.000288177 0.999712
1 0.999843 0.00015746
1 0.993969 0.00603131
5 0.00286099 0.997139
1 0.965422 0.0345782
1 0.894176 0.105824
5 3.24385e-05 0.999968
5 0.00189682 0.998103
5 1.79978e-06 0.999998
1 0.938246 0.0617538
1 0.515395 0.484605
5 0.0113504 0.98865
1 0.982103 0.0178974
1 0.969309 0.0306906
5 0.000297237 0.999703
5 1.19777e-06 0.999999
5 1e-07 1
5 0.136704 0.863296
1 0.976808 0.0231921
1 0.984676 0.0153244
5 1.85497e-05 0.999981
1 0.999921 7.88431e-05
1 0.999534 0.000466163
5 0.238997 0.761003
1 0.964122 0.0358781
1 0.828103 0.171897
5 0.000486157 0.999514
5 0.0026187 0.997381
1 0.920305 0.0796948
5 0.000526113 0.999474
5 0.00311866 0.996881
1 0.555453 0.444547
1 0.999999 1.2884e-06
5 0.0311898 0.96881
1 0.981395 0.018605
1 1 4.31384e-07
1 0.998354 0.00164553
1 0.999999 1.11359e-06
5 0.2381 0.7619
1 0.88689 0.11311
1 0.994471 0.00552851
1 0.990152 0.00984796
1 0.903291 0.0967085
1 0.947827 0.0521728
5 1e-07 1
5 0.000211936 0.999788
5 0.392805 0.607195
1 0.993271 0.00672861
5 0.00313304 0.996867
5 0.0183669 0.981633
1 0.591094 0.408906
5 0.000416155 0.999584
5 0.0989309 0.901069
5 0.000204747 0.999795
5 1.59579e-05 0.999984
1 0.97366 0.02634
1 0.980697 0.0193032
5 0.485539 0.514461
5 0.016461 0.983539
1 0.927894 0.0721059
1 0.99987 0.000129923
1 0.999999 9.49685e-07
1 0.538235 0.461765
1 0.994638 0.00536159
5 0.0241108 0.975889
5 0.142519 0.857481
1 0.698873 0.301127
1 0.982528 0.0174723
5 0.115963 0.884037
1 0.851557 0.148443
1 0.999705 0.000295234
5 0.480414 0.519586
1 0.888714 0.111286
1 0.903311 0.0966893
1 0.774406 0.225594
1 0.732813 0.267187
1 0.971281 0.0287194
1 0.999958 4.23312e-05
1 0.957586 0.0424139
1 0.986824 0.0131765
5 0.113063 0.886937
5 0.00014514 0.999855
1 0.996984 0.00301559
5 0.243148 0.756852
5 0.031822 0.968178
5 0.0136439 0.986356
1 1 1e-07
5 6.01447e-05 0.99994
1 0.916229 0.0837714
1 0.979064 0.0209359
1 0.966603 0.0333975
5 0.231838 0.768162
1 0.711137 0.288863
5 8.05712e-07 0.999999
1 0.998179 0.00182099
1 0.959888 0.0401118
5 0.230306 0.769694
5 0.280358 0.719642
1 0.999593 0.000406799
1 0.835297 0.164703
1 0.536979 0.463021
1 0.999553 0.000447057
1 0.807505 0.192495
5 0.0579613 0.942039
5 1e-07 1
1 0.998792 0.00120808
5 0.000429843 0.99957
5 0.0163102 0.98369
1 0.950293 0.0497068
1 0.93602 0.0639799
1 0.844504 0.155496
5 9.28461e-06 0.999991
1 0.621233 0.378767
5 2.59167e-07 1
1 0.566287 0.433713
1 0.695813 0.304187
1 0.928809 0.0711911
1 0.665497 0.334503
5 0.00212618 0.997874
5 0.0261473 0.973853
5 0.452538 0.547462
5 0.299349 0.700651
1 0.999158 0.000841943
1 0.647621 0.352379
5 0.10309 0.89691
5 0.0013259 0.998674
1 0.980404 0.0195964
1 0.665601 0.334399
1 0.993028 0.00697211
5 0.00952339 0.990477
5 0.000592075 0.999408
1 0.999786 0.000213863
1 0.980507 0.0194927
1 0.997842 0.00215806
5 0.151774 0.848226
1 0.999995 4.58241e-06
1 0.980218 0.0197819
1 0.999998 1.72445e-06
1 0.991464 0.00853584
1 1 1e-07
1 0.991552 0.00844806
1 0.986543 0.0134567
1 0.935814 0.0641856
1 0.743516 0.256484
1 0.517091 0.482909
1 0.826036 0.173964
5 0.0642146 0.935785
1 0.958096 0.0419045
1 0.839272 0.160728
1 0.985235 0.0147647
1 0.999974 2.61126e-05
5 0.00101177 0.998988
5 9.05992e-07 0.999999
1 0.518273 0.481727
1 0.998893 0.00110723
1 0.98914 0.0108596
5 0.345214 0.654786
5 0.16544 0.83456
5 0.0349325 0.965068
5 0.035032 0.964968
1 0.994555 0.00544455
5 1e-07 1
1 0.999632 0.000368363
1 0.734688 0.265312
5 0.000130349 0.99987
5 1.98933e-05 0.99998
1 0.980452 0.0195481
1 0.979374 0.020626
1 0.550132 0.449868
5 0.263399 0.736601
5 2.06614e-07 1
1 0.725028 0.274972
1 0.956243 0.0437568
1 1 1e-07
1 0.663188 0.336812
5 0.472643 0.527357
5 0.000403954 0.999596
5 0.0159452 0.984055
1 0.99992 7.96738e-05
1 0.999992 8.19452e-06
5 0.199684 0.800316
5 0.000119797 0.99988
1 0.808907 0.191093
1 0.766211 0.233789
1 0.884657 0.115343
1 0.896666 0.103334
1 0.97413 0.02587
1 0.788003 0.211997
5 0.102158 0.897842
5 0.229143 0.770857
5 3.54373e-07 1
1 0.997731 0.00226882
1 0.763295 0.236705
5 0.358401 0.641599
1 0.970378 0.0296215
1 0.991519 0.00848109
1 0.981741 0.018259
5 1.79115e-05 0.999982
5 6.37183e-07 0.999999
1 1 1.84987e-07
5 1e-07 1
1 0.956494 0.043506
1 0.986566 0.0134337
5 0.0371827 0.962817
5 0.0220238 0.977976
1 0.999981 1.9078e-05
5 0.000855502 0.999144
1 0.98872 0.0112798
1 0.65178 0.34822
5 4.04924e-05 0.99996
5 0.452333 0.547667
5 0.0864148 0.913585
1 0.590537 0.409463
5 1.80842e-05 0.999982
1 0.648558 0.351442
1 0.577355 0.422645
5 0.224103 0.775897
5 0.0827116 0.917288
1 0.999999 8.64768e-07
5 0.421645 0.578355
1 0.992557 0.00744286
5 0.411999 0.588001
1 0.961371 0.0386292
1 0.693295 0.306705
1 0.999874 0.000126176
1 0.858556 0.141444
1 0.914894 0.0851057
5 0.00058924 0.999411
1 0.745596 0.254404
1 0.599394 0.400606
5 0.000135071 0.999865
1 0.999539 0.00046134
1 0.816479 0.183521
1 0.766955 0.233045
5 5.95473e-05 0.99994
1 0.996307 0.00369273
1 0.999736 0.000263893
5 0.0629676 0.937032
1 0.757909 0.242091
5 0.0005467 0.999453
1 0.735211 0.264789
1 0.954719 0.0452815
1 0.995522 0.00447789
1 0.99308 0.00692035
1 0.986885 0.0131149
1 0.999572 0.000428103
1 0.876561 0.123439
5 4.01637e-06 0.999996
5 0.000356449 0.999644
5 0.0136344 0.986366
5 0.00584209 0.994158
5 0.330559 0.669441
1 0.995205 0.00479453
5 0.279904 0.720096
1 0.949506 0.0504939
5 6.80534e-05 0.999932
5 1e-07 1
1 0.919177 0.0808234
5 8.0985e-07 0.999999
1 0.921029 0.0789711
5 0.000197131 0.999803
5 5.53099e-05 0.999945
1 0.981621 0.0183787
5 0.254577 0.745423
1 0.870461 0.129539
5 0.100828 0.899172
5 0.284514 0.715486
1 0.669556 0.330444
5 0.0345393 0.965461
5 0.0949911 0.905009
5 0.0219343 0.978066
5 9.20469e-05 0.999908
5 0.309278 0.690722
1 0.980887 0.0191132
1 0.687243 0.312757
5 0.0156917 0.984308
1 1 3.56813e-07
1 0.991577 0.00842337
1 0.949503 0.0504966
1 0.999408 0.000592086
5 0.00126849 0.998732
1 0.990423 0.00957701
5 0.0289998 0.971
1 0.996504 0.00349595
1 0.999524 0.000476335
5 0.326006 0.673994
1 0.554958 0.445042
1 0.994136 0.00586438
1 0.895983 0.104017
5 0.0112488 0.988751
1 0.922654 0.0773457
1 0.975805 0.0241955
1 0.883589 0.116411
1 0.973828 0.026172
1 0.712153 0.287847
5 0.327577 0.672423
5 0.498629 0.501371
1 0.999679 0.000321494
5 0.0117844 0.988216
5 0.00593246 0.994068
1 0.709655 0.290345
5 0.0772126 0.922787
5 2.96584e-05 0.99997
1 0.999866 0.000133725
5 0.158268 0.841732
5 0.0725643 0.927436
5 0.0211346 0.978865
5 0.0902138 0.909786
1 0.990502 0.00949833
5 0.188838 0.811162
5 3.27603e-05 0.999967
5 1e-07 1
1 0.995526 0.00447361
5 2.97163e-05 0.99997
1 0.778104 0.221896
1 0.999995 4.75503e-06
1 0.913657 0.086343
5 0.000308377 0.999692
5 0.00574517 0.994255
1 0.792849 0.207151
5 0.0100533 0.989947
5 0.000391352 0.999609
1 0.963612 0.0363879
5 6.81212e-07 0.999999
1 0.641804 0.358196
5 0.158462 0.841538
5 0.176508 0.823492
1 0.663472 0.336528
5 0.240565 0.759435
1 0.532833 0.467167
5 0.00024713 0.999753
1 0.939807 0.0601929
1 0.999986 1.41203e-05
5 0.292946 0.707054
1 0.997447 0.00255256
1 0.98703 0.0129703
1 0.966009 0.0339907
5 0.000974102 0.999026
5 7.23191e-05 0.999928
5 0.00484593 0.995154
5 5.64289e-05 0.999944
1 0.561528 0.438472
5 2.29287e-05 0.999977
5 0.0222539 0.977746
1 0.808299 0.191701
1 0.999964 3.64443e-05
5 1e-07 1
1 0.999631 0.000369063
1 0.990849 0.00915108
5 1.41298e-05 0.999986
1 0.963748 0.0362521
1 0.720314 0.279686
5 0.0118234 0.988177
1 0.981422 0.0185782
1 0.999672 0.000327778
1 0.988402 0.0115977
1 0.90873 0.0912702
1 0.996063 0.00393657
1 0.963181 0.036819
1 0.536144 0.463856
5 5.59261e-05 0.999944
1 0.984128 0.0158725
1 0.970943 0.0290566
1 0.947305 0.0526953
1 0.983965 0.0160348
1 0.988691 0.0113094
1 0.99134 0.00865982
1 0.999833 0.000166555
5 0.156248 0.843752
5 1.602e-07 1
5 1.81195e-06 0.999998
1 0.648736 0.351264
1 0.757732 0.242268
1 0.977056 0.0229445
5 0.0563968 0.943603
5 0.0926587 0.907341
1 0.546811 0.453189
1 0.997176 0.00282442
5 0.297984 0.702016
1 0.999122 0.000877628
1 0.999829 0.000170846
1 0.999332 0.000667919
1 0.997119 0.00288079
5 4.84602e-07 1
5 1e-07 1
1 0.999925 7.50267e-05
1 0.996569 0.00343079
1 0.983641 0.0163594
1 0.979841 0.0201594
1 0.826577 0.173423
5 0.362996 0.637004
1 0.984663 0.0153374
1 0.823369 0.176631
1 0.99381 0.00619042
1 0.712776 0.287224
5 0.000903898 0.999096
5 1.28304e-05 0.999987
1 0.556601 0.443399
5 6.87215e-05 0.999931
5 0.274817 0.725183
1 0.63486 0.36514
5 5.60087e-06 0.999994
5 6.70681e-05 0.999933
5 0.11635 0.88365
5 0.288514 0.711486
1 0.930023 0.0699771
5 1e-07 1
5 1e-07 1
5 8.66329e-05 0.999913
5 0.106224 0.893776
5 2.40687e-07 1
5 0.305413 0.694587
5 0.00128023 0.99872
5 0.0422919 0.957708
1 0.5535 0.4465
1 0.522284 0.477716
5 0.244429 0.755571
1 0.830427 0.169573
1 0.601174 0.398826
1 0.871878 0.128122
5 0.00617183 0.993828
5 0.000268908 0.999731
5 1.05058e-06 0.999999
5 1.49585e-06 0.999999
5 0.359929 0.640071
1 0.671727 0.328273
5 0.0063788 0.993621
1 0.927328 0.0726716
5 0.00021043 0.99979
1 0.781403 0.218597
5 0.00314743 0.996853
5 0.000101316 0.999899
1 0.897654 0.102346
1 0.93315 0.0668503
5 4.6867e-07 1
1 0.999811 0.000189451
5 0.160568 0.839432
1 0.99121 0.00878997
5 4.13509e-06 0.999996
1 0.998981 0.00101949
1 0.724904 0.275096
5 0.00174192 0.998258
1 0.974 0.0259998
5 2.63482e-05 0.999974
1 0.999644 0.000355954
5 0.00147377 0.998526
5 0.000319712 0.99968
5 3.25568e-07 1
5 0.391135 0.608865
5 0.000299442 0.999701
5 0.0214675 0.978533
1 0.984124 0.0158762
1 0.997937 0.00206292
1 0.969643 0.0303567
1 0.928655 0.0713447
5 0.137587 0.862413
1 0.568279 0.431721
5 8.17785e-05 0.999918
1 0.999936 6.35774e-05
1 0.69364 0.30636
5 4.31422e-05 0.999957
5 0.16158 0.83842
5 4.29436e-05 0.999957
1 0.938984 0.061016
1 0.992194 0.00780623
1 0.746318 0.253682
5 0.00799708 0.992003
1 0.774811 0.225189
1 0.704424 0.295576
1 0.819997 0.180003
1 0.990519 0.00948084
1 0.974874 0.0251263
5 5.61403e-06 0.999994
5 0.0327135 0.967287
5 0.000202312 0.999798
5 0.00551484 0.994485
5 0.493812 0.506188
5 0.000225615 0.999774
5 0.000134132 0.999866
1 0.713293 0.286707
1 0.995461 0.00453907
5 1.36353e-05 0.999986
1 0.986396 0.0136039
5 0.0197764 0.980224
1 0.982393 0.0176066
1 0.942136 0.0578637
5 0.303302 0.696698
5 0.00430932 0.995691
5 0.40421 0.59579
1 0.719139 0.280861
1 0.988976 0.011024
5 0.499795 0.500205
5 0.213215 0.786785
5 0.493985 0.506015
1 0.651601 0.348399
5 0.0423483 0.957652
1 0.832568 0.167432
5 0.134492 0.865508
5 0.00030871 0.999691
5 1.8748e-07 1
1 0.954093 0.0459065
5 0.491037 0.508963
1 0.999865 0.000134652
5 8.40402e-07 0.999999
1 0.999996 4.17772e-06
5 0.000207232 0.999793
5 0.133705 0.866295
1 0.957613 0.0423869
1 0.918212 0.0817879
5 0.143371 0.856629
5 0.013125 0.986875
5 0.154637 0.845363
5 1.44747e-05 0.999986
5 0.410907 0.589093
1 0.996669 0.00333147
1 0.991014 0.00898568
5 1.00783e-06 0.999999
1 0.576457 0.423543
1 0.952108 0.0478918
1 0.891939 0.108061
1 0.958101 0.0418987
1 0.525172 0.474828
5 0.0656801 0.93432
5 0.472998 0.527002
5 0.020041 0.979959
5 1.73266e-07 1
5 4.55156e-07 1
5 4.8426e-05 0.999952
5 8.0531e-05 0.999919
5 1e-07 1
5 0.0871873 0.912813
5 0.0141106 0.985889
5 0.00715147 0.992849
1 0.999576 0.000423572
1 0.571249 0.428751
5 0.163804 0.836196
1 0.992676 0.00732358
5 0.00380889 0.996191
1 0.984802 0.0151984
1 0.996743 0.00325684
5 3.19018e-05 0.999968
5 0.00232401 0.997676
1 0.561535 0.438465
1 0.995697 0.0043028
1 0.962735 0.0372653
5 9.10264e-07 0.999999
5 0.0490477 0.950952
1 0.677028 0.322972
1 0.95044 0.0495603
1 0.998214 0.00178576
5 0.3064 0.6936
1 0.592281 0.407719
5 0.266474 0.733526
1 0.847831 0.152169
1 0.999992 7.61706e-06
5 0.00027685 0.999723
5 0.0128848 0.987115
1 0.999835 0.000165072
1 0.603937 0.396063
5 2.89032e-05 0.999971
1 0.540524 0.459476
1 0.995012 0.00498781
5 0.0433691 0.956631
1 0.802352 0.197648
1 0.988018 0.0119825
1 0.793384 0.206616
1 0.636784 0.363216
5 1.03724e-05 0.99999
1 0.942282 0.0577178
5 7.31217e-05 0.999927
5 1e-07 1
1 0.999998 1.6033e-06
1 0.949258 0.0507419
5 0.000880708 0.999119
5 0.312204 0.687796
5 0.187102 0.812898
1 0.515166 0.484834
1 0.931905 0.0680945
5 0.0148947 0.985105
1 0.994242 0.00575797
1 0.999482 0.000518198
1 0.975986 0.0240138
5 0.000125587 0.999874
1 0.78671 0.21329
5 0.161205 0.838795
1 0.955469 0.0445309
1 0.978227 0.0217735
5 0.31942 0.68058
1 0.990389 0.00961084
1 0.913419 0.0865814
1 0.998767 0.00123271
1 0.853556 0.146444
1 0.999378 0.000622455
1 0.839714 0.160286
1 0.82749 0.17251
1 0.933241 0.066759
1 0.852675 0.147325
5 7.34828e-05 0.999927
5 0.339671 0.660329
5 8.75438e-06 0.999991
1 0.990371 0.00962914
1 0.894912 0.105088
1 0.677847 0.322153
5 2.96929e-07 1
1 0.510403 0.489597
1 0.953332 0.0466679
1 0.99999 1.03253e-05
1 0.999451 0.000549383
1 0.870522 0.129478
5 0.226488 0.773512
1 0.741521 0.258479
5 0.235118 0.764882
5 6.03764e-06 0.999994
5 0.03143 0.96857
1 0.670561 0.329439
5 0.0642967 0.935703
5 0.000588197 0.999412
5 2.06832e-06 0.999998
5 0.016388 0.983612
5 1e-07 1
5 1.66057e-07 1
1 0.847306 0.152694
1 0.628733 0.371267
5 0.0481488 0.951851
1 0.999999 6.0273e-07
1 0.999854 0.000145781
1 0.999943 5.65642e-05
1 0.979023 0.0209767
1 0.935626 0.0643739
1 0.992043 0.00795658
1 0.643912 0.356088
5 0.345351 0.654649
5 0.137398 0.862602
5 2.55314e-06 0.999997
5 0.468955 0.531045
5 0.452182 0.547818
5 0.362413 0.637587
1 0.888784 0.111216
1 0.98949 0.0105102
1 0.928354 0.0716457
1 0.999893 0.00010679
1 0.989395 0.0106049
1 0.99831 0.0016901
1 0.716834 0.283166
5 0.0208124 0.979188
5 4.73976e-05 0.999953
1 1 1e-07
1 0.994689 0.00531074
5 0.000522961 0.999477
5 0.312621 0.687379
1 0.961229 0.0387706
5 0.0930525 0.906948
1 0.953186 0.0468137
1 0.887854 0.112146
1 0.986224 0.0137758
1 0.994146 0.00585369
5 0.215196 0.784804
5 4.80715e-05 0.999952
1 0.986459 0.0135405
1 0.999998 1.87788e-06
1 0.672044 0.327956
1 0.785168 0.214832
5 1.60715e-07 1
5 0.0957694 0.904231
5 0.000472921 0.999527
5 2.60528e-05 0.999974
1 0.999999 1.26963e-06
1 0.995746 0.00425372
1 0.998311 0.00168878
1 0.834485 0.165515
5 0.34182 0.65818
1 0.99651 0.00349002
5 0.211499 0.788501
5 1.98421e-07 1
1 0.993436 0.00656391
5 0.0115587 0.988441
5 0.115429 0.884571
5 1e-07 1
5 0.118008 0.881992
1 0.998436 0.00156365
1 0.506319 0.493681
5 0.0430641 0.956936
5 0.342376 0.657624
1 0.987155 0.0128448
1 0.995701 0.00429884
1 0.994639 0.00536136
1 0.717221 0.282779
5 0.196086 0.803914
5 0.0791847 0.920815
1 0.77087 0.22913
5 0.0139159 0.986084
5 0.0343341 0.965666
5 0.000192342 0.999808
1 0.977837 0.0221632
1 0.985479 0.0145214
5 5.02255e-05 0.99995
5 0.429322 0.570678
1 0.985195 0.0148049
1 0.997184 0.00281628
1 0.840969 0.159031
5 6.54158e-06 0.999993
5 0.00418389 0.995816
5 1e-07 1
5 1e-07 1
5 0.00303638 0.996964
5 1.29691e-06 0.999999
1 0.857482 0.142518
5 0.23551 0.76449
1 0.97877 0.02123
5 0.000814796 0.999185
1 0.945454 0.054546
1 0.995323 0.00467711
1 0.97043 0.0295698
1 0.783999 0.216001
1 0.991949 0.00805068
5 0.00190146 0.998099
1 0.956793 0.0432073
1 0.999681 0.000318655
5 0.348481 0.651519
5 0.438704 0.561296
1 0.998005 0.00199516
5 0.0201512 0.979849
5 0.000713053 0.999287
1 0.912131 0.0878693
5 0.00204228 0.997958
1 0.999005 0.000995361
5 0.326221 0.673779
1 0.8844 0.1156
5 0.3731 0.6269
1 0.981048 0.018952
1 0.96461 0.0353899
1 0.712316 0.287684
5 0.00118375 0.998816
1 0.960473 0.039527
1 0.999898 0.000102048
5 0.0134508 0.986549
1 0.972035 0.0279649
5 0.00424608 0.995754
5 5.90839e-05 0.999941
5 1e-07 1
1 0.99995 5.03654e-05
1 0.517141 0.482859
1 0.577061 0.422939
1 0.898021 0.101979
1 0.998926 0.00107439
1 0.930249 0.069751
1 0.999623 0.000377068
1 0.999926 7.43244e-05
5 0.463595 0.536405
5 4.70754e-07 1
5 0.0193481 0.980652
1 0.881272 0.118728
5 0.00646432 0.993536
1 0.921063 0.0789374
5 0.000223481 0.999777
1 0.991182 0.00881829
5 0.149667 0.850333
1 0.993807 0.00619251
1 0.860773 0.139227
5 2.17999e-05 0.999978
1 0.99367 0.00632998
1 0.976981 0.0230195
1 0.992182 0.00781803
5 2.87803e-06 0.999997
1 0.532057 0.467943
1 0.64595 0.35405
5 0.302731 0.697269
5 0.000119326 0.999881
1 0.675916 0.324084
5 0.000527418 0.999473
5 0.000776156 0.999224
5 0.000369813 0.99963
5 0.000793885 0.999206
5 0.0276536 0.972346
1 0.999726 0.000273842
1 0.999837 0.000162681
5 0.307961 0.692039
1 0.999932 6.82081e-05
5 1.16301e-05 0.999988
5 4.7812e-05 0.999952
5 0.000112173 0.999888
5 1e-07 1
1 0.995675 0.00432527
1 0.957628 0.0423723
1 0.633201 0.366799
5 0.000485052 0.999515
5 0.388265 0.611735
1 0.976403 0.023597
5 8.43768e-05 0.999916
1 0.919802 0.0801983
1 0.975023 0.0249767
5 0.000977283 0.999023
5 0.103204 0.896796
5 0.00542678 0.994573
1 0.975526 0.0244735
1 0.934241 0.065759
1 0.989445 0.0105548
5 0.0108636 0.989136
1 0.556985 0.443015
1 0.669775 0.330225
5 1.785e-07 1
5 5.85385e-07 0.999999
1 0.794034 0.205966
1 0.997793 0.00220669
1 0.500871 0.499129
5 2.03661e-05 0.99998
5 0.000358387 0.999642
1 0.995717 0.00428304
5 0.2157 0.7843
1 0.999893 0.000107385
5 0.000127601 0.999872
1 0.948935 0.0510647
1 0.974711 0.0252893
5 2.52171e-05 0.999975
5 2.26287e-05 0.999977
1 0.999321 0.000679448
5 1e-07 1
5 0.379379 0.620621
1 0.815489 0.184511
5 0.451494 0.548506
1 0.777432 0.222568
5 0.447694 0.552306
1 0.981662 0.0183384
1 0.999992 8.25183e-06
1 0.53676 0.46324
5 2.16601e-05 0.999978
1 0.560886 0.439114
1 0.995383 0.00461651
5 0.362882 0.637118
1 0.973585 0.0264154
5 0.0027804 0.99722
5 0.0465632 0.953437
1 0.504218 0.495782
5 0.131703 0.868297
1 0.998309 0.00169079
1 0.978364 0.0216359
5 0.311708 0.688292
1 0.999544 0.000456464
1 0.987758 0.012242
1 0.853144 0.146856
1 0.979299 0.0207012
5 0.0611914 0.938809
5 0.0797319 0.920268
1 0.98002 0.0199803
1 0.999885 0.000114798
1 0.920941 0.0790592
1 0.999814 0.000186479
1 0.86378 0.13622
1 0.992257 0.00774348
1 0.838196 0.161804
1 0.77672 0.22328
5 0.0195336 0.980466
1 0.999903 9.73526e-05
1 0.99998 1.97609e-05
5 3.53821e-06 0.999996
1 0.985402 0.0145976
5 0.167068 0.832932
5 0.382857 0.617143
1 0.655992 0.344008
1 0.917334 0.0826662
5 0.131248 0.868752
5 0.342157 0.657843
1 0.753925 0.246075
5 9.59787e-06 0.99999
5 0.00841189 0.991588
5 0.0120567 0.987943
5 0.395466 0.604534
5 0.0155207 0.984479
5 0.00256131 0.997439
1 0.999996 3.85477e-06
5 0.0309734 0.969027
5 0.279002 0.720998
1 0.814201 0.185799
5 0.0468683 0.953132
1 0.786879 0.213121
1 0.980913 0.0190868
5 1.77237e-05 0.999982
5 0.0931991 0.906801
1 0.999784 0.000216199
5 0.00888731 0.991113
1 0.999182 0.000818302
5 0.182999 0.817001
5 0.000306949 0.999693
1 0.999929 7.12838e-05
1 0.994084 0.00591568
1 0.803985 0.196015
1 0.999984 1.59924e-05
1 0.659287 0.340713
5 0.0124928 0.987507
1 0.841195 0.158805
1 0.999614 0.000386024
5 0.355904 0.644096
5 7.00421e-06 0.999993
5 0.158566 0.841434
1 0.973962 0.0260377
5 0.00830737 0.991693
1 0.991475 0.00852479
5 0.00133187 0.998668
5 0.0028276 0.997172
5 0.0113326 0.988667
5 0.0126541 0.987346
5 0.00153923 0.998461
1 0.985483 0.0145166
5 0.383644 0.616356
5 7.55738e-05 0.999924
1 0.692921 0.307079
5 0.113206 0.886794
5 0.0011192 0.998881
1 0.999506 0.000493858
5 0.0481747 0.951825
5 0.392123 0.607877
1 0.999917 8.33779e-05
1 0.857697 0.142303
1 0.997632 0.00236761
1 0.882721 0.117279
1 0.99805 0.00195013
5 3.75979e-06 0.999996
1 0.980746 0.0192536
5 0.0169264 0.983074
5 0.000795774 0.999204
1 0.97223 0.0277698
1 0.78469 0.21531
5 0.00205176 0.997948
5 0.000109952 0.99989
5 0.40176 0.59824
5 1.18109e-05 0.999988
5 0.464805 0.535195
5 0.00017134 0.999829
1 0.991097 0.00890299
5 0.000779603 0.99922
5 0.290253 0.709747
5 0.00825922 0.991741
5 1e-07 1
5 0.383623 0.616377
5 0.00976873 0.990231
1 0.529909 0.470091
1 0.97784 0.0221597
5 0.288591 0.711409
5 0.00100835 0.998992
1 0.996797 0.00320324
1 0.999999 7.63611e-07
1 0.821004 0.178996
1 0.999928 7.16804e-05
1 0.990372 0.00962803
1 0.99079 0.00921046
5 0.000620379 0.99938
5 2.20177e-05 0.999978
1 0.542849 0.457151
1 0.985774 0.0142261
1 0.911064 0.0889359
1 0.94007 0.0599299
5 0.342063 0.657937
1 0.999907 9.25258e-05
5 0.072635 0.927365
5 0.376822 0.623178
1 0.724909 0.275091
5 0.00169837 0.998302
1 0.999743 0.000256518
5 0.0473308 0.952669
5 0.135167 0.864833
1 0.999845 0.000155442
5 0.0280192 0.971981
1 0.889279 0.110721
5 0.000586466 0.999414
5 0.000191531 0.999808
5 0.282224 0.717776
1 0.891663 0.108337
1 0.774013 0.225987
1 0.999924 7.55391e-05
5 0.203055 0.796945
5 0.00012852 0.999871
1 0.686023 0.313977
1 0.99195 0.00805039
5 0.0755482 0.924452
1 0.993918 0.00608228
1 0.59878 0.40122
5 0.14625 0.85375
5 0.229758 0.770242
5 0.121214 0.878786
5 0.00231287 0.997687
1 0.995017 0.00498314
5 2.13923e-05 0.999979
5 2.46953e-07 1
1 0.99605 0.00395015
1 0.911387 0.0886131
1 0.924144 0.0758558
1 0.991828 0.00817198
1 0.999675 0.000324948
1 0.999953 4.70597e-05
1 0.633334 0.366666
1 0.716531 0.283469
5 0.29744 0.70256
5 0.364147 0.635853
5 0.00907836 0.990922
5 0.00964003 0.99036
1 0.999234 0.000766285
1 0.996431 0.00356911
1 0.54144 0.45856
1 0.999803 0.000197111
1 0.999991 9.07411e-06
1 0.884529 0.115471
1 0.629164 0.370836
5 0.000473781 0.999526
1 0.978592 0.0214082
5 1.65332e-05 0.999983
1 0.992826 0.00717358
1 0.761032 0.238968
1 0.999122 0.000877839
5 0.272874 0.727126
5 0.0598517 0.940148
5 0.163829 0.836171
1 0.818138 0.181862
5 0.0192859 0.980714
1 0.901453 0.098547
5 0.0220506 0.977949
1 0.976513 0.023487
5 0.000305287 0.999695
5 0.0438754 0.956125
1 0.979599 0.0204009
1 0.946283 0.0537174
5 0.000190721 0.999809
1 0.972603 0.0273975
1 0.994467 0.00553336
5 0.000190349 0.99981
5 0.0810945 0.918906
5 4.36373e-05 0.999956
5 0.0417111 0.958289
5 0.406388 0.593612
1 0.812887 0.187113
5 0.114323 0.885677
1 0.656101 0.343899
1 0.993388 0.00661182
1 0.528159 0.471841
5 2.79689e-06 0.999997
1 0.981855 0.0181451
1 0.996713 0.00328749
5 0.0900483 0.909952
1 1 2.43483e-07
5 0.000292488 0.999708
5 0.000107597 0.999892
1 0.999957 4.33705e-05
1 0.651806 0.348194
1 0.567269 0.432731
5 0.0164538 0.983546
5 0.00428111 0.995719
1 0.976418 0.0235823
1 0.953232 0.0467682
1 0.535249 0.464751
1 0.803058 0.196942
1 0.953426 0.0465738
1 0.834237 0.165763
1 0.668058 0.331942
5 0.173276 0.826724
5 0.124824 0.875176
1 0.987378 0.0126224
1 0.997624 0.00237599
5 0.171958 0.828042
5 1.51929e-05 0.999985
5 2.51354e-05 0.999975
1 0.700653 0.299347
5 1e-07 1
5 0.290228 0.709772
1 0.816111 0.183889
1 0.992971 0.00702927
1 0.994823 0.00517667
5 0.0959072 0.904093
5 0.000527148 0.999473
1 0.986193 0.0138069
5 0.035565 0.964435
5 1.45176e-06 0.999999
1 0.999952 4.80742e-05
5 1.3901e-06 0.999999
5 0.0870209 0.912979
1 0.758617 0.241383
5 0.0101616 0.989838
5 0.000835462 0.999165
5 2.32826e-06 0.999998
5 0.000186145 0.999814
5 0.000166789 0.999833
5 0.0108624 0.989138
5 0.409486 0.590514
5 0.161594 0.838406
1 0.99425 0.00575019
5 4.31641e-05 0.999957
1 0.972672 0.0273283
1 0.99989 0.000109641
5 0.0159319 0.984068
1 0.99559 0.00441028
5 0.33674 0.66326
5 0.0162137 0.983786
1 0.985275 0.0147252
5 0.373912 0.626088
5 1e-07 1
5 0.334036 0.665964
1 0.883778 0.116222
1 0.990747 0.00925302
1 0.97571 0.0242895
5 2.41693e-05 0.999976
5 0.000507854 0.999492
5 1.99845e-05 0.99998
1 0.520458 0.479542
5 4.33316e-05 0.999957
1 0.96116 0.0388402
5 0.0226283 0.977372
1 0.999996 3.96678e-06
5 1e-07 1
5 0.0977397 0.90226
5 0.0189586 0.981041
5 0.000998101 0.999002
1 0.999012 0.000988322
1 0.994901 0.00509863
1 0.999921 7.87347e-05
1 0.9948 0.00520035
5 0.43577 0.56423
1 0.994959 0.00504096
1 0.993536 0.00646416
5 0.157539 0.842461
1 0.999964 3.64229e-05
5 8.27877e-06 0.999992
1 0.604753 0.395247
1 0.985382 0.0146183
5 0.488245 0.511755
1 0.926362 0.0736375
1 0.990416 0.00958426
1 0.973479 0.0265209
1 0.585788 0.414212
1 0.999932 6.7836e-05
1 0.999848 0.000152195
1 0.999962 3.79014e-05
5 0.465938 0.534062
1 0.999975 2.52637e-05
5 0.00357558 0.996424
5 0.00154778 0.998452
1 0.985274 0.0147256
5 2.80392e-06 0.999997
1 0.999784 0.000216375
5 0.31528 0.68472
1 0.968579 0.0314211
5 0.125148 0.874852
5 1e-07 1
1 0.996916 0.00308441
1 0.920085 0.079915
1 0.999987 1.29319e-05
1 0.970017 0.029983
1 0.982424 0.0175763
5 1.29608e-06 0.999999
5 0.0116811 0.988319
1 0.983769 0.0162312
5 1.98477e-05 0.99998
1 0.999998 1.89024e-06
1 0.99841 0.00158964
1 0.924792 0.0752083
1 0.514572 0.485428
1 0.99998 1.97376e-05
1 0.999152 0.000847631
5 0.12616 0.87384
1 0.611696 0.388304
1 0.708301 0.291699
5 0.00424048 0.99576
5 3.77308e-05 0.999962
1 0.999177 0.000822887
5 0.033001 0.966999
1 1 4.07929e-07
1 0.995599 0.00440054
5 0.00472889 0.995271
5 1e-07 1
5 0.0057213 0.994279
1 0.624794 0.375206
5 0.222469 0.777531
1 0.650842 0.349158
1 0.999391 0.000608845
1 0.813484 0.186516
5 0.00149455 0.998505
1 0.890167 0.109833
5 5.40016e-07 0.999999
5 0.0151089 0.984891
1 0.907068 0.0929318
1 0.966815 0.0331849
1 0.981092 0.0189077
5 0.0610784 0.938922
5 0.345392 0.654608
5 2.12456e-06 0.999998
5 0.00513927 0.994861
1 0.582407 0.417593
5 1e-07 1
1 0.999331 0.00066901
1 0.654601 0.345399
5 1.14415e-07 1
1 0.609975 0.390025
1 0.649271 0.350729
1 0.977133 0.0228672
5 0.000216588 0.999783
5 0.352634 0.647366
5 0.0276622 0.972338
1 0.767203 0.232797
5 0.0382276 0.961772
5 1.69091e-05 0.999983
1 0.999956 4.38175e-05
1 0.98549 0.0145102
5 0.0729267 0.927073
1 0.979366 0.0206343
5 0.0171364 0.982864
5 0.31915 0.68085
1 0.968406 0.0315937
1 0.975654 0.0243457
5 0.000233791 0.999766
5 0.208883 0.791117
5 0.0149353 0.985065
5 0.0399088 0.960091
1 0.994872 0.00512822
1 0.756557 0.243443
5 0.146838 0.853162
5 0.0110537 0.988946
1 0.877667 0.122333
5 0.00466797 0.995332
5 3.58233e-06 0.999996
5 2.0353e-06 0.999998
1 0.991486 0.00851444
1 0.982498 0.0175019
1 0.994198 0.0058025
1 0.960966 0.0390339
5 0.00021787 0.999782
5 5.32223e-05 0.999947
1 0.999872 0.000127627
5 0.000139889 0.99986
1 0.999998 1.61722e-06
5 0.167745 0.832255
5 0.163813 0.836187
1 0.816866 0.183134
5 0.363452 0.636548
5 0.000131803 0.999868
5 0.274701 0.725299
1 0.544961 0.455039
5 0.123304 0.876696
1 0.971401 0.0285994
5 0.00569744 0.994303
1 0.999321 0.000679396
5 0.383808 0.616192
5 0.298406 0.701594
5 0.000132441 0.999868
5 0.0241991 0.975801
5 0.437602 0.562398
5 0.300182 0.699818
5 0.000102136 0.999898
1 0.906392 0.0936082
1 0.996863 0.00313719
1 0.979017 0.0209834
1 0.817967 0.182033
5 6.10248e-06 0.999994
5 0.0143418 0.985658
5 0.00493882 0.995061
1 0.650389 0.349611
1 0.999666 0.000334385
5 0.082316 0.917684
5 0.405585 0.594415
1 0.997666 0.00233435
1 0.989077 0.0109233
1 0.594158 0.405842
5 0.00117219 0.998828
5 0.0131427 0.986857
5 0.00127043 0.99873
1 0.988308 0.0116924
1 0.999656 0.000344154
1 0.544438 0.455562
5 2.22867e-06 0.999998
5 0.211323 0.788677
5 0.0635189 0.936481
5 0.0518164 0.948184
5 0.00999 0.99001
1 0.999999 5.33503e-07
5 0.469341 0.530659
1 0.95748 0.0425201
1 0.679066 0.320934
1 0.882108 0.117892
1 0.995916 0.00408367
5 0.288335 0.711665
1 0.690691 0.309309
1 0.984621 0.0153794
5 0.0261888 0.973811
5 0.00238471 0.997615
5 7.77078e-05 0.999922
5 1e-07 1
5 0.03531 0.96469
5 0.292018 0.707982
1 0.996935 0.00306484
1 0.98934 0.0106604
1 0.962165 0.0378346
1 0.944948 0.0550524
1 0.945879 0.0541206
5 0.0999671 0.900033
1 0.949996 0.050004
1 0.981998 0.0180017
5 0.434687 0.565313
1 0.685169 0.314831
1 0.999941 5.94727e-05
5 1.09572e-06 0.999999
5 0.0718909 0.928109
1 0.998627 0.00137344
5 3.72642e-07 1
1 0.903544 0.0964558
1 0.976984 0.0230164
5 0.0282551 0.971745
5 0.00165789 0.998342
5 2.7637e-05 0.999972
1 0.992494 0.00750581
5 0.0105159 0.989484
1 0.743523 0.256477
1 0.816838 0.183162
5 5.0905e-07 0.999999
1 0.897223 0.102777
1 0.993892 0.00610829
5 0.391569 0.608431
1 0.999996 3.95663e-06
5 0.29016 0.70984
1 0.867126 0.132874
1 0.637794 0.362206
1 0.999938 6.23663e-05
1 0.993546 0.00645426
1 0.984034 0.0159664
5 0.0300964 0.969904
5 0.0438073 0.956193
5 0.0121275 0.987872
5 0.020235 0.979765
5 6.10557e-06 0.999994
1 0.857589 0.142411
5 0.228106 0.771894
5 0.000866916 0.999133
1 0.943908 0.0560921
5 0.000495607 0.999504
1 0.990172 0.00982798
5 0.000734604 0.999265
1 0.585903 0.414097
1 0.584558 0.415442
5 0.00796114 0.992039
1 0.960517 0.0394828
1 0.99998 1.99035e-05
1 0.982338 0.0176615
5 7.90523e-07 0.999999
5 6.82708e-05 0.999932
5 9.64102e-05 0.999904
1 0.936536 0.0634641
5 0.00224285 0.997757
1 0.958545 0.0414546
5 0.430548 0.569452
1 0.998492 0.00150822
1 0.962357 0.0376435
1 0.952216 0.0477838
1 0.978821 0.0211788
1 0.552494 0.447506
1 0.995849 0.00415143
1 0.985888 0.0141119
1 0.999959 4.08826e-05
5 0.0402501 0.95975
5 2.8186e-05 0.999972
5 0.270462 0.729538
5 2.34137e-06 0.999998
1 0.913485 0.0865148
5 3.01996e-07 1
5 0.0466553 0.953345
1 0.911903 0.0880968
5 6.72865e-07 0.999999
5 6.89742e-05 0.999931
5 0.215304 0.784696
1 0.896997 0.103003
1 0.99992 7.98589e-05
5 2.31073e-05 0.999977
1 0.999932 6.83904e-05
5 0.0507981 0.949202
1 0.679243 0.320757
1 0.999926 7.42596e-05
1 0.714665 0.285335
1 0.810566 0.189434
1 0.992937 0.0070633
5 0.000225466 0.999775
1 0.999999 1.15979e-06
1 0.932517 0.0674825
1 0.977541 0.0224591
1 0.980163 0.019837
5 0.464381 0.535619
5 3.32471e-06 0.999997
5 0.0221923 0.977808
5 3.34494e-07 1
1 0.800508 0.199492
1 0.974758 0.0252416
5 0.0109918 0.989008
5 0.00157313 0.998427
5 0.327518 0.672482
5 0.023218 0.976782
1 0.977896 0.0221038
5 5.82185e-07 0.999999
1 0.90407 0.0959304
5 0.116161 0.883839
5 1e-07 1
5 2.94791e-05 0.999971
1 0.602218 0.397782
1 0.996692 0.00330821
1 1 2.65146e-07
5 0.00811181 0.991888
1 0.804635 0.195365
5 2.43548e-06 0.999998
1 0.999595 0.000405041
5 0.26522 0.73478
5 0.264161 0.735839
1 0.999575 0.00042456
1 0.999499 0.000501488
1 0.99979 0.000209734
5 0.000101582 0.999898
1 0.979932 0.0200678
5 0.208531 0.791469
5 0.162343 0.837657
1 0.998735 0.00126511
1 0.891944 0.108056
5 1.01368e-07 1
1 0.758685 0.241315
5 0.00416621 0.995834
1 0.994128 0.00587223
5 0.0013105 0.998689
1 0.947629 0.0523713
5 1.17263e-06 0.999999
1 0.868317 0.131683
1 0.953017 0.0469835
1 0.952668 0.0473318
1 0.979813 0.0201873
5 0.000148237 0.999852
1 0.539758 0.460242
5 0.117166 0.882834
5 0.0353098 0.96469
5 0.0215014 0.978499
5 0.00249163 0.997508
5 0.000259156 0.999741
1 0.848397 0.151603
5 0.358052 0.641948
1 0.944933 0.0550668
1 0.90455 0.09545
5 0.0323429 0.967657
1 0.999406 0.000594268
5 0.162774 0.837226
5 4.4013e-05 0.999956
5 9.01544e-05 0.99991
5 2.10943e-05 0.999979
5 0.479826 0.520174
1 0.999036 0.000963978
5 0.0441306 0.955869
5 0.358893 0.641107
5 0.000955638 0.999044
1 0.939473 0.0605267
5 0.000432198 0.999568
1 0.68131 0.31869
1 0.998996 0.00100419
1 0.804147 0.195853
1 0.775294 0.224706
1 0.891053 0.108947
5 0.0530972 0.946903
1 0.993703 0.00629723
1 0.998874 0.00112621
5 1e-07 1
5 2.26619e-06 0.999998
1 0.879403 0.120597
5 0.0174593 0.982541
5 0.000630535 0.999369
5 0.00176523 0.998235
1 0.697674 0.302326
1 0.573241 0.426759
5 0.306169 0.693831
1 0.970858 0.0291418
5 1e-07 1
5 3.32549e-07 1
1 0.734356 0.265644
1 0.980246 0.0197537
1 0.901485 0.0985153
1 0.897815 0.102185
5 0.283928 0.716072
5 0.132761 0.867239
5 0.00182232 0.998178
5 0.202439 0.797561
5 0.000425305 0.999575
5 7.47613e-05 0.999925
1 0.926431 0.0735689
5 0.00257562 0.997424
5 0.00145972 0.99854
1 0.951461 0.0485393
1 0.93596 0.0640396
1 0.514207 0.485793
5 0.00824453 0.991755
1 0.581855 0.418145
5 0.0751786 0.924821
5 1.95541e-07 1
1 0.952161 0.047839
5 3.11166e-07 1
1 0.900904 0.0990961
1 0.947961 0.052039
5 5.66272e-05 0.999943
5 0.0923475 0.907653
1 0.996003 0.00399654
5 2.26911e-05 0.999977
5 0.0163532 0.983647
1 0.999356 0.000644059
1 0.999884 0.000115571
1 0.966643 0.0333569
5 0.480837 0.519163
5 2.7829e-07 1
1 0.9947 0.00530003
5 0.422 0.578
5 0.00269868 0.997301
5 0.000434823 0.999565
5 0.000236181 0.999764
1 0.576187 0.423813
5 2.61393e-05 0.999974
5 0.225128 0.774872
5 0.478033 0.521967
5 8.91981e-05 0.999911
5 0.41063 0.58937
5 0.208824 0.791176
1 0.981662 0.0183376
1 0.859368 0.140632
1 0.98049 0.0195101
1 0.99981 0.000190428
1 0.999761 0.000239123
1 0.959301 0.040699
5 0.00220453 0.997795
5 0.148525 0.851475
5 0.106708 0.893292
1 0.944643 0.0553574
5 0.354698 0.645302
5 0.142609 0.857391
1 0.979471 0.0205294
5 0.163629 0.836371
5 0.480042 0.519958
1 0.941441 0.0585593
5 0.000260454 0.99974
1 0.972707 0.0272927
5 0.0634838 0.936516
5 0.0738573 0.926143
1 0.822362 0.177638
5 0.00254658 0.997453
1 0.988449 0.0115508
1 0.999862 0.000138278
5 1.1417e-06 0.999999
5 5.38208e-05 0.999946
1 0.927187 0.0728134
1 0.99956 0.000440195
5 3.09724e-05 0.999969
5 0.0293907 0.970609
5 0.415284 0.584716
1 0.981331 0.0186692
5 1e-07 1
1 0.999395 0.000605003
1 0.894183 0.105817
5 0.000103449 0.999897
1 0.574569 0.425431
1 0.931877 0.0681229
1 0.997362 0.00263804
1 0.999495 0.000505429
5 0.000982827 0.999017
1 0.999016 0.00098414
5 0.230246 0.769754
1 0.999963 3.69971e-05
1 0.975813 0.024187
1 0.649347 0.350653
5 5.7e-05 0.999943
1 0.916762 0.0832382
5 1e-07 1
5 0.000545803 0.999454
1 0.947613 0.0523875
1 0.893918 0.106082
5 0.0285146 0.971485
1 0.880253 0.119747
5 0.407206 0.592794
1 0.999888 0.00011177
5 0.0134931 0.986507
1 0.971552 0.0284484
1 0.676573 0.323427
1 0.999263 0.000736903
5 0.00315489 0.996845
5 0.0012676 0.998732
1 0.727321 0.272679
1 0.726707 0.273293
5 4.30053e-05 0.999957
5 0.000128651 0.999871
5 0.0025484 0.997452
1 0.999955 4.51348e-05
1 0.992371 0.0076293
1 0.970708 0.0292924
5 6.74534e-06 0.999993
1 0.991436 0.00856394
1 0.93624 0.0637597
1 0.732013 0.267987
1 0.826852 0.173148
5 0.0455813 0.954419
1 0.867672 0.132328
5 0.000268237 0.999732
5 2.91658e-07 1
5 0.000517593 0.999482
1 0.999988 1.20058e-05
5 0.00233798 0.997662
5 8.61871e-06 0.999991
1 0.967592 0.0324075
1 0.617789 0.382211
1 0.921981 0.0780189
5 0.00239371 0.997606
1 0.994899 0.00510108
1 0.999526 0.000474345
5 0.0139769 0.986023
1 0.589949 0.410051
1 0.990592 0.00940837
5 0.0410453 0.958955
5 1e-07 1
5 0.00169753 0.998302
1 0.986515 0.013485
1 0.921738 0.0782618
5 0.317547 0.682453
1 0.820142 0.179858
1 0.998212 0.00178846
1 0.506366 0.493634
5 0.443272 0.556728
5 0.000875167 0.999125
1 0.903699 0.0963009
5 0.00892738 0.991073
1 0.993466 0.00653443
5 1.14281e-05 0.999989
1 0.999997 3.34584e-06
1 0.997314 0.00268608
5 0.00736069 0.992639
1 0.988559 0.0114414
5 0.05013 0.94987
1 0.973935 0.0260653
1 0.956993 0.0430072
1 0.899196 0.100804
5 0.00600967 0.99399
1 0.932268 0.0677323
5 0.000188705 0.999811
5 0.00127718 0.998723
5 0.00413794 0.995862
1 0.999945 5.45823e-05
5 0.00715556 0.992844
1 0.999988 1.22383e-05
1 0.842078 0.157922
1 0.703288 0.296712
5 0.338468 0.661532
5 0.000281454 0.999719
5 0.147047 0.852953
1 0.699241 0.300759
5 0.0590468 0.940953
5 0.000858435 0.999142
1 0.827674 0.172326
1 0.775074 0.224926
1 0.56063 0.43937
1 0.999695 0.000305215
1 0.992407 0.00759342
1 0.991006 0.00899381
5 0.165146 0.834854
5 0.000881339 0.999119
5 0.0609099 0.93909
1 0.980192 0.0198084
5 0.00053971 0.99946
1 0.991971 0.00802924
1 0.999994 6.2673e-06
1 0.863144 0.136856
5 0.0199996 0.98
5 0.0909437 0.909056
5 0.246854 0.753146
1 0.96768 0.0323199
1 0.936612 0.0633877
5 1e-07 1
5 0.154743 0.845257
5 0.0401978 0.959802
1 0.563318 0.436682
5 0.000223009 0.999777
1 0.999618 0.000382379
5 0.00293331 0.997067
1 0.987939 0.0120609
5 0.143308 0.856692
1 0.999896 0.000104483
5 0.193559 0.806441
1 0.982442 0.0175578
5 0.422578 0.577422
1 0.993603 0.00639653
5 0.0152296 0.98477
5 0.00114607 0.998854
1 0.704999 0.295001
5 0.270219 0.729781
5 0.00995243 0.990048
5 0.414728 0.585272
5 0.000379492 0.999621
5 1.73375e-05 0.999983
1 0.99889 0.00110954
1 0.969421 0.0305789
5 0.0194384 0.980562
5 7.88365e-05 0.999921
1 0.988208 0.0117923
1 0.548377 0.451623
1 0.999509 0.000491174
1 0.987815 0.0121853
1 0.985345 0.0146547
1 0.825723 0.174277
1 0.999956 4.36967e-05
1 0.993161 0.00683941
1 0.996129 0.0038709
5 3.90843e-05 0.999961
5 0.00209918 0.997901
5 5.71199e-06 0.999994
5 1.77486e-05 0.999982
5 0.24276 0.75724
5 0.0110884 0.988912
1 0.817802 0.182198
5 0.280778 0.719222
1 0.885871 0.114129
1 0.942432 0.0575683
1 1 1e-07
5 0.00255875 0.997441
1 0.957322 0.0426775
1 0.981846 0.018154
1 0.982037 0.0179625
1 0.981921 0.0180788
5 0.0630804 0.93692
1 0.999899 0.000100604
1 0.667734 0.332266
1 0.990669 0.00933119
5 1.41293e-06 0.999999
1 0.999932 6.81775e-05
1 0.961601 0.038399
1 0.889245 0.110755
1 0.86882 0.13118
5 0.0189196 0.98108
1 0.69131 0.30869
1 0.559081 0.440919
5 0.481128 0.518872
1 0.982656 0.0173438
5 0.00172189 0.998278
1 0.999927 7.25914e-05
1 0.994153 0.00584722
1 0.909583 0.090417
1 0.756255 0.243745
5 0.333183 0.666817
1 0.987267 0.0127327
1 0.999497 0.000502746
1 0.991388 0.00861226
1 0.978407 0.0215933
1 0.999925 7.53004e-05
1 0.979271 0.020729
5 0.0770096 0.92299
1 0.969031 0.0309691
1 0.995761 0.0042386
1 0.973765 0.0262346
5 0.400152 0.599848
5 0.141027 0.858973
1 0.993781 0.00621929
1 0.996121 0.00387915
1 0.979615 0.0203854
1 0.977734 0.0222657
5 0.461119 0.538881
5 0.0188969 0.981103
1 0.924528 0.0754723
1 0.97705 0.02295
1 0.927598 0.0724015
5 0.0321451 0.967855
1 0.979194 0.0208055
1 0.998981 0.0010195
5 0.00962634 0.990374
1 0.988185 0.0118149
1 0.971001 0.0289991
1 0.98216 0.0178404
5 0.000893523 0.999106
1 0.715332 0.284668
1 0.981269 0.0187315
1 0.50035 0.49965
1 0.900126 0.0998737
5 1.11389e-06 0.999999
5 0.00667202 0.993328
1 1 1.93169e-07
1 0.99749 0.00250975
5 0.0440151 0.955985
1 0.80887 0.19113
1 0.728351 0.271649
1 0.543032 0.456968
5 0.000682915 0.999317
5 0.000527332 0.999473
5 0.420493 0.579507
1 0.999987 1.25304e-05
1 0.793629 0.206371
5 8.00645e-05 0.99992
1 0.891724 0.108276
5 0.319983 0.680017
1 0.973115 0.0268846
5 0.000470931 0.999529
1 0.668124 0.331876
1 0.999064 0.000936203
5 0.43074 0.56926
5 0.00514188 0.994858
1 0.569385 0.430615
1 0.983463 0.0165369
1 0.995667 0.00433346
1 0.993454 0.00654551
1 0.99858 0.00142038
1 0.994609 0.00539115
5 0.0524004 0.9476
1 0.983296 0.0167041
5 0.350579 0.649421
5 2.3479e-06 0.999998
1 0.999973 2.65907e-05
5 0.0939828 0.906017
5 0.000311856 0.999688
5 0.000278527 0.999721
5 0.00419537 0.995805
5 0.107176 0.892824
1 0.999998 2.29806e-06
1 0.987393 0.012607
1 0.932925 0.0670746
5 0.305829 0.694171
1 0.598937 0.401063
1 0.877867 0.122133
5 2.20347e-06 0.999998
1 0.995157 0.00484266
1 0.99615 0.00385047
1 0.868608 0.131392
5 0.00200025 0.998
1 0.587152 0.412848
1 0.58829 0.41171
1 0.999908 9.17219e-05
5 4.73983e-06 0.999995
1 0.999984 1.58718e-05
1 0.993368 0.00663177
5 0.00847301 0.991527
1 0.993559 0.00644075
5 9.91643e-05 0.999901
1 0.988256 0.0117444
1 0.991581 0.00841908
5 0.00416353 0.995836
1 0.985969 0.0140307
1 0.995854 0.00414613
1 0.942628 0.0573723
5 0.196512 0.803488
1 0.991991 0.00800915
5 0.000295286 0.999705
1 0.999816 0.000183861
1 0.999999 1.39858e-06
5 0.0369191 0.963081
5 0.00065491 0.999345
1 0.900002 0.0999979
1 0.987497 0.0125035
1 0.998307 0.00169264
5 1e-07 1
1 0.986344 0.0136564
1 0.851691 0.148309
1 0.988592 0.0114082
5 0.478436 0.521564
5 0.40134 0.59866
1 0.987355 0.0126452
5 0.105529 0.894471
1 0.983883 0.0161173
5 1.03733e-07 1
5 2.14519e-05 0.999979
1 0.981346 0.0186542
1 0.985784 0.0142164
5 0.000462559 0.999537
1 0.978268 0.0217319
5 0.0509325 0.949067
5 0.0489951 0.951005
1 0.953138 0.0468622
1 0.888085 0.111915
5 0.000213582 0.999786
1 0.999966 3.40383e-05
1 0.992644 0.00735577
1 0.913001 0.0869989
1 0.576687 0.423313
1 0.988435 0.0115648
1 0.99923 0.000770404
5 0.00066421 0.999336
1 0.987323 0.0126769
1 0.564555 0.435445
5 2.53621e-06 0.999997
5 6.14885e-05 0.999939
5 5.62254e-05 0.999944
1 0.872927 0.127073
1 0.831971 0.168029
5 0.423584 0.576416
5 0.439979 0.560021
1 0.978282 0.0217177
5 0.243502 0.756498
5 0.0506671 0.949333
5 1e-07 1
1 0.983077 0.0169232
1 0.880921 0.119079
1 0.949042 0.0509581
1 0.701374 0.298626
1 0.976694 0.0233057
5 1e-07 1
5 6.21471e-06 0.999994
5 8.63198e-07 0.999999
5 0.0730002 0.927
5 0.190166 0.809834
1 1 2.83028e-07
1 0.992919 0.00708088
5 0.0267662 0.973234
1 0.585149 0.414851
5 0.00219572 0.997804
5 0.0638175 0.936183
1 0.983767 0.0162332
5 0.230001 0.769999
1 0.910065 0.0899347
5 0.0343925 0.965608
1 0.882218 0.117782
1 0.995762 0.0042383
1 0.999557 0.000442803
5 0.477316 0.522684
1 0.999305 0.000694719
5 6.14458e-05 0.999939
5 0.00764656 0.992353
5 0.387908 0.612092
5 0.000469043 0.999531
1 0.820153 0.179847
1 0.634197 0.365803
1 0.794087 0.205913
5 0.000114916 0.999885
1 0.513923 0.486077
1 0.999987 1.25887e-05
1 0.999591 0.0004087
1 0.999888 0.000111591
5 0.000296005 0.999704
5 0.00217094 0.997829
1 0.624872 0.375128
1 0.972153 0.0278466
5 0.0015235 0.998476
5 0.272964 0.727036
1 0.579536 0.420464
