labels 1 6
1 0.91518 0.0848202
6 0.245586 0.754414
6 0.0226334 0.977367
1 0.999975 2.46157e-05
1 0.99971 0.000289909
1 0.993875 0.00612512
1 0.950825 0.0491753
1 1 3.2589e-07
1 1 1e-07
1 0.999984 1.58061e-05
6 0.230214 0.769786
6 2.40202e-05 0.999976
1 1 1e-07
6 0.107621 0.892379
1 0.767897 0.232103
1 0.991432 0.00856786
1 1 1.13296e-07
1 1 4.31749e-07
6 1e-07 1
6 0.0742355 0.925764
6 0.000401131 0.999599
6 0.00605839 0.993942
1 0.867669 0.132331
6 0.00308688 0.996913
6 1.46436e-05 0.999985
6 0.000778231 0.999222
6 4.96645e-07 1
6 0.0043223 0.995678
6 1.00799e-07 1
1 0.999997 3.08581e-06
1 1 1e-07
1 1 1e-07
6 0.0913354 0.908665
1 0.51816 0.48184
6 1.95937e-07 1
1 1 1e-07
1 0.999937 6.2965e-05
6 0.000149088 0.999851
1 1 1e-07
1 0.999914 8.59918e-05
6 0.0199502 0.98005
6 0.439675 0.560325
6 0.273105 0.726895
6 4.19579e-05 0.999958
6 0.00315103 0.996849
6 0.0287294 0.971271
1 0.979457 0.020543
6 0.0352046 0.964795
1 0.99485 0.00514964
1 0.634636 0.365364
1 1 1e-07
1 0.999075 0.000925211
1 0.998243 0.00175703
6 3.63236e-05 0.999964
1 0.999668 0.000331824
1 0.997643 0.00235717
1 0.988544 0.0114558
6 0.000106556 0.999893
6 0.00165835 0.998342
6 0.00318395 0.996816
6 0.409578 0.590422
1 0.780373 0.219627
6 1.80241e-05 0.999982
1 0.99999 1.00483e-05
1 0.939062 0.0609379
1 0.999976 2.41576e-05
1 0.936289 0.0637114
6 0.000387005 0.999613
1 1 1e-07
1 1 1e-07
1 0.50188 0.49812
1 0.999999 5.42127e-07
1 0.998886 0.00111414
1 0.989474 0.0105259
1 0.999994 5.9649e-06
1 0.875166 0.124834
6 0.0663183 0.933682
6 0.324285 0.675715
6 0.010595 0.989405
6 0.148021 0.851979
6 1e-07 1
6 1e-07 1
6 0.0857301 0.91427
1 0.949742 0.0502577
1 0.736394 0.263606
1 0.998495 0.0015048
1 0.950254 0.049746
6 1.03711e-07 1
6 0.199736 0.800264
6 0.000192695 0.999807
1 0.995306 0.00469405
1 0.945694 0.0543065
1 0.999971 2.91514e-05
1 0.699445 0.300555
1 0.889338 0.110662
1 1 1e-07
6 4.49127e-05 0.999955
1 0.874302 0.125698
6 0.260468 0.739532
1 0.704951 0.295049
6 2.38916e-05 0.999976
1 0.970533 0.0294671
1 0.95111 0.0488897
1 0.999818 0.000182187
1 0.971147 0.0288533
1 0.999473 0.00052664
1 0.999996 3.90611e-06
1 0.99981 0.000189597
1 1 3.77044e-07
1 0.962427 0.0375729
1 0.978758 0.021242
1 1 1.94549e-07
1 0.996736 0.0032638
1 0.99059 0.00940964
1 0.931055 0.0689454
1 0.991949 0.00805051
6 0.0105778 0.989422
1 0.999256 0.000744156
6 0.17202 0.82798
1 0.986861 0.0131394
6 0.000488248 0.999512
6 9.67774e-05 0.999903
6 0.0632943 0.936706
1 0.999717 0.000282611
6 3.89224e-07 1
1 0.999713 0.000287484
6 0.100549 0.899451
6 0.0110211 0.988979
6 0.000151703 0.999848
1 0.990408 0.00959186
6 5.94764e-05 0.999941
1 0.999983 1.67342e-05
6 0.0259455 0.974055
1 0.999203 0.000796658
6 0.18463 0.81537
1 0.999999 6.11824e-07
6 0.000645843 0.999354
6 0.199688 0.800312
1 0.999994 6.2095e-06
1 1 1e-07
6 0.000110647 0.999889
1 0.999988 1.21183e-05
1 0.999427 0.000573167
6 1e-07 1
1 0.712113 0.287887
1 0.956904 0.0430962
1 1 1e-07
1 0.999667 0.000333226
6 1.61693e-05 0.999984
6 0.149656 0.850344
6 0.243929 0.756071
1 0.999997 3.27109e-06
1 0.99855 0.00144975
1 0.685919 0.314081
1 0.937116 0.0628844
1 0.927486 0.0725141
1 0.935655 0.0643446
6 0.386042 0.613958
6 0.0162574 0.983743
1 1 1e-07
1 0.945241 0.054759
1 0.937174 0.0628263
1 0.999999 9.42019e-07
6 1e-07 1
1 0.999998 2.43663e-06
6 0.205327 0.794673
1 1 1e-07
1 1 2.44813e-07
6 1e-07 1
1 1 1e-07
1 1 1e-07
1 0.991307 0.00869317
6 4.91035e-05 0.999951
6 0.000443365 0.999557
6 0.00053259 0.999467
6 0.0567835 0.943217
1 1 2.60978e-07
1 1 1e-07
6 0.116992 0.883008
6 1.69985e-06 0.999998
6 0.293381 0.706619
1 0.969328 0.0306716
6 0.000454911 0.999545
6 7.01968e-05 0.99993
1 1 1e-07
1 0.682939 0.317061
6 0.00265598 0.997344
6 1e-07 1
6 9.96362e-05 0.9999
6 0.143362 0.856638
1 0.979396 0.0206043
1 0.99577 0.00423045
1 0.999989 1.08167e-05
1 0.994753 0.00524728
1 0.991455 0.0085453
6 0.129066 0.870934
6 0.00104116 0.998959
1 0.999987 1.25527e-05
6 0.122406 0.877594
6 2.24333e-05 0.999978
1 0.989757 0.0102433
1 0.994393 0.00560657
1 0.927336 0.0726642
6 6.75384e-07 0.999999
1 0.924894 0.0751064
1 1 1.17506e-07
6 0.49502 0.50498
1 0.999421 0.00057919
6 0.000186474 0.999814
1 0.999999 7.39815e-07
1 0.966969 0.0330307
1 0.980868 0.0191315
6 1.24696e-05 0.999988
1 0.999998 1.54702e-06
1 0.980535 0.0194648
1 0.978268 0.021732
1 1 1e-07
1 0.777696 0.222304
6 0.0548804 0.94512
6 0.00309412 0.996906
6 0.1348 0.8652
1 1 1e-07
6 0.356685 0.643315
1 0.913147 0.0868525
1 0.998704 0.00129557
6 0.0312662 0.968734
6 5.56085e-05 0.999944
1 0.999885 0.000114561
1 0.998886 0.00111358
1 0.996028 0.00397239
6 0.00749509 0.992505
1 0.999881 0.000118845
6 1e-07 1
6 0.0497926 0.950207
1 0.999025 0.000975362
1 1 1e-07
6 1.80772e-05 0.999982
6 1e-07 1
6 0.00339852 0.996601
6 1.90496e-05 0.999981
1 0.999931 6.88966e-05
6 1e-07 1
1 0.947568 0.0524315
1 0.999998 2.43198e-06
1 1 1e-07
6 0.0123965 0.987603
6 0.0449755 0.955025
1 0.580788 0.419212
1 0.998313 0.0016872
1 0.834453 0.165547
1 0.995588 0.00441187
1 1 1.58846e-07
1 0.869486 0.130514
1 0.956776 0.0432241
6 0.0980573 0.901943
6 0.00896107 0.991039
1 0.852295 0.147705
6 0.000222705 0.999777
6 2.34052e-06 0.999998
1 0.999983 1.72042e-05
6 0.000313062 0.999687
1 0.953818 0.0461815
6 0.01808 0.98192
6 0.00327039 0.99673
1 0.999994 5.7186e-06
6 1.63827e-06 0.999998
1 1 1.52025e-07
6 0.0256098 0.97439
1 0.857481 0.142519
6 8.38792e-06 0.999992
1 0.561498 0.438502
6 0.488647 0.511353
1 0.999986 1.39931e-05
6 0.00388065 0.996119
1 0.997486 0.00251353
1 0.998131 0.00186933
6 0.0193278 0.980672
1 0.998571 0.00142917
1 0.980217 0.0197827
1 1 1e-07
1 0.99942 0.000579558
1 0.999771 0.000229481
1 0.99994 6.00048e-05
1 0.996449 0.00355137
6 1.58469e-06 0.999998
6 0.120116 0.879884
1 0.999464 0.000536412
6 0.00570701 0.994293
1 0.99997 3.047e-05
1 0.952562 0.0474382
1 1 1e-07
1 0.999967 3.29626e-05
6 1.56936e-05 0.999984
1 0.99937 0.000630257
1 0.999998 1.82469e-06
6 1.51028e-05 0.999985
6 7.70057e-05 0.999923
1 1 1.31907e-07
1 0.958149 0.0418511
1 0.999738 0.000262025
1 0.999998 1.99184e-06
6 0.0468842 0.953116
6 0.0122504 0.98775
6 9.59337e-07 0.999999
6 0.204261 0.795739
6 1.81414e-05 0.999982
1 0.999669 0.000330506
6 1.19364e-05 0.999988
1 0.999999 5.0756e-07
6 1.55775e-05 0.999984
6 5.00141e-06 0.999995
6 0.0106884 0.989312
1 0.999994 6.21241e-06
1 0.645033 0.354967
1 1 2.07452e-07
6 0.209774 0.790226
6 0.0321694 0.967831
1 0.613414 0.386586
6 0.00277152 0.997228
1 0.815523 0.184477
1 1 1e-07
6 1e-07 1
1 0.988088 0.0119121
1 1 2.65895e-07
6 0.201804 0.798196
1 0.996414 0.00358589
1 0.998373 0.00162672
6 0.109651 0.890349
6 0.0105133 0.989487
6 1.67627e-07 1
1 1 1e-07
6 0.000126757 0.999873
1 0.93421 0.0657898
1 0.994981 0.00501906
6 0.000950233 0.99905
6 0.00235395 0.997646
1 0.999389 0.000611419
1 1 2.45539e-07
1 0.999973 2.7087e-05
1 0.999992 7.738e-06
6 0.24793 0.75207
6 6.70054e-06 0.999993
6 0.00103811 0.998962
6 0.0104108 0.989589
1 0.955583 0.0444174
1 0.998994 0.00100561
1 1 1.80628e-07
6 0.00014981 0.99985
1 1 1e-07
6 0.0148224 0.985178
6 0.00245295 0.997547
1 0.999957 4.34662e-05
1 0.999949 5.13553e-05
1 0.540611 0.459389
1 0.974663 0.0253374
6 0.132882 0.867118
6 6.28435e-05 0.999937
1 1 1e-07
1 0.987496 0.0125045
1 0.949842 0.0501579
1 0.999938 6.2224e-05
1 0.999425 0.000574779
1 0.819544 0.180456
1 0.997477 0.00252301
1 0.897476 0.102524
1 1 1.8937e-07
1 0.91101 0.08899
1 0.939462 0.0605381
6 0.000246001 0.999754
6 1.97803e-05 0.99998
6 0.00787672 0.992123
6 0.0337546 0.966245
1 1 1e-07
1 0.97561 0.0243905
1 0.999961 3.91443e-05
1 0.725792 0.274208
1 0.827001 0.172999
6 0.0478721 0.952128
6 0.00404828 0.995952
1 0.999362 0.000638181
1 0.944494 0.0555065
1 0.999991 8.81107e-06
6 0.310467 0.689533
1 0.999891 0.000109187
1 0.992801 0.00719917
6 5.4579e-07 0.999999
6 0.0107966 0.989203
6 0.0271312 0.972869
1 1 1e-07
6 1.9361e-05 0.999981
6 0.00133741 0.998663
1 0.942397 0.0576034
1 0.999925 7.47572e-05
1 0.997394 0.00260642
1 1 1.13955e-07
1 1 1e-07
6 0.0192655 0.980735
6 6.67198e-06 0.999993
6 0.000758578 0.999241
1 0.999862 0.000138476
6 0.000907493 0.999093
6 1e-07 1
1 0.999999 5.01547e-07
1 0.999999 6.10541e-07
6 6.06461e-05 0.999939
1 1 1e-07
1 0.997775 0.00222487
1 0.999647 0.000353423
1 1 1e-07
1 0.999678 0.000322388
1 0.999973 2.72446e-05
1 0.999945 5.53279e-05
1 0.997641 0.00235946
1 0.999964 3.59424e-05
1 0.999956 4.42525e-05
1 0.99991 9.02373e-05
6 0.00290183 0.997098
1 0.865239 0.134761
6 5.0754e-05 0.999949
1 1 1e-07
1 0.993249 0.00675145
6 1.73563e-05 0.999983
6 0.038071 0.961929
1 1 1e-07
1 0.840439 0.159561
1 0.917358 0.0826422
6 0.223616 0.776384
6 9.11623e-05 0.999909
1 0.968212 0.0317876
6 1.04319e-07 1
6 0.0106487 0.989351
1 0.947758 0.0522416
1 1 1e-07
6 0.00542072 0.994579
6 0.00435683 0.995643
1 0.999972 2.82141e-05
1 0.970341 0.0296591
6 0.0756014 0.924399
6 0.485033 0.514967
6 2.66522e-05 0.999973
6 0.0233976 0.976602
1 0.999999 1.10071e-06
1 1 1e-07
6 0.00526714 0.994733
1 0.96994 0.0300601
1 0.993722 0.00627776
1 0.937438 0.0625624
1 0.844472 0.155528
1 0.999985 1.54452e-05
6 0.000513345 0.999487
6 0.0434087 0.956591
6 0.00218264 0.997817
1 1 1e-07
6 1e-07 1
1 0.999991 8.82048e-06
6 3.50838e-05 0.999965
6 1e-07 1
6 0.000237821 0.999762
6 0.285196 0.714804
1 0.95053 0.0494698
6 8.70565e-06 0.999991
1 1 1e-07
1 1 1e-07
6 0.0920113 0.907989
1 1 2.45101e-07
6 4.00409e-05 0.99996
1 0.999999 8.24092e-07
6 0.013184 0.986816
6 0.000104428 0.999896
6 0.040727 0.959273
1 0.950559 0.0494406
1 0.956082 0.0439177
6 0.000607937 0.999392
6 0.0466771 0.953323
6 0.00204037 0.99796
6 0.00920079 0.990799
6 0.0376387 0.962361
6 0.00945885 0.990541
1 0.998655 0.00134458
1 0.999983 1.70001e-05
6 0.000149422 0.999851
1 0.999981 1.9137e-05
1 0.999285 0.00071532
1 0.724999 0.275001
1 0.999997 3.01366e-06
6 0.000151303 0.999849
6 9.69644e-06 0.99999
1 1 1e-07
1 1 4.34684e-07
1 1 1e-07
1 1 1e-07
6 0.117305 0.882695
1 0.999967 3.34723e-05
6 1.66618e-06 0.999998
1 0.999919 8.09191e-05
1 0.99995 4.99283e-05
1 1 1e-07
1 0.999994 6.27105e-06
1 0.990051 0.00994937
6 0.000598423 0.999402
1 0.532657 0.467343
1 1 1e-07
1 1 1e-07
1 0.988554 0.0114456
6 5.1866e-05 0.999948
6 0.000458017 0.999542
1 0.999695 0.000304607
1 0.653507 0.346493
1 0.990514 0.00948556
6 0.0030553 0.996945
1 0.999983 1.72315e-05
1 0.999892 0.000108289
1 1 1e-07
6 6.46748e-06 0.999994
1 0.983903 0.0160966
1 0.99889 0.00111004
1 0.999508 0.000491509
6 5.15748e-06 0.999995
1 0.999996 3.86788e-06
6 0.134877 0.865123
6 0.0355315 0.964468
6 0.000191395 0.999809
1 1 1e-07
6 1.71991e-07 1
1 0.999883 0.000116549
6 0.000996301 0.999004
6 4.10902e-06 0.999996
1 0.999994 5.75496e-06
1 0.999993 7.05953e-06
6 0.000370432 0.99963
1 0.985391 0.0146092
1 0.923702 0.0762975
1 0.999001 0.000999467
1 0.999969 3.14434e-05
1 0.999999 7.70226e-07
1 0.996772 0.00322777
6 0.223761 0.776239
6 1.57023e-06 0.999998
6 0.17594 0.82406
1 0.999999 1.07316e-06
1 0.999998 2.03731e-06
1 0.999997 3.30373e-06
6 0.0888445 0.911155
6 0.0113367 0.988663
6 0.260302 0.739698
6 0.000164119 0.999836
1 0.806273 0.193727
1 1 1e-07
6 1e-07 1
6 1.6794e-06 0.999998
6 0.0168897 0.98311
6 1e-07 1
6 0.310402 0.689598
6 0.000247436 0.999753
6 0.000777399 0.999223
1 0.999998 1.53487e-06
1 0.937611 0.0623895
1 0.995044 0.00495591
6 2.67731e-05 0.999973
6 0.0803357 0.919664
6 0.0280859 0.971914
6 0.000284139 0.999716
6 0.00983607 0.990164
1 0.892319 0.107681
1 1 1e-07
1 0.838478 0.161522
6 9.27846e-06 0.999991
6 3.62413e-05 0.999964
1 1 1e-07
1 1 1e-07
1 0.999987 1.25813e-05
1 0.732383 0.267617
6 1e-07 1
1 0.983979 0.016021
1 0.996133 0.00386663
1 0.999995 4.86923e-06
1 1 2.93304e-07
1 0.932891 0.0671091
6 1.26944e-07 1
1 0.99993 7.02179e-05
1 0.999854 0.000145689
1 0.999999 1.09962e-06
1 0.999521 0.000478651
6 0.337909 0.662091
6 0.00272616 0.997274
6 0.122499 0.877501
6 0.0119836 0.988016
6 0.0130684 0.986932
1 0.969251 0.0307491
1 0.999992 7.79122e-06
1 1 1e-07
1 0.988734 0.011266
6 9.87208e-06 0.99999
6 0.000894647 0.999105
1 0.999993 6.50819e-06
6 1e-07 1
1 0.99938 0.000619919
6 0.0521703 0.94783
6 0.0409308 0.959069
6 2.73582e-05 0.999973
6 0.000486711 0.999513
1 0.987223 0.0127773
6 0.186089 0.813911
6 0.0122637 0.987736
1 0.999989 1.06356e-05
1 0.999999 5.34151e-07
1 1 1.45482e-07
1 0.999907 9.33154e-05
6 1.2743e-05 0.999987
6 0.000562695 0.999437
6 0.0267993 0.973201
6 0.0303839 0.969616
1 0.985746 0.0142541
6 0.0100529 0.989947
6 0.0221622 0.977838
1 0.999997 2.79712e-06
1 0.999791 0.000209273
1 1 1e-07
6 0.0001342 0.999866
1 0.999982 1.78312e-05
6 0.00019094 0.999809
1 0.865041 0.134959
6 0.000117158 0.999883
6 7.21038e-06 0.999993
1 0.99662 0.00337986
6 0.000152854 0.999847
6 0.0433533 0.956647
6 9.60853e-06 0.99999
1 0.999652 0.000347558
1 0.999964 3.58414e-05
1 0.999998 2.42965e-06
6 3.07973e-05 0.999969
1 0.999892 0.000107984
6 0.00372499 0.996275
1 0.997588 0.00241218
6 0.214529 0.785471
6 0.243312 0.756688
1 0.999801 0.000198501
1 0.999053 0.000947422
6 0.00271787 0.997282
1 0.835844 0.164156
6 0.029628 0.970372
1 0.999767 0.000232823
1 0.999998 2.12618e-06
1 0.999976 2.43945e-05
1 0.999996 4.44333e-06
6 0.017226 0.982774
1 0.985057 0.0149426
1 1 1e-07
1 0.979693 0.0203072
6 0.162269 0.837731
6 0.000665185 0.999335
6 1e-07 1
1 0.90083 0.0991704
1 0.521524 0.478476
1 1 1e-07
6 3.03661e-07 1
1 0.999943 5.72522e-05
6 0.00779195 0.992208
1 0.999991 8.54911e-06
6 0.00259312 0.997407
1 1 1e-07
6 2.44101e-06 0.999998
6 0.469419 0.530581
6 1e-07 1
6 0.00455343 0.995447
6 0.000900253 0.9991
1 0.99729 0.00271044
6 0.00430236 0.995698
1 0.678219 0.321781
1 0.999752 0.000247913
1 0.986203 0.0137965
6 0.00353853 0.996461
6 0.46054 0.53946
6 9.29112e-06 0.999991
1 0.996846 0.00315375
6 0.000551444 0.999449
1 0.902522 0.0974777
6 0.0732293 0.926771
6 0.000471284 0.999529
1 0.989133 0.0108666
1 1 1e-07
1 0.999593 0.000407155
1 0.999303 0.000696789
6 0.265401 0.734599
1 0.999562 0.000438249
1 1 1e-07
1 0.999998 2.43029e-06
1 0.998641 0.00135902
1 1 3.61679e-07
1 0.999998 2.44601e-06
1 0.999942 5.78129e-05
1 0.999642 0.000357659
1 0.993896 0.00610401
6 0.000638841 0.999361
6 0.0679061 0.932094
1 0.982211 0.0177887
1 1 1e-07
1 0.999264 0.000736145
1 1 1e-07
1 1 1e-07
6 0.0594951 0.940505
1 0.999782 0.000217552
6 9.06371e-06 0.999991
6 0.0371631 0.962837
6 0.00115299 0.998847
1 0.999776 0.000223858
1 0.999988 1.23736e-05
6 0.140945 0.859055
1 0.999985 1.53017e-05
6 1e-07 1
6 0.106126 0.893874
6 0.163249 0.836751
1 0.935137 0.0648634
6 0.151313 0.848687
1 0.999922 7.78458e-05
6 1.29453e-05 0.999987
1 0.741221 0.258779
6 0.000134705 0.999865
1 1 1e-07
6 0.268618 0.731382
6 2.39647e-07 1
1 0.906283 0.0937169
1 0.644943 0.355057
1 0.984989 0.0150107
1 0.998761 0.0012393
6 1.35534e-06 0.999999
1 0.968058 0.0319422
6 0.0073948 0.992605
6 0.121273 0.878727
6 0.00705795 0.992942
1 0.928999 0.0710007
1 0.973776 0.0262242
1 0.999999 9.10352e-07
1 0.99995 4.95046e-05
1 0.999999 5.93628e-07
1 0.973252 0.0267483
6 1e-07 1
1 0.995618 0.00438169
6 4.39436e-05 0.999956
6 6.90181e-05 0.999931
1 0.979511 0.0204894
1 0.962988 0.0370124
1 0.999845 0.000155192
6 4.48315e-07 1
1 0.98462 0.0153803
6 0.000190947 0.999809
1 0.989123 0.0108766
1 0.998458 0.00154165
6 0.389037 0.610963
6 6.92752e-05 0.999931
1 0.971107 0.028893
1 0.99994 5.99951e-05
6 0.000156654 0.999843
1 0.999188 0.000811529
6 0.000465588 0.999534
1 0.999998 1.65499e-06
1 0.999494 0.0005058
1 0.987468 0.012532
6 0.0640549 0.935945
6 0.109325 0.890675
6 5.48425e-05 0.999945
1 0.999999 1.39998e-06
6 0.290646 0.709354
1 0.969879 0.030121
1 0.838355 0.161645
1 0.999996 4.08058e-06
6 0.0864911 0.913509
6 0.160151 0.839849
1 1 1e-07
6 0.00132939 0.998671
1 1 1.1704e-07
6 2.18548e-05 0.999978
1 1 1e-07
1 0.999978 2.16531e-05
1 0.993887 0.00611276
6 0.0106806 0.989319
6 0.179153 0.820847
1 0.855584 0.144416
1 0.89181 0.10819
6 1.06987e-06 0.999999
6 6.38648e-07 0.999999
6 0.000821449 0.999179
1 0.999004 0.000996406
6 0.000377143 0.999623
1 0.98755 0.0124502
6 0.0775121 0.922488
1 0.999996 3.88149e-06
6 1.20876e-05 0.999988
1 0.999995 5.08072e-06
6 0.00103223 0.998968
6 0.00331723 0.996683
6 1.31191e-05 0.999987
6 0.000962921 0.999037
1 0.965693 0.0343068
1 0.869108 0.130892
1 0.88257 0.11743
1 0.890523 0.109477
6 0.0156078 0.984392
6 0.12451 0.87549
6 0.000800163 0.9992
1 1 1e-07
6 0.000397572 0.999602
6 0.00747993 0.99252
6 5.77444e-06 0.999994
6 2.15991e-05 0.999978
6 0.000344629 0.999655
6 0.408933 0.591067
1 1 1.75669e-07
6 0.0440438 0.955956
1 1 1e-07
6 0.000473646 0.999526
1 0.972981 0.027019
1 0.999992 7.6981e-06
6 0.342868 0.657132
6 0.0513503 0.94865
6 0.245875 0.754125
1 1 1.94512e-07
1 0.999999 5.07845e-07
6 0.0323574 0.967643
1 0.998738 0.00126219
6 0.315015 0.684985
1 0.975944 0.024056
6 1.20266e-07 1
1 1 1e-07
1 0.999528 0.000472277
1 0.93055 0.0694496
1 0.99917 0.000829892
6 0.101431 0.898569
1 1 3.48806e-07
6 0.074125 0.925875
1 0.999749 0.000250742
1 0.957515 0.0424848
1 0.999847 0.000152761
6 3.60374e-06 0.999996
1 0.997963 0.00203682
6 1.22564e-05 0.999988
1 0.628376 0.371624
1 0.883936 0.116064
6 0.00787707 0.992123
6 0.000126457 0.999874
6 0.0019119 0.998088
1 0.99993 6.9863e-05
6 0.0959584 0.904042
1 0.634977 0.365023
1 0.989963 0.0100369
1 0.999919 8.14809e-05
1 0.999866 0.000134296
1 0.995352 0.00464759
1 0.999761 0.000239153
1 0.999901 9.91204e-05
1 0.902444 0.0975561
1 1 1e-07
6 1e-07 1
1 0.99653 0.00346998
6 1.81493e-06 0.999998
6 0.440034 0.559966
1 0.992056 0.00794363
1 0.943487 0.0565133
1 1 1e-07
1 1 1e-07
6 0.000324119 0.999676
6 0.133077 0.866923
6 3.3927e-07 1
1 0.990804 0.00919563
6 0.491882 0.508118
1 0.965071 0.034929
1 0.999998 2.10679e-06
6 0.183575 0.816425
6 8.49034e-06 0.999992
1 1 1e-07
1 0.978579 0.0214209
1 0.999999 1.31303e-06
1 0.999987 1.32517e-05
1 0.999998 2.36757e-06
6 0.0554046 0.944595
6 0.379289 0.620711
1 0.936082 0.063918
1 0.963674 0.0363258
1 0.926643 0.0733566
1 0.999691 0.000308573
1 0.977203 0.0227973
1 0.999882 0.000117528
6 0.114536 0.885464
6 0.00134787 0.998652
6 0.0922732 0.907727
1 0.989337 0.0106627
1 1 1e-07
6 1e-07 1
1 0.999489 0.000511499
1 0.976605 0.0233951
1 0.97114 0.0288604
1 0.999991 9.11562e-06
6 1.37937e-05 0.999986
6 0.000395584 0.999604
1 0.992837 0.00716333
1 0.999841 0.000158548
1 0.999999 1.1798e-06
1 1 2.84376e-07
1 0.997765 0.00223545
6 1.89804e-06 0.999998
6 0.0667267 0.933273
6 1.80235e-05 0.999982
1 1 1e-07
1 0.999784 0.000216147
1 0.889862 0.110138
6 0.126515 0.873485
1 0.982625 0.0173747
6 0.146236 0.853764
1 0.951561 0.0484394
6 0.237627 0.762373
1 1 1e-07
6 0.0247186 0.975281
1 0.999596 0.000404239
1 1 1e-07
1 1 1.08738e-07
1 0.99999 9.71943e-06
1 0.999279 0.000721129
6 0.0797738 0.920226
6 0.00112541 0.998875
1 0.74491 0.25509
6 0.284408 0.715592
6 8.84867e-07 0.999999
6 5.64437e-07 0.999999
6 1e-07 1
6 0.00983802 0.990162
6 0.0188692 0.981131
1 1 4.84002e-07
1 1 1.63894e-07
1 0.738813 0.261187
6 0.00153824 0.998462
6 0.26304 0.73696
6 5.51095e-07 0.999999
1 0.987552 0.0124481
1 0.999999 9.13381e-07
1 1 1e-07
1 0.999995 5.27013e-06
1 1 1e-07
1 0.999998 1.51481e-06
1 0.954872 0.0451277
6 0.119684 0.880316
1 0.999992 7.90782e-06
1 0.997682 0.00231781
1 0.999902 9.78852e-05
6 0.00247496 0.997525
1 0.930771 0.0692294
6 0.00787781 0.992122
1 0.994328 0.00567242
6 0.0197227 0.980277
1 0.955822 0.0441777
6 0.00103549 0.998965
6 5.74681e-05 0.999943
1 1 1e-07
1 0.994846 0.00515371
6 0.00448765 0.995512
1 1 1e-07
1 0.999774 0.000226422
6 0.000397423 0.999603
1 0.871734 0.128266
6 0.00363543 0.996365
1 0.999441 0.000559399
6 1.55294e-05 0.999984
6 0.221468 0.778532
6 0.142187 0.857813
6 7.44106e-05 0.999926
1 0.957317 0.0426829
6 0.136301 0.863699
1 0.999826 0.000173811
1 0.980005 0.0199951
1 1 1.92145e-07
1 0.999623 0.00037685
1 0.97064 0.0293605
1 0.977524 0.0224764
1 0.985802 0.0141982
1 0.999985 1.54513e-05
1 0.999542 0.000457753
6 0.276737 0.723263
6 0.113199 0.886801
1 1 1.97458e-07
1 0.949436 0.0505638
6 0.00401799 0.995982
1 0.999962 3.75778e-05
6 0.00913572 0.990864
6 6.32252e-05 0.999937
6 0.000757582 0.999242
1 0.653238 0.346762
6 1e-07 1
1 0.925975 0.0740254
1 1 1e-07
6 0.0079328 0.992067
1 0.999947 5.30108e-05
1 0.99921 0.000790213
6 1.55464e-07 1
6 7.59786e-06 0.999992
6 0.114721 0.885279
6 0.356258 0.643742
1 1 2.53847e-07
6 0.0771001 0.9229
1 0.999961 3.88132e-05
6 1.70574e-07 1
6 0.46726 0.53274
1 0.999512 0.000487881
6 0.00306932 0.996931
6 0.000117809 0.999882
1 1 3.73771e-07
6 0.30745 0.69255
1 0.99982 0.000179975
6 0.00249359 0.997506
6 0.155263 0.844737
1 0.991276 0.00872414
1 0.96077 0.0392303
1 0.999992 7.63904e-06
1 1 1e-07
1 1 1e-07
1 0.999989 1.09197e-05
1 1 1e-07
6 0.0153649 0.984635
1 1 1e-07
1 0.999712 0.000287645
6 0.00301822 0.996982
6 0.113936 0.886064
6 0.0379195 0.962081
6 2.28481e-05 0.999977
6 0.0838935 0.916106
6 6.93069e-06 0.999993
1 1 2.58583e-07
1 0.99962 0.000380366
6 0.0976656 0.902334
6 0.119095 0.880905
1 1 1e-07
1 1 1e-07
1 0.996619 0.00338134
6 0.0141758 0.985824
6 0.0366893 0.963311
1 0.999701 0.000299062
1 0.548771 0.451229
1 0.99934 0.000660471
1 0.99964 0.000359833
6 0.000643175 0.999357
1 1 1e-07
1 0.783203 0.216797
6 0.0159021 0.984098
6 0.00419326 0.995807
6 0.000458888 0.999541
6 0.00464089 0.995359
1 0.938477 0.061523
1 0.999986 1.38162e-05
1 0.999501 0.0004991
1 0.972376 0.0276237
6 3.92791e-06 0.999996
1 0.999999 7.12519e-07
6 0.0051528 0.994847
1 0.991439 0.00856054
1 0.980555 0.0194445
6 4.02188e-07 1
1 0.951068 0.0489317
1 1 1e-07
6 0.0361752 0.963825
1 0.999999 6.9008e-07
6 0.0571826 0.942817
1 1 1e-07
1 0.999131 0.000869139
1 1 1.8774e-07
6 1.35162e-05 0.999986
6 0.000427495 0.999573
6 1e-07 1
6 0.00375585 0.996244
1 1 1e-07
6 0.000213159 0.999787
6 0.000705338 0.999295
1 0.653597 0.346403
1 0.999453 0.000547167
6 1e-07 1
6 0.0107802 0.98922
6 0.0328734 0.967127
6 0.00222409 0.997776
1 0.999954 4.583e-05
1 0.998509 0.00149109
1 0.997227 0.00277312
1 0.999992 8.35854e-06
1 0.95645 0.04355
1 0.999997 2.72298e-06
6 0.000464302 0.999536
6 1e-07 1
1 0.999562 0.000437652
1 0.999879 0.000120824
1 0.844928 0.155072
1 1 1e-07
1 0.996996 0.0030041
1 0.878258 0.121742
1 0.956656 0.0433436
1 0.8869 0.1131
6 0.361007 0.638993
1 0.99717 0.0028296
6 5.10433e-05 0.999949
6 6.6822e-05 0.999933
1 0.992724 0.00727616
1 0.999999 5.85108e-07
1 0.999996 4.14466e-06
1 0.961123 0.0388766
1 0.996397 0.00360337
1 1 1e-07
6 5.50363e-05 0.999945
1 0.955559 0.0444407
6 0.000696528 0.999303
1 1 1e-07
1 0.999983 1.6803e-05
6 5.30217e-05 0.999947
1 0.930816 0.0691842
1 0.994747 0.00525269
1 0.999721 0.000279039
6 0.142719 0.857281
6 4.14611e-06 0.999996
1 0.999885 0.000114581
1 1 1e-07
6 2.51657e-05 0.999975
6 0.385873 0.614127
1 0.999933 6.71532e-05
1 0.999972 2.78466e-05
6 0.000119747 0.99988
1 1 1.23166e-07
6 0.0941311 0.905869
6 1.36807e-05 0.999986
1 0.512132 0.487868
6 0.0150535 0.984946
1 0.999962 3.84905e-05
1 0.999794 0.000205766
1 0.999301 0.000698691
1 1 1e-07
6 0.00255733 0.997443
1 1 1e-07
1 1 1e-07
1 1 1e-07
1 0.994122 0.00587845
6 0.0285987 0.971401
1 0.999782 0.000218285
1 1 1e-07
1 0.817721 0.182279
6 0.15015 0.84985
6 0.330828 0.669172
6 1e-07 1
1 0.515181 0.484819
1 0.99844 0.00156049
1 1 1e-07
6 0.00132913 0.998671
6 0.0355491 0.964451
1 0.987414 0.0125857
1 0.998759 0.00124066
1 0.989753 0.0102475
1 0.694214 0.305786
1 0.999991 9.06557e-06
1 0.999999 1.45225e-06
6 0.210095 0.789905
6 0.0848383 0.915162
6 0.0125473 0.987453
6 0.00134704 0.998653
6 2.06603e-06 0.999998
1 1 1e-07
6 0.000506885 0.999493
6 1e-07 1
6 5.54927e-05 0.999945
1 0.62645 0.37355
1 1 1e-07
1 1 1e-07
1 1 1e-07
1 1 1e-07
1 0.953761 0.0462391
6 0.055013 0.944987
1 0.811218 0.188782
6 0.0284331 0.971567
6 0.101803 0.898197
6 0.112301 0.887699
1 0.904335 0.0956646
6 1.01817e-05 0.99999
1 0.995507 0.00449253
6 1.90299e-06 0.999998
6 0.000666282 0.999334
6 0.0133244 0.986676
1 0.990511 0.00948939
1 0.999712 0.000287995
1 1 1e-07
1 0.958578 0.0414221
1 0.962467 0.0375329
1 0.950386 0.049614
1 0.99967 0.000329884
6 0.000270061 0.99973
1 0.707218 0.292782
6 1e-07 1
1 0.996676 0.00332435
1 0.99909 0.000909709
1 0.957805 0.0421952
6 1.86096e-06 0.999998
1 0.999983 1.73403e-05
1 1 3.37245e-07
1 0.943699 0.0563014
1 0.967304 0.0326961
1 0.961473 0.038527
1 1 1e-07
6 1.75653e-06 0.999998
6 0.00130497 0.998695
6 0.000544875 0.999455
6 0.176186 0.823814
1 0.9996 0.000400469
1 0.999315 0.000684596
1 1 1e-07
6 0.0189256 0.981074
6 9.37268e-05 0.999906
1 1 2.27552e-07
1 1 4.6617e-07
1 0.962514 0.0374859
6 1.34596e-05 0.999987
6 0.216391 0.783609
6 0.038861 0.961139
6 0.00149441 0.998506
1 0.985884 0.0141156
6 1e-07 1
6 0.0659273 0.934073
1 0.99725 0.0027497
6 2.56033e-05 0.999974
6 8.1898e-06 0.999992
6 8.90801e-05 0.999911
1 0.987525 0.0124754
1 0.999986 1.44067e-05
6 3.1032e-07 1
1 1 1e-07
6 2.24878e-06 0.999998
1 0.98562 0.0143803
1 0.999999 5.71275e-07
6 0.000257661 0.999742
1 1 1e-07
1 0.999999 9.36124e-07
1 1 4.13074e-07
6 0.00214141 0.997859
1 0.996397 0.00360332
6 0.000586176 0.999414
1 0.995072 0.00492825
1 0.976947 0.0230526
6 0.0710136 0.928986
6 0.000869071 0.999131
1 1 1e-07
1 0.999221 0.000778609
1 0.999597 0.000402641
1 0.999803 0.000196766
1 0.941227 0.0587729
6 0.000230063 0.99977
6 0.109446 0.890554
1 0.996749 0.00325055
6 0.392027 0.607973
6 2.66297e-05 0.999973
6 1e-07 1
6 0.215874 0.784126
6 0.000161643 0.999838
1 0.999337 0.000662592
6 3.04902e-06 0.999997
6 0.00051172 0.999488
1 0.999999 1.2217e-06
1 0.999999 7.68105e-07
1 0.932356 0.0676441
1 1 1e-07
1 0.999182 0.000817604
1 1 1e-07
1 0.965936 0.0340641
1 0.983495 0.0165055
6 0.153073 0.846927
6 4.0692e-05 0.999959
1 1 1e-07
1 0.99688 0.00311957
1 0.999992 7.82915e-06
1 0.999956 4.41849e-05
6 0.0465636 0.953436
1 0.966442 0.0335584
6 0.00857385 0.991426
1 0.993747 0.00625294
6 0.0391077 0.960892
1 0.999746 0.000253809
1 1 3.26328e-07
1 0.999993 7.45359e-06
1 0.974895 0.0251051
1 0.999992 8.10574e-06
1 0.999998 1.64883e-06
1 0.999902 9.84884e-05
1 0.999753 0.000246579
1 0.999983 1.7083e-05
6 3.40337e-05 0.999966
6 0.000456489 0.999544
1 0.993937 0.00606287
6 0.00368246 0.996318
6 7.27108e-06 0.999993
6 5.93248e-05 0.999941
1 0.993598 0.00640199
6 9.56071e-06 0.99999
1 0.999999 1.03345e-06
1 0.98683 0.0131698
1 0.737263 0.262737
1 0.938662 0.0613382
6 1e-07 1
6 0.309429 0.690571
1 0.953601 0.0463991
6 7.41286e-05 0.999926
1 0.998328 0.00167189
1 0.999595 0.000405307
6 0.00119386 0.998806
1 0.917339 0.0826607
1 0.99912 0.000879654
1 0.999996 3.91516e-06
6 2.45241e-06 0.999998
1 1 1.66603e-07
1 1 2.15573e-07
6 0.0128647 0.987135
1 0.999999 1.04733e-06
6 1e-07 1
1 0.999999 7.67168e-07
6 0.0992654 0.900735
1 1 1e-07
6 0.0242512 0.975749
1 0.999968 3.22469e-05
6 0.240284 0.759716
6 0.0555832 0.944417
1 0.916081 0.0839193
6 0.0219335 0.978067
1 0.665551 0.334449
6 0.000275902 0.999724
1 1 1e-07
1 0.996157 0.00384303
6 0.0639267 0.936073
6 0.25096 0.74904
1 0.999985 1.50461e-05
1 0.999428 0.000571851
1 0.996799 0.00320102
1 0.999616 0.000383733
1 0.999998 2.35081e-06
6 0.0019916 0.998008
6 0.0589677 0.941032
6 0.379726 0.620274
1 1 1.42308e-07
6 0.137497 0.862503
1 0.998652 0.00134832
1 0.999998 1.70461e-06
1 0.997849 0.00215106
1 0.897337 0.102663
6 0.268877 0.731123
1 0.977834 0.0221658
1 0.997377 0.00262304
1 1 1e-07
6 1.23811e-06 0.999999
6 0.00404917 0.995951
1 1 1e-07
6 3.09431e-05 0.999969
6 0.00787463 0.992125
6 0.000600482 0.9994
6 0.0117239 0.988276
1 0.92958 0.0704202
1 0.698279 0.301721
1 1 1e-07
1 0.86569 0.13431
1 1 1e-07
1 0.999995 4.91713e-06
6 0.482809 0.517191
1 0.97275 0.0272496
6 0.412482 0.587518
6 1.90261e-05 0.999981
1 0.993965 0.00603546
6 0.00984202 0.990158
6 0.112251 0.887749
1 0.998588 0.00141243
1 0.999991 8.73067e-06
1 0.978404 0.0215963
1 0.985579 0.0144215
1 1 1e-07
6 0.0123459 0.987654
6 0.0321221 0.967878
1 0.99999 1.00028e-05
1 1 1e-07
1 0.999219 0.000781098
6 0.00123346 0.998767
1 0.999789 0.000211203
1 0.910038 0.0899616
1 0.999981 1.85445e-05
1 0.999995 5.09322e-06
6 0.00333859 0.996661
6 0.0328845 0.967116
6 1.38095e-05 0.999986
1 0.97897 0.0210296
6 3.01497e-05 0.99997
1 0.992176 0.00782439
1 0.903029 0.096971
6 3.76966e-07 1
6 2.60034e-06 0.999997
1 0.906704 0.0932964
1 0.982108 0.017892
1 0.839295 0.160705
1 0.999932 6.80107e-05
6 0.0117258 0.988274
6 0.0842935 0.915706
6 0.0142927 0.985707
6 0.00525882 0.994741
1 0.993653 0.00634703
1 0.791545 0.208455
6 0.0144948 0.985505
1 0.919883 0.0801174
1 1 1e-07
6 0.00194371 0.998056
1 1 3.65489e-07
6 1e-07 1
1 0.999839 0.000160794
1 0.997229 0.00277073
1 0.955329 0.0446714
1 0.998886 0.00111435
1 0.999981 1.9408e-05
6 0.000145328 0.999855
1 0.907956 0.0920445
6 0.000843683 0.999156
6 0.0168308 0.983169
1 0.999458 0.000542444
1 0.994564 0.00543621
1 1 1e-07
6 0.0676649 0.932335
6 0.000325887 0.999674
1 0.99967 0.000330118
1 0.999996 3.66402e-06
1 0.742376 0.257624
6 1.92835e-05 0.999981
1 0.999996 4.11694e-06
6 0.00191777 0.998082
6 0.014075 0.985925
1 0.999582 0.000417886
6 4.97228e-06 0.999995
1 0.999416 0.000583863
1 0.99744 0.00255956
6 0.043452 0.956548
1 1 2.41807e-07
1 0.975676 0.0243242
6 1.62279e-05 0.999984
6 0.000702232 0.999298
1 0.999974 2.59297e-05
6 0.097659 0.902341
6 0.0104862 0.989514
6 0.0288619 0.971138
1 0.995905 0.0040947
6 0.00312748 0.996873
6 0.0365793 0.963421
1 0.880098 0.119902
1 0.930141 0.0698591
1 0.961507 0.0384932
1 0.999997 2.55395e-06
6 0.0299099 0.97009
6 1e-07 1
6 0.0595693 0.940431
1 0.998922 0.00107847
1 0.999676 0.000323987
1 0.999991 9.35075e-06
1 0.983086 0.0169142
6 0.00585577 0.994144
1 0.980385 0.0196155
6 0.31627 0.68373
1 1 1e-07
1 1 1e-07
6 0.00289141 0.997109
6 1.36792e-06 0.999999
1 0.983005 0.0169946
6 1.31761e-05 0.999987
1 0.996139 0.00386087
1 0.999996 3.81517e-06
1 1 1e-07
1 0.999816 0.000183546
1 0.790057 0.209943
1 0.998347 0.00165332
6 1e-07 1
1 1 1e-07
6 9.60585e-06 0.99999
1 0.980649 0.0193512
1 0.990843 0.00915674
1 0.999574 0.000426222
6 0.0958985 0.904101
1 0.999935 6.49568e-05
1 0.956789 0.0432109
1 0.977285 0.0227147
1 1 1e-07
6 0.0960293 0.903971
6 1.58893e-07 1
6 0.000297085 0.999703
6 1.42594e-05 0.999986
6 0.000259269 0.999741
1 1 1.25939e-07
1 1 3.28283e-07
6 0.178284 0.821716
6 0.00615436 0.993846
6 0.0620958 0.937904
6 0.0109938 0.989006
1 1 1e-07
1 0.953677 0.046323
6 0.000420663 0.999579
1 0.953581 0.0464192
6 0.0229614 0.977039
1 0.96058 0.0394203
6 5.24076e-06 0.999995
6 2.28583e-07 1
6 0.11848 0.88152
1 1 1e-07
1 0.998038 0.00196209
1 0.999982 1.84721e-05
6 5.77153e-06 0.999994
6 0.0122642 0.987736
1 0.530208 0.469792
1 0.587867 0.412133
1 0.999946 5.4146e-05
1 1 1e-07
1 0.999938 6.16751e-05
1 1 1e-07
6 2.72046e-05 0.999973
1 0.999209 0.000790649
6 0.29877 0.70123
6 2.13979e-07 1
1 0.999364 0.000636249
6 1.44517e-05 0.999986
1 1 1e-07
1 0.999276 0.000723528
1 1 2.15858e-07
6 0.154134 0.845866
1 0.998579 0.00142067
1 0.999992 8.17624e-06
6 0.433471 0.566529
1 0.998336 0.00166397
1 1 1.00329e-07
1 0.998178 0.00182239
6 1.34735e-05 0.999987
1 0.999509 0.000490564
6 0.241335 0.758665
6 0.0131254 0.986875
1 0.983752 0.0162483
6 0.197496 0.802504
1 0.999253 0.000746908
1 0.999986 1.44321e-05
6 0.00101231 0.998988
1 0.998524 0.00147612
1 0.998304 0.00169573
6 0.0434473 0.956553
1 0.999988 1.21397e-05
6 0.000150326 0.99985
1 0.917211 0.0827888
1 0.999106 0.000894278
1 1 1e-07
1 1 1e-07
1 1 1e-07
1 0.995807 0.00419303
6 0.203515 0.796485
1 0.95531 0.0446897
1 0.944344 0.0556556
1 0.980833 0.0191673
6 0.0196354 0.980365
1 1 1e-07
6 0.0940585 0.905941
6 0.113978 0.886022
6 0.00141275 0.998587
1 1 1.80098e-07
6 0.00273044 0.99727
1 0.99944 0.000560154
1 0.99771 0.00228964
1 0.955496 0.0445042
1 0.998876 0.00112447
1 0.999958 4.20312e-05
6 0.000518738 0.999481
1 0.999999 9.20119e-07
1 0.998856 0.00114386
6 0.000181178 0.999819
1 0.996674 0.00332583
6 0.00603873 0.993961
1 0.999993 6.76746e-06
6 0.468144 0.531856
1 0.999999 7.59768e-07
1 0.999853 0.000147233
6 1e-07 1
6 5.61955e-06 0.999994
6 0.0735133 0.926487
1 0.999798 0.000202073
1 0.999676 0.000324105
6 3.63568e-05 0.999964
1 0.999899 0.000101467
1 0.999991 9.13614e-06
6 0.0718597 0.92814
1 0.993917 0.00608293
1 0.999953 4.6735e-05
6 0.0449423 0.955058
6 7.84629e-05 0.999922
1 1 1e-07
1 0.997502 0.00249782
1 0.551327 0.448673
6 0.110505 0.889495
1 0.576506 0.423494
1 1 1e-07
6 1.91129e-05 0.999981
1 0.92832 0.0716805
1 1 1e-07
1 0.999999 8.80594e-07
1 0.999955 4.51065e-05
1 0.999991 8.67219e-06
6 0.000190338 0.99981
1 0.960481 0.0395193
1 1 2.06991e-07
6 0.0315803 0.96842
6 3.24047e-07 1
1 1 1.19474e-07
6 1e-07 1
6 0.0740121 0.925988
6 0.00889991 0.9911
1 1 1e-07
6 2.26464e-05 0.999977
1 0.984702 0.0152979
1 1 1e-07
1 1 1e-07
1 1 1e-07
6 2.66833e-05 0.999973
6 0.110123 0.889877
1 0.999059 0.000941327
1 0.975934 0.0240657
6 0.00253335 0.997467
1 0.99996 4.04784e-05
1 0.999927 7.31854e-05
6 0.107635 0.892365
6 2.08229e-05 0.999979
1 0.999838 0.000161608
1 0.884341 0.115659
6 1.08236e-06 0.999999
6 0.000346448 0.999654
6 3.28122e-07 1
6 9.08568e-07 0.999999
6 0.111168 0.888832
1 0.603494 0.396506
1 0.99306 0.00693995
1 0.86142 0.13858
6 3.82071e-05 0.999962
6 1e-07 1
1 0.99385 0.00615038
1 0.999976 2.42111e-05
1 1 1e-07
6 0.000556054 0.999444
1 0.99918 0.000820168
1 0.999582 0.000417778
1 1 1e-07
1 0.992949 0.00705122
1 0.94782 0.0521796
6 1.59244e-06 0.999998
1 0.847146 0.152854
1 0.999983 1.74418e-05
1 0.999997 3.08033e-06
6 0.00735234 0.992648
1 0.995684 0.0043161
1 0.551817 0.448183
6 0.00127032 0.99873
1 0.980923 0.0190766
1 1 1e-07
6 0.350255 0.649745
1 0.998974 0.00102614
6 2.2076e-05 0.999978
6 0.0977604 0.90224
1 0.999146 0.000854062
6 2.91155e-05 0.999971
6 0.00434723 0.995653
1 0.999998 2.19328e-06
1 1 1e-07
6 0.202771 0.797229
1 1 1e-07
1 1 1e-07
1 0.990826 0.00917367
6 0.000750529 0.999249
6 0.000589441 0.999411
1 0.999997 3.27921e-06
1 0.999979 2.0713e-05
1 0.956782 0.0432178
6 2.74155e-05 0.999973
6 0.000722996 0.999277
1 0.99995 5.01707e-05
1 0.777052 0.222948
6 6.11503e-05 0.999939
1 0.999995 4.50522e-06
1 0.991426 0.00857409
6 2.83062e-06 0.999997
1 0.999899 0.000100774
1 0.999985 1.50087e-05
6 0.000307313 0.999693
1 0.547289 0.452711
1 0.94424 0.0557597
1 0.999811 0.000189335
1 0.788484 0.211516
1 0.997549 0.00245104
6 0.00165931 0.998341
1 0.99974 0.000260298
6 0.000520029 0.99948
6 0.000356816 0.999643
1 0.772011 0.227989
1 0.895999 0.104001
6 0.0129431 0.987057
1 0.792688 0.207312
6 0.000229475 0.999771
6 5.669e-05 0.999943
1 0.999993 7.34495e-06
6 0.000389522 0.99961
1 0.999413 0.000587397
6 0.361512 0.638488
1 0.986696 0.0133038
6 0.0509188 0.949081
1 1 1e-07
6 2.0987e-07 1
1 0.99924 0.000760332
1 1 1e-07
1 0.94531 0.0546898
1 0.999566 0.000434053
6 0.0313987 0.968601
1 1 1e-07
1 0.992527 0.00747306
1 1 1e-07
1 0.998925 0.00107477
1 1 1e-07
1 0.999145 0.000854925
1 0.993372 0.00662836
1 0.694027 0.305973
6 0.0253647 0.974635
6 0.0341581 0.965842
1 0.999999 7.5564e-07
6 0.0289786 0.971021
1 0.679501 0.320499
1 0.998262 0.00173828
1 0.999347 0.000652715
1 0.999999 1.24244e-06
6 0.00449957 0.9955
1 1 1e-07
6 9.88935e-05 0.999901
1 0.999771 0.000228878
1 0.998143 0.0018573
6 1.2758e-05 0.999987
6 0.0597238 0.940276
6 6.25005e-06 0.999994
1 0.99996 4.04951e-05
1 0.999474 0.000526106
1 0.997336 0.00266362
1 0.999958 4.17428e-05
6 0.00010218 0.999898
6 0.0574713 0.942529
6 0.260025 0.739975
1 0.959375 0.0406252
1 0.962357 0.0376427
6 0.00391013 0.99609
6 3.09876e-05 0.999969
1 0.998097 0.00190268
6 4.91575e-05 0.999951
6 0.489957 0.510043
1 1 1e-07
6 0.127205 0.872795
6 0.000242122 0.999758
6 0.00188519 0.998115
1 0.998044 0.00195636
1 1 1e-07
1 1 1e-07
6 0.000427901 0.999572
6 0.000251978 0.999748
6 0.0238684 0.976132
1 1 1e-07
6 0.00362278 0.996377
6 0.015882 0.984118
6 0.0749132 0.925087
6 0.00101481 0.998985
1 0.921739 0.0782605
1 1 1e-07
1 0.999979 2.13806e-05
1 0.999953 4.6631e-05
1 1 1e-07
1 1 1e-07
1 0.549096 0.450904
1 0.99927 0.000729639
1 0.99935 0.000650232
6 0.0670484 0.932952
1 1 1e-07
1 1 1e-07
6 1.11199e-05 0.999989
1 0.924917 0.0750832
1 0.999189 0.000811483
6 1.91284e-07 1
1 0.822636 0.177364
1 0.999997 2.58162e-06
1 0.999998 1.52992e-06
1 0.995411 0.00458941
6 0.000685832 0.999314
6 0.0865747 0.913425
6 0.0101334 0.989867
6 4.14541e-07 1
6 0.374462 0.625538
6 0.0751059 0.924894
6 0.0889839 0.911016
1 1 1e-07
1 0.985598 0.0144024
6 0.0422116 0.957788
1 1 1e-07
1 1 1e-07
1 0.998263 0.00173656
6 3.1789e-05 0.999968
1 0.999485 0.000515074
6 0.000183564 0.999816
1 0.999997 2.92076e-06
1 0.883249 0.116751
1 0.760928 0.239072
6 1e-07 1
6 0.000442534 0.999557
6 0.000945639 0.999054
6 0.117075 0.882925
1 1 1.88652e-07
6 0.000371423 0.999629
6 0.387465 0.612535
6 0.052938 0.947062
1 0.999989 1.06951e-05
1 0.999752 0.000247804
6 0.350847 0.649153
6 0.00113529 0.998865
6 1e-07 1
6 0.110928 0.889072
1 0.914679 0.0853207
1 1 1e-07
1 0.976694 0.0233059
1 0.988386 0.0116141
1 0.99991 9.03304e-05
6 0.00809336 0.991907
1 0.999373 0.000626644
6 1e-07 1
1 0.97609 0.0239105
6 2.37927e-06 0.999998
6 7.93705e-05 0.999921
1 0.999685 0.000314943
6 9.3133e-05 0.999907
1 0.898795 0.101205
6 0.115309 0.884691
6 0.0199393 0.980061
6 0.000187255 0.999813
6 4.41732e-05 0.999956
1 0.996523 0.00347654
1 0.887817 0.112183
6 0.0812272 0.918773
1 0.968216 0.0317838
6 0.000123817 0.999876
6 0.164726 0.835274
6 2.21669e-07 1
1 0.999131 0.00086911
6 0.000398848 0.999601
6 4.24427e-07 1
6 2.88023e-05 0.999971
1 0.773829 0.226171
1 1 1e-07
1 0.993753 0.00624685
1 1 1e-07
6 0.0443145 0.955686
6 0.0219909 0.978009
1 1 1e-07
1 0.997553 0.00244748
1 0.738385 0.261615
1 1 1e-07
6 0.184457 0.815543
1 0.956647 0.0433526
6 0.381195 0.618805
1 0.999932 6.83253e-05
1 1 1e-07
6 0.0023668 0.997633
6 0.000242903 0.999757
1 0.999202 0.000797857
1 0.999771 0.000229111
1 0.999998 2.33673e-06
1 0.999998 1.54501e-06
1 0.999999 9.15573e-07
1 0.911373 0.0886272
1 0.999634 0.000366234
6 0.000289986 0.99971
6 0.00416956 0.99583
1 0.999983 1.68475e-05
1 1 1e-07
6 0.154807 0.845193
1 0.516665 0.483335
6 7.30306e-05 0.999927
6 0.00156889 0.998431
1 0.969356 0.0306441
1 0.999948 5.22113e-05
6 0.00266277 0.997337
6 0.00262956 0.99737
1 0.998706 0.00129387
6 0.0101857 0.989814
1 0.999806 0.000194163
6 8.00235e-06 0.999992
1 0.998756 0.0012437
1 1 1e-07
1 0.855296 0.144704
6 0.0535698 0.94643
1 0.934764 0.0652359
1 1 1e-07
6 0.00243589 0.997564
1 0.999999 5.99956e-07
6 0.19418 0.80582
6 0.00401745 0.995983
6 3.43058e-06 0.999997
1 1 1e-07
1 0.964434 0.0355658
6 0.0063019 0.993698
6 0.00124361 0.998756
1 0.964248 0.0357523
6 1.8526e-06 0.999998
6 0.272287 0.727713
1 0.999983 1.68527e-05
6 7.12433e-06 0.999993
6 0.349036 0.650964
1 0.718137 0.281863
1 1 1e-07
6 6.21659e-05 0.999938
1 1 1e-07
1 0.999984 1.60555e-05
1 0.999569 0.000431102
6 0.340666 0.659334
6 0.000225755 0.999774
6 4.44112e-07 1
6 0.0890609 0.910939
1 0.999978 2.17461e-05
1 0.999994 6.14113e-06
6 6.91367e-05 0.999931
6 0.00046508 0.999535
1 1 3.11229e-07
6 0.000865129 0.999135
1 0.999806 0.000193847
1 0.997988 0.00201192
6 0.000369327 0.999631
1 0.87721 0.12279
6 7.85494e-05 0.999921
1 0.99914 0.000859708
1 0.734653 0.265347
1 0.999941 5.87996e-05
1 1 1e-07
6 0.00460757 0.995392
1 0.999885 0.000115339
1 0.976494 0.0235059
1 0.998682 0.00131818
6 1.15258e-05 0.999988
1 0.996921 0.00307898
1 0.917379 0.082621
6 0.0247973 0.975203
1 0.999994 6.3136e-06
1 0.999856 0.000144157
1 0.999981 1.94766e-05
1 0.999995 4.72797e-06
6 0.0227802 0.97722
6 0.00125104 0.998749
6 2.1444e-05 0.999979
1 0.9936 0.00640013
6 0.0230782 0.976922
1 0.978011 0.021989
6 1e-07 1
6 2.87797e-05 0.999971
6 0.00802494 0.991975
1 0.965319 0.0346813
6 2.76177e-05 0.999972
1 0.999985 1.52701e-05
1 1 1e-07
1 0.999954 4.63522e-05
1 1 1e-07
1 0.999995 4.64218e-06
1 1 2.65427e-07
1 0.999948 5.16686e-05
1 1 1e-07
1 1 1e-07
1 0.995104 0.00489624
6 0.00435605 0.995644
6 0.0351094 0.964891
1 0.999934 6.61079e-05
6 0.346553 0.653447
1 0.999348 0.000651546
6 0.000415892 0.999584
6 0.00562769 0.994372
6 0.0606759 0.939324
6 7.70659e-05 0.999923
6 0.140998 0.859002
6 0.0462979 0.953702
6 0.383296 0.616704
6 0.074428 0.925572
1 0.998989 0.00101101
6 0.000193324 0.999807
6 0.0011803 0.99882
1 0.962441 0.0375589
1 0.999768 0.000231927
1 1 1e-07
6 1e-07 1
6 1.78001e-06 0.999998
1 0.760001 0.239999
6 5.27828e-06 0.999995
6 0.000194265 0.999806
6 3.19663e-07 1
6 0.000292509 0.999707
1 0.981914 0.0180856
6 8.75206e-05 0.999912
6 0.0992892 0.900711
6 0.000981275 0.999019
1 0.999516 0.000484459
6 0.176003 0.823997
6 5.09336e-07 0.999999
6 0.0463473 0.953653
1 0.999853 0.00014732
6 0.000339056 0.999661
6 0.000880295 0.99912
6 1.22423e-06 0.999999
6 0.0135931 0.986407
1 0.999965 3.4513e-05
1 0.998918 0.00108244
6 0.17843 0.82157
1 0.999967 3.31637e-05
1 0.99454 0.00545977
1 0.999899 0.000100979
1 0.995939 0.00406084
1 1 1e-07
6 0.0335966 0.966403
1 0.9999 9.98737e-05
6 0.0471845 0.952816
1 0.998299 0.00170077
6 0.00126189 0.998738
1 1 1e-07
1 0.981631 0.0183693
1 1 1e-07
1 0.999982 1.84087e-05
6 1e-07 1
1 0.654561 0.345439
1 0.99794 0.00206026
6 0.00103948 0.998961
6 0.113966 0.886034
1 1 4.24341e-07
1 0.997612 0.00238847
1 1 1e-07
1 0.934848 0.0651524
1 0.840169 0.159831
6 1.74448e-05 0.999983
1 0.999994 5.71821e-06
6 0.0943044 0.905696
1 0.999965 3.49304e-05
6 0.0331639 0.966836
6 0.068385 0.931615
6 3.95138e-06 0.999996
6 4.89734e-06 0.999995
1 0.936341 0.0636593
1 0.997389 0.00261138
1 0.999999 8.80048e-07
1 1 1e-07
6 0.225677 0.774323
6 0.301731 0.698269
1 0.988897 0.0111029
1 0.994217 0.00578274
1 0.99976 0.000240478
1 0.999998 2.31711e-06
1 0.710276 0.289724
6 4.26115e-05 0.999957
1 0.600622 0.399378
6 0.000113021 0.999887
6 0.155729 0.844271
1 0.999509 0.000491267
6 0.00595323 0.994047
1 1 1e-07
1 0.96218 0.0378202
1 0.999538 0.000461533
6 8.01083e-07 0.999999
1 0.972067 0.0279334
1 1 1e-07
6 0.000950073 0.99905
1 0.999778 0.000221835
6 0.00399797 0.996002
6 0.000551949 0.999448
1 0.971828 0.0281715
6 0.000345176 0.999655
6 0.0139465 0.986054
6 0.000423231 0.999577
6 0.00065667 0.999343
1 0.999998 2.08701e-06
6 0.00224401 0.997756
6 1.01678e-05 0.99999
6 0.0600535 0.939947
1 1 4.96041e-07
6 0.0187243 0.981276
1 1 1e-07
1 0.999875 0.000125385
1 0.999981 1.87939e-05
1 1 1e-07
6 0.140648 0.859352
1 0.660404 0.339596
1 0.977902 0.0220981
6 0.22738 0.77262
6 2.2811e-06 0.999998
1 1 1.31237e-07
6 4.45229e-05 0.999955
6 0.040247 0.959753
6 0.0134039 0.986596
1 0.999997 2.9819e-06
1 0.997333 0.00266714
1 0.998741 0.00125939
1 1 1e-07
6 0.0342885 0.965712
6 0.0407826 0.959217
1 0.995714 0.00428601
6 0.0965635 0.903436
6 0.0388787 0.961121
6 0.00984872 0.990151
6 1e-07 1
1 0.926666 0.0733342
6 0.0380529 0.961947
6 0.0906369 0.909363
1 0.999498 0.000502032
1 0.999999 8.51476e-07
6 5.22001e-06 0.999995
6 1.20285e-06 0.999999
1 0.999992 7.53698e-06
1 1 1e-07
6 0.031288 0.968712
1 0.964637 0.0353631
1 0.997965 0.00203515
1 0.968987 0.0310128
1 0.993614 0.00638638
1 0.999935 6.48735e-05
1 0.999866 0.000133721
6 0.148007 0.851993
6 0.000300915 0.999699
1 0.999992 8.08271e-06
1 0.984366 0.015634
6 0.0824621 0.917538
6 0.0413066 0.958693
1 0.741694 0.258306
1 0.981657 0.018343
1 1 1e-07
1 0.880499 0.119501
6 6.29722e-06 0.999994
1 1 1e-07
6 0.00370938 0.996291
1 1 1e-07
1 0.813783 0.186217
1 0.824832 0.175168
1 1 1e-07
1 0.999998 2.07758e-06
1 0.928073 0.0719274
1 0.999999 1.34475e-06
1 1 1e-07
6 6.33803e-07 0.999999
6 0.00206805 0.997932
1 0.996084 0.00391588
6 0.483676 0.516324
6 6.69268e-05 0.999933
6 0.0793349 0.920665
6 0.456485 0.543515
6 1e-07 1
1 1 1e-07
1 1 1e-07
1 1 1e-07
1 0.999915 8.53251e-05
6 0.45718 0.54282
6 8.09883e-07 0.999999
1 0.997034 0.00296556
6 0.178112 0.821888
6 0.229207 0.770793
1 0.999995 4.57133e-06
1 0.999057 0.000943312
1 0.98808 0.0119203
6 0.108277 0.891723
6 0.00143021 0.99857
6 0.00697007 0.99303
1 0.997993 0.00200711
1 1 1.21785e-07
6 0.01739 0.98261
1 0.996203 0.00379709
1 0.712601 0.287399
1 0.999991 9.06128e-06
1 0.993932 0.00606842
1 0.999996 4.38264e-06
1 0.996755 0.00324482
6 0.00615902 0.993841
1 0.987425 0.0125745
6 0.022838 0.977162
6 0.000191094 0.999809
6 1.43469e-05 0.999986
6 6.34472e-07 0.999999
1 0.99977 0.000229594
1 0.997175 0.00282453
1 0.702899 0.297101
1 0.999731 0.000268684
6 0.000526683 0.999473
1 1 1.06205e-07
1 1 1e-07
1 0.999999 7.07855e-07
6 0.337591 0.662409
6 0.41573 0.58427
1 1 1e-07
6 0.000606898 0.999393
1 0.999998 2.13383e-06
6 7.37464e-05 0.999926
1 0.943156 0.0568443
6 0.260229 0.739771
6 0.000770767 0.999229
1 0.997701 0.00229883
6 7.54769e-06 0.999992
1 0.999953 4.68013e-05
1 0.999952 4.83482e-05
6 0.37824 0.62176
6 2.81044e-05 0.999972
6 0.00730925 0.992691
1 1 1e-07
1 1 1e-07
1 0.999998 2.21134e-06
1 0.998779 0.00122111
1 0.973823 0.026177
1 0.993039 0.00696076
6 0.000789904 0.99921
1 1 1e-07
6 0.000282672 0.999717
1 1 3.43823e-07
6 0.000653143 0.999347
6 1.61515e-05 0.999984
6 0.0358093 0.964191
6 0.00232281 0.997677
1 0.999679 0.000321321
1 0.714227 0.285773
1 0.999958 4.15062e-05
1 0.998057 0.00194256
1 1 1e-07
6 0.00340635 0.996594
6 1.75543e-06 0.999998
1 0.999676 0.000323988
1 1 1e-07
1 0.998404 0.00159639
6 1e-07 1
1 1 1e-07
1 0.966288 0.0337123
6 0.000200312 0.9998
1 1 1e-07
6 0.0090625 0.990937
1 0.99229 0.00771008
1 0.999155 0.000844611
6 0.471837 0.528163
1 1 1e-07
1 0.98512 0.0148805
1 1 1e-07
6 0.000557015 0.999443
6 0.00195562 0.998044
6 4.93231e-06 0.999995
6 6.63166e-06 0.999993
1 1 1.75334e-07
6 2.16555e-05 0.999978
1 1 1e-07
1 0.999647 0.000352849
1 0.97184 0.0281604
1 0.999997 2.74793e-06
6 0.000111242 0.999889
1 0.999862 0.000137933
6 4.89367e-06 0.999995
1 1 1e-07
1 0.999111 0.000889175
1 0.516544 0.483456
6 0.000232701 0.999767
1 0.999896 0.000104147
6 7.8043e-07 0.999999
1 0.999992 7.55553e-06
6 0.0522675 0.947733
6 0.0131584 0.986842
6 7.45795e-06 0.999993
1 0.991465 0.00853468
1 0.99979 0.000210312
1 0.999765 0.000235143
1 0.99998 2.00613e-05
6 4.60544e-05 0.999954
6 0.0754277 0.924572
6 0.0152313 0.984769
1 0.999955 4.47948e-05
6 0.283133 0.716867
1 1 1e-07
1 0.741901 0.258099
1 0.995441 0.00455853
6 0.0837013 0.916299
6 0.00490585 0.995094
1 1 1.43137e-07
1 0.99981 0.000190426
1 0.968045 0.0319552
1 0.999832 0.000168419
1 0.554192 0.445808
1 0.999998 1.73915e-06
1 1 1.0728e-07
6 0.0890253 0.910975
1 1 1e-07
6 0.445044 0.554956
6 0.000253444 0.999747
1 0.942523 0.0574771
1 1 1e-07
6 0.146101 0.853899
1 0.998776 0.00122395
1 0.99941 0.000590441
6 0.47333 0.52667
1 0.999945 5.48369e-05
6 1e-07 1
1 1 1e-07
1 0.999998 1.78704e-06
6 1.45416e-05 0.999985
6 0.000857673 0.999142
1 0.999951 4.93321e-05
1 0.977376 0.0226236
6 0.125595 0.874405
6 0.000331243 0.999669
6 0.0570577 0.942942
1 0.999993 7.19164e-06
6 8.7664e-06 0.999991
6 0.00191607 0.998084
6 0.0168752 0.983125
1 0.999781 0.000219195
1 0.998546 0.00145398
6 0.0034582 0.996542
6 0.125616 0.874384
1 0.809645 0.190355
1 0.999919 8.09902e-05
1 0.914635 0.0853651
1 0.996265 0.00373495
1 0.867191 0.132809
6 0.0755878 0.924412
1 0.999988 1.17452e-05
1 1 4.42345e-07
1 0.999985 1.51284e-05
6 0.00106472 0.998935
1 0.76717 0.23283
1 1 1e-07
1 1 1e-07
1 0.999929 7.13575e-05
1 1 3.73988e-07
6 0.0146641 0.985336
1 0.999996 3.64657e-06
1 0.854379 0.145621
6 0.0831174 0.916883
6 0.0741252 0.925875
1 1 1e-07
1 1 1e-07
1 0.997429 0.00257063
6 0.000565768 0.999434
1 0.97287 0.0271298
6 0.00305567 0.996944
1 1 1e-07
1 0.99954 0.000459985
1 0.9497 0.0503002
1 0.99812 0.00187963
1 0.971428 0.0285717
1 0.971167 0.0288332
6 1.49696e-05 0.999985
6 0.125368 0.874632
6 3.97318e-06 0.999996
1 0.624793 0.375207
6 1e-07 1
6 0.0132785 0.986721
6 1e-07 1
6 1.9031e-06 0.999998
1 1 1e-07
1 1 3.94734e-07
1 0.999972 2.81142e-05
6 0.00498095 0.995019
1 0.999974 2.60707e-05
1 0.984785 0.0152151
6 0.0599763 0.940024
1 1 1e-07
1 0.999998 2.32262e-06
1 0.999841 0.000158565
1 0.999317 0.000682602
1 0.977879 0.0221206
1 0.979056 0.0209436
6 7.90435e-05 0.999921
1 0.999937 6.26368e-05
1 0.698137 0.301863
1 0.963143 0.0368566
1 0.999624 0.00037614
1 0.766979 0.233021
6 5.01827e-06 0.999995
1 0.633612 0.366388
1 0.932391 0.0676086
6 0.02032 0.97968
1 0.995325 0.00467452
1 0.99855 0.00145013
6 0.373319 0.626681
6 0.00382764 0.996172
1 0.999024 0.000976469
1 0.722389 0.277611
6 0.00121818 0.998782
1 1 1.51539e-07
6 7.01777e-05 0.99993
1 0.955077 0.0449227
1 0.999475 0.000524936
1 1 1e-07
6 4.64679e-07 1
1 0.999708 0.000292015
6 0.484468 0.515532
1 1 1e-07
1 0.987372 0.0126281
1 0.994365 0.00563518
6 0.221799 0.778201
1 0.999976 2.37739e-05
6 0.000171898 0.999828
6 0.000474311 0.999526
1 0.942673 0.0573274
6 0.00201837 0.997982
6 0.000573337 0.999427
6 0.17124 0.82876
1 0.958406 0.0415939
1 1 1e-07
6 0.0025555 0.997444
6 0.0807913 0.919209
1 0.848003 0.151997
1 0.999769 0.000231035
6 0.00472819 0.995272
1 0.971535 0.0284646
6 0.00422601 0.995774
6 3.57358e-06 0.999996
6 0.000878217 0.999122
1 0.999915 8.48022e-05
1 0.999885 0.000114585
1 0.949245 0.050755
6 3.61401e-05 0.999964
1 0.999997 3.17074e-06
1 0.984954 0.0150462
1 0.999994 5.90817e-06
1 0.993588 0.00641162
6 7.4108e-07 0.999999
6 6.18391e-05 0.999938
1 0.947854 0.0521462
1 1 1e-07
6 0.309549 0.690451
1 0.999997 2.8932e-06
1 1 1e-07
1 0.999996 3.883e-06
6 0.00094416 0.999056
6 0.0252052 0.974795
6 0.116647 0.883353
1 0.999999 5.42015e-07
1 1 3.26605e-07
1 0.996359 0.00364137
1 0.999995 5.40734e-06
6 1.43476e-06 0.999999
6 0.000329095 0.999671
1 0.999996 4.30105e-06
1 0.968602 0.0313977
1 0.999966 3.35612e-05
6 0.0146499 0.98535
6 0.00178265 0.998217
1 0.999974 2.60313e-05
1 1 1e-07
6 0.25499 0.74501
1 0.999896 0.000103851
6 8.07859e-06 0.999992
1 0.546034 0.453966
1 1 1e-07
6 7.30965e-07 0.999999
1 0.541942 0.458058
1 1 1e-07
6 3.41039e-05 0.999966
6 0.0409333 0.959067
1 0.953047 0.0469526
6 0.0762682 0.923732
6 1.46025e-05 0.999985
1 0.999829 0.000171243
6 0.248942 0.751058
1 0.999996 4.4063e-06
6 0.0692357 0.930764
6 0.174996 0.825004
1 1 1e-07
1 0.981404 0.0185962
6 0.00642709 0.993573
1 0.999989 1.13416e-05
6 0.00041905 0.999581
6 3.78765e-07 1
1 0.999929 7.09979e-05
1 0.999984 1.62547e-05
1 0.999999 1.40149e-06
6 0.0730706 0.926929
6 2.33434e-06 0.999998
1 0.98558 0.0144199
1 0.999956 4.38726e-05
1 0.999804 0.000196465
1 0.99991 8.96703e-05
6 1.97963e-07 1
6 1e-07 1
6 1.85267e-05 0.999981
1 0.971868 0.0281323
1 0.999679 0.00032093
6 0.0196772 0.980323
6 0.104603 0.895397
6 0.0417914 0.958209
6 1.88273e-05 0.999981
1 0.707942 0.292058
1 0.998148 0.00185239
1 0.999657 0.000342569
6 0.000349057 0.999651
1 0.999936 6.43289e-05
6 0.00128245 0.998718
1 1 2.08835e-07
6 0.232793 0.767207
1 0.999961 3.89618e-05
1 1 1e-07
1 0.982384 0.0176162
6 1e-07 1
6 0.00113496 0.998865
1 1 1e-07
6 0.00107815 0.998922
6 0.00204053 0.997959
6 0.0837941 0.916206
6 8.1087e-06 0.999992
1 0.999998 1.89632e-06
6 0.0450093 0.954991
6 0.000235064 0.999765
1 0.952198 0.0478024
6 1e-07 1
6 8.24025e-06 0.999992
1 1 1e-07
1 0.914067 0.0859327
1 0.976696 0.0233039
6 2.9715e-07 1
1 0.858342 0.141658
1 0.923516 0.0764836
6 0.00815527 0.991845
6 0.095707 0.904293
1 0.999775 0.000225191
1 1 1e-07
6 0.0035974 0.996403
1 1 1e-07
1 0.999931 6.94923e-05
1 0.993754 0.00624581
1 0.76708 0.23292
6 0.000108686 0.999891
6 6.40486e-05 0.999936
1 0.99983 0.000170055
6 3.3632e-05 0.999966
1 0.999259 0.000740566
6 6.2181e-06 0.999994
1 0.999981 1.89684e-05
6 2.99378e-07 1
6 5.42835e-06 0.999995
1 0.93984 0.06016
6 0.111121 0.888879
1 0.999996 3.69776e-06
6 2.09148e-06 0.999998
6 3.45115e-05 0.999965
1 0.999941 5.94097e-05
1 1 1e-07
1 0.958744 0.0412559
6 1e-07 1
6 4.97718e-05 0.99995
6 2.80194e-05 0.999972
1 0.988109 0.0118908
6 0.000582442 0.999418
1 0.999952 4.77394e-05
1 1 1e-07
6 0.111154 0.888846
6 0.000536848 0.999463
1 0.999851 0.000149482
6 0.000398526 0.999601
1 0.998512 0.00148847
6 0.00106325 0.998937
1 0.999827 0.000173125
6 2.45064e-05 0.999975
6 1.37367e-05 0.999986
6 3.28494e-06 0.999997
1 0.999968 3.23426e-05
6 0.000438821 0.999561
1 0.999995 5.45205e-06
1 0.96811 0.0318903
6 0.123775 0.876225
6 0.423853 0.576147
1 0.999994 5.72756e-06
1 1 1e-07
1 0.99998 2.04313e-05
6 0.0384544 0.961546
1 0.910171 0.0898293
6 9.30581e-05 0.999907
6 1.68298e-05 0.999983
1 0.709591 0.290409
6 0.0153893 0.984611
1 1 1e-07
1 0.999939 6.09827e-05
6 0.000408119 0.999592
1 0.999986 1.36219e-05
1 1 1.25712e-07
6 0.0216661 0.978334
6 0.00103165 0.998968
6 0.316374 0.683626
1 0.999347 0.000653244
6 0.487594 0.512406
1 0.998931 0.0010692
6 0.000483159 0.999517
1 1 1e-07
1 0.999996 4.1308e-06
6 1.59218e-06 0.999998
1 0.998546 0.00145362
6 0.00254456 0.997455
6 0.000899682 0.9991
6 0.00100195 0.998998
1 0.999999 6.42678e-07
1 0.945675 0.0543249
1 0.897064 0.102936
6 5.28906e-05 0.999947
1 0.901951 0.0980493
1 0.941656 0.058344
6 0.321416 0.678584
1 0.989852 0.0101483
1 0.999998 2.31837e-06
1 0.975832 0.0241678
6 0.00235623 0.997644
1 0.999925 7.49837e-05
1 0.999997 2.89715e-06
6 0.00365435 0.996346
1 0.98575 0.0142502
1 0.996992 0.00300751
6 0.00104393 0.998956
1 0.97061 0.0293902
6 0.00016469 0.999835
6 0.0485525 0.951448
1 0.999927 7.3409e-05
1 1 1e-07
1 0.999635 0.000364629
1 1 1e-07
6 0.21773 0.78227
6 0.000514861 0.999485
1 0.999977 2.26127e-05
6 0.180788 0.819212
6 0.0175835 0.982417
6 0.0098876 0.990112
6 0.0150271 0.984973
1 0.970788 0.029212
1 0.987889 0.0121112
1 1 4.01416e-07
6 0.000123025 0.999877
1 0.987097 0.0129025
6 0.00232449 0.997676
6 0.00148954 0.99851
6 7.05502e-06 0.999993
6 3.53008e-07 1
1 0.99563 0.00436965
1 1 1e-07
6 0.0114473 0.988553
6 0.00272485 0.997275
1 0.997672 0.00232845
6 0.00664305 0.993357
1 0.561366 0.438634
6 0.000142234 0.999858
6 0.0108111 0.989189
1 0.968753 0.0312465
1 0.999739 0.00026098
6 0.00917747 0.990823
1 0.646451 0.353549
1 0.998481 0.00151854
6 1.88632e-05 0.999981
1 0.999999 9.62067e-07
1 0.999999 1.40912e-06
1 0.999994 6.41557e-06
6 9.44971e-07 0.999999
1 0.996883 0.0031172
1 0.682389 0.317611
6 0.209406 0.790594
6 0.0555301 0.94447
6 0.143946 0.856054
1 0.760797 0.239203
6 1e-07 1
6 6.18065e-05 0.999938
1 0.999992 8.42091e-06
1 0.99962 0.000379864
1 1 1e-07
1 1 1e-07
1 0.999968 3.1508e-05
6 9.38351e-07 0.999999
1 0.999997 3.22102e-06
6 1.06341e-05 0.999989
6 6.38725e-06 0.999994
1 0.997588 0.0024124
6 6.05889e-06 0.999994
1 0.999514 0.00048643
6 3.85351e-05 0.999961
6 0.00246616 0.997534
1 0.97811 0.0218899
1 0.979703 0.0202969
6 0.0848422 0.915158
6 0.146197 0.853803
1 0.99742 0.00257959
1 0.995769 0.00423051
6 0.078901 0.921099
1 0.99997 2.97739e-05
6 6.50432e-07 0.999999
1 1 1e-07
6 0.0914009 0.908599
1 0.999994 5.8994e-06
1 0.999997 3.30527e-06
1 0.999962 3.8121e-05
1 0.999913 8.70164e-05
1 1 1e-07
1 0.999997 2.72001e-06
1 1 1e-07
6 2.09497e-05 0.999979
1 0.999462 0.00053789
1 0.999828 0.000172124
1 0.998752 0.00124813
1 1 1.47896e-07
1 0.999905 9.53038e-05
6 0.0337604 0.96624
1 0.99937 0.000629518
6 0.332226 0.667774
1 0.972369 0.0276308
1 0.999981 1.93579e-05
1 0.913171 0.0868295
1 0.99999 9.92693e-06
1 1 1e-07
1 0.999978 2.18652e-05
1 0.999996 4.44346e-06
1 0.991077 0.00892259
1 0.999996 3.89665e-06
1 0.999991 9.31189e-06
6 0.00449529 0.995505
1 0.998859 0.00114139
6 0.0487902 0.95121
1 1 4.99644e-07
1 1 1e-07
1 0.98987 0.0101304
6 5.30792e-05 0.999947
6 0.00229492 0.997705
1 0.999999 5.64959e-07
6 0.0774964 0.922504
1 1 1e-07
1 0.837514 0.162486
1 0.984455 0.015545
1 0.999998 2.3291e-06
1 0.999939 6.09692e-05
1 0.996094 0.00390575
6 0.000307175 0.999693
1 1 1e-07
1 0.999978 2.16444e-05
1 0.633994 0.366006
6 0.00235491 0.997645
1 1 1e-07
1 1 1e-07
1 1 1e-07
6 0.0817613 0.918239
6 6.83664e-05 0.999932
1 0.977304 0.0226959
6 0.118703 0.881297
1 0.999997 2.96791e-06
1 0.999276 0.000723753
1 1 1e-07
1 0.999998 1.8218e-06
1 1 1e-07
1 0.999067 0.000933499
1 0.986964 0.0130356
6 8.48924e-05 0.999915
6 0.000105082 0.999895
6 0.000354738 0.999645
1 0.999065 0.000934827
6 0.0039104 0.99609
1 0.998242 0.00175807
1 0.997829 0.00217068
1 0.997748 0.00225212
6 8.52577e-07 0.999999
6 0.00401704 0.995983
1 0.998809 0.0011906
1 0.99064 0.00936017
6 5.98378e-07 0.999999
6 4.97534e-05 0.99995
6 0.00578153 0.994218
6 0.00136242 0.998638
1 0.999999 7.14213e-07
1 0.999994 6.2601e-06
1 0.999999 1.25351e-06
6 5.96765e-05 0.99994
1 0.999903 9.72421e-05
6 0.000622649 0.999377
6 0.012037 0.987963
1 0.956916 0.0430843
6 1e-07 1
6 4.64207e-05 0.999954
6 3.57194e-07 1
6 0.000931999 0.999068
6 0.000138601 0.999861
6 0.0843888 0.915611
1 0.999995 4.87235e-06
1 0.995127 0.00487289
1 1 1.26377e-07
1 0.952598 0.047402
1 0.549703 0.450297
6 0.0704178 0.929582
1 0.991007 0.00899264
1 0.999146 0.000854089
6 0.114442 0.885558
6 2.06496e-05 0.999979
6 5.2187e-05 0.999948
6 4.17684e-05 0.999958
1 0.999597 0.000403426
1 0.905161 0.0948394
6 0.00475942 0.995241
6 0.166681 0.833319
6 0.0914222 0.908578
1 0.963459 0.0365413
1 0.951181 0.0488195
1 0.999988 1.18318e-05
1 0.998333 0.00166736
1 0.998629 0.00137109
1 1 1e-07
1 0.999997 2.64724e-06
6 0.138748 0.861252
6 0.128911 0.871089
1 0.999998 2.36715e-06
6 0.000715986 0.999284
1 1 1e-07
1 1 4.71045e-07
6 0.000390227 0.99961
1 0.944343 0.0556572
1 0.999993 6.86541e-06
6 0.0966668 0.903333
6 0.364975 0.635025
1 0.793784 0.206216
6 5.28765e-06 0.999995
1 0.99237 0.00763015
6 2.21211e-06 0.999998
1 0.999563 0.000436948
6 0.00523907 0.994761
6 0.0119137 0.988086
1 0.992416 0.00758423
1 0.999912 8.82298e-05
6 0.00369313 0.996307
6 5.81485e-06 0.999994
6 0.0961527 0.903847
1 0.634009 0.365991
1 0.999963 3.68089e-05
1 1 4.9011e-07
6 0.0517585 0.948241
6 1e-07 1
6 0.000180246 0.99982
6 1e-07 1
6 0.00772465 0.992275
1 0.999936 6.36251e-05
1 0.666948 0.333052
1 0.999999 7.3095e-07
1 0.99988 0.000120146
1 0.995096 0.00490405
6 0.0116408 0.988359
1 0.949607 0.050393
6 3.29741e-06 0.999997
6 5.20056e-05 0.999948
1 0.995942 0.00405799
1 0.999998 1.91747e-06
6 0.000537132 0.999463
6 0.00750014 0.9925
6 4.9522e-05 0.99995
1 0.993988 0.00601226
6 0.0402382 0.959762
6 2.14259e-07 1
1 1 1e-07
6 0.0240312 0.975969
1 1 1e-07
6 0.349668 0.650332
6 0.00626675 0.993733
1 0.99987 0.000129972
6 8.38839e-05 0.999916
6 0.0012542 0.998746
1 0.999294 0.000705859
6 2.07259e-06 0.999998
1 0.965698 0.034302
1 0.999428 0.000571744
1 0.999999 6.81032e-07
1 0.998681 0.00131861
6 5.81966e-06 0.999994
1 1 1e-07
1 0.995068 0.00493216
1 0.997527 0.00247348
6 0.0367023 0.963298
1 0.988599 0.0114007
6 1e-07 1
1 1 1e-07
1 0.962794 0.0372063
1 0.908293 0.0917072
6 0.000146865 0.999853
1 0.999997 2.60116e-06
6 0.0378976 0.962102
6 0.323201 0.676799
1 0.999987 1.3327e-05
1 0.999959 4.12214e-05
6 0.0660207 0.933979
1 0.960998 0.0390016
6 0.332147 0.667853
1 0.980302 0.0196985
6 0.0014642 0.998536
1 0.948489 0.0515112
1 0.943793 0.0562072
6 0.000237376 0.999763
1 0.985154 0.014846
1 0.999838 0.000162062
6 0.00343188 0.996568
1 0.999948 5.17306e-05
6 0.145117 0.854883
1 1 1e-07
1 0.99999 1.0291e-05
1 0.983457 0.0165433
1 0.999998 1.52807e-06
1 0.999998 2.40327e-06
1 0.998238 0.00176163
1 0.999999 6.91045e-07
6 0.000256372 0.999744
1 0.997971 0.00202906
6 0.240088 0.759912
6 0.0456401 0.95436
1 0.979111 0.020889
6 0.00405395 0.995946
6 3.10259e-06 0.999997
6 0.0334847 0.966515
1 0.836666 0.163334
1 0.984669 0.0153313
1 0.999999 1.23723e-06
1 0.955384 0.0446156
6 0.0132548 0.986745
6 0.00823988 0.99176
1 0.97252 0.0274798
1 0.98739 0.0126104
1 1 3.79752e-07
1 0.944854 0.0551455
1 0.999999 8.83402e-07
1 1 1e-07
6 0.000965811 0.999034
1 0.99814 0.00186043
6 1e-07 1
1 1 1e-07
1 0.939202 0.0607984
1 1 1e-07
1 0.968903 0.0310969
1 0.999998 1.97734e-06
1 0.99994 5.97883e-05
6 0.00167427 0.998326
1 0.997865 0.00213494
1 0.989526 0.0104743
1 1 1e-07
6 0.040225 0.959775
6 0.0787964 0.921204
6 0.00087733 0.999123
6 0.0547867 0.945213
1 1 1e-07
1 0.999784 0.000216493
1 0.999915 8.53148e-05
6 0.00641039 0.99359
1 0.929801 0.0701993
1 0.864691 0.135309
6 0.0666592 0.933341
1 0.991151 0.00884949
1 1 1.92374e-07
1 0.98825 0.01175
1 0.999936 6.39481e-05
6 1.22597e-06 0.999999
6 0.00197675 0.998023
1 0.999993 7.2139e-06
1 1 1e-07
6 0.0508892 0.949111
1 1 1e-07
1 0.999984 1.58414e-05
1 1 1e-07
1 0.564662 0.435338
1 0.997793 0.00220681
1 0.969332 0.0306678
1 0.99993 7.00306e-05
6 0.091738 0.908262
6 0.012479 0.987521
1 0.999037 0.00096302
1 1 1e-07
1 0.988705 0.0112948
6 0.0549388 0.945061
1 1 1e-07
6 0.00672022 0.99328
1 0.997593 0.00240716
1 0.984603 0.0153969
1 0.944323 0.0556773
6 0.430912 0.569088
6 0.00876322 0.991237
1 0.996052 0.00394781
1 0.999961 3.90387e-05
6 0.000213011 0.999787
1 1 1e-07
1 1 1e-07
6 0.158966 0.841034
1 0.868027 0.131973
1 0.966352 0.0336476
1 1 1e-07
1 0.951789 0.0482112
6 3.36783e-06 0.999997
1 0.999992 8.23935e-06
1 1 1e-07
1 0.999996 4.20543e-06
6 0.119492 0.880508
1 0.995242 0.00475762
1 1 1e-07
6 0.000308713 0.999691
1 0.986898 0.0131022
1 1 1e-07
1 0.999993 7.45956e-06
6 0.000996056 0.999004
6 0.000114826 0.999885
1 0.998585 0.0014152
6 0.152818 0.847182
1 0.999823 0.000176735
1 0.999549 0.000451485
6 0.0033032 0.996697
1 0.996794 0.00320591
1 0.993263 0.00673654
1 0.957971 0.042029
6 0.110946 0.889054
6 0.022694 0.977306
6 0.0880058 0.911994
6 4.23357e-07 1
6 1.55492e-06 0.999998
6 1e-07 1
1 1 1e-07
1 0.813735 0.186265
6 5.33755e-07 0.999999
1 0.999931 6.92115e-05
6 0.207234 0.792766
1 0.998583 0.00141684
1 0.999811 0.00018935
6 0.000198562 0.999801
6 0.0628008 0.937199
6 0.105786 0.894214
1 0.974017 0.0259827
6 0.0113774 0.988623
1 1 1e-07
6 3.84621e-05 0.999962
6 4.20016e-05 0.999958
6 0.156385 0.843615
6 0.141292 0.858708
1 0.629957 0.370043
6 0.0290795 0.97092
1 0.999977 2.26887e-05
1 0.999908 9.23842e-05
6 0.0322813 0.967719
6 0.00551926 0.994481
6 3.28425e-05 0.999967
1 0.99704 0.00296043
1 1 1e-07
1 0.999999 7.15534e-07
1 0.999624 0.000376185
6 0.0723656 0.927634
6 0.000906622 0.999093
6 1e-07 1
1 0.763592 0.236408
6 0.000489294 0.999511
1 0.893185 0.106815
1 1 1e-07
1 0.99934 0.00065994
1 0.999991 8.75147e-06
1 0.533828 0.466172
1 0.999699 0.000301237
1 0.998798 0.00120156
1 0.661258 0.338742
6 0.0215433 0.978457
6 4.595e-06 0.999995
1 0.999981 1.88027e-05
6 0.0127329 0.987267
1 0.999999 9.63802e-07
1 0.999943 5.69519e-05
1 1 1e-07
1 0.997158 0.00284228
1 1 1e-07
6 0.194337 0.805663
1 0.999745 0.000255477
1 0.988428 0.0115715
6 0.000606465 0.999394
1 0.777119 0.222881
6 6.05912e-05 0.999939
1 0.999996 4.16396e-06
1 0.999267 0.000732955
1 0.999955 4.54942e-05
6 2.23386e-06 0.999998
1 0.999993 7.24971e-06
1 1 1e-07
6 0.055273 0.944727
6 1.09235e-06 0.999999
1 0.999727 0.000273247
1 0.999772 0.000227747
6 1.25083e-07 1
1 0.998234 0.00176612
1 0.999854 0.000146236
1 0.908862 0.0911384
6 0.000832961 0.999167
1 0.969556 0.0304444
1 0.999456 0.000543835
6 0.0209453 0.979055
6 1e-07 1
1 0.669318 0.330682
1 0.999995 5.05188e-06
1 1 1e-07
1 0.797422 0.202578
6 1.86608e-06 0.999998
1 0.643752 0.356248
6 0.0810964 0.918904
6 2.33175e-05 0.999977
6 7.91958e-06 0.999992
1 0.999999 5.33003e-07
6 0.358463 0.641537
1 0.999798 0.000201767
1 1 1e-07
1 1 1.48735e-07
1 0.756057 0.243943
6 0.0229984 0.977002
1 0.99991 8.99167e-05
6 9.11362e-07 0.999999
6 0.0239615 0.976038
6 0.000130864 0.999869
6 0.0312192 0.968781
1 0.999914 8.59208e-05
6 0.012749 0.987251
6 0.00211642 0.997884
1 0.969439 0.0305613
1 1 1e-07
1 0.997294 0.00270624
6 3.71019e-07 1
1 0.968623 0.0313775
1 1 1e-07
6 1e-07 1
1 1 1e-07
1 0.999822 0.000177842
1 0.999981 1.91802e-05
1 0.581532 0.418468
1 0.991149 0.00885059
1 0.999993 7.03519e-06
6 0.0900886 0.909911
1 1 1e-07
6 5.20239e-06 0.999995
1 0.798817 0.201183
1 0.999993 6.68973e-06
1 0.999999 8.00247e-07
6 0.0211714 0.978829
1 1 1e-07
6 0.0186482 0.981352
1 0.938766 0.0612343
1 0.999994 6.11286e-06
1 0.999993 7.34238e-06
6 1e-07 1
1 0.999823 0.000177206
6 7.48692e-06 0.999993
1 0.999991 8.84467e-06
1 0.964895 0.0351051
6 1.1333e-05 0.999989
1 0.999705 0.000294728
1 0.978022 0.0219779
1 0.999999 9.69694e-07
6 0.00235212 0.997648
1 0.999592 0.000408377
6 0.470637 0.529363
6 0.000329292 0.999671
6 0.0238287 0.976171
6 9.83629e-05 0.999902
1 1 1e-07
1 0.999996 3.96968e-06
1 0.999762 0.000238282
1 0.998679 0.00132068
1 1 1e-07
6 2.05872e-05 0.999979
6 0.00379142 0.996209
6 0.000691282 0.999309
6 2.00807e-05 0.99998
1 0.854057 0.145943
6 0.050666 0.949334
1 0.81255 0.18745
1 0.999987 1.33418e-05
1 0.976122 0.0238775
1 0.959695 0.0403047
1 0.776929 0.223071
1 0.930297 0.0697034
1 0.978612 0.0213879
6 0.00152813 0.998472
6 0.000620864 0.999379
1 0.998158 0.0018422
1 0.655246 0.344754
6 1e-07 1
1 0.768358 0.231642
1 0.999648 0.000352283
1 1 1e-07
1 0.999108 0.000892022
1 0.999896 0.000103529
1 0.954299 0.045701
6 0.000304464 0.999696
1 0.972735 0.0272653
1 0.999596 0.000404412
1 0.999803 0.000197167
1 0.998885 0.00111504
6 1e-07 1
6 0.000767972 0.999232
1 0.999989 1.08812e-05
6 3.64055e-06 0.999996
1 0.999997 2.55508e-06
6 1e-07 1
1 0.992907 0.00709318
1 0.998945 0.00105452
1 0.999999 1.42773e-06
6 0.000292253 0.999708
1 1 1e-07
6 0.00412647 0.995874
6 0.157629 0.842371
6 0.15265 0.84735
6 0.351163 0.648837
6 9.20382e-06 0.999991
1 0.999608 0.000391803
1 0.963366 0.0366343
1 1 1e-07
1 1 1e-07
6 0.000609014 0.999391
1 0.999931 6.88255e-05
6 0.0264328 0.973567
1 0.593923 0.406077
6 0.0224094 0.977591
1 0.999581 0.000418678
6 2.1672e-07 1
1 0.871855 0.128145
1 0.999985 1.49576e-05
6 0.0160057 0.983994
6 1.04947e-07 1
1 1 1e-07
1 0.501078 0.498922
1 1 1.78056e-07
1 1 1.76616e-07
6 0.000454287 0.999546
6 0.050074 0.949926
6 0.111866 0.888134
6 0.00051182 0.999488
6 0.0345395 0.965461
6 1.15042e-06 0.999999
1 1 1e-07
6 0.0298233 0.970177
1 0.977354 0.0226462
6 0.000276451 0.999724
1 0.999999 1.46349e-06
1 0.998465 0.00153493
1 0.964234 0.0357661
6 5.84917e-06 0.999994
1 0.615482 0.384518
6 4.29523e-05 0.999957
1 1 2.18533e-07
6 0.491143 0.508857
1 1 1e-07
1 1 1e-07
1 0.998054 0.0019464
6 3.29523e-07 1
6 1.79901e-05 0.999982
6 0.0242533 0.975747
1 0.89741 0.10259
1 0.985035 0.014965
6 0.0195116 0.980488
6 2.21655e-06 0.999998
6 2.47885e-05 0.999975
6 0.00946108 0.990539
6 3.3833e-05 0.999966
1 1 1e-07
1 0.999689 0.000310879
1 1 1e-07
6 4.99658e-05 0.99995
1 0.999996 3.95208e-06
6 0.0319741 0.968026
1 0.983036 0.0169642
1 0.545906 0.454094
1 0.974628 0.0253723
6 0.0130002 0.987
6 2.69766e-06 0.999997
6 0.211444 0.788556
6 1.63004e-05 0.999984
1 0.999998 2.20765e-06
6 1.71045e-05 0.999983
6 0.00238876 0.997611
6 0.0760668 0.923933
1 0.999996 4.48527e-06
1 0.88852 0.11148
6 7.51235e-07 0.999999
6 0.0835361 0.916464
1 0.999974 2.55269e-05
1 0.999999 5.49288e-07
1 1 1e-07
1 0.99999 1.01152e-05
1 0.992777 0.00722348
6 0.00394464 0.996055
1 1 1e-07
1 0.997783 0.00221743
1 0.999966 3.37715e-05
6 1.07717e-05 0.999989
6 0.222625 0.777375
1 1 3.01666e-07
6 0.000537642 0.999462
6 0.000269511 0.99973
6 0.00998254 0.990017
6 0.110268 0.889732
6 1.96248e-05 0.99998
1 0.972216 0.0277838
1 1 1e-07
1 1 1e-07
1 0.996087 0.00391281
1 0.944774 0.0552258
6 0.343762 0.656238
1 0.967997 0.0320028
1 0.999022 0.000977771
1 0.977644 0.0223558
1 0.999991 8.50913e-06
1 0.999776 0.000224095
1 0.999998 2.25852e-06
1 0.999629 0.000370617
1 1 1e-07
1 0.967549 0.0324509
6 0.0361139 0.963886
1 1 3.20511e-07
6 3.00022e-06 0.999997
1 0.768995 0.231005
6 4.28422e-05 0.999957
1 0.998662 0.00133824
1 0.990271 0.00972922
1 0.999645 0.0003552
1 1 1e-07
1 0.999538 0.000462337
1 0.982108 0.0178922
6 0.0523458 0.947654
1 0.999802 0.000198222
1 0.997724 0.00227581
1 0.998955 0.00104542
1 1 1e-07
1 0.982981 0.0170189
1 0.999975 2.46042e-05
1 1 1e-07
1 0.910723 0.0892771
1 0.965161 0.0348395
1 0.999629 0.000370755
1 0.980402 0.0195982
6 0.0131687 0.986831
6 0.0335212 0.966479
1 0.999999 1.20577e-06
1 0.999742 0.000257882
1 0.946085 0.0539154
1 0.918218 0.0817816
6 0.0195055 0.980495
6 0.00829814 0.991702
1 1 2.13553e-07
1 0.999517 0.000483339
1 0.962742 0.0372582
6 4.78041e-06 0.999995
1 0.999085 0.00091526
1 0.999323 0.000676651
6 0.00398313 0.996017
1 0.994664 0.00533595
1 0.991763 0.00823655
1 0.981041 0.0189586
6 6.21046e-05 0.999938
6 0.00143824 0.998562
1 0.978989 0.0210105
6 0.00109246 0.998908
6 0.02608 0.97392
6 0.0214147 0.978585
1 0.970129 0.029871
1 1 1e-07
1 0.999999 9.8241e-07
1 0.999894 0.000105885
1 0.964702 0.0352977
1 0.966725 0.0332751
1 1 1e-07
6 0.118036 0.881964
6 0.16613 0.83387
6 0.0249534 0.975047
1 1 2.90031e-07
1 0.999078 0.000922232
1 0.998735 0.00126486
6 0.290615 0.709385
6 0.000267004 0.999733
1 0.994984 0.00501567
1 1 1e-07
6 0.00665172 0.993348
1 0.99645 0.00354969
6 0.000401413 0.999599
1 1 1e-07
6 0.000326187 0.999674
1 0.991681 0.00831867
1 0.999995 5.09317e-06
1 0.999814 0.00018634
1 1 1e-07
1 0.999999 1.38162e-06
6 0.223767 0.776233
1 1 1e-07
6 1.26284e-05 0.999987
1 0.999838 0.000162247
1 0.999998 2.32246e-06
1 0.999991 9.49561e-06
6 0.119638 0.880362
6 0.25348 0.74652
6 1e-07 1
1 0.999918 8.19879e-05
1 1 1e-07
1 0.997269 0.00273069
1 0.870631 0.129369
1 1 1e-07
6 8.7782e-05 0.999912
1 0.971334 0.0286659
1 0.991636 0.00836397
1 0.996609 0.00339114
1 0.927285 0.0727152
1 1 1e-07
6 0.000912927 0.999087
6 0.000498467 0.999502
6 0.0334564 0.966544
1 1 1e-07
1 0.70092 0.29908
1 1 1e-07
1 0.999747 0.000253425
6 2.1187e-07 1
1 0.999999 9.48456e-07
1 0.969874 0.0301261
1 0.954062 0.0459379
1 0.992683 0.00731691
1 0.817746 0.182254
1 1 1e-07
1 0.999997 2.99814e-06
1 0.989276 0.0107235
6 1.3161e-05 0.999987
1 0.999606 0.000394425
6 0.425393 0.574607
1 0.999783 0.000216838
1 1 1e-07
1 0.655026 0.344974
6 0.000316822 0.999683
1 1 1e-07
1 0.999937 6.34128e-05
1 1 1e-07
1 0.998497 0.00150342
1 0.999996 4.14455e-06
1 0.983783 0.0162171
1 0.999718 0.000281855
1 0.988516 0.0114841
6 0.0187861 0.981214
1 0.994951 0.00504933
6 1.79081e-05 0.999982
1 0.980793 0.0192066
1 0.999996 4.10712e-06
1 0.7163 0.2837
1 0.961776 0.038224
1 0.99292 0.0070803
1 1 1e-07
1 0.998436 0.001564
6 0.00418701 0.995813
6 0.14144 0.85856
1 0.948111 0.0518885
6 0.00408818 0.995912
1 0.999999 8.98165e-07
1 1 1e-07
1 0.998788 0.00121208
6 0.390577 0.609423
6 0.00504869 0.994951
1 0.998688 0.00131176
1 0.995104 0.00489581
6 0.000376203 0.999624
1 0.996533 0.00346727
6 0.000241802 0.999758
1 0.95654 0.0434597
6 0.147876 0.852124
6 0.0796491 0.920351
6 0.000869533 0.99913
6 0.0514926 0.948507
6 0.000294718 0.999705
6 0.000117297 0.999883
1 0.984339 0.0156606
6 5.71809e-05 0.999943
6 0.0166583 0.983342
1 0.999967 3.28363e-05
1 0.925688 0.0743121
1 0.909259 0.0907412
6 0.00916976 0.99083
6 0.0715359 0.928464
1 1 4.62102e-07
1 0.998017 0.00198294
1 0.999995 5.17876e-06
6 0.0295714 0.970429
6 1e-07 1
6 0.000915262 0.999085
1 1 1e-07
1 0.999901 9.88632e-05
6 0.00551337 0.994487
1 0.999999 1.47991e-06
1 0.993726 0.0062737
1 0.956898 0.0431019
1 0.980478 0.0195218
1 0.999999 8.30997e-07
6 0.0126253 0.987375
6 0.201302 0.798698
1 0.971302 0.028698
1 0.999763 0.000236755
1 0.999999 8.63465e-07
6 0.00275084 0.997249
1 0.999958 4.24717e-05
6 0.410314 0.589686
6 1.47402e-07 1
6 2.13877e-06 0.999998
6 2.16965e-05 0.999978
1 0.999981 1.8571e-05
6 0.0065282 0.993472
6 0.0671431 0.932857
1 0.992755 0.00724536
6 0.000248319 0.999752
1 1 1e-07
1 0.999434 0.000565936
1 0.999976 2.37541e-05
1 0.999999 1.37121e-06
6 0.406046 0.593954
6 0.000541104 0.999459
1 0.916789 0.0832115
6 1e-07 1
6 2.39673e-05 0.999976
6 0.000147594 0.999852
