labels 6 3
6 0.971776 0.0282237
6 0.966067 0.0339331
6 0.991678 0.00832185
3 3.83189e-06 0.999996
3 1.235e-05 0.999988
6 0.876063 0.123937
6 0.701136 0.298864
3 0.000383934 0.999616
3 1e-07 1
3 4.19026e-07 1
3 0.0281473 0.971853
6 0.991557 0.00844339
3 2.96947e-05 0.99997
6 0.988056 0.0119444
6 0.624138 0.375862
3 0.0202278 0.979772
3 1.10482e-05 0.999989
3 9.06477e-06 0.999991
6 0.995327 0.00467349
3 0.0357019 0.964298
6 0.995423 0.00457656
6 0.987491 0.0125086
6 0.959232 0.0407676
6 0.997063 0.00293732
6 0.998223 0.00177683
6 0.992268 0.00773236
6 0.991836 0.00816413
6 0.985907 0.0140931
3 0.488643 0.511357
3 0.103631 0.896369
3 9.40466e-07 0.999999
3 5.33397e-07 0.999999
6 0.991827 0.0081732
3 0.000180393 0.99982
6 0.977958 0.0220418
3 4.84797e-07 1
6 0.735852 0.264148
6 0.988562 0.011438
3 1e-07 1
3 0.148919 0.851081
6 0.991859 0.00814131
3 0.472504 0.527496
6 0.992255 0.00774473
6 0.998667 0.00133313
6 0.985935 0.0140653
6 0.991931 0.00806939
6 0.969508 0.0304916
6 0.990774 0.00922569
6 0.619482 0.380518
6 0.992971 0.00702935
3 1e-07 1
3 0.0263912 0.973609
3 0.000342276 0.999658
6 0.938954 0.0610465
6 0.830077 0.169923
6 0.903129 0.0968712
6 0.937214 0.062786
6 0.997486 0.0025138
6 0.988175 0.0118245
6 0.993929 0.00607103
6 0.986657 0.0133431
6 0.984323 0.0156771
6 0.99783 0.00216987
3 0.0619374 0.938063
3 3.42484e-06 0.999997
3 1.28059e-06 0.999999
6 0.981237 0.0187632
6 0.990073 0.00992695
3 1e-07 1
3 1e-07 1
6 0.981697 0.0183033
3 4.57615e-06 0.999995
6 0.837535 0.162465
6 0.966477 0.0335229
3 0.000332395 0.999668
3 0.00989456 0.990105
6 0.992378 0.00762162
6 0.993092 0.00690824
6 0.990679 0.00932053
6 0.992168 0.0078325
6 0.998569 0.00143124
6 0.998769 0.00123075
3 0.00190128 0.998099
6 0.971885 0.0281155
6 0.842906 0.157094
6 0.924329 0.0756714
6 0.983815 0.0161854
6 0.997318 0.00268168
6 0.994028 0.00597175
6 0.990357 0.00964263
3 6.13421e-06 0.999994
6 0.964444 0.0355564
3 0.000523047 0.999477
6 0.980695 0.0193047
6 0.987399 0.0126014
3 1.03782e-07 1
6 0.992759 0.0072409
6 0.984107 0.0158926
6 0.979116 0.0208841
3 0.368414 0.631586
6 0.998656 0.00134424
6 0.895674 0.104326
3 0.336999 0.663001
6 0.736353 0.263647
6 0.85292 0.14708
3 9.41391e-05 0.999906
3 5.42694e-06 0.999995
6 0.742517 0.257483
3 5.261e-06 0.999995
6 0.985641 0.0143592
6 0.971627 0.028373
3 2.04087e-05 0.99998
3 0.0627487 0.937251
6 0.809214 0.190786
6 0.955593 0.0444075
6 0.877765 0.122235
6 0.987108 0.012892
3 0.00371227 0.996288
6 0.992317 0.00768285
6 0.980217 0.0197826
6 0.995496 0.0045037
6 0.998138 0.00186176
6 0.948826 0.0511743
3 0.0117131 0.988287
6 0.996543 0.00345675
6 0.559579 0.440421
6 0.991658 0.00834214
6 0.806997 0.193003
6 0.990676 0.00932387
6 0.949106 0.0508941
6 0.991761 0.0082386
3 0.00129707 0.998703
6 0.99528 0.00472004
6 0.892896 0.107104
6 0.697511 0.302489
3 1.01907e-05 0.99999
6 0.525003 0.474997
6 0.985411 0.014589
3 1e-07 1
3 0.000182186 0.999818
6 0.993333 0.00666745
3 1.5413e-06 0.999998
6 0.678443 0.321557
6 0.999673 0.000326975
6 0.981333 0.018667
6 0.982321 0.0176789
3 1.39595e-05 0.999986
3 0.0479447 0.952055
3 0.0110811 0.988919
3 0.45566 0.54434
6 0.985105 0.014895
3 0.00867305 0.991327
6 0.929506 0.0704943
6 0.965121 0.0348794
6 0.97397 0.0260296
6 0.977524 0.0224758
6 0.982451 0.017549
6 0.534896 0.465104
6 0.986549 0.0134513
3 1e-07 1
3 0.0223623 0.977638
3 0.00996205 0.990038
3 0.000162608 0.999837
6 0.998985 0.00101466
3 0.120514 0.879486
3 0.170745 0.829255
3 1e-07 1
3 1e-07 1
6 0.998848 0.00115179
3 1e-07 1
3 2.1306e-07 1
6 0.954061 0.0459394
6 0.981484 0.0185163
6 0.994611 0.00538879
6 0.988718 0.0112818
6 0.990392 0.0096083
3 2.71181e-06 0.999997
3 1e-07 1
6 0.990816 0.0091838
6 0.993988 0.00601163
3 0.0072937 0.992706
6 0.932246 0.0677543
6 0.99822 0.00178045
6 0.987458 0.0125421
3 0.000240668 0.999759
6 0.984011 0.0159887
6 0.994773 0.00522695
6 0.99894 0.00105995
6 0.998022 0.00197782
6 0.954106 0.0458936
6 0.968108 0.0318918
3 0.271625 0.728375
3 0.367239 0.632761
6 0.904397 0.0956026
6 0.949083 0.0509169
6 0.991223 0.0087772
6 0.992342 0.00765804
3 0.000255866 0.999744
6 0.981596 0.0184039
6 0.997649 0.00235096
3 0.339584 0.660416
6 0.752577 0.247423
6 0.988385 0.0116145
6 0.998769 0.00123088
6 0.977655 0.0223447
3 4.87442e-05 0.999951
6 0.974259 0.0257411
3 0.0777995 0.922201
6 0.984744 0.0152556
3 0.00150856 0.998491
6 0.973267 0.0267333
6 0.967513 0.0324872
6 0.998781 0.00121895
3 1.13503e-05 0.999989
6 0.92129 0.07871
6 0.964556 0.035444
3 1e-07 1
6 0.984388 0.0156119
6 0.989997 0.0100029
6 0.791718 0.208282
3 0.00467126 0.995329
3 1e-07 1
6 0.987855 0.0121449
6 0.953546 0.0464539
6 0.906267 0.0937334
6 0.991816 0.00818416
6 0.996029 0.00397096
6 0.763652 0.236348
6 0.554074 0.445926
6 0.730194 0.269806
6 0.893265 0.106735
3 1e-07 1
6 0.998437 0.00156259
6 0.994654 0.00534581
6 0.855514 0.144486
3 1e-07 1
6 0.998083 0.00191669
6 0.999349 0.000650687
6 0.964898 0.0351021
6 0.998637 0.00136269
3 0.0403581 0.959642
6 0.998208 0.00179189
3 1.72378e-05 0.999983
3 2.90939e-05 0.999971
3 7.01963e-07 0.999999
6 0.99654 0.00345958
6 0.994492 0.00550776
6 0.980769 0.019231
3 0.000862533 0.999137
6 0.988132 0.0118676
6 0.912603 0.0873972
3 3.7838e-07 1
6 0.959069 0.0409307
6 0.97935 0.0206503
6 0.991781 0.00821859
6 0.989482 0.0105176
6 0.972014 0.0279861
6 0.998082 0.00191782
6 0.777586 0.222414
3 0.0248046 0.975195
3 0.388516 0.611484
6 0.975385 0.0246146
6 0.85561 0.14439
6 0.997042 0.00295752
3 1e-07 1
6 0.996977 0.00302262
3 5.22608e-06 0.999995
6 0.993675 0.00632497
6 0.985817 0.0141831
6 0.993818 0.00618234
6 0.989436 0.0105645
3 0.0245425 0.975458
3 0.273181 0.726819
6 0.996677 0.0033225
6 0.536933 0.463067
6 0.723099 0.276901
6 0.990245 0.00975533
6 0.907255 0.0927446
6 0.97904 0.0209595
3 5.84825e-07 0.999999
6 0.812832 0.187168
6 0.51203 0.48797
6 0.650812 0.349188
6 0.939453 0.0605475
6 0.997008 0.00299217
6 0.988556 0.0114438
6 0.50857 0.49143
6 0.98908 0.01092
3 0.000238285 0.999762
6 0.986175 0.013825
3 3.7648e-07 1
3 0.0559877 0.944012
6 0.993786 0.00621427
6 0.80401 0.19599
3 3.50811e-05 0.999965
6 0.991702 0.00829836
6 0.982176 0.0178236
3 1e-07 1
6 0.981949 0.0180509
3 0.00857969 0.99142
3 2.45061e-07 1
6 0.988753 0.0112469
6 0.995901 0.00409872
6 0.99632 0.0036803
6 0.868184 0.131816
6 0.556553 0.443447
3 0.46513 0.53487
6 0.998808 0.00119244
3 6.01674e-07 0.999999
3 0.307289 0.692711
6 0.998966 0.00103383
6 0.99496 0.00504017
3 0.000270185 0.99973
6 0.982948 0.0170522
3 0.000145792 0.999854
6 0.989963 0.0100365
6 0.75513 0.24487
3 0.0605773 0.939423
6 0.993431 0.00656909
6 0.983938 0.0160616
3 2.38371e-07 1
6 0.997841 0.0021585
6 0.547808 0.452192
3 3.65358e-06 0.999996
6 0.991153 0.00884705
6 0.8267 0.1733
6 0.763023 0.236977
6 0.987036 0.0129636
6 0.995197 0.00480328
6 0.99931 0.000690116
3 1e-07 1
3 0.0777818 0.922218
6 0.931007 0.0689933
6 0.940919 0.0590811
6 0.994028 0.0059719
6 0.996413 0.00358654
3 0.00844449 0.991556
3 1.89737e-05 0.999981
3 0.0145525 0.985448
3 0.0186604 0.98134
6 0.971099 0.0289011
6 0.663172 0.336828
6 0.991361 0.00863926
6 0.994072 0.00592758
6 0.986386 0.0136138
3 8.1851e-07 0.999999
3 0.000275514 0.999724
3 0.0940762 0.905924
3 2.02077e-07 1
6 0.977616 0.0223836
6 0.773973 0.226027
3 0.478348 0.521652
3 0.000780635 0.999219
6 0.662984 0.337016
6 0.970886 0.0291136
6 0.981116 0.0188837
6 0.875695 0.124305
3 1e-07 1
3 0.00712452 0.992875
6 0.962842 0.0371578
3 0.000719632 0.99928
6 0.876575 0.123425
6 0.990873 0.00912661
6 0.958885 0.0411152
3 0.128526 0.871474
3 0.00182566 0.998174
6 0.974272 0.0257281
6 0.94546 0.0545397
6 0.997578 0.00242193
6 0.993679 0.00632112
6 0.60918 0.39082
6 0.986864 0.0131362
3 1e-07 1
3 0.100697 0.899303
6 0.833139 0.166861
6 0.981929 0.0180713
3 0.375353 0.624647
6 0.988518 0.0114817
6 0.985342 0.0146582
3 5.03806e-05 0.99995
6 0.958538 0.0414619
3 0.000824779 0.999175
6 0.982886 0.0171138
3 0.319387 0.680613
6 0.972982 0.0270176
6 0.998543 0.00145735
6 0.996516 0.00348422
6 0.990444 0.00955556
3 1.34077e-07 1
6 0.543795 0.456205
6 0.9924 0.00760035
6 0.966127 0.0338734
3 0.000608842 0.999391
3 1e-07 1
3 1.36715e-05 0.999986
3 2.67235e-07 1
6 0.994166 0.00583438
6 0.9975 0.00250008
6 0.995901 0.00409908
3 0.353097 0.646903
6 0.996374 0.00362609
6 0.997945 0.00205531
3 0.000147488 0.999853
3 3.35827e-06 0.999997
6 0.986469 0.0135314
3 3.1685e-05 0.999968
3 1.21609e-06 0.999999
3 0.153977 0.846023
3 0.000293529 0.999706
3 0.00384565 0.996154
3 0.127399 0.872601
3 0.000745617 0.999254
6 0.940701 0.059299
3 0.0146189 0.985381
3 7.16627e-05 0.999928
3 2.27092e-07 1
6 0.993175 0.00682527
6 0.985949 0.0140509
6 0.732143 0.267857
3 1e-07 1
3 0.00121767 0.998782
6 0.555141 0.444859
6 0.990977 0.0090226
3 1.71555e-07 1
6 0.988027 0.0119727
3 0.00501672 0.994983
6 0.984476 0.0155235
6 0.997832 0.00216755
3 0.373349 0.626651
6 0.995189 0.00481126
6 0.993617 0.00638309
3 0.0365357 0.963464
3 9.13315e-06 0.999991
3 0.00153401 0.998466
6 0.993275 0.00672511
3 0.000410545 0.999589
6 0.964959 0.0350411
6 0.992896 0.00710381
6 0.989104 0.0108955
6 0.993456 0.00654376
6 0.960994 0.0390056
3 3.55619e-05 0.999964
3 4.1818e-07 1
6 0.996248 0.00375192
6 0.978113 0.0218873
6 0.843748 0.156252
6 0.988349 0.0116507
3 0.000924954 0.999075
3 0.0098472 0.990153
6 0.997398 0.00260206
6 0.956582 0.0434185
6 0.992647 0.00735318
3 1.6392e-06 0.999998
6 0.999207 0.000792745
3 0.314734 0.685266
6 0.886243 0.113757
6 0.998364 0.00163571
6 0.996981 0.00301902
3 0.0554434 0.944557
3 0.00429914 0.995701
6 0.990647 0.00935335
3 1e-07 1
3 1e-07 1
6 0.994034 0.00596642
3 0.0078822 0.992118
6 0.99845 0.00154971
3 1e-07 1
6 0.986727 0.0132726
6 0.996065 0.00393492
6 0.992197 0.00780301
6 0.976858 0.0231424
6 0.551192 0.448808
3 0.236153 0.763847
6 0.817671 0.182329
6 0.99735 0.00265017
6 0.991382 0.00861813
6 0.539048 0.460952
6 0.790212 0.209788
6 0.925652 0.0743482
3 0.000354171 0.999646
6 0.998414 0.00158601
3 0.295784 0.704216
3 0.260849 0.739151
6 0.978681 0.0213187
3 2.86055e-05 0.999971
3 0.373856 0.626144
6 0.996234 0.00376625
3 1.29975e-05 0.999987
3 1.53243e-05 0.999985
3 1e-07 1
3 1e-07 1
3 0.120342 0.879658
3 0.000383432 0.999617
6 0.998969 0.00103094
3 0.0012344 0.998766
3 0.295682 0.704318
3 1e-07 1
3 0.000515423 0.999485
3 3.37415e-05 0.999966
6 0.997596 0.00240382
3 0.00875526 0.991245
3 1e-07 1
3 8.60306e-07 0.999999
6 0.898613 0.101387
6 0.652833 0.347167
6 0.996494 0.00350558
6 0.86462 0.13538
6 0.980815 0.0191852
3 0.0084509 0.991549
6 0.989435 0.0105645
3 0.028372 0.971628
3 0.00916869 0.990831
3 1e-07 1
6 0.998897 0.00110281
6 0.959897 0.0401034
6 0.80965 0.19035
3 0.268371 0.731629
6 0.996087 0.00391279
3 1.05015e-05 0.999989
6 0.990803 0.00919666
6 0.990151 0.00984933
6 0.990775 0.00922518
3 1e-07 1
6 0.981204 0.0187959
3 0.122643 0.877357
6 0.997892 0.0021078
6 0.993518 0.00648245
3 4.43435e-07 1
3 0.000837675 0.999162
6 0.996538 0.00346204
6 0.919401 0.080599
6 0.98736 0.01264
6 0.899318 0.100682
3 3.00333e-05 0.99997
3 1.24384e-05 0.999988
6 0.958946 0.0410539
6 0.990905 0.00909474
6 0.995406 0.00459385
6 0.978015 0.0219847
3 4.31642e-06 0.999996
3 0.00293853 0.997061
3 0.00176692 0.998233
6 0.991041 0.008959
3 0.373581 0.626419
3 0.0699231 0.930077
6 0.997317 0.00268323
6 0.96721 0.0327899
3 1e-07 1
6 0.998578 0.00142239
6 0.572143 0.427857
6 0.996003 0.00399654
6 0.995541 0.00445931
6 0.985241 0.0147592
6 0.996415 0.00358527
6 0.99809 0.00191027
3 5.99446e-07 0.999999
6 0.979935 0.0200649
6 0.662229 0.337771
6 0.994903 0.00509708
6 0.856095 0.143905
6 0.959465 0.0405347
6 0.996933 0.003067
6 0.982939 0.0170615
6 0.86673 0.13327
3 1e-07 1
6 0.927902 0.0720981
6 0.768162 0.231838
6 0.817208 0.182792
3 1e-07 1
3 1e-07 1
3 0.000115785 0.999884
6 0.983737 0.0162627
6 0.984482 0.0155179
6 0.954952 0.0450482
6 0.960953 0.0390471
3 0.000126529 0.999873
3 6.84461e-06 0.999993
6 0.960172 0.039828
6 0.574802 0.425198
3 3.23241e-05 0.999968
6 0.779596 0.220404
3 0.000116194 0.999884
3 2.52679e-05 0.999975
6 0.98767 0.0123304
6 0.988737 0.011263
6 0.960432 0.0395676
6 0.989644 0.010356
6 0.992866 0.00713449
6 0.959484 0.0405163
3 0.331709 0.668291
3 1e-07 1
3 0.140261 0.859739
6 0.995068 0.00493179
6 0.992888 0.00711198
3 2.24502e-07 1
6 0.997279 0.00272069
3 7.41e-05 0.999926
6 0.98999 0.0100098
6 0.99387 0.00613018
3 0.445712 0.554288
6 0.992063 0.00793657
6 0.627389 0.372611
6 0.977777 0.0222232
6 0.991707 0.00829322
6 0.529464 0.470536
3 3.47949e-05 0.999965
3 5.09689e-07 0.999999
3 7.60767e-06 0.999992
6 0.825227 0.174773
6 0.993481 0.00651854
6 0.991629 0.00837073
6 0.994544 0.00545578
6 0.756753 0.243247
6 0.993311 0.00668918
6 0.988642 0.0113579
3 0.00522697 0.994773
3 0.418301 0.581699
3 7.65541e-07 0.999999
6 0.987282 0.0127181
3 2.38501e-06 0.999998
6 0.995038 0.00496189
3 0.000119068 0.999881
6 0.996164 0.00383627
6 0.993175 0.00682464
6 0.914088 0.0859118
6 0.998209 0.00179095
6 0.990185 0.00981464
6 0.998773 0.0012266
3 0.0390812 0.960919
3 0.128528 0.871472
3 3.61317e-05 0.999964
6 0.99105 0.00895
3 2.96766e-06 0.999997
6 0.988477 0.0115226
6 0.815011 0.184989
6 0.99122 0.00877973
6 0.966434 0.0335661
6 0.694784 0.305216
6 0.675218 0.324782
6 0.996982 0.00301772
6 0.981383 0.0186169
6 0.878074 0.121926
6 0.836221 0.163779
3 5.88304e-05 0.999941
3 0.00527234 0.994728
3 0.024939 0.975061
3 0.120885 0.879115
6 0.932652 0.067348
3 1.18187e-05 0.999988
6 0.679043 0.320957
6 0.983898 0.0161025
6 0.99705 0.00295002
6 0.99568 0.00432035
6 0.988158 0.0118418
6 0.921677 0.0783235
3 9.44121e-07 0.999999
3 0.264092 0.735908
6 0.516251 0.483749
6 0.980253 0.0197474
3 0.0330596 0.96694
6 0.98934 0.0106598
3 0.000498169 0.999502
6 0.998858 0.00114157
6 0.865252 0.134748
6 0.996864 0.00313555
6 0.990063 0.00993723
6 0.995949 0.00405147
6 0.655222 0.344778
6 0.997338 0.00266241
6 0.975968 0.0240324
3 0.0981445 0.901855
6 0.970321 0.0296789
6 0.985629 0.0143707
6 0.994353 0.00564737
6 0.998855 0.00114531
3 0.406533 0.593467
6 0.991386 0.00861433
6 0.971205 0.0287954
6 0.990043 0.00995721
6 0.996319 0.00368086
6 0.980061 0.0199387
3 4.93901e-07 1
3 0.264455 0.735545
3 0.0802195 0.919781
6 0.98946 0.0105401
6 0.601453 0.398547
3 3.10906e-07 1
3 7.10659e-05 0.999929
6 0.897436 0.102564
3 0.00524311 0.994757
3 7.13049e-05 0.999929
3 0.463525 0.536475
3 0.134186 0.865814
6 0.900288 0.0997124
6 0.995408 0.00459235
3 0.345241 0.654759
6 0.980046 0.0199541
3 3.89062e-06 0.999996
6 0.860623 0.139377
3 1.81169e-07 1
3 4.48203e-07 1
6 0.989335 0.0106651
6 0.777609 0.222391
6 0.798441 0.201559
6 0.983972 0.0160279
6 0.987567 0.0124331
3 0.00385711 0.996143
3 0.0010129 0.998987
6 0.981545 0.0184554
3 0.0211747 0.978825
6 0.998927 0.0010729
6 0.991249 0.00875065
6 0.979613 0.0203871
6 0.984166 0.0158342
6 0.992245 0.00775507
6 0.653009 0.346991
6 0.95812 0.0418797
3 0.0170695 0.982931
6 0.93723 0.0627703
3 1e-07 1
3 0.0833565 0.916644
6 0.997234 0.00276642
3 0.255482 0.744518
6 0.986028 0.0139722
3 0.000293194 0.999707
6 0.683253 0.316747
6 0.997444 0.00255598
6 0.967889 0.0321107
6 0.993004 0.00699574
6 0.989535 0.0104645
6 0.995569 0.00443055
6 0.919912 0.0800882
6 0.97438 0.0256202
3 6.26611e-07 0.999999
3 0.00242938 0.997571
3 0.00826361 0.991736
6 0.976145 0.0238551
6 0.997979 0.00202109
6 0.719175 0.280825
6 0.998658 0.00134158
6 0.996806 0.00319423
3 0.25793 0.74207
3 0.0186636 0.981336
3 0.0884158 0.911584
6 0.995781 0.00421929
6 0.952244 0.0477562
6 0.864379 0.135621
3 0.000858785 0.999141
6 0.577645 0.422355
6 0.964905 0.0350949
6 0.998177 0.00182332
6 0.970372 0.0296283
3 0.000871663 0.999128
6 0.997005 0.00299533
3 0.206344 0.793656
6 0.948471 0.051529
3 0.000109015 0.999891
3 0.174757 0.825243
6 0.672372 0.327628
6 0.890503 0.109497
6 0.779631 0.220369
6 0.997174 0.00282556
3 0.000204831 0.999795
6 0.9842 0.0157999
6 0.958364 0.0416362
6 0.97626 0.0237396
3 6.18974e-05 0.999938
6 0.991621 0.00837949
6 0.984012 0.0159882
3 6.50657e-07 0.999999
6 0.997679 0.00232074
3 1.86873e-07 1
6 0.989437 0.0105631
3 3.91881e-06 0.999996
3 0.454717 0.545283
6 0.905193 0.0948073
6 0.996172 0.00382774
6 0.993184 0.00681565
3 0.217994 0.782006
3 0.192995 0.807005
6 0.99846 0.00154034
6 0.996949 0.00305076
6 0.994641 0.0053591
6 0.809743 0.190257
3 0.293359 0.706641
6 0.907303 0.0926967
6 0.989323 0.0106774
3 0.000432061 0.999568
6 0.993785 0.00621468
3 0.00105452 0.998945
6 0.996698 0.00330203
6 0.997117 0.0028835
6 0.998789 0.00121077
6 0.997262 0.00273814
6 0.961254 0.0387459
6 0.979264 0.020736
6 0.920076 0.0799239
6 0.980088 0.019912
6 0.993427 0.0065729
6 0.989451 0.0105485
3 0.111608 0.888392
3 1e-07 1
6 0.99818 0.00182026
6 0.995685 0.0043148
6 0.974577 0.0254231
6 0.963172 0.0368275
6 0.934888 0.0651116
6 0.576646 0.423354
3 5.94823e-06 0.999994
6 0.991144 0.00885608
3 1.65957e-07 1
6 0.99722 0.0027797
3 0.0646758 0.935324
3 0.000942632 0.999057
6 0.535538 0.464462
6 0.989037 0.0109627
6 0.982406 0.0175945
3 7.41765e-06 0.999993
3 1.44836e-06 0.999999
6 0.988797 0.011203
6 0.875705 0.124295
6 0.992353 0.00764675
6 0.982858 0.0171416
6 0.997155 0.00284506
3 1e-07 1
3 0.0519784 0.948022
3 0.313681 0.686319
6 0.636097 0.363903
6 0.991414 0.00858618
3 3.28146e-07 1
6 0.910545 0.0894555
3 0.00204777 0.997952
6 0.971128 0.0288721
3 0.00908189 0.990918
6 0.999084 0.000916461
6 0.596848 0.403152
6 0.994469 0.00553144
6 0.717773 0.282227
6 0.98505 0.0149499
6 0.995848 0.00415155
6 0.991744 0.00825582
6 0.986824 0.0131763
3 7.92229e-06 0.999992
6 0.991458 0.0085417
6 0.810251 0.189749
3 0.496426 0.503574
3 0.001501 0.998499
3 1.5639e-06 0.999998
3 0.128422 0.871578
6 0.878419 0.121581
3 6.13304e-06 0.999994
6 0.98602 0.0139801
3 6.18014e-06 0.999994
6 0.996104 0.00389626
3 0.00180107 0.998199
6 0.994971 0.00502877
6 0.98601 0.0139898
6 0.924076 0.0759244
6 0.979693 0.0203069
3 5.71691e-07 0.999999
3 1e-07 1
6 0.998082 0.00191752
6 0.983865 0.016135
6 0.998753 0.00124741
6 0.967556 0.0324442
6 0.983352 0.0166477
6 0.963345 0.0366555
3 0.150236 0.849764
6 0.981849 0.0181509
6 0.504663 0.495337
3 7.05808e-06 0.999993
3 0.000191359 0.999809
3 5.00921e-06 0.999995
3 3.75114e-06 0.999996
3 3.02224e-07 1
6 0.745648 0.254352
6 0.987408 0.0125916
6 0.980611 0.0193891
6 0.974823 0.0251769
6 0.974171 0.0258287
3 5.67089e-07 0.999999
3 0.0145008 0.985499
3 1.08063e-07 1
6 0.991909 0.00809121
6 0.885348 0.114652
6 0.976936 0.0230641
6 0.950598 0.0494023
3 1e-07 1
3 0.0681528 0.931847
6 0.873621 0.126379
6 0.970182 0.0298185
6 0.927125 0.0728751
3 1.92713e-05 0.999981
6 0.998644 0.00135551
6 0.993192 0.00680834
6 0.970545 0.0294545
6 0.694495 0.305505
3 0.000164429 0.999836
3 1.93021e-05 0.999981
6 0.913885 0.0861148
6 0.997158 0.00284195
6 0.543234 0.456766
3 0.401963 0.598037
3 1.04368e-06 0.999999
3 0.0132648 0.986735
6 0.984295 0.0157051
6 0.943613 0.0563867
6 0.52658 0.47342
6 0.991508 0.00849157
6 0.98165 0.0183505
6 0.968068 0.0319323
3 6.66209e-07 0.999999
6 0.975799 0.0242007
6 0.666607 0.333393
3 4.06401e-07 1
3 6.50987e-06 0.999993
3 6.54141e-05 0.999935
6 0.859981 0.140019
6 0.988045 0.0119551
6 0.875456 0.124544
6 0.970574 0.0294263
6 0.986075 0.0139247
6 0.995373 0.00462712
6 0.999194 0.000806305
6 0.999271 0.000728964
6 0.992586 0.00741379
6 0.988124 0.0118758
3 8.88104e-06 0.999991
3 1.29648e-06 0.999999
6 0.633572 0.366428
3 0.157942 0.842058
6 0.985019 0.0149807
6 0.998863 0.00113718
6 0.959134 0.040866
3 3.6844e-07 1
3 1.85849e-07 1
3 4.28576e-05 0.999957
3 1e-07 1
3 0.000143567 0.999856
6 0.9785 0.0215003
6 0.985537 0.0144628
3 3.75577e-07 1
6 0.768846 0.231154
3 0.384448 0.615552
6 0.533868 0.466132
6 0.986908 0.0130916
6 0.962022 0.0379777
3 0.020618 0.979382
3 0.00703336 0.992967
6 0.94454 0.0554595
6 0.996147 0.00385329
6 0.629975 0.370025
3 1e-07 1
6 0.709381 0.290619
6 0.993169 0.0068309
3 1e-07 1
6 0.750541 0.249459
6 0.997783 0.00221726
3 0.176059 0.823941
6 0.993429 0.00657145
6 0.693588 0.306412
6 0.732675 0.267325
3 0.385378 0.614622
3 0.0137541 0.986246
6 0.998621 0.00137918
6 0.909566 0.0904336
6 0.989671 0.0103288
3 0.450333 0.549667
6 0.973964 0.026036
3 3.38814e-06 0.999997
6 0.742219 0.257781
6 0.98203 0.0179703
6 0.974383 0.0256168
6 0.959975 0.0400245
3 4.57645e-07 1
6 0.764906 0.235094
6 0.991542 0.00845816
6 0.994849 0.00515085
3 9.28238e-06 0.999991
6 0.923068 0.0769321
6 0.993849 0.0061513
3 0.000440213 0.99956
6 0.991362 0.00863795
6 0.998653 0.00134733
6 0.997475 0.00252513
6 0.644894 0.355106
6 0.998193 0.0018071
6 0.979176 0.0208243
3 1e-07 1
6 0.997077 0.00292275
6 0.613557 0.386443
3 8.10907e-06 0.999992
6 0.997593 0.00240746
6 0.998546 0.00145379
6 0.991908 0.0080919
6 0.981357 0.0186425
3 2.76904e-06 0.999997
6 0.599283 0.400717
6 0.500043 0.499957
6 0.994884 0.00511644
3 0.0152159 0.984784
6 0.766757 0.233243
6 0.99489 0.00510962
6 0.998297 0.00170289
3 3.09585e-06 0.999997
6 0.967496 0.0325036
3 0.0236562 0.976344
6 0.988731 0.0112687
6 0.984658 0.0153423
6 0.937877 0.0621235
6 0.980767 0.0192327
3 4.73388e-06 0.999995
3 1e-07 1
3 6.70415e-07 0.999999
3 0.0012534 0.998747
3 1.09382e-07 1
6 0.989224 0.0107757
3 1e-07 1
6 0.8773 0.1227
6 0.991883 0.008117
6 0.991628 0.00837203
6 0.983997 0.0160028
6 0.954024 0.0459761
6 0.990654 0.00934584
6 0.779042 0.220958
3 3.59516e-05 0.999964
3 0.169085 0.830915
6 0.991169 0.0088311
6 0.990234 0.00976644
3 1e-07 1
3 3.07452e-07 1
6 0.899634 0.100366
6 0.995079 0.0049206
3 0.40599 0.59401
3 1.9607e-06 0.999998
6 0.989912 0.0100884
6 0.560445 0.439555
6 0.793073 0.206927
6 0.996724 0.00327596
3 2.34567e-07 1
3 0.07575 0.92425
6 0.987782 0.0122184
6 0.994418 0.00558244
6 0.997326 0.00267353
6 0.676182 0.323818
6 0.981906 0.0180941
3 0.419209 0.580791
3 0.0119919 0.988008
3 1e-07 1
6 0.897209 0.102791
3 0.0330235 0.966976
3 0.0130754 0.986925
6 0.755949 0.244051
6 0.943411 0.0565888
6 0.995919 0.00408059
6 0.968 0.0319999
3 1e-07 1
3 0.0262472 0.973753
3 1.87623e-06 0.999998
6 0.986074 0.0139257
3 1e-07 1
6 0.618537 0.381463
3 2.80885e-06 0.999997
6 0.991424 0.00857605
6 0.990123 0.0098768
6 0.997399 0.00260134
6 0.988282 0.0117184
3 1e-07 1
6 0.74202 0.25798
6 0.987256 0.0127439
6 0.758063 0.241937
3 0.00196069 0.998039
6 0.997357 0.00264348
6 0.988183 0.0118175
3 0.000694979 0.999305
6 0.992319 0.00768139
3 1.99576e-07 1
6 0.920826 0.0791743
6 0.571712 0.428288
3 0.000136512 0.999863
6 0.66109 0.33891
3 1.15982e-05 0.999988
6 0.998116 0.00188449
6 0.998534 0.00146627
3 0.000103168 0.999897
3 1.48977e-05 0.999985
6 0.926407 0.0735933
3 5.60113e-05 0.999944
3 1e-07 1
3 0.259127 0.740873
6 0.865123 0.134877
6 0.961637 0.0383627
6 0.983962 0.0160378
3 0.0945685 0.905431
6 0.998677 0.00132339
6 0.977244 0.0227563
6 0.698402 0.301598
3 5.88943e-05 0.999941
3 0.140359 0.859641
6 0.957659 0.0423413
6 0.934923 0.0650774
3 4.66217e-07 1
6 0.998235 0.00176458
6 0.975272 0.0247277
6 0.986827 0.0131734
3 4.3065e-05 0.999957
3 0.239782 0.760218
6 0.990992 0.0090078
6 0.985954 0.0140459
6 0.802708 0.197292
3 0.000178063 0.999822
6 0.987676 0.0123239
6 0.995859 0.00414086
3 0.000310803 0.999689
3 4.40309e-06 0.999996
6 0.998436 0.0015635
6 0.991813 0.00818722
3 0.493278 0.506722
6 0.575762 0.424238
6 0.884217 0.115783
3 1.81475e-06 0.999998
6 0.708303 0.291697
6 0.998936 0.00106443
3 0.441386 0.558614
6 0.989331 0.0106694
3 0.0648812 0.935119
3 1.01415e-05 0.99999
6 0.812351 0.187649
3 1.87084e-05 0.999981
6 0.995329 0.00467133
3 1.5531e-06 0.999998
3 1.16332e-07 1
3 1e-07 1
6 0.950149 0.0498506
6 0.994369 0.00563133
3 1.08554e-06 0.999999
3 1.09107e-06 0.999999
3 0.0584259 0.941574
6 0.992056 0.00794375
6 0.970533 0.0294665
6 0.887457 0.112543
6 0.831314 0.168686
3 0.485563 0.514437
3 1e-07 1
6 0.997325 0.00267461
6 0.990654 0.00934577
6 0.898161 0.101839
6 0.527006 0.472994
6 0.862162 0.137838
6 0.942397 0.0576035
3 2.54432e-05 0.999975
3 0.0182852 0.981715
6 0.977524 0.0224762
6 0.98836 0.0116396
6 0.99212 0.00788037
6 0.997674 0.00232637
6 0.899411 0.100589
3 7.95334e-07 0.999999
6 0.995565 0.00443481
6 0.997363 0.00263694
6 0.985573 0.0144273
6 0.893674 0.106326
3 4.58169e-07 1
3 1e-07 1
3 7.70311e-06 0.999992
3 1e-07 1
6 0.980296 0.019704
6 0.978756 0.0212442
6 0.986728 0.0132719
6 0.996359 0.0036407
6 0.991261 0.00873882
6 0.990999 0.0090009
6 0.981713 0.0182865
6 0.984285 0.0157146
3 0.423937 0.576063
6 0.995278 0.00472245
3 0.0789864 0.921014
6 0.996795 0.00320521
6 0.966728 0.0332724
3 0.427215 0.572785
3 0.0037255 0.996274
6 0.978748 0.0212525
6 0.981993 0.0180066
6 0.98491 0.0150897
3 0.312595 0.687405
6 0.99833 0.00166979
3 0.00302965 0.99697
6 0.998897 0.00110336
6 0.925502 0.0744981
3 0.0972813 0.902719
6 0.981693 0.0183067
6 0.998804 0.00119616
3 0.0713425 0.928657
3 1.63358e-05 0.999984
6 0.913901 0.0860993
6 0.976607 0.023393
6 0.976898 0.0231017
3 1e-07 1
6 0.909456 0.0905444
6 0.991236 0.00876447
6 0.998172 0.00182776
6 0.950655 0.0493454
3 0.223789 0.776211
6 0.908339 0.0916607
3 8.08034e-07 0.999999
6 0.924474 0.0755265
6 0.993613 0.00638678
3 2.54559e-07 1
3 0.000755589 0.999244
6 0.981184 0.0188164
6 0.997927 0.00207302
6 0.988517 0.0114828
6 0.878594 0.121406
6 0.997691 0.00230883
6 0.957857 0.0421427
6 0.93025 0.0697497
3 0.00756588 0.992434
6 0.967151 0.0328493
6 0.988284 0.0117156
6 0.781649 0.218351
6 0.993817 0.00618271
6 0.974247 0.0257527
3 0.00983892 0.990161
6 0.995034 0.00496618
3 0.000590229 0.99941
6 0.998933 0.00106653
6 0.970504 0.0294964
3 3.93519e-06 0.999996
6 0.983025 0.0169748
3 1e-07 1
3 8.68477e-06 0.999991
3 2.62836e-05 0.999974
6 0.861865 0.138135
6 0.947417 0.0525825
6 0.988787 0.0112129
3 0.000226997 0.999773
6 0.976285 0.0237148
6 0.9914 0.00860036
6 0.996561 0.00343876
3 1.8524e-06 0.999998
6 0.907951 0.092049
6 0.894786 0.105214
6 0.823751 0.176249
6 0.98338 0.0166201
6 0.995789 0.0042114
6 0.985628 0.0143723
6 0.94606 0.0539403
6 0.990987 0.00901304
6 0.989163 0.0108366
6 0.998665 0.00133455
3 0.000215055 0.999785
6 0.998355 0.00164477
6 0.927408 0.0725916
6 0.994325 0.00567451
6 0.997948 0.00205248
3 0.0539127 0.946087
3 0.00107648 0.998924
6 0.978034 0.0219665
3 1.02187e-07 1
6 0.945436 0.0545645
3 1e-07 1
6 0.870436 0.129564
6 0.970388 0.0296116
3 0.0193954 0.980605
6 0.998464 0.00153576
3 1.24633e-07 1
6 0.935582 0.0644176
3 9.48746e-05 0.999905
3 0.000381136 0.999619
6 0.827673 0.172327
6 0.978763 0.0212373
6 0.990515 0.00948483
3 0.456414 0.543586
6 0.983022 0.0169779
3 0.0393343 0.960666
3 4.40273e-05 0.999956
3 0.0074395 0.992561
6 0.94268 0.0573198
3 0.000185693 0.999814
3 1.22649e-05 0.999988
3 0.00494828 0.995052
3 0.175464 0.824536
3 0.000112178 0.999888
6 0.993294 0.00670585
6 0.996228 0.00377243
6 0.953068 0.0469321
6 0.990351 0.00964851
6 0.998857 0.00114342
6 0.991518 0.00848249
6 0.740146 0.259854
6 0.999009 0.000991437
3 9.29352e-05 0.999907
6 0.817716 0.182284
6 0.97313 0.0268705
6 0.987248 0.0127519
6 0.98601 0.0139899
6 0.986689 0.0133108
6 0.919371 0.0806294
6 0.95762 0.0423801
3 0.403671 0.596329
3 0.106882 0.893118
6 0.99763 0.00237012
6 0.929991 0.0700092
6 0.664273 0.335727
3 1.97188e-07 1
6 0.998932 0.00106828
3 0.000412278 0.999588
3 3.79534e-07 1
6 0.994246 0.00575378
3 7.33768e-05 0.999927
6 0.997451 0.00254918
3 0.00480351 0.995196
3 0.147834 0.852166
3 1e-07 1
6 0.992234 0.00776593
3 0.014056 0.985944
6 0.986417 0.0135832
6 0.987879 0.0121206
6 0.923785 0.0762151
6 0.988557 0.0114429
6 0.954363 0.0456369
6 0.990676 0.00932381
3 1e-07 1
6 0.945751 0.0542493
6 0.989363 0.010637
6 0.986319 0.0136814
3 0.000252331 0.999748
6 0.922798 0.0772024
6 0.727787 0.272213
6 0.79326 0.20674
3 0.00124506 0.998755
6 0.997724 0.0022764
6 0.989328 0.0106723
6 0.984938 0.0150625
3 1e-07 1
3 0.293103 0.706897
6 0.952449 0.0475511
3 0.00566417 0.994336
3 0.000410559 0.999589
3 0.0173891 0.982611
6 0.99245 0.00754999
6 0.97381 0.0261901
6 0.859241 0.140759
3 1e-07 1
6 0.955347 0.044653
3 0.241566 0.758434
3 1e-07 1
6 0.99555 0.00445001
6 0.992078 0.00792239
6 0.997398 0.00260249
6 0.966946 0.0330538
3 0.364687 0.635313
6 0.757947 0.242053
3 4.54339e-07 1
3 0.0177546 0.982245
3 0.000132133 0.999868
3 0.212433 0.787567
6 0.988112 0.0118879
3 0.182295 0.817705
3 0.0274512 0.972549
6 0.994969 0.0050313
6 0.945479 0.0545214
6 0.991245 0.00875479
6 0.991953 0.00804677
6 0.933243 0.0667574
3 1.18711e-05 0.999988
6 0.879244 0.120756
6 0.97696 0.02304
3 5.19604e-07 0.999999
6 0.982298 0.017702
3 0.328101 0.671899
3 0.0217304 0.97827
3 2.38164e-06 0.999998
3 0.00531037 0.99469
6 0.985772 0.014228
3 0.0203048 0.979695
6 0.956409 0.0435914
3 1.99911e-05 0.99998
3 0.000210763 0.999789
6 0.996865 0.00313474
6 0.729735 0.270265
6 0.998458 0.00154237
6 0.916232 0.0837682
6 0.927769 0.0722307
6 0.967048 0.0329522
6 0.981637 0.0183629
6 0.997411 0.00258904
6 0.849831 0.150169
3 0.0307024 0.969298
6 0.812457 0.187543
6 0.703587 0.296413
3 0.0649262 0.935074
6 0.989016 0.0109842
6 0.991348 0.00865165
6 0.989434 0.010566
6 0.996344 0.00365645
6 0.965349 0.0346509
6 0.988092 0.0119078
3 0.449751 0.550249
6 0.974124 0.0258759
3 9.18918e-07 0.999999
6 0.614288 0.385712
3 1.2618e-05 0.999987
6 0.996149 0.00385122
3 0.482118 0.517882
6 0.926699 0.0733011
6 0.974249 0.0257506
3 0.0287467 0.971253
3 0.00227752 0.997722
6 0.992792 0.00720838
3 0.0333193 0.966681
6 0.970907 0.0290933
6 0.980852 0.0191477
6 0.908887 0.0911127
3 0.00221904 0.997781
3 0.00094304 0.999057
6 0.992145 0.00785541
3 0.134618 0.865382
3 1.06601e-05 0.999989
3 9.78236e-05 0.999902
6 0.98244 0.0175604
6 0.997977 0.0020234
3 5.92015e-05 0.999941
6 0.997771 0.0022292
6 0.99054 0.00946009
3 0.136953 0.863047
6 0.857058 0.142942
3 0.298019 0.701981
6 0.963541 0.0364593
6 0.923999 0.0760006
3 2.76676e-07 1
6 0.951718 0.0482824
6 0.993131 0.00686888
6 0.995042 0.00495753
3 0.000258274 0.999742
6 0.988508 0.0114919
3 0.0719692 0.928031
6 0.985065 0.014935
6 0.755582 0.244418
6 0.992841 0.00715935
6 0.995344 0.00465628
6 0.985953 0.0140466
6 0.526177 0.473823
6 0.978677 0.0213229
3 3.20211e-05 0.999968
6 0.990767 0.00923253
6 0.99269 0.00731033
6 0.98936 0.0106401
3 0.0809321 0.919068
3 1.63878e-06 0.999998
3 1.05146e-05 0.999989
6 0.969197 0.0308032
6 0.607668 0.392332
6 0.909109 0.0908912
6 0.991893 0.00810714
3 1e-07 1
3 2.97374e-06 0.999997
6 0.988577 0.0114226
6 0.990788 0.00921156
6 0.966619 0.0333807
3 0.358349 0.641651
3 6.51652e-05 0.999935
3 1.55933e-07 1
3 4.05462e-07 1
3 0.000608556 0.999391
6 0.981699 0.0183009
6 0.67579 0.32421
6 0.997706 0.00229424
3 2.10411e-06 0.999998
6 0.997588 0.00241216
6 0.983382 0.0166183
6 0.939916 0.0600844
6 0.82062 0.17938
6 0.919339 0.080661
6 0.703911 0.296089
6 0.971342 0.0286584
3 5.615e-06 0.999994
3 1e-07 1
6 0.990607 0.00939281
6 0.870286 0.129714
6 0.996784 0.00321582
6 0.990311 0.00968894
6 0.952871 0.047129
3 1e-07 1
3 5.70906e-06 0.999994
3 0.0115094 0.988491
3 0.44791 0.55209
6 0.876656 0.123344
6 0.986365 0.0136351
3 0.000611557 0.999388
6 0.984567 0.0154327
6 0.998173 0.00182657
6 0.850178 0.149822
6 0.992442 0.00755797
6 0.979489 0.0205106
6 0.992777 0.0072228
6 0.99171 0.00829022
6 0.988764 0.0112357
3 2.94028e-07 1
6 0.950413 0.0495868
3 2.76155e-05 0.999972
6 0.998878 0.00112236
6 0.936512 0.0634879
6 0.708503 0.291497
6 0.693233 0.306767
3 0.110848 0.889152
3 1e-07 1
3 0.000265863 0.999734
3 0.000106489 0.999894
6 0.918573 0.0814274
6 0.941487 0.0585135
6 0.955907 0.0440929
6 0.989158 0.0108424
3 0.249419 0.750581
3 0.140844 0.859156
3 1e-07 1
3 7.81374e-05 0.999922
3 3.1557e-06 0.999997
6 0.988188 0.011812
6 0.566618 0.433382
3 0.0369057 0.963094
6 0.97725 0.0227497
6 0.871718 0.128282
3 2.56927e-06 0.999997
6 0.92673 0.0732699
6 0.994234 0.0057657
3 0.00116246 0.998838
6 0.990858 0.00914183
6 0.98618 0.0138199
6 0.976648 0.0233517
6 0.708262 0.291738
3 0.389167 0.610833
3 0.000548834 0.999451
6 0.997931 0.00206939
3 0.170066 0.829934
6 0.952504 0.047496
6 0.991245 0.00875458
3 6.26629e-05 0.999937
6 0.998337 0.0016626
6 0.985266 0.0147343
3 0.000133899 0.999866
3 1e-07 1
3 2.82117e-07 1
3 4.06175e-06 0.999996
3 7.86396e-05 0.999921
6 0.991658 0.00834241
6 0.904868 0.0951317
6 0.978884 0.0211161
6 0.939712 0.060288
6 0.996151 0.00384891
3 1.26912e-07 1
3 0.0142972 0.985703
6 0.986936 0.0130643
6 0.884314 0.115686
3 6.4894e-06 0.999994
6 0.993515 0.00648518
6 0.893656 0.106344
3 0.00520276 0.994797
3 0.0146798 0.98532
3 5.18683e-05 0.999948
3 0.00282677 0.997173
6 0.997392 0.00260778
3 4.07933e-06 0.999996
6 0.948611 0.051389
6 0.998312 0.00168849
3 0.000610986 0.999389
6 0.989837 0.0101631
3 1e-07 1
6 0.985819 0.0141808
3 6.79732e-05 0.999932
6 0.799664 0.200336
6 0.992119 0.00788113
6 0.941223 0.0587773
6 0.991447 0.00855275
3 0.0139762 0.986024
6 0.581394 0.418606
6 0.914333 0.0856669
3 0.215083 0.784917
3 0.000163884 0.999836
6 0.990588 0.0094125
3 0.195701 0.804299
3 0.000483113 0.999517
6 0.99483 0.00517015
6 0.998018 0.00198204
3 1.31299e-07 1
6 0.906927 0.0930729
6 0.988414 0.011586
6 0.989567 0.0104334
3 0.24794 0.75206
3 1e-07 1
6 0.993655 0.00634516
6 0.982843 0.0171573
3 8.91626e-07 0.999999
3 1.62667e-05 0.999984
3 0.00111328 0.998887
3 0.328163 0.671837
6 0.991271 0.00872858
6 0.972175 0.0278253
3 5.82355e-06 0.999994
6 0.976275 0.0237247
6 0.980379 0.0196209
3 1.25009e-05 0.999987
6 0.998997 0.00100295
6 0.964745 0.0352547
6 0.991721 0.00827872
3 1e-07 1
6 0.976822 0.0231785
6 0.969909 0.0300906
3 1e-07 1
3 2.21091e-07 1
3 1.49234e-07 1
6 0.998399 0.00160144
6 0.964998 0.0350024
6 0.924436 0.0755639
6 0.976108 0.0238923
6 0.997165 0.00283506
3 0.00551233 0.994488
3 5.77279e-06 0.999994
6 0.99028 0.00971976
6 0.946443 0.0535574
3 0.0717046 0.928295
3 0.465733 0.534267
6 0.99559 0.00441018
6 0.99734 0.00266022
6 0.978087 0.0219135
6 0.999183 0.000816734
6 0.991995 0.00800463
6 0.972354 0.0276458
6 0.93991 0.0600898
6 0.989701 0.0102986
6 0.991503 0.0084967
6 0.995437 0.00456294
3 0.031046 0.968954
3 0.223945 0.776055
3 1e-07 1
6 0.998018 0.00198171
6 0.862895 0.137105
3 0.00100696 0.998993
3 3.70356e-07 1
6 0.935522 0.0644777
6 0.985571 0.0144292
6 0.998857 0.00114292
6 0.974958 0.0250418
3 1.0547e-06 0.999999
3 5.1732e-05 0.999948
3 0.309714 0.690286
3 2.01403e-05 0.99998
6 0.533017 0.466983
6 0.993042 0.00695797
6 0.972351 0.0276492
3 3.51017e-05 0.999965
6 0.985875 0.0141249
6 0.826242 0.173758
6 0.998238 0.00176204
6 0.990128 0.00987229
6 0.839668 0.160332
6 0.998639 0.00136107
6 0.992275 0.00772511
3 2.24488e-06 0.999998
3 1e-07 1
6 0.978621 0.0213789
3 5.97536e-07 0.999999
3 1e-07 1
6 0.926695 0.0733048
6 0.989232 0.0107682
6 0.997293 0.00270668
3 1.37459e-06 0.999999
3 0.442767 0.557233
6 0.955985 0.0440155
6 0.998137 0.00186318
6 0.991243 0.0087574
3 0.349501 0.650499
3 0.380428 0.619572
6 0.997889 0.00211143
3 0.166097 0.833903
6 0.838935 0.161065
6 0.731682 0.268318
3 3.8794e-06 0.999996
3 0.361814 0.638186
6 0.96614 0.0338596
6 0.540603 0.459397
6 0.841529 0.158471
3 0.189498 0.810502
6 0.982723 0.0172766
3 1.73996e-06 0.999998
6 0.991318 0.00868232
3 0.000132786 0.999867
6 0.998228 0.00177217
6 0.998057 0.00194301
6 0.990695 0.00930499
6 0.942181 0.0578186
6 0.994177 0.00582265
6 0.984531 0.0154692
6 0.997446 0.00255356
6 0.910996 0.0890037
3 0.201477 0.798523
3 0.0109692 0.989031
3 0.0660488 0.933951
6 0.980573 0.0194274
6 0.968896 0.0311042
6 0.840644 0.159356
3 8.33199e-06 0.999992
6 0.992992 0.00700827
3 0.00397378 0.996026
3 1e-07 1
6 0.985173 0.0148269
6 0.52237 0.47763
6 0.989989 0.010011
3 5.78927e-07 0.999999
6 0.957389 0.0426105
3 2.89728e-07 1
6 0.947939 0.0520613
3 1e-07 1
6 0.745589 0.254411
3 0.022267 0.977733
6 0.54149 0.45851
6 0.740305 0.259695
6 0.988242 0.0117577
3 1.81248e-05 0.999982
6 0.991714 0.00828572
6 0.986755 0.0132453
3 0.271407 0.728593
6 0.698553 0.301447
3 4.91865e-05 0.999951
6 0.99281 0.00718982
3 1e-07 1
6 0.887082 0.112918
3 0.334275 0.665725
6 0.745849 0.254151
6 0.998512 0.0014875
6 0.99101 0.00898991
6 0.994567 0.00543298
3 0.000567741 0.999432
6 0.873695 0.126305
3 0.000523913 0.999476
3 0.0190715 0.980928
6 0.998042 0.00195837
6 0.991266 0.00873427
6 0.974912 0.0250884
6 0.981643 0.0183569
6 0.982364 0.0176361
3 0.0727142 0.927286
6 0.998755 0.00124541
3 0.000516325 0.999484
6 0.993975 0.00602508
6 0.984464 0.0155359
3 1e-07 1
6 0.868341 0.131659
6 0.946906 0.0530938
6 0.990013 0.00998735
3 0.0549171 0.945083
3 1e-07 1
3 0.00108623 0.998914
6 0.988888 0.0111119
6 0.993062 0.00693841
6 0.871269 0.128731
3 1.21565e-07 1
6 0.997244 0.0027564
6 0.66049 0.33951
6 0.994145 0.00585548
6 0.583047 0.416953
3 0.157316 0.842684
3 1e-07 1
3 8.18961e-05 0.999918
6 0.572882 0.427118
3 9.25752e-07 0.999999
3 1.79931e-07 1
6 0.989602 0.0103985
3 0.419364 0.580636
3 0.0265911 0.973409
6 0.988014 0.011986
3 1e-07 1
3 1e-07 1
6 0.98663 0.0133698
6 0.97441 0.0255899
6 0.885766 0.114234
6 0.99611 0.00389048
6 0.979426 0.0205745
3 2.31429e-05 0.999977
3 1e-07 1
6 0.92079 0.0792105
6 0.805876 0.194124
6 0.991812 0.00818783
6 0.989333 0.0106668
6 0.999146 0.00085389
3 0.29611 0.70389
6 0.99088 0.00912033
6 0.555067 0.444933
3 1.42229e-06 0.999999
6 0.898191 0.101809
6 0.978053 0.0219474
3 1e-07 1
3 1.05758e-07 1
6 0.924121 0.0758788
6 0.998725 0.00127539
3 0.109193 0.890807
6 0.997402 0.00259806
3 0.00123198 0.998768
6 0.974023 0.025977
6 0.825404 0.174596
6 0.997711 0.00228946
6 0.995734 0.00426616
6 0.997002 0.00299799
6 0.991682 0.00831779
3 0.00374604 0.996254
6 0.822008 0.177992
6 0.657387 0.342613
6 0.989262 0.0107382
3 0.0895135 0.910487
3 0.0344627 0.965537
6 0.978031 0.0219687
6 0.995937 0.00406344
6 0.999163 0.000836845
6 0.967033 0.0329673
6 0.981408 0.0185919
3 3.62796e-07 1
6 0.862035 0.137965
6 0.965163 0.0348372
3 0.177321 0.822679
6 0.903775 0.0962249
3 0.000700559 0.999299
6 0.99896 0.0010404
6 0.954137 0.0458627
6 0.994329 0.00567136
6 0.997507 0.00249268
6 0.835431 0.164569
6 0.993537 0.00646288
6 0.976164 0.0238359
6 0.992476 0.00752439
6 0.989381 0.0106189
6 0.955174 0.0448255
6 0.79062 0.20938
6 0.81688 0.18312
3 0.293663 0.706337
6 0.990034 0.00996596
6 0.981034 0.0189664
6 0.988756 0.0112437
6 0.986768 0.0132319
6 0.979416 0.0205836
3 0.0122194 0.987781
6 0.996979 0.00302119
6 0.994669 0.00533075
3 0.169593 0.830407
6 0.971498 0.0285017
3 1e-07 1
3 0.468624 0.531376
3 1e-07 1
6 0.9897 0.0103
6 0.955733 0.0442669
3 1e-07 1
6 0.955117 0.0448832
6 0.977801 0.0221991
3 4.22263e-06 0.999996
6 0.992311 0.00768868
6 0.987136 0.0128637
6 0.983838 0.016162
6 0.776629 0.223371
3 0.00176402 0.998236
6 0.9903 0.00969954
6 0.981179 0.0188207
6 0.91445 0.08555
3 0.00591488 0.994085
3 2.9461e-06 0.999997
3 5.36431e-05 0.999946
3 1.70955e-05 0.999983
6 0.96155 0.0384501
6 0.520255 0.479745
6 0.997983 0.00201709
6 0.994579 0.00542102
3 0.000333065 0.999667
3 8.22403e-06 0.999992
6 0.991625 0.00837525
6 0.991628 0.00837235
6 0.956549 0.043451
6 0.892984 0.107016
3 0.000129104 0.999871
3 0.00164684 0.998353
6 0.766129 0.233871
6 0.954278 0.0457217
3 0.499894 0.500106
6 0.989984 0.0100159
6 0.77552 0.22448
6 0.998883 0.00111697
3 0.000576713 0.999423
3 2.07712e-07 1
6 0.991213 0.00878709
6 0.991145 0.0088549
6 0.921981 0.0780187
3 2.90679e-07 1
6 0.997325 0.00267457
3 0.000114377 0.999886
3 1.06415e-05 0.999989
6 0.762066 0.237934
6 0.995525 0.00447532
3 1e-07 1
6 0.968681 0.0313187
6 0.75579 0.24421
6 0.99673 0.00327045
6 0.731924 0.268076
6 0.994558 0.00544213
6 0.991392 0.00860791
3 0.000162809 0.999837
6 0.768364 0.231636
6 0.921414 0.0785861
6 0.976005 0.023995
3 1.79136e-06 0.999998
6 0.997892 0.00210808
3 1e-07 1
3 0.274683 0.725317
3 0.0544213 0.945579
6 0.987845 0.0121552
6 0.91207 0.0879304
6 0.998374 0.00162574
6 0.989663 0.0103372
3 0.000447781 0.999552
3 1.54293e-06 0.999998
3 0.00344901 0.996551
6 0.996743 0.00325671
3 1e-07 1
3 1.22371e-05 0.999988
3 0.028169 0.971831
6 0.9394 0.0606
6 0.989656 0.0103439
6 0.984442 0.0155582
6 0.716372 0.283628
3 0.0030816 0.996918
6 0.976569 0.0234306
3 0.355168 0.644832
3 1e-07 1
6 0.996003 0.00399691
3 0.488526 0.511474
6 0.957866 0.0421338
3 0.220317 0.779683
6 0.851017 0.148983
6 0.593503 0.406497
6 0.980945 0.0190552
6 0.996441 0.00355945
3 0.000103861 0.999896
6 0.588105 0.411895
3 0.00233333 0.997667
3 0.000128581 0.999871
6 0.99098 0.00901989
6 0.96564 0.0343601
3 0.113798 0.886202
6 0.662956 0.337044
6 0.973331 0.0266695
6 0.984793 0.0152068
6 0.982048 0.0179515
6 0.994226 0.00577411
6 0.992104 0.00789641
6 0.664771 0.335229
6 0.993797 0.00620343
3 0.213776 0.786224
3 1e-07 1
3 0.0744621 0.925538
3 1.25863e-06 0.999999
3 9.59813e-07 0.999999
3 1e-07 1
3 0.0076851 0.992315
3 1.46106e-06 0.999999
3 4.83211e-07 1
6 0.939003 0.060997
6 0.996825 0.00317453
6 0.987724 0.0122756
6 0.697458 0.302542
6 0.825991 0.174009
6 0.908318 0.0916823
6 0.989942 0.010058
6 0.992357 0.00764259
6 0.991246 0.00875354
6 0.759364 0.240636
6 0.986515 0.0134855
6 0.86165 0.13835
6 0.758289 0.241711
6 0.991417 0.00858278
3 8.28043e-05 0.999917
6 0.897554 0.102446
6 0.983908 0.0160919
3 0.459601 0.540399
3 2.06396e-05 0.999979
3 1e-07 1
6 0.998257 0.00174308
6 0.999108 0.000891897
3 0.0708091 0.929191
6 0.998932 0.00106808
6 0.974754 0.0252457
6 0.993783 0.00621658
6 0.998187 0.00181336
6 0.856617 0.143383
6 0.998502 0.00149786
6 0.985841 0.0141593
6 0.998003 0.00199718
3 0.196608 0.803392
6 0.992724 0.00727569
6 0.899861 0.100139
6 0.988 0.0120004
3 0.000249786 0.99975
6 0.656684 0.343316
6 0.997957 0.00204288
6 0.994716 0.00528413
6 0.995996 0.00400364
3 6.15099e-06 0.999994
3 1.17438e-06 0.999999
6 0.924263 0.0757373
3 7.18238e-07 0.999999
6 0.835488 0.164512
3 0.0239808 0.976019
3 1e-07 1
3 0.000320552 0.999679
6 0.992013 0.00798716
6 0.626983 0.373017
6 0.99211 0.00788955
3 0.00929854 0.990701
6 0.997956 0.00204364
3 1e-07 1
6 0.970333 0.029667
3 4.21205e-07 1
3 0.268022 0.731978
6 0.996206 0.00379363
6 0.986342 0.0136575
3 0.000399993 0.9996
6 0.990049 0.00995054
6 0.991848 0.00815199
3 5.39982e-07 0.999999
6 0.957245 0.0427547
3 1e-07 1
6 0.982238 0.0177615
6 0.982538 0.0174621
6 0.994474 0.00552571
3 6.12126e-05 0.999939
6 0.99108 0.00891963
3 0.000295341 0.999705
6 0.992013 0.00798706
6 0.990425 0.00957463
6 0.740272 0.259728
6 0.99258 0.00741997
6 0.965319 0.0346807
6 0.960111 0.0398887
3 1.59443e-05 0.999984
3 1e-07 1
6 0.630638 0.369362
6 0.987365 0.0126349
6 0.89085 0.10915
6 0.971451 0.0285488
3 0.311464 0.688536
3 3.71963e-06 0.999996
3 0.00514317 0.994857
6 0.752605 0.247395
6 0.990437 0.00956256
6 0.998376 0.00162387
6 0.913772 0.0862277
3 0.00277068 0.997229
6 0.997273 0.00272672
3 2.15068e-07 1
3 0.00994667 0.990053
3 0.406932 0.593068
6 0.995184 0.00481596
6 0.97679 0.0232099
3 1.48913e-06 0.999999
6 0.887249 0.112751
3 0.00159695 0.998403
6 0.990463 0.00953735
6 0.913846 0.0861545
6 0.959963 0.0400366
6 0.998204 0.00179618
6 0.981634 0.0183656
6 0.995542 0.00445791
6 0.996946 0.00305414
3 2.9232e-05 0.999971
6 0.997847 0.00215266
6 0.990998 0.00900151
6 0.926215 0.073785
3 1e-07 1
6 0.995969 0.00403134
3 4.87091e-07 1
3 0.0767845 0.923215
3 2.0122e-06 0.999998
3 1e-07 1
6 0.992381 0.00761916
6 0.989408 0.0105922
6 0.956277 0.0437234
6 0.976411 0.0235885
6 0.998999 0.00100126
3 6.73751e-07 0.999999
6 0.998082 0.00191829
6 0.990411 0.0095891
3 0.448454 0.551546
3 0.00583441 0.994166
6 0.946576 0.0534235
3 9.27171e-07 0.999999
3 1.05469e-07 1
6 0.994501 0.00549864
6 0.946225 0.0537748
6 0.784829 0.215171
6 0.975915 0.0240854
6 0.979464 0.020536
6 0.988575 0.0114245
6 0.826619 0.173381
3 0.00015515 0.999845
6 0.990438 0.00956183
6 0.988609 0.0113908
3 6.94583e-06 0.999993
3 1.12264e-07 1
6 0.998892 0.00110762
6 0.99408 0.00592021
3 1.35777e-05 0.999986
3 1e-07 1
6 0.728028 0.271972
3 0.00989342 0.990107
6 0.882642 0.117358
3 0.00290415 0.997096
6 0.934034 0.0659659
3 3.96199e-06 0.999996
3 0.010622 0.989378
6 0.992535 0.00746499
6 0.998175 0.00182513
3 0.014586 0.985414
6 0.926264 0.0737356
6 0.985883 0.0141165
6 0.99067 0.00933039
6 0.97487 0.0251299
6 0.940267 0.0597328
3 1.65411e-05 0.999983
6 0.937721 0.0622792
6 0.988307 0.0116925
3 9.14761e-06 0.999991
6 0.892038 0.107962
3 2.41392e-06 0.999998
6 0.973448 0.026552
6 0.798952 0.201048
3 1.72674e-06 0.999998
3 0.000150429 0.99985
3 0.160104 0.839896
3 6.97986e-06 0.999993
3 1e-07 1
6 0.995966 0.00403411
6 0.995329 0.00467122
6 0.924719 0.075281
3 0.344133 0.655867
6 0.872094 0.127906
6 0.991541 0.0084591
6 0.693849 0.306151
6 0.999014 0.000986111
3 1e-07 1
3 1e-07 1
3 2.59221e-06 0.999997
3 0.000931752 0.999068
6 0.991149 0.00885077
6 0.996241 0.00375887
3 0.0146674 0.985333
6 0.981656 0.0183442
6 0.979399 0.0206006
3 0.0486863 0.951314
3 0.112085 0.887915
6 0.968384 0.0316161
6 0.99031 0.00968972
6 0.997825 0.00217507
6 0.987662 0.0123384
6 0.801932 0.198068
3 1.40875e-06 0.999999
6 0.986871 0.0131285
6 0.963307 0.0366935
6 0.989303 0.0106968
3 0.264541 0.735459
6 0.812338 0.187662
3 0.121116 0.878884
3 0.21131 0.78869
6 0.701903 0.298097
6 0.939866 0.0601345
6 0.724184 0.275816
3 0.494273 0.505727
6 0.998339 0.00166096
6 0.963415 0.036585
6 0.792393 0.207607
6 0.655892 0.344108
6 0.968702 0.0312984
3 2.13023e-05 0.999979
6 0.991808 0.00819221
3 9.48072e-06 0.999991
3 0.000266849 0.999733
3 0.0523213 0.947679
6 0.980182 0.0198178
6 0.988448 0.0115515
3 1e-07 1
6 0.993502 0.00649845
3 7.35225e-05 0.999926
6 0.993605 0.00639538
6 0.889455 0.110545
3 0.0167571 0.983243
6 0.99206 0.00793968
3 0.00176733 0.998233
6 0.997899 0.00210061
3 4.35424e-05 0.999956
3 1.18263e-06 0.999999
6 0.968753 0.031247
6 0.970491 0.029509
6 0.991572 0.00842759
3 1e-07 1
3 2.43154e-07 1
3 0.000684546 0.999315
6 0.875985 0.124015
3 0.0587086 0.941291
6 0.953391 0.0466092
3 0.338593 0.661407
3 8.41467e-07 0.999999
3 0.434644 0.565356
3 2.11046e-06 0.999998
3 0.0262741 0.973726
6 0.99593 0.00406966
6 0.986521 0.0134788
6 0.995878 0.00412198
6 0.622596 0.377404
6 0.98678 0.0132195
3 0.00936457 0.990635
6 0.898066 0.101934
3 1.63232e-07 1
6 0.887728 0.112272
6 0.821931 0.178069
3 1.06562e-07 1
3 1e-07 1
6 0.924577 0.0754226
6 0.998238 0.00176214
3 1e-07 1
6 0.97295 0.0270497
6 0.987598 0.0124016
3 7.84697e-06 0.999992
6 0.996983 0.00301681
6 0.71773 0.28227
6 0.94132 0.0586805
6 0.988416 0.0115843
3 1e-07 1
6 0.98048 0.01952
3 2.03852e-07 1
6 0.998069 0.00193096
6 0.997579 0.00242122
6 0.99551 0.00448977
6 0.992022 0.00797793
3 1.07881e-07 1
6 0.995258 0.00474171
3 1.43294e-06 0.999999
6 0.863164 0.136836
6 0.974921 0.0250794
3 0.000138901 0.999861
6 0.998281 0.00171889
6 0.633638 0.366362
6 0.998452 0.00154755
3 1e-07 1
6 0.925262 0.0747376
6 0.974114 0.0258865
6 0.997456 0.00254434
3 0.000341648 0.999658
6 0.996477 0.00352272
3 0.299152 0.700848
6 0.986383 0.0136169
6 0.994653 0.00534702
6 0.998555 0.00144526
6 0.973877 0.0261233
6 0.851768 0.148232
3 8.75636e-05 0.999912
3 0.000651735 0.999348
6 0.997943 0.00205658
6 0.992483 0.0075166
6 0.987894 0.0121063
3 0.000154444 0.999846
6 0.992697 0.00730335
3 1e-07 1
6 0.967522 0.0324777
6 0.93863 0.0613703
6 0.990238 0.00976217
6 0.990086 0.00991431
3 1.36202e-06 0.999999
6 0.779928 0.220072
6 0.906375 0.0936253
3 0.000121234 0.999879
6 0.836789 0.163211
3 1e-07 1
3 1e-07 1
6 0.945387 0.0546131
3 1e-07 1
6 0.988404 0.0115961
6 0.992695 0.00730479
6 0.983583 0.0164173
3 1e-07 1
6 0.933184 0.066816
6 0.921273 0.0787268
3 0.297393 0.702607
6 0.981406 0.0185944
3 0.021267 0.978733
6 0.99682 0.00318047
3 8.32688e-07 0.999999
3 0.0496618 0.950338
6 0.99872 0.0012804
6 0.997113 0.00288663
3 4.93981e-07 1
6 0.932814 0.0671861
3 0.0313196 0.96868
6 0.992402 0.00759763
6 0.98651 0.0134899
3 0.095451 0.904549
6 0.998829 0.00117119
6 0.99687 0.00313024
6 0.986223 0.0137767
6 0.625781 0.374219
6 0.828851 0.171149
6 0.987845 0.0121552
6 0.9396 0.0603997
6 0.988172 0.0118282
3 0.00338311 0.996617
3 0.00105643 0.998944
6 0.908064 0.0919363
6 0.982922 0.0170776
6 0.99134 0.00865988
3 1.10522e-06 0.999999
3 2.34011e-05 0.999977
3 0.000376164 0.999624
6 0.99659 0.00340961
6 0.988384 0.0116162
3 1e-07 1
3 1e-07 1
3 0.431524 0.568476
3 0.0218056 0.978194
6 0.626504 0.373496
3 1.20732e-07 1
6 0.984002 0.0159976
3 0.282348 0.717652
6 0.981955 0.0180449
3 1.19385e-06 0.999999
3 1e-07 1
6 0.954734 0.0452661
6 0.991268 0.00873168
6 0.984123 0.0158767
6 0.513513 0.486487
3 1e-07 1
6 0.802125 0.197875
6 0.983586 0.0164142
6 0.949746 0.0502536
3 0.0167992 0.983201
6 0.886339 0.113661
6 0.969925 0.0300754
6 0.991857 0.0081431
6 0.993365 0.00663515
6 0.988281 0.0117187
6 0.998765 0.0012354
6 0.99247 0.00753013
6 0.99875 0.00125001
6 0.98371 0.0162898
3 1e-07 1
3 0.0395221 0.960478
3 0.00889095 0.991109
6 0.990039 0.00996051
3 0.00102552 0.998974
3 0.0611257 0.938874
6 0.992081 0.00791938
3 1e-07 1
3 1.46449e-07 1
6 0.828859 0.171141
6 0.609329 0.390671
6 0.833949 0.166051
3 0.215286 0.784714
6 0.998665 0.00133452
3 0.0041169 0.995883
3 0.444222 0.555778
6 0.597502 0.402498
6 0.737652 0.262348
6 0.606013 0.393987
6 0.988872 0.0111284
3 0.00050114 0.999499
6 0.980225 0.0197748
6 0.996837 0.0031628
6 0.926068 0.0739316
3 0.192097 0.807903
6 0.978251 0.0217485
6 0.687417 0.312583
3 4.55844e-05 0.999954
3 0.0312473 0.968753
6 0.58424 0.41576
3 0.000140746 0.999859
6 0.74264 0.25736
3 0.00190522 0.998095
3 3.01904e-06 0.999997
3 1e-07 1
3 0.380775 0.619225
3 0.00699016 0.99301
3 0.299471 0.700529
3 5.22874e-06 0.999995
6 0.965659 0.0343406
3 0.0280263 0.971974
6 0.755751 0.244249
3 0.00281088 0.997189
3 0.0403283 0.959672
3 0.286672 0.713328
6 0.959872 0.0401278
6 0.992593 0.00740722
6 0.99735 0.0026498
6 0.98569 0.0143095
6 0.959392 0.0406078
3 0.00017828 0.999822
6 0.988185 0.0118148
6 0.991692 0.00830804
6 0.973288 0.0267118
6 0.839904 0.160096
6 0.988212 0.0117876
6 0.968103 0.0318969
6 0.995297 0.0047033
6 0.990289 0.00971087
6 0.993224 0.00677565
3 0.000861768 0.999138
6 0.768443 0.231557
6 0.981636 0.0183644
6 0.99711 0.00289014
3 4.39537e-07 1
6 0.975283 0.0247174
3 0.000204965 0.999795
6 0.957529 0.0424707
6 0.99914 0.000860093
6 0.98856 0.0114404
6 0.984092 0.0159083
3 1e-07 1
6 0.987274 0.0127257
3 8.36489e-07 0.999999
3 1e-07 1
3 6.89928e-05 0.999931
6 0.995532 0.0044681
6 0.988292 0.0117083
6 0.991228 0.00877152
3 0.000147199 0.999853
3 1.06789e-05 0.999989
3 0.00821685 0.991783
3 0.000888821 0.999111
6 0.928705 0.0712953
6 0.989893 0.0101071
3 4.5212e-05 0.999955
6 0.957719 0.0422809
3 0.000136309 0.999864
6 0.992929 0.00707076
6 0.997411 0.00258947
3 0.000236215 0.999764
3 1e-07 1
6 0.990556 0.00944418
3 0.00156183 0.998438
6 0.989243 0.0107574
6 0.985316 0.0146835
3 1.8642e-06 0.999998
6 0.992108 0.00789247
6 0.986929 0.0130709
3 3.46062e-06 0.999997
6 0.988192 0.011808
6 0.97849 0.0215101
6 0.982654 0.0173463
6 0.988474 0.0115261
6 0.992237 0.00776337
3 0.0130096 0.98699
6 0.991971 0.00802933
3 0.129329 0.870671
6 0.983914 0.0160863
6 0.981512 0.0184884
3 1.95511e-05 0.99998
6 0.978549 0.021451
6 0.997332 0.00266765
3 0.0586731 0.941327
6 0.995491 0.00450887
6 0.995919 0.00408124
3 0.0250488 0.974951
3 0.0775259 0.922474
3 4.40101e-05 0.999956
6 0.992356 0.00764444
6 0.998797 0.00120273
6 0.967252 0.0327483
3 5.52257e-05 0.999945
6 0.693339 0.306661
3 2.59505e-05 0.999974
6 0.995788 0.00421211
6 0.997336 0.00266433
3 0.0894104 0.91059
3 0.000420725 0.999579
3 0.35868 0.64132
6 0.989294 0.0107059
6 0.990509 0.00949116
6 0.99456 0.00544009
6 0.99806 0.00193999
3 0.047965 0.952035
3 0.169131 0.830869
3 0.0012076 0.998792
6 0.995864 0.00413631
3 0.00184104 0.998159
6 0.951568 0.0484317
3 0.0220006 0.977999
6 0.961082 0.0389176
3 0.278337 0.721663
3 7.44915e-07 0.999999
6 0.953349 0.0466512
6 0.996828 0.00317237
6 0.977435 0.0225653
3 7.58552e-07 0.999999
6 0.997418 0.00258186
6 0.993546 0.00645366
6 0.991732 0.00826847
6 0.99843 0.00157025
3 1e-07 1
6 0.939727 0.0602728
6 0.995677 0.00432267
6 0.971576 0.028424
6 0.999271 0.000729294
6 0.991935 0.00806487
3 1e-07 1
3 0.00322623 0.996774
6 0.944489 0.0555111
6 0.996091 0.00390853
6 0.947137 0.0528632
6 0.98589 0.0141102
6 0.988986 0.0110144
6 0.991733 0.00826725
6 0.864127 0.135873
3 1.68102e-07 1
6 0.996186 0.00381352
3 1.1373e-07 1
6 0.673937 0.326063
6 0.85122 0.14878
6 0.541384 0.458616
6 0.994368 0.00563201
3 0.186135 0.813865
3 0.202751 0.797249
6 0.695671 0.304329
3 0.230692 0.769308
6 0.998813 0.00118681
3 0.146032 0.853968
6 0.999295 0.000705362
6 0.968298 0.0317018
6 0.909694 0.0903065
6 0.96133 0.0386705
3 0.0553147 0.944685
6 0.605686 0.394314
6 0.990017 0.00998263
3 0.0203309 0.979669
3 8.29262e-07 0.999999
6 0.945814 0.0541855
6 0.999275 0.000724559
6 0.996948 0.00305232
6 0.998613 0.00138691
6 0.89587 0.10413
6 0.996922 0.00307805
3 0.0019072 0.998093
3 1.4065e-07 1
6 0.990477 0.00952268
6 0.998136 0.00186432
3 0.0993681 0.900632
6 0.992545 0.00745541
6 0.929205 0.0707946
6 0.996778 0.00322246
3 0.000254595 0.999745
6 0.997472 0.00252827
6 0.849375 0.150625
6 0.936867 0.0631329
3 0.0111779 0.988822
6 0.987599 0.0124008
3 1e-07 1
6 0.981702 0.0182982
6 0.995559 0.00444054
6 0.98037 0.0196303
3 0.123572 0.876428
3 1e-07 1
3 0.000324955 0.999675
6 0.988283 0.0117165
6 0.955618 0.0443819
6 0.99839 0.00161029
6 0.998731 0.00126921
6 0.81624 0.18376
6 0.986612 0.0133885
3 1e-07 1
3 0.0305812 0.969419
6 0.998168 0.00183234
3 0.140442 0.859558
3 6.60085e-06 0.999993
3 0.231628 0.768372
6 0.919051 0.0809495
6 0.981715 0.0182854
3 0.0361339 0.963866
3 0.052871 0.947129
6 0.911916 0.0880844
6 0.966659 0.033341
3 1e-07 1
3 2.6895e-05 0.999973
3 0.0255853 0.974415
3 0.0152048 0.984795
6 0.99525 0.00475048
6 0.995362 0.0046377
6 0.994486 0.00551373
3 2.3967e-06 0.999998
6 0.982958 0.0170419
6 0.643537 0.356463
6 0.99215 0.00784998
6 0.987254 0.0127457
6 0.963342 0.0366578
6 0.912889 0.0871106
6 0.950735 0.049265
3 0.000124798 0.999875
3 0.0472222 0.952778
6 0.580774 0.419226
3 4.65103e-06 0.999995
3 1.18265e-05 0.999988
6 0.992187 0.00781284
6 0.886558 0.113442
3 0.0175777 0.982422
6 0.997895 0.00210543
6 0.988349 0.0116508
6 0.997473 0.00252691
6 0.991307 0.0086927
6 0.562217 0.437783
3 1e-07 1
3 0.00398791 0.996012
3 1e-07 1
6 0.987434 0.0125658
6 0.991401 0.00859862
3 0.000153508 0.999846
6 0.861362 0.138638
6 0.990522 0.00947784
6 0.992818 0.00718216
6 0.992475 0.00752496
6 0.977482 0.022518
6 0.90542 0.0945795
3 1.44344e-05 0.999986
6 0.996929 0.00307087
6 0.925297 0.0747026
6 0.995864 0.00413562
6 0.997797 0.00220345
6 0.998222 0.00177773
6 0.998479 0.00152149
6 0.972159 0.0278413
3 1e-07 1
6 0.99189 0.00811016
6 0.982739 0.0172612
3 0.0176771 0.982323
6 0.987428 0.012572
3 0.00328479 0.996715
6 0.605504 0.394496
6 0.972516 0.0274844
6 0.958045 0.0419555
3 0.253895 0.746105
6 0.991556 0.00844428
6 0.971222 0.0287784
6 0.941032 0.0589679
6 0.998099 0.00190148
3 1e-07 1
3 0.000541067 0.999459
3 6.82747e-06 0.999993
6 0.999127 0.00087274
6 0.570254 0.429746
6 0.989633 0.0103675
6 0.989914 0.0100864
6 0.988244 0.0117557
6 0.9882 0.0118004
3 0.335658 0.664342
6 0.996173 0.00382661
6 0.980061 0.0199389
3 2.68419e-06 0.999997
6 0.87283 0.12717
3 2.36532e-07 1
3 1e-07 1
3 0.00125941 0.998741
6 0.998908 0.00109163
3 0.00137566 0.998624
6 0.838196 0.161804
6 0.99107 0.0089299
6 0.906828 0.0931725
6 0.87196 0.12804
3 2.96651e-05 0.99997
6 0.99223 0.00776965
6 0.997233 0.00276659
3 0.0792743 0.920726
6 0.973519 0.0264808
6 0.991719 0.00828143
6 0.989707 0.0102934
3 0.0135912 0.986409
6 0.518053 0.481947
6 0.988286 0.0117141
3 0.00386938 0.996131
6 0.991954 0.00804611
3 2.65349e-06 0.999997
3 0.00134036 0.99866
3 0.000307001 0.999693
3 4.93256e-06 0.999995
3 2.23682e-06 0.999998
3 0.107832 0.892168
3 5.1042e-07 0.999999
3 0.00131898 0.998681
3 1e-07 1
6 0.998669 0.00133074
3 0.446437 0.553563
3 0.441335 0.558665
3 7.81964e-05 0.999922
3 0.000284959 0.999715
3 4.41214e-05 0.999956
6 0.982095 0.0179046
3 0.441402 0.558598
3 0.351102 0.648898
3 0.256126 0.743874
3 0.0347844 0.965216
6 0.981586 0.0184144
3 0.000243772 0.999756
3 2.63725e-05 0.999974
3 0.000728825 0.999271
3 0.000186137 0.999814
3 0.000101061 0.999899
3 0.00249462 0.997505
3 6.3805e-07 0.999999
6 0.993995 0.00600504
6 0.732526 0.267474
6 0.988895 0.011105
3 0.00278326 0.997217
3 5.60967e-07 0.999999
6 0.929725 0.0702749
6 0.982811 0.0171887
3 0.000901491 0.999099
3 0.000659982 0.99934
6 0.513119 0.486881
3 5.30363e-07 0.999999
6 0.984745 0.0152545
6 0.966999 0.033001
3 8.05203e-07 0.999999
3 7.09917e-06 0.999993
6 0.940485 0.0595145
6 0.85594 0.14406
3 1e-07 1
3 0.143756 0.856244
3 0.0406912 0.959309
6 0.992858 0.00714191
3 0.000326703 0.999673
3 5.39043e-07 0.999999
3 1e-07 1
6 0.988006 0.0119938
6 0.821257 0.178743
3 0.0894172 0.910583
6 0.98596 0.0140396
3 0.0369169 0.963083
3 0.0609886 0.939011
3 1e-07 1
3 0.000547283 0.999453
3 1e-07 1
3 2.22832e-05 0.999978
3 0.272884 0.727116
6 0.997847 0.00215341
6 0.992029 0.00797059
6 0.997352 0.0026475
3 0.00751976 0.99248
6 0.996615 0.00338537
3 0.003788 0.996212
6 0.686796 0.313204
3 0.00749071 0.992509
6 0.996655 0.00334546
6 0.997387 0.00261279
6 0.804367 0.195633
6 0.954727 0.0452733
6 0.996624 0.00337555
6 0.992407 0.00759272
6 0.98381 0.0161902
6 0.952712 0.0472879
3 2.13338e-05 0.999979
3 2.0377e-06 0.999998
3 0.000203925 0.999796
6 0.997192 0.00280845
3 0.000492927 0.999507
6 0.783102 0.216898
6 0.993452 0.00654847
6 0.978313 0.0216866
6 0.997248 0.00275158
6 0.992531 0.00746871
6 0.996866 0.0031336
6 0.996577 0.00342262
6 0.996502 0.0034975
6 0.990247 0.00975272
3 0.000154383 0.999846
6 0.942132 0.0578682
3 3.28985e-07 1
6 0.982561 0.0174395
6 0.977277 0.0227228
6 0.707003 0.292997
6 0.954892 0.0451083
6 0.648969 0.351031
6 0.988801 0.0111988
6 0.998752 0.00124827
3 0.488609 0.511391
6 0.86069 0.13931
6 0.886919 0.113081
6 0.967921 0.0320787
6 0.906854 0.0931464
3 0.0495871 0.950413
6 0.984937 0.0150633
6 0.966735 0.0332652
3 0.00273061 0.997269
3 1e-07 1
6 0.948196 0.0518035
6 0.835917 0.164083
3 2.44798e-05 0.999976
3 0.000393081 0.999607
6 0.991145 0.0088547
6 0.981696 0.0183037
3 0.0671636 0.932836
6 0.994664 0.005336
3 1.76058e-06 0.999998
3 5.32375e-06 0.999995
6 0.990046 0.00995351
6 0.961272 0.0387278
3 4.40756e-05 0.999956
6 0.929273 0.0707273
6 0.99183 0.00816981
3 0.3631 0.6369
6 0.997102 0.00289787
6 0.959463 0.0405371
6 0.997892 0.00210829
3 0.460525 0.539475
6 0.835282 0.164718
6 0.993017 0.00698259
6 0.85699 0.14301
3 0.0659886 0.934011
6 0.990458 0.00954229
6 0.998938 0.00106233
6 0.991714 0.00828608
6 0.983711 0.0162895
3 0.0829539 0.917046
3 6.44712e-05 0.999936
6 0.602076 0.397924
6 0.967055 0.0329451
3 0.472833 0.527167
6 0.999702 0.000297977
6 0.996619 0.0033806
3 0.0586212 0.941379
6 0.984514 0.0154863
3 6.53611e-06 0.999993
6 0.667659 0.332341
6 0.961849 0.0381511
6 0.987241 0.012759
6 0.961541 0.0384586
6 0.99213 0.00787002
6 0.996802 0.00319809
6 0.638416 0.361584
3 1.2455e-07 1
6 0.99682 0.00317996
6 0.872347 0.127653
6 0.988545 0.0114552
3 0.172784 0.827216
6 0.989551 0.0104494
6 0.996366 0.00363391
3 1e-07 1
6 0.714159 0.285841
3 3.28137e-07 1
6 0.983441 0.0165586
6 0.984486 0.0155142
6 0.759648 0.240352
6 0.998081 0.00191856
6 0.994932 0.00506788
6 0.822625 0.177375
6 0.993749 0.0062507
3 0.345259 0.654741
3 1.88463e-06 0.999998
3 2.82958e-07 1
3 0.0230713 0.976929
6 0.99869 0.00131042
3 5.91359e-07 0.999999
6 0.873127 0.126873
3 0.209562 0.790438
6 0.978462 0.0215378
6 0.891364 0.108636
6 0.994372 0.00562824
3 8.76528e-06 0.999991
6 0.982681 0.0173188
3 0.00188931 0.998111
6 0.997488 0.0025115
3 0.0608287 0.939171
6 0.989212 0.0107881
6 0.992012 0.00798759
3 0.323689 0.676311
3 8.3834e-06 0.999992
6 0.988885 0.011115
6 0.980583 0.0194172
6 0.992886 0.0071143
3 5.52223e-05 0.999945
6 0.996686 0.00331442
6 0.983431 0.0165694
6 0.977297 0.0227032
6 0.998065 0.00193476
6 0.830738 0.169262
3 4.10004e-06 0.999996
6 0.968659 0.0313406
6 0.687296 0.312704
3 0.201389 0.798611
3 1e-07 1
3 0.00035167 0.999648
6 0.932358 0.067642
3 0.000110915 0.999889
3 0.158261 0.841739
6 0.939546 0.0604545
3 9.10376e-06 0.999991
6 0.72157 0.27843
3 0.0610308 0.938969
6 0.99067 0.00933017
6 0.983059 0.0169413
3 0.013395 0.986605
6 0.996024 0.00397628
6 0.99883 0.00117
6 0.967024 0.032976
6 0.980501 0.0194994
3 0.212991 0.787009
3 0.000183049 0.999817
6 0.974132 0.0258683
6 0.99089 0.00911029
6 0.992814 0.00718607
6 0.944752 0.055248
6 0.923139 0.0768615
3 9.19065e-06 0.999991
6 0.988277 0.0117229
3 1.07292e-07 1
3 1e-07 1
6 0.987199 0.0128006
3 0.404024 0.595976
6 0.998795 0.00120542
3 1e-07 1
6 0.819051 0.180949
3 1e-07 1
6 0.970811 0.0291887
3 0.000257015 0.999743
3 0.0183694 0.981631
6 0.990319 0.00968077
3 0.467152 0.532848
6 0.976589 0.0234113
3 1e-07 1
6 0.988044 0.0119558
6 0.991469 0.00853112
6 0.993213 0.00678723
6 0.98838 0.0116202
3 1.00387e-07 1
3 0.000138955 0.999861
3 0.000490054 0.99951
6 0.995945 0.00405453
3 0.0157194 0.984281
3 0.00403298 0.995967
6 0.990892 0.00910758
6 0.839558 0.160442
3 1e-07 1
3 0.0518921 0.948108
3 0.000175717 0.999824
6 0.995626 0.00437387
6 0.997732 0.00226784
3 4.64378e-05 0.999954
3 2.47681e-07 1
6 0.954076 0.0459241
3 6.73084e-07 0.999999
3 1.1343e-05 0.999989
3 1e-07 1
6 0.983899 0.0161012
6 0.867533 0.132467
6 0.975817 0.024183
3 0.000730721 0.999269
6 0.987278 0.0127216
6 0.898942 0.101058
3 0.00216095 0.997839
3 1e-07 1
6 0.96769 0.0323102
6 0.920442 0.0795578
3 1e-07 1
6 0.81902 0.18098
3 0.000130581 0.999869
6 0.962662 0.0373377
3 0.043472 0.956528
6 0.992952 0.00704829
6 0.991448 0.00855199
3 0.000304216 0.999696
3 1.03756e-05 0.99999
6 0.998327 0.00167314
3 1e-07 1
3 1.18552e-05 0.999988
6 0.984609 0.0153911
6 0.965176 0.0348237
3 4.31948e-05 0.999957
3 2.35323e-06 0.999998
6 0.970782 0.0292176
6 0.999045 0.000954733
3 0.196389 0.803611
3 2.29577e-05 0.999977
3 0.160061 0.839939
6 0.98847 0.0115295
6 0.943758 0.0562417
3 2.00893e-05 0.99998
6 0.993028 0.00697171
6 0.737505 0.262495
3 1e-07 1
3 9.66259e-07 0.999999
6 0.996279 0.00372107
6 0.994117 0.00588305
6 0.934066 0.065934
6 0.991897 0.00810298
3 0.102954 0.897046
3 3.34964e-06 0.999997
6 0.996042 0.00395767
3 0.065845 0.934155
6 0.925466 0.0745338
6 0.980275 0.0197254
6 0.990562 0.00943815
6 0.989228 0.0107723
6 0.99317 0.00683005
6 0.999197 0.000803272
6 0.995502 0.0044983
6 0.998836 0.00116418
3 1.24363e-07 1
6 0.988734 0.0112658
6 0.984558 0.0154418
3 0.00112806 0.998872
6 0.830765 0.169235
3 0.0763392 0.923661
6 0.602977 0.397023
6 0.865296 0.134704
6 0.990873 0.00912675
6 0.989436 0.0105637
6 0.8242 0.1758
6 0.987462 0.0125379
3 7.96852e-07 0.999999
6 0.994213 0.00578746
6 0.998486 0.00151435
6 0.987159 0.0128409
6 0.94276 0.0572396
6 0.973878 0.0261218
3 0.347382 0.652618
3 0.38874 0.61126
3 0.00506961 0.99493
6 0.822507 0.177493
6 0.996826 0.00317381
6 0.997828 0.00217218
6 0.936387 0.0636127
3 1.90239e-07 1
3 1e-07 1
3 2.5913e-05 0.999974
6 0.919814 0.0801861
6 0.995191 0.00480932
6 0.998143 0.00185723
6 0.963874 0.0361261
6 0.998175 0.00182467
6 0.943664 0.0563357
3 1.94506e-06 0.999998
6 0.607101 0.392899
3 5.04186e-06 0.999995
3 0.0290019 0.970998
3 0.00737647 0.992624
6 0.81855 0.18145
6 0.900154 0.0998457
6 0.98882 0.0111797
6 0.998967 0.00103261
3 0.00795023 0.99205
6 0.992027 0.00797286
3 7.07191e-06 0.999993
3 0.00574465 0.994255
3 1.51242e-06 0.999998
3 0.429688 0.570312
3 1e-07 1
6 0.977473 0.0225268
3 0.150477 0.849523
6 0.90985 0.0901499
6 0.926115 0.0738854
6 0.971265 0.0287355
6 0.998093 0.00190667
3 1.33869e-05 0.999987
3 0.000249529 0.99975
3 0.00196759 0.998032
6 0.995979 0.00402141
3 0.000239011 0.999761
3 1e-07 1
6 0.990056 0.00994377
6 0.745493 0.254507
6 0.808713 0.191287
3 0.000419832 0.99958
6 0.99617 0.00382988
3 0.172511 0.827489
3 0.0047198 0.99528
6 0.983515 0.0164854
6 0.991369 0.00863057
3 0.00528493 0.994715
6 0.916289 0.0837107
6 0.987027 0.0129731
6 0.999333 0.000667008
6 0.983667 0.0163332
3 1.94049e-06 0.999998
3 1e-07 1
3 0.196091 0.803909
6 0.999025 0.000974679
6 0.985942 0.014058
6 0.990474 0.00952628
6 0.998311 0.00168939
6 0.998913 0.00108656
3 9.59857e-05 0.999904
6 0.970862 0.0291384
6 0.618714 0.381286
3 1e-07 1
3 0.000982385 0.999018
3 0.380111 0.619889
6 0.991747 0.00825261
3 0.00293571 0.997064
6 0.994393 0.00560743
6 0.994859 0.00514068
6 0.989636 0.0103637
6 0.984293 0.0157067
3 0.452957 0.547043
6 0.99168 0.0083197
6 0.997379 0.00262068
6 0.946293 0.0537073
3 1e-07 1
6 0.739714 0.260286
6 0.995741 0.00425853
6 0.941607 0.0583929
3 1.22382e-07 1
6 0.99502 0.00497983
3 1.2643e-06 0.999999
3 0.420255 0.579745
3 7.69747e-05 0.999923
3 0.296027 0.703973
6 0.836495 0.163505
3 0.0903524 0.909648
6 0.991497 0.00850282
3 1e-07 1
6 0.998171 0.00182881
6 0.983007 0.016993
3 1.10848e-06 0.999999
3 0.0616016 0.938398
6 0.989465 0.0105347
3 3.97285e-07 1
6 0.9859 0.0141001
6 0.58728 0.41272
3 0.242118 0.757882
3 2.77043e-07 1
6 0.996238 0.00376175
3 0.132291 0.867709
6 0.998427 0.00157318
3 0.000121656 0.999878
6 0.96724 0.0327602
6 0.98019 0.0198098
3 2.70174e-06 0.999997
6 0.98065 0.0193504
3 1e-07 1
6 0.991077 0.00892314
3 0.324444 0.675556
6 0.98645 0.0135498
6 0.994041 0.00595862
6 0.752751 0.247249
6 0.991404 0.00859619
3 4.24842e-05 0.999958
3 3.52327e-05 0.999965
6 0.72561 0.27439
3 0.223273 0.776727
3 1.99493e-06 0.999998
6 0.962467 0.0375329
6 0.992423 0.00757657
6 0.76227 0.23773
6 0.981176 0.018824
6 0.955396 0.0446043
3 0.00296911 0.997031
6 0.587873 0.412127
3 0.000151994 0.999848
6 0.933573 0.0664266
6 0.962282 0.037718
3 0.0013899 0.99861
6 0.991571 0.0084295
6 0.944855 0.0551448
6 0.997762 0.00223808
6 0.997754 0.00224631
3 0.000864012 0.999136
3 0.0482076 0.951792
6 0.998322 0.00167837
3 0.0376644 0.962336
3 0.000435516 0.999564
3 9.15434e-06 0.999991
3 0.0143966 0.985603
3 0.000412781 0.999587
6 0.97213 0.0278704
6 0.998335 0.00166519
6 0.919431 0.0805691
3 0.129053 0.870947
6 0.810064 0.189936
3 0.0106663 0.989334
6 0.994244 0.00575642
6 0.960915 0.0390854
3 0.0201637 0.979836
6 0.853375 0.146625
3 3.69004e-06 0.999996
6 0.997792 0.00220784
6 0.963067 0.0369329
3 0.258217 0.741783
3 1.14389e-05 0.999989
6 0.661483 0.338517
3 1e-07 1
6 0.986169 0.0138309
6 0.992169 0.0078314
6 0.992059 0.00794092
6 0.993079 0.00692102
6 0.990807 0.00919326
6 0.891707 0.108293
3 0.0189833 0.981017
3 3.99973e-06 0.999996
3 6.3021e-05 0.999937
6 0.994883 0.0051173
6 0.71961 0.28039
6 0.994519 0.0054807
6 0.986389 0.0136112
6 0.973474 0.0265256
3 0.244379 0.755621
6 0.996475 0.00352483
3 0.270301 0.729699
3 0.000523528 0.999476
6 0.992538 0.00746242
6 0.994974 0.0050258
3 1e-07 1
6 0.977066 0.0229336
3 0.00679453 0.993205
3 1.84433e-05 0.999982
6 0.997557 0.00244344
3 0.372158 0.627842
6 0.98945 0.0105505
6 0.986832 0.0131685
6 0.988151 0.0118492
6 0.995219 0.00478134
3 1e-07 1
6 0.958766 0.0412341
6 0.883772 0.116228
6 0.996968 0.0030323
3 0.112865 0.887135
6 0.940394 0.059606
6 0.975948 0.024052
6 0.907512 0.0924883
6 0.960604 0.0393964
6 0.992162 0.00783756
3 3.58286e-05 0.999964
6 0.978277 0.0217232
3 1e-07 1
3 1.69051e-05 0.999983
3 0.334818 0.665182
6 0.993942 0.00605776
6 0.989977 0.010023
6 0.992327 0.00767338
6 0.982157 0.017843
6 0.931045 0.0689553
6 0.986741 0.0132591
6 0.966398 0.0336015
6 0.997815 0.00218488
3 0.08774 0.91226
3 0.326089 0.673911
3 2.46404e-06 0.999998
3 3.7347e-06 0.999996
3 1e-07 1
6 0.994427 0.00557279
3 0.000289581 0.99971
6 0.991912 0.00808841
6 0.977006 0.0229943
6 0.989525 0.0104748
6 0.930493 0.0695074
6 0.991475 0.00852481
6 0.987663 0.0123366
3 0.479163 0.520837
6 0.998768 0.001232
3 0.000133297 0.999867
6 0.998266 0.00173449
6 0.993384 0.0066165
6 0.989181 0.0108188
3 0.19518 0.80482
6 0.981659 0.0183411
6 0.972068 0.0279318
6 0.989511 0.0104892
3 0.373844 0.626156
3 3.3738e-05 0.999966
3 1e-07 1
3 0.000297746 0.999702
6 0.973199 0.0268008
6 0.997565 0.00243485
3 9.84703e-07 0.999999
6 0.937031 0.0629689
3 0.108644 0.891356
6 0.709442 0.290558
6 0.99114 0.00885979
3 9.62809e-06 0.99999
6 0.979476 0.0205236
6 0.998199 0.0018014
6 0.981816 0.018184
6 0.989828 0.0101724
6 0.998704 0.00129612
6 0.931039 0.0689608
3 3.24204e-06 0.999997
3 1e-07 1
3 0.0115216 0.988478
6 0.976837 0.0231633
6 0.992506 0.00749432
6 0.980264 0.0197365
6 0.866468 0.133532
6 0.938567 0.0614327
3 0.00046285 0.999537
3 0.0112825 0.988718
3 0.0011876 0.998812
3 0.000169575 0.99983
3 3.65071e-07 1
6 0.959558 0.0404419
6 0.966667 0.0333333
3 4.08191e-06 0.999996
6 0.995473 0.00452711
6 0.986084 0.0139158
6 0.632007 0.367993
3 0.167998 0.832002
6 0.954477 0.0455232
3 0.00257507 0.997425
3 4.03188e-06 0.999996
6 0.908027 0.0919731
6 0.924266 0.0757342
6 0.988517 0.0114826
3 0.00287432 0.997126
6 0.840201 0.159799
3 0.00975594 0.990244
3 1.1964e-07 1
6 0.972454 0.0275463
3 0.00109134 0.998909
3 1e-07 1
6 0.971441 0.028559
3 0.199081 0.800919
6 0.85572 0.14428
6 0.966966 0.0330345
6 0.985367 0.0146332
6 0.989432 0.0105684
3 0.059426 0.940574
6 0.858785 0.141215
6 0.982751 0.0172491
6 0.985286 0.0147142
6 0.986145 0.0138553
6 0.987785 0.0122152
3 2.8286e-05 0.999972
3 0.166892 0.833108
6 0.952706 0.047294
6 0.993165 0.00683537
6 0.857264 0.142736
6 0.831898 0.168102
6 0.995142 0.00485828
6 0.955651 0.0443494
6 0.93904 0.0609601
6 0.978355 0.0216449
6 0.817116 0.182884
6 0.997687 0.00231319
6 0.974229 0.0257705
3 0.412688 0.587312
6 0.995071 0.00492864
6 0.989297 0.0107026
6 0.605544 0.394456
3 1e-07 1
3 0.00588787 0.994112
3 0.00011827 0.999882
6 0.93909 0.0609101
6 0.879114 0.120886
3 1e-07 1
6 0.990853 0.00914748
6 0.991788 0.00821229
6 0.977142 0.0228584
3 9.94242e-07 0.999999
3 2.29886e-06 0.999998
3 2.17095e-05 0.999978
6 0.713186 0.286814
6 0.773432 0.226568
6 0.835181 0.164819
3 1e-07 1
6 0.818491 0.181509
3 0.378636 0.621364
6 0.996762 0.00323822
3 2.58643e-07 1
6 0.997758 0.00224166
6 0.95986 0.0401399
3 0.0111299 0.98887
3 0.279869 0.720131
3 0.000737608 0.999262
3 0.0469342 0.953066
6 0.977669 0.0223306
3 7.372e-07 0.999999
6 0.99819 0.0018105
3 0.000233231 0.999767
3 0.000118963 0.999881
3 4.52778e-05 0.999955
6 0.990073 0.00992697
6 0.98922 0.0107797
6 0.99909 0.000909751
3 0.00108503 0.998915
3 1.0986e-06 0.999999
6 0.910648 0.0893519
6 0.974831 0.0251692
3 2.50081e-06 0.999997
3 0.256037 0.743963
6 0.881848 0.118152
3 0.00179541 0.998205
6 0.934702 0.0652985
6 0.84649 0.15351
3 2.25168e-06 0.999998
6 0.994708 0.00529226
6 0.997079 0.0029215
3 0.30811 0.69189
3 5.56725e-05 0.999944
3 0.29336 0.70664
3 1e-07 1
6 0.819655 0.180345
3 0.14863 0.85137
3 0.0021462 0.997854
6 0.967792 0.0322076
6 0.975436 0.0245642
6 0.903704 0.0962961
6 0.931355 0.0686455
3 3.4879e-06 0.999997
3 3.33079e-05 0.999967
6 0.913709 0.0862905
6 0.997236 0.00276421
6 0.751876 0.248124
3 0.00387952 0.99612
3 0.00309468 0.996905
3 1e-07 1
6 0.982621 0.0173792
6 0.990183 0.00981708
3 1e-07 1
3 0.000895074 0.999105
3 1e-07 1
3 0.000599838 0.9994
3 0.000134476 0.999866
6 0.921233 0.0787669
3 0.239825 0.760175
6 0.748792 0.251208
6 0.656909 0.343091
6 0.954412 0.0455883
6 0.943621 0.056379
6 0.974158 0.0258422
3 1.32279e-07 1
6 0.968269 0.0317311
6 0.980588 0.019412
6 0.972104 0.0278959
3 1e-07 1
6 0.917005 0.0829949
6 0.976779 0.0232212
6 0.989195 0.010805
6 0.971385 0.0286145
6 0.995974 0.00402601
3 7.53888e-06 0.999992
3 1e-07 1
6 0.939769 0.0602306
6 0.99252 0.00747988
6 0.850045 0.149955
6 0.913216 0.0867839
3 0.125971 0.874029
3 0.103753 0.896247
6 0.936691 0.0633094
6 0.93078 0.0692202
3 0.0167891 0.983211
6 0.985041 0.0149593
6 0.991279 0.00872063
6 0.985679 0.0143215
6 0.814837 0.185163
6 0.987374 0.0126265
6 0.998368 0.00163192
6 0.971524 0.0284755
6 0.998345 0.00165472
6 0.993082 0.00691782
3 1e-07 1
6 0.552765 0.447235
6 0.853605 0.146395
6 0.995569 0.00443128
6 0.988539 0.0114615
3 2.36356e-05 0.999976
3 0.000114594 0.999885
3 5.94656e-07 0.999999
6 0.989193 0.010807
6 0.999278 0.000721934
6 0.79905 0.20095
3 1e-07 1
3 0.231285 0.768715
6 0.995802 0.0041984
3 4.37111e-06 0.999996
3 0.178278 0.821722
6 0.973648 0.0263525
6 0.978505 0.0214949
3 1.07457e-05 0.999989
6 0.994431 0.00556901
6 0.98487 0.0151297
6 0.939314 0.0606856
6 0.858049 0.141951
3 0.000692581 0.999307
6 0.989284 0.0107161
3 0.170444 0.829556
3 0.0346015 0.965399
6 0.990212 0.00978752
6 0.986071 0.0139292
3 0.249544 0.750456
3 0.000123997 0.999876
6 0.99294 0.00706014
6 0.989194 0.0108061
3 0.035109 0.964891
6 0.998325 0.00167457
3 1e-07 1
3 0.338012 0.661988
3 0.114948 0.885052
3 1.89635e-05 0.999981
6 0.98291 0.0170897
6 0.846258 0.153742
6 0.983503 0.0164969
6 0.997589 0.00241092
6 0.990834 0.00916611
6 0.978401 0.0215986
