labels 2 6
2 0.554262 0.445738
6 0.0860383 0.913962
6 0.0196819 0.980318
6 1e-07 1
6 5.91908e-07 0.999999
6 0.0815241 0.918476
6 0.0614302 0.93857
2 0.951825 0.0481753
6 1.06897e-06 0.999999
6 1e-07 1
6 1.97187e-06 0.999998
6 8.78378e-05 0.999912
2 1 1e-07
6 0.0481402 0.95186
6 5.40262e-05 0.999946
6 0.000108063 0.999892
6 0.0024072 0.997593
2 0.588249 0.411751
6 8.23078e-07 0.999999
6 0.0110407 0.988959
6 0.000219118 0.999781
6 0.00692728 0.993073
2 0.980937 0.0190627
6 0.0025042 0.997496
6 5.11267e-05 0.999949
6 0.00159629 0.998404
6 0.000375655 0.999624
6 0.0043785 0.995622
6 4.43598e-05 0.999956
2 0.999988 1.17612e-05
6 7.02163e-05 0.99993
6 0.000344608 0.999655
6 0.0707933 0.929207
6 0.000370658 0.999629
6 0.000112939 0.999887
2 0.965852 0.0341479
2 0.999549 0.000450817
6 0.000314532 0.999685
6 2.37121e-07 1
2 0.999804 0.00019581
6 0.0190335 0.980966
6 0.00512231 0.994878
6 0.210163 0.789837
6 6.85842e-05 0.999931
6 0.00337531 0.996625
6 0.0163877 0.983612
2 0.996807 0.00319326
6 0.0239664 0.976034
2 0.996369 0.00363096
2 0.671364 0.328636
2 0.988355 0.0116454
6 4.82377e-05 0.999952
6 3.41552e-07 1
6 0.00233326 0.997667
2 0.999385 0.000615369
2 0.999315 0.000685357
6 0.0767653 0.923235
6 0.0001746 0.999825
6 0.00198862 0.998011
6 0.00347734 0.996523
6 0.147908 0.852092
6 0.472418 0.527582
6 5.91435e-05 0.999941
2 0.999978 2.24617e-05
6 2.03342e-06 0.999998
6 1e-07 1
6 0.479332 0.520668
6 0.000805784 0.999194
6 0.00734017 0.99266
6 0.0184144 0.981586
6 0.105691 0.894309
6 0.00161792 0.998382
2 0.99965 0.000350318
2 0.919962 0.0800376
6 0.0101104 0.98989
6 1e-07 1
6 0.0507242 0.949276
2 0.519854 0.480146
6 0.00888675 0.991113
6 0.0833129 0.916687
6 3.44403e-06 0.999997
6 2.67716e-06 0.999997
6 1e-07 1
6 0.0445596 0.95544
6 0.00014891 0.999851
2 0.997773 0.00222749
2 0.980374 0.0196259
6 1.19891e-05 0.999988
6 0.228623 0.771377
6 0.000542247 0.999458
6 1e-07 1
2 0.989865 0.010135
6 0.00234144 0.997659
6 0.137282 0.862718
2 0.989456 0.0105438
6 2.12606e-06 0.999998
6 0.000202473 0.999798
2 0.533732 0.466268
2 0.913558 0.0864425
6 1.26876e-06 0.999999
6 6.55416e-05 0.999934
2 0.98964 0.0103596
6 0.0605358 0.939464
2 0.997098 0.00290184
2 0.996824 0.00317631
6 5.8911e-07 0.999999
6 2.28771e-05 0.999977
2 0.999884 0.000116244
6 0.000420029 0.99958
6 0.0917541 0.908246
6 0.0635849 0.936415
6 0.00395028 0.99605
2 0.998447 0.00155321
2 0.996766 0.00323369
2 0.979012 0.020988
2 0.998483 0.00151725
6 0.0240408 0.975959
6 0.000302193 0.999698
6 0.233494 0.766506
2 0.986405 0.0135948
6 0.00045277 0.999547
6 0.00015437 0.999846
6 1.87881e-05 0.999981
6 0.00116459 0.998835
6 0.000162166 0.999838
2 0.999952 4.83624e-05
6 0.0424249 0.957575
6 0.000826831 0.999173
6 0.000429748 0.99957
2 0.993657 0.00634258
6 8.55684e-06 0.999991
6 0.00257388 0.997426
6 0.0126727 0.987327
2 0.993759 0.00624145
6 0.00425524 0.995745
6 0.446124 0.553876
6 0.000158552 0.999841
6 0.074114 0.925886
6 1e-07 1
2 0.999999 1.21306e-06
6 0.000489576 0.99951
6 0.00129774 0.998702
2 0.999945 5.48217e-05
6 2.67463e-06 0.999997
6 0.103426 0.896574
2 0.985959 0.0140414
2 0.999997 2.86023e-06
2 0.559319 0.440681
6 8.41038e-05 0.999916
6 0.00095238 0.999048
6 0.0901018 0.909898
2 0.990347 0.00965343
2 0.981144 0.0188556
6 0.000223829 0.999776
2 0.996486 0.00351448
2 0.927069 0.0729314
2 0.991841 0.00815865
6 0.0244068 0.975593
6 0.00856861 0.991431
2 0.983299 0.0167006
6 9.57127e-07 0.999999
6 3.07466e-06 0.999997
6 0.000226282 0.999774
6 9.59057e-06 0.99999
2 0.999995 5.40733e-06
6 0.000815621 0.999184
2 0.999929 7.12824e-05
6 0.227562 0.772438
6 4.26389e-06 0.999996
6 1e-07 1
6 0.00066281 0.999337
2 0.998054 0.00194553
6 4.78193e-07 1
6 5.39955e-05 0.999946
6 0.0268898 0.97311
6 0.0264108 0.973589
6 0.000446735 0.999553
2 0.997042 0.00295819
6 0.0936513 0.906349
6 2.04732e-05 0.99998
6 5.28707e-07 0.999999
6 0.0372409 0.962759
6 0.000324694 0.999675
6 0.000109314 0.999891
2 0.999998 2.13746e-06
2 0.601867 0.398133
6 0.00593683 0.994063
6 5.35752e-06 0.999995
6 0.000718932 0.999281
6 0.020065 0.979935
2 0.997714 0.00228615
6 0.000164865 0.999835
2 0.999853 0.000147411
2 0.582225 0.417775
2 0.997887 0.00211344
6 0.061525 0.938475
6 0.00184885 0.998151
6 0.00504048 0.99496
6 0.0435503 0.95645
6 6.75317e-05 0.999932
6 1.34789e-05 0.999987
2 0.997937 0.00206333
2 0.951351 0.0486489
6 2.20513e-05 0.999978
2 0.995707 0.0042928
6 0.00133153 0.998668
6 0.0738913 0.926109
2 0.508234 0.491766
6 0.000256819 0.999743
2 0.999992 7.53302e-06
6 0.0433379 0.956662
2 0.735838 0.264162
6 5.60451e-05 0.999944
6 0.000714841 0.999285
2 0.998511 0.00148945
2 0.998002 0.00199752
2 0.745294 0.254706
2 0.874656 0.125344
6 0.0224958 0.977504
6 0.000521957 0.999478
6 0.0016105 0.99839
6 3.97728e-07 1
6 0.346594 0.653406
2 0.516611 0.483389
2 0.990629 0.00937074
6 0.0407137 0.959286
6 0.00152452 0.998475
2 0.999864 0.000135732
2 0.999949 5.1217e-05
2 0.997854 0.00214614
6 8.73253e-07 0.999999
2 0.967731 0.0322692
6 0.000234342 0.999766
6 0.0186346 0.981365
2 0.999732 0.00026794
6 0.337163 0.662837
6 5.86999e-05 0.999941
6 5.25147e-07 0.999999
6 1.66303e-05 0.999983
6 4.03125e-05 0.99996
2 0.999692 0.000308045
6 1e-07 1
6 0.0296617 0.970338
6 0.0347849 0.965215
6 0.000227104 0.999773
6 0.00784687 0.992153
6 0.121196 0.878804
6 0.262589 0.737411
6 1.56617e-06 0.999998
2 0.988226 0.0117743
6 0.025547 0.974453
6 0.000331915 0.999668
2 0.522612 0.477388
2 0.993652 0.00634781
6 0.0735681 0.926432
6 0.00755001 0.99245
2 0.997937 0.00206267
6 0.000193215 0.999807
6 0.000215333 0.999785
2 0.999851 0.000149453
6 1.25569e-05 0.999987
2 0.754869 0.245131
6 0.00110276 0.998897
6 0.00359398 0.996406
6 0.11552 0.88448
6 0.000160552 0.999839
6 1.0548e-05 0.999989
6 0.263402 0.736598
2 0.992137 0.00786337
6 0.000118075 0.999882
2 0.780373 0.219627
6 0.0060695 0.99393
2 0.999454 0.000546297
6 0.00346613 0.996534
2 0.999765 0.000235472
6 0.126186 0.873814
6 0.0169739 0.983026
2 0.984061 0.0159392
2 0.98957 0.0104297
6 0.000292593 0.999707
2 0.99313 0.00686994
2 0.999762 0.000237596
2 0.999882 0.000117639
2 0.998473 0.00152733
6 4.03342e-05 0.99996
6 0.0538146 0.946185
2 0.99976 0.000239793
6 0.00587675 0.994123
6 0.00235827 0.997642
2 0.973239 0.0267613
6 0.00123044 0.99877
2 0.999923 7.678e-05
6 0.000110589 0.999889
2 0.999743 0.000256874
6 0.000116427 0.999884
6 0.000398627 0.999601
6 0.000141916 0.999858
6 1e-07 1
6 0.0542944 0.945706
6 0.00447688 0.995523
6 1.2659e-07 1
6 0.0356793 0.964321
6 0.0105028 0.989497
6 2.41347e-05 0.999976
6 0.0228776 0.977122
6 2.18092e-05 0.999978
2 0.999925 7.45044e-05
6 5.28094e-05 0.999947
6 0.000121752 0.999878
6 0.000176863 0.999823
6 1.47987e-05 0.999985
6 0.000551047 0.999449
6 0.00140669 0.998593
2 0.708042 0.291958
2 0.982602 0.0173984
6 0.0633223 0.936678
6 0.00131211 0.998688
6 8.13418e-05 0.999919
6 0.00213355 0.997866
2 0.970235 0.0297646
6 0.00229972 0.9977
6 6.20027e-05 0.999938
2 0.997579 0.00242088
6 1.53547e-05 0.999985
6 0.133591 0.866409
2 0.998396 0.00160425
2 0.998831 0.00116908
6 0.0725525 0.927448
6 0.0317364 0.968264
6 1.29838e-06 0.999999
6 0.00218942 0.997811
6 0.00366244 0.996338
2 0.98754 0.0124596
2 0.998483 0.00151671
6 0.00133964 0.99866
6 0.00244808 0.997552
6 7.27462e-06 0.999993
6 7.81231e-05 0.999922
2 0.999863 0.000136979
2 0.999933 6.71543e-05
6 0.0814991 0.918501
6 0.000423515 0.999576
6 0.00165277 0.998347
6 0.0187265 0.981274
2 0.97501 0.0249901
6 0.0345239 0.965476
2 0.999997 2.57195e-06
6 0.000383203 0.999617
6 0.00051701 0.999483
6 0.036605 0.963395
6 0.000101907 0.999898
2 0.999983 1.65603e-05
6 0.0193618 0.980638
6 2.82327e-05 0.999972
2 0.994587 0.0054132
6 0.0604904 0.93951
6 9.23403e-07 0.999999
2 0.959819 0.0401812
6 7.19172e-06 0.999993
2 0.599631 0.400369
6 0.000277134 0.999723
2 0.999107 0.000892628
2 0.939013 0.0609869
2 0.991273 0.00872729
6 9.35179e-06 0.999991
2 0.999989 1.12877e-05
2 0.97381 0.0261899
2 0.991723 0.00827655
6 0.000600946 0.999399
6 0.000161437 0.999839
6 0.00141133 0.998589
6 0.0184028 0.981597
2 0.99869 0.0013105
6 8.25202e-06 0.999992
2 0.999762 0.000238198
6 0.476924 0.523076
6 0.0140242 0.985976
6 0.0285979 0.971402
6 0.00182438 0.998176
6 2.50402e-07 1
2 0.970482 0.0295176
2 0.813307 0.186693
6 0.12102 0.87898
2 0.999802 0.000197703
2 0.996159 0.00384145
6 6.74933e-07 0.999999
6 0.0109382 0.989062
6 0.0200375 0.979963
2 0.940854 0.0591462
6 0.00255555 0.997444
6 0.00286171 0.997138
2 0.988537 0.0114627
6 0.482445 0.517555
6 0.292842 0.707158
2 0.773382 0.226618
2 0.999999 1.33081e-06
6 0.00156593 0.998434
6 3.04166e-05 0.99997
6 0.000302702 0.999697
2 0.999721 0.00027868
6 0.00128314 0.998717
6 0.000519615 0.99948
2 0.980922 0.0190785
6 4.42531e-07 1
6 1.32581e-06 0.999999
6 0.0314543 0.968546
2 0.848618 0.151382
2 0.967149 0.0328506
2 0.999996 3.75899e-06
6 0.000853654 0.999146
2 0.999608 0.000392049
6 6.75497e-05 0.999932
2 0.997496 0.00250389
2 0.99059 0.00941017
6 3.33024e-07 1
6 1e-07 1
6 0.00493285 0.995067
2 0.990402 0.00959779
6 2.93458e-05 0.999971
6 0.000116769 0.999883
6 1.61861e-06 0.999998
6 0.000275864 0.999724
6 0.0172932 0.982707
6 0.00888141 0.991119
2 0.626892 0.373108
6 5.13717e-06 0.999995
6 0.079174 0.920826
6 0.000224277 0.999776
6 0.000101044 0.999899
6 1.51849e-06 0.999998
6 0.309688 0.690312
6 1.35547e-06 0.999999
2 1 4.78922e-07
6 1.36596e-07 1
6 0.00703404 0.992966
6 0.0144554 0.985545
2 0.998267 0.00173335
6 0.4352 0.5648
2 0.837526 0.162474
6 0.000158179 0.999842
6 0.000495342 0.999505
6 1e-07 1
6 0.0533272 0.946673
6 0.00728445 0.992716
2 0.993493 0.00650704
2 0.9992 0.000799724
6 0.072295 0.927705
6 1e-07 1
2 0.745348 0.254652
6 0.00311601 0.996884
6 1.96858e-05 0.99998
6 0.000985486 0.999015
6 0.00567932 0.994321
6 0.000396965 0.999603
2 0.999978 2.24979e-05
6 4.55229e-05 0.999954
6 2.68021e-05 0.999973
6 0.000233052 0.999767
6 0.00625824 0.993742
6 1.55935e-06 0.999998
6 4.0311e-05 0.99996
6 0.00060141 0.999399
6 6.48457e-06 0.999994
6 0.0536836 0.946316
2 0.999999 1.35266e-06
6 0.000101987 0.999898
2 0.985551 0.0144489
6 0.00902844 0.990972
6 0.000334928 0.999665
6 0.0207616 0.979238
2 0.995427 0.00457267
6 0.00982392 0.990176
6 5.82497e-05 0.999942
6 1.05233e-06 0.999999
6 0.000367605 0.999632
6 0.00440011 0.9956
6 0.00350085 0.996499
6 4.1799e-05 0.999958
2 0.991871 0.00812905
6 2.8061e-05 0.999972
6 0.000225496 0.999775
2 0.999862 0.00013848
2 0.999729 0.000270547
2 0.942266 0.0577338
6 0.00379799 0.996202
6 1.34061e-05 0.999987
6 6.21533e-05 0.999938
2 0.999873 0.000127116
6 0.000413134 0.999587
6 4.90525e-06 0.999995
2 0.996027 0.0039729
6 6.85872e-07 0.999999
6 0.0182835 0.981716
6 9.46325e-06 0.999991
6 0.00400926 0.995991
2 0.999978 2.20107e-05
6 0.00715841 0.992842
2 0.561706 0.438294
6 1.50279e-07 1
6 0.0025567 0.997443
6 1e-07 1
6 1.25254e-07 1
6 0.00363929 0.996361
6 0.0158164 0.984184
6 0.000398256 0.999602
6 0.00082483 0.999175
2 0.993446 0.00655362
2 0.772952 0.227048
6 2.94131e-05 0.999971
6 0.00384701 0.996153
2 0.99986 0.00013956
6 0.494299 0.505701
6 1.15101e-05 0.999988
6 2.06566e-05 0.999979
2 0.632133 0.367867
2 0.999751 0.000249064
2 0.999638 0.000361603
6 0.000326012 0.999674
6 8.56432e-07 0.999999
6 0.0668897 0.93311
6 0.0225234 0.977477
6 0.000422879 0.999577
6 3.05669e-07 1
6 2.30906e-05 0.999977
2 0.999837 0.000163233
6 0.000752575 0.999247
6 2.85862e-05 0.999971
6 2.72184e-07 1
2 0.553294 0.446706
6 0.0224417 0.977558
2 0.99711 0.00289011
2 0.982969 0.0170305
2 0.99937 0.00062964
6 7.41749e-07 0.999999
2 0.66288 0.33712
2 0.996417 0.00358335
6 0.215396 0.784604
6 2.62102e-05 0.999974
6 0.0502708 0.949729
6 4.11575e-07 1
2 0.999982 1.75514e-05
6 0.153189 0.846811
6 0.034986 0.965014
6 0.00162974 0.99837
6 9.96698e-06 0.99999
6 0.000235358 0.999765
2 0.96646 0.0335405
6 0.000148266 0.999852
6 1.3564e-05 0.999986
6 1e-07 1
6 0.00655341 0.993447
6 2.66043e-06 0.999997
2 0.934187 0.0658129
6 0.131713 0.868287
6 0.000615252 0.999385
6 1.38204e-06 0.999999
2 0.995308 0.00469206
2 0.999736 0.000264079
6 0.000162826 0.999837
6 0.00195435 0.998046
6 0.00643691 0.993563
6 0.000190059 0.99981
6 0.00510207 0.994898
2 0.980376 0.0196241
6 8.19794e-06 0.999992
2 0.791687 0.208313
6 2.31337e-05 0.999977
6 1.3524e-07 1
2 0.894088 0.105912
6 1.03353e-07 1
6 3.22274e-05 0.999968
6 0.323265 0.676735
6 6.87851e-07 0.999999
2 0.998506 0.00149383
2 0.994743 0.00525687
6 0.000660843 0.999339
6 0.00138894 0.998611
2 0.998948 0.00105192
6 8.09445e-06 0.999992
6 4.5297e-06 0.999995
2 0.999754 0.000246039
6 0.439788 0.560212
6 1.53433e-06 0.999998
6 0.149822 0.850178
6 0.00260781 0.997392
2 0.877973 0.122027
6 0.00921135 0.990789
6 0.0181985 0.981802
2 0.996829 0.00317107
2 0.999973 2.71832e-05
6 9.40243e-05 0.999906
6 0.000522613 0.999477
6 0.00111105 0.998889
6 0.00128118 0.998719
6 6.55258e-07 0.999999
6 4.33738e-05 0.999957
6 0.00855486 0.991445
6 0.0784216 0.921578
6 0.273926 0.726074
6 3.34003e-07 1
6 0.000979985 0.99902
2 0.996356 0.00364368
6 0.0485687 0.951431
6 0.0001957 0.999804
2 0.999574 0.000425746
6 7.54127e-05 0.999925
6 3.06716e-05 0.999969
6 5.22252e-05 0.999948
6 0.000229552 0.99977
6 0.000403324 0.999597
6 0.000408444 0.999592
6 0.0179391 0.982061
2 0.998875 0.00112547
6 0.44079 0.55921
6 0.0144744 0.985526
2 0.999984 1.60444e-05
2 0.998012 0.00198811
2 0.925793 0.0742065
6 0.00027341 0.999727
6 2.24665e-05 0.999978
6 0.000397715 0.999602
6 2.17883e-05 0.999978
6 0.000960621 0.999039
6 5.67583e-05 0.999943
2 0.999457 0.000543016
6 0.000584002 0.999416
6 0.0311446 0.968855
6 6.91217e-05 0.999931
6 0.0461166 0.953883
2 0.999897 0.000102745
2 0.652774 0.347226
6 0.000118155 0.999882
6 1.10027e-07 1
6 0.00328799 0.996712
2 0.99981 0.00019012
6 0.381972 0.618028
6 0.0582148 0.941785
2 0.999915 8.50124e-05
2 0.998486 0.00151419
6 0.0020923 0.997908
2 0.653955 0.346045
6 0.00428573 0.995714
2 0.998459 0.00154096
6 0.00160956 0.99839
2 0.557432 0.442568
2 0.998315 0.00168542
6 8.9371e-05 0.999911
2 0.996812 0.00318812
6 0.0108444 0.989156
2 0.994265 0.00573475
6 0.0955243 0.904476
6 0.00421987 0.99578
6 3.15042e-06 0.999997
2 0.97144 0.02856
6 0.000168268 0.999832
6 0.000302393 0.999698
6 3.40717e-06 0.999997
2 0.999955 4.50022e-05
6 0.0215451 0.978455
2 0.999912 8.75075e-05
6 0.00128328 0.998717
2 0.999994 6.28767e-06
6 9.02616e-06 0.999991
6 6.89633e-05 0.999931
6 1.93519e-07 1
6 0.00568945 0.994311
6 0.000668321 0.999332
2 0.999406 0.000594356
6 0.00266484 0.997335
6 0.217694 0.782306
2 0.99982 0.000179919
2 0.996841 0.00315922
6 0.00207465 0.997925
2 0.519291 0.480709
6 1.73243e-05 0.999983
2 0.998641 0.00135936
6 0.00110172 0.998898
2 0.997799 0.00220147
6 0.0316433 0.968357
6 0.00620787 0.993792
2 0.949666 0.0503337
6 0.00154747 0.998453
2 0.999826 0.00017398
6 0.000363183 0.999637
6 0.00633795 0.993662
2 0.999343 0.000656767
2 0.87416 0.12584
6 0.210197 0.789803
2 0.999337 0.000663003
2 0.999961 3.86978e-05
6 0.00209836 0.997902
2 0.999845 0.000154843
2 0.695525 0.304475
2 0.996674 0.00332627
6 0.0086115 0.991388
6 0.00111743 0.998883
2 0.990214 0.00978577
6 0.00156656 0.998433
2 0.999506 0.000494316
6 0.0232621 0.976738
2 0.899512 0.100488
6 0.0551037 0.944896
2 0.996537 0.00346349
6 0.0198981 0.980102
6 0.0163642 0.983636
6 0.00129363 0.998706
2 0.517614 0.482386
2 0.648693 0.351307
6 0.06488 0.93512
2 0.999967 3.31775e-05
6 1e-07 1
6 0.0558485 0.944151
6 0.0621931 0.937807
2 0.981351 0.0186488
6 0.0578924 0.942108
2 0.999624 0.000376036
6 0.00237817 0.997622
6 6.08274e-06 0.999994
6 2.46603e-05 0.999975
6 0.00129243 0.998708
6 1.12685e-05 0.999989
6 6.75412e-06 0.999993
6 4.51977e-05 0.999955
2 0.934779 0.0652212
6 1.53143e-06 0.999998
6 0.194226 0.805774
6 0.000112931 0.999887
2 0.998078 0.00192154
6 0.00139818 0.998602
6 0.0534244 0.946576
6 0.0053334 0.994667
2 0.995796 0.00420364
2 0.996273 0.00372698
6 1e-07 1
2 0.627696 0.372304
2 0.999801 0.000198641
2 0.99013 0.00987045
6 1.27103e-05 0.999987
2 0.998565 0.00143471
6 8.39631e-05 0.999916
6 0.000128228 0.999872
6 0.0343986 0.965601
6 4.09892e-06 0.999996
2 0.999275 0.000725361
6 1.75962e-05 0.999982
2 0.769504 0.230496
6 4.84163e-05 0.999952
6 4.27781e-07 1
2 0.999316 0.000683777
6 8.62302e-05 0.999914
6 0.000132371 0.999868
2 0.997864 0.00213618
6 8.79071e-05 0.999912
6 0.000446617 0.999553
6 0.182741 0.817259
6 0.000541168 0.999459
6 0.000543844 0.999456
2 0.99933 0.000669648
6 0.0358228 0.964177
2 0.764895 0.235105
6 6.55793e-06 0.999993
6 0.000108352 0.999892
2 0.608565 0.391435
6 0.0632726 0.936727
6 0.0377099 0.96229
2 0.529112 0.470888
6 0.000237786 0.999762
6 0.0407201 0.95928
6 0.139061 0.860939
6 0.000558261 0.999442
6 0.00186414 0.998136
6 1.69775e-06 0.999998
6 9.27969e-05 0.999907
2 0.776928 0.223072
2 0.99984 0.000159502
2 0.99881 0.00119004
6 0.0104222 0.989578
6 0.0682191 0.931781
6 4.85948e-06 0.999995
6 1.08195e-05 0.999989
6 2.15992e-06 0.999998
6 1.82047e-05 0.999982
6 0.00608579 0.993914
2 0.999716 0.000284264
6 2.1403e-05 0.999979
2 0.994508 0.00549178
6 0.0285938 0.971406
6 0.0175742 0.982426
6 0.000100702 0.999899
6 0.45245 0.54755
6 0.000444311 0.999556
6 0.00196313 0.998037
6 5.2207e-05 0.999948
6 0.00133374 0.998666
2 0.854775 0.145225
2 0.841089 0.158911
6 0.318353 0.681647
2 0.996344 0.00365599
6 0.0125536 0.987446
6 0.081725 0.918275
6 1e-07 1
6 1e-07 1
6 0.000430462 0.99957
6 0.060029 0.939971
6 0.000124244 0.999876
6 0.0150982 0.984902
6 0.0345843 0.965416
6 6.4619e-06 0.999994
6 0.000360047 0.99964
6 0.0289351 0.971065
2 0.999989 1.06839e-05
6 0.000105722 0.999894
6 7.76421e-05 0.999922
6 0.0139232 0.986077
6 0.0174093 0.982591
6 0.0237176 0.976282
6 0.0454988 0.954501
6 0.000178386 0.999822
6 1e-07 1
6 0.0212527 0.978747
2 0.999553 0.000447199
6 0.128389 0.871611
6 0.0574602 0.94254
6 5.09159e-06 0.999995
6 5.33174e-06 0.999995
6 0.432594 0.567406
6 1.54866e-05 0.999985
2 0.999931 6.92161e-05
6 0.0594241 0.940576
6 1.36459e-05 0.999986
6 0.000147687 0.999852
6 0.359712 0.640288
2 0.996874 0.00312594
2 0.504876 0.495124
6 5.70774e-06 0.999994
2 0.999097 0.000903429
6 7.95726e-05 0.99992
6 5.07803e-05 0.999949
2 0.989681 0.0103188
6 0.00254649 0.997454
6 0.000405179 0.999595
6 0.00152182 0.998478
6 0.0159337 0.984066
6 0.0467414 0.953259
6 8.57822e-05 0.999914
2 0.997987 0.00201266
6 0.00464755 0.995352
6 1e-07 1
6 0.000885284 0.999115
2 0.999108 0.00089206
6 1.31676e-07 1
2 0.989785 0.0102154
6 0.00404455 0.995955
6 2.67527e-06 0.999997
6 1e-07 1
6 3.72291e-05 0.999963
6 0.166207 0.833793
2 0.988909 0.0110908
2 0.996441 0.00355872
6 0.000194385 0.999806
2 0.999942 5.77909e-05
6 0.00055049 0.99945
6 0.00212644 0.997874
6 4.77208e-07 1
2 0.991975 0.00802453
6 0.176447 0.823553
2 0.981546 0.0184544
2 0.99991 8.9827e-05
6 0.0932502 0.90675
6 4.81949e-06 0.999995
6 0.00137406 0.998626
6 0.00128252 0.998717
6 0.0005432 0.999457
6 1e-07 1
6 1.94337e-06 0.999998
6 0.00143413 0.998566
2 0.758982 0.241018
2 0.994791 0.00520875
2 0.996919 0.00308107
2 0.996865 0.00313531
6 0.0172079 0.982792
6 1.02508e-05 0.99999
6 0.000519352 0.999481
6 0.0702678 0.929732
6 1e-07 1
6 0.0303339 0.969666
2 0.998572 0.00142798
6 1.98046e-05 0.99998
6 1.05318e-06 0.999999
2 0.999127 0.000873225
2 0.930601 0.0693993
2 0.798263 0.201737
6 0.0752094 0.924791
6 0.00926942 0.990731
6 0.000905325 0.999095
2 0.943151 0.056849
2 0.995768 0.00423211
6 0.00320896 0.996791
6 0.00127987 0.99872
2 0.999359 0.000641318
6 0.0015376 0.998462
6 0.000542986 0.999457
6 1.1997e-06 0.999999
6 0.000244149 0.999756
6 0.476077 0.523923
6 0.237736 0.762264
6 2.96099e-05 0.99997
6 0.0639008 0.936099
6 0.0685909 0.931409
2 0.991868 0.00813209
6 0.127032 0.872968
6 0.0025242 0.997476
6 0.00307319 0.996927
2 0.999904 9.6201e-05
6 3.6308e-05 0.999964
2 0.619131 0.380869
6 0.00149341 0.998507
2 0.999147 0.000852833
6 0.0384617 0.961538
6 0.0206826 0.979317
6 0.213748 0.786252
6 0.0769673 0.923033
6 2.16044e-05 0.999978
6 5.07446e-07 0.999999
6 5.85947e-05 0.999941
6 0.00878571 0.991214
6 0.011114 0.988886
6 0.00040579 0.999594
6 0.000390907 0.999609
6 0.0203759 0.979624
6 0.00525199 0.994748
6 0.0930626 0.906937
6 1e-07 1
2 0.998407 0.00159283
6 5.16127e-05 0.999948
2 0.912296 0.0877039
6 0.00108648 0.998914
6 0.000793345 0.999207
2 0.743016 0.256984
2 0.992319 0.00768106
6 0.0765164 0.923484
6 7.68989e-06 0.999992
6 0.0144572 0.985543
2 0.991682 0.00831768
6 0.000261631 0.999738
2 0.977011 0.0229887
6 0.0018606 0.998139
6 3.06505e-05 0.999969
6 6.0779e-06 0.999994
6 0.0294666 0.970533
6 0.0195155 0.980484
6 4.07235e-05 0.999959
2 0.999778 0.000221773
2 0.999314 0.000685664
6 0.00678808 0.993212
6 0.00926391 0.990736
2 0.997118 0.0028823
6 0.000386642 0.999613
6 3.22982e-05 0.999968
6 0.0067492 0.993251
2 0.999855 0.000145065
6 0.000589195 0.999411
6 0.00206278 0.997937
6 4.85695e-07 1
6 6.99122e-05 0.99993
2 0.996409 0.00359128
2 0.728111 0.271889
2 0.999973 2.66906e-05
2 0.991723 0.00827697
6 1.42298e-06 0.999999
2 0.999926 7.37241e-05
2 0.989809 0.0101912
6 0.453024 0.546976
2 0.998035 0.00196515
2 0.998627 0.00137278
2 0.999735 0.000264513
6 0.421386 0.578614
6 0.0642805 0.93572
2 0.721166 0.278834
6 0.0636235 0.936377
6 0.00757602 0.992424
6 0.0006794 0.999321
6 0.00834782 0.991652
6 0.000125089 0.999875
6 0.001073 0.998927
6 6.99681e-05 0.99993
6 5.94207e-05 0.999941
2 0.994258 0.00574199
6 0.0156705 0.98433
6 0.00349075 0.996509
2 0.999612 0.000388172
6 1e-07 1
6 2.22456e-05 0.999978
6 3.02694e-05 0.99997
6 0.0509608 0.949039
6 0.151009 0.848991
6 4.77762e-05 0.999952
6 0.00074992 0.99925
2 0.999923 7.66192e-05
6 0.000584526 0.999415
6 9.45564e-07 0.999999
2 0.999929 7.13275e-05
6 0.00171338 0.998287
6 0.00010193 0.999898
6 9.37004e-05 0.999906
6 0.122047 0.877953
2 0.61012 0.38988
6 0.00171811 0.998282
6 0.0575962 0.942404
2 0.99952 0.000480406
2 0.989305 0.010695
2 0.818223 0.181777
6 3.53407e-07 1
6 0.00371741 0.996283
6 0.00517585 0.994824
6 0.00188498 0.998115
6 0.0118137 0.988186
2 0.99623 0.00376974
2 0.995183 0.00481725
6 0.00378451 0.996215
6 0.074427 0.925573
6 0.017201 0.982799
6 1.56356e-05 0.999984
6 0.0518298 0.94817
6 3.54719e-05 0.999965
2 0.791135 0.208865
2 0.999747 0.000253161
6 0.052732 0.947268
6 0.0644479 0.935552
6 0.00213716 0.997863
6 0.03001 0.96999
2 0.999326 0.000673673
6 0.02722 0.97278
6 1.0745e-07 1
6 0.00132731 0.998673
6 0.290371 0.709629
2 0.999557 0.000442973
2 0.99986 0.000140236
6 0.000431076 0.999569
2 0.973135 0.0268651
6 1.44281e-07 1
6 0.0112872 0.988713
6 0.00210688 0.997893
6 0.00234407 0.997656
6 0.000164152 0.999836
2 0.994485 0.00551531
2 0.99994 5.96488e-05
6 0.00104947 0.998951
6 6.45217e-05 0.999935
6 8.8197e-05 0.999912
2 0.999989 1.07897e-05
6 1e-07 1
2 0.997109 0.00289112
2 0.999176 0.000824135
6 0.000149522 0.99985
2 0.998032 0.0019679
2 0.999149 0.0008506
6 2.95424e-05 0.99997
6 6.62695e-07 0.999999
6 0.0369279 0.963072
6 0.000302429 0.999698
2 0.999219 0.000781209
6 0.00131204 0.998688
6 6.38634e-05 0.999936
6 0.000261085 0.999739
6 1.59678e-05 0.999984
6 0.003444 0.996556
6 0.0402856 0.959714
6 1.19843e-05 0.999988
6 0.000632419 0.999368
6 0.000199141 0.999801
6 0.0832428 0.916757
6 0.000165481 0.999835
6 0.00822146 0.991779
6 2.50681e-07 1
6 0.00353534 0.996465
6 1e-07 1
2 0.994321 0.00567921
2 0.996554 0.00344558
6 0.000664367 0.999336
6 4.35088e-05 0.999956
2 0.63177 0.36823
6 0.000699946 0.9993
6 1.12473e-05 0.999989
6 1.47113e-07 1
6 4.73287e-07 1
2 0.544639 0.455361
2 0.999993 6.91913e-06
6 1e-07 1
6 1.60987e-05 0.999984
2 0.99214 0.00785955
2 0.998613 0.00138663
2 0.649696 0.350304
6 0.000140417 0.99986
6 6.49942e-05 0.999935
6 0.000846623 0.999153
2 0.994775 0.00522482
2 0.888225 0.111775
2 0.99989 0.000109787
2 0.988343 0.0116568
2 0.999346 0.000653825
2 1 3.81919e-07
6 2.6149e-05 0.999974
2 0.997334 0.0026659
6 0.000960859 0.999039
6 0.0297439 0.970256
6 0.0366467 0.963353
6 0.000257729 0.999742
2 0.971018 0.0289825
6 0.0151496 0.98485
6 1e-07 1
6 0.0892087 0.910791
6 8.31346e-05 0.999917
6 9.5702e-06 0.99999
2 0.881952 0.118048
6 0.000135774 0.999864
6 0.130956 0.869044
2 0.998206 0.00179444
2 0.999886 0.000113813
6 2.99704e-06 0.999997
2 0.850406 0.149594
6 0.00113896 0.998861
6 1.95873e-05 0.99998
6 0.260935 0.739065
6 0.00689367 0.993106
2 0.999921 7.94874e-05
6 1.97941e-06 0.999998
2 0.999835 0.000164847
2 0.969146 0.0308541
6 0.00722493 0.992775
6 0.00182203 0.998178
6 1.14388e-05 0.999989
6 8.6119e-05 0.999914
2 0.997486 0.0025141
6 0.0353741 0.964626
6 1e-07 1
6 0.000847411 0.999153
6 6.76261e-05 0.999932
6 0.0737329 0.926267
6 0.071057 0.928943
6 0.000216196 0.999784
6 0.0167609 0.983239
2 0.900592 0.0994076
6 0.00364917 0.996351
6 0.000484232 0.999516
6 0.031658 0.968342
2 0.995384 0.00461561
2 0.999963 3.69657e-05
2 0.997668 0.00233237
2 0.602702 0.397298
6 0.000439475 0.999561
2 0.999994 5.66195e-06
6 0.369581 0.630419
6 0.0391607 0.960839
6 0.00654343 0.993457
6 0.000451366 0.999549
6 4.20086e-05 0.999958
2 0.928254 0.0717465
6 0.000104726 0.999895
6 1.56917e-06 0.999998
6 0.000768584 0.999231
6 0.0286344 0.971366
6 0.00112765 0.998872
6 0.000208878 0.999791
2 0.9993 0.000700432
6 0.00293632 0.997064
2 0.989098 0.0109021
2 0.766056 0.233944
6 0.419675 0.580325
6 0.0181123 0.981888
6 0.0989373 0.901063
6 0.0931145 0.906886
2 0.995595 0.00440507
6 1.02135e-05 0.99999
2 0.51538 0.48462
6 5.06204e-05 0.999949
6 1e-07 1
6 0.00863114 0.991369
2 0.997515 0.00248539
2 0.999865 0.000135305
2 1 3.739e-07
2 0.992084 0.00791646
2 0.98679 0.0132098
2 0.969844 0.0301559
2 0.99952 0.000479642
6 0.00034074 0.999659
6 7.63025e-06 0.999992
6 1.08255e-05 0.999989
2 0.999119 0.000880803
6 0.0344892 0.965511
2 0.991665 0.00833546
6 3.48507e-06 0.999997
2 0.990913 0.00908744
6 0.000431333 0.999569
2 0.986383 0.0136171
2 0.994845 0.00515546
2 0.729676 0.270324
6 0.000122004 0.999878
6 9.27982e-06 0.999991
6 0.000882333 0.999118
6 0.000478877 0.999521
6 0.000197134 0.999803
2 0.999914 8.5614e-05
2 0.993661 0.00633878
2 0.959372 0.0406278
6 0.205892 0.794108
6 0.000215495 0.999785
6 2.3463e-07 1
2 0.999866 0.000134003
2 0.988253 0.0117467
6 0.0161881 0.983812
6 0.106316 0.893684
6 0.00420527 0.995795
6 0.00120727 0.998793
2 0.997544 0.00245567
6 1e-07 1
6 2.41561e-07 1
2 0.976499 0.0235013
6 2.78824e-05 0.999972
6 1.29711e-05 0.999987
6 0.00105704 0.998943
2 0.994249 0.00575111
2 0.999873 0.000126576
6 6.37251e-06 0.999994
2 0.999999 1.28307e-06
6 3.91299e-06 0.999996
2 0.997741 0.00225908
6 0.000493709 0.999506
6 0.000593106 0.999407
2 0.999987 1.30229e-05
6 0.000455582 0.999544
6 0.000847939 0.999152
6 0.000109455 0.999891
2 0.999181 0.000819125
6 0.000853546 0.999146
6 1.93512e-07 1
2 0.992025 0.00797539
6 0.0250721 0.974928
6 0.00107796 0.998922
6 0.000417201 0.999583
2 0.999371 0.000629134
2 0.999058 0.000941978
2 0.999889 0.000111199
2 0.974276 0.0257239
6 0.00341283 0.996587
6 0.0443516 0.955648
2 0.998517 0.00148259
2 0.733411 0.266589
6 7.86606e-05 0.999921
6 2.26683e-07 1
6 1e-07 1
6 0.00027244 0.999728
2 0.997781 0.00221862
6 4.35616e-05 0.999956
6 0.000896015 0.999104
2 0.999997 2.78605e-06
2 0.999958 4.17742e-05
2 0.996863 0.00313659
6 1.32646e-05 0.999987
2 0.986056 0.0139443
6 9.20765e-07 0.999999
2 0.99692 0.00308042
2 0.997064 0.00293619
6 8.23239e-06 0.999992
6 0.000134186 0.999866
6 1.7668e-06 0.999998
2 0.995991 0.00400927
6 0.000212037 0.999788
6 0.00105184 0.998948
6 8.29161e-07 0.999999
2 0.988867 0.0111331
6 0.00297819 0.997022
6 6.9544e-05 0.99993
6 0.0176395 0.982361
6 3.56844e-05 0.999964
6 0.00132448 0.998676
2 0.999809 0.000191253
6 0.0240182 0.975982
6 0.00114847 0.998852
6 0.000207226 0.999793
6 0.00182845 0.998172
2 0.977094 0.022906
6 0.00132817 0.998672
6 0.000137125 0.999863
6 0.00059645 0.999404
2 0.996564 0.00343578
6 0.0041003 0.9959
6 4.81471e-06 0.999995
6 0.000224713 0.999775
2 0.997168 0.00283175
6 1.25534e-05 0.999987
6 0.00438007 0.99562
6 0.0203177 0.979682
6 0.175532 0.824468
2 0.97351 0.0264901
6 4.20433e-05 0.999958
6 0.0804092 0.919591
2 0.985744 0.0142562
6 1.29843e-05 0.999987
2 0.999014 0.000986365
6 4.05605e-05 0.999959
6 0.00126997 0.99873
2 0.991582 0.00841787
2 0.998724 0.00127631
6 0.0248445 0.975155
6 5.54167e-06 0.999994
2 0.999943 5.67623e-05
6 1e-07 1
6 0.00814174 0.991858
6 0.0731189 0.926881
6 1.18395e-06 0.999999
2 0.999738 0.000262218
6 0.00114967 0.99885
6 5.16986e-05 0.999948
6 0.0203516 0.979648
2 0.583656 0.416344
2 0.716555 0.283445
6 0.0663112 0.933689
2 0.991498 0.0085024
6 0.0315013 0.968499
2 0.624775 0.375225
6 0.000617378 0.999383
6 6.13041e-07 0.999999
2 0.99332 0.00667997
6 0.0328966 0.967103
6 0.111385 0.888615
6 0.00265152 0.997348
2 0.998004 0.00199621
2 0.651553 0.348447
2 0.999829 0.000171365
2 0.695803 0.304197
6 0.00244174 0.997558
6 0.0377789 0.962221
6 0.138526 0.861474
6 1e-07 1
6 0.00678382 0.993216
2 0.988908 0.0110917
2 0.999967 3.32244e-05
6 4.08768e-07 1
6 2.05677e-06 0.999998
6 0.106337 0.893663
2 0.992924 0.00707599
2 0.999622 0.00037768
6 0.000865022 0.999135
6 0.000448059 0.999552
6 4.78436e-05 0.999952
2 0.936221 0.0637786
6 0.000844641 0.999155
6 0.0111071 0.988893
6 0.000391687 0.999608
6 0.000119005 0.999881
6 0.0011035 0.998896
6 0.000166464 0.999834
6 0.00197219 0.998028
6 1.31488e-06 0.999999
2 0.999996 3.68507e-06
2 0.999954 4.57355e-05
6 0.364573 0.635427
6 0.00323356 0.996766
6 3.0838e-06 0.999997
6 0.000248321 0.999752
2 0.99925 0.000749741
6 0.00863624 0.991364
6 0.066747 0.933253
2 0.997826 0.00217388
6 0.00952672 0.990473
6 0.155164 0.844836
2 0.972229 0.0277713
6 0.0105882 0.989412
6 0.00680759 0.993192
6 0.000127931 0.999872
2 0.999898 0.000101543
6 0.00995322 0.990047
6 0.493199 0.506801
6 0.00160853 0.998391
2 0.822676 0.177324
2 0.983298 0.0167021
6 1.18306e-06 0.999999
6 0.00416273 0.995837
6 0.000985844 0.999014
6 1.30718e-07 1
6 6.74624e-05 0.999933
2 0.996136 0.00386408
6 2.11459e-06 0.999998
6 0.0648369 0.935163
2 0.989014 0.0109862
6 1.57586e-05 0.999984
6 0.00466976 0.99533
6 1.37749e-06 0.999999
2 0.997235 0.00276488
6 0.00722284 0.992777
2 0.987705 0.0122949
6 0.00854589 0.991454
6 0.0332015 0.966799
6 0.00827403 0.991726
6 0.00759251 0.992407
2 0.997286 0.00271403
2 0.590621 0.409379
6 0.000144145 0.999856
2 0.985813 0.0141874
2 0.999919 8.13919e-05
6 7.15304e-05 0.999928
6 0.00552627 0.994474
6 1.59617e-06 0.999998
2 0.999184 0.000815976
2 0.998646 0.00135405
2 0.519668 0.480332
6 0.48603 0.51397
6 0.0229942 0.977006
6 0.00101189 0.998988
6 1.90664e-05 0.999981
6 9.16677e-07 0.999999
6 0.0331006 0.966899
2 0.998898 0.00110194
6 5.28112e-07 0.999999
2 0.999998 1.64672e-06
6 0.0763035 0.923697
6 0.000492547 0.999507
6 0.02101 0.97899
6 0.00537221 0.994628
6 0.202797 0.797203
6 0.019605 0.980395
6 0.000518531 0.999481
6 0.000865998 0.999134
6 0.0117674 0.988233
6 0.00807364 0.991926
6 0.000304753 0.999695
2 0.999529 0.000470696
2 0.973548 0.0264516
6 1.10073e-05 0.999989
6 3.46606e-05 0.999965
2 0.999141 0.000858543
6 0.0001087 0.999891
6 0.00154727 0.998453
6 0.000230195 0.99977
6 0.0437544 0.956246
6 0.00100023 0.999
6 0.016384 0.983616
2 0.998294 0.00170554
6 0.00567287 0.994327
6 0.0215709 0.978429
6 0.384993 0.615007
6 0.000253899 0.999746
2 0.987003 0.0129974
6 5.94093e-05 0.999941
6 0.0190539 0.980946
6 1.3826e-06 0.999999
6 0.0302965 0.969704
6 0.447066 0.552934
6 4.73294e-07 1
6 1e-07 1
2 0.997068 0.00293183
6 0.000638149 0.999362
2 0.994898 0.00510245
2 0.55914 0.44086
6 0.000608623 0.999391
6 0.117007 0.882993
6 0.00284021 0.99716
6 1.14476e-05 0.999989
2 0.997604 0.00239579
6 2.31741e-06 0.999998
6 1.44043e-07 1
6 1e-07 1
6 8.33114e-05 0.999917
6 0.34919 0.65081
6 0.351174 0.648826
6 0.216975 0.783025
6 1.07069e-07 1
6 0.00109191 0.998908
6 2.7256e-05 0.999973
2 0.974829 0.0251709
2 0.999328 0.000671846
2 0.995976 0.00402373
6 0.000118515 0.999881
2 0.999786 0.000214251
2 0.997751 0.00224868
6 5.14766e-05 0.999949
6 1e-07 1
2 0.7197 0.2803
6 0.00085429 0.999146
6 0.000689223 0.999311
6 6.13804e-05 0.999939
6 0.00128937 0.998711
6 2.4651e-07 1
2 0.742975 0.257025
6 1.39339e-05 0.999986
6 0.0572077 0.942792
6 8.66524e-06 0.999991
6 0.00682034 0.99318
2 0.999999 6.43715e-07
2 0.977755 0.0222453
6 0.000346028 0.999654
2 0.988838 0.0111618
6 0.0146337 0.985366
2 0.993077 0.00692289
6 2.18374e-05 0.999978
6 2.88608e-06 0.999997
6 0.0549896 0.94501
6 0.000217178 0.999783
2 0.996116 0.00388396
6 8.25122e-05 0.999917
6 2.6391e-05 0.999974
6 0.000750714 0.999249
6 8.53209e-06 0.999991
6 0.000917767 0.999082
2 0.999868 0.000132452
6 0.113049 0.886951
6 1.91396e-06 0.999998
2 0.999995 5.46468e-06
6 5.5808e-05 0.999944
2 0.992236 0.00776438
6 0.191035 0.808965
6 7.72453e-06 0.999992
2 0.891211 0.108789
6 0.000344815 0.999655
6 1e-07 1
6 1.41845e-07 1
6 0.00187114 0.998129
6 0.0666805 0.93332
2 0.9994 0.000600215
2 0.999927 7.29535e-05
6 0.295513 0.704487
2 0.99737 0.00263017
6 0.00996217 0.990038
2 0.998905 0.00109516
6 9.57602e-05 0.999904
6 2.2768e-06 0.999998
6 0.112714 0.887286
6 0.087118 0.912882
2 0.99385 0.00615004
6 0.00201826 0.997982
2 0.999719 0.000280853
6 0.00852746 0.991473
6 0.000741733 0.999258
6 0.0139395 0.98606
2 0.994347 0.00565334
6 0.00968326 0.990317
6 0.000298981 0.999701
6 0.000142553 0.999857
2 0.993021 0.00697937
6 7.98048e-06 0.999992
6 1.12979e-05 0.999989
6 1.25635e-05 0.999987
6 7.71577e-06 0.999992
6 1.34451e-05 0.999987
6 0.124208 0.875792
2 0.995765 0.00423506
2 0.992622 0.00737812
2 0.994497 0.0055025
6 0.0111812 0.988819
6 2.36963e-06 0.999998
6 0.0265079 0.973492
6 0.0479493 0.952051
6 0.00156238 0.998438
6 0.000491279 0.999509
6 0.00445102 0.995549
2 0.999354 0.000646481
6 2.13872e-06 0.999998
6 6.385e-06 0.999994
6 3.74304e-07 1
6 0.00330077 0.996699
6 0.00788705 0.992113
6 0.00163802 0.998362
2 0.992592 0.00740777
6 0.000184812 0.999815
6 9.5987e-06 0.99999
6 0.000269266 0.999731
6 0.00496081 0.995039
2 0.873891 0.126109
6 0.00166648 0.998334
2 0.999925 7.47135e-05
6 0.000128824 0.999871
6 1.10376e-06 0.999999
6 0.0781448 0.921855
2 0.572816 0.427184
2 0.99992 8.0472e-05
6 2.63441e-06 0.999997
2 0.999896 0.000103671
6 0.00118002 0.99882
6 0.0349002 0.9651
6 2.7963e-05 0.999972
6 3.50489e-06 0.999996
6 0.147219 0.852781
6 0.000380305 0.99962
6 2.27565e-06 0.999998
2 0.9995 0.000499924
6 0.320757 0.679243
6 0.106166 0.893834
6 1.57832e-05 0.999984
6 1.06428e-05 0.999989
6 0.00014169 0.999858
2 0.992283 0.00771694
6 0.0202377 0.979762
6 0.00395444 0.996046
2 0.739563 0.260437
2 0.999874 0.000125531
6 0.00047927 0.999521
2 0.997899 0.00210095
6 0.000684831 0.999315
6 0.0219854 0.978015
6 0.000326846 0.999673
6 0.043797 0.956203
6 1.69853e-07 1
6 7.08462e-05 0.999929
6 0.0100936 0.989906
2 0.99999 1.02523e-05
6 1.65312e-05 0.999983
2 0.994319 0.00568097
6 0.494332 0.505668
6 0.00126474 0.998735
2 0.917622 0.0823777
6 3.4389e-05 0.999966
6 0.0223864 0.977614
2 0.999017 0.000983304
2 0.942217 0.0577833
6 0.00321737 0.996783
6 0.00158012 0.99842
6 1.8005e-07 1
6 0.04184 0.95816
6 3.05243e-05 0.999969
2 0.687066 0.312934
6 0.000181164 0.999819
6 0.000656929 0.999343
6 0.000390855 0.999609
6 4.93888e-07 1
6 3.63091e-06 0.999996
6 0.0675446 0.932455
2 0.60929 0.39071
2 0.998552 0.0014479
2 0.965028 0.0349717
6 0.000187335 0.999813
6 9.51362e-07 0.999999
6 4.89196e-06 0.999995
2 0.994649 0.00535105
2 0.862558 0.137442
6 0.000504929 0.999495
2 0.998818 0.00118161
6 2.26402e-05 0.999977
6 0.000398175 0.999602
2 0.971893 0.0281065
2 0.98027 0.0197302
6 4.58903e-06 0.999995
2 0.989465 0.010535
6 0.00500366 0.994996
6 0.000239614 0.99976
6 0.000885883 0.999114
6 0.000538834 0.999461
6 8.65521e-06 0.999991
6 0.000698906 0.999301
2 0.996504 0.00349631
2 0.99983 0.000169745
6 0.129837 0.870163
2 0.999718 0.00028229
6 0.00878867 0.991211
6 0.0545128 0.945487
6 0.0328028 0.967197
6 1.39359e-05 0.999986
6 0.00809685 0.991903
6 1.51579e-05 0.999985
2 0.999906 9.44315e-05
6 0.0874195 0.912581
6 0.0147161 0.985284
6 0.000854776 0.999145
2 0.999155 0.000845227
6 3.9706e-06 0.999996
6 0.00147918 0.998521
6 6.92038e-07 0.999999
2 0.999629 0.000371373
6 0.00926762 0.990732
6 2.69887e-05 0.999973
6 0.00159386 0.998406
2 0.999816 0.000184045
6 0.00992584 0.990074
6 0.000172079 0.999828
2 0.999996 3.99789e-06
2 0.996702 0.00329798
6 8.11627e-05 0.999919
6 8.27026e-07 0.999999
2 0.999977 2.25114e-05
6 3.14276e-06 0.999997
6 0.000880702 0.999119
6 0.158664 0.841336
2 0.999749 0.0002509
2 0.954048 0.0459519
6 0.0852241 0.914776
6 0.00246356 0.997536
6 2.05238e-06 0.999998
6 0.00041907 0.999581
6 0.000602805 0.999397
2 0.520447 0.479553
2 0.988953 0.011047
6 0.0104631 0.989537
2 0.788531 0.211469
6 0.000336052 0.999664
6 7.03128e-05 0.99993
2 0.999926 7.41228e-05
6 3.44088e-05 0.999966
6 0.0181396 0.98186
6 0.0928319 0.907168
2 0.995644 0.00435561
6 0.00239314 0.997607
6 0.124422 0.875578
6 5.85304e-06 0.999994
6 2.92424e-05 0.999971
6 0.000712868 0.999287
2 0.97935 0.0206502
2 0.999985 1.52733e-05
6 0.0204436 0.979556
2 0.844188 0.155812
2 0.997127 0.00287287
2 0.982979 0.0170207
2 0.995606 0.00439358
2 0.999502 0.000498086
2 0.99911 0.000890347
6 0.0304105 0.969589
6 0.0239102 0.97609
6 0.00207671 0.997923
6 0.020953 0.979047
6 0.000420411 0.99958
6 0.0201349 0.979865
2 0.994005 0.00599468
2 0.99726 0.00273993
2 0.999113 0.000886754
2 0.7486 0.2514
6 0.00560937 0.994391
6 1.03376e-07 1
6 0.00169445 0.998306
2 0.999911 8.90746e-05
6 0.0668636 0.933136
6 3.80908e-05 0.999962
6 0.0384269 0.961573
6 6.68992e-05 0.999933
6 0.000876997 0.999123
2 0.998965 0.00103501
6 1e-07 1
6 0.459097 0.540903
6 0.000157116 0.999843
6 0.0697438 0.930256
6 0.114703 0.885297
2 0.987773 0.0122269
2 0.98688 0.0131205
6 0.00796519 0.992035
6 3.70967e-05 0.999963
6 1.37029e-06 0.999999
6 0.00014996 0.99985
6 0.176352 0.823648
2 0.999649 0.000351356
6 0.00407964 0.99592
6 0.000142959 0.999857
6 0.0034915 0.996509
6 0.00314447 0.996856
6 0.00116219 0.998838
2 0.999999 5.72326e-07
6 0.000715446 0.999285
6 0.000386166 0.999614
6 0.0038419 0.996158
6 8.39793e-05 0.999916
6 0.00313889 0.996861
6 0.0850493 0.914951
6 0.0500163 0.949984
6 0.00330869 0.996691
6 0.000258709 0.999741
6 4.84269e-07 1
6 6.91029e-05 0.999931
2 0.999585 0.000415076
6 0.00259988 0.9974
6 0.000351533 0.999648
6 0.246362 0.753638
2 0.999667 0.000332761
6 0.111528 0.888472
6 0.0575244 0.942476
6 1e-07 1
2 0.983552 0.0164484
6 0.0395739 0.960426
2 0.997676 0.00232435
2 0.998788 0.00121224
6 6.05573e-06 0.999994
6 0.477296 0.522704
2 0.835528 0.164472
6 1e-07 1
2 0.998817 0.00118318
6 0.000377056 0.999623
6 0.0381207 0.961879
6 0.00770877 0.992291
6 3.51909e-06 0.999996
6 4.98241e-07 1
6 0.0431895 0.956811
6 0.00199565 0.998004
6 0.0441065 0.955894
6 0.0282944 0.971706
6 0.00510712 0.994893
2 0.975593 0.0244073
6 0.000298875 0.999701
2 0.991378 0.00862206
6 7.70194e-05 0.999923
2 0.99884 0.0011605
6 0.000374824 0.999625
2 0.798133 0.201867
2 0.966218 0.0337822
6 0.0236822 0.976318
6 2.65638e-05 0.999973
6 0.0016146 0.998385
6 0.0004703 0.99953
6 0.0491862 0.950814
2 0.999995 4.84472e-06
6 0.000262372 0.999738
6 0.00143873 0.998561
6 0.112112 0.887888
2 0.999973 2.73804e-05
6 0.474959 0.525041
6 0.0474074 0.952593
6 0.000558627 0.999441
6 7.92903e-05 0.999921
2 0.842886 0.157114
2 0.98885 0.01115
6 0.00128206 0.998718
6 0.118541 0.881459
2 0.996036 0.00396398
2 0.998077 0.00192278
6 0.00540265 0.994597
6 2.30878e-06 0.999998
6 3.10955e-05 0.999969
2 0.935376 0.0646236
6 4.44608e-05 0.999956
6 3.58494e-05 0.999964
2 0.998017 0.00198327
6 0.000418618 0.999581
2 0.996404 0.0035958
6 0.0478078 0.952192
6 0.0140777 0.985922
6 0.00286649 0.997134
6 3.86501e-06 0.999996
2 0.998736 0.00126394
6 3.80838e-06 0.999996
6 0.0370907 0.962909
2 0.989483 0.0105173
6 0.000229978 0.99977
6 0.067255 0.932745
6 0.000191412 0.999809
6 0.000963445 0.999037
6 0.000624402 0.999376
6 6.26882e-06 0.999994
6 0.000332044 0.999668
2 0.830635 0.169365
6 1.24885e-07 1
2 0.994355 0.00564546
6 0.0161464 0.983854
6 0.0256234 0.974377
6 0.00211311 0.997887
2 0.980329 0.0196713
2 0.991027 0.00897263
2 0.819777 0.180223
6 0.0588619 0.941138
6 0.0744648 0.925535
6 0.0559433 0.944057
6 0.0497825 0.950217
2 0.9997 0.00030049
2 0.999983 1.74238e-05
6 0.00269243 0.997308
6 0.000407281 0.999593
2 0.996984 0.00301637
6 0.00953234 0.990468
6 1.03078e-05 0.99999
6 0.000692484 0.999308
6 0.00146104 0.998539
2 0.97989 0.0201101
2 0.999569 0.000431436
6 0.000876265 0.999124
6 7.13696e-05 0.999929
6 0.000145447 0.999855
2 0.999998 1.89566e-06
6 0.218892 0.781108
6 0.495413 0.504587
6 7.17652e-05 0.999928
6 0.000178994 0.999821
6 1.325e-06 0.999999
2 0.610437 0.389563
6 8.65823e-05 0.999913
6 1.20893e-06 0.999999
6 0.000162581 0.999837
6 0.00660763 0.993392
2 0.999867 0.000133267
6 2.1715e-05 0.999978
6 2.62746e-06 0.999997
6 1e-07 1
6 0.027587 0.972413
6 0.0463997 0.9536
2 0.995549 0.00445057
2 0.996674 0.0033265
6 0.00291724 0.997083
6 0.000343079 0.999657
6 5.54521e-05 0.999945
6 0.00474559 0.995254
6 9.84982e-05 0.999902
6 3.29759e-06 0.999997
2 0.998049 0.00195074
6 7.35621e-07 0.999999
6 0.000965766 0.999034
2 0.990925 0.0090751
6 1.48436e-05 0.999985
2 0.715398 0.284602
6 0.000240491 0.99976
6 6.53553e-06 0.999993
6 2.4753e-05 0.999975
2 0.526081 0.473919
2 0.764256 0.235744
6 5.84173e-05 0.999942
6 0.00092054 0.999079
2 0.999991 9.20814e-06
6 0.0251926 0.974807
6 0.26368 0.73632
6 9.7384e-05 0.999903
6 9.90936e-05 0.999901
6 0.0316317 0.968368
6 0.0046478 0.995352
6 2.02057e-06 0.999998
6 6.11415e-06 0.999994
6 0.000713065 0.999287
6 0.0283039 0.971696
6 1e-07 1
2 0.546154 0.453846
2 0.996214 0.00378614
6 0.00029793 0.999702
2 0.990965 0.00903547
6 0.000272182 0.999728
6 3.03907e-06 0.999997
6 0.290035 0.709965
2 0.998691 0.00130872
6 0.0020704 0.99793
6 0.0094753 0.990525
2 0.999969 3.11657e-05
2 0.998181 0.00181941
2 0.998708 0.00129228
6 1.88079e-07 1
6 0.0290602 0.97094
2 0.996015 0.00398489
6 0.0135757 0.986424
6 0.00427555 0.995724
2 0.99987 0.000129795
6 0.0481405 0.951859
6 0.189424 0.810576
6 0.0127117 0.987288
6 0.0365906 0.963409
6 1e-07 1
2 0.997381 0.0026185
6 0.000531793 0.999468
2 0.841394 0.158606
6 1.96199e-05 0.99998
6 0.000184023 0.999816
6 0.05381 0.94619
6 0.364787 0.635213
6 0.000176955 0.999823
2 0.999989 1.07107e-05
6 0.00037022 0.99963
2 0.999907 9.32029e-05
6 0.00237716 0.997623
6 1e-07 1
6 1e-07 1
2 0.630194 0.369806
6 0.000295394 0.999705
6 0.000520245 0.99948
2 0.999211 0.000789006
6 0.00394913 0.996051
6 0.368565 0.631435
2 0.99994 5.97497e-05
6 0.00858275 0.991417
2 0.995259 0.00474103
6 0.00046368 0.999536
6 0.00295945 0.997041
6 0.0239153 0.976085
6 0.00177028 0.99823
6 0.0821299 0.91787
6 0.000981486 0.999019
2 0.950383 0.0496171
6 0.0357867 0.964213
6 0.117194 0.882806
6 2.38327e-05 0.999976
6 0.00148726 0.998513
6 0.106454 0.893546
6 1.46611e-07 1
6 1e-07 1
6 1.04521e-07 1
6 1.82014e-06 0.999998
6 1e-07 1
6 3.38581e-05 0.999966
6 3.85982e-05 0.999961
6 4.27912e-06 0.999996
6 0.00042773 0.999572
2 0.989577 0.010423
6 8.38343e-05 0.999916
6 0.0399621 0.960038
6 0.000700639 0.999299
2 0.999773 0.000226702
6 0.0906993 0.909301
6 3.29393e-06 0.999997
6 0.0318678 0.968132
6 1.89728e-06 0.999998
6 3.53076e-05 0.999965
6 0.000756092 0.999244
6 2.43513e-05 0.999976
6 0.00751921 0.992481
6 5.91257e-06 0.999994
6 0.000729386 0.999271
6 5.62337e-05 0.999944
6 1.7452e-06 0.999998
2 0.999716 0.000283927
2 0.998912 0.00108767
6 0.0073362 0.992664
2 0.999999 6.9769e-07
6 0.0191251 0.980875
2 0.99988 0.00011976
6 0.0291011 0.970899
6 0.313796 0.686204
6 0.000873843 0.999126
6 1e-07 1
2 0.995902 0.00409797
6 1.01569e-05 0.99999
2 0.999925 7.45539e-05
6 2.78819e-07 1
6 0.13916 0.86084
6 3.2793e-07 1
6 0.00163927 0.998361
6 0.0736043 0.926396
6 5.18959e-05 0.999948
2 0.997896 0.00210395
6 0.000765509 0.999234
2 0.993161 0.0068389
2 0.994018 0.00598217
6 0.000111871 0.999888
6 2.04426e-05 0.99998
6 0.039579 0.960421
2 0.532717 0.467283
6 0.027326 0.972674
6 0.0332345 0.966765
6 4.17822e-06 0.999996
6 3.59439e-06 0.999996
2 0.997887 0.00211319
2 0.991755 0.00824496
6 0.000698248 0.999302
6 2.95144e-07 1
6 0.00316556 0.996834
6 0.110357 0.889643
2 0.994306 0.00569432
2 0.973317 0.0266827
2 0.99985 0.000149565
6 2.55179e-07 1
6 1.29467e-05 0.999987
6 1.02684e-07 1
6 0.22172 0.77828
6 0.000223201 0.999777
6 2.48297e-05 0.999975
6 0.000293657 0.999706
6 0.0016433 0.998357
6 7.25967e-05 0.999927
6 4.67387e-07 1
2 0.999446 0.000554057
6 4.22719e-05 0.999958
2 0.990029 0.00997086
6 0.000245708 0.999754
6 0.000489716 0.99951
6 0.000140968 0.999859
6 0.00417682 0.995823
6 0.0246369 0.975363
6 0.0357368 0.964263
6 0.000461687 0.999538
6 0.00556611 0.994434
6 0.000487944 0.999512
6 0.000846931 0.999153
6 0.000361409 0.999639
6 0.0019519 0.998048
6 4.79255e-05 0.999952
6 3.22791e-05 0.999968
6 2.63492e-07 1
6 0.0126755 0.987325
6 0.00150607 0.998494
2 0.688359 0.311641
6 1.49934e-06 0.999999
6 0.033127 0.966873
6 0.0642592 0.935741
2 0.801042 0.198958
2 0.998427 0.00157332
2 0.929559 0.0704408
6 7.25119e-06 0.999993
6 9.74084e-05 0.999903
6 3.5241e-05 0.999965
6 0.0377413 0.962259
6 0.000259088 0.999741
2 0.999992 8.39197e-06
2 0.998123 0.00187652
6 0.28487 0.71513
6 0.000900374 0.9991
6 0.0362904 0.96371
6 0.00996531 0.990035
2 0.999109 0.000891446
2 0.845431 0.154569
6 0.00455017 0.99545
6 0.0068716 0.993128
6 0.000156516 0.999843
2 0.531747 0.468253
6 0.0231032 0.976897
6 0.0531414 0.946859
6 1e-07 1
6 4.11395e-06 0.999996
6 7.18446e-06 0.999993
6 1.84449e-05 0.999982
6 3.5612e-05 0.999964
2 0.97456 0.0254399
6 0.000656599 0.999343
6 0.000341804 0.999658
2 0.999522 0.00047831
6 9.9293e-07 0.999999
2 0.998445 0.00155546
6 0.0180295 0.981971
6 0.100674 0.899326
6 0.0999582 0.900042
6 0.000360454 0.99964
2 0.999969 3.06186e-05
2 0.995108 0.00489198
6 0.0359865 0.964014
6 0.0167581 0.983242
2 0.974819 0.0251812
2 0.997045 0.00295502
6 0.0455943 0.954406
2 0.980775 0.0192247
6 0.000205659 0.999794
6 0.000735122 0.999265
6 0.000726565 0.999273
2 0.999848 0.000152247
6 0.266119 0.733881
6 0.000329145 0.999671
2 0.784244 0.215756
6 0.123143 0.876857
6 5.49636e-05 0.999945
6 0.000135949 0.999864
6 0.00245965 0.99754
6 1.09354e-05 0.999989
6 0.00193678 0.998063
2 0.998835 0.001165
6 0.00369145 0.996309
6 4.49449e-05 0.999955
6 0.0281993 0.971801
6 0.0248152 0.975185
6 9.03483e-06 0.999991
6 1e-07 1
2 0.97612 0.02388
6 0.00185001 0.99815
6 8.49093e-06 0.999992
2 0.735763 0.264237
6 6.84425e-05 0.999932
6 0.000959988 0.99904
2 0.877524 0.122476
6 0.000194596 0.999805
2 0.999982 1.82265e-05
2 0.587796 0.412204
2 0.997244 0.00275571
6 0.0398906 0.960109
6 0.00160891 0.998391
6 0.00528926 0.994711
2 0.998616 0.00138433
6 0.0015433 0.998457
6 0.0109979 0.989002
2 0.996747 0.00325278
2 0.781898 0.218102
2 0.99998 1.96713e-05
2 0.996498 0.00350167
2 0.999984 1.5977e-05
6 0.000181837 0.999818
6 0.000371494 0.999629
2 0.995664 0.00433587
6 0.00100648 0.998994
6 1e-07 1
6 0.000156001 0.999844
6 1.10782e-07 1
2 0.999761 0.000238581
2 0.99932 0.000679621
6 0.157346 0.842654
6 1e-07 1
6 0.00110537 0.998895
6 0.00435286 0.995647
2 0.999917 8.25262e-05
2 0.999987 1.34533e-05
6 0.106948 0.893052
2 0.81113 0.18887
6 7.35793e-05 0.999926
6 0.0124622 0.987538
6 9.97472e-06 0.99999
6 6.88416e-05 0.999931
2 0.992737 0.00726335
6 1.06538e-05 0.999989
6 0.00339254 0.996607
6 3.70114e-06 0.999996
6 2.51185e-06 0.999997
6 6.71862e-05 0.999933
6 1e-07 1
6 0.0950222 0.904978
6 0.00936638 0.990634
6 0.0054439 0.994556
2 0.883889 0.116111
6 0.352889 0.647111
2 0.77617 0.22383
2 0.999156 0.000844458
6 0.107465 0.892535
6 0.0582449 0.941755
6 0.000391642 0.999608
6 0.0144314 0.985569
6 0.0030057 0.996994
6 2.23175e-06 0.999998
6 6.90626e-05 0.999931
6 1.24441e-05 0.999988
6 0.0190924 0.980908
6 0.00270621 0.997294
2 0.999928 7.18455e-05
2 0.89949 0.10051
2 0.609558 0.390442
2 0.999824 0.000176358
6 0.00362489 0.996375
6 0.000275164 0.999725
6 6.80869e-05 0.999932
2 0.959592 0.0404078
2 0.946184 0.0538163
2 0.983718 0.0162821
6 4.7195e-05 0.999953
6 3.05245e-06 0.999997
2 0.997322 0.00267842
6 0.000352369 0.999648
6 0.00323843 0.996762
6 0.0060615 0.993938
6 0.0510682 0.948932
2 0.994175 0.00582511
2 0.789396 0.210604
6 1.69707e-07 1
2 0.979888 0.0201117
2 0.99956 0.000440384
6 0.000901455 0.999099
6 0.00137248 0.998628
6 0.000160963 0.999839
6 3.71145e-05 0.999963
6 1.23598e-05 0.999988
6 0.000136119 0.999864
2 0.908566 0.091434
2 0.998663 0.00133684
6 0.103737 0.896263
6 0.00116015 0.99884
6 9.03408e-05 0.99991
2 0.999886 0.000113996
6 1.58619e-05 0.999984
6 1e-07 1
2 0.995647 0.00435289
2 0.910485 0.0895148
6 0.0474587 0.952541
6 0.000760536 0.999239
6 1.31713e-05 0.999987
2 0.999979 2.05568e-05
6 0.0255587 0.974441
6 0.00695885 0.993041
6 3.89699e-05 0.999961
2 0.990652 0.00934793
2 0.998847 0.00115283
6 0.0143634 0.985637
6 0.00140229 0.998598
6 1.28481e-05 0.999987
6 0.0467855 0.953214
6 0.0102897 0.98971
6 1.50714e-05 0.999985
6 0.157733 0.842267
6 2.096e-05 0.999979
2 0.670992 0.329008
2 0.999287 0.000713118
6 0.0440097 0.95599
6 0.004756 0.995244
6 0.000688719 0.999311
2 0.998967 0.00103257
2 0.996412 0.00358794
6 1.51134e-06 0.999998
6 5.5375e-05 0.999945
6 1e-07 1
6 2.44719e-07 1
6 3.70373e-05 0.999963
6 1e-07 1
6 0.476583 0.523417
6 0.000735542 0.999264
2 0.980518 0.0194824
6 1.39058e-07 1
6 0.0232377 0.976762
2 0.990899 0.00910129
2 0.999743 0.000256775
6 0.156513 0.843487
2 0.997809 0.00219078
6 1.00518e-07 1
6 0.0152104 0.98479
2 0.999999 1.01019e-06
6 7.56553e-05 0.999924
6 0.000275372 0.999725
6 0.00636047 0.99364
2 0.571947 0.428053
6 1.1612e-06 0.999999
6 0.000276535 0.999723
6 0.0173227 0.982677
2 0.999997 2.99908e-06
6 5.59994e-05 0.999944
6 0.00398181 0.996018
6 0.0117588 0.988241
2 0.999961 3.89687e-05
2 0.999728 0.000271683
6 0.00373656 0.996263
6 9.54492e-05 0.999905
2 0.982361 0.0176392
2 0.749247 0.250753
6 1.40993e-06 0.999999
2 0.999202 0.000798285
2 0.73397 0.26603
6 0.0458913 0.954109
6 2.26406e-06 0.999998
2 0.719837 0.280163
6 0.000736813 0.999263
6 0.000348786 0.999651
2 0.704323 0.295677
6 2.13886e-05 0.999979
6 0.000893436 0.999107
2 0.99661 0.00339004
2 0.999985 1.54671e-05
6 0.00026855 0.999731
6 3.33247e-07 1
6 0.406195 0.593805
6 0.00361384 0.996386
6 0.0213119 0.978688
6 0.0021409 0.997859
6 3.50633e-06 0.999996
2 0.993876 0.00612392
6 0.00118634 0.998814
6 0.0671013 0.932899
6 0.000333408 0.999667
6 1.5124e-06 0.999998
2 0.999721 0.000278574
2 0.98753 0.0124699
2 0.997084 0.00291556
6 1.27512e-05 0.999987
2 0.991122 0.00887752
6 6.68412e-05 0.999933
6 0.0644595 0.93554
6 5.02478e-06 0.999995
2 0.832828 0.167172
6 0.000101892 0.999898
6 0.0142838 0.985716
6 4.06101e-06 0.999996
6 1e-07 1
6 1.00006e-06 0.999999
2 0.999967 3.27271e-05
2 0.516932 0.483068
6 0.00624329 0.993757
6 0.496347 0.503653
6 4.92528e-06 0.999995
6 0.0413736 0.958626
6 1.93207e-07 1
6 3.99357e-07 1
2 0.998006 0.00199379
2 0.999603 0.000396799
2 0.994721 0.00527949
6 7.83234e-06 0.999992
6 0.000128873 0.999871
6 0.00272275 0.997277
6 6.33249e-06 0.999994
2 0.957188 0.0428117
2 0.999929 7.07689e-05
6 6.37331e-05 0.999936
6 2.81341e-05 0.999972
6 1.36585e-06 0.999999
2 0.995403 0.00459652
6 0.012494 0.987506
2 0.99807 0.00192952
6 6.55101e-05 0.999934
2 0.845069 0.154931
6 0.0670192 0.932981
6 1e-07 1
6 9.50314e-07 0.999999
6 0.0149553 0.985045
6 0.0130054 0.986995
6 0.000707506 0.999292
6 1.51285e-06 0.999998
6 0.483725 0.516275
6 0.000345623 0.999654
6 0.000755424 0.999245
6 0.431973 0.568027
6 5.17004e-05 0.999948
6 0.00176663 0.998233
2 0.99681 0.00319044
6 1.80306e-05 0.999982
6 1.71924e-05 0.999983
2 0.65463 0.34537
6 1e-07 1
6 0.000331044 0.999669
2 0.989393 0.0106075
6 0.00371636 0.996284
6 0.00447947 0.995521
6 0.0613346 0.938665
6 0.0342313 0.965769
2 0.999999 1.38665e-06
6 0.00272473 0.997275
6 0.028942 0.971058
2 0.945026 0.0549743
2 0.99855 0.00144998
6 0.00477968 0.99522
2 0.998378 0.00162152
6 0.0152389 0.984761
6 4.21099e-05 0.999958
6 0.00211342 0.997887
6 0.000562187 0.999438
2 0.99849 0.00151016
2 0.989512 0.0104881
6 5.90634e-06 0.999994
6 0.0232414 0.976759
2 0.990551 0.00944864
6 0.00113695 0.998863
2 0.997745 0.00225482
6 5.54889e-06 0.999994
6 0.000167893 0.999832
2 0.989398 0.0106022
6 0.00389463 0.996105
6 0.119683 0.880317
6 0.04602 0.95398
6 3.0049e-05 0.99997
6 0.00272953 0.99727
6 0.000770659 0.999229
2 0.73139 0.26861
2 0.718329 0.281671
2 0.639914 0.360086
2 0.529637 0.470363
6 4.37242e-06 0.999996
6 0.0124438 0.987556
6 0.000407636 0.999592
6 0.000656139 0.999344
6 0.000634093 0.999366
2 0.990089 0.00991125
6 0.000158974 0.999841
6 0.00174075 0.998259
6 0.0021606 0.997839
6 2.10923e-06 0.999998
6 4.09004e-06 0.999996
6 0.165061 0.834939
6 0.00069549 0.999305
6 4.24475e-05 0.999958
2 0.572593 0.427407
2 0.909888 0.0901118
6 8.86098e-06 0.999991
2 0.821551 0.178449
6 0.000909681 0.99909
6 9.93685e-05 0.999901
2 0.803139 0.196861
2 0.990486 0.00951365
6 0.0465528 0.953447
6 7.64021e-05 0.999924
2 0.520912 0.479088
6 0.123593 0.876407
2 0.999997 3.34766e-06
6 0.0252213 0.974779
6 0.0768193 0.923181
2 0.999999 1.02542e-06
6 0.053692 0.946308
6 0.00287253 0.997127
2 0.999435 0.000565271
6 0.000192472 0.999808
6 1.2507e-05 0.999987
2 0.999828 0.000172291
2 0.999956 4.41977e-05
6 0.000113421 0.999887
6 0.0393596 0.96064
6 1.06347e-05 0.999989
2 0.997611 0.0023894
6 6.20254e-05 0.999938
2 0.999917 8.32885e-05
6 1.37165e-06 0.999999
6 7.34816e-06 0.999993
6 1.55492e-05 0.999984
6 1.30392e-05 0.999987
6 6.3645e-07 0.999999
2 0.999887 0.000113424
6 0.0121692 0.987831
6 0.0370007 0.962999
6 0.00454522 0.995455
6 1.30198e-05 0.999987
6 8.77725e-06 0.999991
6 0.486591 0.513409
6 0.000477971 0.999522
6 8.42811e-05 0.999916
2 0.651964 0.348036
6 0.00119176 0.998808
2 0.999999 1.03895e-06
2 0.888221 0.111779
2 0.999979 2.06466e-05
6 1.45154e-06 0.999999
2 0.99804 0.00195985
6 4.20448e-06 0.999996
6 0.000613737 0.999386
6 0.000360017 0.99964
6 0.00110821 0.998892
6 0.00369966 0.9963
6 0.04963 0.95037
6 9.79778e-05 0.999902
2 0.967982 0.0320182
2 0.566215 0.433785
6 0.00191181 0.998088
6 0.0472497 0.95275
6 0.000252073 0.999748
6 3.94318e-05 0.999961
6 4.29407e-06 0.999996
6 2.81491e-07 1
2 0.820968 0.179032
6 1.66329e-05 0.999983
2 0.898004 0.101996
2 0.975479 0.0245208
6 0.00618642 0.993814
6 0.110003 0.889997
2 0.998537 0.00146282
2 1 1.37261e-07
6 0.00323264 0.996767
6 0.0371098 0.96289
2 0.999921 7.92286e-05
6 0.11375 0.88625
6 4.94024e-05 0.999951
6 0.000407268 0.999593
6 0.000520976 0.999479
6 0.394243 0.605757
6 0.000986454 0.999014
2 0.999753 0.000247317
6 5.08654e-05 0.999949
2 0.999312 0.000688391
6 1.15329e-06 0.999999
6 9.49492e-05 0.999905
2 0.999064 0.000935874
6 0.000103083 0.999897
2 0.998986 0.00101391
6 1.89968e-06 0.999998
6 0.000108447 0.999892
2 0.610223 0.389777
6 0.00011871 0.999881
2 0.991073 0.00892714
6 0.000359647 0.99964
6 0.013965 0.986035
6 4.35948e-05 0.999956
2 0.997198 0.00280247
6 0.000798888 0.999201
2 0.511243 0.488757
6 0.000174552 0.999825
6 0.0481066 0.951893
6 0.000913819 0.999086
2 0.999423 0.000577363
6 0.00142381 0.998576
2 0.99248 0.00751997
6 0.000390534 0.999609
6 0.000371135 0.999629
6 1.79441e-05 0.999982
6 2.29399e-05 0.999977
6 2.00486e-05 0.99998
2 0.998869 0.00113132
6 0.000549223 0.999451
6 1e-07 1
6 0.0581834 0.941817
6 0.0524613 0.947539
2 0.938344 0.0616565
2 0.99999 1.00196e-05
6 0.0102839 0.989716
6 0.48787 0.51213
6 0.0211568 0.978843
2 0.988064 0.0119359
6 0.000130166 0.99987
6 7.99677e-05 0.99992
6 0.000279245 0.999721
6 0.010542 0.989458
6 0.000741642 0.999258
2 0.997164 0.00283563
6 0.000455389 0.999545
2 0.999947 5.29742e-05
2 0.937076 0.0629242
6 0.00122649 0.998774
6 0.000412191 0.999588
6 0.116979 0.883021
6 0.0640981 0.935902
6 1.38187e-05 0.999986
2 0.999231 0.000769104
6 0.000735491 0.999265
6 0.0645829 0.935417
6 0.000332242 0.999668
6 3.78016e-05 0.999962
6 0.0106056 0.989394
6 0.00115928 0.998841
6 0.00524594 0.994754
6 0.00184814 0.998152
6 0.000214529 0.999785
2 0.99239 0.00761018
6 4.00679e-05 0.99996
6 0.000221402 0.999779
2 0.981372 0.0186281
2 0.998426 0.00157368
6 1.85807e-05 0.999981
2 0.998831 0.00116929
6 0.00166566 0.998334
6 1.26578e-05 0.999987
6 5.0609e-05 0.999949
6 1.93047e-06 0.999998
6 4.38069e-05 0.999956
6 0.00523993 0.99476
2 0.998016 0.00198394
6 0.00197927 0.998021
6 0.00109224 0.998908
6 0.0613301 0.93867
6 0.000189817 0.99981
6 0.0260572 0.973943
2 0.999958 4.17756e-05
6 0.00641591 0.993584
6 0.000760088 0.99924
2 0.999998 1.95801e-06
6 0.100082 0.899918
6 0.000783552 0.999216
6 0.442896 0.557104
6 0.00362767 0.996372
6 0.0142944 0.985706
6 0.00699766 0.993002
6 0.49442 0.50558
2 0.993804 0.00619597
2 0.997069 0.00293121
6 0.0003622 0.999638
6 0.00048443 0.999516
2 0.995438 0.00456175
6 0.00233252 0.997667
6 0.00098772 0.999012
6 2.33661e-05 0.999977
6 5.33311e-06 0.999995
2 0.992019 0.00798072
6 0.000507604 0.999492
6 0.0123689 0.987631
6 0.00326312 0.996737
6 8.93625e-06 0.999991
6 0.00614773 0.993852
6 1e-07 1
6 0.00194466 0.998055
6 0.0983703 0.90163
6 0.0541119 0.945888
2 0.999914 8.64369e-05
6 0.0103989 0.989601
6 0.183094 0.816906
2 0.999027 0.000972871
6 0.048434 0.951566
6 6.366e-07 0.999999
2 0.817079 0.182921
6 5.28821e-07 0.999999
6 2.72649e-06 0.999997
2 0.998593 0.00140723
2 0.640764 0.359236
6 0.105938 0.894062
6 0.0255098 0.97449
6 0.0731898 0.92681
6 9.33591e-06 0.999991
6 2.08069e-06 0.999998
6 5.52532e-05 0.999945
6 1.6408e-06 0.999998
2 0.998238 0.00176214
6 9.11345e-06 0.999991
6 0.00118162 0.998818
2 0.508102 0.491898
6 0.000265998 0.999734
6 0.0241125 0.975887
6 1.61103e-05 0.999984
6 0.000120127 0.99988
2 0.999645 0.000355298
6 5.30984e-05 0.999947
6 2.06444e-07 1
6 0.000163973 0.999836
6 0.00195436 0.998046
6 0.017247 0.982753
2 0.994602 0.00539841
6 0.0374329 0.962567
6 0.0892088 0.910791
6 5.1212e-06 0.999995
2 0.998374 0.00162638
6 0.0584671 0.941533
6 0.00536473 0.994635
6 6.25581e-06 0.999994
2 0.999998 2.40405e-06
6 9.36785e-07 0.999999
6 7.08351e-05 0.999929
6 7.59468e-06 0.999992
6 1.82107e-05 0.999982
2 0.988174 0.0118263
6 0.0026614 0.997339
2 0.785922 0.214078
6 0.000198653 0.999801
6 0.000311991 0.999688
6 0.0430421 0.956958
2 0.999975 2.45366e-05
6 0.000551074 0.999449
2 0.984144 0.0158565
6 1e-07 1
6 0.0167622 0.983238
2 0.99897 0.00103015
6 1.25612e-06 0.999999
6 0.017389 0.982611
2 0.999927 7.26624e-05
2 0.994124 0.00587602
6 0.000564396 0.999436
2 0.794335 0.205665
6 0.463468 0.536532
6 0.372348 0.627652
6 0.00183553 0.998164
2 0.906532 0.0934678
6 1e-07 1
6 0.00431805 0.995682
6 0.0180101 0.98199
6 0.0198191 0.980181
2 0.999994 5.68158e-06
6 0.000194544 0.999805
2 0.999064 0.000935621
6 3.48076e-05 0.999965
6 1e-07 1
2 0.999932 6.77048e-05
6 0.00532172 0.994678
2 0.927134 0.072866
2 0.993099 0.00690106
2 0.996516 0.00348357
6 9.68294e-06 0.99999
6 5.65281e-07 0.999999
2 0.99878 0.00122049
6 1.16704e-06 0.999999
2 0.824566 0.175434
2 0.999905 9.54258e-05
6 0.00558301 0.994417
6 0.00383943 0.996161
2 1 4.626e-07
6 0.0127441 0.987256
6 1.56312e-05 0.999984
6 0.0368165 0.963184
6 5.72641e-05 0.999943
6 0.00147264 0.998527
6 0.0640931 0.935907
2 0.999986 1.37425e-05
6 0.000828691 0.999171
2 0.999816 0.000183603
2 0.999657 0.000343196
6 1e-07 1
6 4.83618e-07 1
6 8.14968e-05 0.999919
6 0.000204615 0.999795
6 0.000413404 0.999587
6 0.00109809 0.998902
6 0.368093 0.631907
6 0.00402746 0.995973
6 5.46477e-05 0.999945
2 0.998097 0.00190329
6 3.05567e-06 0.999997
6 2.84432e-05 0.999972
6 0.00174841 0.998252
2 0.999848 0.000152138
2 0.997351 0.00264895
6 2.94673e-05 0.999971
6 0.000210196 0.99979
6 0.00511462 0.994885
6 0.000597041 0.999403
6 0.000726812 0.999273
6 5.03187e-06 0.999995
2 0.538216 0.461784
6 0.000131356 0.999869
6 0.00259798 0.997402
6 9.91408e-05 0.999901
6 0.000685061 0.999315
2 0.993485 0.00651484
6 4.77757e-05 0.999952
6 0.000172375 0.999828
6 2.21395e-05 0.999978
6 0.000937883 0.999062
6 0.0338337 0.966166
6 0.0413657 0.958634
2 0.894978 0.105022
2 0.998667 0.00133337
6 1.31714e-06 0.999999
2 0.989353 0.0106466
6 0.104557 0.895443
6 0.000689745 0.99931
2 0.998033 0.00196661
2 0.999008 0.000991968
6 0.050347 0.949653
6 4.43179e-05 0.999956
6 4.07336e-06 0.999996
6 2.22317e-05 0.999978
2 0.99876 0.00123966
2 0.973706 0.0262945
6 0.000189531 0.99981
6 0.000127301 0.999873
6 0.036971 0.963029
2 0.671732 0.328268
6 1e-07 1
2 0.904699 0.0953006
2 0.996754 0.00324622
2 0.997466 0.00253446
2 0.999994 5.51008e-06
6 0.00404447 0.995956
6 0.0551698 0.94483
6 0.0784498 0.92155
2 0.999971 2.85983e-05
6 0.00151881 0.998481
2 0.988332 0.0116684
6 0.000285269 0.999715
6 0.000697043 0.999303
2 0.987534 0.0124655
6 0.00041471 0.999585
6 2.00413e-05 0.99998
6 0.314591 0.685409
6 9.58685e-05 0.999904
6 1.50425e-05 0.999985
2 0.997616 0.002384
6 0.00100309 0.998997
2 0.999185 0.000814765
6 0.00064327 0.999357
6 8.8248e-05 0.999912
2 0.90562 0.0943802
6 0.000175284 0.999825
6 0.00397804 0.996022
6 3.69233e-05 0.999963
6 0.0344298 0.96557
2 0.952338 0.0476622
2 0.671969 0.328031
6 0.00682304 0.993177
6 0.00115297 0.998847
6 1e-07 1
6 6.20809e-06 0.999994
6 1e-07 1
6 0.00088202 0.999118
2 0.9799 0.0201004
2 0.638305 0.361695
6 0.000565587 0.999434
2 0.999509 0.000490995
2 0.994162 0.00583809
6 0.00799702 0.992003
2 0.797086 0.202914
6 0.000231882 0.999768
6 0.0018806 0.998119
6 0.0159179 0.984082
6 0.020261 0.979739
6 0.000762154 0.999238
6 2.84496e-07 1
6 0.000127433 0.999873
6 0.0121012 0.987899
6 0.0128236 0.987176
6 8.35892e-06 0.999992
6 0.302072 0.697928
6 0.0010984 0.998902
6 0.00186218 0.998138
6 0.114935 0.885065
6 0.237748 0.762252
2 0.999343 0.000656731
6 4.70594e-05 0.999953
6 0.000680087 0.99932
2 0.999564 0.000436207
6 3.06215e-05 0.999969
6 1.92428e-05 0.999981
6 0.0113142 0.988686
6 1e-07 1
6 0.00250429 0.997496
6 2.69503e-05 0.999973
6 0.00491869 0.995081
2 0.99964 0.00035999
6 0.224694 0.775306
6 0.0165172 0.983483
2 0.998815 0.00118534
6 1.22665e-06 0.999999
6 0.0664988 0.933501
2 0.990043 0.00995685
6 0.00055219 0.999448
6 0.000321741 0.999678
2 0.999915 8.5261e-05
6 0.020318 0.979682
6 0.165879 0.834121
2 0.999979 2.13537e-05
6 6.74819e-07 0.999999
6 0.0360395 0.96396
2 0.992539 0.00746096
6 0.15259 0.84741
6 0.00590684 0.994093
6 0.0158887 0.984111
6 0.0627299 0.93727
2 0.815994 0.184006
6 0.00210419 0.997896
2 0.998401 0.0015994
6 2.93128e-07 1
6 0.00144961 0.99855
2 0.999889 0.000111268
6 0.000486771 0.999513
6 0.00971019 0.99029
6 0.00184364 0.998156
2 0.944471 0.055529
6 0.234574 0.765426
2 0.999451 0.00054933
2 0.995478 0.00452188
6 0.000630215 0.99937
6 1.26111e-05 0.999987
6 0.00627413 0.993726
6 0.143004 0.856996
6 0.00878323 0.991217
6 6.59884e-07 0.999999
6 0.00228584 0.997714
6 1.13617e-05 0.999989
6 0.00590353 0.994096
2 0.996138 0.00386214
6 0.00280222 0.997198
6 0.00467219 0.995328
2 0.720953 0.279047
6 0.0108358 0.989164
6 0.0211077 0.978892
2 0.955756 0.0442443
2 0.992991 0.00700941
2 0.942672 0.0573276
2 0.951324 0.0486765
6 4.72617e-07 1
6 1.27596e-07 1
6 0.00159167 0.998408
2 0.999 0.000999702
6 0.000324335 0.999676
6 0.000259187 0.999741
2 0.993686 0.00631427
6 0.00203819 0.997962
2 0.997184 0.00281583
6 0.00973631 0.990264
6 0.37753 0.62247
6 0.00223871 0.997761
2 0.983202 0.0167982
2 0.992655 0.00734547
6 0.0038151 0.996185
6 0.0134866 0.986513
6 0.0303601 0.96964
6 0.00219965 0.9978
6 0.0322408 0.967759
6 0.000360829 0.999639
6 7.49824e-07 0.999999
6 8.79757e-05 0.999912
6 0.00755132 0.992449
6 8.93622e-06 0.999991
6 2.47002e-05 0.999975
6 0.041189 0.958811
2 0.998348 0.00165203
6 0.0815973 0.918403
6 8.2269e-06 0.999992
6 0.253195 0.746805
6 4.0867e-05 0.999959
6 0.00114707 0.998853
6 0.137997 0.862003
6 0.000794856 0.999205
6 0.0139272 0.986073
6 0.000297354 0.999703
6 0.000195184 0.999805
2 0.956417 0.0435833
6 0.211622 0.788378
2 0.999731 0.000268643
2 0.993786 0.00621426
6 0.00123914 0.998761
6 0.0322644 0.967736
6 0.000365972 0.999634
6 8.99752e-07 0.999999
6 0.00165361 0.998346
2 0.996484 0.00351577
6 0.000190321 0.99981
6 3.29194e-06 0.999997
6 0.000599283 0.999401
6 8.78586e-06 0.999991
2 0.996053 0.00394726
6 8.04796e-06 0.999992
2 0.615045 0.384955
6 0.00949557 0.990504
6 1.56444e-07 1
6 2.17011e-07 1
6 0.000366949 0.999633
6 0.00663301 0.993367
2 0.999982 1.80218e-05
6 0.141097 0.858903
2 0.986502 0.0134981
6 0.0126881 0.987312
2 1 2.20834e-07
2 0.932257 0.067743
6 1.22684e-05 0.999988
2 0.999905 9.47818e-05
2 1 1.00662e-07
2 0.999917 8.2598e-05
6 0.0622744 0.937726
2 0.999044 0.000956281
6 0.000435754 0.999564
6 0.00123015 0.99877
6 0.487706 0.512294
6 3.41311e-05 0.999966
6 1.4551e-07 1
6 0.00179873 0.998201
6 0.000506277 0.999494
2 0.996481 0.0035189
6 0.0706409 0.929359
2 0.999298 0.000702364
6 2.98626e-07 1
6 0.0304277 0.969572
6 0.00455572 0.995444
2 0.999479 0.000521357
2 0.993757 0.00624307
6 0.042509 0.957491
6 0.0172085 0.982792
2 0.589151 0.410849
6 3.98358e-07 1
6 9.64447e-05 0.999904
6 0.000440071 0.99956
6 3.62405e-06 0.999996
2 0.812086 0.187914
6 9.26224e-05 0.999907
6 0.00548318 0.994517
6 0.0188638 0.981136
6 0.00782627 0.992174
2 0.997762 0.00223779
6 5.22711e-05 0.999948
6 0.0432285 0.956771
6 0.0673947 0.932605
2 0.893571 0.106429
6 0.00835161 0.991648
6 0.0328211 0.967179
6 0.000263624 0.999736
6 4.09966e-05 0.999959
6 0.0551023 0.944898
2 0.865993 0.134007
6 0.127949 0.872051
6 0.000417305 0.999583
2 0.99977 0.000230321
6 0.00225907 0.997741
6 0.00164519 0.998355
6 0.00659638 0.993404
6 9.90651e-07 0.999999
2 0.957104 0.0428962
6 0.00314798 0.996852
6 1e-07 1
6 1e-07 1
2 0.817277 0.182723
6 0.00253332 0.997467
6 5.03678e-07 0.999999
6 0.307533 0.692467
6 0.000550412 0.99945
2 0.983177 0.0168226
6 6.7333e-05 0.999933
2 0.999185 0.000814739
6 1e-07 1
6 1e-07 1
6 0.00455892 0.995441
2 0.999718 0.000281849
6 0.0254819 0.974518
6 0.0119024 0.988098
6 2.63123e-05 0.999974
6 0.00643139 0.993569
6 0.00953258 0.990467
6 0.000212213 0.999788
6 1.49061e-05 0.999985
6 2.33852e-06 0.999998
2 0.997624 0.0023764
6 5.72364e-05 0.999943
6 0.117432 0.882568
2 0.999397 0.000603355
2 0.996749 0.0032511
6 0.0254983 0.974502
2 0.684425 0.315575
6 0.000809353 0.999191
6 6.7708e-05 0.999932
6 8.49297e-07 0.999999
6 0.00604999 0.99395
6 1.73428e-05 0.999983
6 0.00421123 0.995789
6 0.000415492 0.999585
6 0.0611221 0.938878
6 2.09361e-06 0.999998
2 0.997256 0.00274408
6 1.23044e-05 0.999988
6 4.48597e-06 0.999996
6 0.478511 0.521489
6 0.470921 0.529079
2 0.99147 0.00853011
6 0.00142308 0.998577
6 3.74279e-06 0.999996
2 0.997244 0.00275648
6 0.0132357 0.986764
6 1e-07 1
2 0.598961 0.401039
6 5.54254e-07 0.999999
6 6.24989e-07 0.999999
6 2.82904e-06 0.999997
6 2.39044e-05 0.999976
2 0.738141 0.261859
6 0.0508978 0.949102
6 7.89332e-05 0.999921
6 2.32019e-05 0.999977
6 0.00220808 0.997792
6 0.0900444 0.909956
2 0.999924 7.5549e-05
6 0.000319548 0.99968
2 0.999993 6.6996e-06
6 0.0293061 0.970694
6 0.0123107 0.987689
6 0.000269316 0.999731
6 0.000188867 0.999811
6 0.0397253 0.960275
6 0.000196437 0.999804
6 0.0152903 0.98471
2 0.999976 2.38444e-05
6 0.0118487 0.988151
6 0.000392058 0.999608
2 0.99884 0.00115994
6 1e-07 1
6 0.0115532 0.988447
6 1.23512e-05 0.999988
2 0.96689 0.0331096
6 7.58602e-05 0.999924
6 7.26028e-05 0.999927
6 0.00174565 0.998254
2 0.995344 0.00465552
6 2.80286e-06 0.999997
6 1.89905e-06 0.999998
2 0.998303 0.00169711
2 0.999875 0.000124691
6 0.0462075 0.953792
6 1.64122e-06 0.999998
6 3.37534e-05 0.999966
6 0.0230114 0.976989
6 3.40471e-05 0.999966
2 0.999997 2.77736e-06
6 0.0128878 0.987112
6 1.54866e-06 0.999998
6 0.0113599 0.98864
6 0.133657 0.866343
2 0.999989 1.08778e-05
6 0.0077479 0.992252
6 3.90915e-06 0.999996
2 0.980805 0.0191951
6 1.38456e-05 0.999986
2 0.834736 0.165264
2 0.996716 0.00328428
6 0.00337018 0.99663
6 1e-07 1
2 0.934521 0.0654794
6 1e-07 1
6 0.0060419 0.993958
2 0.999859 0.000140796
6 0.354298 0.645702
6 1.25671e-06 0.999999
6 0.00167832 0.998322
6 0.000319245 0.999681
2 0.999747 0.000253095
6 1.44231e-05 0.999986
2 0.999915 8.49178e-05
2 0.999321 0.000679143
6 0.0180967 0.981903
6 1.16045e-06 0.999999
6 0.00218315 0.997817
6 0.000283975 0.999716
6 8.1865e-05 0.999918
2 0.676558 0.323442
6 1e-07 1
6 0.00104929 0.998951
2 0.573913 0.426087
6 0.047238 0.952762
2 0.99175 0.00824973
6 2.32681e-07 1
6 0.0894615 0.910539
2 0.998756 0.00124396
6 0.00102791 0.998972
6 0.00197953 0.99802
6 1.16471e-05 0.999988
6 0.00246742 0.997533
6 7.9218e-05 0.999921
6 7.29641e-06 0.999993
6 5.97141e-05 0.99994
2 0.999986 1.35061e-05
6 0.000319997 0.99968
6 6.10813e-07 0.999999
2 0.997204 0.00279596
6 0.000152261 0.999848
2 0.99604 0.00395968
6 2.69796e-05 0.999973
2 0.998432 0.00156814
6 0.385931 0.614069
6 7.73349e-07 0.999999
6 0.000315923 0.999684
2 0.999976 2.39555e-05
6 4.50094e-05 0.999955
6 0.000508573 0.999491
6 4.45134e-07 1
2 0.996378 0.00362215
2 0.999578 0.000422377
6 9.51804e-05 0.999905
6 0.000157511 0.999842
6 0.00336057 0.996639
6 0.00391095 0.996089
2 0.667556 0.332444
6 0.0925599 0.90744
6 0.473229 0.526771
6 9.23988e-05 0.999908
2 0.998249 0.00175115
6 9.99434e-06 0.99999
2 0.999999 1.04283e-06
2 0.999994 6.33528e-06
6 0.00218971 0.99781
2 0.999902 9.82121e-05
6 0.0186835 0.981316
6 0.249055 0.750945
6 0.00779567 0.992204
2 0.999154 0.000846307
6 1.26492e-05 0.999987
6 0.0451565 0.954844
6 3.81518e-05 0.999962
6 0.0358662 0.964134
6 3.50593e-06 0.999996
6 0.00121103 0.998789
6 0.305182 0.694818
2 0.999977 2.29222e-05
6 0.0520351 0.947965
6 0.00203896 0.997961
6 0.000307606 0.999692
6 0.088617 0.911383
6 0.000688165 0.999312
6 0.0200903 0.97991
6 2.03734e-05 0.99998
6 1.24407e-06 0.999999
6 0.00769583 0.992304
2 0.995242 0.00475816
6 0.000219676 0.99978
2 0.999994 5.6031e-06
2 0.994836 0.00516393
6 0.0462509 0.953749
6 2.61045e-05 0.999974
2 0.654772 0.345228
6 0.000301671 0.999698
6 0.00139677 0.998603
6 0.123446 0.876554
6 0.00024836 0.999752
2 0.999943 5.70987e-05
2 0.999352 0.000648406
6 5.99036e-06 0.999994
6 7.55118e-05 0.999924
6 0.0189439 0.981056
2 0.993827 0.00617284
2 0.996261 0.00373941
6 0.0102053 0.989795
6 0.000244552 0.999755
6 2.64246e-05 0.999974
6 6.83466e-05 0.999932
6 1e-07 1
6 0.0715779 0.928422
6 1.84963e-07 1
6 0.000672634 0.999327
6 0.00032077 0.999679
2 0.683637 0.316363
6 0.0308306 0.969169
2 0.993381 0.00661893
2 0.889658 0.110342
6 0.0483367 0.951663
6 0.00483529 0.995165
6 5.22602e-06 0.999995
6 0.00176665 0.998233
6 2.92603e-05 0.999971
6 7.58918e-05 0.999924
6 5.53641e-05 0.999945
6 0.00301106 0.996989
6 0.0414586 0.958541
2 0.999753 0.000247498
2 0.994737 0.00526328
6 5.81573e-06 0.999994
6 0.0480762 0.951924
2 0.999978 2.17354e-05
6 0.0390662 0.960934
6 0.00205067 0.997949
6 0.00057557 0.999424
2 0.99497 0.00502951
6 0.00345885 0.996541
2 0.984022 0.0159782
2 0.98823 0.01177
2 0.999932 6.83066e-05
6 1e-07 1
6 0.0765819 0.923418
6 5.05867e-06 0.999995
6 0.000802078 0.999198
6 5.61438e-05 0.999944
6 5.46207e-05 0.999945
6 0.0509189 0.949081
6 2.73209e-05 0.999973
2 0.991495 0.00850453
6 0.179592 0.820408
2 0.999993 6.93103e-06
6 0.000542067 0.999458
2 0.996781 0.00321908
6 0.0786775 0.921322
2 0.993932 0.00606825
2 0.999475 0.000524916
2 0.97496 0.0250399
2 0.51819 0.48181
6 0.00261862 0.997381
6 0.0106761 0.989324
6 2.85316e-06 0.999997
2 0.999991 8.54165e-06
2 0.999055 0.000945361
2 0.668778 0.331222
6 0.00178861 0.998211
6 6.87607e-05 0.999931
2 0.942169 0.057831
6 0.000542724 0.999457
2 0.999415 0.000585278
2 0.997141 0.00285858
6 7.36838e-06 0.999993
2 0.999992 7.55636e-06
2 0.997953 0.00204713
2 0.987219 0.0127814
6 0.0267347 0.973265
6 0.000973649 0.999026
2 0.99958 0.000420011
6 0.174169 0.825831
6 0.00813018 0.99187
2 0.996018 0.00398168
2 0.745367 0.254633
6 0.000400886 0.999599
2 0.917499 0.0825006
6 0.0481388 0.951861
2 0.998368 0.00163169
2 0.99764 0.0023604
6 0.0076468 0.992353
6 0.0168592 0.983141
2 0.999998 1.55006e-06
2 0.998182 0.00181831
2 0.988421 0.0115792
2 0.991839 0.00816148
6 0.0127621 0.987238
6 0.00445046 0.99555
6 0.00204544 0.997955
6 0.00924794 0.990752
2 0.998719 0.00128134
6 3.8001e-05 0.999962
2 0.999593 0.000407432
2 0.986386 0.0136141
6 0.00392118 0.996079
2 0.997303 0.00269708
2 0.998843 0.00115741
2 0.991256 0.00874444
6 5.21871e-07 0.999999
6 0.00135931 0.998641
2 0.992748 0.00725214
6 0.00531224 0.994688
6 0.0506831 0.949317
6 0.0322988 0.967701
6 9.5206e-05 0.999905
2 0.999696 0.000303979
2 0.999983 1.7448e-05
6 3.11149e-06 0.999997
2 0.992102 0.00789808
2 0.9941 0.0059
6 0.000190227 0.99981
6 0.0662164 0.933784
6 0.0534209 0.946579
6 0.00317769 0.996822
6 0.053362 0.946638
6 0.000464275 0.999536
6 1.50463e-06 0.999998
6 0.00724564 0.992754
6 3.67809e-05 0.999963
2 0.997687 0.00231312
6 3.80085e-07 1
6 0.00135187 0.998648
6 0.438242 0.561758
6 7.89725e-05 0.999921
6 3.89029e-05 0.999961
6 0.000369214 0.999631
2 0.998755 0.00124466
2 0.999984 1.57631e-05
2 0.999827 0.000173272
2 0.999998 1.99103e-06
2 0.999994 6.30063e-06
6 0.000409217 0.999591
6 0.000947238 0.999053
6 6.46663e-05 0.999935
6 3.61219e-06 0.999996
2 0.884398 0.115602
6 0.000193446 0.999807
6 0.09166 0.90834
6 0.142962 0.857038
6 1e-07 1
6 0.000684628 0.999315
2 0.999909 9.11122e-05
2 0.999005 0.000994823
2 0.997321 0.00267928
6 0.000149826 0.99985
6 0.000770751 0.999229
2 0.997363 0.0026367
6 1.28947e-06 0.999999
2 0.982231 0.0177689
6 0.336713 0.663287
6 9.00804e-05 0.99991
6 0.00176847 0.998232
6 0.000774943 0.999225
6 0.000209766 0.99979
2 1 1e-07
6 2.83227e-06 0.999997
6 0.00019936 0.999801
2 0.99975 0.00025035
6 9.23514e-07 0.999999
2 0.999979 2.09138e-05
6 0.405157 0.594843
6 0.0455686 0.954431
2 0.99957 0.000430478
2 0.611269 0.388731
6 0.00289847 0.997102
6 0.00511486 0.994885
2 0.997254 0.00274595
6 2.96871e-05 0.99997
2 0.999872 0.000127698
6 1.57127e-07 1
6 0.227314 0.772686
2 0.902216 0.0977845
6 0.174904 0.825096
6 0.000131033 0.999869
6 0.00198981 0.99801
6 0.00121223 0.998788
6 0.293752 0.706248
6 3.86896e-07 1
6 0.00880002 0.9912
2 0.994868 0.00513201
2 0.999481 0.000518994
2 0.995371 0.00462875
6 0.000394099 0.999606
2 0.997847 0.00215303
6 1.74477e-05 0.999983
2 0.995462 0.00453837
6 1e-07 1
6 0.470199 0.529801
2 0.987845 0.012155
2 0.993209 0.00679118
6 6.39479e-07 0.999999
2 0.99928 0.000719645
6 0.00250682 0.997493
6 0.0545318 0.945468
2 0.997254 0.00274579
6 0.00404217 0.995958
6 7.83561e-05 0.999922
6 0.188063 0.811937
2 0.993762 0.00623753
6 0.36278 0.63722
6 0.000846912 0.999153
2 0.999127 0.000872675
6 0.378655 0.621345
6 1.06872e-07 1
6 0.0267474 0.973253
6 0.000147616 0.999852
6 7.99394e-06 0.999992
6 0.0729317 0.927068
6 0.05815 0.94185
6 0.00137054 0.998629
6 0.00315712 0.996843
6 0.000479068 0.999521
6 9.13891e-05 0.999909
2 0.994682 0.0053181
6 1.93884e-05 0.999981
6 0.0101036 0.989896
6 4.37343e-06 0.999996
6 0.113431 0.886569
6 0.0513589 0.948641
6 0.0123616 0.987638
6 0.0457948 0.954205
6 0.00933073 0.990669
6 1e-07 1
6 1.26748e-06 0.999999
6 0.0136531 0.986347
6 1.59176e-06 0.999998
6 0.0107722 0.989228
2 0.999998 1.88263e-06
2 0.999755 0.000245011
6 0.00794721 0.992053
6 1.53752e-05 0.999985
6 0.00183258 0.998167
2 0.904555 0.0954449
2 0.991604 0.00839562
6 0.000988609 0.999011
6 0.0046593 0.995341
2 0.732861 0.267139
2 0.996105 0.00389536
2 0.998151 0.00184947
2 0.999633 0.000366588
6 0.00283385 0.997166
2 0.999972 2.84207e-05
6 9.79633e-05 0.999902
6 2.35418e-05 0.999976
6 0.000552036 0.999448
6 1e-07 1
6 0.000537822 0.999462
6 0.00898799 0.991012
6 0.0338112 0.966189
6 0.000106467 0.999894
6 0.000256924 0.999743
6 0.00143829 0.998562
2 0.966029 0.0339706
2 0.999559 0.00044139
6 8.42266e-07 0.999999
6 0.180984 0.819016
6 0.0136943 0.986306
2 0.99179 0.00820999
6 4.79074e-07 1
6 9.86906e-05 0.999901
6 0.00143375 0.998566
