labels 4 6
6 0.355082 0.644918
6 0.0379994 0.962001
6 0.143503 0.856497
4 1 1e-07
4 0.999953 4.66744e-05
6 0.193283 0.806717
4 0.999884 0.000115519
4 0.999882 0.000118176
4 0.999984 1.56461e-05
4 1 1e-07
4 0.999998 2.17134e-06
4 0.847787 0.152213
4 0.994587 0.00541262
4 0.748154 0.251846
6 0.243677 0.756323
4 0.999995 5.16229e-06
6 0.156917 0.843083
4 1 1e-07
4 0.747999 0.252001
4 1 1e-07
6 0.0112723 0.988728
4 0.768414 0.231586
6 0.101155 0.898845
6 0.00812895 0.991871
6 0.00105004 0.99895
4 0.897951 0.102049
4 1 1.48082e-07
4 0.997493 0.00250668
4 1 1e-07
6 0.0633304 0.93667
4 0.999384 0.000616412
6 0.227469 0.772531
6 0.0224213 0.977579
4 1 1e-07
4 1 1e-07
4 0.999999 6.82856e-07
6 0.044746 0.955254
4 0.991605 0.00839484
4 0.999998 2.16327e-06
6 0.0918053 0.908195
6 0.0977242 0.902276
4 0.999027 0.000972828
6 0.0434639 0.956536
6 0.000300377 0.9997
4 0.998917 0.00108305
6 0.0437182 0.956282
6 0.01928 0.98072
6 0.275865 0.724135
6 0.0502429 0.949757
6 0.116144 0.883856
4 1 1e-07
4 0.741217 0.258783
4 0.989059 0.0109414
4 1 1e-07
6 0.0492058 0.950794
6 0.0288929 0.971107
6 0.216925 0.783075
6 0.000821035 0.999179
4 0.991021 0.00897919
6 0.366913 0.633087
6 0.213963 0.786037
6 0.153597 0.846403
6 0.00302587 0.996974
6 0.134341 0.865659
4 1 1e-07
4 1 1.39238e-07
6 0.0256728 0.974327
4 0.979758 0.0202425
4 0.999984 1.55661e-05
4 0.705348 0.294652
6 0.0340956 0.965904
4 0.846309 0.153691
6 0.042856 0.957144
6 0.0271609 0.972839
4 0.637539 0.362461
4 0.999998 1.91687e-06
6 0.0807048 0.919295
6 0.0399276 0.960072
4 0.800297 0.199703
6 0.0914662 0.908534
4 0.557374 0.442626
4 0.951621 0.0483792
4 1 1e-07
6 0.125687 0.874313
6 0.131514 0.868486
6 0.0243925 0.975608
6 0.015418 0.984582
4 0.809033 0.190967
6 0.0626124 0.937388
4 0.998411 0.00158887
4 1 1e-07
6 0.0521905 0.94781
6 0.262673 0.737327
6 0.031877 0.968123
6 0.027219 0.972781
4 0.999992 7.97318e-06
4 0.959254 0.0407461
6 0.142058 0.857942
4 0.989039 0.0109614
6 0.00126283 0.998737
6 0.00120483 0.998795
6 0.0636375 0.936362
4 1 1e-07
6 0.0469109 0.953089
6 0.276347 0.723653
4 0.999899 0.000101417
4 0.981386 0.0186142
6 0.0577538 0.942246
6 0.398382 0.601618
6 0.068611 0.931389
6 0.105091 0.894909
6 0.195612 0.804388
4 0.976916 0.0230839
6 0.106488 0.893512
6 0.0650127 0.934987
6 0.0556845 0.944316
6 0.0503077 0.949692
6 0.239933 0.760067
6 0.131375 0.868625
6 0.0177577 0.982242
6 0.0385523 0.961448
6 0.00102734 0.998973
4 0.913924 0.0860761
6 0.0159455 0.984054
4 0.986009 0.0139911
6 0.0348834 0.965117
6 0.0250982 0.974902
4 1 1e-07
4 0.990015 0.00998534
6 0.022714 0.977286
4 0.650251 0.349749
6 0.100716 0.899284
6 0.0720102 0.92799
6 0.0313588 0.968641
4 0.99991 8.99961e-05
4 1 1e-07
4 1 1e-07
4 0.721309 0.278691
4 0.99618 0.00381965
4 0.999649 0.00035105
4 0.904077 0.0959234
4 1 2.54255e-07
6 0.0408698 0.95913
4 0.856849 0.143151
6 0.0452202 0.95478
6 0.0164675 0.983533
4 0.99999 1.00107e-05
4 0.58063 0.41937
4 1 1e-07
4 0.999971 2.9035e-05
4 0.724931 0.275069
6 0.136053 0.863947
6 0.0304555 0.969545
6 0.000719539 0.99928
6 0.0387226 0.961277
6 0.0737219 0.926278
6 0.0214712 0.978529
4 1 1e-07
6 0.10651 0.89349
4 0.999856 0.000143658
4 0.816254 0.183746
4 0.954046 0.0459536
4 0.997447 0.0025525
6 0.464393 0.535607
6 0.108945 0.891055
4 0.999998 1.6731e-06
4 1 1e-07
4 1 1e-07
4 0.751847 0.248153
4 0.999935 6.46348e-05
4 0.993698 0.00630223
6 0.0247334 0.975267
6 0.00151925 0.998481
6 0.000708958 0.999291
6 0.172708 0.827292
6 0.0443813 0.955619
4 0.649763 0.350237
4 1 1e-07
6 0.0377673 0.962233
4 0.999622 0.000378045
4 0.999998 1.80258e-06
6 0.267865 0.732135
6 0.00190978 0.99809
4 0.935753 0.0642473
4 0.999516 0.000483896
6 0.241603 0.758397
6 0.0381933 0.961807
6 0.458868 0.541132
6 0.00805971 0.99194
4 0.999681 0.000319303
6 0.034476 0.965524
4 0.937903 0.0620966
6 0.143409 0.856591
6 0.157012 0.842988
6 0.0354974 0.964503
6 0.0207856 0.979214
4 0.985277 0.0147234
6 0.385364 0.614636
4 0.865212 0.134788
6 0.00413777 0.995862
4 0.986486 0.0135145
6 0.0781204 0.92188
6 0.0176008 0.982399
6 0.0198054 0.980195
6 0.0430902 0.95691
4 0.999981 1.86417e-05
6 0.234744 0.765256
4 0.736614 0.263386
4 0.955981 0.0440191
6 0.41406 0.58594
6 0.128838 0.871162
6 0.39205 0.60795
6 0.00208507 0.997915
4 0.915197 0.0848029
4 0.61176 0.38824
6 0.0389076 0.961092
4 1 1e-07
6 0.0579924 0.942008
6 0.0271372 0.972863
4 1 3.72367e-07
4 1 1e-07
4 0.999991 9.31097e-06
4 0.520749 0.479251
6 0.0606484 0.939352
6 0.0239992 0.976001
6 0.0441547 0.955845
6 0.196878 0.803122
6 0.0525121 0.947488
6 0.361117 0.638883
6 0.262448 0.737552
6 0.00289226 0.997108
4 1 1e-07
6 0.49594 0.50406
6 0.0177716 0.982228
6 0.0281134 0.971887
4 0.987311 0.0126888
6 0.000710684 0.999289
6 0.00115399 0.998846
4 0.950193 0.0498071
6 0.000484373 0.999516
6 0.0604841 0.939516
4 0.986698 0.0133025
4 1 1e-07
4 0.999977 2.33562e-05
4 0.694859 0.305141
6 0.00700393 0.992996
6 0.0319686 0.968031
6 0.234812 0.765188
4 0.93144 0.0685597
6 0.0284386 0.971561
6 0.372937 0.627063
4 0.999441 0.000559347
6 0.257703 0.742297
6 0.0203624 0.979638
6 0.0960463 0.903954
4 0.922592 0.0774079
6 0.0705892 0.929411
6 0.00037998 0.99962
4 1 1e-07
6 0.0824356 0.917564
4 1 1e-07
6 0.325003 0.674997
4 0.999951 4.90939e-05
6 0.00765572 0.992344
4 1 1e-07
4 0.917729 0.0822714
4 0.999975 2.52655e-05
6 0.158824 0.841176
6 0.0374868 0.962513
4 0.998037 0.00196317
6 0.118749 0.881251
4 1 1e-07
6 0.138467 0.861533
6 0.00837167 0.991628
6 0.108363 0.891637
6 0.335895 0.664105
6 0.453186 0.546814
6 0.0526409 0.947359
6 0.01666 0.98334
4 0.999932 6.77475e-05
6 0.0633101 0.93669
6 0.152885 0.847115
6 0.204161 0.795839
6 0.0291688 0.970831
6 0.244679 0.755321
4 0.648656 0.351344
6 0.0368899 0.96311
4 0.620004 0.379996
6 0.338869 0.661131
6 0.0166167 0.983383
6 0.287496 0.712504
6 0.468271 0.531729
4 0.963494 0.0365057
6 0.0442493 0.955751
6 0.0310744 0.968926
6 0.409722 0.590278
4 0.940651 0.0593495
4 0.999077 0.000923029
6 0.091242 0.908758
6 0.0773465 0.922654
4 0.996491 0.0035092
6 0.0182409 0.981759
6 0.0124636 0.987536
4 0.719458 0.280542
4 0.999997 3.38217e-06
4 1 1e-07
6 0.120845 0.879155
6 0.00171594 0.998284
4 0.998274 0.00172593
4 1 1e-07
6 0.000583967 0.999416
6 0.000945101 0.999055
6 0.263111 0.736889
6 0.246647 0.753353
4 0.832967 0.167033
6 0.0242254 0.975775
4 1 1e-07
4 0.999428 0.000571857
6 0.0729192 0.927081
6 0.0390176 0.960982
4 0.818226 0.181774
4 0.997982 0.00201806
6 0.0792122 0.920788
4 0.52259 0.47741
6 0.0261052 0.973895
6 0.0884323 0.911568
6 0.126706 0.873294
6 0.0242478 0.975752
4 0.675605 0.324395
6 0.000470203 0.99953
6 0.47868 0.52132
4 1 1e-07
6 0.12192 0.87808
6 0.0249997 0.975
6 0.165008 0.834992
6 0.00191524 0.998085
6 0.102381 0.897619
4 0.999677 0.00032348
4 0.710601 0.289399
4 0.55894 0.44106
6 0.0184111 0.981589
4 1 1e-07
4 0.948825 0.051175
6 0.12414 0.87586
6 0.0159847 0.984015
4 1 1e-07
4 0.854607 0.145393
4 1 1e-07
4 0.845097 0.154903
6 0.103407 0.896593
4 0.999997 2.87343e-06
6 0.0432368 0.956763
6 0.490711 0.509289
6 0.0644352 0.935565
6 0.0185849 0.981415
6 0.0146885 0.985311
4 0.999792 0.000208153
4 0.999971 2.91234e-05
4 1 1e-07
6 0.269588 0.730412
6 0.153495 0.846505
6 0.0810364 0.918964
6 0.0160744 0.983926
6 0.0271147 0.972885
4 0.858753 0.141247
4 0.910752 0.0892482
6 0.0479335 0.952066
6 0.120016 0.879984
6 0.0081436 0.991856
4 0.982738 0.0172622
4 1 1e-07
4 0.941636 0.0583638
4 1 1e-07
6 0.00210457 0.997895
6 0.0984521 0.901548
6 0.116849 0.883151
4 1 1e-07
4 0.680702 0.319298
6 0.131309 0.868691
4 1 1e-07
6 0.0624797 0.93752
4 0.99884 0.00115954
6 0.0242238 0.975776
6 0.0534416 0.946558
6 0.0159263 0.984074
6 0.000285778 0.999714
6 0.00959445 0.990406
4 0.804254 0.195746
4 0.999974 2.62746e-05
4 1 1e-07
4 0.985467 0.0145329
6 0.0539781 0.946022
4 0.999972 2.79652e-05
4 1 1e-07
4 0.998635 0.00136484
4 0.999748 0.000252258
6 0.00214971 0.99785
6 0.00292055 0.997079
6 0.000903432 0.999097
6 0.0611603 0.93884
6 0.0177691 0.982231
6 0.419344 0.580656
4 0.999999 7.52673e-07
4 0.624079 0.375921
4 0.88639 0.11361
6 0.160929 0.839071
4 1 1e-07
6 0.038805 0.961195
4 0.746126 0.253874
6 0.163946 0.836054
6 0.0423492 0.957651
6 0.0829528 0.917047
6 0.0354134 0.964587
6 0.085166 0.914834
4 0.545231 0.454769
4 1 1e-07
4 0.898306 0.101694
6 0.0241769 0.975823
4 1 1e-07
4 0.999888 0.000111512
6 0.0258897 0.97411
4 1 1e-07
6 0.0132119 0.986788
6 0.483695 0.516305
6 0.0675195 0.93248
4 0.999999 1.16108e-06
4 0.60279 0.39721
6 0.00144135 0.998559
6 0.441452 0.558548
6 0.175653 0.824347
6 0.126631 0.873369
6 0.291327 0.708673
4 0.927309 0.0726907
4 1 1e-07
6 0.0681005 0.9319
4 0.747642 0.252358
6 0.0466426 0.953357
6 0.0635248 0.936475
6 0.0473055 0.952694
4 0.997031 0.00296926
6 0.283582 0.716418
6 0.172242 0.827758
4 0.780103 0.219897
6 0.0199191 0.980081
6 0.0166737 0.983326
6 0.0937865 0.906214
6 0.0515874 0.948413
4 0.999997 2.59828e-06
4 0.9819 0.0181002
6 0.0212346 0.978765
6 0.093733 0.906267
6 0.0158013 0.984199
6 0.437492 0.562508
6 0.106387 0.893613
6 0.0663991 0.933601
4 1 1e-07
6 0.370693 0.629307
6 0.00102239 0.998978
4 1 1e-07
4 0.999998 1.532e-06
4 0.989858 0.0101423
4 0.980985 0.0190147
4 0.999999 5.55348e-07
6 0.0193931 0.980607
6 0.101204 0.898796
6 0.000527576 0.999472
4 1 1e-07
4 0.954403 0.045597
6 0.0281271 0.971873
6 0.0900415 0.909959
6 0.0228683 0.977132
6 0.00460283 0.995397
4 0.999999 8.94481e-07
4 0.986091 0.0139091
6 0.00130077 0.998699
6 0.0400414 0.959959
4 1 1e-07
4 0.999753 0.000246816
6 0.0273527 0.972647
6 0.0588578 0.941142
6 0.00181947 0.998181
6 0.0807388 0.919261
6 0.129177 0.870823
4 0.967009 0.0329912
4 0.513713 0.486287
4 1 4.5465e-07
6 0.137083 0.862917
4 0.687253 0.312747
6 0.140623 0.859377
4 0.999669 0.000331014
4 1 1e-07
4 0.98318 0.0168203
4 0.587707 0.412293
6 0.000589718 0.99941
6 0.159972 0.840028
6 0.0751295 0.92487
4 0.993273 0.00672702
4 0.993107 0.0068932
4 0.999873 0.000126532
6 0.012065 0.987935
4 0.996708 0.00329186
4 0.999969 3.07409e-05
4 0.723797 0.276203
6 0.391885 0.608115
4 1 1e-07
6 0.0160423 0.983958
6 0.0440363 0.955964
6 0.0527292 0.947271
4 1 3.99731e-07
4 0.987911 0.012089
4 0.636408 0.363592
4 0.893396 0.106604
4 0.999706 0.000294046
6 0.00043988 0.99956
6 0.0876091 0.912391
6 0.0706434 0.929357
4 0.545197 0.454803
4 0.699903 0.300097
4 0.999999 6.88675e-07
6 0.0239949 0.976005
4 0.728537 0.271463
4 0.967964 0.0320364
4 1 3.59631e-07
4 1 1e-07
6 0.0557554 0.944245
6 0.00124994 0.99875
4 0.962026 0.037974
4 0.99999 9.88438e-06
4 0.999804 0.000196174
6 0.108541 0.891459
6 0.0517139 0.948286
6 0.0170992 0.982901
6 0.0308875 0.969112
4 0.999146 0.000854054
4 1 1e-07
6 0.0179057 0.982094
6 0.0422551 0.957745
4 0.9304 0.0695998
4 0.961523 0.0384769
4 0.999999 1.2304e-06
4 0.92912 0.0708801
6 0.0165079 0.983492
6 0.0243019 0.975698
4 1 1e-07
4 0.999041 0.000958941
6 0.000853124 0.999147
6 0.0704628 0.929537
4 0.999999 1.35019e-06
4 0.983168 0.0168323
4 0.999988 1.18005e-05
6 0.00591036 0.99409
4 0.997987 0.00201282
4 0.921203 0.0787971
6 0.185489 0.814511
6 0.000645557 0.999354
4 1 1.88264e-07
6 0.038898 0.961102
6 0.0856481 0.914352
4 0.684882 0.315118
4 0.999811 0.000188797
4 0.999975 2.45698e-05
6 0.0116457 0.988354
4 0.953723 0.0462767
6 0.444075 0.555925
4 0.999996 4.38397e-06
6 0.151841 0.848159
4 1 1e-07
4 0.999413 0.000586829
4 0.999928 7.20561e-05
4 1 2.113e-07
6 0.139643 0.860357
6 0.0759787 0.924021
4 1 1e-07
6 0.0401509 0.959849
6 0.0243692 0.975631
6 0.0932247 0.906775
6 0.191043 0.808957
6 0.0637543 0.936246
4 1 1e-07
4 0.98485 0.0151495
6 0.0456668 0.954333
4 0.999746 0.00025428
4 1 1e-07
6 0.0126756 0.987324
4 0.898429 0.101571
4 0.99975 0.000249647
4 0.837273 0.162727
6 0.0247747 0.975225
6 0.0273793 0.972621
6 0.103319 0.896681
6 0.421405 0.578595
4 0.999979 2.14762e-05
4 0.998251 0.00174946
6 0.334651 0.665349
4 0.999637 0.000362803
4 0.896371 0.103629
4 1 1e-07
6 0.0291365 0.970864
6 0.154115 0.845885
4 1 1e-07
4 0.880754 0.119246
6 0.104734 0.895266
6 0.0212054 0.978795
6 0.382666 0.617334
4 0.552811 0.447189
6 0.445882 0.554118
4 0.711118 0.288882
4 0.999985 1.48421e-05
4 1 1e-07
6 0.0380803 0.96192
6 0.000580438 0.99942
6 0.0154517 0.984548
6 0.349199 0.650801
6 0.0998581 0.900142
4 0.886343 0.113657
6 0.183165 0.816835
6 0.028168 0.971832
4 0.991534 0.00846564
4 0.998566 0.00143431
4 0.999998 2.4578e-06
4 0.541209 0.458791
4 1 1e-07
6 0.2473 0.7527
4 0.96605 0.0339505
6 0.0719436 0.928056
6 0.00328037 0.99672
6 0.26382 0.73618
6 0.000653308 0.999347
4 0.813389 0.186611
6 0.160492 0.839508
4 0.999993 6.93927e-06
4 0.99452 0.00548035
4 1 1.56556e-07
4 0.874936 0.125064
6 0.038181 0.961819
6 0.0889901 0.91101
4 0.983427 0.0165729
6 0.0995106 0.900489
6 0.0927798 0.90722
6 0.00638276 0.993617
6 0.133126 0.866874
4 1 2.57752e-07
6 0.0547589 0.945241
6 0.17388 0.82612
4 0.996923 0.00307735
6 0.160191 0.839809
4 1 1e-07
6 0.0505922 0.949408
6 0.463311 0.536689
6 0.390567 0.609433
6 0.0141394 0.985861
6 0.00652762 0.993472
4 0.935778 0.0642217
6 0.0167951 0.983205
4 0.682747 0.317253
4 0.999087 0.000913241
4 1 1e-07
6 0.115548 0.884452
6 0.496371 0.503629
6 0.227048 0.772952
6 0.0444009 0.955599
6 0.265324 0.734676
6 0.00044602 0.999554
6 0.354469 0.645531
4 0.945177 0.0548233
4 0.976281 0.0237189
6 0.0175015 0.982499
6 0.0702035 0.929796
6 0.00573052 0.994269
6 0.345992 0.654008
6 0.105098 0.894902
6 0.0291713 0.970829
6 0.25076 0.74924
6 0.0764518 0.923548
6 0.000418253 0.999582
6 0.136279 0.863721
4 0.980748 0.0192524
6 0.0802127 0.919787
6 0.0222826 0.977717
6 0.0606756 0.939324
6 0.0210729 0.978927
4 0.872788 0.127212
6 0.347697 0.652303
6 0.00191867 0.998081
6 0.406782 0.593218
6 0.159631 0.840369
4 1 1e-07
4 0.999999 1.40009e-06
6 0.0271874 0.972813
6 0.22129 0.77871
6 0.48913 0.51087
6 0.467342 0.532658
6 0.13365 0.86635
6 0.0254771 0.974523
6 0.0527771 0.947223
4 1 1e-07
6 0.0148588 0.985141
6 0.309603 0.690397
6 0.0341024 0.965898
4 0.684769 0.315231
4 0.999469 0.000531409
6 0.0315562 0.968444
6 0.0373199 0.96268
4 1 1e-07
6 0.0419888 0.958011
4 0.95321 0.0467905
4 0.99989 0.000110067
4 0.974755 0.0252452
6 0.0170414 0.982959
6 0.216225 0.783775
6 0.0167823 0.983218
6 0.0321322 0.967868
6 0.0132931 0.986707
6 0.0181671 0.981833
6 0.0233261 0.976674
6 0.102778 0.897222
4 1 1e-07
4 0.999997 2.61406e-06
4 0.624984 0.375016
4 0.896139 0.103861
4 1 1.43066e-07
6 0.114422 0.885578
4 0.679819 0.320181
4 0.653414 0.346586
4 1 1e-07
6 0.248688 0.751312
6 0.0561395 0.943861
6 0.0343495 0.96565
6 0.00216756 0.997832
6 0.012338 0.987662
6 0.129068 0.870932
6 0.312995 0.687005
6 0.0205562 0.979444
4 1 1e-07
4 0.968925 0.0310754
6 0.404174 0.595826
6 0.0207591 0.979241
4 0.947551 0.0524489
6 0.239132 0.760868
6 0.00107352 0.998926
6 0.00170805 0.998292
4 1 1.91417e-07
4 0.998546 0.00145383
6 0.0509897 0.94901
4 0.967353 0.0326475
6 0.323559 0.676441
4 1 1e-07
4 0.981099 0.0189007
6 0.0778124 0.922188
4 0.862847 0.137153
6 0.00183793 0.998162
6 0.0378543 0.962146
4 0.987721 0.012279
6 0.00444151 0.995558
6 0.298878 0.701122
4 1 1e-07
6 0.102358 0.897642
6 0.0649009 0.935099
6 0.488052 0.511948
4 0.999998 1.71118e-06
6 0.066009 0.933991
6 0.00179655 0.998203
4 0.99999 1.01122e-05
6 0.0285594 0.971441
6 0.166656 0.833344
4 0.82079 0.17921
6 0.277904 0.722096
6 0.0238405 0.976159
6 0.0153566 0.984643
4 0.689549 0.310451
6 0.00336519 0.996635
4 0.96805 0.0319499
4 0.998986 0.00101403
4 0.999944 5.557e-05
6 0.0315002 0.9685
6 0.0574383 0.942562
6 0.0109783 0.989022
6 0.0216298 0.97837
4 0.974847 0.0251529
4 0.521518 0.478482
6 0.00424928 0.995751
6 0.298471 0.701529
6 0.190573 0.809427
6 0.037486 0.962514
4 1 1e-07
6 0.0399051 0.960095
6 0.0214542 0.978546
6 0.233876 0.766124
4 0.959594 0.0404061
4 0.990101 0.00989942
6 0.000669706 0.99933
6 0.00492417 0.995076
6 0.00141518 0.998585
6 0.00876359 0.991236
6 0.108817 0.891183
6 0.0896984 0.910302
6 0.496749 0.503251
6 0.0381511 0.961849
6 0.0671672 0.932833
6 0.0146562 0.985344
4 1 1e-07
4 1 1e-07
6 0.00190009 0.9981
4 0.566748 0.433252
4 1 3.9702e-07
4 1 1e-07
4 1 1e-07
6 0.438384 0.561616
4 0.605294 0.394706
6 0.0727611 0.927239
4 0.996761 0.00323864
6 0.00279314 0.997207
6 0.286409 0.713591
6 0.147609 0.852391
4 1 1e-07
6 0.040954 0.959046
6 0.0344147 0.965585
6 0.261736 0.738264
4 0.999927 7.3316e-05
6 0.239084 0.760916
6 0.0342336 0.965766
6 0.0165319 0.983468
6 0.0887905 0.911209
6 0.221184 0.778816
4 0.99964 0.000359749
4 0.826231 0.173769
4 0.575179 0.424821
6 0.0672487 0.932751
6 0.0262189 0.973781
4 0.999993 6.74695e-06
6 0.001811 0.998189
4 0.999885 0.000115291
6 0.0474747 0.952525
4 0.975808 0.0241924
6 0.000251196 0.999749
6 0.076249 0.923751
4 0.947768 0.0522318
6 0.147513 0.852487
6 0.021703 0.978297
6 0.00716978 0.99283
4 0.990011 0.00998911
6 0.0537334 0.946267
4 1 1e-07
6 0.0271705 0.97283
4 0.750651 0.249349
4 0.788219 0.211781
4 0.646732 0.353268
4 1 1e-07
4 0.999856 0.000143987
6 0.0478468 0.952153
4 1 1e-07
6 0.0215527 0.978447
6 0.125532 0.874468
6 0.36309 0.63691
6 0.476325 0.523675
4 0.971909 0.0280906
6 0.317494 0.682506
6 0.0321782 0.967822
6 0.0324126 0.967587
6 0.347205 0.652795
4 1 1e-07
6 0.0038506 0.996149
6 0.00216465 0.997835
6 0.000269482 0.999731
6 0.0265055 0.973495
6 0.435208 0.564792
6 0.0313964 0.968604
6 0.0981178 0.901882
6 0.0333889 0.966611
4 1 2.45882e-07
6 0.174795 0.825205
4 1 1e-07
4 0.930611 0.0693888
4 0.978978 0.0210215
4 0.999737 0.000262861
4 1 2.31811e-07
6 0.0808883 0.919112
6 0.0231481 0.976852
6 0.0292613 0.970739
6 0.0356923 0.964308
4 1 1e-07
4 0.955009 0.0449915
4 1 1e-07
6 0.031521 0.968479
4 0.993964 0.00603621
4 0.964242 0.0357583
6 0.0626765 0.937324
4 0.999994 6.23144e-06
4 1 1e-07
6 0.04419 0.95581
6 0.0829128 0.917087
6 0.193325 0.806675
4 1 1e-07
6 0.0621959 0.937804
6 0.118358 0.881642
6 0.0190711 0.980929
6 0.0795179 0.920482
6 0.0600259 0.939974
4 0.992374 0.00762552
6 0.0354033 0.964597
6 0.266163 0.733837
4 0.999868 0.000131883
4 1 1e-07
6 0.37025 0.62975
4 0.961758 0.0382422
6 0.180217 0.819783
4 0.692283 0.307717
4 0.999932 6.7619e-05
6 0.0173739 0.982626
6 0.0194954 0.980505
6 0.355772 0.644228
4 0.628361 0.371639
6 0.0307476 0.969252
6 0.125136 0.874864
4 0.665165 0.334835
4 0.99313 0.00687011
4 0.894015 0.105985
6 0.0426288 0.957371
4 0.851271 0.148729
4 1 1e-07
6 0.217867 0.782133
6 0.0157094 0.984291
4 0.988463 0.0115369
6 0.000325137 0.999675
6 0.369221 0.630779
6 0.121504 0.878496
4 0.70418 0.29582
6 0.35939 0.64061
6 0.45431 0.54569
4 1 1e-07
4 1 1e-07
4 0.620072 0.379928
6 8.52804e-05 0.999915
6 0.04852 0.95148
4 0.91006 0.08994
4 1 1e-07
6 0.293224 0.706776
4 0.727027 0.272973
4 0.837562 0.162438
6 0.0243941 0.975606
6 0.0144881 0.985512
4 0.999991 9.17595e-06
4 0.629098 0.370902
4 0.750097 0.249903
4 1 1e-07
6 0.0155815 0.984418
6 0.291365 0.708635
4 0.992765 0.00723495
4 1 1e-07
6 0.242984 0.757016
4 0.748704 0.251296
4 1 1e-07
4 1 1e-07
6 0.117333 0.882667
4 0.79171 0.20829
4 0.926028 0.0739724
6 0.0541296 0.94587
6 0.000379931 0.99962
4 0.570241 0.429759
4 0.746483 0.253517
6 0.0871092 0.912891
4 1 1e-07
4 0.999984 1.5986e-05
4 1 1e-07
6 0.000327978 0.999672
6 0.0791422 0.920858
6 0.071003 0.928997
6 0.0812071 0.918793
6 0.0226128 0.977387
4 1 1e-07
6 0.107436 0.892564
6 0.0187538 0.981246
6 0.0722299 0.92777
6 0.0226289 0.977371
4 1 1e-07
6 0.0532394 0.946761
6 0.043364 0.956636
6 0.118155 0.881845
4 0.999206 0.000794144
6 0.06463 0.93537
6 0.168361 0.831639
6 0.102693 0.897307
4 0.773144 0.226856
6 0.00212619 0.997874
6 0.00669891 0.993301
6 0.168306 0.831694
6 0.201935 0.798065
6 0.0456584 0.954342
4 0.914074 0.085926
6 0.00290053 0.997099
6 0.0511978 0.948802
4 1 1e-07
4 0.979957 0.0200433
6 0.000923105 0.999077
6 0.024345 0.975655
6 0.0127895 0.987211
4 0.971834 0.028166
4 0.955463 0.0445373
6 0.0482569 0.951743
4 1 2.82398e-07
4 0.999925 7.52309e-05
6 0.0397485 0.960251
6 0.0148198 0.98518
6 0.000412589 0.999587
6 0.225509 0.774491
6 0.0162807 0.983719
4 0.933324 0.0666759
4 0.68166 0.31834
4 0.816888 0.183112
6 0.0524462 0.947554
6 0.0190073 0.980993
4 0.999996 3.52102e-06
4 1 1e-07
4 0.552375 0.447625
6 0.289594 0.710406
4 0.696111 0.303889
4 0.910159 0.0898414
4 1 1e-07
6 0.0313211 0.968679
4 0.826707 0.173293
6 0.0579741 0.942026
4 0.92065 0.0793503
4 0.925389 0.074611
6 0.0335759 0.966424
4 1 1e-07
4 0.98497 0.0150304
6 0.342082 0.657918
6 0.0291978 0.970802
6 0.0254039 0.974596
4 1 1e-07
4 0.642858 0.357142
6 0.031302 0.968698
6 0.0283715 0.971629
6 0.169244 0.830756
4 1 1e-07
6 0.0525837 0.947416
6 0.0511421 0.948858
6 0.068009 0.931991
6 0.000927268 0.999073
4 0.999105 0.000895161
4 0.766599 0.233401
4 0.957503 0.0424974
6 0.00241768 0.997582
6 0.00996832 0.990032
4 1 1e-07
6 0.0205725 0.979427
6 0.0727323 0.927268
6 0.114759 0.885241
4 1 1e-07
4 1 1e-07
4 0.557073 0.442927
4 1 1e-07
6 0.127005 0.872995
6 0.053563 0.946437
4 0.994812 0.00518813
6 0.060371 0.939629
4 1 1e-07
4 1 1e-07
4 0.697075 0.302925
6 0.0180987 0.981901
4 0.982774 0.0172265
6 0.149686 0.850314
4 0.847984 0.152016
4 0.904697 0.0953027
4 0.993639 0.00636064
4 0.96673 0.0332701
4 0.966494 0.0335057
4 1 1e-07
4 1 1.05364e-07
6 0.0590018 0.940998
6 0.00145013 0.99855
4 0.999998 1.93614e-06
4 0.933829 0.0661706
4 0.974239 0.0257612
4 1 1e-07
4 0.755849 0.244151
4 1 1e-07
6 0.0368298 0.96317
6 0.36384 0.63616
6 0.0937062 0.906294
4 0.838217 0.161783
4 1 1e-07
6 0.0036768 0.996323
6 0.384744 0.615256
4 0.891956 0.108044
4 0.977292 0.0227075
6 0.178472 0.821528
4 0.954566 0.0454337
4 1 1e-07
4 0.821569 0.178431
6 0.329727 0.670273
6 0.154472 0.845528
6 0.163126 0.836874
4 0.959526 0.0404738
6 0.000264388 0.999736
4 0.999991 9.2458e-06
6 0.0249643 0.975036
4 0.98473 0.01527
6 0.471189 0.528811
6 0.0373774 0.962623
6 0.0502577 0.949742
4 0.998612 0.00138825
6 0.000220519 0.999779
6 0.0386098 0.96139
4 0.637912 0.362088
6 0.108284 0.891716
4 0.934069 0.0659313
4 0.997641 0.0023586
6 0.0156498 0.98435
4 0.507854 0.492146
4 0.999999 1.18656e-06
6 0.013295 0.986705
4 0.977611 0.0223895
4 0.999998 1.62602e-06
4 0.999922 7.80349e-05
6 0.00429691 0.995703
6 0.110366 0.889634
6 0.107982 0.892018
6 0.0704236 0.929576
4 0.998076 0.00192361
4 1 1e-07
4 0.999968 3.18758e-05
6 0.000308898 0.999691
4 0.999918 8.2191e-05
6 0.0821015 0.917899
4 0.602737 0.397263
4 0.999999 1.1303e-06
6 0.11578 0.88422
4 0.999699 0.000300553
4 0.700426 0.299574
4 0.991099 0.00890138
4 0.996673 0.00332653
4 1 3.79123e-07
6 0.0322824 0.967718
6 0.0647405 0.935259
4 1 1e-07
4 0.785111 0.214889
4 0.986561 0.0134393
6 0.0170835 0.982916
6 0.0275553 0.972445
4 1 1e-07
4 0.999605 0.000395185
6 0.023424 0.976576
6 0.408731 0.591269
6 0.00050642 0.999494
6 0.0324117 0.967588
6 0.0955255 0.904474
6 0.210725 0.789275
6 0.0575692 0.942431
6 0.118043 0.881957
4 0.993968 0.00603215
6 0.131598 0.868402
4 0.507979 0.492021
4 0.583761 0.416239
6 0.0535047 0.946495
6 0.00121774 0.998782
4 1 1e-07
4 0.993252 0.00674785
6 0.000931702 0.999068
4 0.933078 0.0669217
4 0.998017 0.00198303
4 0.999813 0.000186543
4 0.617835 0.382165
4 0.959531 0.0404685
4 1 1e-07
4 0.690375 0.309625
6 0.0177424 0.982258
6 0.0870334 0.912967
6 0.384105 0.615895
6 0.00807421 0.991926
6 0.0300234 0.969977
6 0.0207988 0.979201
6 0.0315064 0.968494
4 0.99947 0.000529788
6 0.386872 0.613128
4 0.988213 0.0117873
4 1 1e-07
6 0.0076762 0.992324
6 0.0228197 0.97718
6 0.0342608 0.965739
4 0.853231 0.146769
6 0.0211863 0.978814
6 0.0184985 0.981501
6 0.0162933 0.983707
6 0.107276 0.892724
6 0.00381083 0.996189
4 1 1e-07
4 0.823708 0.176292
6 0.0712779 0.928722
6 0.0239934 0.976007
6 0.024258 0.975742
6 0.000560012 0.99944
6 0.188094 0.811906
6 0.249142 0.750858
6 0.0814795 0.91852
6 0.022492 0.977508
6 0.195209 0.804791
4 0.570445 0.429555
4 1 4.16582e-07
6 0.169149 0.830851
6 0.00193627 0.998064
6 0.046199 0.953801
6 0.095623 0.904377
6 0.0277991 0.972201
4 0.997769 0.00223069
4 0.999988 1.23307e-05
4 0.546351 0.453649
4 0.990789 0.00921091
6 0.325525 0.674475
6 0.0169206 0.983079
6 0.115451 0.884549
6 0.0105802 0.98942
4 0.999925 7.47495e-05
6 0.00627395 0.993726
6 0.0262687 0.973731
4 1 1e-07
4 1 1e-07
6 0.020284 0.979716
4 0.99765 0.00235035
4 1 1e-07
6 0.0828977 0.917102
6 0.0160809 0.983919
6 0.160266 0.839734
4 0.744271 0.255729
4 0.728355 0.271645
6 0.000417547 0.999582
6 0.0198117 0.980188
4 0.928974 0.071026
4 0.991356 0.00864415
4 1 1e-07
4 0.539781 0.460219
4 0.751723 0.248277
4 0.99999 1.0039e-05
6 0.0278885 0.972112
4 0.95383 0.04617
4 0.92433 0.0756702
6 0.0163826 0.983617
6 0.0287747 0.971225
6 0.00167008 0.99833
6 0.45428 0.54572
6 0.0301901 0.96981
6 0.0322146 0.967785
6 0.0578356 0.942164
6 0.0543073 0.945693
6 0.0543581 0.945642
4 0.806946 0.193054
6 0.0210172 0.978983
6 0.0446258 0.955374
4 0.996751 0.00324867
4 0.98588 0.0141199
4 1 1e-07
6 0.00138188 0.998618
6 0.0388496 0.96115
4 0.985594 0.0144065
6 0.00396875 0.996031
6 0.085497 0.914503
6 0.314739 0.685261
6 0.0323536 0.967646
4 0.98751 0.0124896
6 0.0676825 0.932318
4 0.999731 0.000269023
6 0.119264 0.880736
6 0.0264857 0.973514
4 1 1e-07
6 0.00320505 0.996795
4 0.977409 0.0225911
6 0.0297744 0.970226
6 0.265725 0.734275
6 0.262302 0.737698
6 0.0283421 0.971658
6 0.0186437 0.981356
6 0.0339703 0.96603
4 0.92674 0.0732604
4 0.968247 0.0317527
4 0.996012 0.00398759
6 0.0472713 0.952729
4 0.787917 0.212083
6 0.268298 0.731702
6 0.157387 0.842613
4 0.685502 0.314498
6 0.0174736 0.982526
6 0.0379508 0.962049
4 0.734373 0.265627
4 0.999359 0.000640947
6 0.00232655 0.997673
6 0.0308354 0.969165
4 0.947906 0.0520941
6 8.07084e-05 0.999919
4 0.99754 0.00245993
6 0.0465974 0.953403
6 0.000780746 0.999219
6 0.11042 0.88958
6 0.489579 0.510421
6 0.0282745 0.971725
6 0.0144888 0.985511
4 1 1e-07
6 0.0174942 0.982506
6 0.105841 0.894159
6 0.296484 0.703516
6 0.477583 0.522417
4 0.997356 0.00264387
6 0.00430128 0.995699
6 0.201725 0.798275
6 0.0615026 0.938497
4 1 1e-07
6 0.000175508 0.999824
4 0.512151 0.487849
4 1 2.20729e-07
6 0.0310422 0.968958
4 0.731475 0.268525
4 0.638299 0.361701
6 0.189772 0.810228
4 1 1e-07
4 0.998626 0.0013738
6 0.0386421 0.961358
4 0.978938 0.0210625
6 0.116492 0.883508
6 0.0711647 0.928835
6 0.344726 0.655274
6 0.0569537 0.943046
6 0.253941 0.746059
4 0.988845 0.011155
4 0.999999 1.23337e-06
6 0.0188154 0.981185
4 0.549257 0.450743
6 0.0121593 0.987841
6 0.246338 0.753662
6 0.0337159 0.966284
6 0.0401405 0.95986
6 0.10178 0.89822
4 0.99852 0.00148025
6 0.00442468 0.995575
6 0.016807 0.983193
4 0.566804 0.433196
4 0.999979 2.10926e-05
4 1 1e-07
6 0.02657 0.97343
6 0.164373 0.835627
4 0.900532 0.0994681
4 0.968274 0.0317258
6 0.0171173 0.982883
6 0.0173604 0.98264
6 0.0614316 0.938568
4 0.99868 0.00132021
4 1 1e-07
4 1 1e-07
4 1 1e-07
4 0.997767 0.00223338
6 0.276075 0.723925
6 0.00348094 0.996519
6 0.00629016 0.99371
4 0.798005 0.201995
6 0.151984 0.848016
4 0.911288 0.088712
4 0.999911 8.8893e-05
4 0.755465 0.244535
6 0.372864 0.627136
6 0.255433 0.744567
4 1 1e-07
4 0.999924 7.57469e-05
4 0.907709 0.0922908
6 0.039504 0.960496
4 0.983391 0.016609
6 0.0246907 0.975309
6 0.041632 0.958368
4 1 1e-07
4 0.993708 0.006292
6 0.0160214 0.983979
6 0.457137 0.542863
4 0.988711 0.0112892
4 1 1e-07
6 0.0884895 0.911511
4 0.552643 0.447357
4 0.999999 8.95968e-07
4 0.998729 0.00127138
4 0.999443 0.000556571
6 0.103063 0.896937
4 0.999999 7.80609e-07
4 0.999966 3.36379e-05
6 0.0031321 0.996868
6 0.000883499 0.999117
6 0.000655165 0.999345
6 0.0649515 0.935049
6 0.443342 0.556658
6 0.157845 0.842155
6 0.0233615 0.976639
6 0.246055 0.753945
4 1 1e-07
4 0.999949 5.08632e-05
6 0.346581 0.653419
6 0.265398 0.734602
6 0.0491315 0.950868
4 0.870459 0.129541
6 0.0241556 0.975844
6 0.04541 0.95459
6 0.0152491 0.984751
6 0.0203128 0.979687
6 0.0514369 0.948563
4 1 2.15293e-07
6 0.0452644 0.954736
4 0.788979 0.211021
4 1 1e-07
4 0.669323 0.330677
4 0.996616 0.00338386
6 0.0415867 0.958413
6 0.0292989 0.970701
6 0.241082 0.758918
4 0.997947 0.00205308
6 0.119231 0.880769
6 0.352459 0.647541
4 0.875903 0.124097
6 0.00699736 0.993003
6 0.0313828 0.968617
6 0.0395172 0.960483
4 0.999926 7.39849e-05
4 0.995875 0.00412546
6 0.165343 0.834657
4 1 1e-07
4 1 1e-07
4 0.706019 0.293981
6 0.0702234 0.929777
6 0.132476 0.867524
4 0.586731 0.413269
6 0.00114774 0.998852
4 0.974968 0.0250316
4 0.928353 0.0716473
4 1 1e-07
6 0.247628 0.752372
6 0.0239811 0.976019
4 0.926765 0.0732354
4 0.999994 6.13327e-06
6 0.0556616 0.944338
4 0.999483 0.000516719
6 0.106185 0.893815
6 0.192863 0.807137
4 0.619644 0.380356
4 1 1e-07
4 0.993845 0.00615499
6 0.141428 0.858572
4 0.616887 0.383113
6 0.0145428 0.985457
6 0.0496977 0.950302
6 0.0824289 0.917571
6 0.0190369 0.980963
6 0.224522 0.775478
4 0.943891 0.0561092
4 0.991217 0.00878275
4 0.593579 0.406421
4 0.868248 0.131752
4 1 1e-07
4 0.999998 1.91294e-06
6 0.0246481 0.975352
4 1 1e-07
6 0.0599336 0.940066
6 0.14388 0.85612
4 0.538989 0.461011
4 0.989356 0.0106436
4 0.957491 0.0425089
4 0.995845 0.00415529
6 0.0375034 0.962497
4 1 1e-07
4 1 1.63927e-07
4 1 1e-07
6 0.354598 0.645402
4 1 4.71794e-07
6 0.0345809 0.965419
6 0.236591 0.763409
4 0.75925 0.24075
4 0.996958 0.00304212
6 0.0178379 0.982162
6 0.0155563 0.984444
6 0.0670753 0.932925
6 0.0525368 0.947463
6 0.00240029 0.9976
6 0.0552935 0.944707
6 0.0425103 0.95749
4 1 1e-07
4 1 1e-07
6 0.0835236 0.916476
4 1 1e-07
6 0.00321485 0.996785
4 0.989392 0.0106082
4 1 1e-07
4 0.999997 2.68977e-06
4 0.999981 1.88673e-05
4 1 1e-07
4 1 1e-07
4 0.946102 0.0538981
6 0.321861 0.678139
4 0.873398 0.126602
6 0.0164062 0.983594
6 0.00136987 0.99863
6 0.28566 0.71434
6 0.145003 0.854997
6 0.0224499 0.97755
6 0.0511989 0.948801
4 0.738254 0.261746
4 0.680031 0.319969
4 0.859273 0.140727
6 0.0309057 0.969094
4 0.950558 0.0494424
6 0.0020434 0.997957
6 0.156597 0.843403
6 0.0006962 0.999304
4 0.99771 0.00229029
6 0.139267 0.860733
4 0.967625 0.032375
4 0.999844 0.000156319
4 0.725568 0.274432
4 1 1e-07
6 0.0278191 0.972181
6 0.10071 0.89929
4 0.999997 2.51757e-06
6 0.0371295 0.96287
4 1 1e-07
4 1 1e-07
4 1 4.95341e-07
4 0.761937 0.238063
4 0.813168 0.186832
6 0.0599523 0.940048
6 0.0806375 0.919362
4 0.637357 0.362643
6 0.0351952 0.964805
4 0.717802 0.282198
6 0.0226399 0.97736
4 0.810951 0.189049
6 0.458342 0.541658
6 0.0282226 0.971777
6 0.0452986 0.954701
6 0.0166002 0.9834
4 1 1e-07
6 0.108313 0.891687
4 0.598344 0.401656
6 0.00187369 0.998126
4 0.995847 0.00415279
6 0.027609 0.972391
6 0.0183993 0.981601
4 0.602641 0.397359
6 0.00075312 0.999247
6 0.0228945 0.977106
4 0.962481 0.0375188
4 0.997971 0.00202945
4 0.999968 3.19326e-05
4 0.999974 2.61331e-05
4 0.999999 1.08854e-06
6 0.0297325 0.970268
6 0.109204 0.890796
6 0.0252746 0.974725
6 0.0408603 0.95914
6 0.0100055 0.989995
4 0.999998 1.72774e-06
4 1 1e-07
4 0.755497 0.244503
4 1 1e-07
6 0.133199 0.866801
6 0.252667 0.747333
6 0.0274614 0.972539
4 0.994774 0.00522563
4 0.93378 0.0662205
4 0.996121 0.00387934
6 0.135678 0.864322
6 0.0818531 0.918147
4 0.569353 0.430647
6 0.0269102 0.97309
6 0.000693265 0.999307
4 0.797717 0.202283
6 0.00100847 0.998992
4 1 1e-07
6 0.0655117 0.934488
6 0.0706603 0.92934
6 0.112902 0.887098
4 1 1e-07
4 0.999998 1.90292e-06
6 0.0274481 0.972552
4 0.977616 0.0223835
6 0.0384833 0.961517
4 0.99986 0.000140226
6 0.449009 0.550991
6 0.253269 0.746731
6 0.0340952 0.965905
4 0.993694 0.00630582
4 0.99923 0.000769764
6 0.0282406 0.971759
6 0.00721 0.99279
4 0.99972 0.000279913
6 0.0376996 0.9623
6 0.0234222 0.976578
6 0.0179425 0.982057
4 0.844308 0.155692
4 0.990142 0.00985776
4 0.975482 0.0245178
6 0.0220687 0.977931
4 0.523785 0.476215
4 0.939137 0.060863
4 0.999903 9.68129e-05
6 0.0529837 0.947016
4 0.963213 0.0367869
6 0.0492998 0.9507
6 0.460859 0.539141
6 0.0370208 0.962979
4 0.999998 2.09073e-06
4 0.693867 0.306133
4 0.754993 0.245007
4 0.671702 0.328298
4 0.976484 0.0235159
4 1 1e-07
4 0.997756 0.00224442
6 0.0204555 0.979544
4 1 1e-07
6 0.386487 0.613513
4 0.999907 9.32244e-05
6 0.000366861 0.999633
4 0.999036 0.00096422
6 0.0296227 0.970377
6 0.0151199 0.98488
6 0.00713494 0.992865
6 0.0270589 0.972941
4 0.989512 0.0104876
6 0.0203714 0.979629
4 0.999971 2.88751e-05
6 0.16116 0.83884
6 0.257998 0.742002
4 0.999993 7.17275e-06
6 0.000660958 0.999339
4 0.999999 9.26271e-07
6 0.0005207 0.999479
6 0.0297251 0.970275
6 0.396177 0.603823
6 0.0449986 0.955001
6 0.0171895 0.98281
4 0.999549 0.000450719
4 0.559479 0.440521
6 0.00355715 0.996443
6 0.261671 0.738329
4 0.998866 0.00113377
6 0.00117423 0.998826
6 0.0448725 0.955127
6 0.274731 0.725269
4 0.997526 0.00247415
6 0.0943204 0.90568
6 0.0155769 0.984423
6 0.000387175 0.999613
6 0.032542 0.967458
4 1 1e-07
6 0.193101 0.806899
4 1 1e-07
4 1 1e-07
6 0.00145522 0.998545
6 0.0466206 0.953379
6 0.0340973 0.965903
4 0.680304 0.319696
4 0.691793 0.308207
6 0.0861739 0.913826
6 0.0475042 0.952496
6 0.0161048 0.983895
4 0.595012 0.404988
6 0.000586881 0.999413
6 0.196166 0.803834
4 0.894809 0.105191
4 1 1e-07
6 0.0145326 0.985467
4 0.814788 0.185212
4 0.685999 0.314001
6 0.0592423 0.940758
6 0.000276146 0.999724
6 0.0110708 0.988929
4 1 1e-07
6 0.180204 0.819796
6 0.279188 0.720812
6 0.000456166 0.999544
4 0.998948 0.00105205
6 0.0438675 0.956132
4 0.999832 0.000168034
6 0.00132023 0.99868
6 0.0974277 0.902572
6 0.0652082 0.934792
4 1 1e-07
4 0.946573 0.0534269
6 0.090592 0.909408
4 0.988339 0.0116615
4 0.900402 0.0995977
4 0.997111 0.00288865
4 0.501332 0.498668
6 0.043463 0.956537
4 1 1e-07
4 0.955103 0.0448969
4 1 1e-07
6 0.00123186 0.998768
6 0.00286001 0.99714
6 0.0421867 0.957813
6 0.146165 0.853835
6 0.180296 0.819704
6 0.0848482 0.915152
6 0.00822086 0.991779
4 1 1.33012e-07
6 0.126871 0.873129
4 1 1e-07
4 0.996568 0.00343189
6 0.144375 0.855625
6 0.0253859 0.974614
4 1 1e-07
6 0.307679 0.692321
4 0.998859 0.00114117
4 0.62761 0.37239
4 0.979647 0.0203531
6 0.0149687 0.985031
6 0.0627592 0.937241
4 0.871338 0.128662
4 0.99994 5.99356e-05
6 0.0280122 0.971988
4 0.999995 4.52267e-06
6 0.0287795 0.97122
4 1 1e-07
6 0.033088 0.966912
4 0.999999 9.5017e-07
4 1 1.68893e-07
4 1 1e-07
4 0.885996 0.114004
6 0.474669 0.525331
6 0.350231 0.649769
6 0.067165 0.932835
6 0.0438698 0.95613
6 0.0530799 0.94692
4 0.999882 0.000118116
6 0.107219 0.892781
4 0.99999 1.03746e-05
4 1 1e-07
6 0.0627111 0.937289
6 0.399576 0.600424
6 0.000545882 0.999454
6 0.353846 0.646154
4 0.965418 0.0345816
6 0.177011 0.822989
6 0.045054 0.954946
4 0.999987 1.32414e-05
4 0.919465 0.0805354
6 0.00591398 0.994086
6 0.0291572 0.970843
6 0.0157818 0.984218
6 0.01941 0.98059
6 0.0196938 0.980306
4 1 1e-07
6 0.000351511 0.999648
4 1 3.75277e-07
6 0.0979478 0.902052
4 0.575087 0.424913
4 1 1e-07
4 0.999529 0.000471009
4 0.999993 6.91014e-06
6 0.0441124 0.955888
4 0.999631 0.00036914
4 0.999533 0.000467254
6 0.244855 0.755145
4 0.984207 0.0157927
6 0.114683 0.885317
4 1 4.35594e-07
6 0.488491 0.511509
6 0.00579716 0.994203
4 1 1e-07
6 0.0227338 0.977266
4 1 1e-07
4 1 1e-07
4 0.999992 7.90126e-06
4 0.967663 0.0323374
6 0.0981913 0.901809
4 0.503408 0.496592
4 0.739484 0.260516
6 0.0936192 0.906381
6 0.036199 0.963801
6 0.0411278 0.958872
6 0.0179642 0.982036
4 0.999911 8.87319e-05
4 1 1e-07
6 0.369221 0.630779
6 0.0406373 0.959363
6 0.0630577 0.936942
4 0.761356 0.238644
6 0.179203 0.820797
4 1 3.74184e-07
4 1 1e-07
6 0.0396308 0.960369
4 1 1e-07
6 0.0307743 0.969226
4 0.947664 0.0523365
6 0.00132065 0.998679
6 0.000539391 0.999461
6 0.0436266 0.956373
4 1 1e-07
4 0.726416 0.273584
4 0.998655 0.0013447
6 0.0202328 0.979767
4 1 1.61571e-07
4 0.809171 0.190829
6 0.0424428 0.957557
6 0.00227033 0.99773
6 0.0675875 0.932412
6 0.00166636 0.998334
4 0.999184 0.000815871
6 0.0482357 0.951764
4 0.999997 2.6198e-06
4 0.984427 0.0155726
6 0.0352331 0.964767
6 0.000749276 0.999251
6 0.02426 0.97574
6 0.397825 0.602175
4 1 2.7472e-07
6 0.0342327 0.965767
6 0.423476 0.576524
6 0.188692 0.811308
4 0.790274 0.209726
6 0.030293 0.969707
6 0.00117722 0.998823
4 0.827998 0.172002
4 0.999914 8.64609e-05
6 0.0287445 0.971255
4 0.691577 0.308423
6 0.172541 0.827459
6 0.0236071 0.976393
6 0.0730439 0.926956
4 0.999999 6.49255e-07
4 0.999933 6.68095e-05
6 0.23161 0.76839
6 0.221149 0.778851
4 0.996378 0.00362224
6 0.000400911 0.999599
6 0.0552595 0.94474
4 0.990233 0.00976708
6 0.04196 0.95804
6 0.0381879 0.961812
6 0.0824741 0.917526
4 1 1e-07
4 0.958461 0.0415394
6 0.0370621 0.962938
4 0.972845 0.027155
6 0.0199664 0.980034
6 0.0180675 0.981933
4 0.9729 0.0271003
4 0.765688 0.234312
4 1 1e-07
6 0.0993218 0.900678
6 0.0116156 0.988384
4 0.738092 0.261908
4 1 1e-07
6 0.414245 0.585755
4 0.999941 5.88171e-05
6 0.197311 0.802689
4 1 1e-07
4 0.702287 0.297713
6 0.170975 0.829025
4 1 1e-07
6 0.0248708 0.975129
6 0.072342 0.927658
6 0.402297 0.597703
6 0.0227945 0.977206
6 0.0631711 0.936829
6 0.058784 0.941216
6 0.0614644 0.938536
4 0.866662 0.133338
4 0.876712 0.123288
4 0.99997 2.98383e-05
6 0.0301249 0.969875
6 0.0455524 0.954448
4 0.999776 0.000223536
6 0.235259 0.764741
4 0.757347 0.242653
6 0.0804808 0.919519
6 0.164268 0.835732
6 0.00441861 0.995581
6 0.000771115 0.999229
6 0.0908651 0.909135
4 0.903767 0.0962327
6 0.0843246 0.915675
6 0.069286 0.930714
4 0.999992 8.08406e-06
4 1 1e-07
4 1 1e-07
4 0.998258 0.00174185
4 0.999973 2.70911e-05
6 0.0042864 0.995714
4 0.981416 0.0185836
6 0.149752 0.850248
6 0.0799489 0.920051
6 0.000515904 0.999484
4 0.879623 0.120377
4 1 1.16217e-07
6 0.062088 0.937912
6 0.0257027 0.974297
6 0.196094 0.803906
4 0.99944 0.000559669
6 0.00767799 0.992322
4 0.998672 0.00132812
4 1 1e-07
4 1 1e-07
4 0.93412 0.0658797
4 0.999997 3.06144e-06
6 0.0272541 0.972746
4 0.992379 0.00762098
6 0.00758664 0.992413
6 0.406198 0.593802
6 0.168858 0.831142
6 0.0938373 0.906163
6 0.168636 0.831364
4 1 1e-07
4 0.560777 0.439223
6 0.0536537 0.946346
4 0.999981 1.9006e-05
6 0.000414692 0.999585
4 0.999438 0.000562077
6 0.262669 0.737331
6 0.0570556 0.942944
6 0.0435017 0.956498
4 0.958596 0.041404
6 0.0446558 0.955344
6 0.0174579 0.982542
6 0.0866837 0.913316
4 0.991615 0.0083845
4 1 1e-07
6 0.00363887 0.996361
4 1 1e-07
4 1 1e-07
4 0.821469 0.178531
6 0.0240783 0.975922
6 0.089087 0.910913
6 0.0248843 0.975116
4 1 1e-07
4 0.66459 0.33541
6 0.390019 0.609981
6 0.0839384 0.916062
4 0.846736 0.153264
6 0.0271097 0.97289
6 0.0687077 0.931292
6 0.0584659 0.941534
4 0.702134 0.297866
4 0.995652 0.00434826
4 0.561627 0.438373
6 0.0283998 0.9716
6 0.00782389 0.992176
4 0.88989 0.11011
6 0.114387 0.885613
6 0.0438607 0.956139
4 0.999999 1.30063e-06
6 0.0393996 0.9606
4 0.544705 0.455295
4 1 1.93491e-07
6 0.0540902 0.94591
6 0.0174946 0.982505
6 0.0509387 0.949061
4 1 1e-07
4 0.925374 0.074626
6 0.212691 0.787309
4 0.94039 0.0596103
4 0.994571 0.00542875
6 0.108469 0.891531
4 0.99971 0.000290133
6 0.0483719 0.951628
4 0.596656 0.403344
4 1 1.82693e-07
4 0.999874 0.000125593
4 0.857118 0.142882
4 0.883754 0.116246
6 0.19595 0.80405
6 0.0396311 0.960369
6 0.00641814 0.993582
6 0.305625 0.694375
6 0.123252 0.876748
4 1 1e-07
6 0.0375234 0.962477
6 0.0370944 0.962906
6 0.0659483 0.934052
6 0.0297357 0.970264
4 1 1e-07
6 0.021104 0.978896
4 0.999291 0.000708749
4 0.999999 7.9576e-07
6 0.0455219 0.954478
4 0.999995 5.0514e-06
4 0.999851 0.00014939
4 0.999405 0.000594778
4 0.999933 6.72698e-05
4 0.956109 0.0438913
4 1 1e-07
4 0.996543 0.00345679
6 0.000533529 0.999466
4 0.998814 0.00118574
6 0.00125297 0.998747
6 0.083243 0.916757
4 0.803287 0.196713
6 0.00152322 0.998477
6 0.0846472 0.915353
6 0.000246307 0.999754
4 0.901757 0.0982433
6 0.00218768 0.997812
6 0.0731005 0.926899
6 0.285946 0.714054
4 1 1.6889e-07
6 0.0333744 0.966626
4 0.999992 8.46384e-06
4 1 2.53373e-07
6 0.00208072 0.997919
4 0.993258 0.00674181
6 0.0107651 0.989235
4 0.999919 8.07538e-05
4 1 1e-07
6 0.0422063 0.957794
4 1 1.39e-07
6 0.25539 0.74461
6 0.109181 0.890819
4 1 1e-07
4 0.987904 0.0120959
6 0.0372252 0.962775
6 0.0733329 0.926667
6 0.0807261 0.919274
4 0.999958 4.1631e-05
6 0.00455577 0.995444
4 0.947577 0.0524232
6 0.0183455 0.981654
4 1 4.76347e-07
6 0.0379471 0.962053
4 0.972712 0.0272885
6 0.44405 0.55595
4 0.999999 6.05649e-07
4 0.986693 0.0133068
6 0.0257348 0.974265
4 0.857955 0.142045
6 0.0257469 0.974253
4 0.675221 0.324779
6 0.0195388 0.980461
6 0.0436989 0.956301
4 0.983726 0.0162743
4 0.81632 0.18368
6 0.0271328 0.972867
4 0.999988 1.15329e-05
6 0.470175 0.529825
6 0.0228349 0.977165
4 1 1e-07
6 0.0470689 0.952931
6 0.0689283 0.931072
6 0.0241786 0.975821
6 0.432357 0.567643
4 0.999997 3.21321e-06
4 1 1e-07
6 0.418243 0.581757
6 0.0779004 0.9221
6 0.0223755 0.977624
6 0.0494455 0.950555
4 1 2.4579e-07
4 0.999999 1.48971e-06
4 0.99992 8.00664e-05
6 0.119063 0.880937
6 0.00159747 0.998403
4 0.812018 0.187982
4 0.807296 0.192704
6 0.00136375 0.998636
4 0.92829 0.0717098
4 0.999233 0.000767003
6 0.101462 0.898538
4 0.994148 0.00585246
6 0.0208682 0.979132
6 0.278466 0.721534
4 1 1e-07
6 0.202773 0.797227
4 0.897508 0.102492
4 1 1e-07
6 0.178658 0.821342
6 0.00127208 0.998728
6 0.234473 0.765527
6 0.0310232 0.968977
6 0.0122996 0.9877
6 0.424673 0.575327
6 0.00683472 0.993165
4 0.957887 0.0421125
4 0.825733 0.174267
4 1 1.85398e-07
6 0.0107869 0.989213
4 0.627316 0.372684
6 0.484115 0.515885
4 1 1e-07
4 1 1e-07
6 0.0335068 0.966493
6 0.0349315 0.965068
6 0.0652026 0.934797
4 0.994942 0.00505759
6 0.000827551 0.999172
4 0.911965 0.0880352
6 0.00254298 0.997457
6 0.0485838 0.951416
4 1 1e-07
6 0.213008 0.786992
6 0.0229437 0.977056
4 1 1e-07
4 0.784216 0.215784
6 0.0259877 0.974012
4 0.99999 9.73793e-06
6 0.106298 0.893702
4 0.999851 0.000149067
6 0.0202426 0.979757
4 0.792132 0.207868
4 1 1e-07
4 1 1e-07
6 0.0771718 0.922828
6 0.0214673 0.978533
4 1 1.40951e-07
4 0.984289 0.0157107
6 0.000311488 0.999689
4 0.937459 0.0625407
4 0.694072 0.305928
4 0.999513 0.000487219
4 0.999988 1.20745e-05
4 1 1e-07
6 0.0419351 0.958065
4 0.999869 0.000130791
6 0.0304391 0.969561
4 1 1e-07
6 0.218882 0.781118
6 0.0231074 0.976893
6 0.00107456 0.998925
6 0.204503 0.795497
6 0.0289482 0.971052
6 0.0431418 0.956858
6 0.0376587 0.962341
6 0.124028 0.875972
6 0.0524118 0.947588
6 0.23945 0.76055
6 0.119859 0.880141
4 0.999999 8.71017e-07
4 0.999989 1.09394e-05
4 0.999996 3.89244e-06
4 0.973043 0.0269571
6 0.38927 0.61073
6 0.0735648 0.926435
4 0.99202 0.00798006
6 0.410844 0.589156
4 0.804144 0.195856
6 0.20165 0.79835
4 0.872859 0.127141
4 0.833429 0.166571
6 0.0222721 0.977728
6 0.0344465 0.965553
4 0.999987 1.27091e-05
4 1 1e-07
6 0.0262831 0.973717
4 0.999999 7.12151e-07
4 0.949877 0.0501233
4 1 1e-07
4 1 1e-07
6 0.414342 0.585658
6 0.152972 0.847028
6 0.0402246 0.959775
4 0.861698 0.138302
6 0.374602 0.625398
4 0.991301 0.00869946
6 0.374097 0.625903
4 0.79239 0.20761
4 0.60305 0.39695
6 0.02152 0.97848
6 0.0156772 0.984323
6 0.0032402 0.99676
6 0.210058 0.789942
6 0.0317169 0.968283
4 0.842295 0.157705
4 0.935852 0.0641479
6 0.0178704 0.98213
6 0.0564043 0.943596
6 0.0457988 0.954201
6 0.141328 0.858672
6 0.177744 0.822256
6 0.00138259 0.998617
4 0.999999 1.33641e-06
6 0.0369367 0.963063
4 0.999987 1.25279e-05
4 0.999981 1.93896e-05
6 0.0121219 0.987878
4 0.999916 8.40379e-05
6 0.0978428 0.902157
6 0.0937486 0.906251
6 0.0188348 0.981165
4 0.999055 0.000944664
4 0.998132 0.00186773
6 0.0949216 0.905078
6 0.344797 0.655203
6 0.357386 0.642614
4 0.758494 0.241506
6 0.0343975 0.965603
4 0.940212 0.059788
6 0.302305 0.697695
4 0.999993 6.73168e-06
4 0.938045 0.061955
6 0.310968 0.689032
4 0.999994 5.7151e-06
6 0.0256057 0.974394
6 0.499912 0.500088
6 0.00122605 0.998774
4 0.837845 0.162155
4 1 1e-07
4 0.922671 0.0773293
4 1 1e-07
6 0.0300282 0.969972
4 1 1e-07
4 0.999996 3.62997e-06
4 0.987839 0.0121611
6 0.0631188 0.936881
4 1 1e-07
6 0.178081 0.821919
4 1 1e-07
4 0.899264 0.100736
4 1 1e-07
4 0.999997 2.74134e-06
4 1 1e-07
6 0.0015078 0.998492
4 0.916392 0.0836083
6 0.0043876 0.995612
6 0.0381129 0.961887
6 0.0432804 0.95672
4 0.806835 0.193165
6 0.039183 0.960817
4 0.918499 0.0815007
4 0.999927 7.30069e-05
4 1 1e-07
4 1 1e-07
4 1 1e-07
6 0.0381018 0.961898
4 0.846657 0.153343
4 0.997454 0.00254594
6 0.0270075 0.972992
4 0.988919 0.011081
6 0.121732 0.878268
6 0.00450878 0.995491
6 0.384309 0.615691
6 0.0292521 0.970748
6 0.0898244 0.910176
4 0.999992 7.53029e-06
6 0.0160467 0.983953
4 1 1e-07
6 0.00324226 0.996758
6 0.00260408 0.997396
6 0.265048 0.734952
4 0.827919 0.172081
4 0.999425 0.000574646
6 0.0921162 0.907884
4 0.999888 0.00011204
6 0.0411674 0.958833
6 0.117506 0.882494
6 0.310986 0.689014
6 0.000833547 0.999166
6 0.043593 0.956407
6 0.000404632 0.999595
4 1 1e-07
6 0.0318457 0.968154
6 0.0866476 0.913352
6 0.037501 0.962499
4 0.946193 0.0538073
6 0.334232 0.665768
6 0.0626221 0.937378
4 0.830521 0.169479
6 0.15311 0.84689
6 0.00197325 0.998027
6 0.0205773 0.979423
6 0.0379597 0.96204
4 1 1e-07
6 0.0859225 0.914077
6 0.000235696 0.999764
6 0.109981 0.890019
4 0.899821 0.100179
6 0.194686 0.805314
6 0.0268191 0.973181
4 0.999999 6.29951e-07
6 0.0577618 0.942238
6 0.0404257 0.959574
6 0.0213972 0.978603
4 0.800355 0.199645
4 0.760404 0.239596
6 0.0442057 0.955794
6 0.221 0.779
4 0.905082 0.0949183
6 0.0595879 0.940412
4 1 1e-07
4 0.999999 7.46634e-07
6 0.0144226 0.985577
4 1 1e-07
6 0.0684354 0.931565
4 0.885479 0.114521
6 0.018302 0.981698
4 1 3.92214e-07
4 0.999892 0.000108139
6 0.0299356 0.970064
4 0.615829 0.384171
6 0.383391 0.616609
6 0.104189 0.895811
6 0.443983 0.556017
4 0.902308 0.0976923
6 0.125232 0.874768
6 0.00279056 0.997209
6 0.000480489 0.99952
4 1 1e-07
4 0.701973 0.298027
4 0.999984 1.64707e-05
6 0.0248954 0.975105
6 0.376515 0.623485
6 0.0807645 0.919236
6 0.00171479 0.998285
6 0.011518 0.988482
4 0.987684 0.0123158
6 0.140448 0.859552
6 0.0854944 0.914506
4 0.994712 0.00528826
6 0.305143 0.694857
6 0.041018 0.958982
4 0.998642 0.0013578
4 0.999991 9.22858e-06
6 0.0497174 0.950283
6 0.249733 0.750267
6 0.0262154 0.973785
4 1 2.86646e-07
4 0.999672 0.000328296
6 0.111266 0.888734
6 0.000833155 0.999167
6 0.0755028 0.924497
4 0.999854 0.000146199
4 0.740042 0.259958
6 0.104075 0.895925
6 0.333182 0.666818
4 0.999998 1.52808e-06
4 1 1e-07
6 0.224153 0.775847
4 1 1e-07
6 0.0386714 0.961329
4 0.58535 0.41465
4 1 1e-07
6 0.0284634 0.971537
4 0.876036 0.123964
6 0.0732966 0.926703
4 1 1e-07
4 0.999978 2.1681e-05
6 0.0445837 0.955416
6 0.0171327 0.982867
6 0.0199546 0.980045
4 0.891675 0.108325
6 0.195563 0.804437
4 0.999999 1.01543e-06
6 0.107384 0.892616
6 0.0897489 0.910251
6 0.0350978 0.964902
6 0.116539 0.883461
6 0.31345 0.68655
4 0.78323 0.21677
6 0.000333493 0.999667
4 0.997021 0.00297915
6 0.225666 0.774334
4 0.964738 0.0352624
6 0.095737 0.904263
4 0.997867 0.0021333
4 0.794377 0.205623
6 0.0363021 0.963698
4 1 1e-07
4 0.834311 0.165689
6 0.0698667 0.930133
6 0.21147 0.78853
6 0.28112 0.71888
4 0.985792 0.0142078
6 0.000786766 0.999213
6 0.164921 0.835079
6 0.360267 0.639733
6 0.0615352 0.938465
6 0.0785048 0.921495
6 0.176567 0.823433
4 0.891025 0.108975
4 1 1e-07
6 0.0528581 0.947142
6 0.00744014 0.99256
6 0.0277462 0.972254
4 0.945656 0.0543437
6 0.127686 0.872314
4 1 1e-07
4 0.999999 1.36549e-06
4 0.999409 0.000590728
4 1 1e-07
6 0.105 0.895
4 1 1e-07
4 0.995643 0.00435683
4 1 1e-07
4 0.833805 0.166195
4 1 1e-07
4 0.998311 0.00168875
4 0.985809 0.0141907
6 0.37977 0.62023
6 0.0302328 0.969767
4 0.985477 0.0145233
4 0.855838 0.144162
4 0.504828 0.495172
4 1 1e-07
4 1 1e-07
6 0.0754267 0.924573
4 0.980839 0.0191608
6 0.0330476 0.966952
4 0.625955 0.374045
6 0.176336 0.823664
6 0.494607 0.505393
4 0.978314 0.021686
6 0.0224938 0.977506
6 0.0510516 0.948948
6 0.0704067 0.929593
4 0.992635 0.00736492
6 0.034008 0.965992
4 0.599928 0.400072
4 0.999814 0.000185844
4 0.895407 0.104593
6 0.249908 0.750092
6 0.0344522 0.965548
6 0.0221249 0.977875
6 0.000173804 0.999826
4 1 1e-07
6 0.0207331 0.979267
6 0.160594 0.839406
6 0.0227582 0.977242
6 0.000390477 0.99961
4 0.99658 0.00342043
6 0.0189999 0.981
4 0.580281 0.419719
4 0.509055 0.490945
4 1 1e-07
4 0.9909 0.0090997
4 0.831203 0.168797
6 0.00333027 0.99667
4 0.996132 0.00386757
6 0.0801109 0.919889
4 0.999864 0.000135539
4 0.99999 9.95798e-06
4 0.999125 0.0008748
6 0.106726 0.893274
4 1 1e-07
4 0.994791 0.00520878
6 0.468864 0.531136
6 0.0385003 0.9615
4 0.539496 0.460504
6 0.325256 0.674744
6 0.0037853 0.996215
4 0.994959 0.00504112
4 0.997442 0.00255849
6 0.0158446 0.984155
6 0.126246 0.873754
4 0.998216 0.00178444
6 0.16875 0.83125
4 0.999999 7.74648e-07
4 0.997174 0.00282579
6 0.0450354 0.954965
6 0.305884 0.694116
4 0.996313 0.00368718
4 0.999175 0.000824758
6 0.0180155 0.981984
6 0.0199889 0.980011
4 0.987809 0.0121908
4 0.963749 0.0362507
6 0.016787 0.983213
6 0.117443 0.882557
6 0.018256 0.981744
6 0.0141578 0.985842
4 0.976635 0.0233647
6 0.104027 0.895973
6 0.00123132 0.998769
6 0.0596279 0.940372
6 0.000693319 0.999307
4 0.939452 0.0605476
6 0.300178 0.699822
6 0.0521401 0.94786
6 0.112799 0.887201
6 0.227734 0.772266
6 0.000490972 0.999509
6 0.0450655 0.954935
6 0.305732 0.694268
6 0.0620101 0.93799
4 0.999997 2.90131e-06
4 0.975425 0.0245755
4 0.935647 0.0643529
4 1 1e-07
4 1 2.44606e-07
6 0.0549945 0.945006
4 0.597245 0.402755
6 0.0203904 0.97961
6 0.0914035 0.908596
6 0.000887589 0.999112
4 0.999576 0.000424106
4 0.695587 0.304413
6 0.41031 0.58969
6 0.000433894 0.999566
4 0.998842 0.00115758
4 0.999939 6.06331e-05
4 0.506558 0.493442
4 0.99957 0.000429541
6 0.0610496 0.93895
4 0.999999 8.25692e-07
6 0.0282407 0.971759
4 0.879388 0.120612
6 0.308076 0.691924
6 0.21748 0.78252
6 0.00482938 0.995171
6 0.426786 0.573214
6 0.0265276 0.973472
6 0.00763197 0.992368
4 1 1e-07
4 0.999998 1.90066e-06
6 0.121973 0.878027
6 0.134496 0.865504
6 0.15264 0.84736
4 0.856752 0.143248
4 0.966165 0.0338347
4 0.987816 0.0121841
6 0.101937 0.898063
4 0.980286 0.0197145
6 0.224755 0.775245
6 0.0172444 0.982756
4 0.912521 0.0874787
6 0.0711342 0.928866
6 0.0352322 0.964768
4 0.999926 7.39752e-05
6 0.0113422 0.988658
4 0.83322 0.16678
6 0.146166 0.853834
6 0.199368 0.800632
6 0.233191 0.766809
6 0.16443 0.83557
4 1 1e-07
6 0.378974 0.621026
4 1 1e-07
6 0.113787 0.886213
6 0.00354134 0.996459
6 0.0699712 0.930029
6 0.000590233 0.99941
4 0.999945 5.4836e-05
4 0.837715 0.162285
4 0.528618 0.471382
4 0.53997 0.46003
4 1 1e-07
4 0.985439 0.014561
4 0.920809 0.0791906
4 0.971403 0.0285973
6 0.0721915 0.927809
6 0.127127 0.872873
4 0.70125 0.29875
6 0.00195456 0.998045
6 0.0713976 0.928602
6 0.0115505 0.98845
4 0.997705 0.0022947
4 0.77074 0.22926
6 0.0221288 0.977871
6 0.00340023 0.9966
6 0.0621591 0.937841
4 0.969846 0.0301541
6 0.0348772 0.965123
6 0.000686034 0.999314
6 0.432063 0.567937
6 0.000525072 0.999475
4 1 1e-07
4 0.999954 4.61667e-05
6 0.128526 0.871474
6 0.0446362 0.955364
4 1 1e-07
6 0.0917113 0.908289
6 0.0876598 0.91234
4 0.974259 0.0257411
4 0.674864 0.325136
4 0.828573 0.171427
4 0.999878 0.000122067
4 0.837837 0.162163
6 0.0713976 0.928602
6 0.00075189 0.999248
6 0.00133472 0.998665
6 0.109899 0.890101
6 0.39968 0.60032
4 0.999891 0.000108695
6 0.0780587 0.921941
6 0.00187176 0.998128
6 0.0647425 0.935257
4 0.999969 3.12937e-05
4 1 1e-07
4 0.999999 1.46101e-06
6 0.0145591 0.985441
6 0.0113016 0.988698
4 0.999989 1.13343e-05
6 0.0267462 0.973254
4 0.999995 4.84001e-06
4 0.999658 0.000341912
4 0.563566 0.436434
4 1 1e-07
6 0.222024 0.777976
6 0.00117548 0.998825
6 0.025466 0.974534
6 0.0241994 0.975801
4 0.995812 0.00418845
6 0.0248856 0.975114
4 0.79028 0.20972
4 0.979005 0.0209954
6 0.0168287 0.983171
6 0.057448 0.942552
4 0.988994 0.0110064
6 0.037206 0.962794
6 0.40875 0.59125
4 0.993047 0.00695279
4 1 1e-07
4 1 4.20326e-07
6 0.184395 0.815605
4 0.902365 0.0976354
6 0.0547792 0.945221
6 0.222833 0.777167
6 0.00182083 0.998179
6 0.0552305 0.944769
6 0.000820133 0.99918
6 0.0447262 0.955274
6 0.104437 0.895563
4 0.90756 0.0924398
6 0.163981 0.836019
4 1 1e-07
6 0.0144283 0.985572
6 0.0828082 0.917192
4 0.999985 1.45106e-05
4 0.989789 0.0102111
4 0.891207 0.108793
6 0.0939465 0.906053
6 0.115496 0.884504
6 0.0241449 0.975855
6 0.051821 0.948179
6 0.231655 0.768345
6 0.0188834 0.981117
6 0.0380521 0.961948
6 0.00200899 0.997991
6 0.00160905 0.998391
6 0.000482387 0.999518
6 0.0151804 0.98482
6 0.0208941 0.979106
4 1 1e-07
6 0.0988474 0.901153
6 0.236665 0.763335
4 0.950318 0.0496819
4 0.983336 0.0166636
4 0.977207 0.0227925
4 1 1e-07
4 0.99747 0.00253048
6 0.162966 0.837034
6 0.147792 0.852208
6 0.169151 0.830849
6 0.37264 0.62736
6 0.0346917 0.965308
6 0.249797 0.750203
4 0.999576 0.000423917
4 0.998033 0.00196651
4 0.999999 1.00652e-06
6 0.000112345 0.999888
6 0.0736103 0.92639
6 0.127918 0.872082
6 0.0140963 0.985904
6 0.0275729 0.972427
6 0.0131778 0.986822
6 0.2487 0.7513
4 0.967847 0.0321526
4 0.996312 0.00368792
4 0.99535 0.00465028
6 0.0332752 0.966725
4 0.999999 7.17858e-07
4 0.507135 0.492865
4 0.9992 0.000800167
6 0.0358209 0.964179
4 0.993008 0.00699194
4 1 1e-07
4 0.999986 1.36447e-05
6 0.0605213 0.939479
4 1 1e-07
4 0.99116 0.00883969
4 0.999614 0.000386031
6 0.00534652 0.994653
4 0.999609 0.000390628
6 0.029856 0.970144
6 0.0440539 0.955946
6 0.0154771 0.984523
4 0.98372 0.0162795
6 0.235787 0.764213
6 0.0224902 0.97751
6 0.0760542 0.923946
4 0.974491 0.0255089
4 0.937417 0.0625833
4 1 1e-07
6 0.240869 0.759131
4 0.999838 0.00016232
4 0.999509 0.000490871
6 0.0419961 0.958004
6 0.160104 0.839896
4 0.998479 0.00152134
4 0.961207 0.0387926
6 0.00575385 0.994246
4 0.77593 0.22407
6 0.0569365 0.943064
4 1 1e-07
4 0.999867 0.000132971
4 0.980099 0.0199011
4 0.974504 0.0254956
6 0.0855288 0.914471
6 0.00145311 0.998547
4 1 1e-07
6 0.294885 0.705115
6 0.0287308 0.971269
6 0.0575272 0.942473
4 0.986432 0.0135675
4 0.998857 0.00114288
4 0.999989 1.09668e-05
4 1 1e-07
4 0.992417 0.00758279
4 0.996943 0.00305698
4 0.639102 0.360898
4 0.661175 0.338825
6 0.0244895 0.97551
6 0.337663 0.662337
4 0.703684 0.296316
6 0.0446239 0.955376
4 0.999374 0.000626134
4 1 1e-07
6 0.384646 0.615354
4 1 2.07413e-07
4 1 1e-07
6 0.0392614 0.960739
6 0.0271642 0.972836
4 0.963561 0.0364391
4 0.999994 5.83602e-06
6 0.0451049 0.954895
4 0.999815 0.000185407
4 0.999996 4.36504e-06
6 0.041417 0.958583
4 1 1e-07
4 0.809514 0.190486
4 0.897216 0.102784
4 0.999646 0.000354362
4 0.981716 0.0182836
4 0.649907 0.350093
4 1 1e-07
4 0.999802 0.000198021
6 0.0152206 0.984779
6 0.12547 0.87453
4 0.999999 1.38987e-06
4 1 1e-07
4 0.511624 0.488376
4 1 1e-07
4 1 1e-07
4 0.971714 0.0282856
6 0.00598015 0.99402
4 0.976504 0.0234964
6 0.011877 0.988123
4 0.999958 4.24488e-05
6 0.00925667 0.990743
4 0.514791 0.485209
6 0.14835 0.85165
4 0.998951 0.00104881
4 0.900744 0.0992563
6 0.00559505 0.994405
6 0.101456 0.898544
6 0.0298212 0.970179
4 0.771402 0.228598
4 0.994516 0.00548365
4 0.977234 0.0227655
4 0.996246 0.00375352
6 0.241951 0.758049
4 0.991979 0.00802123
4 0.776287 0.223713
6 0.0142487 0.985751
4 0.703256 0.296744
4 1 1.18222e-07
6 0.000771051 0.999229
6 0.0260448 0.973955
4 0.985681 0.0143195
4 0.931739 0.0682605
4 0.91282 0.0871795
6 0.00155936 0.998441
6 0.327678 0.672322
6 0.0432564 0.956744
4 0.999992 7.98508e-06
6 0.0227424 0.977258
4 0.824423 0.175577
6 0.017075 0.982925
6 0.0596124 0.940388
4 1 1e-07
6 0.0303703 0.96963
6 0.0553224 0.944678
6 0.0179234 0.982077
6 0.000594713 0.999405
4 1 1e-07
4 0.999999 9.40926e-07
6 0.0382865 0.961713
6 0.0546481 0.945352
4 0.999919 8.06916e-05
4 1 1e-07
4 0.908016 0.0919836
6 0.125364 0.874636
4 0.984827 0.0151734
4 1 1e-07
6 0.0317986 0.968201
6 0.0277275 0.972272
4 0.927049 0.0729511
6 0.0501976 0.949802
6 0.024643 0.975357
6 0.0168404 0.98316
6 0.0757197 0.92428
6 0.288746 0.711254
4 0.998501 0.00149944
6 0.422799 0.577201
4 0.959219 0.0407807
6 0.0687703 0.93123
6 0.338852 0.661148
6 0.306784 0.693216
6 0.0295688 0.970431
6 0.00488621 0.995114
6 0.0337577 0.966242
6 0.0225872 0.977413
6 0.340577 0.659423
6 0.0347275 0.965272
4 1 1e-07
6 0.00195695 0.998043
6 0.487379 0.512621
4 0.997765 0.00223538
4 0.845552 0.154448
6 0.00175506 0.998245
6 0.0245255 0.975474
4 0.935506 0.0644941
6 0.379732 0.620268
6 0.0726927 0.927307
4 1 1.88725e-07
4 0.999992 8.2673e-06
4 1 1e-07
6 5.72397e-05 0.999943
6 0.00101252 0.998987
6 0.0538427 0.946157
6 0.108063 0.891937
4 0.504983 0.495017
6 0.0495577 0.950442
6 0.0265411 0.973459
4 0.941969 0.0580313
6 0.27577 0.72423
4 0.999999 9.09094e-07
6 0.0974625 0.902537
4 0.695224 0.304776
4 1 1e-07
6 0.0140679 0.985932
4 0.815888 0.184112
4 0.972789 0.0272111
4 0.996341 0.00365873
6 0.0188169 0.981183
4 0.950863 0.0491373
4 0.999976 2.4167e-05
4 1 1e-07
4 0.519416 0.480584
4 0.501797 0.498203
4 0.999208 0.000792391
6 0.0448944 0.955106
6 0.000864302 0.999136
6 0.0389543 0.961046
6 0.0959537 0.904046
4 0.989651 0.0103494
4 0.95952 0.0404801
4 1 1e-07
4 1 1e-07
4 0.999716 0.000284279
6 0.000613339 0.999387
4 0.736601 0.263399
6 0.0357776 0.964222
4 0.999895 0.000104909
4 0.990252 0.00974776
6 0.0652317 0.934768
6 0.153765 0.846235
4 0.675135 0.324865
6 0.01547 0.98453
4 1 1e-07
6 0.00976133 0.990239
6 0.112925 0.887075
6 0.044502 0.955498
6 0.0126147 0.987385
6 0.0866474 0.913353
4 1 3.55523e-07
4 0.954404 0.0455961
6 0.0205173 0.979483
6 0.0251362 0.974864
4 1 1e-07
4 0.829336 0.170664
6 0.0735173 0.926483
6 0.143907 0.856093
6 0.0157738 0.984226
6 0.0797197 0.92028
4 1 1e-07
4 0.998457 0.00154304
6 0.0467227 0.953277
4 1 1e-07
4 1 1e-07
6 0.0647954 0.935205
6 0.0826204 0.91738
4 0.543083 0.456917
6 0.488199 0.511801
6 0.0219682 0.978032
4 0.728572 0.271428
4 1 1e-07
4 0.997573 0.00242736
6 0.0193354 0.980665
6 0.0182562 0.981744
4 0.980288 0.0197122
6 0.000994008 0.999006
6 0.00223297 0.997767
6 0.0479921 0.952008
6 0.0420056 0.957994
4 0.999914 8.59038e-05
6 0.225652 0.774348
6 0.413593 0.586407
4 0.773267 0.226733
6 0.118932 0.881068
6 0.109672 0.890328
6 0.0382549 0.961745
4 0.999684 0.000315522
6 0.0143983 0.985602
4 1 1e-07
4 1 1e-07
6 0.057257 0.942743
6 0.0792665 0.920734
6 0.228739 0.771261
4 0.62724 0.37276
6 0.489099 0.510901
4 0.795507 0.204493
6 0.0317218 0.968278
6 0.0425042 0.957496
6 0.476028 0.523972
4 0.970551 0.0294491
6 0.0225108 0.977489
6 0.0167428 0.983257
4 0.999914 8.57455e-05
6 0.0117139 0.988286
6 0.0238474 0.976153
4 0.990494 0.00950589
6 0.0219414 0.978059
4 0.924226 0.0757735
4 0.999999 7.12434e-07
6 0.150127 0.849873
6 0.0164406 0.983559
4 0.999667 0.000333489
4 0.999978 2.16561e-05
6 0.267636 0.732364
6 0.14055 0.85945
4 1 1e-07
4 0.974594 0.0254057
4 0.999999 7.72909e-07
4 0.878027 0.121973
6 0.00163431 0.998366
4 0.999999 6.29541e-07
4 0.560224 0.439776
4 0.999975 2.46426e-05
4 0.563614 0.436386
4 0.999998 2.14133e-06
4 1 1e-07
6 0.235009 0.764991
6 0.0247431 0.975257
6 0.0177811 0.982219
6 0.440673 0.559327
6 0.051945 0.948055
6 0.109463 0.890537
4 0.999714 0.000286482
4 0.665338 0.334662
6 0.0205233 0.979477
4 0.999962 3.75374e-05
4 0.999954 4.64566e-05
4 1 1e-07
4 0.999897 0.000103194
6 0.0205217 0.979478
4 0.983587 0.0164134
6 0.0754243 0.924576
4 0.610079 0.389921
4 0.959091 0.0409085
4 0.999998 1.6589e-06
6 0.00324571 0.996754
4 0.894304 0.105696
4 0.958181 0.0418194
6 0.0211712 0.978829
6 0.087446 0.912554
4 1 1e-07
4 0.956328 0.0436715
6 0.125749 0.874251
6 0.00127174 0.998728
6 0.0825359 0.917464
4 0.997932 0.00206845
6 0.0567241 0.943276
6 0.0125319 0.987468
6 0.0354977 0.964502
4 0.999997 2.77475e-06
4 0.996221 0.00377886
6 0.195546 0.804454
4 1 1.46585e-07
4 1 1e-07
6 0.0216847 0.978315
6 0.0347166 0.965283
6 0.0276039 0.972396
6 0.0339975 0.966003
6 0.0629895 0.93701
4 1 1e-07
6 0.0674271 0.932573
6 0.00491159 0.995088
6 0.0452373 0.954763
6 0.0156455 0.984355
6 0.0183127 0.981687
6 0.279081 0.720919
6 0.0782735 0.921727
6 0.000110476 0.99989
4 0.997303 0.0026975
6 0.355589 0.644411
4 1 1.55939e-07
6 0.0654919 0.934508
4 1 1e-07
6 0.47745 0.52255
4 1 1.85146e-07
4 0.998908 0.00109202
6 0.0396803 0.96032
4 0.999994 6.40073e-06
6 0.0264585 0.973541
6 0.0165064 0.983494
4 0.715006 0.284994
4 0.954995 0.0450051
6 0.374219 0.625781
4 0.960806 0.039194
6 0.000351503 0.999648
6 0.0120194 0.987981
4 0.999932 6.82802e-05
6 0.273692 0.726308
4 1 3.68671e-07
6 0.0832252 0.916775
6 0.052305 0.947695
4 0.999961 3.94739e-05
6 0.00864567 0.991354
6 3.44132e-05 0.999966
6 0.0629068 0.937093
4 0.79772 0.20228
4 0.999998 1.66432e-06
4 1 1e-07
4 0.999993 6.82977e-06
6 0.0114505 0.988549
4 0.590718 0.409282
6 0.16351 0.83649
6 0.00292183 0.997078
6 0.138556 0.861444
4 0.998369 0.00163115
6 0.121794 0.878206
4 1 1e-07
4 0.995023 0.00497743
6 0.17776 0.82224
6 0.064094 0.935906
4 0.999986 1.39506e-05
4 0.507051 0.492949
6 0.00120843 0.998792
4 0.998161 0.00183873
6 0.0166995 0.983301
6 0.46919 0.53081
4 0.999981 1.86812e-05
6 0.473669 0.526331
6 0.0715447 0.928455
4 0.999993 6.64363e-06
6 0.0310632 0.968937
6 0.340299 0.659701
6 0.0317795 0.96822
4 1 1e-07
6 0.310251 0.689749
6 0.0126314 0.987369
6 0.40064 0.59936
4 0.865686 0.134314
6 0.122226 0.877774
4 0.505646 0.494354
6 0.257857 0.742143
4 0.930468 0.0695316
6 0.10291 0.89709
4 1 1e-07
6 0.08762 0.91238
4 0.999987 1.34299e-05
4 0.980863 0.0191373
4 0.564761 0.435239
4 0.996372 0.00362767
6 0.0357957 0.964204
4 0.961629 0.038371
4 0.999743 0.000257016
6 0.0289639 0.971036
4 0.952255 0.0477446
6 0.000464949 0.999535
6 0.479266 0.520734
4 0.99998 2.00467e-05
4 0.997371 0.00262882
4 0.590602 0.409398
6 0.00173632 0.998264
6 0.122308 0.877692
6 0.0229667 0.977033
6 0.00076712 0.999233
6 0.000554414 0.999446
6 0.0375649 0.962435
4 0.955445 0.0445545
6 0.10556 0.89444
4 0.952816 0.0471845
6 0.319631 0.680369
4 0.999998 1.53969e-06
6 0.0302303 0.96977
6 0.0230397 0.97696
4 1 1e-07
6 0.0329406 0.967059
4 0.862132 0.137868
4 0.694709 0.305291
6 0.0875958 0.912404
4 0.799107 0.200893
6 0.000699874 0.9993
6 0.0896916 0.910308
4 1 1e-07
4 0.653091 0.346909
4 0.970911 0.0290892
6 0.13421 0.86579
4 0.954232 0.0457684
4 1 1e-07
4 0.911322 0.0886783
6 0.0417618 0.958238
4 0.99999 1.04897e-05
4 0.744831 0.255169
6 0.24744 0.75256
6 0.077323 0.922677
6 0.0377271 0.962273
4 0.999996 4.20457e-06
6 0.0022821 0.997718
6 0.1028 0.8972
4 0.97777 0.0222298
6 0.114138 0.885862
4 0.682115 0.317885
4 0.999991 9.22094e-06
4 0.946248 0.0537516
4 0.999998 1.92831e-06
6 0.120074 0.879926
4 1 1e-07
4 0.997492 0.00250757
6 0.0458963 0.954104
6 0.000224662 0.999775
4 0.999997 2.64316e-06
6 0.0343171 0.965683
4 1 1e-07
4 1 1e-07
6 0.0611358 0.938864
4 0.999975 2.46026e-05
6 0.0942768 0.905723
6 0.113702 0.886298
6 0.0580602 0.94194
6 0.00164453 0.998355
4 0.999994 5.69442e-06
4 0.968245 0.0317551
4 0.999998 1.68979e-06
6 0.0985851 0.901415
6 0.0756139 0.924386
6 0.153981 0.846019
4 0.697597 0.302403
6 0.0348866 0.965113
6 0.0748408 0.925159
4 1 1e-07
4 0.99996 3.96418e-05
6 0.180706 0.819294
4 1 1e-07
4 0.982561 0.0174386
4 0.999994 5.72902e-06
6 0.224874 0.775126
6 0.0524387 0.947561
4 1 1e-07
6 0.0336413 0.966359
6 0.0559839 0.944016
6 0.00313271 0.996867
6 0.00651144 0.993489
4 0.984572 0.0154282
4 1 1e-07
4 0.696594 0.303406
4 1 1e-07
4 0.999968 3.1588e-05
4 0.929029 0.0709714
4 0.999955 4.4718e-05
6 0.269483 0.730517
6 0.0205995 0.9794
6 0.0028435 0.997156
6 0.057025 0.942975
4 0.999022 0.000977955
6 0.098664 0.901336
4 0.999897 0.000103058
4 0.824673 0.175327
4 0.999768 0.000232369
6 0.237413 0.762587
4 1 1e-07
4 0.943267 0.0567333
4 0.948524 0.0514758
6 0.0197406 0.980259
6 0.299997 0.700003
6 0.215539 0.784461
4 1 1e-07
4 0.894858 0.105142
4 0.988624 0.0113763
6 0.0612053 0.938795
6 0.0293 0.9707
6 0.0625378 0.937462
4 0.999908 9.18837e-05
6 0.0380469 0.961953
4 0.889644 0.110356
4 0.950003 0.0499969
4 1 4.1686e-07
6 0.222084 0.777916
6 0.112784 0.887216
6 0.0834815 0.916519
6 0.258181 0.741819
4 0.981983 0.0180171
6 0.302275 0.697725
4 0.942406 0.0575936
4 1 1e-07
4 0.994922 0.00507805
4 0.595086 0.404914
4 0.970754 0.029246
4 0.999943 5.66325e-05
6 0.387961 0.612039
6 0.173321 0.826679
4 0.746516 0.253484
6 0.0140399 0.98596
4 1 1.34644e-07
6 0.0201885 0.979812
4 0.991306 0.00869435
4 0.837312 0.162688
4 0.877154 0.122846
4 0.999985 1.5073e-05
4 0.999963 3.71067e-05
6 0.113191 0.886809
6 0.00111448 0.998886
6 0.141811 0.858189
6 0.0268422 0.973158
6 0.12414 0.87586
4 1 1e-07
6 0.114299 0.885701
4 0.988064 0.0119355
6 0.141785 0.858215
6 0.467919 0.532081
4 0.764363 0.235637
4 0.97048 0.0295198
4 0.63276 0.36724
4 0.983679 0.0163214
4 0.993857 0.00614252
6 0.0658273 0.934173
6 0.0346511 0.965349
6 0.0421391 0.957861
6 0.0572968 0.942703
4 1 1e-07
6 0.000553095 0.999447
4 1 1e-07
4 1 2.61037e-07
4 0.972245 0.0277546
4 1 3.04261e-07
4 0.999989 1.11162e-05
4 0.98536 0.0146402
4 0.992694 0.00730649
6 0.371243 0.628757
6 0.018193 0.981807
6 0.0465566 0.953443
6 0.240104 0.759896
6 0.0352299 0.96477
4 0.999835 0.000164508
4 1 1e-07
6 0.000670117 0.99933
6 0.123729 0.876271
6 0.000994062 0.999006
6 0.154327 0.845673
6 0.0367152 0.963285
6 0.207417 0.792583
6 0.0367953 0.963205
4 1 1e-07
6 0.0344338 0.965566
6 0.247282 0.752718
4 0.51079 0.48921
4 0.807573 0.192427
6 0.453102 0.546898
6 0.0194354 0.980565
6 0.00366172 0.996338
4 0.997824 0.00217577
6 0.0247873 0.975213
6 0.324452 0.675548
4 0.999916 8.43837e-05
6 0.0212834 0.978717
4 0.999982 1.83318e-05
4 0.867907 0.132093
6 0.000234028 0.999766
6 0.453766 0.546234
4 0.577095 0.422905
6 0.00022798 0.999772
6 0.0974474 0.902553
4 0.874663 0.125337
4 1 1e-07
6 0.139983 0.860017
6 0.025233 0.974767
6 0.0311862 0.968814
6 0.0226966 0.977303
6 0.0432259 0.956774
6 0.18404 0.81596
4 0.998588 0.00141229
6 0.0179695 0.982031
6 0.0968502 0.90315
4 0.739837 0.260163
4 0.952863 0.0471375
6 0.0365828 0.963417
4 0.999808 0.000191954
4 0.773025 0.226975
4 0.843497 0.156503
6 0.0517343 0.948266
4 1 1e-07
6 0.130404 0.869596
6 0.0273657 0.972634
6 0.379169 0.620831
4 1 1e-07
6 0.037056 0.962944
6 0.0464524 0.953548
4 0.821763 0.178237
6 0.08673 0.91327
6 0.0356671 0.964333
4 0.999587 0.000412577
4 0.513244 0.486756
6 0.0221747 0.977825
4 0.999618 0.000382063
6 0.333614 0.666386
6 0.139291 0.860709
4 0.999998 1.61541e-06
6 0.0339002 0.9661
6 0.0303892 0.969611
4 0.970075 0.0299247
6 0.0386248 0.961375
6 0.422288 0.577712
6 0.036216 0.963784
6 0.0212731 0.978727
6 0.0208836 0.979116
4 0.987967 0.0120328
6 0.17456 0.82544
6 0.192055 0.807945
4 0.933509 0.0664905
6 0.149995 0.850005
4 0.95806 0.0419396
6 0.0526783 0.947322
6 0.0372162 0.962784
6 0.13494 0.86506
6 0.0224709 0.977529
6 0.0778666 0.922133
6 0.0166286 0.983371
4 0.999877 0.00012276
6 0.00193752 0.998062
6 0.0187681 0.981232
4 1 1e-07
6 0.0306396 0.96936
6 0.0387572 0.961243
4 0.966943 0.0330573
4 1 1.71909e-07
6 0.268191 0.731809
4 0.551115 0.448885
6 0.065218 0.934782
6 0.0931327 0.906867
4 0.842797 0.157203
6 0.0518923 0.948108
6 0.0259683 0.974032
6 0.0109819 0.989018
4 1 1e-07
4 1 1e-07
4 1 2.56941e-07
4 0.999628 0.000371968
4 0.999991 8.78528e-06
6 0.0264437 0.973556
4 0.999762 0.000238303
4 1 2.63231e-07
6 0.495227 0.504773
6 0.000465083 0.999535
4 0.999781 0.000218984
6 0.000615806 0.999384
6 0.0216519 0.978348
6 0.164788 0.835212
6 0.19309 0.80691
4 0.998723 0.00127666
4 0.880433 0.119567
4 0.653125 0.346875
6 0.422372 0.577628
6 0.00117867 0.998821
4 0.999932 6.81791e-05
4 0.999884 0.000116474
4 0.593023 0.406977
6 0.0220754 0.977925
6 0.0236116 0.976388
6 0.000675242 0.999325
6 0.220344 0.779656
4 0.95947 0.0405296
6 0.0269552 0.973045
6 0.0632146 0.936785
4 0.998693 0.00130686
4 1 1e-07
6 0.085187 0.914813
4 0.993266 0.00673417
6 0.0225533 0.977447
4 0.715627 0.284373
6 0.379195 0.620805
6 0.370569 0.629431
6 0.010958 0.989042
4 1 1e-07
4 0.96015 0.03985
6 0.212669 0.787331
4 0.999998 1.70804e-06
6 0.0352664 0.964734
4 1 1e-07
6 0.495131 0.504869
6 0.214489 0.785511
6 0.120452 0.879548
6 0.0359145 0.964085
6 0.196985 0.803015
6 0.322237 0.677763
4 0.848649 0.151351
6 0.0523243 0.947676
6 0.0260577 0.973942
6 0.0364334 0.963567
4 1 4.22275e-07
4 0.998532 0.00146794
4 1 1e-07
6 0.148252 0.851748
6 0.121964 0.878036
4 0.54722 0.45278
4 0.746784 0.253216
4 0.99312 0.00687999
4 0.999999 6.84625e-07
4 0.521038 0.478962
6 0.0836727 0.916327
6 0.343735 0.656265
6 0.136658 0.863342
4 0.999993 7.22722e-06
6 0.0223803 0.97762
4 1 1e-07
6 0.0192166 0.980783
4 1 1e-07
6 0.272019 0.727981
6 0.0199448 0.980055
6 0.0234779 0.976522
4 0.999942 5.77153e-05
6 0.0427897 0.95721
4 0.764517 0.235483
6 0.0188445 0.981155
6 0.0430652 0.956935
6 0.0139864 0.986014
4 0.999935 6.50646e-05
4 1 1e-07
6 0.0357878 0.964212
6 0.0651617 0.934838
4 0.999999 1.46464e-06
6 0.0288488 0.971151
4 0.989778 0.0102215
4 1 1e-07
6 0.307076 0.692924
4 0.999998 2.29721e-06
4 0.921375 0.0786253
6 0.0132245 0.986775
6 0.0267074 0.973293
4 0.982383 0.017617
4 1 1e-07
4 0.970293 0.0297066
6 0.00089799 0.999102
6 0.0186426 0.981357
6 0.00107856 0.998921
6 0.120133 0.879867
4 1 1e-07
4 0.997954 0.00204631
6 0.00647445 0.993526
6 0.01792 0.98208
6 0.387485 0.612515
6 0.37864 0.62136
4 1 1e-07
4 0.999999 7.37888e-07
6 0.023906 0.976094
6 0.00107839 0.998922
4 1 1e-07
4 1 1e-07
6 0.108868 0.891132
6 0.134809 0.865191
4 0.812154 0.187846
4 0.999968 3.24354e-05
6 0.113493 0.886507
6 0.0157821 0.984218
6 0.415937 0.584063
6 0.00321551 0.996784
6 0.14862 0.85138
6 0.0584523 0.941548
6 0.0332459 0.966754
6 0.338904 0.661096
4 0.91813 0.0818697
6 0.07452 0.92548
4 1 1.69785e-07
4 0.999957 4.29985e-05
4 1 1e-07
4 1 1e-07
4 0.667592 0.332408
4 0.666791 0.333209
4 0.632257 0.367743
4 0.999998 2.3466e-06
6 0.00126053 0.998739
4 0.999999 5.21871e-07
6 0.0314165 0.968583
6 0.0414162 0.958584
6 0.424784 0.575216
6 0.014931 0.985069
4 1 1e-07
6 0.020785 0.979215
4 0.965844 0.0341563
4 0.986962 0.0130382
4 0.998182 0.00181773
