labels 10 6
10 0.999991 9.17712e-06
10 0.99989 0.000110485
10 0.999954 4.62641e-05
10 1 1e-07
10 1 1e-07
10 0.999933 6.71197e-05
10 0.999962 3.80161e-05
10 1 1e-07
10 1 1e-07
10 1 1e-07
10 1 1e-07
10 1 1e-07
10 1 1e-07
10 0.999988 1.18675e-05
10 0.990387 0.0096133
10 1 1e-07
10 1 1e-07
10 1 1e-07
10 1 1e-07
10 1 1e-07
6 0.00333251 0.996667
10 1 1e-07
10 0.999888 0.000111727
6 0.000485681 0.999514
6 0.0250658 0.974934
10 1 1.48894e-07
10 0.999982 1.7938e-05
10 1 3.86884e-07
10 1 2.15306e-07
10 1 1e-07
10 1 1e-07
10 1 1e-07
10 1 1.00652e-07
10 1 1e-07
10 1 1e-07
10 1 1e-07
10 0.999999 1.27928e-06
10 0.999859 0.000141395
10 1 1e-07
10 1 1e-07
10 0.999612 0.00038783
10 1 1e-07
10 0.999436 0.000564154
6 0.00092666 0.999073
10 1 1.45216e-07
10 1 1.1146e-07
10 0.999899 0.000100797
10 1 1e-07
10 1 1e-07
10 0.999988 1.17038e-05
10 1 1e-07
10 1 1e-07
10 1 1e-07
10 1 1e-07
10 0.999988 1.23971e-05
10 0.999995 4.99548e-06
10 0.999858 0.000142216
6 0.00108656 0.998913
10 0.999788 0.000212062
10 1 1e-07
10 0.999999 5.82049e-07
10 0.999999 6.01972e-07
6 0.00594135 0.994059
10 1 1e-07
10 1 1e-07
10 1 1e-07
10 0.99995 4.95712e-05
10 1 2.12971e-07
10 1 1e-07
10 1 1e-07
10 0.999909 9.10845e-05
10 1 1e-07
10 0.999996 3.65837e-06
10 1 1e-07
10 1 1e-07
10 1 1e-07
10 1 1e-07
10 0.999992 7.88195e-06
10 1 1e-07
10 1 1e-07
10 0.999994 6.33453e-06
10 0.999999 6.13662e-07
10 1 1e-07
10 0.997818 0.00218242
10 0.987039 0.0129611
10 0.999997 2.97802e-06
10 0.999624 0.000375711
10 0.999999 5.58043e-07
10 0.999994 5.71735e-06
10 0.999998 1.99751e-06
10 1 1e-07
10 0.9999 0.000100353
10 1 1e-07
10 0.998706 0.00129388
10 0.997397 0.00260307
10 1 1e-07
10 1 1e-07
10 0.999999 1.2205e-06
10 0.999984 1.63016e-05
10 0.943449 0.0565512
6 0.00233216 0.997668
10 0.999999 5.60332e-07
10 1 4.6036e-07
10 1 1e-07
10 0.999925 7.49874e-05
10 1 1e-07
10 1 1e-07
10 0.999996 4.17855e-06
10 1 1e-07
10 0.997009 0.00299056
10 0.997901 0.00209873
10 1 1e-07
10 0.999992 8.22259e-06
10 0.999987 1.25133e-05
10 0.999993 6.83034e-06
10 0.99999 1.02647e-05
10 1 1e-07
10 1 2.32843e-07
10 0.999999 6.0239e-07
10 0.999702 0.000298017
6 0.276402 0.723598
6 0.000144353 0.999856
10 0.999967 3.33635e-05
10 0.999812 0.00018795
10 0.999985 1.548e-05
10 1 4.9922e-07
10 0.994221 0.00577942
10 0.999963 3.6643e-05
10 0.999998 1.74003e-06
10 0.999956 4.44967e-05
10 0.993001 0.00699934
10 0.999997 3.00869e-06
10 0.998947 0.00105297
10 1 4.10611e-07
10 0.999983 1.71249e-05
10 1 1e-07
10 0.999997 3.09303e-06
10 0.999953 4.74638e-05
10 1 1e-07
10 1 1e-07
10 1 4.50157e-07
10 1 1e-07
10 1 1.07706e-07
10 0.999998 1.78875e-06
10 0.999838 0.000161698
10 0.999758 0.000242339
10 1 1e-07
10 1 1e-07
10 1 1e-07
10 0.999992 7.98181e-06
10 0.999991 8.53583e-06
10 1 1e-07
10 1 1e-07
6 0.0902562 0.909744
10 0.999983 1.73343e-05
10 0.999996 4.35938e-06
10 0.999773 0.000227225
10 0.999998 2.43691e-06
10 0.999996 3.94467e-06
10 1 1e-07
10 0.999995 4.86381e-06
10 0.999997 3.20634e-06
10 1 1e-07
10 0.999997 3.26203e-06
10 1 1e-07
10 0.999999 1.2431e-06
10 1 1e-07
10 1 1e-07
10 0.999995 5.28581e-06
10 1 1e-07
10 1 1e-07
10 0.99999 1.03637e-05
6 0.000632921 0.999367
6 0.000668154 0.999332
10 1 1e-07
10 0.968363 0.0316375
10 1 1e-07
10 1 1e-07
10 0.999952 4.8248e-05
10 1 3.61367e-07
10 1 1e-07
10 0.999501 0.000499185
6 0.000886938 0.999113
10 0.999987 1.27327e-05
10 1 1e-07
10 0.999994 5.8991e-06
6 0.0877839 0.912216
10 0.999983 1.70277e-05
6 0.00617752 0.993822
10 0.999116 0.000883815
10 0.999974 2.60058e-05
10 0.999985 1.5112e-05
10 1 1e-07
10 0.999991 8.95512e-06
10 0.999992 7.8591e-06
10 0.998321 0.0016792
10 0.999903 9.74105e-05
10 1 1e-07
10 1 1.54805e-07
6 0.00422514 0.995775
10 0.999992 8.3391e-06
10 0.999998 1.86035e-06
10 0.998621 0.00137936
6 0.00180743 0.998193
10 0.999909 9.07649e-05
10 1 1e-07
10 0.999996 3.72366e-06
10 1 1e-07
10 1 4.2087e-07
10 1 1e-07
10 0.997222 0.00277806
10 0.999999 7.97177e-07
6 0.00106417 0.998936
10 1 1e-07
10 1 2.10383e-07
10 0.999965 3.51322e-05
10 1 1e-07
10 0.999997 3.32911e-06
10 0.999412 0.000588215
10 0.999968 3.1628e-05
10 1 1.90268e-07
10 1 1e-07
10 0.99999 9.91598e-06
10 1 2.98198e-07
10 1 1.13246e-07
10 0.999998 1.97232e-06
10 1 2.99089e-07
10 0.999997 3.30969e-06
10 1 1e-07
10 0.999742 0.000258359
6 0.152964 0.847036
10 1 1e-07
10 0.999911 8.88601e-05
6 0.0490403 0.95096
10 0.999993 6.59942e-06
10 1 1e-07
6 0.0539191 0.946081
6 1.3502e-05 0.999986
10 0.994823 0.00517672
6 0.00044789 0.999552
10 1 1e-07
10 1 1.96546e-07
10 1 1e-07
10 1 1e-07
10 1 1e-07
6 0.00184399 0.998156
6 0.249635 0.750365
10 0.99999 1.00784e-05
10 1 2.3272e-07
10 0.997876 0.00212408
10 0.999739 0.000261094
10 1 1e-07
10 0.999842 0.000158261
10 0.99993 7.02936e-05
10 1 1e-07
10 0.999992 8.25496e-06
10 0.999831 0.000168837
6 0.000151759 0.999848
10 1 1e-07
10 1 1e-07
10 1 1e-07
10 1 4.85314e-07
10 0.999781 0.000219226
6 0.00265381 0.997346
10 1 1e-07
10 1 2.14575e-07
10 1 1e-07
10 0.999992 7.79142e-06
10 0.994725 0.00527458
10 1 1.16532e-07
10 0.999999 9.16527e-07
10 0.999999 1.27131e-06
10 1 1e-07
6 0.00488982 0.99511
10 0.999997 2.61288e-06
10 0.999996 3.82961e-06
10 1 1e-07
10 1 1e-07
10 0.999875 0.000124877
10 1 1e-07
10 1 1e-07
10 0.999972 2.78965e-05
10 1 2.79597e-07
10 0.999989 1.11351e-05
10 1 1e-07
10 0.999998 1.84419e-06
10 1 2.85509e-07
10 0.999792 0.000208294
10 1 1e-07
10 0.999733 0.000267297
10 1 1e-07
10 1 2.43264e-07
10 0.999996 4.46002e-06
10 0.999999 1.34716e-06
10 1 3.63916e-07
10 1 1e-07
10 1 1e-07
10 1 1e-07
10 0.996258 0.00374242
10 0.999998 2.39298e-06
10 1 1e-07
10 1 1e-07
6 0.0114189 0.988581
10 1 1.77415e-07
10 0.999326 0.00067382
10 1 4.74516e-07
10 0.999934 6.56e-05
6 0.000873828 0.999126
10 1 1e-07
10 1 1e-07
6 0.00023247 0.999768
6 0.00124836 0.998752
10 1 1e-07
10 0.999997 3.09274e-06
10 1 1e-07
10 1 1e-07
10 0.999977 2.33851e-05
10 1 1e-07
10 1 1e-07
10 0.999692 0.000307545
10 1 1e-07
10 1 1.45328e-07
10 1 1e-07
10 1 1e-07
10 0.998328 0.00167165
10 0.999909 9.09831e-05
10 0.999912 8.76709e-05
10 0.999999 1.43478e-06
10 0.999998 1.97602e-06
6 0.000168815 0.999831
10 1 1e-07
10 1 1e-07
10 0.999846 0.000153819
10 0.999968 3.17924e-05
10 1 1e-07
6 0.00356154 0.996438
10 0.99998 1.9649e-05
10 1 1e-07
10 1 1e-07
10 1 1e-07
10 1 1e-07
10 1 4.53942e-07
10 0.999925 7.49096e-05
10 1 2.70413e-07
10 0.999624 0.000376089
10 1 1e-07
10 1 1e-07
10 1 1e-07
10 1 1e-07
10 0.999984 1.57675e-05
10 0.999955 4.53451e-05
10 1 1.1728e-07
10 1 1e-07
10 0.989371 0.0106288
10 0.999893 0.000106708
10 0.999998 1.53303e-06
10 0.99978 0.000220206
10 1 1e-07
10 1 1e-07
10 0.999997 3.25983e-06
10 0.999896 0.000103539
10 0.999998 1.89953e-06
10 0.998671 0.00132912
10 0.99999 9.97026e-06
10 1 1.31948e-07
10 1 1e-07
10 0.999993 7.38967e-06
10 0.999693 0.000306922
6 0.00425282 0.995747
10 1 1e-07
10 0.999999 6.32692e-07
10 0.999987 1.32542e-05
10 1 1e-07
10 0.997438 0.00256182
10 0.999992 7.52e-06
10 1 1e-07
10 1 1.41336e-07
10 1 1e-07
10 0.999998 1.53108e-06
10 1 1e-07
10 0.999777 0.000222779
10 1 1e-07
10 1 1e-07
10 1 3.09069e-07
10 0.999787 0.000212638
6 0.00210736 0.997893
6 0.00264495 0.997355
10 1 1e-07
10 1 1e-07
10 1 1e-07
10 1 2.97381e-07
10 0.999903 9.6735e-05
10 1 1e-07
10 1 1e-07
10 1 1e-07
10 1 1e-07
6 0.00255896 0.997441
6 0.00450648 0.995494
6 0.000910975 0.999089
10 1 1e-07
6 0.017799 0.982201
10 0.999899 0.000100743
10 1 1e-07
10 1 1e-07
10 0.994752 0.00524804
10 1 1e-07
10 1 1e-07
10 1 1e-07
10 1 1e-07
10 1 1.06726e-07
10 1 1e-07
10 0.999922 7.7574e-05
10 0.999954 4.63754e-05
10 1 1e-07
10 1 4.31279e-07
10 1 1e-07
10 1 1e-07
10 0.999423 0.000576793
10 0.999975 2.54039e-05
10 1 1e-07
10 0.99996 4.02165e-05
10 1 1e-07
10 0.996083 0.00391717
10 1 1e-07
10 0.999996 4.14636e-06
10 1 1e-07
10 1 4.63681e-07
6 0.00535088 0.994649
10 0.999719 0.000281338
10 0.99999 1.0199e-05
10 0.999899 0.000100842
10 0.999977 2.25485e-05
10 1 1e-07
10 1 1e-07
10 0.999936 6.43576e-05
10 1 1e-07
10 0.999952 4.81641e-05
10 1 1e-07
10 1 1.11476e-07
10 0.999873 0.000127002
10 0.999792 0.000207674
10 0.999897 0.000103181
10 1 1e-07
6 0.0162836 0.983716
10 0.999555 0.000445037
10 0.999941 5.88513e-05
10 0.988746 0.0112538
10 1 1e-07
10 1 1e-07
6 0.0144375 0.985563
10 0.962902 0.0370981
10 0.999978 2.1568e-05
10 1 1e-07
10 0.997347 0.00265255
10 1 1.67619e-07
10 0.999923 7.73817e-05
10 0.999953 4.74666e-05
6 0.00102165 0.998978
10 1 2.10159e-07
10 1 1e-07
10 0.999981 1.94219e-05
10 1 1e-07
10 1 1e-07
6 0.159488 0.840512
10 1 1e-07
6 0.00106957 0.99893
10 1 1e-07
10 1 1.17903e-07
6 0.00653252 0.993467
10 1 1e-07
10 0.999973 2.74745e-05
10 0.995833 0.00416654
10 1 1e-07
10 0.999997 3.36351e-06
6 0.000107528 0.999892
10 1 1e-07
10 0.999807 0.000193166
10 0.999856 0.000144304
10 0.999999 7.97225e-07
10 0.999991 9.26661e-06
6 0.000148981 0.999851
10 1 1e-07
10 1 1e-07
10 0.999995 5.4039e-06
10 1 1e-07
10 1 2.40032e-07
10 1 1e-07
10 1 1e-07
10 1 1e-07
10 1 1e-07
10 1 1e-07
10 1 1.31503e-07
10 1 1e-07
6 0.00225005 0.99775
10 1 1e-07
10 1 1e-07
10 1 1e-07
10 1 1e-07
10 1 1e-07
6 0.00340898 0.996591
10 0.999999 8.34403e-07
10 1 1e-07
10 1 1e-07
10 0.999776 0.000224163
10 1 1e-07
6 0.0110506 0.988949
10 1 1e-07
10 0.999994 6.03983e-06
10 1 1e-07
10 1 3.00319e-07
10 1 1e-07
10 1 1e-07
10 1 1e-07
6 0.000435186 0.999565
10 0.999969 3.1249e-05
10 1 3.08306e-07
10 0.999995 5.35944e-06
10 0.999995 4.87622e-06
10 1 1e-07
10 1 1e-07
10 1 2.07938e-07
10 0.999996 3.66208e-06
10 1 1e-07
10 0.999998 2.05996e-06
10 1 1e-07
6 0.000302108 0.999698
10 0.999999 8.46432e-07
10 1 1e-07
10 1 1e-07
10 0.995923 0.00407653
10 0.99997 2.97832e-05
10 0.999054 0.000946489
10 0.999996 4.18241e-06
10 1 1e-07
10 1 1e-07
10 0.999952 4.84071e-05
10 0.999999 5.50816e-07
10 1 1e-07
10 0.999963 3.68699e-05
10 1 1e-07
10 1 2.29403e-07
10 1 3.79588e-07
10 0.997074 0.00292616
10 0.999999 1.04183e-06
10 1 2.26836e-07
6 0.0027534 0.997247
10 0.999915 8.4784e-05
10 1 1e-07
10 0.999998 2.2265e-06
10 0.999999 7.70283e-07
6 0.00249409 0.997506
10 1 1e-07
10 0.999823 0.000177407
10 0.998108 0.00189213
6 0.000206702 0.999793
10 1 1e-07
10 0.999281 0.000719286
10 0.999999 9.62517e-07
10 0.999994 5.72999e-06
10 0.999861 0.00013939
10 0.999349 0.000650701
6 0.0519639 0.948036
10 0.999995 4.87248e-06
10 0.999964 3.63532e-05
10 1 1e-07
10 0.999951 4.8858e-05
10 0.999999 8.48359e-07
10 0.999398 0.000602351
10 1 1e-07
10 1 1e-07
10 0.999998 1.68881e-06
10 0.999998 1.6343e-06
10 1 1e-07
10 0.999993 6.67949e-06
10 0.999899 0.000100791
10 0.999999 1.21971e-06
10 1 1e-07
10 0.999818 0.000181913
10 1 1.23815e-07
10 1 1e-07
10 0.999999 9.59463e-07
10 1 1e-07
10 1 1e-07
10 1 1e-07
10 1 2.38572e-07
10 0.999974 2.61774e-05
10 0.999989 1.11393e-05
10 0.999771 0.000228646
10 0.999984 1.61903e-05
10 1 1e-07
10 1 1e-07
10 1 1e-07
10 0.998871 0.001129
10 1 1e-07
10 1 1e-07
10 0.999972 2.83763e-05
10 1 1e-07
10 1 1e-07
10 0.999998 1.60291e-06
10 0.999999 1.41301e-06
10 0.996809 0.00319071
10 1 1e-07
10 0.995418 0.00458183
10 0.98193 0.01807
10 1 1e-07
10 1 1e-07
10 1 1e-07
10 1 1e-07
10 0.999999 9.24991e-07
6 0.406891 0.593109
6 0.00131678 0.998683
6 0.0281797 0.97182
10 0.999617 0.000383305
10 1 1e-07
10 0.999979 2.13886e-05
10 1 1e-07
10 1 1e-07
10 1 1e-07
10 1 1e-07
10 1 1e-07
10 1 1e-07
10 1 1e-07
10 1 1e-07
10 1 1e-07
10 0.999879 0.000120891
6 0.00197517 0.998025
10 1 1e-07
6 0.214683 0.785317
10 0.999999 8.42693e-07
10 0.999999 8.27143e-07
10 1 1e-07
10 0.999999 8.32436e-07
10 1 1e-07
10 0.999997 2.57298e-06
10 0.999999 6.82026e-07
10 0.999997 2.92408e-06
10 0.999994 5.54795e-06
10 0.999986 1.42446e-05
10 0.999997 2.65154e-06
6 0.000763544 0.999236
10 1 1.95288e-07
10 0.999914 8.60928e-05
10 0.999999 7.31027e-07
10 1 1e-07
10 1 1e-07
10 1 1e-07
10 1 1e-07
10 0.999923 7.70943e-05
10 1 1e-07
10 0.999995 4.77684e-06
10 1 1e-07
6 0.00492469 0.995075
10 1 1e-07
10 0.999068 0.000932071
10 0.999947 5.29388e-05
10 1 1e-07
10 1 1e-07
10 0.999999 5.58655e-07
10 0.99999 1.0343e-05
10 1 1e-07
10 0.999985 1.50884e-05
10 1 1e-07
6 0.000423015 0.999577
10 0.999661 0.000339261
10 1 1e-07
10 1 1e-07
6 0.0765548 0.923445
10 0.999995 4.5473e-06
6 0.00982128 0.990179
10 0.999994 6.07224e-06
10 1 1e-07
10 0.999979 2.14199e-05
10 1 1e-07
10 0.999999 8.93517e-07
6 0.000220545 0.999779
10 1 1e-07
10 0.999999 1.18427e-06
10 0.999932 6.82082e-05
10 0.555015 0.444985
10 1 1.79135e-07
10 0.999968 3.19035e-05
10 1 1e-07
10 0.999997 2.88262e-06
10 0.99987 0.000129775
10 0.996308 0.00369223
10 0.999989 1.06813e-05
10 1 1e-07
10 1 1e-07
10 0.999988 1.23553e-05
10 1 1e-07
10 1 1e-07
10 1 1e-07
10 1 1e-07
10 0.999996 4.42776e-06
10 0.999999 8.99197e-07
10 0.999997 2.534e-06
10 0.999814 0.000185555
10 1 1e-07
10 0.999992 8.12309e-06
10 1 1e-07
10 1 1e-07
10 1 1e-07
10 1 1e-07
10 1 1e-07
10 0.999291 0.000709375
10 0.999997 3.13515e-06
10 1 1e-07
10 1 1e-07
10 1 2.52203e-07
10 1 1e-07
10 0.993946 0.00605377
10 0.998338 0.00166207
10 1 1e-07
10 0.999836 0.000163691
10 0.999774 0.000226293
10 1 1e-07
10 1 2.33365e-07
10 1 1e-07
10 0.999671 0.000329319
10 1 1e-07
10 1 1e-07
10 0.99999 1.00705e-05
10 1 1e-07
10 0.999843 0.000156559
10 1 1e-07
10 0.999998 2.02272e-06
10 0.999999 1.02652e-06
10 0.999873 0.000127062
6 0.00413029 0.99587
10 0.999971 2.87558e-05
10 0.999796 0.000204233
10 0.999031 0.000968579
10 0.999854 0.000145551
10 1 1e-07
10 1 1e-07
10 1 1e-07
10 0.999863 0.00013709
10 0.999998 1.64367e-06
10 0.99993 6.97262e-05
6 0.000324396 0.999676
6 0.30941 0.69059
10 0.999991 9.17991e-06
10 1 1e-07
10 1 1e-07
10 1 2.66883e-07
10 0.999999 5.60083e-07
10 1 3.10314e-07
10 1 1.50925e-07
10 0.999999 9.98305e-07
10 0.999994 5.57828e-06
6 0.00155141 0.998449
10 0.999799 0.000200807
10 1 1e-07
6 0.00147497 0.998525
10 1 1e-07
10 0.99994 5.96789e-05
10 1 1e-07
10 1 1e-07
10 0.999934 6.58063e-05
10 0.999994 5.67112e-06
10 0.972752 0.0272475
6 0.0095732 0.990427
10 1 1e-07
10 0.998772 0.00122762
10 0.998157 0.00184323
10 0.999997 3.15623e-06
10 1 1.01992e-07
10 1 4.43646e-07
10 1 1e-07
10 1 1e-07
6 0.000399762 0.9996
10 1 1e-07
10 0.999992 7.97114e-06
10 1 1e-07
10 1 1.0091e-07
10 0.999967 3.26203e-05
6 0.00812367 0.991876
6 0.295888 0.704112
10 0.99999 1.01279e-05
10 0.999766 0.00023368
6 0.000347681 0.999652
10 1 3.53337e-07
10 0.999998 2.33401e-06
10 0.999998 2.31713e-06
10 0.999999 6.1529e-07
10 0.999996 4.16404e-06
10 0.99965 0.000350104
10 1 1e-07
10 1 1.20749e-07
10 1 1e-07
6 0.000345238 0.999655
6 0.000467491 0.999533
6 0.00141357 0.998586
6 0.00333416 0.996666
10 0.999994 5.86612e-06
10 0.999978 2.15832e-05
10 1 1e-07
10 0.999965 3.52231e-05
10 1 3.34654e-07
10 1 1.11822e-07
10 1 1e-07
10 1 1e-07
6 0.00135472 0.998645
10 0.999998 1.52583e-06
10 0.999999 8.6291e-07
10 0.999999 1.19243e-06
10 1 1e-07
10 0.999749 0.000250707
10 1 1e-07
10 0.999997 2.94691e-06
10 1 1e-07
6 0.00129514 0.998705
10 0.999998 1.77582e-06
10 1 1e-07
10 1 1e-07
10 0.992055 0.00794526
10 0.999656 0.000344318
10 1 1e-07
10 1 1e-07
10 1 1e-07
10 0.999994 5.94111e-06
10 0.999916 8.39096e-05
10 0.996027 0.0039729
10 1 3.14061e-07
10 1 1e-07
10 1 1e-07
10 0.99916 0.000839867
10 1 1.41903e-07
10 0.999574 0.000426485
10 1 1e-07
10 0.819637 0.180363
10 1 1e-07
10 0.999978 2.20491e-05
10 1 1e-07
6 3.14914e-05 0.999969
10 0.999997 3.33269e-06
10 1 1e-07
10 0.984033 0.0159666
10 0.99972 0.000280088
6 0.00326214 0.996738
10 0.999999 6.78981e-07
10 1 1e-07
10 1 1e-07
10 0.998623 0.00137705
10 0.999965 3.50785e-05
10 0.999899 0.000100958
10 1 1e-07
10 1 1e-07
10 1 1e-07
10 0.999977 2.34595e-05
10 1 1e-07
10 0.998523 0.00147748
10 1 1e-07
10 0.999995 5.24626e-06
10 0.999772 0.0002276
10 1 1.1079e-07
10 0.999978 2.1712e-05
10 0.999988 1.15264e-05
10 0.998307 0.00169348
10 1 1e-07
10 1 1e-07
6 0.00152465 0.998475
6 0.35739 0.64261
6 4.09666e-05 0.999959
10 0.999838 0.000161618
10 0.999989 1.06693e-05
10 0.999933 6.65907e-05
10 1 1e-07
10 1 1e-07
10 0.999999 6.51582e-07
10 1 1e-07
10 1 1e-07
10 1 1e-07
10 1 1e-07
10 1 1e-07
10 0.999968 3.22445e-05
10 1 1e-07
10 0.99989 0.0001096
10 0.999904 9.63247e-05
10 0.999803 0.000196563
10 1 1e-07
10 1 1.60592e-07
10 1 1e-07
10 0.999999 1.42849e-06
10 0.999993 7.31711e-06
10 0.999996 3.85442e-06
10 0.999987 1.33254e-05
10 1 1e-07
10 1 1.15258e-07
10 0.999997 3.24644e-06
10 0.999985 1.49689e-05
10 0.999969 3.0738e-05
10 1 1e-07
10 0.995198 0.00480249
10 1 3.35495e-07
10 0.999999 6.5189e-07
10 1 1e-07
10 1 1e-07
10 1 1e-07
10 0.999977 2.30237e-05
10 0.999998 2.02408e-06
10 0.999977 2.29736e-05
10 1 1e-07
10 1 1e-07
10 1 1e-07
10 0.999954 4.58993e-05
10 0.99995 5.03037e-05
10 0.999986 1.43503e-05
10 0.999253 0.000746744
10 0.999877 0.000122624
10 0.999961 3.92296e-05
10 1 1e-07
10 0.999991 8.84596e-06
10 1 1e-07
10 1 1e-07
10 1 1e-07
10 1 1e-07
10 0.999992 8.15954e-06
10 0.999861 0.000139303
10 1 1.4468e-07
10 0.999959 4.09746e-05
10 0.999921 7.94749e-05
10 1 1e-07
6 6.88574e-05 0.999931
10 0.999996 4.30308e-06
10 1 2.94065e-07
10 0.999993 6.72727e-06
10 1 1e-07
10 1 1e-07
10 0.999917 8.27454e-05
10 1 1e-07
10 0.999994 6.2297e-06
6 2.20259e-06 0.999998
10 0.999992 8.24589e-06
10 1 1e-07
10 1 1e-07
10 1 1e-07
10 1 1e-07
10 1 1e-07
10 0.999967 3.34573e-05
10 1 1e-07
10 1 1e-07
10 0.99998 2.01597e-05
10 1 1e-07
10 0.999968 3.15039e-05
10 0.999338 0.000662205
10 0.999999 7.07383e-07
10 1 1e-07
10 1 1e-07
10 0.999314 0.00068641
10 0.999999 5.77153e-07
10 0.999997 2.88254e-06
10 1 1e-07
10 0.999998 1.6877e-06
10 1 1e-07
10 1 1e-07
10 1 1e-07
6 0.000222503 0.999777
10 0.999999 1.21684e-06
10 1 1e-07
10 0.999999 1.1847e-06
10 1 1e-07
10 0.99999 9.56854e-06
10 1 1e-07
6 4.12965e-05 0.999959
10 0.999972 2.827e-05
10 0.999999 6.40594e-07
10 1 1e-07
10 0.999869 0.000131268
10 1 1e-07
10 0.999996 3.84982e-06
10 0.999857 0.000142975
10 0.999935 6.45385e-05
10 0.999949 5.05171e-05
10 1 1e-07
10 0.999989 1.14188e-05
10 0.999999 1.42876e-06
10 0.999993 6.82937e-06
10 1 1e-07
10 0.999981 1.91192e-05
10 1 3.62012e-07
10 0.999999 5.13239e-07
10 1 1.30902e-07
6 3.16403e-05 0.999968
6 0.00350514 0.996495
10 0.989804 0.0101964
10 0.999035 0.000964951
10 0.999971 2.89699e-05
10 1 1e-07
6 0.000815767 0.999184
10 1 1e-07
10 1 1e-07
10 1 1e-07
6 0.00267426 0.997326
10 0.999903 9.71316e-05
10 1 1e-07
10 1 1e-07
10 0.999998 1.50118e-06
10 0.999999 8.8459e-07
10 1 4.23046e-07
10 1 1e-07
10 1 3.33623e-07
6 0.0115857 0.988414
6 0.000408799 0.999591
10 1 1e-07
10 1 1e-07
10 1 1e-07
10 1 1e-07
10 0.99994 6.01787e-05
10 0.999845 0.000154594
10 0.999813 0.000186645
10 1 1e-07
10 1 1e-07
10 1 1e-07
10 1 1.15426e-07
10 1 1e-07
10 1 1e-07
10 1 1e-07
10 1 3.83631e-07
10 1 4.67732e-07
10 0.999822 0.000177685
10 0.999996 4.30984e-06
10 0.999999 6.04894e-07
10 0.999999 1.20256e-06
10 0.999998 1.94996e-06
10 1 1e-07
10 1 1.96247e-07
10 0.999993 7.19176e-06
10 0.999993 7.09872e-06
10 1 1e-07
10 1 1e-07
10 0.999993 6.77003e-06
6 0.0573199 0.94268
10 0.999073 0.00092688
10 1 1e-07
10 1 2.49808e-07
10 0.999995 4.69598e-06
10 0.999998 2.46778e-06
6 0.000972384 0.999028
10 1 1e-07
10 0.999835 0.000165022
10 0.999998 1.77418e-06
6 0.0176077 0.982392
6 0.0230637 0.976936
10 1 3.54155e-07
10 0.999325 0.000675451
10 1 1e-07
10 1 3.58522e-07
10 1 1e-07
10 0.999998 2.24422e-06
10 1 1e-07
10 1 1e-07
10 0.999982 1.7832e-05
10 0.999994 6.03e-06
10 0.99999 9.86944e-06
10 0.999908 9.21566e-05
10 1 1e-07
10 1 1e-07
10 1 1e-07
10 1 1e-07
10 1 1e-07
10 0.999976 2.36937e-05
10 1 1e-07
10 0.999994 6.33985e-06
10 0.999899 0.000100786
10 0.999999 8.06507e-07
10 0.999999 1.46686e-06
10 1 1e-07
10 0.999963 3.69349e-05
10 1 1e-07
10 0.964283 0.035717
10 1 1e-07
10 0.999981 1.91308e-05
10 0.999999 8.14842e-07
10 1 1e-07
10 1 1e-07
10 1 1e-07
10 0.999999 1.17911e-06
10 0.999997 2.59528e-06
10 1 1e-07
10 0.999944 5.55899e-05
10 1 1e-07
6 0.00129204 0.998708
10 0.999993 6.68353e-06
10 1 1e-07
10 1 1e-07
10 0.999923 7.68617e-05
10 1 1e-07
10 1 1e-07
10 0.999812 0.000187791
10 0.999788 0.000211781
10 0.999863 0.000136924
10 0.999707 0.000292987
10 1 1e-07
6 6.13602e-05 0.999939
10 0.999992 7.67668e-06
10 1 1e-07
10 1 1e-07
10 1 1e-07
10 0.999984 1.57787e-05
10 0.999923 7.68347e-05
10 1 1e-07
6 8.80997e-05 0.999912
10 0.999687 0.00031251
10 1 1e-07
10 1 1e-07
10 1 1e-07
10 1 1.89111e-07
10 0.999689 0.00031083
10 0.999843 0.000156837
10 1 1e-07
10 1 1e-07
10 1 1e-07
10 1 1e-07
10 1 1e-07
6 0.00125337 0.998747
10 0.999444 0.000556211
10 1 1e-07
10 1 3.3458e-07
10 0.999961 3.87172e-05
10 1 1e-07
10 0.999978 2.19896e-05
6 6.0563e-05 0.999939
10 0.999948 5.21516e-05
10 1 1e-07
10 0.999996 4.09765e-06
10 1 1e-07
10 0.999972 2.78251e-05
10 1 1e-07
10 0.999998 1.79751e-06
10 1 1e-07
10 1 1e-07
10 1 1e-07
10 0.999979 2.10657e-05
10 0.999787 0.00021264
10 1 1e-07
10 1 1e-07
10 1 4.78276e-07
10 0.999831 0.000168857
10 0.999392 0.000607674
10 1 1e-07
10 0.999766 0.000233991
10 1 1e-07
10 1 1e-07
6 0.000124201 0.999876
10 1 4.2093e-07
10 0.99997 3.04352e-05
10 1 1e-07
10 0.999985 1.51229e-05
10 0.998903 0.00109719
10 1 1e-07
10 1 1e-07
10 1 1e-07
10 0.999999 1.06634e-06
10 1 1e-07
6 0.000191499 0.999809
10 1 1e-07
10 1 1e-07
6 0.000290007 0.99971
10 1 1e-07
10 0.999387 0.000612604
10 0.998544 0.00145553
10 1 1e-07
10 1 1e-07
10 1 1e-07
10 1 1e-07
10 0.999845 0.000155184
10 1 1e-07
10 1 2.12642e-07
6 0.00140218 0.998598
10 0.999992 7.93067e-06
10 1 1e-07
10 0.999638 0.000361994
10 0.999894 0.000106402
10 1 1e-07
10 1 1e-07
10 1 1e-07
6 0.00429978 0.9957
10 0.999926 7.44053e-05
10 1 1.32571e-07
10 1 1e-07
10 0.999965 3.48634e-05
10 0.999777 0.000223373
10 0.999682 0.000318037
10 0.999999 6.25294e-07
6 0.00287667 0.997123
10 1 1e-07
10 0.99999 9.57347e-06
10 0.999949 5.14992e-05
10 0.999999 5.53705e-07
10 0.999485 0.000515473
6 3.17037e-05 0.999968
10 1 1e-07
10 1 1e-07
10 1 4.5798e-07
10 0.999889 0.00011149
10 0.999996 3.81739e-06
10 1 1e-07
10 0.999997 3.46003e-06
10 1 1e-07
6 7.98401e-05 0.99992
10 0.977999 0.0220014
10 1 4.26116e-07
10 1 4.10687e-07
10 1 1e-07
10 0.999998 2.03752e-06
10 1 1e-07
10 1 1e-07
10 1 1e-07
10 0.999764 0.000236474
10 0.996266 0.00373355
10 1 1e-07
10 0.999928 7.16288e-05
6 0.00275394 0.997246
10 0.999992 7.63302e-06
10 0.999984 1.64382e-05
10 1 1e-07
10 0.999997 3.18289e-06
10 0.96004 0.03996
10 0.999999 1.34196e-06
10 0.99999 1.00926e-05
10 0.999898 0.000101926
10 1 1e-07
10 0.999997 2.54171e-06
10 1 1e-07
6 0.000184475 0.999816
10 0.999768 0.000231843
10 1 1e-07
10 0.982294 0.0177065
10 1 1e-07
10 1 1e-07
10 1 1e-07
10 0.999844 0.000155659
10 0.999125 0.000875113
10 0.999922 7.80103e-05
10 1 1e-07
10 0.999944 5.5606e-05
10 0.99104 0.00896042
6 0.020525 0.979475
10 1 1e-07
10 0.999973 2.74131e-05
10 0.999992 7.55253e-06
10 0.999966 3.37884e-05
10 0.999838 0.000161901
10 1 1e-07
10 0.999999 7.71688e-07
10 0.999964 3.61738e-05
10 0.999992 8.30629e-06
10 0.999999 6.01486e-07
10 0.999999 5.39244e-07
10 1 1e-07
6 0.00268497 0.997315
10 0.999971 2.91111e-05
10 0.999997 2.53136e-06
6 0.00237571 0.997624
10 1 1e-07
10 1 1e-07
10 0.999578 0.000421804
10 1 1e-07
10 0.999996 4.16421e-06
10 1 1e-07
10 0.999998 1.94996e-06
10 0.999848 0.000152197
10 1 1e-07
6 0.00151415 0.998486
10 1 1e-07
10 0.999981 1.90968e-05
10 1 1.94489e-07
10 1 1e-07
10 0.904153 0.0958473
10 0.999904 9.61886e-05
10 1 4.88654e-07
10 0.999978 2.17157e-05
10 0.999625 0.000375468
10 0.999997 2.65392e-06
10 1 1e-07
10 1 1e-07
10 0.999443 0.000556516
10 1 1e-07
10 1 1e-07
10 0.999822 0.000178046
10 1 1e-07
10 1 1e-07
10 0.999997 2.97252e-06
6 0.0417737 0.958226
10 0.999951 4.87152e-05
10 0.999998 2.00351e-06
6 9.029e-05 0.99991
10 0.999985 1.52087e-05
10 1 1e-07
6 2.71147e-05 0.999973
10 1 1e-07
10 0.999885 0.000114602
10 0.998612 0.00138837
10 0.999314 0.000686135
10 1 1.63657e-07
10 0.999894 0.000105513
10 0.999981 1.85195e-05
10 0.999999 1.31968e-06
10 0.999997 3.42484e-06
10 1 2.56943e-07
6 0.000358997 0.999641
10 0.999731 0.000269415
10 0.999999 7.48441e-07
10 1 1e-07
6 7.75325e-05 0.999922
10 1 1e-07
10 1 1e-07
10 0.999438 0.000561703
10 1 1e-07
10 1 4.32692e-07
10 1 1e-07
10 0.999999 5.66112e-07
10 1 1e-07
10 0.992716 0.0072841
10 1 1e-07
10 0.999995 5.33172e-06
10 0.999984 1.63046e-05
10 0.999713 0.000286584
10 1 1e-07
10 0.999956 4.35688e-05
10 0.999998 1.64501e-06
10 1 1e-07
10 0.999995 5.04149e-06
10 1 1e-07
10 1 1e-07
10 1 1e-07
10 0.99999 9.9057e-06
10 1 1e-07
10 0.999993 6.89579e-06
10 1 1e-07
6 0.00185801 0.998142
10 1 1e-07
10 0.99993 7.01574e-05
10 1 1e-07
10 0.999994 6.02456e-06
10 0.999998 2.05895e-06
10 1 1e-07
10 1 1e-07
10 0.999997 2.8545e-06
10 1 3.50257e-07
10 0.999967 3.25214e-05
10 1 1.69432e-07
10 1 1e-07
10 1 2.71838e-07
10 1 1e-07
10 1 1e-07
10 0.999946 5.44479e-05
10 1 1.18368e-07
6 0.00634076 0.993659
6 0.0788623 0.921138
10 1 1e-07
10 0.997924 0.00207572
10 1 1e-07
10 1 1e-07
10 1 1e-07
10 1 1e-07
10 0.999995 5.01429e-06
10 1 1e-07
10 1 1e-07
10 1 1e-07
10 0.99994 6.04289e-05
10 0.998408 0.00159248
10 0.999997 2.64599e-06
10 0.99998 1.9721e-05
10 1 1e-07
10 0.99974 0.00026033
10 0.999984 1.60021e-05
10 1 1e-07
10 0.999993 7.33251e-06
10 0.999999 6.60384e-07
10 1 1e-07
10 1 1e-07
10 1 1e-07
10 0.999986 1.44826e-05
10 1 1e-07
10 0.999765 0.0002352
10 1 1e-07
10 1 1e-07
6 0.00077896 0.999221
6 0.498273 0.501727
6 0.296851 0.703149
10 0.99992 8.02656e-05
10 0.999896 0.000104466
10 0.998875 0.00112504
10 0.999915 8.49706e-05
10 0.999915 8.49186e-05
10 1 1e-07
10 1 1e-07
10 0.999812 0.000187952
10 1 1e-07
10 1 1e-07
10 0.99987 0.000129818
10 0.999841 0.000159084
10 0.996143 0.00385694
6 0.0222686 0.977731
10 0.999838 0.000161923
10 0.999853 0.000147078
10 0.999998 2.09386e-06
10 0.999951 4.92589e-05
10 1 1e-07
10 1 4.38907e-07
10 1 1e-07
10 1 1e-07
10 1 1e-07
10 0.99999 9.9139e-06
10 1 4.13678e-07
10 1 1e-07
10 1 1e-07
10 0.999995 4.83046e-06
10 1 4.56427e-07
6 0.0549554 0.945045
10 0.997726 0.00227425
10 0.999981 1.93748e-05
10 1 1e-07
10 1 1e-07
10 1 1e-07
10 0.999999 1.00922e-06
10 1 1e-07
10 1 1e-07
10 0.999515 0.000484899
10 0.997812 0.00218849
10 1 1e-07
6 0.000102803 0.999897
10 0.999951 4.88363e-05
10 0.999997 3.43984e-06
10 0.999997 3.30456e-06
10 1 4.89158e-07
10 0.999998 1.64606e-06
10 0.999974 2.59298e-05
10 1 1e-07
10 0.999864 0.00013589
10 1 2.50313e-07
10 0.999989 1.10384e-05
10 0.999999 7.13571e-07
10 1 1.94297e-07
10 1 2.44481e-07
10 0.999992 7.56576e-06
10 0.999978 2.24597e-05
10 1 1e-07
6 0.0247029 0.975297
10 0.999587 0.000413261
10 0.980434 0.0195664
10 0.999902 9.82918e-05
10 1 1e-07
10 0.999281 0.000719468
10 1 1.50809e-07
10 0.999992 7.57012e-06
10 1 1e-07
10 1 1e-07
10 1 1e-07
10 0.999875 0.00012498
10 0.999999 1.23247e-06
10 0.999993 6.59495e-06
10 1 3.6788e-07
10 1 1e-07
10 1 1e-07
10 0.999999 7.36254e-07
10 0.99998 1.98749e-05
10 0.999804 0.000195737
10 1 2.94925e-07
10 1 1e-07
10 1 1e-07
10 1 1e-07
10 1 1e-07
10 0.992375 0.00762506
10 0.999999 1.20846e-06
10 1 1e-07
10 1 1e-07
6 0.00189109 0.998109
10 0.999858 0.00014244
10 0.999914 8.58619e-05
10 1 1e-07
6 0.295786 0.704214
10 0.999987 1.30344e-05
10 0.999944 5.61747e-05
10 1 1e-07
10 1 1e-07
10 1 1e-07
10 1 1e-07
6 0.00791274 0.992087
10 0.999998 1.89321e-06
10 0.999931 6.90922e-05
10 1 1e-07
10 1 1e-07
10 1 1e-07
10 1 3.24362e-07
10 0.99999 1.00204e-05
10 1 1e-07
10 1 1e-07
10 0.999632 0.000368088
6 0.000378755 0.999621
10 0.999987 1.25912e-05
10 1 1e-07
10 0.999913 8.69518e-05
10 0.999998 1.96368e-06
10 0.999999 7.80451e-07
10 0.999983 1.73313e-05
10 1 1e-07
10 0.999978 2.23277e-05
10 1 1e-07
6 0.000319855 0.99968
10 1 1e-07
10 0.819814 0.180186
10 0.999968 3.23289e-05
10 1 1e-07
10 1 1e-07
10 1 1e-07
10 1 1e-07
10 0.999718 0.000281899
10 0.999999 9.79297e-07
10 0.999886 0.000114433
10 0.999995 4.60035e-06
10 1 1e-07
10 1 1e-07
10 1 1e-07
10 1 1e-07
10 1 1e-07
10 0.999666 0.000333856
10 1 1.08055e-07
10 1 1e-07
10 0.999841 0.000159338
10 0.999876 0.000124073
10 1 1e-07
10 0.99999 9.91056e-06
10 0.999966 3.35049e-05
10 1 3.22412e-07
10 1 1e-07
10 1 4.97262e-07
10 0.999843 0.000156782
10 0.999917 8.33784e-05
10 0.999999 5.05081e-07
10 1 1e-07
6 0.00171672 0.998283
10 1 1e-07
10 0.999953 4.68214e-05
6 0.0906138 0.909386
10 1 1e-07
6 0.000266525 0.999733
10 0.997332 0.00266773
10 1 1e-07
10 1 1e-07
10 1 1e-07
10 1 1e-07
10 1 1e-07
10 0.999072 0.000927712
10 0.999987 1.27789e-05
10 0.999945 5.46723e-05
10 0.99997 3.03997e-05
6 0.00887035 0.99113
10 1 1e-07
10 1 1e-07
10 1 4.51424e-07
10 0.999997 3.04509e-06
10 1 1e-07
10 1 1e-07
10 0.999995 5.22391e-06
10 1 1e-07
10 0.999999 6.08945e-07
10 1 1e-07
10 0.999987 1.34474e-05
10 0.999999 9.44585e-07
10 1 1e-07
10 0.999995 5.24707e-06
6 0.000759241 0.999241
10 1 1e-07
6 0.00328905 0.996711
10 1 1e-07
10 0.999978 2.22676e-05
10 1 1e-07
10 0.999748 0.000252209
10 1 1.14668e-07
10 0.999781 0.000219028
10 1 2.27368e-07
10 1 1e-07
10 0.999999 6.17772e-07
10 0.999979 2.12273e-05
10 0.999904 9.58032e-05
10 1 1e-07
10 0.999574 0.000426204
10 0.999984 1.58279e-05
10 1 1e-07
6 0.182674 0.817326
6 0.00730746 0.992693
10 1 1e-07
10 0.999992 8.39423e-06
10 0.998826 0.00117446
10 1 1e-07
10 0.999987 1.28091e-05
10 1 1e-07
10 1 1e-07
10 0.999777 0.000222647
10 1 1e-07
10 1 1e-07
10 1 1e-07
10 1 1e-07
10 1 2.09178e-07
10 0.999819 0.000181231
10 1 1e-07
10 1 1e-07
10 0.999998 1.8871e-06
10 1 1e-07
10 1 4.60753e-07
10 0.99982 0.000180069
10 1 1e-07
10 1 1e-07
10 0.999062 0.000938232
10 0.999875 0.000125357
10 1 1e-07
10 1 1e-07
10 1 1e-07
6 0.000114222 0.999886
10 0.999499 0.000501166
10 0.999996 4.29089e-06
10 0.999993 6.65244e-06
6 0.000596669 0.999403
10 0.99985 0.000149724
10 1 1e-07
10 0.988408 0.0115917
10 0.998893 0.00110654
10 1 1e-07
10 0.997338 0.00266212
10 0.999998 1.81059e-06
6 0.00858021 0.99142
10 0.999982 1.82567e-05
6 0.000782153 0.999218
10 1 1e-07
10 0.99997 3.0056e-05
10 0.999999 8.51235e-07
10 0.999047 0.000952986
10 0.999996 3.89735e-06
10 1 2.86205e-07
10 0.999925 7.53327e-05
10 1 1e-07
10 1 1e-07
6 0.000371646 0.999628
10 0.999996 3.74227e-06
10 0.99999 9.8326e-06
10 1 1e-07
10 0.999995 4.64258e-06
10 0.999735 0.000265086
6 0.000250677 0.999749
10 0.999946 5.42004e-05
10 1 1e-07
10 1 4.11548e-07
10 0.999994 6.27211e-06
10 1 1e-07
10 0.981701 0.0182988
10 0.626934 0.373066
10 0.999934 6.57673e-05
10 1 1e-07
10 0.996807 0.00319304
10 0.999983 1.74613e-05
10 0.983161 0.0168387
10 0.999996 3.84004e-06
10 0.999957 4.3133e-05
6 1.84521e-05 0.999982
10 0.999744 0.000255758
10 1 1e-07
10 1 1e-07
10 1 1e-07
10 1 1e-07
10 1 1e-07
10 0.999998 2.07824e-06
6 0.000491449 0.999509
6 0.0132393 0.986761
10 1 1e-07
10 1 1e-07
10 0.998924 0.00107627
6 0.000136685 0.999863
10 0.999999 6.51148e-07
10 1 1e-07
10 0.999998 2.37171e-06
6 0.0041561 0.995844
10 1 1e-07
10 0.999992 7.76002e-06
10 1 1e-07
10 1 1e-07
10 1 1e-07
10 0.999803 0.000197301
10 1 1e-07
10 0.999877 0.000123462
10 0.999963 3.66616e-05
10 0.999614 0.000386292
10 1 1e-07
10 0.999998 1.7529e-06
10 1 1e-07
6 6.84877e-05 0.999932
6 0.000477688 0.999522
10 0.999864 0.000135656
10 0.999606 0.000394475
10 1 1e-07
10 0.99998 2.00377e-05
6 0.0252366 0.974763
10 0.999994 6.21393e-06
10 1 1e-07
10 1 1e-07
10 1 1e-07
10 0.999882 0.000118218
10 0.999967 3.29145e-05
10 0.99997 3.00335e-05
10 1 1e-07
10 0.999999 1.04061e-06
10 0.999989 1.071e-05
10 1 1e-07
10 0.999708 0.000292022
10 1 1.85492e-07
10 1 1e-07
10 1 1e-07
10 0.999935 6.54028e-05
10 1 1e-07
10 0.999979 2.08471e-05
10 1 1e-07
10 0.999995 5.09641e-06
10 1 1e-07
10 0.999854 0.000145787
10 0.999992 7.82296e-06
10 1 1e-07
10 1 1e-07
10 1 1e-07
10 0.999406 0.000594449
10 1 1e-07
10 0.999999 1.37464e-06
10 1 1e-07
10 0.999997 2.8387e-06
10 1 1e-07
10 1 2.4064e-07
10 1 1e-07
10 0.999978 2.18961e-05
6 0.00480921 0.995191
10 1 1e-07
10 1 3.65646e-07
10 1 1e-07
10 0.999995 5.35436e-06
10 1 1e-07
10 1 1e-07
6 9.32982e-05 0.999907
10 1 2.25192e-07
10 1 2.25135e-07
10 0.999892 0.000107788
10 0.999816 0.000184443
10 1 1e-07
6 3.11416e-05 0.999969
10 1 1e-07
10 0.970359 0.0296411
10 0.999978 2.18624e-05
10 1 1e-07
10 0.999957 4.27908e-05
10 0.999316 0.000684356
10 0.999971 2.88734e-05
10 1 1e-07
10 1 1e-07
10 1 1e-07
10 0.999999 8.35788e-07
10 0.999999 9.77636e-07
10 0.999941 5.87278e-05
10 1 1e-07
6 0.000600781 0.999399
10 1 3.27272e-07
6 0.24227 0.75773
10 0.999999 1.23721e-06
10 1 1e-07
10 1 1e-07
10 1 1e-07
10 1 1e-07
10 1 1e-07
10 1 1e-07
10 0.999863 0.000136669
10 1 1e-07
10 0.999417 0.000583444
10 1 1e-07
10 1 1e-07
10 1 1e-07
10 1 1e-07
10 0.999952 4.81776e-05
10 0.999997 2.62203e-06
10 0.999999 1.28165e-06
10 0.999998 2.02325e-06
10 1 1e-07
10 1 1e-07
10 0.99986 0.000139612
10 0.999994 6.31437e-06
10 0.999966 3.37265e-05
10 1 4.22831e-07
6 0.00842215 0.991578
10 0.993419 0.00658087
10 1 1.20971e-07
10 0.999999 1.32949e-06
10 1 1e-07
10 1 1e-07
10 0.999959 4.1448e-05
10 1 1e-07
10 1 1e-07
10 1 3.66892e-07
6 0.000609404 0.999391
10 1 1e-07
6 0.00370411 0.996296
10 1 1e-07
10 0.999935 6.49142e-05
10 0.999847 0.000152811
10 0.999996 3.79997e-06
6 0.0534712 0.946529
6 0.00044132 0.999559
10 0.999984 1.63987e-05
10 1 1e-07
10 0.999915 8.52473e-05
10 0.978454 0.0215458
10 0.999994 6.10513e-06
10 1 4.95966e-07
10 1 1e-07
10 0.997985 0.00201489
6 0.00149868 0.998501
10 0.999986 1.35069e-05
10 0.999999 7.70785e-07
10 0.999939 6.10841e-05
10 1 1e-07
10 0.999958 4.22486e-05
10 0.999955 4.54965e-05
10 1 1e-07
10 0.999862 0.000138258
10 1 1e-07
10 0.999986 1.35225e-05
10 0.999568 0.000432238
10 1 1e-07
6 0.000231549 0.999768
10 0.999999 6.7453e-07
10 1 1e-07
10 0.99981 0.000190107
10 1 1e-07
10 0.999366 0.000633954
10 0.999771 0.000228719
10 1 1e-07
10 0.999998 2.46994e-06
10 0.999957 4.27638e-05
10 0.999983 1.69663e-05
10 0.999821 0.000179354
10 0.999993 6.92537e-06
10 0.999497 0.000503495
10 1 1.68396e-07
10 0.999999 1.28373e-06
6 0.00527836 0.994722
10 1 1e-07
10 1 1e-07
10 0.999191 0.000808589
10 1 1e-07
10 1 1e-07
10 1 1e-07
10 0.999992 8.30637e-06
10 1 1e-07
10 1 1e-07
10 0.999989 1.05907e-05
10 0.999992 7.89724e-06
10 1 1e-07
10 0.999689 0.000310711
10 0.992409 0.00759122
10 0.998281 0.00171857
10 0.999998 2.11099e-06
10 1 1e-07
10 0.999998 2.09088e-06
10 0.999013 0.00098683
10 0.999996 3.7809e-06
10 0.999962 3.7543e-05
10 1 1e-07
10 1 1e-07
10 1 1e-07
10 0.999988 1.18681e-05
10 0.999993 7.34484e-06
6 0.00246308 0.997537
6 0.000424739 0.999575
10 1 4.18572e-07
10 1 1e-07
10 1 3.18635e-07
10 0.999961 3.91915e-05
10 0.997202 0.00279786
10 0.999998 1.53129e-06
10 1 1e-07
10 1 1e-07
10 0.99995 4.95015e-05
6 0.0875165 0.912483
10 0.999994 5.76068e-06
10 1 1e-07
10 0.999997 2.64356e-06
6 0.000345583 0.999654
10 1 1.599e-07
10 1 1e-07
10 0.960554 0.0394458
10 1 1e-07
10 0.999756 0.000243932
10 1 1e-07
6 0.000324701 0.999675
10 1 1e-07
10 1 1e-07
10 0.999997 2.69922e-06
10 1 1e-07
10 1 1e-07
10 0.99994 6.01291e-05
10 1 4.28062e-07
6 0.00880674 0.991193
10 0.999978 2.1934e-05
10 0.999989 1.09039e-05
10 0.999956 4.42191e-05
10 1 1e-07
10 0.999957 4.29063e-05
10 0.999751 0.000249254
10 0.999999 6.12193e-07
10 1 1e-07
6 0.00444328 0.995557
10 1 1e-07
10 0.999999 6.57177e-07
10 1 1.20815e-07
10 0.999991 8.99922e-06
10 0.999974 2.64464e-05
10 0.999921 7.94797e-05
10 0.993284 0.0067157
10 1 1e-07
10 1 1e-07
10 1 1e-07
6 0.00368408 0.996316
10 1 1e-07
10 1 1e-07
10 1 1e-07
10 0.999996 3.53681e-06
10 1 1e-07
10 0.999594 0.000405783
10 0.999997 3.48865e-06
10 0.999985 1.53557e-05
10 0.999983 1.67892e-05
10 1 1e-07
10 1 1e-07
6 0.0489854 0.951015
10 1 1e-07
10 0.999992 7.65374e-06
10 0.999993 6.90303e-06
10 0.996221 0.00377903
10 0.999983 1.69253e-05
10 0.999826 0.000173506
6 0.0029915 0.997009
10 1 1e-07
10 1 3.7706e-07
10 1 1.20059e-07
10 1 1e-07
10 0.999999 1.22072e-06
10 0.999998 1.92845e-06
10 1 1e-07
10 1 1e-07
6 0.328863 0.671137
10 1 3.19908e-07
10 0.999998 2.00559e-06
10 0.999999 8.52524e-07
10 0.999948 5.21258e-05
10 1 1e-07
10 0.999999 6.6426e-07
10 1 1e-07
10 1 1e-07
10 1 1e-07
10 1 1e-07
10 1 1e-07
10 1 1e-07
10 1 1e-07
10 1 1e-07
10 1 1e-07
10 0.999975 2.47609e-05
6 0.0027403 0.99726
10 0.999997 2.89754e-06
10 0.999809 0.000190533
10 0.999966 3.35424e-05
10 1 4.27109e-07
10 1 3.95887e-07
10 1 1e-07
10 0.97733 0.02267
10 1 1.62728e-07
10 1 1e-07
10 0.999892 0.000107778
10 1 1e-07
10 1 2.17352e-07
10 1 1e-07
10 0.99983 0.000170285
10 0.999992 7.84778e-06
10 0.999983 1.72344e-05
10 1 1e-07
10 1 1e-07
10 1 1.31483e-07
6 3.33035e-06 0.999997
10 0.999994 6.03346e-06
6 0.00101674 0.998983
10 0.999998 1.64337e-06
10 1 1e-07
6 0.000950148 0.99905
10 0.999998 1.94478e-06
6 0.000146653 0.999853
10 0.999935 6.45389e-05
6 0.00274049 0.99726
10 1 1e-07
10 0.999995 4.74438e-06
10 0.999999 9.69593e-07
10 1 1e-07
10 1 1e-07
10 0.999952 4.7933e-05
6 0.000432427 0.999568
10 1 1e-07
6 0.00807225 0.991928
10 1 1e-07
10 1 1e-07
10 0.961023 0.0389765
10 1 1e-07
10 1 1.78977e-07
10 1 1e-07
10 1 1e-07
10 1 1e-07
10 0.999362 0.000637801
10 1 3.85851e-07
10 1 1e-07
10 1 1e-07
6 0.00954535 0.990455
10 1 1e-07
10 0.999716 0.000284136
10 1 1e-07
10 1 1e-07
10 1 3.4553e-07
10 0.999992 8.46912e-06
10 1 1e-07
10 1 1e-07
10 1 4.58554e-07
10 1 1e-07
10 0.999991 8.56241e-06
10 1 1e-07
10 0.999547 0.000453013
10 0.998736 0.00126439
10 1 1.47792e-07
10 1 1e-07
10 0.999868 0.000131501
10 1 1e-07
10 1 1e-07
10 0.985174 0.0148261
10 0.999971 2.85881e-05
10 1 1e-07
10 0.999959 4.06323e-05
10 0.999987 1.31389e-05
10 1 1e-07
10 1 1e-07
10 0.999983 1.65207e-05
10 0.999996 3.98629e-06
10 0.999844 0.000156427
10 0.99999 1.0428e-05
10 1 1.18974e-07
10 1 1e-07
10 1 1e-07
10 0.999882 0.000117781
10 0.999993 7.22016e-06
6 0.00234338 0.997657
10 0.999929 7.10026e-05
10 1 1e-07
6 0.000120203 0.99988
10 1 1e-07
10 1 1e-07
10 1 3.22395e-07
10 0.999992 7.61406e-06
10 0.999861 0.000139137
10 1 1e-07
10 0.999999 1.15248e-06
10 1 1e-07
10 0.999994 5.9051e-06
10 0.999999 8.71069e-07
10 0.999138 0.00086187
6 0.000217691 0.999782
10 1 1e-07
6 0.197916 0.802084
6 0.0132564 0.986744
10 1 1e-07
6 0.0162497 0.98375
10 1 1.68786e-07
10 0.99998 1.97766e-05
10 1 1e-07
6 0.0064289 0.993571
10 1 1e-07
10 1 1e-07
10 1 1e-07
10 1 1e-07
10 1 3.72211e-07
10 0.999842 0.000157659
10 0.999978 2.24835e-05
10 0.999971 2.91642e-05
6 0.000171969 0.999828
10 1 1e-07
6 0.00116547 0.998835
10 0.99995 5.03252e-05
10 0.999999 6.29917e-07
10 1 1e-07
10 0.999949 5.0682e-05
10 1 1e-07
10 1 1e-07
6 0.127514 0.872486
10 0.998792 0.00120801
10 0.999979 2.08395e-05
10 1 2.76042e-07
10 0.999644 0.00035597
10 0.999992 7.54005e-06
10 1 1e-07
10 1 1e-07
10 0.999998 2.43119e-06
10 0.999998 2.037e-06
10 1 1e-07
10 1 1e-07
6 0.000172119 0.999828
10 1 1e-07
10 1 1e-07
10 1 1e-07
10 0.999966 3.36041e-05
10 1 1e-07
10 0.999955 4.47274e-05
10 1 1e-07
10 0.999985 1.47024e-05
10 1 1e-07
10 1 1e-07
10 1 1e-07
6 0.000390624 0.999609
10 1 1e-07
10 0.999999 1.3796e-06
10 1 1e-07
10 1 1e-07
10 0.999588 0.000412215
10 0.999896 0.000103968
10 1 1e-07
10 0.999951 4.91233e-05
10 0.999564 0.000436307
10 1 1e-07
10 0.999209 0.00079071
10 1 1e-07
10 0.999999 1.07592e-06
10 0.995184 0.00481626
10 1 1e-07
10 1 1e-07
10 1 1.4408e-07
10 1 1e-07
10 1 1e-07
10 0.999999 8.6978e-07
6 0.117889 0.882111
10 0.99999 9.88022e-06
10 0.999998 2.43041e-06
10 0.999927 7.29069e-05
10 0.999713 0.000287362
10 0.999602 0.000398293
10 0.999998 1.57776e-06
10 1 1e-07
10 1 1e-07
10 1 1e-07
10 0.999987 1.31727e-05
10 0.999972 2.77032e-05
10 0.998285 0.00171521
10 0.999999 1.12379e-06
10 0.999931 6.91271e-05
10 0.999217 0.000782712
10 1 1e-07
10 1 1e-07
10 0.999924 7.57796e-05
10 0.998086 0.00191401
6 0.000602495 0.999398
10 0.999972 2.76238e-05
10 0.999999 8.3277e-07
10 1 1e-07
10 1 3.76651e-07
10 0.999945 5.50787e-05
10 0.999977 2.30982e-05
10 1 1e-07
10 0.999984 1.55276e-05
10 1 1e-07
10 0.990473 0.00952669
10 0.999916 8.4233e-05
10 0.999809 0.000190972
10 0.999795 0.000205278
10 0.999891 0.00010868
6 0.00189679 0.998103
10 0.999435 0.000564614
10 0.999998 1.63002e-06
10 0.999994 6.2808e-06
10 0.79051 0.20949
10 1 1.02765e-07
10 0.999976 2.43925e-05
10 1 1e-07
10 1 1e-07
10 1 1e-07
10 0.999991 9.08121e-06
10 0.99999 9.61084e-06
10 1 1e-07
10 0.99991 9.00971e-05
10 1 1e-07
10 0.995667 0.00433303
10 0.999808 0.000192137
10 1 1e-07
10 0.999728 0.000272262
10 1 2.06751e-07
6 0.000559011 0.999441
10 1 1e-07
10 1 1e-07
10 0.999996 4.10973e-06
10 0.999999 1.29122e-06
10 0.996594 0.00340628
10 1 1e-07
10 1 1e-07
10 1 1e-07
10 0.999997 3.11877e-06
10 0.999999 1.10113e-06
10 0.999787 0.000213291
10 1 3.63943e-07
10 1 1e-07
10 1 1e-07
10 1 1e-07
10 1 1e-07
6 0.00162052 0.998379
10 0.999999 1.43876e-06
6 0.00839422 0.991606
10 0.999997 2.76638e-06
10 0.999072 0.000927703
10 1 1e-07
10 0.999789 0.00021058
10 1 1e-07
10 0.998926 0.0010741
10 1 1e-07
10 1 1e-07
10 1 1e-07
10 1 1.07115e-07
10 1 1e-07
10 1 1e-07
10 0.999756 0.000243624
10 0.999994 6.12167e-06
10 1 1e-07
6 0.000574762 0.999425
10 0.999955 4.46183e-05
10 0.999998 2.10017e-06
10 1 1.16829e-07
10 1 1e-07
10 0.99981 0.000189776
10 1 1e-07
6 0.00998987 0.99001
6 0.000107925 0.999892
10 1 1e-07
10 1 1e-07
10 1 1e-07
10 1 1.41745e-07
10 1 1e-07
10 0.999998 2.02648e-06
10 0.998817 0.00118314
10 1 1e-07
6 0.000182863 0.999817
10 1 3.07871e-07
6 0.00250975 0.99749
10 1 1e-07
10 0.999995 5.2326e-06
10 0.999999 5.42266e-07
10 0.998556 0.00144396
10 1 1e-07
10 0.999965 3.4684e-05
10 1 1e-07
10 1 1e-07
10 0.998293 0.00170728
6 0.00143262 0.998567
10 0.999806 0.000193591
10 0.999998 1.95271e-06
10 1 1e-07
10 0.999999 9.57319e-07
6 2.69264e-05 0.999973
10 1 1e-07
10 0.999969 3.08633e-05
10 0.999978 2.21492e-05
10 1 1e-07
10 1 1e-07
10 0.999952 4.7763e-05
10 0.999965 3.48281e-05
10 0.999998 1.78714e-06
10 1 1e-07
10 1 1e-07
10 0.999999 5.57478e-07
10 0.999292 0.000708068
10 1 1e-07
10 0.97383 0.0261697
10 1 1e-07
10 1 1e-07
10 0.691769 0.308231
10 1 1e-07
10 0.999977 2.32457e-05
10 1 1e-07
10 0.999705 0.000294824
10 1 1e-07
10 0.99554 0.00446029
10 1 3.84615e-07
10 0.999986 1.37378e-05
10 1 1.88017e-07
10 1 1e-07
10 1 1e-07
10 1 1e-07
10 1 1e-07
6 0.00633839 0.993662
6 0.000266539 0.999733
10 1 1e-07
10 1 3.87232e-07
10 1 1e-07
6 0.0445582 0.955442
10 0.999744 0.000256064
10 1 1e-07
6 0.00741794 0.992582
6 0.0135737 0.986426
10 1 1.70843e-07
10 0.99999 1.01873e-05
10 0.999962 3.83058e-05
10 0.99938 0.000619665
10 0.999007 0.000992729
10 0.998511 0.00148892
10 1 1e-07
10 1 1e-07
10 1 4.62942e-07
10 0.999527 0.000473004
10 1 1e-07
10 1 1e-07
10 1 1e-07
10 0.999997 3.30027e-06
6 0.00061287 0.999387
10 0.999975 2.48715e-05
10 1 1e-07
10 1 1e-07
10 1 1e-07
10 1 1e-07
10 0.999989 1.0915e-05
10 1 1e-07
10 0.999998 1.66535e-06
10 0.999985 1.54306e-05
10 1 4.75549e-07
10 1 1e-07
10 1 1e-07
10 0.999978 2.19004e-05
10 1 1e-07
10 0.995963 0.00403732
10 0.999974 2.61442e-05
10 1 1e-07
10 0.999994 6.21419e-06
10 0.999405 0.000595211
10 0.999975 2.52598e-05
10 0.999999 9.10495e-07
10 0.999763 0.000236779
10 0.998024 0.00197606
10 1 1e-07
10 1 1e-07
10 0.99996 4.02044e-05
10 0.999987 1.30544e-05
10 1 1e-07
10 1 1e-07
6 0.000907719 0.999092
10 1 1e-07
10 1 1e-07
10 1 1e-07
10 0.999991 9.00179e-06
10 1 1e-07
10 1 2.04307e-07
10 0.999999 5.33965e-07
10 1 1e-07
10 1 1e-07
10 1 1e-07
10 0.999793 0.000206609
10 0.999895 0.00010546
10 0.999995 4.96074e-06
6 0.000101859 0.999898
10 1 1.40128e-07
10 0.999213 0.000787108
10 1 1.20181e-07
10 0.999993 6.91303e-06
10 0.998547 0.00145276
10 1 2.67495e-07
10 1 1e-07
10 0.999103 0.000896659
6 0.00558018 0.99442
10 0.999988 1.1749e-05
10 0.999974 2.62325e-05
10 1 1e-07
10 1 4.83691e-07
10 1 1e-07
10 1 1e-07
10 1 1e-07
10 1 1e-07
10 1 2.89969e-07
10 1 1.30655e-07
10 1 1e-07
10 1 1e-07
10 1 3.23324e-07
10 1 1e-07
10 1 1e-07
10 1 1e-07
10 0.999977 2.28467e-05
10 1 1e-07
10 0.999991 9.32359e-06
10 1 1e-07
10 1 1e-07
10 1 1e-07
10 0.999969 3.08212e-05
10 1 1.087e-07
6 0.0580518 0.941948
10 0.999996 3.54121e-06
10 0.99877 0.00122969
10 1 1e-07
10 0.999888 0.000112203
10 0.994193 0.00580686
10 0.999977 2.32158e-05
10 0.999999 8.46051e-07
10 0.999979 2.11618e-05
10 0.999953 4.70474e-05
10 0.999998 1.8994e-06
10 0.999995 4.82592e-06
10 1 1e-07
10 1 1e-07
10 1 1e-07
10 0.999885 0.000115002
6 0.00270965 0.99729
10 1 1e-07
10 0.999847 0.000152959
10 1 1e-07
10 0.999918 8.18751e-05
6 0.00363446 0.996366
10 0.999963 3.67478e-05
10 0.99988 0.000120138
10 1 1e-07
10 0.999992 8.34257e-06
10 1 1e-07
10 1 1e-07
10 1 1e-07
6 0.00475428 0.995246
10 0.99997 3.02869e-05
10 1 1.36648e-07
10 1 1e-07
10 1 1e-07
10 1 1e-07
10 1 1.67861e-07
10 1 1e-07
10 0.99996 3.97526e-05
10 1 1e-07
10 0.999986 1.44003e-05
10 1 1e-07
10 0.992699 0.00730059
6 0.00282115 0.997179
10 1 1e-07
10 1 1e-07
10 1 1e-07
10 0.999987 1.26152e-05
10 0.999996 3.69604e-06
10 0.999276 0.000723527
10 1 1e-07
10 0.999999 9.08856e-07
10 0.99996 3.99695e-05
10 1 1e-07
10 0.999992 7.95508e-06
10 0.999989 1.14198e-05
10 0.999923 7.68535e-05
10 0.999997 3.02713e-06
10 0.999999 5.48602e-07
10 1 1e-07
10 1 1.67947e-07
10 1 1e-07
10 0.999963 3.66647e-05
10 1 1e-07
10 1 1e-07
10 0.997837 0.00216316
6 0.000218332 0.999782
10 1 1e-07
6 0.0037418 0.996258
10 0.999999 8.17537e-07
10 1 1e-07
10 1 1e-07
10 0.999999 1.40505e-06
10 1 1e-07
6 0.0129866 0.987013
10 0.999915 8.48279e-05
10 0.999999 1.23256e-06
10 0.999998 1.82635e-06
10 1 1e-07
10 1 1e-07
10 0.99999 9.57784e-06
10 1 1e-07
10 1 1e-07
10 0.999999 6.92575e-07
10 1 1e-07
10 0.998403 0.00159747
10 0.944176 0.0558236
6 0.0137127 0.986287
10 1 1e-07
10 1 1e-07
10 1 1e-07
6 0.00105742 0.998943
10 1 1e-07
10 0.988205 0.011795
10 1 1e-07
10 0.999996 3.73964e-06
10 1 1e-07
10 1 1e-07
10 0.99996 3.96597e-05
10 0.999998 2.28276e-06
10 0.999953 4.6918e-05
10 1 1e-07
6 0.000689194 0.999311
10 1 1e-07
10 0.999999 7.32291e-07
6 0.0256757 0.974324
10 1 1e-07
10 1 1e-07
10 1 1e-07
10 0.998094 0.00190562
10 0.999906 9.42307e-05
10 0.999965 3.45157e-05
10 1 1e-07
10 0.999999 8.46751e-07
10 0.999622 0.000377961
10 1 4.1318e-07
10 1 1.51752e-07
10 0.999734 0.000265784
10 0.999999 7.65788e-07
10 1 3.93834e-07
10 0.999999 1.00806e-06
10 1 1e-07
6 0.0103545 0.989645
10 1 1e-07
10 0.999998 2.09004e-06
10 0.999946 5.36636e-05
10 0.996546 0.0034544
10 1 1e-07
10 1 1e-07
10 1 1e-07
10 0.999984 1.56611e-05
10 1 1e-07
6 0.00110223 0.998898
10 1 1e-07
6 0.000682473 0.999318
10 0.991269 0.00873144
10 1 2.66668e-07
10 0.999691 0.000308927
10 1 1e-07
10 0.999997 2.53951e-06
10 0.999998 1.83417e-06
10 1 1e-07
10 1 1e-07
10 0.999997 3.05431e-06
10 0.999846 0.000153755
10 1 1e-07
6 0.0081353 0.991865
10 0.999955 4.4933e-05
6 0.00350083 0.996499
10 1 1e-07
10 1 1e-07
10 0.999848 0.00015245
6 0.00407033 0.99593
10 1 1e-07
10 1 1e-07
10 0.999997 2.79964e-06
6 0.000530085 0.99947
10 1 1e-07
6 0.000245002 0.999755
10 1 3.83178e-07
10 0.999985 1.53664e-05
10 1 1e-07
10 1 1e-07
10 1 1e-07
10 0.996452 0.00354814
10 0.998022 0.00197829
10 0.999969 3.12205e-05
10 1 1e-07
10 1 1e-07
10 1 1e-07
10 1 3.58938e-07
10 0.999977 2.32096e-05
6 0.000381455 0.999619
6 0.0036244 0.996376
10 0.995361 0.00463925
10 1 1e-07
10 1 1e-07
10 1 1e-07
6 0.00303438 0.996966
10 1 1e-07
10 1 1e-07
10 0.999976 2.42759e-05
10 0.999722 0.000278313
10 1 3.2309e-07
10 0.999591 0.000409333
10 1 1e-07
10 0.999979 2.13958e-05
10 0.999312 0.000688176
10 1 1e-07
10 1 1e-07
10 1 1e-07
10 1 3.0087e-07
6 0.0505393 0.949461
10 0.999806 0.000193766
6 0.129617 0.870383
10 1 1e-07
10 0.999474 0.000525832
10 0.999935 6.45933e-05
10 1 1e-07
10 0.999731 0.00026878
10 0.999951 4.88805e-05
10 1 3.71793e-07
10 0.999952 4.83862e-05
10 1 1e-07
10 1 1e-07
10 1 1e-07
10 1 1e-07
10 1 2.64425e-07
10 1 1e-07
10 0.999975 2.53922e-05
10 0.999992 7.85066e-06
6 0.000783831 0.999216
10 0.988347 0.011653
6 0.000916121 0.999084
10 0.999406 0.00059445
10 0.999997 3.14851e-06
10 1 1e-07
10 1 1e-07
10 1 1e-07
10 0.999997 3.41998e-06
10 0.999986 1.40002e-05
10 1 1e-07
10 0.999841 0.000159403
10 1 1e-07
10 1 1e-07
10 1 1e-07
10 0.999944 5.6333e-05
10 0.999994 6.18373e-06
10 1 1e-07
6 0.00334123 0.996659
10 0.999983 1.74668e-05
6 0.0493555 0.950644
6 0.00032375 0.999676
6 0.053653 0.946347
6 0.00133417 0.998666
10 0.999967 3.326e-05
10 1 1e-07
10 0.999856 0.000143699
10 0.99971 0.000290343
10 1 1e-07
10 0.999995 5.16063e-06
10 0.999999 1.18663e-06
10 1 1e-07
10 0.999514 0.00048633
10 0.99907 0.000929633
10 1 1e-07
10 0.999998 1.54346e-06
10 0.99985 0.000149504
10 0.999985 1.5378e-05
10 0.998969 0.00103119
10 1 1e-07
10 1 1e-07
10 1 1e-07
6 0.000513645 0.999486
10 1 1e-07
10 0.999953 4.66162e-05
10 1 2.48123e-07
10 0.999924 7.56348e-05
10 1 1e-07
10 0.993283 0.00671676
10 1 1.56441e-07
10 0.979056 0.0209444
10 1 1e-07
10 0.999998 1.7039e-06
10 1 1e-07
10 1 1e-07
10 1 1e-07
10 0.996052 0.00394796
10 1 1e-07
10 0.999986 1.38751e-05
10 0.999998 2.38946e-06
10 0.999984 1.64432e-05
10 0.999979 2.05579e-05
10 1 1e-07
10 0.999991 8.89005e-06
6 0.000655456 0.999345
10 1 2.44449e-07
10 0.99998 2.00943e-05
10 0.999997 2.65251e-06
10 1 1e-07
10 1 1e-07
10 0.999997 2.73368e-06
10 1 1.17955e-07
10 0.999999 1.17485e-06
10 0.999999 5.04209e-07
10 1 1e-07
10 1 1e-07
10 0.999958 4.24846e-05
10 1 1e-07
10 1 1e-07
10 1 1e-07
10 1 1e-07
10 1 1e-07
10 1 1e-07
6 0.00498076 0.995019
10 0.999999 1.25151e-06
10 1 2.1353e-07
10 1 1e-07
10 1 1e-07
10 0.999997 3.17377e-06
10 1 2.68614e-07
10 1 1e-07
10 0.995506 0.00449362
10 0.999988 1.19386e-05
10 1 1.18667e-07
10 0.999898 0.000101594
10 0.999998 2.45171e-06
10 1 1e-07
10 1 1e-07
10 1 1e-07
10 1 1e-07
10 1 1e-07
10 1 1e-07
10 0.999879 0.000121208
10 0.999989 1.06258e-05
10 0.999648 0.000352487
10 1 1e-07
10 1 1e-07
10 0.999997 2.73653e-06
10 0.983662 0.0163378
10 1 1e-07
10 1 1e-07
10 0.999986 1.39338e-05
10 1 1e-07
10 0.999922 7.76445e-05
10 0.9999 0.000100437
10 1 1e-07
10 1 1e-07
10 0.99996 4.04888e-05
10 0.999918 8.18093e-05
10 1 1e-07
10 1 1e-07
10 0.999998 1.86377e-06
10 1 1e-07
10 1 1e-07
10 1 1e-07
10 1 1e-07
10 0.999991 9.10941e-06
10 0.999968 3.2499e-05
10 1 1e-07
10 1 1e-07
10 1 1e-07
10 1 1e-07
10 1 1e-07
10 1 1e-07
10 1 1e-07
10 1 1e-07
10 0.999987 1.29217e-05
6 0.00157452 0.998425
10 1 1e-07
6 0.0149615 0.985039
10 1 1e-07
6 0.0102604 0.98974
10 1 1e-07
10 0.999982 1.76139e-05
10 1 1e-07
10 1 1.03237e-07
6 0.000333082 0.999667
10 0.999959 4.12623e-05
10 0.999917 8.34978e-05
10 0.999971 2.85279e-05
10 0.999985 1.50136e-05
10 0.99999 9.97262e-06
10 0.999996 4.18171e-06
10 1 1e-07
10 1 1e-07
10 1 1e-07
6 0.00122568 0.998774
10 1 1e-07
10 0.999964 3.63991e-05
6 0.000523471 0.999477
10 0.999984 1.61582e-05
10 0.999999 1.372e-06
10 0.999995 5.16434e-06
10 0.999996 4.13521e-06
6 0.00191985 0.99808
10 0.999784 0.000215711
10 0.999998 2.17274e-06
10 1 1e-07
10 0.999978 2.15577e-05
10 1 1e-07
10 0.999394 0.000605774
10 0.999995 4.56165e-06
10 0.999999 1.25786e-06
10 0.999986 1.41527e-05
10 0.999999 1.02228e-06
10 0.99145 0.00855036
6 0.000262134 0.999738
10 1 4.83402e-07
10 0.999998 2.39328e-06
10 0.999994 6.41484e-06
10 0.999964 3.60145e-05
10 0.999905 9.51873e-05
10 1 1e-07
10 0.997906 0.0020939
10 0.999975 2.50475e-05
10 0.999935 6.52333e-05
10 1 1e-07
10 0.999975 2.50071e-05
10 0.999998 2.40514e-06
10 1 1e-07
10 1 1e-07
10 0.999945 5.47128e-05
10 1 1e-07
10 1 1e-07
10 1 1e-07
10 1 1e-07
10 1 1e-07
10 1 2.29702e-07
10 0.999664 0.000335585
10 1 1e-07
10 0.999289 0.000711443
10 0.998786 0.00121422
10 0.999955 4.45108e-05
6 0.00908604 0.990914
10 0.999954 4.58127e-05
10 0.99988 0.000119975
10 1 1e-07
10 0.999999 1.42753e-06
6 0.000332142 0.999668
10 1 1.03006e-07
10 1 4.00745e-07
10 1 3.94386e-07
6 0.000929375 0.999071
10 0.906763 0.0932369
10 0.999995 5.32436e-06
10 1 1e-07
10 1 1e-07
10 0.999943 5.72084e-05
10 0.99985 0.000150062
10 1 4.25427e-07
6 4.65105e-07 1
6 0.000229461 0.999771
10 1 1e-07
10 0.99999 1.04522e-05
10 1 1e-07
10 1 2.96657e-07
10 0.999878 0.000121567
10 0.999999 9.24517e-07
10 0.999982 1.76582e-05
10 1 2.51236e-07
10 0.999999 7.23435e-07
10 0.999951 4.90763e-05
10 1 1e-07
6 0.0506322 0.949368
10 0.999492 0.000508067
10 0.999998 1.65981e-06
10 1 1e-07
10 0.999921 7.8722e-05
10 1 2.25744e-07
10 1 1e-07
10 0.999999 8.59392e-07
10 1 1e-07
10 1 1.73224e-07
10 0.999696 0.000303933
10 0.999999 8.86126e-07
6 0.0034441 0.996556
6 0.448555 0.551445
10 0.999997 2.83875e-06
10 0.999999 1.1493e-06
10 0.999849 0.000151245
10 1 1e-07
10 1 1e-07
10 1 1e-07
6 0.00126416 0.998736
10 1 1e-07
10 0.999999 1.25758e-06
10 0.999999 1.02776e-06
10 0.970756 0.0292442
10 0.999945 5.49069e-05
10 0.999957 4.34374e-05
10 1 1e-07
10 0.999696 0.000303864
10 1 1e-07
6 0.00471232 0.995288
10 1 1e-07
10 0.999996 4.13579e-06
10 0.999581 0.00041877
10 1 1e-07
10 1 1e-07
10 0.999872 0.000127503
10 0.999696 0.000304154
10 1 1e-07
10 1 1e-07
10 1 1e-07
10 0.995311 0.00468854
10 0.999845 0.000154627
6 0.0111891 0.988811
10 0.999986 1.36836e-05
10 1 1e-07
10 0.98052 0.0194803
10 0.999999 1.49004e-06
10 1 1.12747e-07
10 1 1e-07
10 1 1e-07
10 0.99975 0.000250407
10 1 1e-07
10 1 1e-07
10 0.99999 9.81187e-06
10 1 1e-07
10 0.999999 7.0015e-07
10 1 1e-07
10 0.996469 0.00353067
10 0.999994 6.01418e-06
10 1 1e-07
6 0.00885019 0.99115
6 8.68381e-05 0.999913
10 0.999982 1.75421e-05
10 0.999492 0.000507916
10 1 1e-07
10 1 1e-07
10 1 1.87461e-07
10 0.999998 1.76466e-06
10 0.999883 0.000117151
10 1 3.89317e-07
10 0.999997 2.61867e-06
10 1 1e-07
10 0.998938 0.00106153
10 1 1e-07
10 1 1e-07
10 0.999882 0.000118485
10 1 1e-07
10 0.999942 5.83658e-05
10 1 1e-07
10 0.999961 3.92171e-05
10 1 1e-07
10 0.999826 0.000174011
10 1 1e-07
10 1 1e-07
10 0.999992 8.22916e-06
10 1 1e-07
10 0.99993 7.04058e-05
10 1 1e-07
10 0.999999 9.98293e-07
10 0.994995 0.00500521
10 1 1e-07
10 1 1e-07
10 1 1e-07
10 1 1e-07
10 0.999957 4.30295e-05
6 0.00760794 0.992392
10 1 1e-07
10 1 1e-07
10 1 1e-07
10 0.999947 5.30434e-05
10 1 1e-07
10 1 1e-07
10 1 1e-07
10 0.999985 1.48963e-05
6 6.76452e-05 0.999932
10 1 1e-07
10 1 1e-07
10 0.999959 4.1265e-05
10 1 1e-07
10 1 1e-07
10 1 1e-07
10 0.999996 4.23631e-06
10 0.999997 2.67132e-06
10 0.999936 6.40088e-05
10 1 1e-07
10 1 1e-07
10 1 3.52586e-07
10 1 1e-07
10 1 1e-07
10 0.999866 0.000134272
10 0.999996 4.05075e-06
10 1 1e-07
10 0.999998 1.5375e-06
10 1 1e-07
10 0.999933 6.65311e-05
10 1 1e-07
10 0.999988 1.22668e-05
10 1 1e-07
10 1 1e-07
10 1 1e-07
6 0.00073315 0.999267
10 1 1e-07
10 1 1e-07
10 0.995278 0.0047218
10 0.999676 0.000324071
10 1 1e-07
10 1 1e-07
10 0.999957 4.28788e-05
6 2.37973e-05 0.999976
10 1 1e-07
10 1 1e-07
10 1 1e-07
10 1 1e-07
10 0.999954 4.59205e-05
10 1 1e-07
10 1 1.22135e-07
10 1 1e-07
10 1 1e-07
10 1 1e-07
6 0.0170537 0.982946
10 0.999984 1.55449e-05
10 0.999987 1.27586e-05
10 0.998855 0.00114504
10 1 1e-07
10 1 1e-07
10 0.518164 0.481836
10 0.999034 0.000965755
10 0.999994 5.70109e-06
10 0.999857 0.000143482
10 0.943646 0.0563543
10 1 1e-07
10 1 2.1642e-07
6 9.49306e-06 0.999991
10 0.999995 4.75801e-06
10 0.999289 0.000710593
10 1 1e-07
10 0.999993 6.72394e-06
10 0.999989 1.09837e-05
10 1 1e-07
10 0.999854 0.000146352
10 1 1e-07
10 1 1e-07
10 0.999906 9.37246e-05
10 0.999963 3.6779e-05
10 1 1e-07
10 0.999999 1.44196e-06
10 1 1.59147e-07
10 1 1e-07
10 1 1e-07
6 0.00108748 0.998913
10 1 1e-07
10 0.999965 3.46905e-05
10 0.999981 1.94537e-05
10 0.999998 2.374e-06
10 1 1e-07
10 0.999996 4.29786e-06
10 0.999896 0.000103528
6 0.0035183 0.996482
6 5.58963e-05 0.999944
10 1 1e-07
10 1 1e-07
10 1 1e-07
10 1 1e-07
10 0.999996 3.8786e-06
10 0.999946 5.40908e-05
10 1 1e-07
10 0.999666 0.000334243
6 0.000527263 0.999473
10 0.999912 8.80871e-05
10 1 1e-07
10 0.999994 5.53059e-06
10 1 1e-07
10 0.999995 4.77451e-06
10 1 1e-07
10 1 3.42943e-07
10 0.999849 0.000150977
10 0.988639 0.0113606
6 0.000350438 0.99965
10 1 1e-07
10 0.999999 1.09041e-06
10 1 1e-07
10 1 1e-07
10 1 1e-07
10 1 1e-07
10 1 1e-07
10 0.999481 0.000519462
10 1 2.04513e-07
10 0.999994 5.68785e-06
10 1 1.45186e-07
10 1 3.84696e-07
6 0.00936703 0.990633
10 1 1e-07
10 1 1e-07
10 1 2.26196e-07
10 1 1e-07
10 1 1.20983e-07
10 1 1e-07
10 0.999732 0.000268247
10 0.999994 6.22054e-06
10 1 1e-07
10 1 1e-07
10 1 3.7883e-07
10 1 1e-07
10 1 1e-07
10 0.999598 0.000401896
10 1 4.07605e-07
10 1 1e-07
10 0.999996 4.08052e-06
10 1 2.92241e-07
6 0.000197655 0.999802
10 0.999986 1.35626e-05
10 1 1e-07
10 1 1e-07
10 0.998619 0.00138058
6 0.000852276 0.999148
10 1 1.66246e-07
10 0.999998 1.69249e-06
6 0.0166054 0.983395
6 0.000471659 0.999528
10 1 1e-07
10 0.999999 1.14012e-06
10 0.999995 5.32484e-06
10 1 1e-07
10 1 1e-07
10 0.999942 5.77867e-05
10 1 1e-07
10 0.999651 0.000349331
10 0.999998 2.44669e-06
6 0.21519 0.78481
10 0.99993 6.99862e-05
10 1 1e-07
10 0.999999 8.69675e-07
10 1 1e-07
6 0.000116083 0.999884
10 0.999978 2.24533e-05
10 1 1e-07
10 0.999947 5.32796e-05
10 0.999993 7.42218e-06
10 0.999999 9.42943e-07
10 1 1e-07
10 1 1e-07
10 1 1e-07
10 1 1e-07
10 1 1e-07
10 0.999818 0.000182246
10 0.999812 0.00018762
10 1 1e-07
10 0.999971 2.85951e-05
10 1 1e-07
6 0.00511083 0.994889
10 0.993406 0.00659388
10 1 1e-07
10 1 1e-07
10 0.994781 0.00521917
10 1 1e-07
10 0.999993 6.51686e-06
10 0.999972 2.76078e-05
10 1 1.39307e-07
10 1 1e-07
10 1 1e-07
10 1 1e-07
6 0.000582637 0.999417
10 1 1e-07
10 0.999974 2.58939e-05
10 0.999992 8.41881e-06
10 1 1e-07
10 0.999949 5.10586e-05
10 1 1e-07
10 0.999892 0.000108456
10 0.999994 5.97805e-06
10 0.999957 4.34308e-05
6 0.00147458 0.998525
10 0.999893 0.00010687
10 0.999985 1.53034e-05
10 1 1e-07
10 0.999987 1.25227e-05
10 1 4.00878e-07
10 1 1e-07
10 1 1e-07
10 1 2.24912e-07
10 1 1e-07
10 0.999986 1.35046e-05
10 0.966564 0.0334358
10 0.999979 2.06992e-05
10 1 1e-07
10 1 1e-07
10 1 1e-07
10 0.999517 0.000482977
10 0.99968 0.000319563
10 1 1e-07
10 0.978534 0.021466
10 0.999993 6.88307e-06
6 0.00106811 0.998932
6 0.00243944 0.997561
10 1 1e-07
10 0.999999 1.30654e-06
10 0.999999 8.34834e-07
10 1 1e-07
10 1 1e-07
10 1 1e-07
10 1 1e-07
10 1 1.38693e-07
10 0.999923 7.67976e-05
6 0.000565077 0.999435
10 0.999996 3.90683e-06
10 1 4.99677e-07
10 1 2.882e-07
10 1 1e-07
10 0.999999 1.30186e-06
10 0.997668 0.00233204
10 1 1e-07
10 1 3.16417e-07
10 1 1e-07
10 1 4.19917e-07
10 0.99997 3.03757e-05
10 1 1e-07
10 1 1e-07
10 0.999959 4.14807e-05
10 1 1e-07
10 1 1.54506e-07
10 0.999999 5.20678e-07
10 1 1e-07
10 0.999971 2.86101e-05
10 0.999996 3.68545e-06
10 0.999995 5.39717e-06
10 0.999999 7.336e-07
10 1 1e-07
10 1 1e-07
10 0.999993 6.60987e-06
10 0.999973 2.72332e-05
10 0.999735 0.000264699
10 0.995638 0.00436205
10 0.941352 0.0586479
10 0.999999 1.03265e-06
10 1 3.07665e-07
10 0.999989 1.11772e-05
10 1 1e-07
10 0.999991 9.1892e-06
10 1 1e-07
10 1 1e-07
10 0.999994 6.36935e-06
10 1 1e-07
10 1 1e-07
6 0.0117572 0.988243
10 0.999999 1.04197e-06
10 1 1.52102e-07
10 0.999999 8.52569e-07
10 0.999976 2.37462e-05
10 0.999997 2.89196e-06
10 1 1e-07
10 0.999795 0.000204601
10 0.999961 3.93595e-05
6 0.00168981 0.99831
10 1 1e-07
10 0.999993 7.06021e-06
10 0.997818 0.00218179
10 0.999999 7.21222e-07
10 0.995276 0.00472434
10 1 1e-07
10 1 1e-07
10 0.999996 4.32094e-06
10 1 1e-07
10 1 1e-07
10 0.999978 2.16597e-05
10 0.999999 7.08394e-07
10 0.999993 6.66883e-06
10 0.999675 0.00032513
10 0.999967 3.34028e-05
10 0.99996 4.01182e-05
10 0.998675 0.00132511
10 0.999997 3.26372e-06
6 0.0104226 0.989577
10 0.999999 7.14352e-07
10 0.999997 3.15819e-06
10 1 1e-07
10 1 1e-07
10 1 1e-07
10 1 1e-07
10 1 1e-07
10 1 1e-07
10 0.999707 0.000293404
10 0.999997 2.84313e-06
10 0.999608 0.000392373
10 1 1e-07
10 0.999913 8.74866e-05
10 0.999992 7.52077e-06
6 0.000736344 0.999264
10 1 1e-07
6 0.0019241 0.998076
10 1 1e-07
10 0.99995 5.0127e-05
10 1 1e-07
10 0.999963 3.6782e-05
10 0.999998 2.18944e-06
10 0.999882 0.000117855
10 0.999997 3.2895e-06
10 1 1e-07
10 1 1e-07
10 1 1e-07
10 0.999695 0.000305161
6 0.000523434 0.999477
10 1 1e-07
10 1 2.69671e-07
10 0.999999 6.09658e-07
10 0.99994 6.02597e-05
10 0.999992 8.13218e-06
10 1 1e-07
10 1 4.30385e-07
6 1.62643e-05 0.999984
10 0.935028 0.0649723
10 0.999922 7.76147e-05
6 0.00140543 0.998595
10 0.999797 0.000202522
10 1 1e-07
10 1 1e-07
10 1 1e-07
10 0.999768 0.000231933
10 0.805058 0.194942
10 0.999888 0.000112221
10 0.999999 1.01617e-06
10 0.999994 6.17537e-06
10 1 1e-07
10 0.999873 0.000126654
10 1 1e-07
10 1 1e-07
10 1 1e-07
10 0.999965 3.54633e-05
10 0.99997 2.9657e-05
10 1 1e-07
10 1 1e-07
10 0.999979 2.08949e-05
10 1 3.17772e-07
10 1 1e-07
10 0.999977 2.25839e-05
10 0.999998 1.69678e-06
10 1 1e-07
10 0.999994 6.37624e-06
10 1 3.51123e-07
10 0.99939 0.000609969
10 0.999997 2.73419e-06
10 0.999998 2.27231e-06
10 1 1e-07
10 1 1e-07
10 0.999955 4.51264e-05
10 1 1e-07
10 1 1e-07
10 0.999991 9.04543e-06
10 0.999995 5.15608e-06
10 0.999999 1.06598e-06
10 0.999956 4.40138e-05
10 1 1.58255e-07
10 0.998828 0.00117178
10 1 1e-07
10 0.999999 8.61232e-07
10 0.999673 0.000326977
10 0.999299 0.000700808
10 0.999997 2.94505e-06
10 0.999996 4.3087e-06
10 1 1e-07
10 0.999997 2.82572e-06
10 0.999994 5.54635e-06
10 0.999998 1.73879e-06
10 0.999989 1.07229e-05
10 1 1e-07
10 0.999373 0.000626911
10 0.999974 2.627e-05
10 0.999999 1.24794e-06
10 0.999921 7.85638e-05
10 0.999944 5.64501e-05
6 0.000393176 0.999607
10 0.999921 7.90369e-05
10 1 1e-07
6 0.10708 0.89292
10 1 1e-07
10 0.999984 1.60748e-05
10 1 1e-07
10 1 1e-07
10 0.999999 5.90224e-07
10 0.999996 3.8349e-06
10 1 1.02198e-07
10 1 1e-07
10 0.995405 0.00459524
10 0.999927 7.31531e-05
6 0.270761 0.729239
10 1 1e-07
10 1 1e-07
10 1 1e-07
10 0.999968 3.22874e-05
10 0.999932 6.75824e-05
10 1 2.54129e-07
10 1 1e-07
10 0.999987 1.31835e-05
10 1 1e-07
6 0.00167155 0.998328
10 1 1e-07
6 0.000293701 0.999706
10 0.999388 0.000611701
10 1 1e-07
10 1 4.16613e-07
10 1 1e-07
10 1 1e-07
10 0.995297 0.00470316
10 1 1e-07
6 0.129038 0.870962
10 1 1e-07
10 1 1e-07
10 1 1e-07
10 0.999975 2.54416e-05
10 0.999971 2.90746e-05
6 6.23866e-07 0.999999
10 1 1e-07
10 1 1e-07
10 0.999991 9.37847e-06
10 0.999834 0.000165594
10 1 1e-07
10 1 1e-07
10 0.999996 4.03944e-06
10 1 1.23882e-07
10 1 3.87741e-07
10 1 1e-07
10 1 1e-07
10 1 1e-07
6 0.0275075 0.972493
10 0.999992 7.51216e-06
10 1 1e-07
10 0.999537 0.00046347
10 1 1e-07
10 0.999999 1.35257e-06
10 1 1e-07
10 1 1e-07
10 0.999999 1.19363e-06
10 0.997256 0.00274392
10 0.999999 1.31788e-06
10 0.999241 0.000758636
10 1 1e-07
10 1 1e-07
10 0.999955 4.46383e-05
6 0.00763354 0.992366
10 0.999998 1.74543e-06
10 1 1e-07
10 1 1e-07
10 1 1e-07
10 0.999569 0.000430904
10 1 1e-07
10 1 1e-07
10 1 1e-07
10 1 1e-07
10 1 1e-07
10 1 1e-07
10 0.999694 0.000305859
10 0.999999 5.36529e-07
10 0.999997 3.31705e-06
10 0.999989 1.14606e-05
10 0.999961 3.91544e-05
10 0.99997 3.04482e-05
10 0.99987 0.000130415
10 1 1e-07
10 0.999956 4.44248e-05
10 0.999784 0.000215974
10 0.999917 8.32883e-05
10 1 1e-07
10 0.999994 6.22917e-06
10 1 1e-07
10 0.999998 2.08881e-06
10 0.999985 1.49388e-05
6 0.0169328 0.983067
10 1 1e-07
10 1 1e-07
10 0.999995 5.0869e-06
10 0.999922 7.84094e-05
10 0.999979 2.06963e-05
10 0.999984 1.59123e-05
10 1 1e-07
10 0.999998 2.00624e-06
10 0.999699 0.000300982
10 0.999789 0.000211161
10 0.999996 3.53227e-06
10 1 1e-07
10 1 1e-07
10 0.985753 0.0142468
10 0.999598 0.000402373
10 1 4.29186e-07
6 0.000309171 0.999691
10 0.999899 0.000101048
6 2.69853e-05 0.999973
10 1 1e-07
10 1 1e-07
10 0.999789 0.000210937
10 0.998704 0.00129562
6 0.0463996 0.9536
10 1 1e-07
10 1 1e-07
10 1 1e-07
10 1 1e-07
10 0.982444 0.0175558
6 0.0245924 0.975408
10 1 1e-07
10 1 1e-07
10 1 2.38249e-07
10 0.999739 0.000260872
10 1 1e-07
10 1 1e-07
10 0.999958 4.23088e-05
10 0.999901 9.8555e-05
10 1 1e-07
6 0.00466482 0.995335
10 1 1e-07
10 0.999983 1.65752e-05
10 0.999998 1.80097e-06
10 1 1e-07
10 0.99998 2.0449e-05
10 1 1e-07
10 1 1e-07
10 0.999759 0.00024067
10 0.999997 2.5532e-06
10 0.999997 2.83784e-06
10 1 1e-07
10 1 1e-07
10 0.999999 1.07982e-06
10 1 1e-07
6 0.000282349 0.999718
10 1 1e-07
10 1 1e-07
10 1 1e-07
10 1 2.63309e-07
10 1 1e-07
10 1 1e-07
10 0.999654 0.000346365
10 1 3.18449e-07
10 0.999979 2.14206e-05
10 0.997912 0.00208812
