labels 6 0
0 0.0146642 0.985336
0 0.165947 0.834053
0 0.000760243 0.99924
6 0.54579 0.45421
6 0.985004 0.0149957
6 0.965381 0.0346189
0 0.000183662 0.999816
0 0.0657747 0.934225
6 0.999985 1.5154e-05
0 0.413046 0.586954
6 0.971116 0.028884
0 1e-07 1
6 0.888254 0.111746
0 0.000122234 0.999878
6 0.999803 0.00019711
6 0.912914 0.0870863
6 0.999658 0.00034152
0 0.0325191 0.967481
0 1e-07 1
0 0.011562 0.988438
6 0.999279 0.000720568
0 0.00102296 0.998977
6 0.940667 0.0593333
6 0.996025 0.00397469
6 0.997985 0.00201546
0 9.68528e-07 0.999999
6 0.988777 0.0112234
0 1.65179e-06 0.999998
6 0.590153 0.409847
6 0.962985 0.0370153
6 0.996861 0.00313922
6 0.999976 2.42419e-05
6 0.937471 0.0625286
0 1e-07 1
6 0.996122 0.00387802
0 0.0122038 0.987796
6 0.958606 0.0413942
0 4.86861e-06 0.999995
6 0.999993 7.33254e-06
6 0.967976 0.0320241
0 0.00282949 0.997171
6 0.878378 0.121622
6 0.878309 0.121691
6 0.99964 0.000359917
0 3.23657e-07 1
0 0.0140054 0.985995
6 0.959428 0.0405721
0 0.0708448 0.929155
6 0.977361 0.0226387
6 0.920595 0.0794053
0 0.00220024 0.9978
6 0.999311 0.000688739
6 0.999975 2.50388e-05
6 0.630903 0.369097
6 0.963234 0.0367659
6 0.958832 0.0411682
6 0.965968 0.0340324
6 0.998336 0.00166386
0 2.1674e-06 0.999998
0 0.0271866 0.972813
0 0.000196579 0.999803
0 0.0999652 0.900035
6 0.999071 0.000928743
6 0.942703 0.0572965
0 0.000662989 0.999337
6 0.990812 0.00918794
6 0.97261 0.0273902
0 1.90611e-07 1
6 0.952523 0.0474769
6 0.947404 0.0525964
0 0.205172 0.794828
6 0.998535 0.00146456
6 0.963061 0.0369391
6 0.951247 0.0487535
6 0.993369 0.00663068
6 0.953176 0.0468244
6 0.680438 0.319562
6 0.784407 0.215593
0 2.26707e-06 0.999998
0 0.223082 0.776918
0 1e-07 1
0 1e-07 1
0 0.331816 0.668184
6 0.961229 0.0387711
6 0.999534 0.000466338
6 0.957618 0.0423816
6 0.955048 0.0449521
0 1e-07 1
0 0.242663 0.757337
0 1e-07 1
0 0.0041169 0.995883
6 0.961126 0.0388739
6 0.998948 0.00105177
6 0.982744 0.0172562
6 0.957715 0.0422852
6 0.99905 0.000949701
0 1e-07 1
6 0.843154 0.156846
6 0.944747 0.0552532
6 0.999604 0.000396225
6 0.999486 0.000513605
6 0.974602 0.0253979
0 2.35117e-06 0.999998
6 0.956519 0.043481
6 0.952043 0.0479571
6 0.997153 0.00284681
6 0.99984 0.000159955
6 0.96794 0.0320604
6 0.998604 0.00139642
6 0.953765 0.0462353
6 0.959557 0.040443
6 0.999352 0.000648484
6 0.889823 0.110177
6 0.960587 0.0394134
6 0.968452 0.0315484
6 0.969059 0.0309409
6 0.788177 0.211823
6 0.999701 0.00029861
6 0.529298 0.470702
6 0.955815 0.0441849
6 0.995933 0.00406658
6 0.999798 0.000202378
6 0.994925 0.00507473
6 0.999961 3.86954e-05
0 6.04312e-07 0.999999
6 0.959812 0.0401876
6 0.962308 0.0376921
0 4.68203e-06 0.999995
0 1e-07 1
6 0.965496 0.034504
6 0.997203 0.00279727
6 0.999797 0.000202574
0 0.000395858 0.999604
6 0.957776 0.0422243
0 0.394346 0.605654
0 0.0259999 0.974
0 0.0569819 0.943018
0 4.4114e-05 0.999956
6 0.999986 1.37925e-05
6 0.879446 0.120554
0 1e-07 1
6 0.994824 0.00517609
6 0.957297 0.0427027
0 5.66833e-05 0.999943
0 0.180307 0.819693
6 0.95536 0.0446396
6 0.867617 0.132383
0 0.233634 0.766366
0 0.000347388 0.999653
6 0.562856 0.437144
0 0.000265216 0.999735
6 0.911539 0.0884609
6 0.95502 0.0449804
6 0.999818 0.000182391
6 0.958555 0.0414452
6 0.967115 0.0328854
6 0.958689 0.0413112
0 0.00326974 0.99673
6 0.926514 0.0734859
0 0.14734 0.85266
6 0.999886 0.000114027
6 0.999821 0.000178894
6 0.996686 0.00331411
0 1e-07 1
6 0.94784 0.0521603
0 0.335232 0.664768
0 0.00479353 0.995206
6 0.977944 0.0220562
0 1e-07 1
6 0.999995 4.54827e-06
6 0.999721 0.000279282
6 0.959403 0.0405966
6 0.999994 5.54108e-06
6 0.999904 9.64031e-05
0 0.011557 0.988443
6 0.914933 0.085067
6 0.99981 0.000190147
0 0.0187714 0.981229
6 0.928371 0.0716294
0 1e-07 1
6 0.894281 0.105719
6 0.962843 0.0371572
6 0.998394 0.00160623
0 1.90153e-06 0.999998
6 0.871262 0.128738
0 0.286043 0.713957
6 0.992633 0.00736686
0 1e-07 1
6 0.998939 0.00106072
0 0.134349 0.865651
6 0.959705 0.0402949
6 0.997708 0.00229201
6 0.964299 0.0357012
0 0.374007 0.625993
6 0.958235 0.041765
6 0.972945 0.027055
0 1.26692e-05 0.999987
6 0.998232 0.00176774
0 3.36517e-06 0.999997
6 0.99575 0.00424986
6 0.997722 0.0022783
6 0.971375 0.0286245
6 0.953864 0.0461363
6 0.99964 0.000360448
6 0.957092 0.0429082
6 0.921736 0.0782635
6 0.92727 0.07273
0 0.257032 0.742968
0 1e-07 1
6 0.979662 0.0203382
6 0.960381 0.0396188
6 0.577988 0.422012
6 0.999329 0.000671313
6 0.998861 0.00113903
6 0.961917 0.0380835
6 0.961397 0.038603
0 0.0118811 0.988119
6 0.857384 0.142616
6 0.980471 0.0195287
0 0.334833 0.665167
0 4.52492e-06 0.999995
6 0.999475 0.000525413
0 0.120616 0.879384
6 0.968444 0.0315556
6 0.9523 0.0476997
6 0.714447 0.285553
0 1.84831e-06 0.999998
6 0.959987 0.0400133
6 0.958046 0.0419544
6 0.974095 0.0259047
6 0.998822 0.00117753
6 0.623412 0.376588
0 2.14041e-05 0.999979
6 0.982795 0.0172054
6 0.960503 0.0394965
6 0.843305 0.156695
6 0.99398 0.00601956
6 0.999948 5.19091e-05
6 0.999017 0.000983426
6 0.999885 0.0001152
6 0.963326 0.0366744
0 1e-07 1
6 0.781369 0.218631
0 0.192805 0.807195
6 0.99977 0.000230058
6 0.994536 0.00546365
6 0.982181 0.0178186
0 0.102883 0.897117
6 0.999884 0.000115994
6 0.96068 0.0393199
6 0.962235 0.0377649
6 0.997281 0.0027188
0 0.0204078 0.979592
6 0.955984 0.0440162
6 0.823062 0.176938
0 1.22568e-05 0.999988
6 0.972275 0.0277253
6 0.999858 0.000142351
6 0.998288 0.00171156
6 0.962679 0.0373209
0 0.0732829 0.926717
0 0.377423 0.622577
0 0.0492458 0.950754
6 0.996724 0.00327563
0 0.0757506 0.924249
0 1e-07 1
6 0.996463 0.00353674
6 0.984513 0.015487
6 0.960229 0.0397709
0 1e-07 1
6 0.951363 0.0486366
0 0.0601247 0.939875
6 0.962702 0.0372976
6 0.993359 0.00664052
6 0.971816 0.0281841
6 0.948334 0.0516664
0 0.0104712 0.989529
6 0.958221 0.0417794
6 0.955546 0.0444542
6 0.994726 0.00527404
6 0.951584 0.0484159
6 0.979071 0.0209289
6 0.958445 0.0415554
6 0.955978 0.0440219
0 1e-07 1
0 0.000284504 0.999715
6 0.98087 0.0191298
0 1.42239e-05 0.999986
6 0.999011 0.00098852
6 0.953841 0.0461592
6 0.99964 0.000360027
6 0.98487 0.0151302
0 1e-07 1
6 0.955323 0.0446768
6 0.999991 8.70187e-06
0 9.84448e-05 0.999902
0 0.000548156 0.999452
6 0.999974 2.62944e-05
6 0.958368 0.041632
6 0.999179 0.000820937
6 0.999983 1.74719e-05
6 0.984701 0.0152992
6 0.989001 0.0109993
0 1e-07 1
0 0.00716069 0.992839
6 0.942592 0.057408
6 0.981243 0.0187572
6 0.999727 0.000272724
6 0.99914 0.0008599
0 0.000807141 0.999193
6 0.99989 0.000109729
6 0.999734 0.000266428
6 0.999616 0.00038378
0 0.100681 0.899319
6 0.925849 0.0741508
0 0.379959 0.620041
0 1.43806e-07 1
6 0.982485 0.0175155
0 0.00140233 0.998598
6 0.948591 0.0514092
6 0.99215 0.00784999
0 1e-07 1
6 0.97464 0.0253596
6 0.999919 8.11519e-05
6 0.954918 0.0450816
6 0.958566 0.0414335
6 0.97583 0.02417
6 0.921315 0.0786853
0 0.0274939 0.972506
6 0.999971 2.93064e-05
6 0.99963 0.000369584
0 0.0340554 0.965945
6 0.9484 0.0515996
6 0.959881 0.0401192
0 0.0168437 0.983156
6 0.994892 0.00510751
6 0.999973 2.71732e-05
6 0.995938 0.00406249
6 0.960226 0.0397736
6 0.982121 0.0178785
6 0.922023 0.0779773
0 0.251162 0.748838
0 2.06202e-05 0.999979
0 0.00557351 0.994426
6 0.953845 0.0461553
6 0.585302 0.414698
6 0.98246 0.0175398
0 0.000672947 0.999327
6 0.998695 0.00130521
0 0.103737 0.896263
0 0.120171 0.879829
6 0.957603 0.0423966
6 0.954081 0.0459195
6 0.999936 6.44876e-05
6 0.960756 0.0392436
6 0.990182 0.00981772
6 0.998775 0.00122538
0 0.0878791 0.912121
0 0.351178 0.648822
6 0.822244 0.177756
6 0.999968 3.2183e-05
6 0.953678 0.0463225
6 0.951862 0.0481384
6 0.955904 0.0440963
6 0.999287 0.000713089
6 0.959484 0.0405161
6 0.968618 0.0313819
6 0.9437 0.0562999
6 0.997453 0.00254671
0 1e-07 1
0 0.21208 0.78792
0 5.51735e-06 0.999994
0 0.00743429 0.992566
6 0.999567 0.000432577
6 0.947221 0.0527786
6 0.572733 0.427267
0 2.30198e-07 1
0 0.0228199 0.97718
0 0.00463409 0.995366
6 0.58619 0.41381
6 0.95989 0.0401103
0 0.0645854 0.935415
6 0.905256 0.0947437
6 0.983969 0.0160306
6 0.957548 0.0424524
6 0.999932 6.8128e-05
6 0.99094 0.00905999
0 6.19e-05 0.999938
0 0.0448305 0.955169
0 0.0623727 0.937627
0 1.30411e-05 0.999987
6 0.962095 0.0379054
0 0.000644822 0.999355
0 0.48308 0.51692
0 0.0689206 0.931079
6 0.962655 0.0373447
6 0.999595 0.000404742
6 0.998551 0.00144914
6 0.998837 0.0011625
6 0.960606 0.0393943
6 0.995367 0.00463329
0 1.61951e-05 0.999984
0 0.0386018 0.961398
6 0.999999 5.47669e-07
6 0.999715 0.000285232
6 0.998221 0.00177892
0 0.313123 0.686877
6 0.96891 0.0310901
6 0.962772 0.037228
6 0.999396 0.000603917
6 0.934421 0.0655788
6 0.999995 5.19426e-06
6 0.959483 0.0405173
6 0.976161 0.0238386
6 0.999996 3.84269e-06
0 6.47045e-05 0.999935
0 6.63475e-06 0.999993
6 0.959845 0.0401551
0 0.357128 0.642872
6 0.999647 0.000352943
6 0.99895 0.00104978
0 0.168303 0.831697
0 0.0230157 0.976984
6 0.997121 0.00287915
6 0.740144 0.259856
6 0.786985 0.213015
0 4.02664e-05 0.99996
6 0.998008 0.00199164
6 0.999666 0.000334094
0 1e-07 1
6 0.983407 0.0165926
6 0.999922 7.83034e-05
6 0.981499 0.0185013
0 0.11494 0.88506
0 6.91139e-05 0.999931
6 0.934846 0.0651544
6 0.959306 0.0406936
0 0.191653 0.808347
6 0.857884 0.142116
0 3.72135e-05 0.999963
6 0.996427 0.00357261
6 1 1e-07
6 0.958838 0.0411616
6 0.991377 0.00862325
6 0.959482 0.0405181
6 0.965478 0.0345216
6 0.956324 0.0436761
0 0.409202 0.590798
0 0.244827 0.755173
6 0.995688 0.00431162
6 0.999625 0.000375138
0 0.000284166 0.999716
6 0.999672 0.000328252
0 0.355391 0.644609
6 0.963854 0.0361463
6 0.813908 0.186092
0 1e-07 1
6 0.998543 0.00145728
0 0.368026 0.631974
6 0.943194 0.056806
0 1e-07 1
6 0.758615 0.241385
6 0.999702 0.000298346
6 0.973552 0.0264483
6 0.938512 0.0614882
6 0.999313 0.000686792
0 0.0321415 0.967858
0 2.15873e-06 0.999998
6 0.997046 0.00295426
0 0.297523 0.702477
6 0.957606 0.0423939
6 0.992283 0.00771653
6 0.996636 0.00336435
6 0.998009 0.00199144
6 0.999736 0.000263761
0 0.00951669 0.990483
0 0.000228287 0.999772
6 0.971025 0.0289748
6 0.953324 0.0466759
6 0.999994 6.42608e-06
6 0.999402 0.000598052
6 0.96449 0.03551
6 0.970228 0.0297718
6 0.941945 0.0580554
6 0.999411 0.000588549
6 0.992261 0.00773933
0 0.000180389 0.99982
6 0.941333 0.058667
6 0.999959 4.10489e-05
6 0.999979 2.1137e-05
0 0.00535083 0.994649
6 0.997875 0.00212536
6 0.94613 0.0538703
6 0.99978 0.00022041
6 0.99159 0.00840968
6 0.958923 0.0410767
6 0.991493 0.00850708
0 0.0950233 0.904977
6 0.998799 0.00120131
6 0.995727 0.00427339
6 0.999915 8.49969e-05
6 0.999998 2.16294e-06
6 0.995559 0.00444066
6 0.968313 0.0316866
0 0.0442712 0.955729
6 0.995453 0.00454718
6 0.956984 0.043016
6 0.841016 0.158984
6 0.910513 0.0894869
0 2.93643e-06 0.999997
6 0.983705 0.0162947
0 0.168889 0.831111
6 0.999988 1.22527e-05
6 0.999934 6.64274e-05
6 0.932332 0.0676678
6 0.955914 0.0440856
6 0.947918 0.0520824
0 1.01765e-07 1
6 0.939524 0.0604758
6 0.963246 0.0367535
0 0.000221358 0.999779
0 1e-07 1
6 0.997496 0.0025039
6 0.885086 0.114914
6 0.976021 0.0239792
6 0.999412 0.000587548
0 1e-07 1
6 0.99544 0.00456007
0 0.0526392 0.947361
6 0.994942 0.00505799
6 0.973524 0.0264765
6 0.953834 0.0461657
6 0.957789 0.0422106
6 0.999986 1.38445e-05
0 0.0559553 0.944045
6 0.956726 0.0432738
6 0.921556 0.0784436
0 1e-07 1
0 2.73253e-06 0.999997
6 0.981075 0.018925
6 0.986572 0.0134281
6 0.993692 0.00630753
6 0.977449 0.0225507
0 0.101125 0.898875
6 0.925618 0.0743821
6 0.997559 0.00244127
6 0.955203 0.0447968
6 0.999096 0.000904193
0 1e-07 1
6 0.999937 6.32877e-05
6 0.997068 0.00293238
0 1e-07 1
6 0.953673 0.0463269
6 0.993713 0.00628692
6 0.99955 0.000449622
0 0.21361 0.78639
6 0.96124 0.0387599
6 0.975797 0.0242034
0 3.28248e-07 1
0 0.0241462 0.975854
0 0.02309 0.97691
6 0.998844 0.00115615
0 5.99605e-07 0.999999
6 0.890225 0.109775
6 0.999082 0.000918042
0 0.294943 0.705057
0 0.152594 0.847406
6 0.999715 0.000284855
6 0.701705 0.298295
6 0.997812 0.00218775
6 0.999977 2.32409e-05
0 0.0123316 0.987668
6 0.907902 0.0920982
6 0.959268 0.0407316
6 0.959985 0.0400147
6 0.999954 4.57915e-05
6 0.999626 0.000374013
6 0.970748 0.0292519
0 0.00656121 0.993439
6 0.999932 6.83007e-05
6 0.955007 0.0449928
0 0.070375 0.929625
0 0.0240981 0.975902
6 0.968219 0.0317815
0 6.45712e-07 0.999999
6 0.935218 0.0647818
0 2.8594e-05 0.999971
0 0.0312299 0.96877
6 0.964826 0.0351745
6 0.954077 0.0459226
6 0.999986 1.36314e-05
6 0.721349 0.278651
6 0.996253 0.00374671
0 0.0333412 0.966659
6 0.999997 2.63925e-06
0 1e-07 1
0 0.00752529 0.992475
6 0.918066 0.0819341
0 0.00121727 0.998783
6 0.836244 0.163756
0 0.00619812 0.993802
6 0.978775 0.0212245
0 0.197055 0.802945
6 0.996515 0.00348495
6 0.918114 0.0818855
6 0.999901 9.8697e-05
6 0.999975 2.50964e-05
6 0.693969 0.306031
0 0.0427746 0.957225
6 0.995766 0.00423449
6 0.999476 0.000523519
6 0.985056 0.014944
6 0.950148 0.0498517
0 0.431041 0.568959
0 3.09819e-05 0.999969
6 0.980085 0.0199151
6 0.930151 0.0698486
0 0.417641 0.582359
0 1e-07 1
0 0.193701 0.806299
0 0.0172312 0.982769
0 0.000108505 0.999891
0 5.45887e-05 0.999945
0 1e-07 1
6 0.966141 0.0338586
6 0.997295 0.00270517
0 0.0308321 0.969168
6 0.916775 0.0832253
6 0.964341 0.0356588
6 0.986035 0.0139649
0 0.0111964 0.988804
0 1e-07 1
6 0.823876 0.176124
0 2.46419e-06 0.999998
6 0.959778 0.040222
0 0.0990538 0.900946
0 3.77782e-07 1
6 0.966249 0.0337511
6 0.976097 0.023903
6 0.99703 0.00297037
0 0.341695 0.658305
0 0.000253004 0.999747
6 0.961335 0.038665
6 0.999674 0.000325818
0 0.1661 0.8339
6 0.924834 0.0751659
0 1e-07 1
6 0.968541 0.0314587
6 0.996989 0.00301051
6 0.939724 0.0602755
6 0.989106 0.0108942
6 0.994355 0.00564537
0 1e-07 1
6 0.953937 0.0460634
6 0.992764 0.00723568
6 0.999721 0.000278537
0 0.000206495 0.999794
6 0.956358 0.0436425
0 1.01049e-05 0.99999
6 0.967587 0.0324128
0 0.0768135 0.923187
6 0.956281 0.0437191
6 0.999901 9.86624e-05
6 0.998797 0.00120336
0 1e-07 1
0 6.34192e-06 0.999994
6 0.996917 0.00308337
6 0.964036 0.0359645
6 0.995477 0.00452331
0 0.0671207 0.932879
6 0.975587 0.0244134
6 0.956034 0.0439662
0 0.0111421 0.988858
6 0.877061 0.122939
6 0.999858 0.000141582
6 0.969963 0.0300372
0 8.58599e-07 0.999999
6 0.96867 0.0313298
6 0.984023 0.0159775
0 0.0233977 0.976602
6 0.954314 0.0456864
6 0.999186 0.000814412
6 0.9726 0.0274002
6 0.998835 0.00116501
6 0.967629 0.0323712
6 0.95793 0.0420699
0 0.0116479 0.988352
0 0.0128101 0.98719
6 0.958091 0.0419095
6 0.939483 0.0605165
6 0.997686 0.00231437
6 0.952411 0.0475891
6 0.830404 0.169596
6 0.966801 0.0331992
0 0.165687 0.834313
0 0.00401057 0.995989
6 0.955433 0.0445673
6 0.997359 0.00264113
6 0.961273 0.0387268
6 0.995677 0.00432303
0 0.0292982 0.970702
6 0.96527 0.0347297
6 0.96148 0.03852
0 0.472785 0.527215
6 0.973888 0.0261116
0 4.82448e-07 1
0 0.00507686 0.994923
0 0.10121 0.89879
6 0.986617 0.0133832
6 0.973423 0.0265769
6 0.680863 0.319137
6 0.942245 0.0577548
6 0.987419 0.0125809
6 0.956165 0.0438352
6 0.956752 0.043248
6 0.950272 0.0497278
0 0.298864 0.701136
0 0.231216 0.768784
0 1e-07 1
6 0.999318 0.000681658
0 0.329456 0.670544
0 1e-07 1
6 0.996068 0.00393192
6 0.953011 0.0469886
0 0.00356258 0.996437
6 0.947114 0.0528858
0 0.00284357 0.997156
6 0.964301 0.0356991
6 0.997725 0.00227535
6 0.989113 0.0108875
0 0.198632 0.801368
6 0.94005 0.0599503
6 0.959193 0.0408066
6 0.913821 0.0861791
0 0.0863594 0.913641
6 0.95844 0.0415596
6 0.956408 0.0435925
0 1e-07 1
6 0.937485 0.0625151
6 0.999861 0.000138622
6 0.964674 0.0353258
0 1.72384e-05 0.999983
6 0.992331 0.00766923
6 0.976345 0.0236551
0 1e-07 1
6 0.864696 0.135304
0 0.00322521 0.996775
6 0.999896 0.000103723
6 0.969604 0.0303955
6 0.988025 0.0119754
6 0.999621 0.000379343
6 0.962381 0.0376192
6 0.999144 0.000855585
6 0.999208 0.000792269
6 0.949533 0.0504669
0 0.0111845 0.988816
6 0.999369 0.000630518
6 0.971322 0.0286777
6 0.970858 0.0291421
6 0.911577 0.0884227
6 0.999949 5.14305e-05
6 0.995135 0.00486501
0 0.03356 0.96644
0 0.119747 0.880253
6 0.965169 0.0348309
0 0.0754078 0.924592
6 0.999938 6.21838e-05
6 0.961259 0.0387408
6 0.970564 0.0294364
6 0.999717 0.000283093
6 0.997533 0.00246748
6 0.999979 2.11667e-05
0 1e-07 1
0 0.0297923 0.970208
6 0.96441 0.0355903
6 0.968487 0.0315133
6 0.989875 0.0101249
6 0.971451 0.0285486
6 0.999506 0.000493727
6 0.99995 4.9778e-05
6 0.999921 7.94574e-05
0 1e-07 1
0 0.00132717 0.998673
6 0.961541 0.0384588
6 0.67733 0.32267
6 0.971746 0.028254
6 0.982319 0.0176812
6 0.997837 0.0021634
0 1e-07 1
0 0.227815 0.772185
6 0.99958 0.000419554
6 0.997448 0.00255175
6 0.9996 0.000400469
6 0.995181 0.00481901
6 0.976421 0.0235792
6 0.858956 0.141044
0 0.15277 0.84723
6 0.960253 0.0397466
0 0.00310684 0.996893
6 0.986313 0.0136869
6 0.854312 0.145688
6 0.999752 0.000247657
6 0.998787 0.00121295
0 6.53411e-05 0.999935
6 0.822812 0.177188
6 0.750537 0.249463
6 0.765794 0.234206
6 0.999868 0.000131656
6 0.999611 0.000389241
6 0.839871 0.160129
6 0.969604 0.0303955
6 0.999719 0.000281092
6 0.99938 0.000619801
6 0.997437 0.00256333
0 7.22208e-07 0.999999
6 0.966919 0.0330807
0 0.0671869 0.932813
6 0.999881 0.000119215
6 0.99992 8.03984e-05
0 0.0428673 0.957133
6 0.959748 0.040252
6 0.957759 0.0422408
6 0.955339 0.0446615
0 1e-07 1
6 0.999992 8.45171e-06
0 0.209039 0.790961
6 0.999911 8.92321e-05
6 0.957473 0.0425266
6 0.945962 0.0540382
6 0.998556 0.00144368
6 0.987083 0.0129172
0 0.00157725 0.998423
6 0.954264 0.0457357
0 0.110589 0.889411
6 0.99998 2.00605e-05
6 0.97266 0.0273402
0 1e-07 1
6 0.99985 0.000150476
6 0.959615 0.0403851
6 0.998086 0.00191428
0 1e-07 1
0 0.0805114 0.919489
0 0.000899314 0.999101
6 0.94892 0.0510798
6 0.996744 0.00325606
6 0.88907 0.11093
6 0.99577 0.0042296
0 0.012329 0.987671
6 0.842937 0.157063
6 0.962599 0.0374013
0 0.394822 0.605178
6 0.957267 0.0427332
6 0.999745 0.000255034
0 1e-07 1
6 0.999999 5.19752e-07
0 1e-07 1
0 0.000426992 0.999573
6 0.961508 0.0384921
6 0.961592 0.0384079
6 0.999983 1.71125e-05
0 0.00550877 0.994491
6 0.997954 0.00204638
6 0.996586 0.00341449
6 0.999991 9.01655e-06
6 0.958744 0.0412558
0 3.68914e-05 0.999963
6 0.964168 0.0358321
6 0.966671 0.0333285
6 0.958709 0.0412905
6 0.99685 0.00314995
6 0.999935 6.54619e-05
0 0.0125082 0.987492
6 0.997959 0.00204067
6 0.99999 1.01365e-05
6 0.998954 0.00104633
0 0.00414262 0.995857
6 0.849991 0.150009
6 0.958779 0.0412214
6 0.958906 0.0410936
6 0.966548 0.0334522
0 0.49376 0.50624
6 0.998951 0.00104872
0 0.000598743 0.999401
6 0.91686 0.0831404
6 0.999521 0.000479481
0 1.06946e-06 0.999999
6 0.961068 0.0389321
6 0.990477 0.00952264
0 0.00664709 0.993353
6 0.957589 0.0424105
6 0.94189 0.05811
0 0.203349 0.796651
0 0.0203174 0.979683
6 0.984217 0.0157833
0 0.000276978 0.999723
6 0.952261 0.0477394
6 0.959913 0.0400873
6 0.999379 0.000620595
6 0.998981 0.00101868
6 0.960264 0.0397357
0 4.93536e-05 0.999951
6 0.90269 0.0973104
0 0.00175396 0.998246
6 0.999948 5.19407e-05
0 0.127082 0.872918
0 0.226006 0.773994
6 0.997757 0.00224325
0 8.37368e-05 0.999916
6 0.97264 0.02736
6 0.955628 0.0443717
0 0.00674414 0.993256
6 0.998861 0.00113945
0 0.0293802 0.97062
6 0.953757 0.0462429
6 0.999995 4.85437e-06
0 0.321581 0.678419
6 0.997396 0.00260407
6 0.961609 0.0383908
0 0.000450936 0.999549
0 0.209164 0.790836
0 0.438022 0.561978
6 0.529233 0.470767
0 1e-07 1
6 0.999993 6.86322e-06
0 0.00703289 0.992967
0 0.00208808 0.997912
0 1.78737e-05 0.999982
6 0.998986 0.00101389
6 0.999906 9.36621e-05
0 6.43448e-06 0.999994
0 0.491467 0.508533
0 3.15346e-05 0.999968
6 0.999999 6.63601e-07
6 0.958014 0.041986
6 0.999917 8.3457e-05
0 0.0014989 0.998501
6 0.998992 0.00100816
6 0.999856 0.000144327
0 0.468546 0.531454
6 0.957222 0.0427783
6 0.983528 0.0164716
6 0.939715 0.0602852
6 0.965951 0.0340494
6 0.790667 0.209333
0 0.055538 0.944462
6 0.955804 0.0441959
0 0.00199441 0.998006
6 0.978932 0.0210676
0 1e-07 1
6 0.967252 0.0327483
0 2.79475e-07 1
0 0.0410314 0.958969
0 0.00144165 0.998558
6 0.97139 0.0286101
0 2.07371e-06 0.999998
6 0.979548 0.0204519
6 0.957465 0.0425349
6 0.999482 0.000518394
6 0.99803 0.00197011
0 0.00340436 0.996596
6 0.962543 0.0374566
0 0.0124061 0.987594
0 0.221802 0.778198
0 0.336485 0.663515
6 0.999881 0.000118535
6 0.960484 0.0395158
6 0.802653 0.197347
6 0.953596 0.0464036
6 0.955529 0.0444709
6 0.972425 0.0275752
6 0.965955 0.0340447
6 0.955895 0.0441046
6 0.920135 0.0798645
6 0.95906 0.0409399
0 0.216857 0.783143
6 0.966314 0.033686
6 0.841489 0.158511
6 0.556881 0.443119
0 0.0405202 0.95948
6 0.995798 0.00420173
0 0.00153409 0.998466
6 0.99987 0.000129746
0 6.51239e-06 0.999993
6 0.999591 0.000409494
6 0.99829 0.00171043
6 0.99982 0.000180355
0 6.27569e-06 0.999994
6 0.953808 0.0461924
6 0.989511 0.0104885
6 0.998058 0.00194199
6 0.957706 0.0422941
0 0.194971 0.805029
0 1e-07 1
6 0.999563 0.000436758
6 0.957257 0.042743
6 0.963716 0.0362843
6 0.999539 0.000461203
6 0.992863 0.00713661
6 0.96304 0.0369603
6 0.998651 0.00134908
6 0.908037 0.0919629
6 0.960558 0.0394418
6 0.996858 0.00314163
6 0.999817 0.000183253
6 0.999992 8.13964e-06
6 0.953651 0.0463485
0 0.193163 0.806837
0 0.0768016 0.923198
0 1.66479e-05 0.999983
6 0.965992 0.0340079
6 0.956453 0.0435466
6 0.678142 0.321858
6 0.98659 0.0134096
6 0.999344 0.000655718
6 0.998059 0.00194131
6 0.997993 0.00200659
0 1.30341e-05 0.999987
0 0.00645295 0.993547
6 0.957397 0.0426027
0 3.70465e-06 0.999996
6 0.862518 0.137482
0 2.61062e-06 0.999997
0 1e-07 1
6 0.965241 0.0347587
0 0.0138136 0.986186
0 0.0916254 0.908375
6 0.962015 0.0379848
6 0.961468 0.0385316
6 0.957082 0.0429184
6 0.993267 0.00673279
6 0.993559 0.00644095
6 0.959363 0.0406366
6 0.985671 0.0143287
6 0.999996 3.84743e-06
0 0.000174849 0.999825
0 0.220366 0.779634
6 0.967787 0.0322131
6 0.962393 0.0376066
6 0.999195 0.000804524
0 0.233244 0.766756
6 0.999996 3.61288e-06
0 2.70987e-05 0.999973
6 0.989381 0.0106189
6 0.994967 0.00503348
0 0.0688728 0.931127
6 0.95974 0.0402604
6 0.948374 0.0516257
6 0.998468 0.00153236
6 0.87684 0.12316
6 0.734069 0.265931
6 0.937253 0.0627466
6 0.882934 0.117066
6 0.953426 0.0465735
6 0.962516 0.0374839
0 1e-07 1
6 0.964533 0.0354673
0 0.00589917 0.994101
0 1e-07 1
6 0.999958 4.22282e-05
6 0.991719 0.0082812
6 0.998674 0.00132602
6 0.956546 0.0434542
6 0.9981 0.00190015
0 1e-07 1
6 0.986081 0.0139187
0 1e-07 1
0 1.34241e-07 1
6 0.883639 0.116361
0 0.0344968 0.965503
0 0.0323912 0.967609
6 0.996544 0.00345631
0 0.000834006 0.999166
0 1e-07 1
0 2.17357e-05 0.999978
0 0.345023 0.654977
0 0.0194575 0.980543
0 0.0516203 0.94838
6 0.955145 0.0448553
6 0.874135 0.125865
6 0.999831 0.000169499
6 0.998503 0.00149664
0 0.000808309 0.999192
6 0.996926 0.00307375
0 1.22471e-07 1
6 0.999916 8.43474e-05
6 0.999971 2.93301e-05
0 0.0490624 0.950938
6 0.987399 0.0126009
0 0.00144933 0.998551
6 0.999706 0.000294
6 0.923752 0.0762484
6 0.974712 0.0252879
0 0.163963 0.836037
6 0.995935 0.00406467
6 0.999912 8.7916e-05
6 0.870011 0.129989
6 0.977234 0.022766
0 0.243661 0.756339
6 0.925299 0.0747014
6 0.970251 0.0297494
6 0.962552 0.0374476
6 0.962197 0.0378028
6 0.99997 2.99293e-05
6 0.96205 0.0379501
0 0.000784258 0.999216
6 0.999192 0.000808045
6 0.934189 0.0658109
0 1e-07 1
6 0.954596 0.0454042
6 0.97103 0.0289705
6 0.767213 0.232787
6 0.982082 0.0179181
0 1e-07 1
0 0.414576 0.585424
0 0.0317731 0.968227
6 0.999457 0.000542543
0 0.0739666 0.926033
6 0.963606 0.0363935
6 0.945311 0.0546892
6 0.997458 0.0025418
0 0.0114295 0.98857
0 0.0126555 0.987345
6 0.99994 6.04174e-05
6 0.962933 0.0370668
0 0.0922199 0.90778
6 0.984853 0.015147
6 0.814982 0.185018
6 0.968928 0.0310717
0 0.0948636 0.905136
0 0.00240354 0.997596
6 0.999224 0.000776055
6 0.999745 0.000255479
6 0.999667 0.000333289
6 0.957309 0.0426911
0 0.0369258 0.963074
0 0.0134049 0.986595
6 0.998586 0.00141386
6 0.984656 0.0153441
6 0.962771 0.0372294
0 0.115621 0.884379
0 0.428524 0.571476
0 0.00484081 0.995159
6 0.956639 0.0433613
6 0.999383 0.000617489
6 0.999834 0.000166379
6 0.913621 0.0863787
6 0.970572 0.0294277
6 0.958076 0.0419245
6 0.965435 0.0345647
0 0.184763 0.815237
6 0.998527 0.00147342
6 0.986362 0.0136382
0 0.236996 0.763004
0 0.00013819 0.999862
0 0.0409295 0.959071
6 0.999509 0.000490872
0 0.0866247 0.913375
0 0.38297 0.61703
6 0.999583 0.00041717
0 1e-07 1
6 0.995895 0.00410493
0 0.000818089 0.999182
6 0.999882 0.000118109
6 0.999075 0.000925291
0 0.051848 0.948152
6 0.991878 0.00812231
6 0.958488 0.0415121
6 0.687989 0.312011
0 0.366936 0.633064
6 0.989672 0.0103281
6 0.901612 0.0983877
6 0.946591 0.0534088
6 0.962806 0.0371941
6 0.999328 0.000671531
0 0.335601 0.664399
0 1e-07 1
6 0.836401 0.163599
6 0.993497 0.00650296
6 0.95755 0.0424498
6 0.970505 0.0294947
6 0.955789 0.0442113
6 0.956917 0.0430825
6 0.9573 0.0427005
6 0.954775 0.0452255
6 0.970963 0.0290371
6 0.997763 0.00223708
6 0.839572 0.160428
0 1e-07 1
6 0.961544 0.0384562
6 0.995531 0.00446922
6 0.957694 0.0423059
6 0.999985 1.45571e-05
6 0.901961 0.0980391
6 0.999692 0.000308009
6 0.97085 0.02915
6 0.958422 0.0415785
0 0.221732 0.778268
6 0.999982 1.79247e-05
6 0.995897 0.00410258
0 0.0228809 0.977119
6 0.999367 0.000632625
6 0.999139 0.000860917
6 0.967006 0.032994
6 0.95424 0.0457596
0 0.321953 0.678047
6 0.960575 0.0394246
0 0.0013473 0.998653
6 0.999999 1.16689e-06
6 0.986725 0.0132754
6 0.955924 0.0440761
6 0.990768 0.00923239
6 0.990684 0.00931564
0 0.37096 0.62904
6 0.995777 0.00422339
6 0.957488 0.0425118
6 0.999618 0.000382055
6 0.994808 0.00519205
6 0.954798 0.0452022
6 0.871298 0.128702
0 0.0417022 0.958298
0 9.17447e-05 0.999908
6 0.956696 0.0433042
6 0.981526 0.0184738
0 1e-07 1
6 0.9844 0.0156004
6 0.999987 1.28762e-05
6 0.958878 0.0411223
6 0.999151 0.000848967
6 0.955199 0.0448008
0 0.000107155 0.999893
6 0.999929 7.10791e-05
6 0.997672 0.00232803
0 0.0486256 0.951374
6 0.963043 0.036957
0 5.8803e-06 0.999994
6 0.999951 4.94807e-05
6 0.954945 0.0450551
6 0.970219 0.0297814
6 0.9926 0.00740043
6 0.998803 0.00119747
6 0.960295 0.0397052
6 0.95834 0.0416603
6 0.96218 0.0378201
6 0.958217 0.0417826
0 0.0331338 0.966866
0 7.55895e-05 0.999924
6 0.959326 0.0406744
6 0.872932 0.127068
0 1e-07 1
0 1e-07 1
6 0.812406 0.187594
6 0.998231 0.00176887
6 0.96028 0.0397203
0 1e-07 1
6 0.995473 0.00452654
6 0.96177 0.0382299
6 0.980466 0.0195336
6 0.964764 0.0352357
6 0.99999 1.0047e-05
6 0.943163 0.0568369
6 0.999999 8.11353e-07
6 0.965476 0.0345239
6 0.957526 0.0424745
0 1e-07 1
6 0.998235 0.00176451
6 0.999997 2.60248e-06
6 0.95891 0.0410895
6 0.999962 3.81598e-05
6 0.998854 0.00114628
6 0.999991 9.35296e-06
6 0.955936 0.0440643
0 0.0313801 0.96862
6 0.998327 0.00167346
0 2.25587e-06 0.999998
6 0.998628 0.00137165
6 0.999794 0.000205873
6 0.983116 0.0168836
6 0.963257 0.0367432
6 0.997846 0.0021536
6 0.999915 8.48491e-05
6 0.999941 5.85352e-05
6 0.957438 0.0425622
6 0.998576 0.00142413
0 1e-07 1
6 0.989082 0.0109182
6 0.957264 0.0427356
0 3.98313e-06 0.999996
6 0.999937 6.3243e-05
0 4.27879e-07 1
6 0.972409 0.0275915
6 0.999935 6.47914e-05
6 0.999507 0.000493484
6 0.965831 0.0341686
6 0.514978 0.485022
6 0.953987 0.0460127
6 0.997993 0.00200721
0 0.43656 0.56344
6 0.954279 0.0457214
0 6.10491e-06 0.999994
6 0.96573 0.0342702
6 0.997096 0.00290428
6 0.997506 0.0024936
6 0.945609 0.0543906
6 0.967779 0.0322205
0 7.3405e-05 0.999927
6 0.999963 3.66816e-05
6 0.934921 0.0650794
6 0.991282 0.00871754
0 0.000867218 0.999133
6 0.960711 0.039289
0 1e-07 1
6 0.88574 0.11426
0 0.0268462 0.973154
6 0.995815 0.00418541
0 0.0141512 0.985849
0 0.296362 0.703638
6 0.865893 0.134107
6 0.978384 0.0216161
6 0.922457 0.0775432
6 0.824648 0.175352
0 0.0715441 0.928456
0 1e-07 1
6 0.99998 1.9984e-05
6 0.955542 0.0444579
0 6.56951e-05 0.999934
6 0.982106 0.0178937
6 0.997792 0.00220817
6 0.957805 0.0421952
6 0.92006 0.0799402
6 0.965823 0.0341766
0 0.10859 0.89141
6 0.996127 0.00387324
6 0.988187 0.0118133
0 0.000277537 0.999722
6 0.999936 6.35137e-05
0 1.02672e-06 0.999999
6 0.954931 0.045069
6 0.961653 0.0383465
6 0.999915 8.54293e-05
6 0.999762 0.000237862
6 0.957079 0.0429213
6 0.955886 0.0441139
6 0.955434 0.0445663
6 0.991094 0.00890601
6 0.789355 0.210645
0 1e-07 1
0 0.000649435 0.999351
6 0.994047 0.00595278
0 0.00504103 0.994959
6 0.998852 0.0011478
6 0.990909 0.0090905
6 0.993354 0.00664591
6 0.999514 0.000486264
6 0.996212 0.0037877
6 0.935661 0.0643387
6 0.982276 0.0177235
6 0.950457 0.049543
6 0.770697 0.229303
0 1e-07 1
6 0.975013 0.0249871
0 1e-07 1
6 0.96315 0.0368497
0 0.000100017 0.9999
6 0.948004 0.0519958
6 0.959507 0.0404933
0 0.00256795 0.997432
0 0.00198234 0.998018
6 0.954063 0.0459369
6 0.999076 0.000924086
0 1.76648e-07 1
0 3.43315e-05 0.999966
6 0.96855 0.0314495
6 0.997345 0.00265483
0 0.00132585 0.998674
0 7.03936e-07 0.999999
0 0.0843041 0.915696
6 0.932794 0.0672058
6 0.663255 0.336745
6 0.51191 0.48809
6 0.999442 0.000558434
6 0.999778 0.000222245
6 0.932827 0.0671729
6 0.963379 0.0366215
0 1e-07 1
6 0.947522 0.0524781
6 0.960776 0.0392241
0 1.04668e-06 0.999999
6 0.658168 0.341832
6 0.96151 0.0384904
6 0.915816 0.0841839
6 0.982435 0.0175647
6 0.967177 0.0328234
0 5.3815e-05 0.999946
6 0.976461 0.0235393
0 0.00164942 0.998351
6 0.990231 0.00976898
6 0.957597 0.0424032
6 0.974301 0.0256992
0 0.122894 0.877106
6 0.966198 0.0338017
6 0.945103 0.0548969
0 0.00249242 0.997508
6 0.996524 0.00347588
0 1e-07 1
6 0.933567 0.0664332
6 0.956761 0.0432387
0 0.101821 0.898179
0 0.00168478 0.998315
6 0.997784 0.00221557
0 9.04447e-06 0.999991
6 0.9991 0.000899946
6 0.999992 8.10479e-06
0 0.166911 0.833089
6 0.960841 0.0391587
6 0.958809 0.0411915
6 0.926174 0.0738258
6 0.631916 0.368084
0 0.00615491 0.993845
0 0.00456328 0.995437
6 0.996212 0.00378761
6 0.987459 0.0125406
6 0.958863 0.0411375
6 0.994198 0.00580157
6 0.999584 0.00041648
0 8.30408e-05 0.999917
6 0.969849 0.0301509
6 0.928107 0.0718926
6 0.954324 0.045676
6 0.953774 0.0462261
6 0.994969 0.00503102
6 0.998983 0.00101736
6 0.967718 0.032282
0 1e-07 1
0 1.47862e-05 0.999985
6 0.99996 3.95098e-05
0 0.000302642 0.999697
0 0.00744226 0.992558
0 5.93132e-06 0.999994
6 0.975882 0.0241182
0 0.00134046 0.99866
6 0.984107 0.0158929
6 0.977495 0.0225047
6 0.999847 0.000153121
6 0.957173 0.0428274
6 0.999908 9.16885e-05
0 0.000301737 0.999698
0 1e-07 1
0 0.00037219 0.999628
0 0.143591 0.856409
0 0.0431643 0.956836
6 0.989862 0.0101383
6 0.958785 0.0412153
0 1.12079e-05 0.999989
6 0.971061 0.0289388
6 0.899501 0.100499
6 0.999914 8.57076e-05
6 0.658614 0.341386
0 1.45946e-06 0.999999
0 1e-07 1
6 0.961603 0.0383973
0 0.0310193 0.968981
6 0.977666 0.0223338
0 0.318919 0.681081
6 0.999992 8.42634e-06
0 0.00245231 0.997548
6 0.950713 0.049287
6 0.947722 0.0522778
0 1e-07 1
6 0.999374 0.000625716
6 0.999284 0.000715681
6 0.954256 0.0457441
6 0.962887 0.037113
6 0.954765 0.0452347
6 0.997508 0.00249233
6 0.965896 0.0341042
6 0.959856 0.0401445
0 0.000306577 0.999693
6 0.941033 0.0589669
6 0.874777 0.125223
6 0.688541 0.311459
6 0.996839 0.00316056
0 1e-07 1
0 0.336961 0.663039
6 0.99439 0.00561041
0 0.0192306 0.980769
0 6.36951e-07 0.999999
6 0.907327 0.0926727
6 0.997342 0.00265809
0 0.00720244 0.992798
6 0.882652 0.117348
6 0.953919 0.0460815
6 0.999562 0.000437835
6 0.948411 0.051589
0 0.105599 0.894401
6 0.956472 0.0435278
0 1.26143e-07 1
0 1e-07 1
0 0.000265317 0.999735
6 0.999909 9.08949e-05
6 0.958329 0.0416708
6 0.998483 0.00151654
6 0.999562 0.000437857
0 0.000596647 0.999403
6 0.999843 0.000157415
6 0.900416 0.0995837
6 0.985606 0.0143941
6 0.975592 0.024408
6 0.998348 0.00165208
6 0.98541 0.0145899
0 0.0880472 0.911953
6 0.95593 0.0440701
0 0.0461677 0.953832
6 0.908604 0.0913964
6 0.958993 0.0410074
0 0.02773 0.97227
0 0.000824556 0.999175
6 0.986857 0.0131425
6 0.998434 0.0015658
0 0.0030197 0.99698
6 0.964687 0.0353132
6 0.985232 0.014768
0 0.032678 0.967322
6 0.968112 0.0318881
6 0.999115 0.000884914
6 0.957233 0.0427674
0 4.92815e-07 1
6 0.999976 2.4399e-05
6 0.904796 0.0952042
0 0.17824 0.82176
6 0.956977 0.0430232
0 8.89472e-07 0.999999
6 0.965136 0.0348637
6 0.995526 0.00447401
6 0.998072 0.00192833
6 0.780095 0.219905
6 0.957096 0.0429036
6 0.990743 0.00925714
6 0.999649 0.000350775
6 0.999794 0.000206247
6 0.956277 0.043723
6 0.999653 0.00034709
6 0.99998 2.00367e-05
6 0.999115 0.000885444
6 0.984566 0.0154336
0 0.0413999 0.9586
6 0.95039 0.0496099
6 0.966714 0.0332855
6 0.961928 0.0380717
6 0.968528 0.0314721
6 0.991114 0.0088859
6 0.975619 0.0243815
0 0.00221193 0.997788
0 6.13213e-05 0.999939
0 0.0179523 0.982048
6 0.999653 0.000346754
0 0.00487826 0.995122
6 0.959304 0.0406963
6 0.998308 0.00169152
6 0.99965 0.000350031
6 0.999923 7.6737e-05
6 0.999699 0.00030126
0 0.000387331 0.999613
6 0.998693 0.001307
6 0.956179 0.043821
6 0.999073 0.000927324
6 0.999501 0.000498528
6 0.999047 0.00095259
0 0.00201256 0.997987
6 0.909157 0.0908426
6 0.999843 0.000156746
6 0.96556 0.0344399
6 0.991522 0.00847764
6 0.721167 0.278833
6 0.898435 0.101565
0 0.0806502 0.91935
6 0.961492 0.0385082
6 0.99777 0.00223034
6 0.980225 0.0197749
6 0.999045 0.000954561
6 0.970272 0.0297278
6 0.997791 0.00220858
6 0.99836 0.0016401
6 0.977906 0.022094
6 0.997118 0.00288156
6 0.999801 0.000199152
6 0.959903 0.0400971
6 0.969266 0.0307341
6 0.971389 0.0286107
6 0.99987 0.000129789
6 0.999561 0.000439257
0 1e-07 1
6 0.957728 0.0422716
6 0.98799 0.0120103
6 0.985503 0.0144968
0 0.00222311 0.997777
6 0.95609 0.04391
0 1e-07 1
6 0.964309 0.0356912
6 0.998342 0.0016576
0 0.48703 0.51297
6 0.999347 0.000653391
6 0.973076 0.0269236
0 1e-07 1
6 0.995185 0.00481526
0 2.80331e-05 0.999972
0 0.0396804 0.96032
6 0.991554 0.00844596
6 0.957906 0.0420945
0 0.0584288 0.941571
6 0.999703 0.000296727
0 0.0699051 0.930095
6 0.999945 5.46378e-05
0 0.225215 0.774785
6 0.95788 0.0421198
6 0.951367 0.0486326
6 0.995546 0.00445378
6 0.999872 0.000127688
6 0.99995 5.04084e-05
6 0.977434 0.0225662
6 0.855645 0.144355
6 0.866355 0.133645
6 0.999622 0.000377975
6 0.996577 0.00342286
6 0.997567 0.00243344
6 0.993682 0.00631819
6 0.999552 0.000447807
6 0.925084 0.0749163
0 0.00352222 0.996478
6 0.955453 0.0445466
6 0.952972 0.0470279
0 2.24308e-07 1
0 1e-07 1
6 0.998746 0.0012538
6 0.924962 0.075038
0 0.211923 0.788077
6 0.999409 0.000591027
6 0.957846 0.0421539
6 0.999965 3.45536e-05
6 0.999566 0.00043413
6 0.96277 0.0372297
6 0.954424 0.0455763
6 0.999963 3.71154e-05
6 0.956356 0.0436444
0 0.00205331 0.997947
6 0.999961 3.92204e-05
0 0.0326459 0.967354
0 0.00255507 0.997445
6 0.999216 0.000783714
6 0.994197 0.00580337
6 0.957261 0.0427387
6 0.984959 0.0150412
0 0.00290316 0.997097
6 0.963068 0.0369323
6 0.949494 0.0505059
6 0.973536 0.026464
6 0.966811 0.0331891
6 0.999942 5.77733e-05
0 0.000324725 0.999675
6 0.999971 2.8926e-05
0 0.0265702 0.97343
6 0.978187 0.0218134
6 0.971435 0.0285653
6 0.999577 0.000422853
6 0.959422 0.0405776
6 0.99999 1.01176e-05
6 0.994946 0.00505423
6 0.848364 0.151636
6 0.951767 0.0482328
6 0.987093 0.0129066
6 0.999894 0.000105986
0 3.9033e-06 0.999996
6 0.950278 0.0497223
0 0.0143981 0.985602
6 0.99843 0.0015703
6 0.956972 0.0430276
6 0.969057 0.0309433
0 0.00818932 0.991811
6 0.999547 0.000452818
6 0.952532 0.047468
6 0.998717 0.00128293
6 0.986126 0.0138735
0 0.00444902 0.995551
6 0.980183 0.0198171
6 0.951112 0.0488881
0 0.409256 0.590744
0 3.72931e-06 0.999996
0 0.129259 0.870741
6 0.99955 0.00045039
6 0.998414 0.00158644
6 0.977389 0.0226106
6 0.950735 0.0492655
0 0.0130698 0.98693
6 0.529261 0.470739
6 0.997741 0.00225883
6 0.772287 0.227713
6 0.941807 0.0581931
0 0.00200954 0.99799
6 0.780948 0.219052
0 0.00677257 0.993227
6 0.958005 0.0419948
0 0.00019945 0.999801
6 0.958349 0.0416507
0 1e-07 1
6 0.999964 3.64209e-05
6 0.998252 0.00174839
6 0.954548 0.0454515
6 0.963568 0.0364318
0 8.83699e-05 0.999912
0 0.0356364 0.964364
6 0.958446 0.0415535
0 0.02934 0.97066
6 0.957637 0.0423634
0 0.00167164 0.998328
6 0.968626 0.0313737
0 0.0713441 0.928656
0 5.09483e-06 0.999995
0 0.000425683 0.999574
0 9.60901e-05 0.999904
6 0.999407 0.000592664
0 0.0518197 0.94818
6 0.96368 0.0363204
6 0.975675 0.024325
6 0.960457 0.0395429
0 0.0333498 0.96665
0 0.00132723 0.998673
6 0.999995 4.68679e-06
0 0.479396 0.520604
6 0.957886 0.0421141
6 0.956961 0.0430394
6 0.998373 0.00162713
0 0.0447954 0.955205
0 1e-07 1
6 0.996934 0.00306603
6 0.960997 0.0390033
6 0.997711 0.00228931
0 0.24463 0.75537
6 0.999059 0.000940528
6 0.887301 0.112699
6 0.977218 0.022782
6 0.95522 0.0447796
6 0.955954 0.0440459
0 0.000302259 0.999698
6 0.999967 3.28154e-05
0 0.33257 0.66743
0 0.00965946 0.990341
0 0.000812514 0.999187
0 0.0640132 0.935987
0 0.165463 0.834537
0 0.441565 0.558435
0 0.00719926 0.992801
6 0.845622 0.154378
6 0.982736 0.0172636
6 0.91634 0.0836599
0 1.49709e-07 1
0 0.000147683 0.999852
0 0.0198096 0.98019
6 0.999944 5.60298e-05
6 0.995486 0.00451386
6 0.709677 0.290323
6 0.974255 0.0257446
0 0.00278865 0.997211
0 1e-07 1
6 0.999776 0.00022362
6 0.999097 0.000903135
6 0.96439 0.03561
6 0.999611 0.000389191
6 0.99996 4.03921e-05
0 0.0278078 0.972192
6 0.971619 0.0283806
6 0.996492 0.00350769
6 0.982476 0.0175238
6 0.999994 6.04986e-06
0 0.0014617 0.998538
0 0.0206974 0.979303
6 0.95982 0.0401799
6 0.955075 0.0449252
0 1e-07 1
6 0.515454 0.484546
0 0.000703186 0.999297
6 0.931576 0.0684238
6 0.966084 0.0339155
0 0.00782225 0.992178
6 0.955161 0.0448393
0 1.6429e-06 0.999998
6 0.995599 0.00440076
6 0.999985 1.54498e-05
6 0.953542 0.046458
0 0.000583271 0.999417
6 0.966462 0.0335384
0 0.235789 0.764211
0 0.0036084 0.996392
0 0.00813729 0.991863
6 0.999614 0.00038552
6 0.955745 0.0442552
6 0.999728 0.000272342
6 0.972644 0.0273563
6 0.998085 0.0019151
0 0.0826086 0.917391
6 0.962247 0.0377532
0 1.86624e-05 0.999981
0 1e-07 1
6 0.994683 0.0053173
6 0.999406 0.000593614
6 0.95889 0.0411104
6 0.991646 0.00835444
6 0.870332 0.129668
6 0.986321 0.0136792
0 0.392848 0.607152
6 0.981233 0.0187673
0 0.234318 0.765682
0 0.102025 0.897975
6 0.998639 0.00136088
0 1.13254e-05 0.999989
6 0.936961 0.0630385
6 0.961275 0.038725
6 0.998511 0.001489
6 0.958236 0.0417642
6 0.957053 0.042947
6 0.918026 0.0819741
0 0.460509 0.539491
6 0.961134 0.0388658
0 2.79436e-05 0.999972
0 0.419395 0.580605
0 1e-07 1
6 0.999791 0.000208647
6 0.961222 0.0387778
0 5.97751e-07 0.999999
6 0.967143 0.0328575
6 0.888214 0.111786
6 0.945485 0.054515
6 0.65667 0.34333
0 2.25764e-07 1
6 0.977859 0.0221405
6 0.999322 0.000678172
6 0.964362 0.0356384
6 0.954535 0.0454645
0 8.13711e-07 0.999999
0 0.000288325 0.999712
6 0.510299 0.489701
6 0.998919 0.00108107
6 0.996497 0.00350318
0 1e-07 1
0 0.00166958 0.99833
0 0.136948 0.863052
6 1 4.90983e-07
6 0.940535 0.0594654
6 0.991233 0.00876719
0 0.000161357 0.999839
0 0.00107649 0.998924
0 0.00180332 0.998197
6 0.955894 0.0441061
6 0.984884 0.0151162
6 0.980173 0.0198267
6 0.954234 0.0457661
6 0.956532 0.0434681
0 0.0232247 0.976775
6 0.949656 0.0503438
6 0.961574 0.0384257
0 8.87654e-07 0.999999
6 0.870384 0.129616
6 0.95701 0.0429899
6 0.999813 0.000187157
6 0.998919 0.00108119
6 0.999759 0.000241251
6 0.997733 0.0022672
6 0.968177 0.0318229
6 0.958309 0.0416911
6 0.996234 0.00376553
6 0.999974 2.63417e-05
6 0.999934 6.64294e-05
6 0.98505 0.0149496
6 0.816283 0.183717
0 0.122711 0.877289
6 0.670169 0.329831
0 0.0052023 0.994798
0 0.000861418 0.999139
0 0.0181214 0.981879
6 0.88267 0.11733
6 0.999995 4.62444e-06
6 0.993024 0.00697635
0 0.0983581 0.901642
6 0.966489 0.033511
6 0.999896 0.000104244
6 0.999854 0.000145921
6 0.997032 0.00296776
6 0.963851 0.036149
6 0.945698 0.0543023
6 0.93712 0.06288
0 0.244025 0.755975
6 0.995956 0.00404383
6 0.996213 0.0037868
0 1e-07 1
0 0.131436 0.868564
0 1e-07 1
6 0.922406 0.0775937
6 0.959166 0.0408337
6 0.998211 0.00178947
6 0.996059 0.00394084
6 0.931832 0.0681683
0 1e-07 1
6 0.981665 0.0183346
6 0.999922 7.78574e-05
0 0.00587201 0.994128
6 0.99831 0.0016896
6 0.962019 0.0379814
0 0.0234109 0.976589
6 0.999593 0.000406875
6 0.998204 0.00179552
6 0.969054 0.0309456
6 0.995381 0.00461931
0 0.146542 0.853458
0 1.83026e-05 0.999982
0 0.0400246 0.959975
6 0.981459 0.0185408
6 0.999601 0.00039938
6 0.999941 5.92078e-05
0 0.174908 0.825092
6 0.998139 0.00186148
0 0.000203838 0.999796
0 0.000290703 0.999709
0 0.212318 0.787682
6 0.955502 0.044498
0 0.0484405 0.951559
6 0.960237 0.0397627
0 0.242703 0.757297
6 0.999974 2.56509e-05
0 0.000588653 0.999411
6 0.946263 0.0537368
6 0.99894 0.00106031
6 0.989574 0.0104263
6 0.955878 0.0441219
6 0.960945 0.0390547
6 0.960671 0.0393292
6 0.999971 2.87492e-05
6 0.971078 0.0289216
6 0.959888 0.0401115
6 0.992378 0.00762212
6 0.993286 0.0067138
6 0.955083 0.0449166
6 0.997802 0.00219814
0 0.0291084 0.970892
0 0.0134696 0.98653
0 5.98693e-06 0.999994
6 0.999845 0.000154891
6 0.976642 0.0233582
6 0.999176 0.00082439
6 0.954096 0.0459036
6 0.948862 0.0511382
0 1e-07 1
6 0.990097 0.00990332
0 0.0471111 0.952889
0 2.8275e-07 1
6 0.956725 0.0432746
6 0.996316 0.00368352
6 0.967513 0.0324865
6 0.998504 0.00149625
6 0.996748 0.00325196
6 1 4.49105e-07
0 0.1942 0.8058
6 0.999633 0.000366867
6 0.999973 2.69298e-05
6 0.960447 0.039553
6 0.995367 0.00463267
6 0.99091 0.00908986
6 0.964455 0.0355451
0 2.75255e-06 0.999997
6 0.958969 0.0410313
0 1.18337e-05 0.999988
0 0.292727 0.707273
6 0.971898 0.028102
0 0.0787549 0.921245
6 0.980756 0.0192443
6 0.87997 0.12003
6 0.912143 0.0878568
6 0.935335 0.0646651
0 0.304217 0.695783
6 0.993137 0.00686259
0 7.6649e-07 0.999999
0 0.000248526 0.999751
6 0.999982 1.77331e-05
6 0.999996 4.17374e-06
0 1e-07 1
6 0.999986 1.4446e-05
6 0.999986 1.37292e-05
6 0.999515 0.000485443
0 1.52312e-06 0.999998
0 1e-07 1
6 0.999088 0.000912208
6 0.959715 0.0402849
6 0.999799 0.000200854
0 2.20093e-05 0.999978
6 0.999104 0.000895719
6 0.973524 0.0264764
0 0.0467404 0.95326
6 0.999424 0.000575575
6 0.96432 0.0356796
6 0.627415 0.372585
6 0.920135 0.0798653
6 0.999016 0.000984302
0 1e-07 1
6 0.990008 0.00999221
6 0.943253 0.0567468
0 0.00138535 0.998615
6 0.999646 0.000353836
0 0.400968 0.599032
6 0.955925 0.0440746
6 0.958609 0.0413911
6 0.840772 0.159228
6 0.915306 0.0846936
0 0.0129879 0.987012
6 0.954282 0.045718
6 0.748151 0.251849
0 0.00158878 0.998411
6 0.996915 0.00308484
6 1 1e-07
6 0.96013 0.0398701
6 0.929468 0.0705322
6 0.940768 0.0592324
0 1e-07 1
0 0.0289968 0.971003
6 0.558654 0.441346
0 2.10616e-07 1
6 0.946997 0.0530026
6 0.99996 3.98038e-05
6 0.956206 0.0437943
6 0.999528 0.000472236
6 0.959988 0.0400124
6 0.961382 0.0386183
0 1e-07 1
6 0.999728 0.000271643
6 0.960779 0.0392207
0 0.00137768 0.998622
0 4.19932e-05 0.999958
6 0.973244 0.0267557
6 0.689724 0.310276
0 1.24211e-07 1
6 0.968616 0.0313836
6 0.955809 0.0441907
6 0.999755 0.00024476
6 0.999446 0.000554159
0 6.86016e-06 0.999993
0 0.000627356 0.999373
6 0.963685 0.0363151
6 0.954418 0.0455816
6 0.982166 0.0178337
6 0.979818 0.0201818
6 0.632723 0.367277
6 0.999485 0.000515316
0 0.124732 0.875268
6 0.997938 0.00206187
6 0.997856 0.00214446
6 0.999527 0.000472536
6 0.999427 0.00057311
6 0.999805 0.000194891
6 0.99526 0.00474011
6 0.978371 0.0216287
0 1e-07 1
6 0.955982 0.0440185
6 0.999862 0.000137557
0 0.0164363 0.983564
6 0.999403 0.000596617
0 9.07193e-06 0.999991
6 0.7763 0.2237
6 0.963631 0.0363686
6 0.999638 0.00036179
0 0.00673759 0.993262
6 0.99636 0.00364022
6 0.996465 0.00353541
6 0.998756 0.00124438
6 0.995692 0.00430839
0 1e-07 1
6 0.995172 0.00482844
6 0.850331 0.149669
6 0.988332 0.0116677
6 0.997945 0.00205454
6 0.504618 0.495382
0 0.0287202 0.97128
6 0.964547 0.0354526
6 0.922793 0.0772073
6 0.744498 0.255502
6 0.963933 0.0360669
6 0.944683 0.0553167
6 0.999852 0.000148167
6 0.999868 0.00013171
6 0.999671 0.000329481
6 0.621527 0.378473
0 0.0371126 0.962887
6 0.979379 0.0206205
6 0.960842 0.0391584
0 0.477253 0.522747
6 0.999771 0.000229362
6 0.980546 0.0194543
0 0.0256173 0.974383
6 0.968095 0.0319051
6 0.962492 0.037508
0 0.0018145 0.998186
0 7.93629e-06 0.999992
6 0.655922 0.344078
6 0.80626 0.19374
6 0.919616 0.080384
6 0.953186 0.0468144
6 0.966508 0.033492
6 0.998981 0.00101863
6 0.999962 3.77982e-05
0 1e-07 1
6 0.999976 2.41762e-05
6 0.569933 0.430067
0 0.0343126 0.965687
0 1e-07 1
6 0.968491 0.0315092
6 0.954262 0.045738
6 0.959659 0.040341
0 0.000164383 0.999836
6 0.936687 0.0633133
6 0.880245 0.119755
6 0.999002 0.000997898
6 0.970404 0.0295961
6 0.972095 0.0279048
6 0.923549 0.0764513
0 0.299698 0.700302
6 0.93623 0.0637695
6 0.959663 0.0403368
6 0.95974 0.0402595
6 0.94001 0.0599903
6 0.947354 0.0526462
6 0.938377 0.0616232
0 0.089901 0.910099
6 0.972281 0.0277193
0 0.0311601 0.96884
6 0.999641 0.000358665
6 0.584435 0.415565
6 0.953963 0.0460368
6 0.996433 0.00356736
6 0.999917 8.2591e-05
6 0.998787 0.00121323
0 1e-07 1
6 0.993289 0.00671067
6 0.959317 0.0406826
0 0.0316716 0.968328
0 0.0135157 0.986484
6 0.973672 0.0263275
0 0.00185252 0.998147
0 1e-07 1
0 0.0309251 0.969075
0 0.00223179 0.997768
6 0.999825 0.000175138
6 0.999993 6.97557e-06
6 0.84591 0.15409
0 2.27493e-05 0.999977
6 0.998212 0.00178773
6 0.939177 0.0608229
6 0.992831 0.00716918
6 0.947093 0.0529071
0 0.240964 0.759036
6 0.956782 0.0432179
6 0.985515 0.0144853
6 0.997837 0.00216267
0 0.000112471 0.999888
6 0.966733 0.0332668
6 0.9982 0.00179981
0 5.5495e-06 0.999994
6 0.957346 0.0426537
6 0.974197 0.0258033
6 0.952262 0.0477385
6 0.970192 0.0298075
6 0.934741 0.0652587
6 0.999625 0.000374569
0 0.0724147 0.927585
6 0.968127 0.0318729
0 0.0321454 0.967855
6 0.999059 0.000940716
6 0.999308 0.00069152
6 0.999856 0.000143756
6 0.958611 0.041389
6 0.973483 0.0265166
6 0.837997 0.162003
6 0.999996 3.92775e-06
0 4.45294e-07 1
6 0.999915 8.53267e-05
6 0.930842 0.069158
6 0.958157 0.0418425
0 1.05899e-05 0.999989
6 0.897635 0.102365
6 0.999965 3.50455e-05
6 0.994689 0.00531113
6 0.956274 0.0437258
6 0.99571 0.0042895
6 0.948223 0.0517768
6 0.710377 0.289623
0 0.00210537 0.997895
6 0.999887 0.000113249
6 0.999925 7.4946e-05
6 0.997775 0.00222544
0 0.00354308 0.996457
0 7.23928e-07 0.999999
6 0.590595 0.409405
0 0.000359485 0.999641
0 0.0249318 0.975068
0 0.0219212 0.978079
0 0.187258 0.812742
6 0.957515 0.0424849
0 4.00039e-06 0.999996
6 0.96007 0.0399297
0 0.000775431 0.999225
6 0.978905 0.0210948
0 0.00415301 0.995847
6 0.971933 0.0280665
6 0.735736 0.264264
6 0.999056 0.00094371
0 1.8613e-06 0.999998
6 0.9949 0.0050998
6 0.96678 0.0332204
6 0.947297 0.0527033
0 0.22305 0.77695
6 0.969225 0.0307747
6 0.997968 0.00203157
0 0.0519942 0.948006
0 0.0424539 0.957546
0 0.108349 0.891651
0 0.147513 0.852487
6 0.955186 0.0448144
0 1e-07 1
6 0.999957 4.31309e-05
6 0.960855 0.0391453
0 1e-07 1
6 0.99943 0.000569612
6 0.996634 0.00336565
6 0.967072 0.0329281
6 0.956796 0.0432039
6 0.879871 0.120129
6 0.999401 0.000599111
6 0.955771 0.044229
0 0.0149363 0.985064
6 0.995923 0.00407684
6 0.998548 0.0014516
0 1.29643e-07 1
0 1e-07 1
6 0.999948 5.16694e-05
0 8.47025e-07 0.999999
0 0.24125 0.75875
6 0.959304 0.0406962
6 0.95487 0.0451301
6 0.999728 0.000271977
6 0.999638 0.000361741
6 0.95381 0.0461902
6 0.998996 0.0010037
0 0.0481363 0.951864
6 0.956241 0.0437588
6 0.807022 0.192978
6 0.921219 0.0787807
6 0.963044 0.0369561
0 5.84291e-07 0.999999
6 0.945698 0.0543025
0 2.35012e-05 0.999976
0 0.0251393 0.974861
6 0.999838 0.000161522
6 0.956624 0.0433755
6 0.958617 0.0413827
0 0.0121421 0.987858
6 0.999863 0.000137117
6 0.999979 2.09842e-05
0 0.0691477 0.930852
0 4.72548e-05 0.999953
6 0.999996 3.98885e-06
6 0.872879 0.127121
6 0.991871 0.00812851
6 0.987157 0.0128431
6 0.962134 0.0378663
6 0.975296 0.0247042
0 1.41377e-06 0.999999
6 0.998915 0.00108501
6 0.95822 0.0417805
6 0.944856 0.055144
6 0.999918 8.22712e-05
6 0.999877 0.000123449
0 0.000191486 0.999809
6 0.999993 6.86965e-06
6 0.999882 0.000117632
6 0.999994 5.71486e-06
6 0.939034 0.0609658
0 1e-07 1
6 0.956683 0.0433174
6 0.999253 0.000747384
0 0.0320628 0.967937
6 0.955081 0.0449193
6 0.959818 0.0401815
0 6.52768e-06 0.999993
6 0.988223 0.011777
0 1e-07 1
6 0.992524 0.0074762
6 0.950872 0.049128
6 0.998843 0.00115676
6 0.999834 0.000165995
0 0.00113992 0.99886
6 0.967598 0.0324019
6 0.825513 0.174487
6 0.968518 0.0314821
6 0.694932 0.305068
6 0.949702 0.0502978
6 0.998786 0.00121391
6 0.992436 0.00756445
0 1.4771e-05 0.999985
6 0.970241 0.0297589
6 0.966698 0.0333022
0 2.61012e-05 0.999974
6 0.99855 0.00145005
6 0.957811 0.0421894
0 0.0216027 0.978397
6 0.941975 0.0580255
6 0.955423 0.0445773
0 0.0700967 0.929903
6 0.941814 0.0581863
6 0.935477 0.0645229
0 0.0400305 0.959969
6 0.999947 5.33043e-05
6 0.999793 0.000207119
6 0.955294 0.0447065
6 0.999227 0.000773211
6 0.999802 0.000197896
6 0.957006 0.0429943
6 0.904231 0.0957691
0 0.0320539 0.967946
0 0.259245 0.740755
6 0.926795 0.0732049
0 8.85358e-06 0.999991
0 0.262538 0.737462
6 0.99979 0.000210153
6 0.999566 0.000434044
6 0.955969 0.0440305
0 1.07487e-07 1
6 0.953811 0.0461886
0 0.0113012 0.988699
6 0.999779 0.000220511
6 0.965813 0.0341871
6 0.956412 0.0435878
6 0.958001 0.0419991
6 0.999804 0.000196448
6 0.943859 0.0561412
6 0.724078 0.275922
0 0.132382 0.867618
0 8.83515e-06 0.999991
6 0.949099 0.0509009
0 0.000353906 0.999646
0 0.00609822 0.993902
0 1e-07 1
6 1 1e-07
6 0.999988 1.21584e-05
6 0.969887 0.0301129
0 0.23933 0.76067
0 0.000142222 0.999858
0 0.0653885 0.934611
6 0.99985 0.000149998
6 0.897757 0.102243
6 0.782326 0.217674
6 0.999942 5.83379e-05
6 0.956696 0.0433042
6 0.977741 0.0222589
6 0.958346 0.0416537
6 0.999032 0.0009683
6 0.99978 0.000220017
6 0.998776 0.00122358
6 0.999949 5.06391e-05
6 0.97054 0.0294604
6 0.964174 0.0358256
6 0.999808 0.000191768
0 1e-07 1
6 0.859137 0.140863
6 0.962339 0.0376608
6 0.991847 0.00815296
6 0.957739 0.0422607
6 0.999081 0.000918727
6 0.936425 0.0635752
6 0.906919 0.0930811
6 0.953413 0.0465869
6 0.988905 0.0110952
0 0.0523758 0.947624
6 0.999371 0.000628562
0 0.206635 0.793365
6 0.999777 0.000222732
0 0.449241 0.550759
6 0.999906 9.41056e-05
0 0.496412 0.503588
0 0.0109793 0.989021
6 0.943062 0.0569378
6 0.999865 0.000134538
6 0.956874 0.0431256
6 0.995464 0.00453571
6 0.997705 0.00229503
6 0.727676 0.272324
6 0.948472 0.0515277
0 0.00211978 0.99788
6 0.965411 0.0345889
0 1.24961e-05 0.999988
6 0.994416 0.00558367
0 0.000122647 0.999877
6 0.963369 0.0366307
6 0.89102 0.10898
0 1.2825e-05 0.999987
6 0.976831 0.0231687
6 0.952033 0.0479674
6 0.947583 0.0524168
0 3.83511e-06 0.999996
6 0.961487 0.0385132
0 0.023379 0.976621
0 1e-07 1
0 2.52582e-06 0.999997
6 0.998934 0.0010656
6 0.956573 0.0434265
6 0.956469 0.0435314
6 0.999595 0.000404891
0 0.00399272 0.996007
6 0.958488 0.0415121
6 0.998959 0.00104131
6 0.957418 0.0425819
6 0.999394 0.000606003
0 1.25449e-07 1
6 0.955225 0.0447752
6 0.994249 0.00575097
0 0.000663344 0.999337
0 0.00168925 0.998311
6 0.999756 0.000244337
6 0.997122 0.00287778
6 0.996607 0.00339336
6 0.972038 0.0279616
6 0.783055 0.216945
0 0.0408245 0.959175
0 0.0320248 0.967975
6 0.98999 0.0100099
6 0.998978 0.00102243
0 0.350709 0.649291
0 2.669e-07 1
6 0.999703 0.000296881
6 0.967591 0.032409
6 0.999829 0.000170709
6 0.992229 0.00777134
6 0.996627 0.00337279
6 0.999785 0.00021544
6 0.999998 1.82084e-06
6 0.969672 0.0303275
6 0.999877 0.000122891
0 1e-07 1
0 0.096168 0.903832
0 0.0211141 0.978886
0 1e-07 1
6 0.942569 0.0574308
6 0.999529 0.000470934
0 1e-07 1
6 0.955511 0.0444891
6 0.955096 0.0449043
6 0.962268 0.0377325
0 1e-07 1
0 0.123444 0.876556
6 0.966917 0.0330832
6 0.960219 0.0397806
0 0.340704 0.659296
6 0.971089 0.0289112
6 0.97649 0.02351
6 0.957582 0.042418
6 0.998623 0.00137714
6 0.917502 0.0824977
6 0.996818 0.003182
0 1e-07 1
6 0.954893 0.0451068
6 0.944646 0.055354
6 0.99999 9.88699e-06
0 0.328353 0.671647
6 0.99873 0.00127044
6 0.959003 0.0409969
6 0.999978 2.16284e-05
6 0.956683 0.0433165
6 0.978542 0.0214578
0 1e-07 1
0 1e-07 1
6 0.896662 0.103338
0 0.0198377 0.980162
6 0.97036 0.0296403
0 3.03534e-06 0.999997
6 0.981354 0.0186464
6 0.989927 0.0100726
6 0.999858 0.000142137
6 0.901181 0.0988187
0 0.211881 0.788119
6 0.998828 0.00117191
6 0.999673 0.000326834
0 0.0122373 0.987763
6 0.60209 0.39791
6 0.934615 0.0653852
6 0.932107 0.0678926
6 0.958816 0.0411837
6 0.979932 0.0200685
6 0.962494 0.0375057
0 1e-07 1
0 6.25964e-05 0.999937
6 0.999949 5.14707e-05
6 0.99683 0.00317008
0 0.000238085 0.999762
6 0.943916 0.0560835
6 0.997692 0.00230756
0 0.424075 0.575925
6 0.94499 0.0550096
0 0.00404591 0.995954
6 0.959358 0.040642
6 0.911273 0.0887272
0 3.16666e-07 1
6 0.999999 1.04917e-06
6 0.999966 3.35374e-05
6 0.840295 0.159705
0 1e-07 1
6 0.971959 0.0280411
6 0.955407 0.044593
0 5.2701e-06 0.999995
6 0.785071 0.214929
6 0.958902 0.0410984
6 0.984029 0.0159708
6 0.992752 0.00724819
6 0.963899 0.0361007
6 0.964769 0.0352314
6 0.955582 0.044418
6 0.99979 0.00020984
0 0.00131861 0.998681
0 0.00151984 0.99848
6 0.929469 0.0705313
0 0.254337 0.745663
6 0.976187 0.0238128
6 0.999258 0.000742124
6 0.926383 0.0736165
6 0.999794 0.000205704
6 0.995076 0.00492416
6 0.963594 0.0364061
6 0.994472 0.00552787
6 0.96912 0.0308801
6 0.804014 0.195986
0 1e-07 1
0 0.305508 0.694492
6 0.999988 1.16421e-05
6 0.972289 0.0277112
0 0.365754 0.634246
0 0.00153544 0.998465
6 0.997785 0.00221524
6 0.968091 0.0319093
6 0.996522 0.00347849
0 0.0561369 0.943863
6 0.999924 7.61707e-05
6 0.971661 0.0283387
6 0.995762 0.0042383
6 0.970829 0.0291715
0 1.854e-07 1
6 0.955227 0.0447727
6 0.999609 0.000390929
6 0.999153 0.000847225
6 0.999814 0.000186232
0 0.172761 0.827239
6 0.998863 0.00113674
6 0.988507 0.0114931
0 0.00293434 0.997066
0 0.0296691 0.970331
6 0.959138 0.0408618
6 0.738738 0.261262
6 0.952457 0.0475432
6 0.956187 0.0438131
6 0.995019 0.00498056
0 0.0105635 0.989436
0 2.00966e-05 0.99998
6 0.963954 0.0360459
6 0.999731 0.000269216
6 0.998518 0.00148167
6 0.999474 0.000525721
0 0.00779213 0.992208
6 0.99546 0.00454048
6 0.973015 0.0269846
6 0.998453 0.00154701
6 0.953677 0.0463234
0 0.0266806 0.973319
0 0.000240821 0.999759
0 0.322044 0.677956
6 0.951533 0.0484667
6 0.996294 0.0037056
6 0.976488 0.0235124
6 0.961297 0.0387029
0 0.36862 0.63138
6 0.829769 0.170231
6 0.999807 0.00019284
0 1.14582e-05 0.999989
6 0.993365 0.00663515
6 0.988928 0.0110723
0 0.000213833 0.999786
6 0.965404 0.0345963
6 0.999488 0.000512041
6 0.957656 0.0423439
6 0.999092 0.000908078
0 1e-07 1
6 0.954215 0.0457855
6 0.966346 0.0336543
6 0.987841 0.0121595
6 0.960208 0.0397919
6 0.999001 0.000998942
6 0.976959 0.023041
0 6.12014e-06 0.999994
0 0.105063 0.894937
6 0.999993 7.39057e-06
0 7.60743e-06 0.999992
6 0.968008 0.031992
6 0.999425 0.000574707
6 0.998913 0.00108689
6 0.95609 0.0439102
6 0.99936 0.00064049
6 0.948996 0.0510044
6 0.966963 0.0330367
6 0.995742 0.00425824
6 0.998171 0.00182946
0 0.00756091 0.992439
6 0.977508 0.0224921
0 0.000442355 0.999558
0 0.00130511 0.998695
6 0.877353 0.122647
0 4.85974e-05 0.999951
0 0.0356767 0.964323
6 0.709428 0.290572
6 0.955756 0.0442441
6 0.972571 0.0274288
6 0.999727 0.00027313
6 0.996998 0.00300173
6 0.968395 0.0316045
6 0.984981 0.0150191
6 0.999143 0.000856524
6 0.996099 0.00390148
6 0.999624 0.000375811
6 0.95544 0.0445596
6 0.997225 0.00277473
0 0.00124647 0.998754
0 5.84118e-05 0.999942
6 0.999638 0.000362245
0 2.41242e-05 0.999976
6 0.999995 5.40333e-06
0 0.00248394 0.997516
6 0.966548 0.0334521
6 0.958788 0.0412116
6 0.942459 0.0575407
0 0.000664061 0.999336
0 0.00487759 0.995122
6 0.957879 0.0421213
6 0.995873 0.00412722
6 0.999998 1.58474e-06
0 0.206427 0.793573
6 0.95772 0.04228
6 0.999845 0.000155327
6 0.970168 0.0298324
0 0.154904 0.845096
6 0.968068 0.0319322
6 0.984779 0.0152212
6 0.984473 0.0155274
6 0.999974 2.5769e-05
0 1e-07 1
6 0.970651 0.0293495
6 0.999949 5.08072e-05
6 0.957376 0.0426242
6 0.949801 0.0501986
6 0.999831 0.000168919
0 0.0570005 0.943
6 0.991704 0.00829596
6 0.950742 0.0492577
0 0.14414 0.85586
6 0.981442 0.0185581
6 0.963708 0.0362918
0 0.342934 0.657066
6 0.999727 0.000273053
0 1.42921e-07 1
6 0.997675 0.00232497
0 0.157153 0.842847
6 0.95475 0.04525
6 0.898032 0.101968
6 0.978038 0.0219615
6 0.999047 0.000952648
6 0.950981 0.0490187
6 0.963056 0.0369437
6 0.999302 0.00069807
0 1e-07 1
6 0.961588 0.0384119
0 2.55909e-06 0.999997
6 0.999993 6.94679e-06
6 0.998681 0.00131859
6 0.999635 0.000364752
6 0.967582 0.032418
6 0.999832 0.000167723
0 0.142562 0.857438
6 0.99984 0.000160419
6 0.99905 0.000950223
6 0.953271 0.0467292
6 0.96017 0.0398297
0 0.0098322 0.990168
0 0.115935 0.884065
6 1 3.75932e-07
0 1.6016e-06 0.999998
6 0.979624 0.020376
6 0.999818 0.000182001
0 5.86761e-06 0.999994
6 0.986505 0.0134951
6 0.960315 0.0396852
6 0.999957 4.30371e-05
0 0.0812756 0.918724
0 0.0551729 0.944827
0 0.0270835 0.972917
0 0.00768382 0.992316
0 0.293072 0.706928
6 0.99998 2.00799e-05
0 0.0979906 0.902009
6 0.960855 0.039145
6 0.98858 0.0114198
6 0.971035 0.0289646
6 0.999959 4.11068e-05
6 0.957843 0.042157
6 0.939865 0.0601354
0 0.105136 0.894864
6 0.976528 0.0234722
0 0.0304696 0.96953
0 0.008191 0.991809
6 0.960328 0.0396715
6 0.959079 0.0409213
6 0.999855 0.000145281
6 0.991119 0.00888057
6 0.960769 0.0392306
6 0.999795 0.000204632
0 0.0489974 0.951003
6 0.951596 0.0484036
0 1.31236e-06 0.999999
0 2.38939e-06 0.999998
6 0.894677 0.105323
6 0.971414 0.0285861
6 0.999986 1.35068e-05
0 7.05829e-05 0.999929
0 0.0160086 0.983991
6 0.89266 0.10734
6 0.987004 0.0129963
6 0.987482 0.0125177
0 0.223177 0.776823
0 0.0177923 0.982208
6 0.987631 0.0123692
6 0.993464 0.00653612
0 0.033401 0.966599
6 0.998556 0.00144412
6 0.997744 0.00225584
0 1e-07 1
6 0.995407 0.00459278
0 0.00217919 0.997821
6 0.994165 0.00583502
6 0.999597 0.00040267
6 0.978131 0.0218689
6 0.997064 0.00293581
0 1e-07 1
6 0.997251 0.00274887
6 0.96667 0.0333298
6 0.959929 0.0400713
0 3.10312e-07 1
0 8.16273e-07 0.999999
0 2.06108e-07 1
0 1e-07 1
6 0.999914 8.61275e-05
6 0.999772 0.000227591
6 0.69873 0.30127
6 0.998603 0.00139675
6 0.979104 0.0208956
0 0.0380694 0.961931
6 0.999864 0.000136153
6 0.955625 0.0443748
0 1e-07 1
0 1.93861e-07 1
0 1e-07 1
6 0.998241 0.00175945
6 0.99503 0.0049702
6 0.932273 0.0677271
0 0.00902521 0.990975
6 0.958006 0.0419942
6 0.999859 0.000141257
6 0.957744 0.0422559
0 0.266234 0.733766
0 1.06616e-07 1
6 0.958213 0.0417875
6 0.961501 0.0384987
6 0.987026 0.0129743
6 0.999897 0.000102715
6 0.957306 0.042694
6 0.976862 0.0231376
6 0.961713 0.0382871
6 0.956102 0.0438978
0 0.232142 0.767858
0 1e-07 1
0 0.000480478 0.99952
0 0.209115 0.790885
6 0.999997 3.00679e-06
0 0.129975 0.870025
6 0.958641 0.0413594
6 0.959891 0.0401094
6 0.991958 0.00804222
6 0.997602 0.00239833
6 0.968611 0.0313892
6 0.982351 0.0176489
6 0.931537 0.0684634
0 0.000757982 0.999242
0 0.190949 0.809051
6 0.999966 3.40229e-05
0 1e-07 1
6 0.960233 0.0397673
6 0.999702 0.00029769
6 0.999422 0.000578397
6 0.938812 0.0611883
6 0.988342 0.0116579
6 0.998957 0.00104339
6 0.959337 0.0406632
6 0.997023 0.00297654
6 0.953389 0.0466107
0 0.00121011 0.99879
6 0.99938 0.000620041
0 0.276994 0.723006
6 0.989118 0.0108823
0 1.94872e-06 0.999998
6 0.999815 0.000184509
6 0.972711 0.0272892
6 0.956134 0.0438662
6 0.905593 0.094407
6 0.999774 0.00022555
0 0.00327702 0.996723
6 0.999934 6.57434e-05
6 0.94602 0.0539804
6 1 1.47453e-07
6 0.999772 0.000227596
6 0.967214 0.0327857
6 0.610167 0.389833
6 0.999823 0.00017711
6 0.960507 0.039493
6 0.959601 0.0403995
0 2.26556e-06 0.999998
0 0.295513 0.704487
6 0.98083 0.0191695
0 0.0268869 0.973113
6 0.970479 0.0295208
0 0.000770655 0.999229
6 0.996442 0.00355785
6 0.999849 0.000150817
0 1e-07 1
6 0.822081 0.177919
0 0.00182281 0.998177
0 1e-07 1
0 0.164199 0.835801
0 0.00227391 0.997726
6 0.998896 0.00110402
0 9.31489e-06 0.999991
6 0.934685 0.0653151
6 0.963006 0.0369936
6 0.999836 0.000163837
6 0.995868 0.00413165
6 0.958039 0.0419615
0 1e-07 1
6 0.999219 0.000781009
6 0.74908 0.25092
6 0.966068 0.033932
6 0.871833 0.128167
6 0.999736 0.000264034
6 0.990897 0.00910331
6 0.960729 0.0392709
0 0.000618751 0.999381
6 0.687683 0.312317
6 0.964256 0.0357444
0 1e-07 1
6 0.976092 0.0239077
6 0.955674 0.0443261
0 0.0255459 0.974454
6 0.997331 0.00266891
6 0.925459 0.0745412
6 0.940786 0.0592136
6 0.974727 0.0252725
6 0.955347 0.0446533
6 0.74933 0.25067
0 0.0013272 0.998673
6 0.957636 0.0423642
6 0.882689 0.117311
6 0.750485 0.249515
0 0.00282192 0.997178
6 0.956241 0.0437589
0 0.30052 0.69948
6 0.996793 0.00320675
6 0.966367 0.0336331
0 0.219626 0.780374
6 0.748095 0.251905
6 0.954229 0.0457706
0 1e-07 1
0 0.068318 0.931682
6 0.998984 0.00101557
6 0.924614 0.0753862
6 0.904075 0.0959254
6 0.922271 0.0777291
6 0.957697 0.0423027
6 0.99911 0.000890104
0 0.0253206 0.974679
6 0.929938 0.0700623
6 0.965087 0.0349131
0 0.0668006 0.933199
6 0.999843 0.000156746
6 0.993745 0.00625455
6 0.99979 0.000209868
0 0.00945118 0.990549
6 0.968058 0.0319419
0 0.386508 0.613492
6 0.99913 0.000870411
0 0.137518 0.862482
0 1.98911e-05 0.99998
6 0.989519 0.010481
6 0.581934 0.418066
6 0.969374 0.0306263
0 0.0153236 0.984676
6 0.953245 0.0467553
0 0.00609949 0.993901
0 0.0174885 0.982511
0 9.94621e-06 0.99999
6 0.979304 0.0206962
0 0.000129454 0.999871
6 0.999891 0.000109289
6 0.917723 0.0822772
6 0.998982 0.00101784
6 0.961864 0.0381362
6 0.999387 0.000613033
6 0.926603 0.0733971
0 7.30341e-06 0.999993
6 0.970114 0.0298856
6 0.954844 0.0451564
6 0.952731 0.0472689
0 0.17706 0.82294
6 0.979417 0.0205827
0 5.06413e-06 0.999995
6 0.980077 0.0199227
6 0.998004 0.00199614
6 0.52159 0.47841
6 0.999986 1.41701e-05
6 0.990237 0.00976257
6 0.996531 0.00346919
6 0.981483 0.0185169
0 0.0429273 0.957073
6 0.962195 0.0378055
0 0.000565022 0.999435
6 0.996821 0.00317939
0 0.00348056 0.996519
0 1e-07 1
6 0.999379 0.000621432
0 0.0483464 0.951654
6 0.999883 0.00011695
0 0.126923 0.873077
6 0.999755 0.000245026
6 0.86785 0.13215
0 0.0128041 0.987196
0 0.000381857 0.999618
6 0.959595 0.0404053
6 0.956034 0.0439659
6 0.996941 0.003059
6 0.893824 0.106176
0 0.00044274 0.999557
6 0.998813 0.00118726
6 0.996003 0.00399689
6 0.957951 0.0420493
6 0.636141 0.363859
6 0.999956 4.37507e-05
0 0.000494802 0.999505
6 0.990618 0.00938156
6 0.960606 0.0393943
6 0.997736 0.00226393
6 0.959855 0.0401447
0 0.0184055 0.981595
6 0.999905 9.48812e-05
6 0.984156 0.0158436
6 0.999411 0.000589107
6 0.998834 0.00116596
6 0.963805 0.0361949
0 0.486437 0.513563
6 0.93492 0.0650804
6 0.684242 0.315758
6 0.963724 0.0362761
6 0.854137 0.145863
6 0.999853 0.00014745
6 0.941209 0.0587909
6 0.878734 0.121266
6 0.960527 0.039473
6 0.989262 0.010738
6 0.961361 0.0386388
6 0.869479 0.130521
0 2.70084e-06 0.999997
0 0.487008 0.512992
6 0.589393 0.410607
0 0.233235 0.766765
6 0.99423 0.00577025
0 0.00210414 0.997896
6 0.958993 0.0410071
6 0.892658 0.107342
6 0.96994 0.0300599
0 0.000919913 0.99908
6 0.988655 0.0113451
6 0.997399 0.00260058
6 0.960068 0.039932
6 0.955915 0.0440852
6 0.982095 0.0179052
0 0.0284499 0.97155
6 0.82381 0.17619
6 0.999993 7.24364e-06
0 1e-07 1
0 0.00066382 0.999336
0 0.290782 0.709218
6 0.957816 0.0421836
6 0.904068 0.095932
6 0.995585 0.00441534
0 0.000712678 0.999287
6 0.80767 0.19233
6 0.944536 0.0554642
6 0.87963 0.12037
6 0.918126 0.0818739
6 0.979621 0.0203789
0 0.121686 0.878314
0 1.61544e-06 0.999998
6 0.988564 0.0114361
0 1e-07 1
6 0.999744 0.000255966
6 0.982125 0.0178748
6 0.923378 0.0766224
0 0.0343559 0.965644
0 0.0187078 0.981292
6 0.961008 0.0389921
6 0.999733 0.000266844
0 0.0158673 0.984133
6 0.993416 0.00658425
6 0.999998 2.4691e-06
6 0.948764 0.0512365
6 0.998787 0.00121344
6 0.999993 7.32044e-06
0 0.0276246 0.972375
6 0.926905 0.0730952
0 0.000291504 0.999708
0 1e-07 1
0 0.0341047 0.965895
6 0.998659 0.00134135
6 0.92579 0.0742101
6 0.999926 7.44025e-05
6 0.976988 0.0230119
6 0.897354 0.102646
6 0.999988 1.16507e-05
6 0.995283 0.00471675
6 0.955063 0.0449371
0 3.5374e-05 0.999965
0 0.0377864 0.962214
6 0.999848 0.000152044
6 0.923948 0.0760517
0 0.00342598 0.996574
6 0.999885 0.00011536
6 0.987542 0.0124575
6 0.99999 9.54274e-06
6 0.965342 0.0346578
6 0.993153 0.00684694
0 0.40388 0.59612
6 0.982519 0.0174805
6 0.972111 0.0278886
6 0.594661 0.405339
6 0.791018 0.208982
6 0.998138 0.00186202
6 0.999929 7.05029e-05
6 0.999935 6.51002e-05
6 0.998769 0.00123051
0 5.1964e-05 0.999948
6 0.999353 0.00064738
6 0.999758 0.000241892
6 0.630849 0.369151
0 0.356817 0.643183
6 0.959792 0.0402079
6 0.922888 0.0771123
0 1e-07 1
0 0.237835 0.762165
0 0.0380122 0.961988
6 0.961153 0.038847
0 1.43451e-06 0.999999
6 0.998132 0.00186816
6 0.957981 0.0420192
0 6.43523e-06 0.999994
6 1 4.25694e-07
0 0.0182068 0.981793
6 0.988187 0.0118128
6 0.999967 3.32167e-05
6 0.999973 2.72439e-05
6 0.999817 0.000183015
6 0.9479 0.0520999
6 0.961383 0.0386166
6 0.995729 0.00427061
6 0.999367 0.000632731
6 0.999668 0.00033162
0 2.61651e-06 0.999997
6 0.965314 0.0346855
6 0.998987 0.00101348
6 0.96938 0.0306201
0 0.000105874 0.999894
0 0.482507 0.517493
6 0.999993 7.44893e-06
6 0.986286 0.0137144
6 0.981485 0.0185155
0 6.17385e-05 0.999938
0 0.00873419 0.991266
6 0.958071 0.0419286
0 2.6293e-05 0.999974
6 0.999793 0.000207082
6 0.967878 0.0321221
6 0.997682 0.00231759
6 0.966965 0.0330352
0 1e-07 1
6 0.809364 0.190636
6 0.999815 0.000185281
6 0.988467 0.0115326
6 0.998467 0.00153343
6 0.937015 0.0629851
6 0.985337 0.0146635
6 0.999927 7.27778e-05
6 0.939018 0.0609825
6 0.931662 0.068338
6 0.937714 0.0622861
6 0.995674 0.00432643
6 0.998696 0.00130418
6 0.968992 0.0310076
6 0.998212 0.00178831
6 0.946413 0.0535872
0 0.0169406 0.983059
6 0.996593 0.00340745
0 4.92301e-06 0.999995
0 0.000120379 0.99988
6 0.956503 0.0434966
0 0.00157299 0.998427
0 1e-07 1
6 0.964158 0.0358419
6 0.999757 0.000242994
0 0.00129153 0.998708
6 0.961151 0.0388487
6 0.921145 0.0788546
6 0.841066 0.158934
6 0.941092 0.0589081
6 1 4.87309e-07
0 0.00898833 0.991012
6 0.967774 0.0322256
6 0.987028 0.0129715
6 0.999993 6.69892e-06
0 0.0741361 0.925864
0 8.08217e-07 0.999999
0 0.0981459 0.901854
6 0.999999 8.861e-07
6 0.961475 0.0385247
6 0.968826 0.0311744
6 0.940671 0.0593288
0 3.1235e-06 0.999997
0 0.0250599 0.97494
0 0.409029 0.590971
6 0.968235 0.0317649
0 0.0770219 0.922978
6 0.892253 0.107747
6 0.976829 0.0231713
0 0.00957965 0.99042
6 0.961878 0.0381218
6 0.959315 0.0406847
6 0.737097 0.262903
6 0.954037 0.045963
6 0.963993 0.0360072
6 0.999033 0.000966812
6 0.99426 0.00574036
6 0.997886 0.00211355
0 1.31608e-07 1
0 1e-07 1
6 0.568704 0.431296
6 0.567966 0.432034
6 0.94951 0.0504895
6 0.934793 0.0652068
6 0.999996 3.55109e-06
6 0.959348 0.0406519
6 0.999351 0.000648804
6 0.974097 0.0259033
6 0.994274 0.00572608
6 0.961464 0.0385356
0 0.00130899 0.998691
0 1e-07 1
6 0.861305 0.138695
6 0.968348 0.0316519
6 0.879668 0.120332
6 0.990029 0.00997107
0 1e-07 1
6 0.956064 0.0439356
6 0.969083 0.0309175
6 0.999965 3.50025e-05
0 0.00506758 0.994932
6 0.996615 0.00338497
0 1.10822e-06 0.999999
6 0.916213 0.0837871
6 0.908583 0.0914173
6 0.962976 0.0370243
6 0.995886 0.0041144
6 0.958156 0.0418442
6 0.999711 0.00028935
6 0.972839 0.0271614
6 0.882684 0.117316
0 1.25033e-06 0.999999
6 0.962648 0.0373521
0 0.0550626 0.944937
0 0.00291448 0.997086
6 0.706996 0.293004
6 0.944235 0.0557653
0 1e-07 1
0 1.21057e-05 0.999988
6 0.997825 0.00217512
0 0.092376 0.907624
0 1e-07 1
6 0.986225 0.0137753
6 0.673399 0.326601
6 0.939656 0.0603442
6 0.980541 0.0194591
6 0.997 0.00300027
0 0.00608139 0.993919
6 0.971197 0.0288033
0 1e-07 1
0 9.45162e-05 0.999905
0 1e-07 1
6 0.99959 0.000410229
0 0.105554 0.894446
6 0.963012 0.0369884
6 0.998911 0.00108933
6 0.951991 0.0480086
6 0.956859 0.0431412
6 0.96035 0.0396504
0 0.176608 0.823392
0 0.179605 0.820395
0 1e-07 1
6 0.999851 0.000148533
0 0.0883144 0.911686
6 0.999796 0.000203941
6 0.936555 0.0634446
6 0.951272 0.0487283
0 1e-07 1
0 1e-07 1
0 0.00245632 0.997544
6 0.957074 0.0429265
6 0.968527 0.0314733
6 0.969112 0.0308883
6 0.950836 0.0491638
6 0.998933 0.00106673
0 4.34548e-06 0.999996
6 0.998205 0.00179495
6 0.908119 0.0918807
6 0.957359 0.0426406
6 0.997314 0.00268553
0 1.72755e-07 1
0 0.06215 0.93785
0 0.018898 0.981102
6 0.958957 0.0410428
6 0.906787 0.0932126
6 0.95952 0.0404799
0 0.289168 0.710832
6 0.999383 0.000617499
0 0.000319374 0.999681
6 0.999509 0.00049076
6 0.999897 0.000102694
6 0.999526 0.000473811
0 0.00811617 0.991884
6 0.954529 0.0454712
6 0.971171 0.0288294
6 0.958586 0.0414143
6 0.890782 0.109218
6 0.864003 0.135997
6 0.97206 0.0279396
6 0.975927 0.0240731
6 0.999077 0.000922652
6 0.999419 0.000580551
6 0.959592 0.0404084
6 0.997745 0.0022551
6 0.571421 0.428579
6 0.952251 0.047749
6 0.977681 0.0223194
6 0.999604 0.000395874
6 0.920035 0.0799648
6 0.997913 0.00208734
0 9.34122e-05 0.999907
6 0.999976 2.43048e-05
6 0.999531 0.000469177
0 0.000242207 0.999758
6 0.99967 0.000329526
6 0.955688 0.0443122
6 0.916666 0.0833338
0 0.000334389 0.999666
6 0.996229 0.00377126
6 0.958097 0.0419032
6 0.96719 0.0328095
6 0.957104 0.0428957
6 0.954536 0.0454637
6 0.731667 0.268333
0 0.0687654 0.931235
6 0.999891 0.000108785
6 0.998685 0.00131522
6 0.999965 3.46412e-05
6 0.956039 0.0439612
6 0.962947 0.0370529
6 0.935239 0.0647612
6 0.999001 0.00099859
0 1e-07 1
6 0.92222 0.0777804
6 0.645785 0.354215
6 0.972881 0.0271192
6 0.956981 0.0430189
6 0.999975 2.47759e-05
6 0.582727 0.417273
6 0.95888 0.0411196
6 0.969171 0.0308294
0 6.25658e-05 0.999937
6 0.999831 0.000169209
6 0.962223 0.0377774
0 0.00969929 0.990301
6 0.998113 0.00188657
6 0.956401 0.0435992
0 0.0369804 0.96302
6 0.999962 3.84301e-05
6 0.728329 0.271671
0 0.000886425 0.999114
6 0.957641 0.0423589
6 0.959999 0.040001
0 5.78355e-07 0.999999
0 0.0219537 0.978046
6 0.955814 0.0441863
6 0.956925 0.0430747
6 0.957326 0.0426744
6 0.959212 0.0407878
0 1.29401e-05 0.999987
0 0.00270739 0.997293
6 0.998506 0.00149395
6 0.965861 0.0341385
6 0.960236 0.0397643
0 1e-07 1
6 0.961869 0.0381313
6 0.945276 0.0547236
0 0.0689013 0.931099
6 0.956551 0.0434494
6 0.959974 0.0400259
6 0.956065 0.0439352
6 0.998881 0.00111926
6 0.998369 0.00163068
6 0.95723 0.0427697
0 0.0229699 0.97703
6 0.985671 0.0143291
6 0.90104 0.0989595
6 0.991555 0.00844522
0 0.036148 0.963852
6 0.991379 0.00862118
6 0.999991 8.5257e-06
6 0.970712 0.0292882
6 0.971663 0.0283367
6 0.999561 0.000439255
6 0.876458 0.123542
6 0.927957 0.0720434
6 0.974147 0.0258529
0 0.0957582 0.904242
0 0.00179087 0.998209
6 0.681642 0.318358
0 0.290088 0.709912
6 0.962833 0.037167
6 0.976504 0.0234962
6 0.999998 2.29279e-06
0 0.206332 0.793668
0 0.361049 0.638951
6 0.999888 0.000112092
6 0.999831 0.000169086
6 0.999542 0.000458294
6 0.962449 0.037551
6 0.987704 0.0122958
6 0.974358 0.0256424
6 0.909536 0.0904643
6 0.960863 0.0391373
6 0.994202 0.00579844
6 0.999793 0.000206651
6 0.97977 0.0202296
6 0.984868 0.0151318
0 0.0366226 0.963377
6 0.999573 0.000426849
6 0.974526 0.0254742
6 0.908923 0.0910772
6 0.999999 8.6261e-07
6 0.997912 0.00208841
6 0.950854 0.0491455
6 0.957757 0.042243
6 0.969489 0.0305109
6 0.999534 0.000466355
0 0.0184362 0.981564
6 0.963662 0.0363384
6 0.999903 9.7486e-05
6 0.950951 0.0490489
0 0.0655223 0.934478
6 0.999929 7.07022e-05
0 0.000528585 0.999471
6 0.996704 0.003296
0 1.20526e-06 0.999999
6 0.911291 0.0887085
6 0.999779 0.0002209
6 0.982188 0.017812
6 0.955852 0.0441483
0 0.0851251 0.914875
6 0.980613 0.0193869
0 0.0623984 0.937602
6 0.962108 0.0378923
6 0.960876 0.0391243
0 0.274833 0.725167
6 0.999613 0.000387287
6 0.992728 0.00727192
6 0.969578 0.030422
6 0.999072 0.000927633
6 0.960195 0.0398053
0 0.0785473 0.921453
0 0.0237434 0.976257
0 0.00460032 0.9954
0 0.183804 0.816196
0 0.00206239 0.997938
6 0.996918 0.00308246
6 0.997627 0.00237284
6 0.849433 0.150567
6 0.744747 0.255253
6 0.99639 0.00360962
6 0.953707 0.0462929
6 0.961728 0.0382723
6 0.962723 0.0372767
6 0.729078 0.270922
6 0.95948 0.0405198
0 0.0971353 0.902865
6 0.957811 0.0421887
0 0.0178985 0.982102
0 0.0136951 0.986305
6 0.956076 0.0439239
6 0.956293 0.0437071
6 0.999994 5.94643e-06
6 0.959053 0.0409474
0 0.000420843 0.999579
0 0.377447 0.622553
6 0.959153 0.0408473
6 0.991815 0.00818535
6 0.947414 0.0525865
0 0.00262012 0.99738
6 0.958571 0.0414288
6 0.971476 0.0285235
0 0.426345 0.573655
6 0.957849 0.0421508
0 0.0131064 0.986894
6 0.994777 0.00522295
6 0.958952 0.0410477
6 0.532893 0.467107
6 0.999905 9.48096e-05
6 0.990053 0.00994743
6 0.953971 0.0460288
6 0.92035 0.0796501
0 4.84046e-05 0.999952
0 2.07699e-07 1
6 0.999799 0.000201159
6 0.95713 0.0428698
6 0.999955 4.50935e-05
0 0.143945 0.856055
6 0.994236 0.00576414
0 0.00364969 0.99635
6 0.982965 0.0170355
6 0.986534 0.0134663
0 0.0210637 0.978936
6 0.998972 0.00102772
6 0.569673 0.430327
6 0.638111 0.361889
6 0.988834 0.0111661
6 0.995428 0.00457179
0 0.243864 0.756136
0 0.0372885 0.962711
6 0.984924 0.0150756
0 0.00118283 0.998817
6 0.999973 2.67502e-05
0 0.435704 0.564296
6 0.586827 0.413173
6 0.954911 0.0450888
6 0.999917 8.28427e-05
6 0.99684 0.00316049
6 0.879524 0.120476
6 0.96817 0.03183
6 0.959201 0.0407994
6 0.987039 0.0129607
0 6.83501e-06 0.999993
6 0.953612 0.046388
6 0.943085 0.0569149
6 0.999594 0.000405605
6 0.874387 0.125613
6 0.997172 0.00282809
6 0.999154 0.000846185
0 2.63337e-05 0.999974
0 0.000151593 0.999848
6 0.799885 0.200115
6 0.999378 0.000622196
6 0.981802 0.0181983
6 0.929517 0.0704828
6 0.92986 0.0701404
6 0.999999 1.21858e-06
6 0.937853 0.0621467
0 0.200911 0.799089
6 0.958083 0.0419167
0 1e-07 1
0 1.32355e-07 1
6 0.98695 0.0130502
