labels 6 5
5 3.21157e-06 0.999997
5 0.0296811 0.970319
6 0.793051 0.206949
5 1e-07 1
5 4.78694e-06 0.999995
5 0.382097 0.617903
6 0.793503 0.206497
5 0.0289913 0.971009
5 1e-07 1
5 1e-07 1
5 9.66517e-06 0.99999
6 0.992679 0.00732102
5 0.031929 0.968071
5 0.475661 0.524339
5 0.00144392 0.998556
5 1e-07 1
5 0.00010855 0.999891
5 0.00265922 0.997341
6 0.996225 0.00377507
6 0.849165 0.150835
6 0.989599 0.0104009
5 0.00385793 0.996142
5 0.00478924 0.995211
6 0.994706 0.0052938
6 0.997281 0.00271939
6 0.926097 0.0739026
6 0.991426 0.00857391
6 0.617833 0.382167
6 0.999527 0.000472506
5 0.0799632 0.920037
5 1e-07 1
5 1.44664e-05 0.999986
5 1e-07 1
5 0.00076182 0.999238
5 0.39576 0.60424
5 0.000207826 0.999792
5 0.358313 0.641687
6 0.997198 0.00280243
5 1e-07 1
5 0.00330834 0.996692
6 0.596442 0.403558
5 0.00118975 0.99881
5 0.00758816 0.992412
6 0.997514 0.00248553
5 0.329305 0.670695
5 0.0811829 0.918817
5 0.415483 0.584517
5 0.000881026 0.999119
5 2.79457e-07 1
5 0.00114927 0.998851
5 4.59048e-05 0.999954
5 2.92377e-07 1
5 7.9812e-06 0.999992
6 0.56947 0.43053
5 0.412451 0.587549
5 0.409561 0.590439
6 0.709837 0.290163
6 0.998474 0.00152603
6 0.986669 0.0133314
5 6.94504e-05 0.999931
5 0.0836159 0.916384
5 1.67339e-07 1
6 0.998303 0.00169697
5 0.154813 0.845187
5 1e-07 1
5 1e-07 1
5 0.152282 0.847718
6 0.923327 0.0766731
5 0.000190658 0.999809
5 2.62942e-06 0.999997
5 0.0571569 0.942843
5 0.00243752 0.997562
5 0.284451 0.715549
5 0.423663 0.576337
5 0.00261978 0.99738
5 1e-07 1
5 1e-07 1
5 0.00013918 0.999861
5 0.47715 0.52285
5 0.00398687 0.996013
5 0.203729 0.796271
5 0.024462 0.975538
5 5.67021e-06 0.999994
6 0.659835 0.340165
5 0.0130341 0.986966
5 0.46263 0.53737
5 0.438452 0.561548
5 0.458596 0.541404
5 4.10855e-05 0.999959
6 0.876781 0.123219
5 1e-07 1
5 0.021064 0.978936
5 0.00202814 0.997972
5 0.447723 0.552277
6 0.609252 0.390748
5 1e-07 1
6 0.909125 0.0908749
5 2.4338e-05 0.999976
6 0.800549 0.199451
6 0.998439 0.0015609
6 0.997502 0.00249833
5 2.66225e-05 0.999973
5 0.489397 0.510603
5 0.175359 0.824641
5 0.0218271 0.978173
5 8.85683e-07 0.999999
5 1e-07 1
5 0.431176 0.568824
5 0.00324557 0.996754
6 0.767722 0.232278
6 0.751714 0.248286
5 0.000135197 0.999865
5 0.00357746 0.996423
5 0.0175124 0.982488
5 0.00035615 0.999644
5 0.0156363 0.984364
5 1e-07 1
5 0.00441229 0.995588
5 2.999e-07 1
6 0.552755 0.447245
6 0.984098 0.0159016
6 0.996709 0.00329143
5 0.010941 0.989059
5 0.0077679 0.992232
5 0.315788 0.684212
5 0.200568 0.799432
5 0.0022015 0.997799
6 0.882836 0.117164
6 0.980861 0.0191391
5 0.124569 0.875431
6 0.859108 0.140892
5 0.000874082 0.999126
5 0.307931 0.692069
5 0.224319 0.775681
6 0.513166 0.486834
5 0.00998048 0.99002
6 0.901054 0.0989459
6 0.53949 0.46051
5 1e-07 1
5 0.101471 0.898529
6 0.748494 0.251506
5 0.224679 0.775321
5 0.188392 0.811608
5 0.000206033 0.999794
5 0.114005 0.885995
5 0.47421 0.52579
5 0.0193567 0.980643
5 0.0149519 0.985048
6 0.995769 0.00423128
5 0.34721 0.65279
5 0.241181 0.758819
5 0.0643842 0.935616
5 0.346618 0.653382
6 0.950448 0.0495522
5 0.372641 0.627359
5 0.00133768 0.998662
5 0.430646 0.569354
6 0.714683 0.285317
5 1e-07 1
5 0.0010409 0.998959
5 7.64382e-05 0.999924
5 1.02388e-05 0.99999
5 1e-07 1
5 0.0173067 0.982693
5 0.363266 0.636734
6 0.520033 0.479967
5 3.63459e-05 0.999964
5 0.111338 0.888662
5 0.0468346 0.953165
5 1e-07 1
5 1e-07 1
5 0.303018 0.696982
6 0.999777 0.000223332
6 0.997401 0.00259876
5 1e-07 1
5 0.022073 0.977927
5 2.0299e-05 0.99998
5 3.31294e-05 0.999967
5 3.64524e-05 0.999964
6 0.973602 0.0263978
5 0.000237377 0.999763
6 0.591972 0.408028
6 0.996497 0.00350308
6 0.993879 0.00612061
5 0.120101 0.879899
5 0.000172662 0.999827
6 0.988031 0.0119695
5 0.0800767 0.919923
6 0.992518 0.00748153
6 0.832049 0.167951
6 0.504449 0.495551
5 0.000307262 0.999693
5 0.279182 0.720818
5 0.373602 0.626398
5 0.367345 0.632655
5 0.000659134 0.999341
6 0.983617 0.0163832
5 0.00118537 0.998815
5 0.15294 0.84706
6 0.999408 0.000592047
5 0.00017659 0.999823
5 0.00210833 0.997892
6 0.538989 0.461011
6 0.999479 0.000520944
5 0.416306 0.583694
5 1e-07 1
5 0.00105373 0.998946
5 0.0454929 0.954507
6 0.996632 0.00336771
5 0.000821477 0.999179
6 0.588097 0.411903
5 1.06846e-05 0.999989
6 0.998086 0.00191394
5 0.00223824 0.997762
5 0.281888 0.718112
5 0.456821 0.543179
5 0.000261821 0.999738
5 2.84579e-05 0.999972
5 4.83567e-05 0.999952
6 0.954953 0.0450471
6 0.759947 0.240053
5 1e-07 1
5 0.000106884 0.999893
5 1.35638e-05 0.999986
5 0.397138 0.602862
5 1e-07 1
5 0.0210116 0.978988
6 0.5718 0.4282
5 0.0913493 0.908651
5 0.0139973 0.986003
6 0.999102 0.000898389
5 8.5667e-06 0.999991
5 0.0785271 0.921473
6 0.954449 0.0455506
5 0.391902 0.608098
5 0.00376823 0.996232
6 0.997006 0.00299416
6 0.999902 9.78084e-05
5 0.102537 0.897463
6 0.998367 0.00163298
5 7.2249e-05 0.999928
6 0.983001 0.0169987
5 5.26918e-06 0.999995
5 0.000383805 0.999616
5 0.000102435 0.999898
6 0.96849 0.0315096
6 0.916038 0.0839618
5 5.2471e-06 0.999995
5 5.16544e-05 0.999948
6 0.611424 0.388576
5 0.465062 0.534938
5 0.0134185 0.986581
5 0.000597898 0.999402
5 0.446816 0.553184
5 1e-07 1
6 0.857782 0.142218
5 0.499501 0.500499
6 0.995411 0.00458928
5 0.336495 0.663505
5 0.00286286 0.997137
6 0.528872 0.471128
5 1.0159e-06 0.999999
6 0.824296 0.175704
6 0.974394 0.0256057
5 1.82308e-06 0.999998
5 0.0256486 0.974351
5 1e-07 1
6 0.525247 0.474753
6 0.61566 0.38434
5 0.37455 0.62545
5 7.68521e-05 0.999923
6 0.826696 0.173304
5 0.140016 0.859984
6 0.982909 0.0170905
5 0.00121965 0.99878
5 0.214142 0.785858
5 0.000994393 0.999006
5 0.33365 0.66635
5 0.496042 0.503958
5 1e-07 1
5 0.332254 0.667746
5 0.0957394 0.904261
5 0.496583 0.503417
5 0.445563 0.554437
5 0.158414 0.841586
5 0.37257 0.62743
5 0.00241434 0.997586
6 0.946126 0.0538742
5 0.000624391 0.999376
5 0.488579 0.511421
5 7.22078e-05 0.999928
5 0.0807867 0.919213
6 0.991066 0.00893387
5 0.382491 0.617509
5 0.000656713 0.999343
5 1e-07 1
5 0.0158697 0.98413
5 1e-07 1
6 0.726999 0.273001
5 0.0096939 0.990306
5 1e-07 1
5 1e-07 1
6 0.969619 0.0303815
6 0.831628 0.168372
6 0.885658 0.114342
6 0.933721 0.0662794
5 0.0986001 0.9014
6 0.998153 0.0018474
5 1e-07 1
6 0.767453 0.232547
6 0.998909 0.00109108
6 0.969436 0.0305639
5 0.0013486 0.998651
5 3.83641e-07 1
6 0.623567 0.376433
5 0.0237984 0.976202
6 0.672648 0.327352
5 0.000723866 0.999276
5 0.000796684 0.999203
5 0.0583913 0.941609
5 0.000278264 0.999722
5 0.000618556 0.999381
5 5.92952e-06 0.999994
5 1.13475e-05 0.999989
5 0.00203273 0.997967
5 0.0845523 0.915448
5 0.0444012 0.955599
5 1.67147e-07 1
5 7.91953e-06 0.999992
6 0.999736 0.00026422
5 2.10355e-05 0.999979
6 0.968343 0.031657
5 0.00472364 0.995276
5 0.421625 0.578375
5 0.00135252 0.998647
6 0.99033 0.00967048
5 0.00114051 0.998859
5 1e-07 1
5 0.00064077 0.999359
5 0.0190626 0.980937
5 1e-07 1
6 0.995169 0.00483117
6 0.989112 0.0108885
5 0.000786523 0.999213
6 0.527513 0.472487
5 5.76137e-06 0.999994
5 0.00434722 0.995653
5 0.180256 0.819744
5 6.88081e-05 0.999931
5 0.000434198 0.999566
6 0.717557 0.282443
5 0.291972 0.708028
5 0.000141309 0.999859
5 0.00146967 0.99853
5 0.324229 0.675771
5 1e-07 1
6 0.712805 0.287195
5 0.000406579 0.999593
5 1e-07 1
5 5.71449e-05 0.999943
5 0.00107369 0.998926
6 0.524303 0.475697
6 0.571358 0.428642
5 0.446111 0.553889
5 1.24786e-05 0.999988
5 0.019817 0.980183
5 0.00107632 0.998924
5 0.0443618 0.955638
6 0.991841 0.0081586
6 0.535411 0.464589
6 0.618522 0.381478
6 0.790678 0.209322
5 0.000114136 0.999886
6 0.994942 0.00505753
6 0.610793 0.389207
5 1e-07 1
5 0.205046 0.794954
5 0.000102499 0.999898
5 0.45259 0.54741
5 1e-07 1
5 0.0123306 0.987669
5 0.00851136 0.991489
5 1e-07 1
5 0.00403255 0.995967
5 0.493868 0.506132
6 0.999795 0.000204614
6 0.981037 0.0189629
5 0.212676 0.787324
5 0.000469736 0.99953
6 0.994865 0.00513459
5 0.448155 0.551845
5 0.0109064 0.989094
5 0.00101024 0.99899
5 1e-07 1
5 0.000734086 0.999266
5 0.000929081 0.999071
6 0.967501 0.0324989
6 0.999037 0.000962585
6 0.996942 0.00305829
5 0.0183858 0.981614
6 0.986667 0.0133331
5 0.0765266 0.923473
5 0.00538083 0.994619
5 6.84302e-07 0.999999
6 0.678525 0.321475
5 0.000243463 0.999757
5 5.80678e-07 0.999999
5 0.0554397 0.94456
5 0.00301701 0.996983
5 0.0139479 0.986052
5 0.166732 0.833268
5 0.000141384 0.999859
5 0.485057 0.514943
5 0.0245274 0.975473
5 2.1255e-05 0.999979
5 1e-07 1
6 0.612509 0.387491
5 0.402638 0.597362
6 0.993005 0.00699516
5 1e-07 1
6 0.996132 0.003868
6 0.953224 0.0467759
6 0.998874 0.00112611
5 2.02646e-05 0.99998
5 0.000424249 0.999576
5 1e-07 1
5 0.127598 0.872402
6 0.998043 0.0019574
5 0.000481402 0.999519
6 0.999622 0.000377834
5 0.230727 0.769273
5 0.0013998 0.9986
5 0.00186176 0.998138
5 1.92285e-06 0.999998
6 0.606348 0.393652
5 4.99082e-05 0.99995
5 0.434268 0.565732
5 1e-07 1
5 1.04122e-06 0.999999
6 0.995193 0.00480701
6 0.516357 0.483643
5 1.86289e-05 0.999981
5 3.05733e-06 0.999997
6 0.976406 0.0235936
5 0.382995 0.617005
5 0.0636323 0.936368
6 0.808705 0.191295
5 1e-07 1
5 0.0361713 0.963829
6 0.990157 0.00984306
5 0.0479004 0.9521
6 0.999162 0.000838085
5 1.84422e-05 0.999982
5 0.318918 0.681082
5 0.2411 0.7589
6 0.992061 0.00793934
5 0.292632 0.707368
6 0.99827 0.0017298
6 0.811061 0.188939
5 1e-07 1
6 0.998924 0.00107631
5 0.00486503 0.995135
5 0.000320521 0.999679
6 0.932614 0.0673856
5 0.0645588 0.935441
6 0.998506 0.00149426
5 2.54304e-05 0.999975
5 0.337224 0.662776
6 0.997793 0.0022075
5 6.72991e-05 0.999933
5 0.39954 0.60046
6 0.967612 0.0323883
5 0.170008 0.829992
5 0.000164093 0.999836
6 0.992617 0.00738271
5 0.0849628 0.915037
6 0.960019 0.0399808
5 0.193694 0.806306
5 0.466236 0.533764
5 0.00090621 0.999094
6 0.996861 0.00313863
5 0.196816 0.803184
5 0.000115522 0.999884
6 0.63809 0.36191
5 3.47091e-05 0.999965
6 0.713339 0.286661
5 1.52907e-07 1
5 0.0033297 0.99667
5 6.08334e-05 0.999939
5 1e-07 1
5 0.00259299 0.997407
5 0.00171718 0.998283
5 8.54978e-05 0.999915
6 0.999186 0.000814267
5 0.0765678 0.923432
5 0.11311 0.88689
5 0.000139029 0.999861
5 0.00331079 0.996689
5 1.47541e-06 0.999999
6 0.992848 0.00715162
5 1.51449e-06 0.999998
5 1e-07 1
5 0.000135426 0.999865
5 0.375317 0.624683
6 0.882284 0.117716
6 0.994276 0.00572416
5 0.273825 0.726175
5 3.15931e-05 0.999968
5 1e-07 1
6 0.634709 0.365291
5 0.027977 0.972023
5 0.0101338 0.989866
5 1e-07 1
6 0.998686 0.00131429
5 0.0124941 0.987506
5 0.248736 0.751264
5 0.0357962 0.964204
5 0.222779 0.777221
5 1e-07 1
5 1e-07 1
5 0.302231 0.697769
6 0.995747 0.00425267
5 1e-07 1
6 0.990688 0.00931181
5 7.8597e-05 0.999921
6 0.98979 0.0102105
6 0.998233 0.00176663
5 1e-07 1
5 0.0126045 0.987396
6 0.894664 0.105336
5 0.0208545 0.979145
6 0.544317 0.455683
5 0.437832 0.562168
5 1e-07 1
5 0.00161693 0.998383
6 0.500009 0.499991
5 4.87486e-06 0.999995
6 0.875849 0.124151
6 0.635736 0.364264
5 1e-07 1
5 0.0323508 0.967649
6 0.870429 0.129571
5 0.000498047 0.999502
6 0.880515 0.119485
5 0.0022334 0.997767
6 0.997504 0.00249562
5 0.00101702 0.998983
5 0.00173374 0.998266
5 0.0136196 0.98638
5 0.0175389 0.982461
6 0.969746 0.0302537
6 0.787255 0.212745
6 0.827665 0.172335
6 0.718304 0.281696
6 0.993166 0.00683383
5 1e-07 1
6 0.641056 0.358944
5 0.00102023 0.99898
6 0.987558 0.0124418
5 0.423869 0.576131
6 0.895649 0.104351
6 0.979394 0.0206057
6 0.920417 0.0795834
5 0.00176174 0.998238
5 1e-07 1
5 5.47585e-05 0.999945
6 0.977759 0.0222415
6 0.614118 0.385882
5 0.000482713 0.999517
5 1e-07 1
5 0.00326525 0.996735
5 0.390595 0.609405
6 0.955159 0.0448405
5 0.357843 0.642157
5 0.47426 0.52574
5 0.00031025 0.99969
5 0.000388376 0.999612
5 0.453868 0.546132
6 0.997077 0.00292281
5 1e-07 1
5 0.485536 0.514464
5 0.00534271 0.994657
5 1e-07 1
5 2.58372e-05 0.999974
6 0.944203 0.0557974
6 0.914715 0.0852851
6 0.947622 0.0523778
5 0.451678 0.548322
5 0.152074 0.847926
5 0.421884 0.578116
5 2.3981e-05 0.999976
5 4.59439e-07 1
6 0.985445 0.0145548
5 0.00025375 0.999746
5 1e-07 1
5 0.243284 0.756716
5 0.00177076 0.998229
5 1e-07 1
5 9.22563e-07 0.999999
6 0.533246 0.466754
6 0.995456 0.00454438
5 1e-07 1
6 0.995898 0.00410189
6 0.767136 0.232864
5 0.262994 0.737006
5 0.00147861 0.998521
5 1.05401e-05 0.999989
5 8.55473e-06 0.999991
6 0.991108 0.00889168
6 0.987926 0.0120738
6 0.985055 0.014945
6 0.949966 0.0500345
5 0.0568058 0.943194
5 1e-07 1
6 0.882117 0.117883
5 0.000975834 0.999024
5 0.203982 0.796018
5 0.00126618 0.998734
6 0.687664 0.312336
5 1e-07 1
5 4.09591e-06 0.999996
5 1e-07 1
5 1.94322e-05 0.999981
6 0.958317 0.0416832
6 0.590728 0.409272
6 0.993416 0.00658355
5 0.0417334 0.958267
6 0.998002 0.00199797
5 0.0197106 0.980289
5 0.014627 0.985373
5 0.00116147 0.998839
6 0.982782 0.0172183
5 1e-07 1
6 0.972253 0.0277474
5 0.223926 0.776074
5 1.28239e-07 1
5 0.276514 0.723486
6 0.577255 0.422745
5 0.00417971 0.99582
6 0.991156 0.00884378
5 1.89359e-07 1
6 0.968767 0.0312331
5 0.348499 0.651501
5 0.000392171 0.999608
5 0.0272168 0.972783
5 0.0100219 0.989978
5 0.0722509 0.927749
5 0.0340018 0.965998
5 0.000529317 0.999471
5 0.000579716 0.99942
5 1e-07 1
6 0.989994 0.0100058
6 0.975347 0.0246534
6 0.504398 0.495602
5 0.00190223 0.998098
5 1e-07 1
6 0.952932 0.0470683
5 0.489343 0.510657
5 0.000214836 0.999785
5 0.00508234 0.994918
5 0.0336768 0.966323
5 0.00622409 0.993776
6 0.999389 0.000610714
5 0.00103554 0.998964
6 0.984004 0.0159964
5 0.154586 0.845414
6 0.973036 0.0269637
5 0.00266026 0.99734
6 0.984352 0.0156477
5 0.000207324 0.999793
5 5.72047e-06 0.999994
5 0.488841 0.511159
5 0.000493953 0.999506
5 5.36385e-05 0.999946
6 0.998936 0.00106376
5 5.62035e-06 0.999994
6 0.937044 0.0629558
5 0.41474 0.58526
5 0.337931 0.662069
5 4.27821e-06 0.999996
5 0.463848 0.536152
5 2.23611e-05 0.999978
5 0.0328184 0.967182
6 0.956473 0.0435272
5 0.29476 0.70524
5 0.16398 0.83602
5 0.00104028 0.99896
5 0.0170852 0.982915
5 0.47768 0.52232
5 0.0246751 0.975325
5 0.0346708 0.965329
5 0.405366 0.594634
5 0.0405735 0.959427
5 0.0281474 0.971853
5 2.95974e-06 0.999997
6 0.507307 0.492693
6 0.501645 0.498355
5 0.000363705 0.999636
5 0.388486 0.611514
5 7.40082e-07 0.999999
5 0.0020898 0.99791
5 1e-07 1
5 0.178396 0.821604
6 0.701974 0.298026
5 9.63061e-05 0.999904
6 0.985162 0.014838
5 0.00231245 0.997688
5 0.0051531 0.994847
5 1e-07 1
5 0.000254593 0.999745
6 0.994938 0.00506157
5 0.000697479 0.999303
5 1e-07 1
5 0.382937 0.617063
5 7.78101e-05 0.999922
5 0.441678 0.558322
6 0.956662 0.0433381
5 0.000151484 0.999849
6 0.999998 2.15697e-06
5 9.03845e-07 0.999999
5 5.64172e-05 0.999944
6 0.996333 0.00366709
5 3.84332e-05 0.999962
6 0.733869 0.266131
5 1e-07 1
5 0.164201 0.835799
5 0.00147487 0.998525
5 0.465463 0.534537
6 0.990032 0.00996774
5 4.07599e-06 0.999996
5 0.00810767 0.991892
5 0.165444 0.834556
5 0.479744 0.520256
5 1e-07 1
5 0.00842497 0.991575
5 0.0234311 0.976569
5 0.464668 0.535332
5 0.0481542 0.951846
5 0.0405716 0.959428
6 0.997859 0.00214121
6 0.996507 0.00349345
6 0.66299 0.33701
5 1e-07 1
5 0.00045008 0.99955
6 0.694104 0.305896
5 6.87751e-06 0.999993
5 0.422716 0.577284
5 6.32656e-06 0.999994
5 0.0015859 0.998414
5 0.0187167 0.981283
6 0.993519 0.00648071
5 0.474455 0.525545
5 2.59013e-05 0.999974
6 0.995649 0.004351
5 0.0349886 0.965011
6 0.962012 0.037988
5 0.00257418 0.997426
5 9.42423e-06 0.999991
5 0.220401 0.779599
6 0.954533 0.045467
5 0.00140814 0.998592
6 0.998616 0.00138374
5 0.00427465 0.995725
6 0.778988 0.221012
6 0.64417 0.35583
5 1.42372e-05 0.999986
5 9.49905e-05 0.999905
5 1.04532e-07 1
5 1e-07 1
5 1.52437e-05 0.999985
6 0.989525 0.010475
5 1e-07 1
6 0.988686 0.0113144
5 0.0010685 0.998932
5 0.138669 0.861331
5 0.414652 0.585348
6 0.970601 0.0293994
6 0.926947 0.0730527
5 7.07045e-06 0.999993
5 2.33993e-05 0.999977
6 0.998988 0.0010124
6 0.899226 0.100774
5 0.00013708 0.999863
5 0.284853 0.715147
6 0.785933 0.214067
5 0.00391587 0.996084
5 5.8486e-05 0.999942
5 0.00135041 0.99865
6 0.900401 0.0995986
5 0.0141047 0.985895
6 0.992654 0.0073458
6 0.989078 0.0109218
6 0.998628 0.00137225
6 0.994243 0.00575712
5 0.000122209 0.999878
5 0.000509577 0.99949
5 0.126171 0.873829
5 0.338927 0.661073
5 0.0382743 0.961726
5 1e-07 1
5 7.17314e-05 0.999928
5 1e-07 1
6 0.995442 0.00455799
5 8.71389e-06 0.999991
6 0.925893 0.0741067
6 0.983215 0.0167853
6 0.866836 0.133164
5 7.05024e-05 0.999929
5 0.00031048 0.99969
5 1.71523e-07 1
5 0.00131647 0.998684
6 0.997224 0.00277632
5 0.0210382 0.978962
5 0.00408129 0.995919
5 0.152613 0.847387
5 0.00231019 0.99769
6 0.551124 0.448876
5 0.000370911 0.999629
5 1e-07 1
5 0.00471123 0.995289
5 0.386047 0.613953
5 0.00114766 0.998852
6 0.71949 0.28051
5 0.206017 0.793983
5 1e-07 1
5 0.0388421 0.961158
5 0.000356834 0.999643
5 0.250484 0.749516
5 0.000225005 0.999775
5 1e-07 1
6 0.992364 0.00763647
5 0.00178671 0.998213
5 0.418719 0.581281
5 0.00961802 0.990382
6 0.999421 0.000579394
5 0.000766421 0.999234
6 0.984679 0.0153206
5 0.00146993 0.99853
5 0.330258 0.669742
6 0.976932 0.0230683
6 0.961484 0.0385165
5 4.55682e-06 0.999995
5 0.00156918 0.998431
5 0.000657564 0.999342
5 0.000283835 0.999716
5 0.0551062 0.944894
5 0.00292537 0.997075
5 1e-07 1
5 7.50078e-07 0.999999
5 0.481966 0.518034
5 1e-07 1
6 0.539021 0.460979
5 8.3617e-05 0.999916
6 0.960805 0.0391947
5 0.000111567 0.999888
6 0.750374 0.249626
5 0.264792 0.735208
5 0.0562446 0.943755
6 0.635561 0.364439
5 7.503e-06 0.999992
5 1.5323e-05 0.999985
6 0.994832 0.00516843
6 0.954063 0.0459366
6 0.999897 0.00010283
5 0.411754 0.588246
5 0.196352 0.803648
5 0.0588802 0.94112
5 0.109363 0.890637
5 1e-07 1
6 0.703402 0.296598
5 0.000196125 0.999804
5 7.19028e-05 0.999928
5 0.00545377 0.994546
5 3.64147e-07 1
5 1e-07 1
6 0.742978 0.257022
5 4.76689e-07 1
5 0.483427 0.516573
6 0.517549 0.482451
5 0.471287 0.528713
5 1.8539e-05 0.999981
5 3.68328e-05 0.999963
5 0.000491779 0.999508
5 1.65035e-06 0.999998
5 0.00117802 0.998822
6 0.571896 0.428104
5 0.395997 0.604003
5 1e-07 1
6 0.999937 6.26772e-05
6 0.507778 0.492222
5 0.00124623 0.998754
5 9.7487e-05 0.999903
5 0.00116065 0.998839
6 0.539528 0.460472
5 0.00204582 0.997954
5 0.451001 0.548999
5 0.19846 0.80154
5 0.000571789 0.999428
5 2.51563e-07 1
6 0.51713 0.48287
5 0.00220632 0.997794
6 0.665601 0.334399
5 0.25831 0.74169
5 4.64073e-05 0.999954
5 0.0130727 0.986927
5 0.000882645 0.999117
5 0.00760558 0.992394
5 0.306618 0.693382
5 0.000598272 0.999402
5 0.478623 0.521377
5 7.39567e-05 0.999926
5 9.97564e-06 0.99999
6 0.980951 0.0190486
5 0.194587 0.805413
5 3.49835e-07 1
5 0.00218451 0.997815
5 0.00457947 0.995421
5 0.36772 0.63228
6 0.791931 0.208069
6 0.920121 0.0798795
5 0.00146739 0.998533
6 0.941076 0.0589242
6 0.627525 0.372475
6 0.999851 0.000149432
5 0.00182424 0.998176
5 0.01062 0.98938
6 0.954523 0.0454771
5 8.21932e-05 0.999918
5 1.94742e-05 0.999981
6 0.822773 0.177227
6 0.976382 0.0236178
5 0.316006 0.683994
6 0.999947 5.26884e-05
5 0.463231 0.536769
5 7.42016e-05 0.999926
5 0.000113702 0.999886
5 0.000428457 0.999572
5 6.04206e-05 0.99994
5 0.00580331 0.994197
5 0.430198 0.569802
5 1e-07 1
5 1e-07 1
5 0.154321 0.845679
5 0.156973 0.843027
6 0.949379 0.0506209
5 0.468892 0.531108
5 0.0255929 0.974407
5 7.48083e-05 0.999925
5 0.0339488 0.966051
6 0.608997 0.391003
5 2.1919e-06 0.999998
6 0.966548 0.0334516
5 1.36588e-05 0.999986
5 0.000686247 0.999314
5 0.191215 0.808785
5 5.34844e-05 0.999947
5 0.299403 0.700597
6 0.994993 0.005007
5 0.00485851 0.995141
5 0.000166394 0.999834
5 0.356179 0.643821
6 0.894512 0.105488
5 0.379877 0.620123
5 1e-07 1
6 0.997746 0.00225415
5 0.00564722 0.994353
5 1e-07 1
5 0.0621199 0.93788
5 0.487999 0.512001
5 1e-07 1
6 0.600206 0.399794
6 0.532656 0.467344
5 0.0225831 0.977417
5 0.442603 0.557397
5 7.38934e-06 0.999993
5 0.343375 0.656625
5 8.96583e-06 0.999991
5 0.000240348 0.99976
5 0.000495444 0.999505
5 0.0414654 0.958535
5 0.000884323 0.999116
5 0.00119758 0.998802
6 0.761139 0.238861
6 0.998317 0.00168264
6 0.981609 0.0183911
5 0.00121763 0.998782
6 0.63005 0.36995
5 0.435165 0.564835
5 0.00017684 0.999823
6 0.978544 0.0214557
5 0.288157 0.711843
5 1e-07 1
5 0.00571023 0.99429
6 0.998326 0.00167366
5 3.92472e-05 0.999961
5 2.15727e-05 0.999978
5 0.00595903 0.994041
6 0.562511 0.437489
5 0.321054 0.678946
6 0.778111 0.221889
5 0.000226966 0.999773
5 0.248474 0.751526
6 0.987692 0.0123077
6 0.995963 0.00403725
5 1.60361e-05 0.999984
5 3.30645e-07 1
5 0.0287172 0.971283
5 2.46741e-06 0.999998
6 0.684158 0.315842
6 0.613241 0.386759
5 0.464023 0.535977
5 4.20585e-05 0.999958
5 1e-07 1
5 1.17766e-05 0.999988
5 0.00929944 0.990701
5 1.56818e-05 0.999984
5 0.385771 0.614229
5 0.000415471 0.999585
5 0.295678 0.704322
6 0.918216 0.0817843
5 0.000249291 0.999751
6 0.751409 0.248591
6 0.992936 0.00706355
5 1.39777e-07 1
6 0.994483 0.00551683
5 0.0012294 0.998771
5 0.00183043 0.99817
5 1.64152e-06 0.999998
5 2.20486e-06 0.999998
5 0.00344334 0.996557
5 8.02972e-06 0.999992
5 0.340761 0.659239
6 0.954389 0.0456113
5 5.69258e-05 0.999943
5 0.000369792 0.99963
5 6.40824e-07 0.999999
5 0.0329499 0.96705
6 0.542564 0.457436
6 0.995101 0.00489876
5 0.0010217 0.998978
5 1.76329e-06 0.999998
6 0.738081 0.261919
6 0.99024 0.0097598
6 0.98499 0.0150095
5 0.294123 0.705877
5 0.484499 0.515501
5 0.426131 0.573869
5 0.0600429 0.939957
5 1e-07 1
6 0.994562 0.00543842
5 0.22437 0.77563
5 5.22317e-07 0.999999
5 0.00242167 0.997578
5 0.287366 0.712634
5 0.280514 0.719486
5 0.460612 0.539388
5 0.00122335 0.998777
5 0.352847 0.647153
5 2.37124e-05 0.999976
5 1e-07 1
5 1.26893e-07 1
5 0.0631218 0.936878
5 0.00363021 0.99637
6 0.999542 0.000457771
6 0.580883 0.419117
5 0.268783 0.731217
6 0.91421 0.0857899
5 0.000251336 0.999749
6 0.869164 0.130836
5 2.16002e-06 0.999998
6 0.985132 0.0148683
5 0.0114925 0.988508
5 0.0720858 0.927914
5 0.404865 0.595135
5 2.55985e-07 1
5 3.11613e-05 0.999969
5 1e-07 1
6 0.514856 0.485144
5 0.00339112 0.996609
5 0.0024293 0.997571
5 0.00378966 0.99621
5 0.000184687 0.999815
6 0.995535 0.00446527
5 0.0282924 0.971708
5 1.68634e-05 0.999983
5 2.13767e-06 0.999998
5 0.000447588 0.999552
5 0.00303123 0.996969
5 1e-07 1
5 0.000307056 0.999693
5 0.0233298 0.97667
6 0.517692 0.482308
5 0.00088168 0.999118
5 2.58576e-07 1
6 0.997762 0.00223759
6 0.967903 0.0320965
5 6.67488e-06 0.999993
5 0.0126671 0.987333
5 0.264576 0.735424
5 0.00445168 0.995548
6 0.602269 0.397731
5 0.00087213 0.999128
6 0.998345 0.0016545
6 0.523983 0.476017
5 0.00313703 0.996863
5 0.000521374 0.999479
5 0.00678546 0.993215
6 0.846399 0.153601
5 0.426586 0.573414
5 0.323126 0.676874
5 1e-07 1
5 1e-07 1
5 0.0109617 0.989038
5 1e-07 1
5 0.000437545 0.999562
6 0.997288 0.0027118
5 0.0242547 0.975745
5 0.203401 0.796599
6 0.533683 0.466317
6 0.764357 0.235643
5 0.000958184 0.999042
5 0.330605 0.669395
6 0.999359 0.000640733
6 0.962002 0.0379977
5 0.00315517 0.996845
5 0.0373836 0.962616
5 1.33938e-07 1
6 0.618157 0.381843
5 0.00904041 0.99096
5 1.13194e-05 0.999989
5 1e-07 1
5 0.00563991 0.99436
5 0.0274626 0.972537
5 0.4587 0.5413
5 0.0106342 0.989366
5 1e-07 1
5 7.29082e-05 0.999927
5 0.00732751 0.992672
5 0.000179186 0.999821
6 0.925256 0.0747443
6 0.969398 0.0306022
6 0.591891 0.408109
5 0.283938 0.716062
5 4.4264e-05 0.999956
6 0.98956 0.0104401
5 1e-07 1
5 0.0108222 0.989178
5 0.119406 0.880594
5 0.0113564 0.988644
5 0.0137368 0.986263
5 7.34012e-06 0.999993
5 0.0394237 0.960576
5 1e-07 1
6 0.596791 0.403209
5 0.00687239 0.993128
6 0.993201 0.00679922
6 0.843823 0.156177
5 0.000772969 0.999227
6 0.995535 0.00446478
6 0.538318 0.461682
6 0.977535 0.0224651
6 0.772217 0.227783
5 8.47226e-06 0.999992
5 1.58923e-05 0.999984
5 0.00119672 0.998803
5 0.000314675 0.999685
5 0.399986 0.600014
5 1e-07 1
5 5.73884e-07 0.999999
6 0.970579 0.0294206
5 1.46898e-06 0.999999
5 1e-07 1
5 0.466738 0.533262
6 0.55876 0.44124
5 0.0835157 0.916484
5 0.118853 0.881147
5 4.07269e-07 1
6 0.97692 0.0230803
6 0.524231 0.475769
5 0.0222753 0.977725
5 0.310512 0.689488
5 0.411264 0.588736
5 0.473959 0.526041
5 0.42605 0.57395
5 0.00184005 0.99816
6 0.996615 0.00338534
5 2.1794e-05 0.999978
5 0.0140047 0.985995
6 0.599107 0.400893
5 0.0489864 0.951014
6 0.52907 0.47093
6 0.999617 0.000383214
5 0.081721 0.918279
5 0.0020726 0.997927
5 9.91565e-06 0.99999
5 0.479463 0.520537
5 1.99225e-05 0.99998
5 4.72692e-07 1
6 0.864017 0.135983
5 0.000297488 0.999703
6 0.995244 0.00475578
5 0.0161838 0.983816
5 0.00115842 0.998842
5 0.397229 0.602771
5 0.00376154 0.996238
6 0.821477 0.178523
5 9.88922e-06 0.99999
5 1e-07 1
5 0.00845461 0.991545
5 0.488723 0.511277
6 0.681304 0.318696
5 1e-07 1
6 0.795014 0.204986
6 0.99384 0.00616027
5 0.334671 0.665329
6 0.822563 0.177437
5 8.4592e-06 0.999992
5 0.414685 0.585315
6 0.988318 0.0116824
6 0.949398 0.0506019
5 0.00726585 0.992734
5 0.473379 0.526621
5 0.000661259 0.999339
6 0.998143 0.00185694
5 0.0257913 0.974209
6 0.999575 0.000425128
5 0.489529 0.510471
5 0.000283555 0.999716
6 0.995163 0.0048366
5 1e-07 1
5 3.21214e-05 0.999968
5 0.0101121 0.989888
6 0.736729 0.263271
6 0.602278 0.397722
6 0.997757 0.0022426
5 1.40316e-05 0.999986
5 0.457142 0.542858
5 0.0020658 0.997934
6 0.991094 0.00890634
5 2.39045e-05 0.999976
6 0.506106 0.493894
6 0.503749 0.496251
6 0.660272 0.339728
6 0.575166 0.424834
5 1e-07 1
5 0.124501 0.875499
5 0.469221 0.530779
5 0.000108389 0.999892
6 0.992005 0.00799494
5 0.464764 0.535236
5 5.7683e-07 0.999999
6 0.995498 0.00450194
5 0.499852 0.500148
6 0.984539 0.0154609
6 0.992475 0.00752454
5 0.0767061 0.923294
5 0.000788092 0.999212
6 0.512509 0.487491
5 1e-07 1
6 0.685234 0.314766
5 1e-07 1
5 0.000165806 0.999834
6 0.505449 0.494551
5 4.72415e-06 0.999995
6 0.997057 0.00294264
5 1e-07 1
5 0.397984 0.602016
5 0.000114897 0.999885
5 0.0021174 0.997883
5 0.00303489 0.996965
5 0.426589 0.573411
5 0.0520716 0.947928
5 0.00059445 0.999406
6 0.930627 0.0693734
5 1.93442e-05 0.999981
5 0.00128504 0.998715
5 0.00302556 0.996974
6 0.64964 0.35036
5 0.0304348 0.969565
5 1.47036e-05 0.999985
5 0.00472844 0.995272
5 0.124573 0.875427
5 0.02961 0.97039
6 0.97723 0.0227699
6 0.993299 0.00670104
5 0.487531 0.512469
6 0.916717 0.083283
6 0.999293 0.00070711
6 0.991478 0.00852231
5 1.92182e-05 0.999981
6 0.999496 0.000503855
5 0.000245336 0.999755
5 0.359742 0.640258
5 0.447615 0.552385
6 0.517089 0.482911
6 0.923826 0.0761736
6 0.798257 0.201743
5 0.00088651 0.999113
6 0.979372 0.020628
5 0.0250727 0.974927
5 1.32551e-05 0.999987
6 0.992836 0.00716377
5 0.0145195 0.985481
5 0.0498415 0.950158
5 0.0021861 0.997814
6 0.999444 0.000555652
5 0.00354868 0.996451
5 1e-07 1
6 0.773807 0.226193
5 0.000784549 0.999215
6 0.982755 0.0172449
5 0.0567578 0.943242
6 0.686087 0.313913
5 1.04956e-06 0.999999
6 0.956371 0.0436293
5 0.0376515 0.962349
5 2.43041e-05 0.999976
6 0.722499 0.277501
5 0.03753 0.96247
5 1e-07 1
5 2.22624e-05 0.999978
6 0.982244 0.0177563
5 1e-07 1
5 0.458887 0.541113
5 0.101198 0.898802
5 1e-07 1
5 0.00481789 0.995182
5 0.479317 0.520683
5 0.14123 0.85877
6 0.571967 0.428033
5 0.0171267 0.982873
6 0.989111 0.0108885
5 1e-07 1
5 0.400513 0.599487
5 1e-07 1
6 0.954373 0.0456274
5 0.433679 0.566321
5 0.00191031 0.99809
5 3.5192e-05 0.999965
5 2.66485e-05 0.999973
5 2.81771e-06 0.999997
5 0.420182 0.579818
5 0.229229 0.770771
5 3.29304e-06 0.999997
6 0.983429 0.0165708
5 0.0313786 0.968621
5 0.00018197 0.999818
6 0.861401 0.138599
5 5.55351e-05 0.999944
6 0.986549 0.0134512
6 0.994465 0.00553521
5 0.00034377 0.999656
5 0.00127983 0.99872
5 7.41014e-06 0.999993
5 3.24379e-06 0.999997
5 0.0012096 0.99879
5 0.351701 0.648299
5 9.83454e-05 0.999902
5 0.0241396 0.97586
5 7.69336e-05 0.999923
5 0.0423215 0.957678
6 0.57986 0.42014
6 0.953178 0.046822
5 2.05665e-06 0.999998
5 0.467133 0.532867
5 0.000705926 0.999294
6 0.824065 0.175935
6 0.514009 0.485991
5 4.49011e-06 0.999996
6 0.858808 0.141192
5 0.111793 0.888207
5 0.00227641 0.997724
5 6.63131e-05 0.999934
5 0.000708126 0.999292
6 0.950896 0.0491041
5 0.0833285 0.916672
5 0.0253702 0.97463
5 1e-07 1
5 1.58599e-07 1
6 0.985522 0.0144778
6 0.999291 0.00070886
6 0.997798 0.00220229
5 0.0123002 0.9877
6 0.999996 3.83783e-06
6 0.550471 0.449529
5 0.0792421 0.920758
6 0.988508 0.0114917
6 0.992637 0.00736345
5 1e-07 1
5 0.0653603 0.93464
5 0.047006 0.952994
5 0.162285 0.837715
6 0.973431 0.0265686
5 1.68876e-05 0.999983
6 0.99629 0.00371029
6 0.974768 0.0252316
6 0.54376 0.45624
5 0.0249529 0.975047
5 0.28646 0.71354
5 0.00728409 0.992716
5 0.00356119 0.996439
5 0.38292 0.61708
5 0.000528551 0.999471
6 0.732743 0.267257
5 0.124713 0.875287
5 0.404714 0.595286
5 9.91518e-07 0.999999
5 0.00498237 0.995018
5 0.00119454 0.998805
5 0.00203334 0.997967
5 0.000159261 0.999841
6 0.983452 0.0165476
6 0.983861 0.0161386
5 0.483388 0.516612
5 1.03376e-07 1
5 0.116745 0.883255
5 1e-07 1
6 0.997332 0.0026676
5 3.02832e-05 0.99997
5 0.000586087 0.999414
5 0.360582 0.639418
6 0.506729 0.493271
5 0.000138691 0.999861
6 0.988978 0.0110222
6 0.868226 0.131774
5 0.0401067 0.959893
6 0.997262 0.0027376
5 0.00644132 0.993559
5 0.436866 0.563134
5 0.00467926 0.995321
5 1e-07 1
5 0.471261 0.528739
6 0.87272 0.12728
5 0.360071 0.639929
5 0.000231917 0.999768
5 0.173236 0.826764
6 0.882761 0.117239
5 0.305964 0.694036
5 0.00548238 0.994518
5 0.0011964 0.998804
6 0.953095 0.0469053
5 0.133116 0.866884
5 0.00274552 0.997254
5 0.360177 0.639823
5 0.000419413 0.999581
6 0.902961 0.0970385
6 0.996345 0.00365482
6 0.754367 0.245633
5 0.0404482 0.959552
5 1e-07 1
5 1e-07 1
5 0.432721 0.567279
6 0.695235 0.304765
5 0.00353497 0.996465
5 1.26489e-06 0.999999
5 1.42466e-06 0.999999
5 0.000637352 0.999363
6 0.91099 0.0890099
6 0.999529 0.00047134
6 0.573928 0.426072
6 0.947396 0.052604
5 1e-07 1
5 1e-07 1
5 1.60041e-05 0.999984
5 0.00062287 0.999377
5 0.205927 0.794073
5 0.137611 0.862389
6 0.983204 0.016796
5 1e-07 1
6 0.998355 0.00164516
6 0.563941 0.436059
6 0.616618 0.383382
5 0.338342 0.661658
6 0.995258 0.00474187
5 0.433999 0.566001
5 0.406532 0.593468
5 1e-07 1
5 1e-07 1
5 1e-07 1
5 0.155205 0.844795
6 0.993957 0.00604339
6 0.998157 0.00184271
6 0.983107 0.016893
5 1e-07 1
5 0.000557117 0.999443
5 0.113716 0.886284
6 0.972887 0.027113
5 0.00120184 0.998798
5 0.00251662 0.997483
5 0.064642 0.935358
6 0.511509 0.488491
6 0.994878 0.0051215
5 0.000560095 0.99944
5 0.000139052 0.999861
5 0.471136 0.528864
6 0.998065 0.00193454
6 0.999714 0.00028572
6 0.741463 0.258537
5 1.80691e-05 0.999982
5 0.478151 0.521849
5 2.0952e-07 1
6 0.999092 0.000907799
5 0.177545 0.822455
6 0.995091 0.00490879
5 0.0300714 0.969929
5 0.0019362 0.998064
5 0.000547045 0.999453
5 1e-07 1
5 0.00255153 0.997448
6 0.99623 0.00376992
5 0.383178 0.616822
5 0.00338378 0.996616
6 0.915653 0.0843469
5 0.279967 0.720033
6 0.616722 0.383278
5 1e-07 1
5 1e-07 1
5 0.00139015 0.99861
6 0.724578 0.275422
5 0.000575155 0.999425
5 0.000966577 0.999033
5 0.0137236 0.986276
5 0.271998 0.728002
5 1.15778e-06 0.999999
5 0.472956 0.527044
6 0.996675 0.00332538
5 0.000140133 0.99986
5 1.1347e-06 0.999999
5 4.15562e-07 1
5 0.49159 0.50841
6 0.699627 0.300373
5 0.00180903 0.998191
5 0.000583381 0.999417
6 0.992608 0.00739165
5 2.54709e-06 0.999997
6 0.528169 0.471831
6 0.920503 0.0794973
5 0.000580787 0.999419
6 0.996208 0.0037921
6 0.503759 0.496241
5 1.63071e-05 0.999984
5 1e-07 1
5 1e-07 1
5 1e-07 1
5 1.23796e-07 1
5 0.00221056 0.997789
5 0.000488655 0.999511
5 0.192637 0.807363
5 0.0147476 0.985252
6 0.971122 0.0288783
5 1e-07 1
6 0.79644 0.20356
5 0.0881452 0.911855
6 0.880606 0.119394
5 0.000657331 0.999343
5 1.26775e-06 0.999999
5 0.436158 0.563842
5 1e-07 1
5 5.49604e-05 0.999945
5 1e-07 1
5 0.0014336 0.998566
5 1.04742e-05 0.99999
5 0.000744058 0.999256
5 0.445643 0.554357
6 0.997146 0.00285409
5 0.00089496 0.999105
6 0.995213 0.00478678
5 0.00388471 0.996115
5 0.000251693 0.999748
5 0.000225407 0.999775
6 0.773614 0.226386
6 0.89629 0.10371
6 0.900472 0.0995276
5 1e-07 1
5 0.0123462 0.987654
5 0.161602 0.838398
6 0.648896 0.351104
5 0.160463 0.839537
5 0.0016688 0.998331
5 7.32078e-05 0.999927
5 8.53861e-05 0.999915
5 1e-07 1
6 0.913331 0.086669
6 0.993884 0.00611554
5 1e-07 1
6 0.516065 0.483935
5 0.178119 0.821881
5 1e-07 1
5 1.45723e-05 0.999985
5 1e-07 1
6 0.921759 0.0782407
6 0.514924 0.485076
5 2.28619e-05 0.999977
5 1.04126e-06 0.999999
5 0.00263987 0.99736
5 0.144616 0.855384
6 0.967128 0.0328722
6 0.505281 0.494719
5 0.000324864 0.999675
5 1.23282e-05 0.999988
6 0.941019 0.0589807
5 0.000386419 0.999614
6 0.716366 0.283634
5 0.0297115 0.970289
5 0.115925 0.884075
5 3.79118e-05 0.999962
6 0.937167 0.0628327
5 0.440247 0.559753
5 0.000140047 0.99986
5 1.44672e-05 0.999986
5 0.000441262 0.999559
6 0.998202 0.00179817
6 0.776216 0.223784
5 0.424031 0.575969
6 0.520331 0.479669
6 0.99076 0.00923965
5 0.0205769 0.979423
5 1.05435e-06 0.999999
5 0.008975 0.991025
6 0.996632 0.00336798
5 0.0171633 0.982837
5 0.000915242 0.999085
6 0.78319 0.21681
6 0.992944 0.00705572
6 0.780524 0.219476
6 0.999555 0.000445173
5 1e-07 1
5 1.3101e-05 0.999987
5 0.334011 0.665989
6 0.572315 0.427685
6 0.985837 0.0141629
6 0.998975 0.00102532
6 0.991113 0.00888749
5 0.0457176 0.954282
5 0.000588353 0.999412
6 0.990032 0.00996844
5 0.328988 0.671012
5 0.00973747 0.990263
5 1e-07 1
5 0.000494122 0.999506
6 0.504149 0.495851
6 0.999352 0.000647764
5 0.00602111 0.993979
5 0.00707216 0.992928
5 0.000329726 0.99967
6 0.978237 0.021763
5 0.00251991 0.99748
6 0.991363 0.00863685
6 0.983565 0.0164355
5 0.486383 0.513617
5 0.000726691 0.999273
6 0.687358 0.312642
6 0.546455 0.453545
6 0.7295 0.2705
5 4.15677e-07 1
5 0.416762 0.583238
6 0.999294 0.000705824
6 0.601964 0.398036
5 3.34875e-05 0.999967
5 2.57893e-06 0.999997
5 1e-07 1
5 0.00140516 0.998595
5 2.31893e-05 0.999977
5 0.290123 0.709877
6 0.998499 0.00150131
6 0.988731 0.0112695
5 1e-07 1
5 0.0121552 0.987845
6 0.598864 0.401136
6 0.999338 0.000662223
5 0.369043 0.630957
5 0.162932 0.837068
5 0.0841853 0.915815
6 0.997836 0.0021643
5 0.125263 0.874737
5 0.00124895 0.998751
6 0.516581 0.483419
5 1.44648e-06 0.999999
5 0.181727 0.818273
5 0.158793 0.841207
5 0.0200699 0.97993
6 0.775975 0.224025
5 0.042083 0.957917
5 0.0184755 0.981525
5 8.76488e-06 0.999991
6 0.953902 0.046098
5 1e-07 1
6 0.994698 0.00530243
6 0.994456 0.00554363
5 0.0284158 0.971584
5 0.0234284 0.976572
5 7.19176e-07 0.999999
5 3.59443e-05 0.999964
6 0.987466 0.0125339
6 0.964734 0.035266
5 0.301799 0.698201
6 0.946982 0.0530184
5 1.76124e-06 0.999998
5 0.0260908 0.973909
5 0.485089 0.514911
6 0.60491 0.39509
5 0.000255719 0.999744
6 0.996332 0.00366831
5 6.11203e-05 0.999939
5 1.4641e-06 0.999999
5 0.461286 0.538714
5 0.230574 0.769426
5 0.0219648 0.978035
5 0.000264923 0.999735
5 0.495809 0.504191
5 0.000330976 0.999669
5 0.491964 0.508036
5 1.53684e-06 0.999998
5 0.080325 0.919675
5 0.000682989 0.999317
6 0.962892 0.0371084
6 0.804261 0.195739
5 0.165741 0.834259
5 0.00294032 0.99706
5 9.59344e-05 0.999904
6 0.567583 0.432417
5 4.35532e-06 0.999996
5 0.05088 0.94912
5 0.00133517 0.998665
5 0.0170021 0.982998
5 1e-07 1
6 0.964589 0.0354109
5 0.161311 0.838689
5 0.312345 0.687655
6 0.997731 0.00226901
5 0.000385281 0.999615
6 0.951143 0.0488568
5 0.00488925 0.995111
5 0.360169 0.639831
5 1e-07 1
5 0.0149127 0.985087
6 0.998914 0.00108626
5 1e-07 1
5 1e-07 1
5 0.457104 0.542896
6 0.508437 0.491563
5 0.461416 0.538584
6 0.99813 0.00186951
5 1e-07 1
6 0.998992 0.00100755
5 0.351875 0.648125
5 4.95826e-05 0.99995
5 0.40103 0.59897
6 0.980604 0.0193958
5 0.0273905 0.97261
5 5.90603e-07 0.999999
5 1.40423e-05 0.999986
5 0.0510629 0.948937
6 0.949246 0.0507541
5 0.0500229 0.949977
6 0.940473 0.0595266
5 7.5197e-05 0.999925
6 0.989166 0.0108337
6 0.944414 0.0555858
6 0.941384 0.0586158
6 0.94916 0.0508401
5 0.00173519 0.998265
5 1e-07 1
5 6.03805e-07 0.999999
5 0.330438 0.669562
5 2.04151e-05 0.99998
5 4.19352e-07 1
6 0.503571 0.496429
5 0.000961328 0.999039
6 0.980505 0.0194951
5 1e-07 1
5 1e-07 1
5 5.69901e-05 0.999943
5 1e-07 1
5 0.419438 0.580562
5 0.491206 0.508794
6 0.991936 0.00806392
5 0.00031164 0.999688
5 0.000188655 0.999811
5 1e-07 1
5 0.411418 0.588582
6 0.937028 0.0629721
5 4.40893e-06 0.999996
6 0.683788 0.316212
6 0.999195 0.000805198
6 0.986759 0.0132406
5 1e-07 1
5 0.471483 0.528517
5 0.000713011 0.999287
5 0.000338505 0.999661
6 0.998468 0.0015324
5 2.82138e-05 0.999972
5 2.19535e-05 0.999978
5 0.464979 0.535021
6 0.998216 0.00178368
5 3.29512e-07 1
6 0.996076 0.00392421
5 0.01722 0.98278
5 0.00921095 0.990789
6 0.808933 0.191067
5 0.0389718 0.961028
6 0.993296 0.00670443
6 0.994742 0.00525752
5 6.38034e-06 0.999994
5 0.0735857 0.926414
6 0.990019 0.00998057
6 0.984545 0.0154555
5 5.25415e-06 0.999995
5 0.0841185 0.915881
5 0.0254989 0.974501
6 0.962932 0.0370682
6 0.995197 0.0048031
5 0.0252253 0.974775
6 0.717987 0.282013
5 0.0823247 0.917675
5 0.000220797 0.999779
6 0.523722 0.476278
5 0.414171 0.585829
5 0.143683 0.856317
6 0.962846 0.0371542
5 1e-07 1
5 0.0197617 0.980238
5 0.00144233 0.998558
5 0.177801 0.822199
6 0.999161 0.000839104
5 0.331819 0.668181
6 0.771279 0.228721
5 0.482571 0.517429
5 1e-07 1
5 1.5824e-05 0.999984
6 0.996405 0.0035954
5 0.000141622 0.999858
5 0.00246838 0.997532
5 0.000131788 0.999868
5 3.78656e-06 0.999996
6 0.518128 0.481872
6 0.991675 0.00832477
6 0.769995 0.230005
6 0.977813 0.0221874
5 0.0748847 0.925115
6 0.993764 0.00623613
6 0.9966 0.00339955
5 0.252726 0.747274
5 0.0103535 0.989647
5 1e-07 1
5 1.18436e-06 0.999999
5 0.00195936 0.998041
6 0.777871 0.222129
5 0.0381945 0.961805
5 7.5587e-06 0.999992
6 0.507392 0.492608
5 0.00323162 0.996768
5 0.000229196 0.999771
5 0.000269897 0.99973
6 0.772577 0.227423
6 0.701419 0.298581
6 0.552596 0.447404
5 0.0432927 0.956707
6 0.971914 0.0280857
6 0.974977 0.0250228
5 0.495394 0.504606
5 0.00529214 0.994708
5 1e-07 1
5 0.000167893 0.999832
5 0.00554781 0.994452
5 0.00402242 0.995978
5 0.0538333 0.946167
6 0.992334 0.00766587
6 0.988471 0.0115289
5 0.0016779 0.998322
5 0.00208701 0.997913
5 5.73075e-06 0.999994
5 7.32753e-05 0.999927
6 0.995628 0.00437184
5 0.39359 0.60641
5 1e-07 1
5 0.00449505 0.995505
6 0.677608 0.322392
6 0.987328 0.0126716
5 0.000633827 0.999366
5 0.00066684 0.999333
6 0.548123 0.451877
6 0.99903 0.000970305
5 0.000112698 0.999887
5 1e-07 1
6 0.946819 0.0531811
5 1e-07 1
5 0.0278198 0.97218
5 0.000963248 0.999037
6 0.993371 0.006629
5 1e-07 1
5 3.88315e-05 0.999961
6 0.941522 0.058478
5 0.0406866 0.959313
5 1e-07 1
5 0.393514 0.606486
5 3.77956e-05 0.999962
6 0.985478 0.0145224
5 0.000631817 0.999368
6 0.999149 0.000850751
5 0.434141 0.565859
5 0.00105907 0.998941
6 0.997421 0.00257898
5 0.00234715 0.997653
6 0.597434 0.402566
5 0.000807765 0.999192
6 0.996914 0.00308628
5 9.26827e-05 0.999907
6 0.562382 0.437618
5 0.0305264 0.969474
5 6.10279e-05 0.999939
6 0.758114 0.241886
5 0.0508615 0.949139
5 0.00308783 0.996912
5 0.000548664 0.999451
5 1.20021e-06 0.999999
6 0.539365 0.460635
6 0.994617 0.00538316
5 0.000776564 0.999223
5 1e-07 1
5 0.039068 0.960932
6 0.515683 0.484317
5 6.86114e-07 0.999999
5 0.289877 0.710123
6 0.989007 0.0109932
5 0.00519274 0.994807
5 0.36745 0.63255
5 0.166201 0.833799
5 1.64123e-06 0.999998
6 0.977829 0.0221712
5 0.138295 0.861705
5 0.404786 0.595214
5 0.00141078 0.998589
6 0.578128 0.421872
5 0.1656 0.8344
5 0.481344 0.518656
6 0.9703 0.0297002
5 0.00164478 0.998355
5 0.39393 0.60607
5 0.00419664 0.995803
5 0.00178523 0.998215
5 0.333371 0.666629
5 5.86934e-06 0.999994
5 0.0308677 0.969132
5 2.7816e-07 1
6 0.971409 0.0285906
5 0.231985 0.768015
6 0.992968 0.0070324
6 0.945527 0.0544728
6 0.823438 0.176562
5 0.0362399 0.96376
6 0.967936 0.0320638
5 0.0821462 0.917854
5 0.000217189 0.999783
5 0.00621353 0.993786
5 0.000958772 0.999041
5 1e-07 1
5 1e-07 1
5 0.0122384 0.987762
5 0.00246714 0.997533
5 7.8615e-05 0.999921
6 0.559919 0.440081
6 0.969114 0.0308856
6 0.534374 0.465626
6 0.793666 0.206334
6 0.685145 0.314855
5 0.338596 0.661404
6 0.978089 0.0219113
5 2.52934e-06 0.999997
5 0.00446397 0.995536
6 0.949845 0.0501548
5 1e-07 1
5 0.354968 0.645032
6 0.732475 0.267525
5 1e-07 1
5 0.000517895 0.999482
6 0.936478 0.0635225
6 0.878549 0.121451
6 0.793926 0.206074
5 5.59835e-06 0.999994
5 1e-07 1
5 0.494015 0.505985
6 0.999824 0.000175961
5 7.2172e-06 0.999993
6 0.99872 0.00128013
6 0.999454 0.000545559
6 0.999054 0.000945732
6 0.993065 0.00693539
5 0.000175933 0.999824
6 0.99605 0.00395005
6 0.752066 0.247934
6 0.989013 0.0109872
5 1.04121e-05 0.99999
5 0.000114063 0.999886
6 0.658161 0.341839
5 1e-07 1
5 1e-07 1
6 0.964783 0.0352173
6 0.992182 0.00781784
6 0.775511 0.224489
6 0.976565 0.0234353
5 1e-07 1
5 3.53426e-06 0.999996
5 0.0128525 0.987147
5 1e-07 1
5 0.21586 0.78414
5 1.86289e-06 0.999998
5 6.36376e-07 0.999999
5 0.0667727 0.933227
6 0.948435 0.0515652
5 0.446137 0.553863
5 1e-07 1
5 0.00256263 0.997437
6 0.991723 0.00827687
5 1e-07 1
5 0.409056 0.590944
5 1e-07 1
5 0.111734 0.888266
6 0.988515 0.0114855
5 3.7426e-06 0.999996
5 1e-07 1
6 0.82524 0.17476
5 2.74897e-07 1
5 4.51841e-06 0.999995
6 0.555842 0.444158
5 2.64872e-05 0.999974
5 0.475413 0.524587
6 0.507227 0.492773
6 0.943369 0.0566315
5 0.0181721 0.981828
5 6.5109e-05 0.999935
5 0.000854825 0.999145
5 0.115548 0.884452
5 0.00421991 0.99578
6 0.996047 0.00395314
6 0.997042 0.00295789
5 0.498526 0.501474
6 0.511841 0.488159
5 0.000315048 0.999685
5 1e-07 1
5 0.480914 0.519086
5 0.0595154 0.940485
5 0.0206561 0.979344
6 0.513522 0.486478
5 0.00237174 0.997628
5 1e-07 1
5 0.000563986 0.999436
5 0.350005 0.649995
5 1.29428e-05 0.999987
6 0.995122 0.00487842
5 0.00150103 0.998499
5 1.33917e-05 0.999987
6 0.98069 0.0193098
5 0.000772969 0.999227
5 2.14089e-07 1
5 0.0150462 0.984954
6 0.876208 0.123792
5 0.444117 0.555883
5 0.000175893 0.999824
6 0.745045 0.254955
5 0.00162705 0.998373
6 0.920146 0.0798542
6 0.968566 0.0314337
6 0.62067 0.37933
6 0.992586 0.00741365
5 0.039224 0.960776
6 0.983408 0.0165922
6 0.987794 0.0122059
5 0.000365338 0.999635
6 0.990685 0.00931537
6 0.995806 0.00419426
5 0.00241704 0.997583
5 1e-07 1
6 0.97379 0.0262102
5 0.000186549 0.999813
5 0.0901092 0.909891
5 1e-07 1
5 0.000321357 0.999679
5 2.96156e-07 1
5 0.000523513 0.999476
5 0.449534 0.550466
6 0.853299 0.146701
6 0.999452 0.000547964
5 1.45912e-05 0.999985
6 0.993677 0.00632271
5 3.75797e-06 0.999996
5 0.36465 0.63535
5 0.00101762 0.998982
5 0.481757 0.518243
5 2.1287e-06 0.999998
5 5.75513e-06 0.999994
6 0.952247 0.0477531
6 0.932212 0.0677876
5 0.0381608 0.961839
6 0.582664 0.417336
6 0.999718 0.000282475
6 0.967008 0.0329923
6 0.978099 0.0219012
5 9.95522e-05 0.9999
5 1e-07 1
5 1.07062e-07 1
5 1e-07 1
5 2.64967e-07 1
6 0.999536 0.000464338
6 0.921733 0.0782672
5 1.3922e-05 0.999986
5 0.00142776 0.998572
6 0.534053 0.465947
5 0.00142184 0.998578
5 0.469766 0.530234
5 1.12442e-05 0.999989
5 0.358639 0.641361
5 0.0019744 0.998026
5 0.00194212 0.998058
5 3.46044e-07 1
6 0.994519 0.00548055
5 0.000434904 0.999565
5 0.00460288 0.995397
5 1e-07 1
5 0.00504079 0.994959
5 0.0139366 0.986063
5 0.0812441 0.918756
5 0.000438745 0.999561
5 0.000732751 0.999267
6 0.995735 0.00426495
5 1e-07 1
6 0.961939 0.0380608
5 0.00134087 0.998659
5 1.80782e-06 0.999998
5 0.00425295 0.995747
5 0.00308378 0.996916
5 0.00427185 0.995728
5 0.00126328 0.998737
5 0.002064 0.997936
5 6.96831e-07 0.999999
6 0.990496 0.00950383
6 0.983797 0.0162029
5 0.423817 0.576183
5 0.164936 0.835064
6 0.987037 0.0129632
5 2.19367e-05 0.999978
6 0.893786 0.106214
5 0.00414034 0.99586
5 1e-07 1
5 9.95421e-05 0.9999
5 3.60647e-05 0.999964
5 0.000177185 0.999823
5 0.000247642 0.999752
6 0.988719 0.011281
5 0.163743 0.836257
6 0.853394 0.146606
5 0.0861305 0.91387
5 0.207149 0.792851
5 0.036347 0.963653
5 0.476277 0.523723
5 0.000890931 0.999109
6 0.989858 0.0101419
6 0.956169 0.043831
5 0.00591402 0.994086
5 0.000816501 0.999183
5 0.439974 0.560026
5 0.499963 0.500037
5 0.00497369 0.995026
5 0.289594 0.710406
5 0.00489691 0.995103
5 0.293585 0.706415
6 0.979963 0.0200374
6 0.920338 0.0796618
5 0.0647105 0.935289
6 0.836389 0.163611
5 0.183606 0.816394
6 0.997933 0.0020672
6 0.596584 0.403416
6 0.536937 0.463063
5 0.00399815 0.996002
6 0.988645 0.0113548
5 1e-07 1
6 0.970827 0.0291733
5 7.62704e-05 0.999924
5 0.0228372 0.977163
5 0.212889 0.787111
5 0.326016 0.673984
5 6.1827e-05 0.999938
5 4.22245e-06 0.999996
6 0.800729 0.199271
5 1e-07 1
6 0.866994 0.133006
5 0.0177532 0.982247
5 0.00497225 0.995028
6 0.940328 0.0596719
5 0.000208743 0.999791
6 0.999576 0.000423948
5 5.01262e-06 0.999995
5 1e-07 1
5 0.403648 0.596352
6 0.974365 0.0256345
6 0.998813 0.00118663
5 3.3347e-05 0.999967
5 0.00355415 0.996446
5 0.0383354 0.961665
5 0.393184 0.606816
6 0.821389 0.178611
6 0.61758 0.38242
6 0.881396 0.118604
5 0.00340315 0.996597
5 0.331388 0.668612
5 1e-07 1
6 0.978059 0.0219411
6 0.999606 0.00039377
6 0.547777 0.452223
6 0.988726 0.0112737
5 0.205505 0.794495
5 0.139626 0.860374
5 0.0128401 0.98716
6 0.687126 0.312874
5 0.000864126 0.999136
6 0.945184 0.054816
6 0.638303 0.361697
5 0.000211313 0.999789
5 2.33306e-05 0.999977
5 0.370583 0.629417
5 0.000676028 0.999324
5 1e-07 1
5 0.462326 0.537674
6 0.993183 0.00681699
5 0.000256877 0.999743
6 0.976748 0.0232515
5 0.292996 0.707004
5 0.421503 0.578497
5 6.32488e-07 0.999999
5 1e-07 1
6 0.508125 0.491875
5 0.00223335 0.997767
6 0.991374 0.0086262
6 0.990717 0.00928302
5 2.14637e-06 0.999998
6 0.99803 0.00197035
5 1e-07 1
5 0.00160356 0.998396
5 0.0093004 0.9907
5 0.297016 0.702984
6 0.828341 0.171659
5 0.000528514 0.999471
6 0.996564 0.00343566
5 0.319633 0.680367
6 0.999231 0.000769242
5 1e-07 1
5 0.482078 0.517922
5 1e-07 1
5 0.304684 0.695316
5 7.95528e-06 0.999992
6 0.998241 0.00175913
5 0.37068 0.62932
5 0.27499 0.72501
5 0.149893 0.850107
6 0.998443 0.00155665
6 0.514172 0.485828
5 0.396716 0.603284
5 0.00115641 0.998844
5 0.000463312 0.999537
6 0.99889 0.00111027
5 0.000779715 0.99922
6 0.958444 0.0415557
5 0.000304081 0.999696
5 9.70269e-06 0.99999
5 1e-07 1
5 0.0189581 0.981042
6 0.589224 0.410776
5 1.96596e-07 1
6 0.889272 0.110728
5 0.000841724 0.999158
5 0.293199 0.706801
5 0.0931656 0.906834
5 4.01204e-05 0.99996
5 0.00938008 0.99062
5 1e-07 1
5 1e-07 1
5 0.0333088 0.966691
5 1e-07 1
5 0.0019441 0.998056
6 0.832261 0.167739
5 0.361935 0.638065
5 1e-07 1
6 0.953804 0.046196
5 0.406115 0.593885
5 0.0853454 0.914655
5 0.0677551 0.932245
5 0.00186124 0.998139
6 0.999701 0.000298799
5 1.03368e-06 0.999999
5 0.0992666 0.900733
6 0.996975 0.00302521
6 0.992247 0.00775302
5 0.0024391 0.997561
5 0.000127984 0.999872
5 0.000220285 0.99978
6 0.999459 0.000540557
5 0.00083564 0.999164
5 0.140392 0.859608
6 0.997638 0.00236249
6 0.984377 0.0156228
5 0.0866158 0.913384
6 0.608358 0.391642
6 0.52078 0.47922
6 0.976742 0.023258
5 0.00393324 0.996067
6 0.560142 0.439858
5 0.00455756 0.995442
5 0.000129349 0.999871
5 0.276249 0.723751
5 0.00182911 0.998171
5 1e-07 1
5 1e-07 1
5 0.00129417 0.998706
5 0.000221111 0.999779
6 0.99236 0.00764041
5 0.00462342 0.995377
5 0.00905613 0.990944
5 2.67784e-06 0.999997
5 0.0970486 0.902951
5 0.17269 0.82731
6 0.554183 0.445817
5 1e-07 1
5 3.79541e-05 0.999962
6 0.85631 0.14369
5 0.00964392 0.990356
5 4.86408e-06 0.999995
5 1e-07 1
5 0.473172 0.526828
6 0.697839 0.302161
6 0.765064 0.234936
6 0.944193 0.0558071
5 1e-07 1
5 0.355745 0.644255
5 0.478494 0.521506
6 0.509348 0.490652
5 1.33696e-05 0.999987
5 0.0226228 0.977377
6 0.99781 0.00219042
5 0.00281349 0.997187
5 0.105537 0.894463
5 0.0019759 0.998024
5 0.00462836 0.995372
5 1.01889e-05 0.99999
5 0.0119147 0.988085
6 0.999745 0.000255395
5 1e-07 1
5 0.0722141 0.927786
5 0.028686 0.971314
6 0.889737 0.110263
5 0.00414495 0.995855
5 1.99554e-07 1
5 1e-07 1
5 1e-07 1
5 9.31579e-06 0.999991
5 0.310463 0.689537
5 0.161193 0.838807
5 0.00889104 0.991109
5 0.000125517 0.999874
6 0.997838 0.00216233
5 0.0112333 0.988767
5 0.000148072 0.999852
5 0.000185226 0.999815
6 0.559254 0.440746
5 0.000455127 0.999545
6 0.999434 0.000565936
5 0.000102863 0.999897
6 0.6567 0.3433
6 0.969177 0.0308232
5 0.313872 0.686128
5 0.000231717 0.999768
5 9.5111e-07 0.999999
6 0.953061 0.0469393
5 1e-07 1
5 1e-07 1
6 0.953262 0.0467383
5 0.000302835 0.999697
6 0.961769 0.038231
5 0.000170629 0.999829
5 0.000316149 0.999684
5 9.80746e-07 0.999999
6 0.999587 0.000412549
5 0.00428016 0.99572
5 5.20011e-06 0.999995
5 2.38235e-05 0.999976
5 0.428626 0.571374
5 1e-07 1
5 6.14079e-05 0.999939
5 0.0258286 0.974171
5 1.24637e-05 0.999988
6 0.723826 0.276174
5 0.00376035 0.99624
5 0.347618 0.652382
6 0.98688 0.0131204
5 0.131603 0.868397
6 0.532462 0.467538
5 0.0372797 0.96272
6 0.986315 0.0136851
5 0.000795694 0.999204
5 0.000679895 0.99932
6 0.532609 0.467391
6 0.749257 0.250743
5 0.397256 0.602744
5 5.10875e-05 0.999949
6 0.963225 0.0367753
6 0.686691 0.313309
5 0.0054559 0.994544
5 0.274983 0.725017
5 0.410516 0.589484
6 0.998965 0.00103512
5 0.00561213 0.994388
6 0.502396 0.497604
5 0.00162071 0.998379
6 0.508889 0.491111
6 0.99956 0.000440252
6 0.99363 0.00636957
6 0.554161 0.445839
5 0.000282738 0.999717
5 0.474729 0.525271
5 0.00164769 0.998352
5 1.34088e-05 0.999987
5 0.00287273 0.997127
6 0.995421 0.00457921
6 0.846502 0.153498
5 1e-07 1
5 0.00838485 0.991615
5 0.00439201 0.995608
5 1e-07 1
5 0.00221472 0.997785
6 0.939909 0.0600913
6 0.992063 0.00793683
5 0.000351641 0.999648
5 0.00745076 0.992549
5 0.000322422 0.999678
6 0.737189 0.262811
6 0.980296 0.0197039
5 1e-07 1
5 1e-07 1
5 1e-07 1
5 0.00210441 0.997896
6 0.992158 0.00784223
5 0.00129683 0.998703
5 0.00286493 0.997135
6 0.998414 0.00158551
5 0.00039618 0.999604
5 6.14764e-05 0.999939
6 0.99514 0.00485961
6 0.851208 0.148792
5 0.470948 0.529052
5 1e-07 1
6 0.992282 0.00771767
5 0.0142628 0.985737
5 1.62788e-06 0.999998
5 0.107639 0.892361
6 0.874523 0.125477
5 1e-07 1
5 0.00648214 0.993518
6 0.743315 0.256685
6 0.984467 0.0155334
5 0.106464 0.893536
6 0.997137 0.00286304
6 0.926996 0.0730045
5 1.63921e-06 0.999998
5 0.128092 0.871908
5 0.000135768 0.999864
5 1e-07 1
6 0.998864 0.00113633
6 0.583101 0.416899
5 0.00022809 0.999772
5 0.490428 0.509572
5 1e-07 1
6 0.553885 0.446115
6 0.641361 0.358639
6 0.894653 0.105347
5 1.78562e-06 0.999998
5 0.00737345 0.992627
6 0.786445 0.213555
5 0.000595353 0.999405
6 0.857601 0.142399
6 0.997156 0.00284395
5 3.25885e-05 0.999967
5 0.0424915 0.957509
5 0.00957277 0.990427
6 0.996805 0.00319506
5 0.00315039 0.99685
6 0.993999 0.0060006
5 0.488531 0.511469
6 0.801293 0.198707
5 0.102805 0.897195
5 1e-07 1
5 0.3838 0.6162
6 0.967365 0.0326348
6 0.894853 0.105147
5 4.42623e-05 0.999956
6 0.992867 0.00713304
5 0.000101404 0.999899
5 1.52839e-07 1
6 0.996537 0.00346282
5 4.68231e-06 0.999995
6 0.518186 0.481814
5 5.04494e-07 0.999999
6 0.693782 0.306218
5 0.0235777 0.976422
6 0.999548 0.000452232
5 1e-07 1
5 1.32947e-06 0.999999
5 0.0049429 0.995057
6 0.700632 0.299368
5 2.65046e-06 0.999997
5 0.387394 0.612606
6 0.801841 0.198159
5 8.38445e-07 0.999999
5 0.339281 0.660719
5 0.00638604 0.993614
6 0.976182 0.023818
5 0.000201015 0.999799
6 0.560303 0.439697
6 0.501781 0.498219
5 0.000421511 0.999578
5 1.1067e-05 0.999989
6 0.929137 0.0708635
5 0.0342025 0.965797
6 0.999362 0.000638495
5 2.28597e-05 0.999977
6 0.998324 0.00167609
5 0.1477 0.8523
6 0.999851 0.00014902
6 0.99899 0.00101016
5 0.256174 0.743826
5 0.00854475 0.991455
5 0.057114 0.942886
6 0.984884 0.015116
6 0.997136 0.00286443
5 0.0433805 0.956619
5 1e-07 1
5 0.00093639 0.999064
5 0.0197503 0.98025
5 1e-07 1
6 0.998337 0.00166258
5 0.0118171 0.988183
6 0.993889 0.0061114
5 0.00530377 0.994696
5 1.01627e-06 0.999999
5 5.46064e-05 0.999945
6 0.994188 0.00581218
5 6.84962e-05 0.999932
5 0.0190193 0.980981
6 0.515405 0.484595
6 0.993427 0.00657323
5 0.001136 0.998864
6 0.998609 0.00139093
6 0.906888 0.0931117
6 0.923771 0.0762291
5 1.43038e-05 0.999986
5 0.00392067 0.996079
5 1e-07 1
6 0.834789 0.165211
6 0.67092 0.32908
6 0.785712 0.214288
5 0.458009 0.541991
5 8.94324e-07 0.999999
5 0.00207689 0.997923
6 0.516343 0.483657
5 0.00138932 0.998611
6 0.997509 0.00249055
6 0.997539 0.00246128
5 0.00421343 0.995787
5 0.000629597 0.99937
5 0.00107979 0.99892
5 0.0072803 0.99272
6 0.993351 0.0066488
5 0.035876 0.964124
5 0.000714587 0.999285
6 0.996881 0.00311872
6 0.950737 0.0492632
5 8.42415e-06 0.999992
6 0.976097 0.0239033
5 1.58554e-05 0.999984
5 0.441705 0.558295
6 0.98055 0.0194495
5 2.05042e-05 0.999979
5 7.27309e-05 0.999927
6 0.739669 0.260331
5 0.0260603 0.97394
6 0.987388 0.0126123
5 0.181392 0.818608
6 0.992584 0.0074164
5 2.35765e-07 1
6 0.563954 0.436046
5 0.000156381 0.999844
6 0.915232 0.0847682
6 0.550794 0.449206
5 0.437481 0.562519
5 0.00288311 0.997117
5 0.488729 0.511271
5 0.00243861 0.997561
5 1.21746e-06 0.999999
5 0.204212 0.795788
5 1e-07 1
5 4.14876e-05 0.999959
5 0.400527 0.599473
5 0.00878172 0.991218
5 0.0120184 0.987982
6 0.988277 0.0117225
6 0.819998 0.180002
6 0.996895 0.00310492
5 1.58924e-05 0.999984
6 0.547346 0.452654
5 3.79314e-06 0.999996
5 0.0313531 0.968647
5 9.62695e-05 0.999904
5 1.36932e-06 0.999999
5 0.223836 0.776164
5 0.000852797 0.999147
5 0.349095 0.650905
5 0.1987 0.8013
5 0.000705781 0.999294
5 1e-07 1
5 0.440147 0.559853
5 0.00610393 0.993896
5 0.0010008 0.998999
6 0.998015 0.00198503
5 0.017833 0.982167
6 0.983711 0.0162894
6 0.989425 0.0105746
6 0.998219 0.00178122
6 0.999644 0.000356273
6 0.546365 0.453635
5 0.0289851 0.971015
6 0.779325 0.220675
6 0.87556 0.12444
5 1.13057e-07 1
6 0.884913 0.115087
5 9.57818e-07 0.999999
5 0.43468 0.56532
6 0.94277 0.05723
6 0.627771 0.372229
5 0.141202 0.858798
5 0.208297 0.791703
5 0.0112305 0.988769
6 0.578455 0.421545
6 0.833239 0.166761
5 1e-07 1
5 0.0150157 0.984984
5 1e-07 1
6 0.999463 0.000537248
5 3.63154e-06 0.999996
5 0.000154313 0.999846
5 2.58841e-07 1
5 3.63831e-06 0.999996
5 1e-07 1
5 0.000287131 0.999713
6 0.99019 0.00981002
6 0.993541 0.00645865
5 7.08492e-07 0.999999
5 0.450856 0.549144
5 1e-07 1
5 6.72071e-06 0.999993
5 0.011801 0.988199
6 0.668266 0.331734
5 0.00123492 0.998765
6 0.984108 0.0158921
6 0.762111 0.237889
6 0.589971 0.410029
6 0.996456 0.00354387
5 6.87586e-07 0.999999
6 0.985687 0.0143129
6 0.992379 0.00762126
5 0.229665 0.770335
5 0.472219 0.527781
5 6.3481e-07 0.999999
5 1e-07 1
5 1e-07 1
5 0.000509816 0.99949
5 1e-07 1
5 0.00525993 0.99474
6 0.999336 0.000663947
5 0.00106204 0.998938
5 1e-07 1
5 5.67746e-05 0.999943
5 1e-07 1
5 9.43777e-06 0.999991
5 0.0894413 0.910559
5 4.08442e-05 0.999959
5 0.0285473 0.971453
5 1e-07 1
6 0.9953 0.00469959
5 0.0761341 0.923866
5 0.195601 0.804399
5 1.97492e-07 1
5 0.0373778 0.962622
5 4.02329e-06 0.999996
5 0.409584 0.590416
5 0.00557034 0.99443
6 0.994566 0.0054342
5 0.334142 0.665858
5 0.00149008 0.99851
5 0.406835 0.593165
5 0.000549775 0.99945
5 0.000787637 0.999212
5 0.0129736 0.987026
5 0.00313834 0.996862
5 2.15573e-05 0.999978
5 0.0396411 0.960359
5 1e-07 1
5 0.000269638 0.99973
5 0.144289 0.855711
5 1.78471e-05 0.999982
5 0.00485956 0.99514
5 2.96668e-06 0.999997
5 0.341141 0.658859
6 0.98235 0.0176503
5 1e-07 1
5 0.00120842 0.998792
6 0.831303 0.168697
5 0.000550531 0.999449
5 0.40068 0.59932
5 0.431018 0.568982
5 1.31978e-06 0.999999
5 1.08998e-07 1
6 0.553216 0.446784
5 0.0263079 0.973692
5 0.000475666 0.999524
5 0.00361702 0.996383
6 0.777736 0.222264
6 0.749028 0.250972
5 0.0500901 0.94991
5 0.00347239 0.996528
5 1e-07 1
6 0.731029 0.268971
6 0.989948 0.0100521
5 2.62913e-06 0.999997
5 1e-07 1
5 0.0319582 0.968042
5 1.13877e-06 0.999999
5 0.000114382 0.999886
5 0.00339405 0.996606
5 1e-07 1
5 1e-07 1
5 0.000283735 0.999716
6 0.997312 0.00268819
6 0.884825 0.115175
6 0.989534 0.0104664
5 0.00226424 0.997736
6 0.971591 0.028409
5 0.00527622 0.994724
5 0.00591583 0.994084
5 1e-07 1
5 0.441822 0.558178
6 0.99484 0.00516023
6 0.590977 0.409023
5 0.446213 0.553787
6 0.951828 0.0481721
6 0.992699 0.00730146
5 6.01327e-05 0.99994
6 0.966114 0.0338861
5 7.90806e-05 0.999921
5 1e-07 1
5 0.00335806 0.996642
6 0.998728 0.00127225
5 0.000108557 0.999891
6 0.935665 0.0643349
6 0.975624 0.0243763
5 0.400927 0.599073
5 0.00587124 0.994129
6 0.997802 0.00219761
6 0.831714 0.168286
6 0.991936 0.00806435
6 0.745285 0.254715
5 2.84589e-07 1
5 0.00194999 0.99805
5 0.466449 0.533551
5 1e-07 1
5 0.439442 0.560558
5 0.000192478 0.999808
5 0.153188 0.846812
5 0.378494 0.621506
5 0.0154621 0.984538
5 0.00503654 0.994963
6 0.998411 0.00158874
6 0.548177 0.451823
6 0.873128 0.126872
5 0.377893 0.622107
5 0.00289347 0.997107
6 0.553363 0.446637
5 5.15017e-05 0.999948
6 0.915425 0.0845751
5 0.000262278 0.999738
5 1.37714e-06 0.999999
5 8.50652e-06 0.999991
5 0.493118 0.506882
5 0.0511366 0.948863
5 7.02843e-05 0.99993
5 0.00501377 0.994986
5 2.12671e-05 0.999979
5 1e-07 1
5 0.131722 0.868278
5 1.19719e-06 0.999999
5 0.00238313 0.997617
5 8.82412e-06 0.999991
6 0.95534 0.04466
5 0.0306024 0.969398
5 0.000871972 0.999128
5 0.0017378 0.998262
5 0.016382 0.983618
6 0.95202 0.04798
6 0.997538 0.00246206
5 0.444391 0.555609
6 0.654996 0.345004
5 0.199737 0.800263
6 0.608668 0.391332
6 0.988422 0.0115776
5 1e-07 1
5 3.93115e-05 0.999961
6 0.917594 0.0824057
6 0.998542 0.00145774
5 0.0191793 0.980821
6 0.634334 0.365666
5 0.0204135 0.979586
5 0.000247578 0.999752
6 0.953608 0.0463921
6 0.56858 0.43142
5 0.429319 0.570681
6 0.999995 4.54593e-06
6 0.980468 0.0195323
5 0.105039 0.894961
5 2.8145e-05 0.999972
5 5.47644e-05 0.999945
5 0.222896 0.777104
5 0.474541 0.525459
6 0.845021 0.154979
5 2.96487e-05 0.99997
6 0.629939 0.370061
5 1.15479e-05 0.999988
5 0.236961 0.763039
5 0.00144646 0.998554
6 0.984284 0.0157163
5 0.000646038 0.999354
6 0.998337 0.0016625
5 7.48861e-06 0.999993
6 0.985632 0.0143683
6 0.882374 0.117626
5 0.000323192 0.999677
5 0.340845 0.659155
5 3.4755e-05 0.999965
5 0.0523446 0.947655
6 0.950392 0.0496077
5 0.361893 0.638107
6 0.995933 0.00406683
6 0.982728 0.0172719
5 0.495403 0.504597
6 0.980143 0.0198567
5 0.00054727 0.999453
5 3.21456e-05 0.999968
5 1e-07 1
5 1.0139e-06 0.999999
6 0.998408 0.00159168
5 7.48398e-05 0.999925
5 0.214227 0.785773
5 0.46063 0.53937
6 0.95745 0.0425497
5 0.0300954 0.969905
6 0.999879 0.000121188
5 0.000379734 0.99962
6 0.512842 0.487158
5 7.52639e-05 0.999925
6 0.995702 0.0042981
5 0.134314 0.865686
5 1.24936e-07 1
5 0.00232402 0.997676
5 0.171536 0.828464
5 1e-07 1
6 0.691428 0.308572
6 0.504029 0.495971
5 8.3151e-06 0.999992
5 0.000141191 0.999859
5 1e-07 1
6 0.769009 0.230991
5 0.000791675 0.999208
6 0.990446 0.00955382
5 0.00175969 0.99824
5 1e-07 1
6 0.985645 0.0143554
6 0.538032 0.461968
5 0.363488 0.636512
5 0.000584662 0.999415
5 0.00141648 0.998584
5 0.0132648 0.986735
5 0.00588282 0.994117
5 0.00952969 0.99047
5 0.474068 0.525932
5 0.00305693 0.996943
5 0.305834 0.694166
5 3.67826e-06 0.999996
5 0.00606111 0.993939
6 0.991907 0.00809264
5 1.11923e-07 1
6 0.983032 0.0169685
6 0.999516 0.000484096
6 0.981904 0.0180961
6 0.511586 0.488414
5 7.53374e-07 0.999999
5 0.00137196 0.998628
5 2.57401e-07 1
6 0.867847 0.132153
6 0.779727 0.220273
5 3.47974e-06 0.999997
5 0.00711545 0.992885
5 0.00052064 0.999479
6 0.510738 0.489262
5 1e-07 1
5 1e-07 1
6 0.899307 0.100693
5 6.59552e-06 0.999993
5 0.061793 0.938207
5 1.72482e-05 0.999983
5 0.00595191 0.994048
5 5.95447e-06 0.999994
5 0.433244 0.566756
5 0.000655055 0.999345
5 0.00999687 0.990003
6 0.963732 0.0362685
5 0.00242576 0.997574
5 0.499555 0.500445
5 9.42683e-05 0.999906
6 0.905855 0.0941453
5 0.000671191 0.999329
5 0.157095 0.842905
5 1e-07 1
5 4.42348e-05 0.999956
5 1e-07 1
5 0.000611457 0.999389
6 0.97478 0.0252199
5 1e-07 1
5 3.72164e-05 0.999963
5 0.00335211 0.996648
5 0.0319167 0.968083
5 0.00526121 0.994739
5 1e-07 1
5 0.00680616 0.993194
6 0.9628 0.0371999
6 0.987327 0.0126734
5 0.0017985 0.998201
5 1.34434e-05 0.999987
6 0.776144 0.223856
5 1.77781e-05 0.999982
5 1e-07 1
5 0.000623819 0.999376
5 0.155242 0.844758
5 0.325726 0.674274
5 0.420632 0.579368
5 0.0298822 0.970118
5 1e-07 1
6 0.974667 0.0253332
5 1e-07 1
5 0.000255279 0.999745
5 0.45753 0.54247
5 0.012606 0.987394
5 1e-07 1
5 0.304922 0.695078
5 0.000119728 0.99988
5 0.303562 0.696438
5 1e-07 1
5 0.00361361 0.996386
5 0.000139094 0.999861
5 3.82225e-06 0.999996
5 1e-07 1
6 0.995443 0.00455749
5 2.13995e-06 0.999998
5 3.92964e-05 0.999961
6 0.507837 0.492163
5 0.0265166 0.973483
5 1.72309e-05 0.999983
5 0.0022184 0.997782
5 0.00061408 0.999386
6 0.999566 0.000434052
5 0.260214 0.739786
5 0.0303143 0.969686
5 0.115194 0.884806
5 1e-07 1
6 0.558179 0.441821
5 1e-07 1
5 0.189225 0.810775
5 0.148717 0.851283
5 1e-07 1
5 1e-07 1
6 0.990015 0.0099851
5 0.243155 0.756845
5 0.418593 0.581407
5 0.00238304 0.997617
5 2.04584e-05 0.99998
5 1e-07 1
6 0.97182 0.0281802
6 0.965196 0.0348043
5 0.353536 0.646464
5 0.48342 0.51658
5 0.0487178 0.951282
5 0.0390955 0.960905
5 1.03252e-06 0.999999
6 0.999804 0.000195988
6 0.577798 0.422202
5 0.187636 0.812364
5 1e-07 1
5 0.00109664 0.998903
6 0.996849 0.0031512
5 0.00472728 0.995273
6 0.825919 0.174081
5 8.83483e-07 0.999999
5 0.225299 0.774701
6 0.950047 0.0499526
5 6.96136e-06 0.999993
5 1e-07 1
5 1e-07 1
6 0.601402 0.398598
5 5.20172e-05 0.999948
6 0.635886 0.364114
6 0.997847 0.00215255
5 1e-07 1
6 0.941477 0.0585229
5 2.82182e-05 0.999972
6 0.65861 0.34139
5 0.262004 0.737996
5 0.00281028 0.99719
6 0.694756 0.305244
6 0.97478 0.0252198
6 0.998743 0.00125707
5 0.356206 0.643794
5 8.48005e-06 0.999992
5 1e-07 1
5 1e-07 1
6 0.919614 0.0803859
5 0.447833 0.552167
5 0.270042 0.729958
5 0.0238803 0.97612
6 0.995445 0.00455463
5 0.0063578 0.993642
5 1e-07 1
5 0.0155378 0.984462
5 1e-07 1
5 2.07446e-06 0.999998
5 0.0352225 0.964777
5 0.262477 0.737523
6 0.650838 0.349162
6 0.98018 0.0198199
6 0.998921 0.00107866
5 1e-07 1
5 0.322066 0.677934
5 9.92514e-05 0.999901
5 2.69778e-07 1
5 2.74823e-06 0.999997
5 1e-07 1
5 1e-07 1
5 0.12288 0.87712
5 0.000344283 0.999656
5 0.00607484 0.993925
6 0.883753 0.116247
5 1.12012e-07 1
6 0.993828 0.00617243
5 0.00013525 0.999865
5 6.90393e-06 0.999993
5 0.00479749 0.995203
5 1e-07 1
5 0.00103945 0.998961
5 7.14864e-07 0.999999
5 0.000164533 0.999835
6 0.992512 0.00748781
5 0.349756 0.650244
5 1e-07 1
6 0.979686 0.0203144
5 0.0432931 0.956707
5 0.00764657 0.992353
5 0.289365 0.710635
6 0.919522 0.0804782
5 1.20256e-07 1
5 0.422928 0.577072
5 0.265872 0.734128
6 0.999987 1.28536e-05
5 8.36386e-06 0.999992
5 1e-07 1
5 1e-07 1
5 4.05733e-05 0.999959
6 0.998961 0.00103852
5 2.64002e-06 0.999997
5 2.11864e-07 1
6 0.996567 0.00343329
6 0.999514 0.000485709
5 0.000440504 0.999559
5 0.197621 0.802379
6 0.510219 0.489781
5 9.95558e-06 0.99999
5 0.00637487 0.993625
6 0.793907 0.206093
5 3.28968e-06 0.999997
5 0.00171 0.99829
6 0.972579 0.0274206
6 0.958815 0.0411847
6 0.994148 0.00585248
5 0.000481545 0.999518
5 0.473491 0.526509
5 0.0385389 0.961461
6 0.98841 0.0115896
5 0.364454 0.635546
5 1e-07 1
5 0.193048 0.806952
6 0.991174 0.00882641
5 4.68821e-06 0.999995
5 3.1933e-05 0.999968
6 0.910976 0.0890239
5 6.95166e-06 0.999993
5 0.106019 0.893981
5 1e-07 1
5 0.00014723 0.999853
5 0.176438 0.823562
5 0.141838 0.858162
5 5.76381e-06 0.999994
5 1e-07 1
6 0.998967 0.00103316
6 0.825386 0.174614
5 3.24089e-07 1
5 0.279986 0.720014
6 0.967076 0.0329238
5 1e-07 1
6 0.885504 0.114496
6 0.869205 0.130795
5 0.421769 0.578231
5 0.00120397 0.998796
5 0.452681 0.547319
5 0.109446 0.890554
6 0.998969 0.00103075
5 0.000472298 0.999528
5 0.377959 0.622041
6 0.991122 0.00887751
5 1e-07 1
5 0.0181263 0.981874
5 1e-07 1
5 0.0432212 0.956779
5 0.00779417 0.992206
5 0.0021312 0.997869
6 0.994602 0.00539849
6 0.954562 0.0454383
6 0.996532 0.00346816
5 0.00271085 0.997289
5 5.29003e-05 0.999947
5 0.492702 0.507298
5 1.15176e-06 0.999999
5 0.000753177 0.999247
6 0.974132 0.0258685
5 1.6765e-05 0.999983
6 0.964015 0.0359855
6 0.998725 0.00127476
5 6.40197e-06 0.999994
5 6.01836e-05 0.99994
5 0.0004531 0.999547
5 0.00268499 0.997315
6 0.51892 0.48108
5 0.145446 0.854554
5 1e-07 1
6 0.810281 0.189719
5 0.314392 0.685608
6 0.990365 0.00963548
6 0.990536 0.00946426
5 0.000109702 0.99989
6 0.731799 0.268201
5 0.00170577 0.998294
5 1e-07 1
5 1e-07 1
5 0.00172787 0.998272
5 1e-07 1
5 1.61008e-05 0.999984
5 0.31198 0.68802
6 0.998222 0.00177778
5 0.00238913 0.997611
5 4.84552e-05 0.999952
5 0.418473 0.581527
5 0.00288297 0.997117
6 0.999752 0.000248137
6 0.971773 0.0282274
5 0.00120635 0.998794
6 0.956599 0.0434006
5 3.7577e-07 1
6 0.862842 0.137158
5 0.484122 0.515878
5 0.000334232 0.999666
5 0.000303772 0.999696
6 0.983338 0.0166618
5 3.97584e-06 0.999996
6 0.725892 0.274108
5 2.9166e-05 0.999971
5 1e-07 1
5 0.00548086 0.994519
6 0.664358 0.335642
5 0.446031 0.553969
5 8.09572e-05 0.999919
5 0.00201042 0.99799
5 0.117516 0.882484
5 0.322832 0.677168
6 0.698535 0.301465
5 0.0225344 0.977466
6 0.601045 0.398955
6 0.975127 0.0248729
5 0.00390989 0.99609
6 0.605156 0.394844
6 0.816347 0.183653
5 1e-07 1
5 6.08815e-05 0.999939
6 0.980405 0.019595
5 3.32773e-05 0.999967
5 0.000145689 0.999854
5 0.0124746 0.987525
5 0.000282707 0.999717
6 0.986508 0.0134918
5 0.216686 0.783314
5 1e-07 1
6 0.9685 0.0315004
6 0.882414 0.117586
6 0.991989 0.00801077
5 1e-07 1
6 0.879 0.121
5 0.00404586 0.995954
6 0.997432 0.0025675
5 0.137826 0.862174
5 0.436408 0.563592
6 0.697787 0.302213
6 0.966702 0.0332983
5 0.0406038 0.959396
5 0.469013 0.530987
5 0.000569724 0.99943
5 2.26836e-06 0.999998
5 1.00451e-05 0.99999
5 0.00299218 0.997008
5 0.0235429 0.976457
6 0.998556 0.00144427
6 0.997007 0.00299296
6 0.907336 0.0926642
5 0.438837 0.561163
5 0.0226297 0.97737
5 7.40039e-05 0.999926
6 0.986877 0.0131232
6 0.996818 0.00318228
6 0.905127 0.094873
5 0.380182 0.619818
5 0.000836518 0.999163
5 1e-07 1
5 5.25863e-05 0.999947
5 0.478937 0.521063
5 0.00380333 0.996197
5 0.00827468 0.991725
5 0.470221 0.529779
5 5.64502e-05 0.999944
6 0.551744 0.448256
5 0.00132554 0.998674
6 0.736687 0.263313
6 0.686343 0.313657
6 0.999027 0.000972694
5 9.92536e-05 0.999901
6 0.997939 0.00206101
5 3.86122e-05 0.999961
5 7.14279e-06 0.999993
5 0.122886 0.877114
5 0.446418 0.553582
6 0.939522 0.0604778
5 4.07636e-05 0.999959
6 0.584237 0.415763
5 0.00157338 0.998427
5 0.000123983 0.999876
5 0.014852 0.985148
5 0.491179 0.508821
6 0.984998 0.0150015
5 0.00182141 0.998179
5 0.46057 0.53943
5 0.0657977 0.934202
5 0.481675 0.518325
5 7.3954e-05 0.999926
5 1e-07 1
5 0.000447415 0.999553
6 0.99666 0.00334029
6 0.569324 0.430676
6 0.819221 0.180779
6 0.998297 0.00170291
5 0.0423972 0.957603
5 0.000182774 0.999817
5 1.26418e-07 1
5 0.076821 0.923179
5 0.401844 0.598156
6 0.906566 0.0934343
6 0.587579 0.412421
5 0.384213 0.615787
5 2.70923e-05 0.999973
5 0.00846079 0.991539
5 0.00650768 0.993492
5 0.00131157 0.998688
5 2.15505e-05 0.999978
5 0.00184329 0.998157
5 0.366712 0.633288
6 0.927278 0.072722
5 6.52494e-05 0.999935
5 0.307817 0.692183
5 0.000831653 0.999168
6 0.992304 0.00769593
5 1.7549e-07 1
5 0.402132 0.597868
5 0.0005266 0.999473
5 0.0157954 0.984205
5 0.439532 0.560468
5 0.000513171 0.999487
6 0.936187 0.0638132
5 0.00134329 0.998657
5 0.226979 0.773021
5 0.0370736 0.962926
5 6.68961e-06 0.999993
5 0.454376 0.545624
5 0.00469204 0.995308
5 4.4097e-06 0.999996
5 2.97914e-05 0.99997
6 0.778393 0.221607
5 0.362447 0.637553
5 0.490561 0.509439
5 0.427187 0.572813
6 0.985775 0.014225
6 0.529096 0.470904
5 0.384586 0.615414
5 0.439877 0.560123
6 0.552579 0.447421
5 0.250254 0.749746
5 0.275375 0.724625
5 0.010946 0.989054
5 0.0362949 0.963705
5 0.424206 0.575794
6 0.986797 0.0132028
6 0.502376 0.497624
5 0.260878 0.739122
5 0.0283285 0.971672
5 0.474533 0.525467
5 0.440763 0.559237
5 0.478398 0.521602
6 0.543791 0.456209
6 0.987896 0.0121041
5 0.436949 0.563051
5 0.483812 0.516188
6 0.935667 0.0643326
5 1e-07 1
5 0.00105961 0.99894
5 0.000161002 0.999839
5 0.0042038 0.995796
5 4.47764e-06 0.999996
5 0.000734282 0.999266
5 1.59552e-05 0.999984
5 6.87957e-05 0.999931
5 0.0104209 0.989579
5 0.000196308 0.999804
6 0.966854 0.033146
5 0.000414816 0.999585
5 0.000878157 0.999122
5 1.0594e-06 0.999999
6 0.553215 0.446785
6 0.957104 0.0428958
5 0.0019634 0.998037
5 1e-07 1
6 0.889869 0.110131
5 0.122306 0.877694
6 0.994898 0.00510157
5 1e-07 1
6 0.995035 0.00496531
5 0.447801 0.552199
5 0.000680706 0.999319
5 0.0726125 0.927387
5 0.119802 0.880198
5 0.385745 0.614255
5 0.199068 0.800932
5 1.84383e-05 0.999982
6 0.995978 0.00402183
5 1e-07 1
5 0.00138147 0.998619
5 0.00167493 0.998325
5 3.43394e-06 0.999997
5 1.65573e-06 0.999998
6 0.99998 1.96077e-05
5 0.0138141 0.986186
5 0.00108547 0.998915
5 0.41063 0.58937
5 0.489201 0.510799
5 1.39878e-07 1
6 0.928252 0.0717476
5 0.00145302 0.998547
5 5.34649e-06 0.999995
5 0.468005 0.531995
5 0.0812305 0.918769
5 0.000132711 0.999867
5 2.92504e-05 0.999971
6 0.985452 0.0145481
6 0.852356 0.147644
5 0.0772926 0.922707
5 0.00897667 0.991023
5 7.06883e-05 0.999929
5 0.496604 0.503396
6 0.982807 0.017193
5 0.000634434 0.999366
5 3.45159e-06 0.999997
6 0.65777 0.34223
5 0.225937 0.774063
5 0.0133705 0.98663
5 1.63867e-05 0.999984
5 0.000894851 0.999105
5 0.0215139 0.978486
6 0.996678 0.0033224
5 0.310356 0.689644
5 5.9771e-06 0.999994
5 0.0139763 0.986024
5 0.000130422 0.99987
5 0.0354603 0.96454
5 0.0103423 0.989658
5 0.000242746 0.999757
5 0.0206944 0.979306
5 0.000272909 0.999727
5 1e-07 1
5 0.00118284 0.998817
5 0.0742803 0.92572
5 0.0200925 0.979908
5 0.000307731 0.999692
6 0.542144 0.457856
5 0.475398 0.524602
6 0.953433 0.0465669
5 0.486453 0.513547
5 1e-07 1
5 2.69289e-05 0.999973
5 0.464176 0.535824
6 0.547366 0.452634
5 1e-07 1
6 0.532934 0.467066
5 0.000176744 0.999823
5 0.0128143 0.987186
5 0.344591 0.655409
6 0.9825 0.0174999
5 1e-07 1
5 0.000396652 0.999603
5 0.381224 0.618776
5 0.0124765 0.987523
6 0.788884 0.211116
5 0.49889 0.50111
5 0.0131328 0.986867
5 0.249387 0.750613
5 0.432813 0.567187
6 0.97564 0.0243603
5 3.9696e-05 0.99996
5 1e-07 1
5 1e-07 1
6 0.988408 0.0115922
6 0.859309 0.140691
6 0.99089 0.00910952
6 0.996803 0.00319697
5 0.470635 0.529365
6 0.998694 0.00130581
5 0.000304486 0.999696
5 1e-07 1
6 0.787285 0.212715
6 0.867761 0.132239
6 0.97328 0.0267202
5 0.0284289 0.971571
5 0.000194301 0.999806
5 1e-07 1
5 1e-07 1
5 0.00324928 0.996751
6 0.999746 0.000254397
5 0.373925 0.626075
5 1.63004e-06 0.999998
5 0.00433349 0.995667
5 0.0719326 0.928067
5 0.00058359 0.999416
5 7.49382e-07 0.999999
5 0.000696726 0.999303
5 0.497646 0.502354
5 3.36999e-05 0.999966
6 0.97983 0.0201704
5 1e-07 1
5 0.00608249 0.993918
5 0.36508 0.63492
5 2.28166e-05 0.999977
6 0.985215 0.0147845
5 0.182858 0.817142
5 1.21087e-05 0.999988
6 0.990335 0.00966498
6 0.984362 0.0156383
6 0.590963 0.409037
5 0.00312007 0.99688
5 0.319882 0.680118
6 0.682251 0.317749
5 1e-07 1
6 0.996139 0.00386091
5 0.000596645 0.999403
5 0.246174 0.753826
5 0.156078 0.843922
5 8.646e-06 0.999991
5 1.1504e-06 0.999999
6 0.894893 0.105107
5 0.41027 0.58973
6 0.902836 0.0971638
6 0.998912 0.00108834
6 0.988404 0.0115963
