labels 6 7
7 0.0126231 0.987377
7 0.0403035 0.959696
6 0.987734 0.0122656
6 0.989183 0.0108165
6 0.622473 0.377527
6 0.948523 0.0514774
6 0.649694 0.350306
7 0.00222796 0.997772
7 0.4082 0.5918
6 0.85675 0.14325
6 0.998591 0.00140883
6 0.995077 0.00492268
7 3.33463e-07 1
6 0.982028 0.0179725
6 0.995505 0.00449471
6 0.993577 0.00642284
7 0.013961 0.986039
7 0.00396885 0.996031
6 0.996988 0.00301166
7 0.32814 0.67186
6 0.998302 0.00169752
6 0.97247 0.0275303
7 0.000719349 0.999281
6 0.994972 0.00502767
6 0.998748 0.00125205
6 0.994757 0.00524334
6 0.998341 0.00165907
6 0.9922 0.00780026
6 0.96743 0.0325696
7 0.00136669 0.998633
7 0.0737402 0.92626
7 0.0055196 0.99448
6 0.958124 0.0418765
7 0.0136342 0.986366
6 0.998858 0.00114239
7 0.000297475 0.999703
7 0.0253331 0.974667
6 0.987219 0.0127811
7 0.0935213 0.906479
7 3.21472e-05 0.999968
6 0.98504 0.0149602
6 0.98846 0.0115399
6 0.914653 0.0853473
6 0.99884 0.00116008
6 0.99264 0.00736022
6 0.983449 0.0165513
7 0.280881 0.719119
6 0.974234 0.025766
7 2.14958e-06 0.999998
7 0.105298 0.894702
7 9.67228e-05 0.999903
6 0.986731 0.0132685
6 0.990586 0.00941383
6 0.983656 0.0163445
7 0.0662605 0.93374
7 0.116356 0.883644
6 0.971735 0.0282654
6 0.998481 0.0015194
6 0.990466 0.00953365
6 0.985947 0.0140533
6 0.967533 0.0324668
7 0.0181994 0.981801
6 0.998922 0.00107821
7 0.00190718 0.998093
6 0.979569 0.0204313
6 0.928998 0.0710024
6 0.805693 0.194307
6 0.99209 0.00790953
7 1.5235e-05 0.999985
7 0.000312533 0.999687
7 0.474739 0.525261
7 0.0413016 0.958698
7 0.0874811 0.912519
6 0.854982 0.145018
7 0.0316294 0.968371
6 0.999321 0.000679483
6 0.981365 0.0186347
7 0.294768 0.705232
6 0.988617 0.0113825
6 0.978986 0.0210144
6 0.988864 0.011136
6 0.994784 0.00521601
6 0.998792 0.0012078
6 0.980099 0.0199005
6 0.996143 0.00385669
7 0.380014 0.619986
6 0.530908 0.469092
6 0.99456 0.00544008
7 0.226802 0.773198
6 0.995447 0.00455312
6 0.998901 0.00109861
7 0.00295356 0.997046
7 0.14187 0.85813
6 0.906568 0.093432
6 0.670905 0.329095
7 0.460001 0.539999
6 0.994215 0.00578505
7 0.0591198 0.94088
6 0.858982 0.141018
7 0.0492093 0.950791
6 0.998535 0.00146506
7 4.55866e-05 0.999954
7 0.282858 0.717142
7 0.120371 0.879629
7 4.87644e-05 0.999951
6 0.859685 0.140315
6 0.892366 0.107634
7 0.0503746 0.949625
7 0.0551877 0.944812
6 0.978234 0.0217657
6 0.979524 0.0204757
7 0.0120801 0.98792
7 1e-07 1
7 0.000234403 0.999766
7 0.000439781 0.99956
7 0.000949626 0.99905
6 0.621168 0.378832
6 0.827372 0.172628
7 0.0245869 0.975413
6 0.629734 0.370266
6 0.99923 0.000770032
6 0.999397 0.00060268
6 0.999334 0.000665808
7 0.281962 0.718038
6 0.983584 0.0164162
7 0.00441557 0.995584
6 0.994516 0.00548352
6 0.956817 0.0431827
6 0.993967 0.00603282
7 0.0255633 0.974437
6 0.999621 0.000379294
7 0.189346 0.810654
6 0.771405 0.228595
7 0.161005 0.838995
6 0.954119 0.0458812
7 0.00265756 0.997342
6 0.966582 0.033418
6 0.976027 0.0239734
6 0.966497 0.0335031
7 2.19343e-05 0.999978
6 0.989768 0.0102319
7 0.0111853 0.988815
7 0.0226978 0.977302
6 0.983177 0.0168228
6 0.64526 0.35474
6 0.523336 0.476664
7 2.16308e-05 0.999978
7 0.215111 0.784889
7 0.433382 0.566618
6 0.966517 0.0334829
6 0.973948 0.0260524
7 0.000982747 0.999017
6 0.533489 0.466511
6 0.992141 0.00785857
7 0.369646 0.630354
7 0.0517928 0.948207
7 0.4411 0.5589
7 0.422242 0.577758
6 0.973004 0.0269962
7 5.54417e-06 0.999994
6 0.998784 0.00121583
6 0.995854 0.00414603
6 0.814167 0.185833
6 0.989597 0.0104029
7 0.000855556 0.999144
6 0.918482 0.0815176
7 1e-07 1
7 0.000301619 0.999698
6 0.991665 0.00833524
7 0.134431 0.865569
7 0.0342449 0.965755
7 0.123616 0.876384
6 0.99109 0.00891044
6 0.995928 0.00407208
7 0.0358509 0.964149
6 0.992699 0.00730134
7 0.0492085 0.950792
7 1e-07 1
6 0.922764 0.0772362
6 0.998519 0.00148086
6 0.996619 0.00338086
6 0.977408 0.0225922
6 0.996882 0.00311842
6 0.983982 0.0160185
7 1.56791e-05 0.999984
7 0.0420928 0.957907
6 0.994106 0.00589392
6 0.988487 0.0115128
6 0.998592 0.00140822
6 0.951671 0.0483289
7 0.375925 0.624075
6 0.989826 0.0101737
7 0.0162942 0.983706
6 0.78566 0.21434
7 0.134365 0.865635
6 0.981414 0.0185855
6 0.995011 0.00498886
7 0.137721 0.862279
6 0.974865 0.0251348
6 0.998772 0.00122804
6 0.996382 0.00361787
7 4.0725e-05 0.999959
6 0.759684 0.240316
6 0.99985 0.000149694
7 0.397056 0.602944
6 0.748274 0.251726
6 0.602856 0.397144
7 0.226276 0.773724
6 0.984659 0.0153409
7 1e-07 1
6 0.98003 0.0199699
7 0.02926 0.97074
6 0.998906 0.00109401
7 0.0598819 0.940118
7 0.166258 0.833742
7 0.289933 0.710067
7 0.00017346 0.999827
7 0.01788 0.98212
6 0.992125 0.00787456
6 0.975413 0.0245872
7 0.0947674 0.905233
7 0.120193 0.879807
7 0.0462813 0.953719
7 0.0207853 0.979215
7 0.413572 0.586428
6 0.930873 0.0691275
6 0.971313 0.028687
7 0.0480648 0.951935
7 0.00478174 0.995218
7 2.33131e-06 0.999998
6 0.573155 0.426845
7 0.00161055 0.998389
6 0.950577 0.0494227
6 0.991802 0.00819764
7 0.0561682 0.943832
7 3.2887e-05 0.999967
6 0.998649 0.0013511
6 0.99992 7.99765e-05
6 0.999051 0.000949126
6 0.999112 0.000887628
7 2.08682e-07 1
6 0.999535 0.000465101
7 0.307726 0.692274
7 0.0266928 0.973307
7 0.0252423 0.974758
6 0.994076 0.00592434
6 0.987545 0.0124547
7 0.0110855 0.988915
6 0.985926 0.0140739
6 0.697043 0.302957
6 0.976117 0.0238832
7 0.00704835 0.992952
7 0.00891507 0.991085
7 0.450959 0.549041
6 0.94974 0.0502595
6 0.987433 0.0125665
7 0.310543 0.689457
6 0.998292 0.0017084
6 0.99607 0.00392959
7 4.65483e-06 0.999995
6 0.99297 0.00703028
7 0.0117805 0.98822
6 0.979592 0.0204083
6 0.99712 0.00287993
7 0.000399639 0.9996
6 0.988959 0.0110412
6 0.836473 0.163527
6 0.996479 0.00352056
7 0.493585 0.506415
6 0.995141 0.00485927
7 0.0458461 0.954154
7 0.358687 0.641313
7 0.0540102 0.94599
6 0.994502 0.00549847
7 1.97518e-06 0.999998
6 0.933437 0.0665634
6 0.976791 0.023209
6 0.588457 0.411543
6 0.548574 0.451426
7 0.3262 0.6738
7 0.378733 0.621267
7 3.76775e-05 0.999962
7 0.0631746 0.936825
7 0.130635 0.869365
6 0.995122 0.00487766
6 0.980991 0.019009
7 2.52348e-05 0.999975
6 0.983989 0.0160114
7 0.0687982 0.931202
6 0.672621 0.327379
7 0.000801839 0.999198
7 1.94209e-05 0.999981
6 0.995677 0.00432311
7 0.0171993 0.982801
7 0.0494101 0.95059
6 0.689499 0.310501
6 0.950565 0.0494349
6 0.841389 0.158611
6 0.982501 0.017499
7 0.217375 0.782625
6 0.838095 0.161905
6 0.916064 0.0839358
6 0.992623 0.00737688
6 0.997493 0.00250699
6 0.82505 0.17495
6 0.997297 0.00270253
7 7.97892e-06 0.999992
6 0.999287 0.000712719
6 0.623341 0.376659
6 0.894899 0.105101
6 0.999478 0.000522359
6 0.996842 0.0031581
7 0.119497 0.880503
7 0.00322357 0.996776
7 6.5285e-05 0.999935
6 0.947111 0.0528889
6 0.897672 0.102328
6 0.993736 0.00626394
6 0.984563 0.0154372
7 0.0470233 0.952977
7 0.00354803 0.996452
6 0.956586 0.0434137
7 2.58338e-05 0.999974
6 0.534526 0.465474
6 0.903182 0.0968179
7 0.000275859 0.999724
7 3.897e-05 0.999961
6 0.90885 0.0911504
7 0.119435 0.880565
6 0.999875 0.000125096
7 0.000383882 0.999616
6 0.508428 0.491572
7 0.000164057 0.999836
7 0.159321 0.840679
6 0.983152 0.0168476
6 0.995872 0.00412814
6 0.980463 0.0195371
6 0.720582 0.279418
7 1e-07 1
7 4.25349e-06 0.999996
6 0.649901 0.350099
6 0.952243 0.0477575
6 0.992663 0.00733698
6 0.974384 0.0256157
6 0.726793 0.273207
7 0.0659394 0.934061
7 1e-07 1
6 0.819603 0.180397
7 0.00879224 0.991208
7 0.113479 0.886521
6 0.991457 0.00854278
7 0.00736149 0.992639
6 0.631789 0.368211
6 0.997418 0.00258236
7 0.220205 0.779795
6 0.807503 0.192497
6 0.99953 0.00046971
7 1.72024e-05 0.999983
6 0.997798 0.00220229
7 0.0313591 0.968641
7 0.275251 0.724749
7 0.145029 0.854971
6 0.889758 0.110242
7 0.469839 0.530161
6 0.998067 0.00193314
7 1.2748e-06 0.999999
7 0.00298997 0.99701
7 0.0012637 0.998736
6 0.998308 0.00169154
6 0.996271 0.00372892
6 0.9553 0.0447
6 0.984476 0.0155244
7 5.67214e-06 0.999994
7 0.00542761 0.994572
7 0.0936046 0.906395
7 0.00906629 0.990934
6 0.503454 0.496546
6 0.965994 0.0340059
6 0.941135 0.0588652
6 0.988676 0.0113236
7 0.00155416 0.998446
7 0.0190458 0.980954
6 0.856224 0.143776
7 1.22645e-05 0.999988
7 0.357221 0.642779
6 0.999037 0.000962852
6 0.991613 0.00838717
6 0.989509 0.010491
7 5.48532e-05 0.999945
6 0.705525 0.294475
6 0.993643 0.00635721
7 0.00290549 0.997095
7 0.078598 0.921402
7 0.0934339 0.906566
7 0.00163944 0.998361
7 1e-07 1
6 0.99038 0.00961993
6 0.99908 0.000920495
6 0.99731 0.00268996
7 0.000264909 0.999735
6 0.99743 0.00257032
6 0.922561 0.0774392
7 0.00507924 0.994921
6 0.860591 0.139409
6 0.999776 0.000223899
7 0.0244661 0.975534
7 0.0411118 0.958888
7 0.00198366 0.998016
7 2.38351e-07 1
6 0.791572 0.208428
7 0.00751219 0.992488
6 0.699635 0.300365
7 0.238986 0.761014
7 9.6139e-06 0.99999
6 0.968355 0.0316452
6 0.946122 0.053878
6 0.994912 0.00508789
7 0.475879 0.524121
6 0.989527 0.0104725
7 0.0754476 0.924552
7 2.08781e-06 0.999998
6 0.969912 0.030088
6 0.871757 0.128243
7 0.000864923 0.999135
7 0.14529 0.85471
6 0.999106 0.000894108
6 0.974187 0.0258127
6 0.998277 0.00172338
6 0.991764 0.00823617
6 0.996072 0.00392801
6 0.981144 0.0188559
6 0.998455 0.0015446
7 1e-07 1
6 0.999176 0.000824477
6 0.975804 0.0241959
7 0.458539 0.541461
7 0.232263 0.767737
7 0.0300722 0.969928
7 0.0328133 0.967187
6 0.997347 0.00265287
6 0.996767 0.00323348
6 0.910665 0.0893352
7 0.00160733 0.998393
6 0.995856 0.0041444
7 0.27278 0.72722
7 0.00017424 0.999826
6 0.982682 0.0173181
6 0.992698 0.00730211
7 0.0399171 0.960083
6 0.998081 0.00191926
6 0.998936 0.001064
6 0.950209 0.0497907
7 0.0111558 0.988844
6 0.990953 0.00904658
7 0.00683466 0.993165
6 0.994282 0.00571784
6 0.986229 0.0137714
6 0.99808 0.00192034
6 0.594181 0.405819
6 0.998915 0.00108523
6 0.994184 0.00581554
7 1.60039e-05 0.999984
7 1e-07 1
6 0.985394 0.014606
7 4.52204e-05 0.999955
6 0.998644 0.00135551
7 2.08322e-05 0.999979
6 0.98699 0.01301
6 0.998192 0.0018079
6 0.972729 0.027271
7 0.446986 0.553014
7 0.0678824 0.932118
6 0.996057 0.00394319
6 0.99974 0.000260171
6 0.996797 0.00320317
6 0.978971 0.021029
6 0.713225 0.286775
6 0.99625 0.0037496
7 0.457017 0.542983
6 0.510774 0.489226
6 0.998033 0.00196675
7 0.00461933 0.995381
7 6.47641e-07 0.999999
6 0.801465 0.198535
7 0.0695129 0.930487
6 0.997287 0.00271291
6 0.897099 0.102901
7 1e-07 1
7 0.0423754 0.957625
7 0.346574 0.653426
7 1.05335e-06 0.999999
6 0.999804 0.000195828
7 0.402929 0.597071
6 0.999445 0.000555275
7 0.131512 0.868488
7 0.00305868 0.996941
7 0.000186767 0.999813
7 0.0203086 0.979691
6 0.991992 0.00800782
6 0.996803 0.00319687
6 0.999197 0.000803286
6 0.732539 0.267461
7 0.00453493 0.995465
6 0.976968 0.0230315
6 0.947099 0.0529007
6 0.996283 0.00371718
7 0.273667 0.726333
7 0.0459185 0.954081
6 0.996438 0.0035616
6 0.992885 0.00711482
7 8.66085e-06 0.999991
7 0.10956 0.89044
7 0.117771 0.882229
6 0.999352 0.000647611
7 0.316364 0.683636
7 0.0159542 0.984046
7 5.84638e-06 0.999994
6 0.978624 0.0213763
6 0.986334 0.013666
6 0.899301 0.100699
6 0.983853 0.0161473
6 0.993432 0.00656821
7 0.0390419 0.960958
6 0.998736 0.0012635
7 1.19321e-06 0.999999
6 0.996999 0.00300146
6 0.996826 0.00317367
7 0.197264 0.802736
7 0.0231396 0.97686
6 0.996321 0.00367858
7 0.00100818 0.998992
6 0.739884 0.260116
7 0.138192 0.861808
6 0.969247 0.0307534
7 0.0109273 0.989073
7 0.349633 0.650367
6 0.722952 0.277048
6 0.996961 0.00303881
6 0.958502 0.0414978
6 0.991607 0.00839299
7 1e-07 1
7 0.00019963 0.9998
6 0.992853 0.00714747
6 0.909541 0.0904587
6 0.994271 0.00572872
6 0.997977 0.00202255
7 0.000629383 0.999371
7 2.85991e-06 0.999997
6 0.975992 0.0240081
6 0.999955 4.53546e-05
6 0.992596 0.00740398
6 0.998363 0.00163714
6 0.850692 0.149308
6 0.994959 0.00504125
6 0.997662 0.0023383
7 0.316683 0.683317
6 0.568594 0.431406
7 2.62717e-05 0.999974
6 0.995049 0.00495072
6 0.979209 0.0207906
6 0.964118 0.0358818
6 0.999231 0.000768777
6 0.967223 0.0327772
7 2.88059e-05 0.999971
7 0.0700539 0.929946
7 0.00234097 0.997659
6 0.990593 0.00940674
6 0.999771 0.000228695
7 1e-07 1
7 0.0383736 0.961626
7 0.387402 0.612598
6 0.949848 0.050152
6 0.999831 0.000169305
7 0.18585 0.81415
7 0.383859 0.616141
7 0.0758652 0.924135
7 0.00349781 0.996502
7 0.141579 0.858421
6 0.981459 0.0185415
6 0.970999 0.0290014
7 0.0462527 0.953747
7 0.0069406 0.993059
6 0.977761 0.0222388
6 0.955774 0.0442257
6 0.984299 0.0157009
6 0.832953 0.167047
6 0.985825 0.0141748
6 0.829951 0.170049
7 0.104122 0.895878
7 0.00585171 0.994148
7 0.00272316 0.997277
6 0.993286 0.00671428
6 0.99817 0.00183005
6 0.977192 0.0228082
6 0.871873 0.128127
6 0.965115 0.0348849
7 0.320506 0.679494
6 0.744698 0.255302
7 0.148637 0.851363
6 0.998639 0.00136092
6 0.993382 0.00661754
7 4.86637e-07 1
6 0.530366 0.469634
6 0.998114 0.00188552
7 0.0890132 0.910987
7 0.320597 0.679403
7 0.0650104 0.93499
7 0.239959 0.760041
6 0.97281 0.0271901
6 0.998937 0.00106299
6 0.997016 0.00298374
6 0.991167 0.00883339
7 1.57162e-05 0.999984
7 0.0301733 0.969827
6 0.984938 0.0150621
7 1.81396e-07 1
7 0.0756535 0.924347
7 3.61906e-05 0.999964
6 0.991874 0.00812598
7 0.102408 0.897592
6 0.984818 0.0151815
6 0.9926 0.00739995
6 0.964736 0.0352644
6 0.995623 0.00437687
7 0.0692904 0.93071
6 0.997567 0.00243297
6 0.978838 0.0211623
6 0.998755 0.00124548
6 0.566107 0.433893
7 2.75475e-06 0.999997
7 0.0066815 0.993319
6 0.994731 0.00526949
6 0.887604 0.112396
6 0.983695 0.016305
7 0.0729646 0.927035
7 0.0159701 0.98403
6 0.953477 0.0465228
7 0.012447 0.987553
7 2.20163e-05 0.999978
6 0.995001 0.00499916
7 0.0131752 0.986825
6 0.919799 0.080201
7 0.109433 0.890567
7 0.0443247 0.955675
7 0.0558671 0.944133
7 9.74345e-05 0.999903
6 0.81346 0.18654
7 0.00148578 0.998514
7 0.0155042 0.984496
7 4.0385e-06 0.999996
6 0.830025 0.169975
6 0.996395 0.00360525
6 0.997709 0.00229072
6 0.723693 0.276307
6 0.997917 0.00208315
7 0.187359 0.812641
6 0.983408 0.016592
7 0.00888983 0.99111
7 0.116771 0.883229
7 1.60157e-05 0.999984
6 0.732082 0.267918
7 0.000108932 0.999891
6 0.999567 0.000432816
6 0.99801 0.00198982
6 0.998201 0.00179852
6 0.992801 0.00719875
6 0.998366 0.00163382
7 1.45336e-05 0.999985
6 0.991839 0.00816051
7 0.0998195 0.90018
7 1e-07 1
7 0.384162 0.615838
6 0.856333 0.143667
7 0.167825 0.832175
6 0.9992 0.000800311
7 6.97427e-07 0.999999
6 0.994187 0.00581291
7 0.255083 0.744917
6 0.989142 0.010858
6 0.760168 0.239832
6 0.652112 0.347888
7 0.00333536 0.996665
7 5.65789e-06 0.999994
7 0.00540727 0.994593
6 0.993461 0.0065388
7 0.00068634 0.999314
7 0.000126907 0.999873
7 0.00427891 0.995721
7 0.0791442 0.920856
7 2.74699e-05 0.999973
7 0.0712015 0.928798
7 0.0215409 0.978459
7 0.265232 0.734768
7 0.00363988 0.99636
7 0.230065 0.769935
6 0.93489 0.0651095
6 0.592078 0.407922
7 0.0187741 0.981226
7 0.0750354 0.924965
7 0.00131497 0.998685
7 8.98378e-06 0.999991
6 0.650598 0.349402
7 0.116137 0.883863
6 0.81389 0.18611
6 0.970289 0.0297114
6 0.985748 0.0142517
7 0.233037 0.766963
7 0.02493 0.97507
6 0.869277 0.130723
7 1e-07 1
6 0.999406 0.000594104
6 0.965498 0.0345023
6 0.928141 0.0718595
7 0.482508 0.517492
6 0.995163 0.00483739
7 0.0974731 0.902527
6 0.970581 0.0294189
6 0.991346 0.00865414
6 0.522374 0.477626
7 0.000790294 0.99921
6 0.996471 0.00352857
6 0.998394 0.00160573
6 0.995269 0.00473105
6 0.821604 0.178396
6 0.998388 0.00161213
6 0.886663 0.113337
6 0.9891 0.0109002
7 0.280006 0.719994
6 0.992831 0.00716865
6 0.976658 0.0233423
6 0.765137 0.234863
7 0.000536367 0.999464
7 0.420856 0.579144
6 0.940389 0.0596106
7 0.0431096 0.95689
7 0.00249467 0.997505
7 0.415223 0.584777
6 0.987989 0.0120108
7 3.37488e-05 0.999966
6 0.998595 0.00140461
6 0.996866 0.00313365
7 0.413245 0.586755
6 0.998566 0.00143392
7 1.76969e-06 0.999998
6 0.995241 0.00475927
7 0.00838431 0.991616
6 0.991567 0.00843343
6 0.993017 0.00698252
7 1.41726e-05 0.999986
6 0.999012 0.000987825
6 0.999149 0.000851485
7 0.224815 0.775185
6 0.969414 0.0305861
6 0.998424 0.00157636
6 0.666383 0.333617
6 0.980672 0.0193278
7 0.020725 0.979275
7 1.06055e-05 0.999989
6 0.944721 0.0552791
6 0.808425 0.191575
6 0.99876 0.00123994
6 0.998179 0.00182127
7 0.0119405 0.98806
6 0.635525 0.364475
6 0.979816 0.0201839
7 0.0296395 0.970361
7 0.171342 0.828658
6 0.99035 0.00965047
7 0.42153 0.57847
7 0.0116602 0.98834
6 0.996736 0.00326395
6 0.717459 0.282541
6 0.992295 0.00770528
7 0.000721199 0.999279
7 0.00748487 0.992515
7 0.130343 0.869657
6 0.992728 0.00727189
6 0.983569 0.0164307
6 0.997934 0.0020663
6 0.993806 0.00619361
6 0.999943 5.70593e-05
6 0.997417 0.00258319
6 0.901919 0.0980807
7 0.0434029 0.956597
6 0.990176 0.00982373
7 0.000607557 0.999392
6 0.993161 0.00683881
7 0.0202168 0.979783
6 0.995565 0.00443475
7 0.0142497 0.98575
6 0.997638 0.00236156
6 0.995897 0.0041033
6 0.999063 0.000936569
6 0.995388 0.00461172
7 0.0181129 0.981887
7 0.0401807 0.959819
6 0.932742 0.0672576
7 0.344604 0.655396
6 0.990637 0.00936274
6 0.869382 0.130618
6 0.999805 0.000195303
7 0.230525 0.769475
6 0.996996 0.00300428
7 0.144812 0.855188
6 0.998093 0.00190742
6 0.959642 0.0403576
6 0.927651 0.072349
6 0.998486 0.00151415
7 0.0480963 0.951904
6 0.976646 0.0233537
7 1e-07 1
6 0.994587 0.00541303
6 0.990848 0.00915218
7 0.0700155 0.929985
6 0.612445 0.387555
6 0.979217 0.0207829
7 0.425308 0.574692
7 0.040013 0.959987
6 0.937921 0.0620788
6 0.966693 0.0333071
7 0.0570295 0.942971
6 0.98697 0.0130297
6 0.981206 0.0187943
6 0.990874 0.00912585
7 0.129797 0.870203
7 0.184272 0.815728
6 0.996151 0.00384891
7 0.01261 0.98739
6 0.970898 0.0291022
6 0.662208 0.337792
7 0.316274 0.683726
7 0.1754 0.8246
7 0.372796 0.627204
7 0.143584 0.856416
6 0.9996 0.000400482
7 5.62624e-06 0.999994
6 0.99765 0.00235044
6 0.996143 0.00385735
7 0.453065 0.546935
6 0.995217 0.00478309
6 0.995702 0.00429843
6 0.815159 0.184841
7 0.076067 0.923933
6 0.983534 0.0164657
6 0.997961 0.00203927
7 1.43032e-06 0.999999
7 0.315604 0.684396
6 0.963887 0.0361126
6 0.989544 0.0104563
7 0.0733794 0.926621
6 0.993853 0.00614721
6 0.591968 0.408032
7 0.00671469 0.993285
6 0.987536 0.0124642
6 0.99422 0.00577993
6 0.995074 0.00492629
6 0.966574 0.0334262
7 0.0102709 0.989729
7 0.454945 0.545055
7 0.00808168 0.991918
7 1e-07 1
6 0.997474 0.00252599
6 0.982039 0.0179611
6 0.999846 0.000154061
7 0.247095 0.752905
6 0.960097 0.0399032
7 0.0216179 0.978382
7 0.00304455 0.996955
6 0.661459 0.338541
6 0.998773 0.00122691
7 0.0117061 0.988294
6 0.945613 0.0543873
7 0.0651988 0.934801
6 0.95002 0.04998
7 0.104301 0.895699
6 0.939544 0.0604555
7 0.0228055 0.977194
6 0.514387 0.485613
7 0.415096 0.584904
7 0.382741 0.617259
7 0.0532377 0.946762
6 0.993629 0.00637129
7 0.0664708 0.933529
6 0.983221 0.0167786
6 0.99996 4.01931e-05
6 0.960272 0.0397279
7 0.134016 0.865984
7 0.0217207 0.978279
6 0.86441 0.13559
7 0.159606 0.840394
7 0.0645153 0.935485
7 0.0046856 0.995314
7 0.0428134 0.957187
6 0.993407 0.00659304
6 0.955163 0.0448367
6 0.767698 0.232302
7 0.237165 0.762835
7 0.0711721 0.928828
7 0.481123 0.518877
7 0.0806936 0.919306
6 0.915486 0.0845139
6 0.975278 0.0247218
6 0.997547 0.00245335
7 0.016156 0.983844
7 0.159403 0.840597
7 0.250885 0.749115
6 0.999241 0.000759328
6 0.653715 0.346285
6 0.989245 0.0107547
6 0.549149 0.450851
7 0.00605423 0.993946
7 0.00983775 0.990162
7 0.312679 0.687321
7 0.0378641 0.962136
7 0.0427736 0.957226
7 0.00048754 0.999512
7 0.131287 0.868713
7 0.0783452 0.921655
6 0.978641 0.0213585
6 0.885119 0.114881
7 0.0910287 0.908971
6 0.835055 0.164945
6 0.996802 0.00319788
6 0.999575 0.000425001
6 0.986841 0.013159
6 0.989528 0.0104721
6 0.978917 0.0210825
7 0.0257256 0.974274
7 0.0128194 0.987181
6 0.68066 0.31934
6 0.80238 0.19762
6 0.97245 0.0275502
6 0.999857 0.000143404
7 0.284203 0.715797
7 0.0486736 0.951326
7 0.000468741 0.999531
7 0.0404653 0.959535
7 0.00126211 0.998738
7 0.00236884 0.997631
6 0.505218 0.494782
6 0.809071 0.190929
7 0.0542253 0.945775
6 0.974198 0.0258018
7 0.155057 0.844943
6 0.963905 0.0360951
6 0.673333 0.326667
7 0.226503 0.773497
6 0.987999 0.0120009
6 0.660763 0.339237
6 0.980538 0.0194622
7 0.150107 0.849893
6 0.985337 0.014663
7 1e-07 1
7 2.06439e-05 0.999979
6 0.994016 0.00598363
7 0.000844979 0.999155
7 0.214069 0.785931
6 0.998245 0.00175489
6 0.995334 0.00466567
6 0.989526 0.0104745
7 0.01757 0.98243
6 0.939046 0.0609545
6 0.930172 0.0698279
6 0.999502 0.000498362
6 0.999134 0.000865544
7 0.000178026 0.999822
7 0.00596975 0.99403
7 0.0030408 0.996959
7 0.345828 0.654172
6 0.935456 0.0645439
7 0.0449236 0.955076
6 0.65584 0.34416
6 0.749422 0.250578
7 0.169769 0.830231
7 0.00117666 0.998823
7 0.0409985 0.959001
7 0.192634 0.807366
6 0.51085 0.48915
7 0.00228996 0.99771
6 0.958429 0.0415708
6 0.984052 0.0159478
7 0.107367 0.892633
6 0.989413 0.0105869
6 0.998907 0.00109341
6 0.998782 0.00121765
6 0.994179 0.00582068
6 0.979377 0.020623
7 0.462982 0.537018
7 0.000121314 0.999879
6 0.993857 0.00614336
7 0.0301539 0.969846
6 0.998032 0.00196835
6 0.996358 0.003642
6 0.999343 0.000657421
6 0.990875 0.00912489
6 0.834476 0.165524
7 0.0370541 0.962946
6 0.972282 0.027718
7 0.00594019 0.99406
6 0.998787 0.00121259
6 0.995251 0.00474947
7 0.0155447 0.984455
6 0.995982 0.00401822
6 0.998453 0.00154685
7 0.101298 0.898702
7 0.238159 0.761841
7 0.129645 0.870355
6 0.952976 0.0470238
6 0.974259 0.0257408
7 0.123522 0.876478
7 0.440409 0.559591
7 0.0111786 0.988821
7 0.153035 0.846965
7 0.00312592 0.996874
7 0.116877 0.883123
7 0.00291268 0.997087
6 0.988672 0.0113283
7 4.65623e-05 0.999953
7 0.184923 0.815077
6 0.99133 0.00867046
6 0.965302 0.0346984
6 0.976556 0.0234441
6 0.852049 0.147951
6 0.945966 0.0540343
6 0.986361 0.0136387
7 0.00174302 0.998257
7 8.95934e-07 0.999999
6 0.981265 0.0187349
6 0.939984 0.0600163
7 5.30977e-06 0.999995
7 0.00149367 0.998506
7 0.0480875 0.951912
6 0.993319 0.00668094
6 0.999663 0.000336888
7 0.150394 0.849606
7 0.218839 0.781161
7 0.000146119 0.999854
7 0.063482 0.936518
6 0.997491 0.00250895
7 2.47956e-05 0.999975
6 0.999348 0.00065217
6 0.986172 0.0138284
6 0.994313 0.00568683
6 0.997095 0.00290475
6 0.989433 0.0105669
7 0.387344 0.612656
7 0.0114513 0.988549
6 0.782553 0.217447
7 0.362641 0.637359
6 0.990907 0.00909325
7 0.0018002 0.9982
6 0.999873 0.000126905
7 1.66896e-05 0.999983
7 0.0809003 0.9191
6 0.977421 0.0225789
7 0.233946 0.766054
7 1e-07 1
6 0.784447 0.215553
6 0.797142 0.202858
6 0.785739 0.214261
7 0.000822259 0.999178
7 8.60067e-05 0.999914
7 0.0307732 0.969227
6 0.996063 0.00393721
6 0.997849 0.002151
6 0.995362 0.00463792
6 0.988367 0.0116335
7 2.8347e-05 0.999972
6 0.994741 0.00525876
6 0.694126 0.305874
7 0.178376 0.821624
7 0.1006 0.8994
6 0.927747 0.0722528
6 0.985328 0.0146725
6 0.999028 0.000972498
6 0.984117 0.0158831
6 0.507004 0.492996
7 0.483343 0.516657
7 2.62917e-05 0.999974
7 0.0433181 0.956682
6 0.996293 0.00370734
7 0.0119689 0.988031
6 0.996515 0.00348528
6 0.97955 0.0204504
6 0.997612 0.00238752
6 0.962765 0.0372348
7 0.0026341 0.997366
7 1e-07 1
6 0.973553 0.0264467
6 0.993699 0.00630127
7 6.05869e-05 0.999939
7 0.167821 0.832179
7 0.0323542 0.967646
6 0.992426 0.00757419
6 0.999261 0.000738842
6 0.995442 0.00455835
7 7.7608e-05 0.999922
7 0.000732654 0.999267
7 0.0122562 0.987744
7 0.00193505 0.998065
7 0.15035 0.84965
7 1e-07 1
6 0.998956 0.00104364
7 0.357952 0.642048
6 0.965794 0.0342063
7 0.00359719 0.996403
6 0.962711 0.0372895
6 0.994964 0.00503628
6 0.590918 0.409082
6 0.973445 0.0265546
6 0.993267 0.00673308
6 0.828129 0.171871
6 0.996758 0.00324248
6 0.976628 0.023372
7 0.00119801 0.998802
6 0.999359 0.000641413
7 0.477908 0.522092
7 0.141494 0.858506
7 0.0171379 0.982862
6 0.999498 0.000502223
7 0.000907219 0.999093
6 0.975332 0.0246683
6 0.999246 0.000754195
6 0.75566 0.24434
6 0.957419 0.042581
7 3.23812e-07 1
6 0.655216 0.344784
7 0.042804 0.957196
7 0.000192823 0.999807
7 0.18749 0.81251
7 0.204345 0.795655
7 0.00314849 0.996852
7 0.000585476 0.999415
7 0.166106 0.833894
7 0.459811 0.540189
6 0.977706 0.0222938
7 0.00696393 0.993036
6 0.97547 0.0245303
6 0.989568 0.0104322
7 0.265055 0.734945
6 0.991925 0.00807465
6 0.882572 0.117428
7 0.0910689 0.908931
7 0.00078533 0.999215
6 0.997414 0.00258629
6 0.94106 0.0589401
7 0.000288094 0.999712
7 0.00300522 0.996995
7 0.000202766 0.999797
7 0.00655488 0.993445
6 0.742061 0.257939
7 6.28252e-07 0.999999
7 0.000103764 0.999896
6 0.978748 0.0212517
6 0.979328 0.0206718
6 0.996797 0.00320323
6 0.996653 0.00334683
7 5.78608e-05 0.999942
6 0.99932 0.000679912
6 0.998518 0.00148197
6 0.996164 0.00383582
6 0.875733 0.124267
7 0.00561957 0.99438
7 0.00201006 0.99799
7 0.000606952 0.999393
7 6.0181e-05 0.99994
7 0.479965 0.520035
7 0.000159212 0.999841
7 0.0237768 0.976223
6 0.990643 0.00935651
6 0.766972 0.233028
6 0.940906 0.0590939
7 0.340792 0.659208
6 0.999509 0.000491368
6 0.570734 0.429266
6 0.996966 0.00303374
6 0.999953 4.7407e-05
6 0.991153 0.00884707
7 0.351353 0.648647
7 0.000162505 0.999837
7 5.27711e-05 0.999947
6 0.50902 0.49098
6 0.573044 0.426956
6 0.568608 0.431392
7 3.05363e-06 0.999997
6 0.996936 0.00306438
6 0.996102 0.00389818
6 0.957621 0.0423785
7 0.158166 0.841834
7 0.463592 0.536408
7 0.485098 0.514902
6 0.999895 0.000105492
7 0.0346164 0.965384
7 0.0378252 0.962175
7 3.09373e-05 0.999969
7 0.44173 0.55827
7 0.0327835 0.967216
7 0.00163319 0.998367
6 0.999029 0.000971096
6 0.948575 0.0514245
6 0.997604 0.00239596
6 0.997632 0.00236833
7 5.63946e-07 0.999999
7 0.321013 0.678987
7 4.7863e-05 0.999952
6 0.971901 0.0280991
6 0.987845 0.0121554
7 0.356593 0.643407
7 1e-07 1
6 0.532641 0.467359
6 0.995973 0.00402658
6 0.925264 0.0747359
6 0.972551 0.027449
6 0.994475 0.00552481
7 0.200018 0.799982
6 0.999869 0.000131429
6 0.999588 0.000412403
6 0.555357 0.444643
6 0.998917 0.00108295
6 0.993512 0.00648765
6 0.649103 0.350897
7 0.452665 0.547335
7 1e-07 1
6 0.996276 0.00372393
7 1e-07 1
6 0.999354 0.000646211
7 0.240754 0.759246
7 0.0675508 0.932449
6 0.994366 0.00563445
7 1e-07 1
7 0.0367071 0.963293
7 0.0483935 0.951606
6 0.992844 0.00715634
7 0.131681 0.868319
6 0.989158 0.0108422
6 0.996401 0.00359923
7 0.444837 0.555163
6 0.996503 0.00349652
6 0.996685 0.00331507
7 0.263404 0.736596
7 0.074906 0.925094
7 0.134274 0.865726
7 0.0278144 0.972186
6 0.62633 0.37367
7 0.408435 0.591565
6 0.980734 0.0192657
7 0.19289 0.80711
7 0.110132 0.889868
6 0.994685 0.00531523
6 0.998389 0.0016109
6 0.99828 0.00171952
6 0.997412 0.00258845
7 0.136444 0.863556
6 0.997904 0.00209619
6 0.995967 0.00403322
7 0.000472928 0.999527
7 1e-07 1
7 0.414059 0.585941
7 0.0244351 0.975565
6 0.588483 0.411517
7 0.131563 0.868437
7 4.30595e-05 0.999957
7 0.282251 0.717749
6 0.8776 0.1224
6 0.997826 0.00217369
7 0.0798152 0.920185
7 0.241387 0.758613
7 0.266631 0.733369
7 0.479788 0.520212
6 0.999517 0.000482986
7 0.40788 0.59212
6 0.947795 0.0522047
6 0.994267 0.00573333
6 0.978726 0.0212742
6 0.986035 0.0139653
7 0.0129571 0.987043
7 3.76944e-07 1
6 0.981562 0.0184375
7 0.170443 0.829557
7 0.139508 0.860492
7 0.185246 0.814754
7 0.00155909 0.998441
7 0.236392 0.763608
6 0.998064 0.00193553
6 0.996276 0.00372385
7 0.198482 0.801518
6 0.989942 0.0100579
6 0.999419 0.000580811
6 0.995655 0.0043453
7 1.56732e-05 0.999984
6 0.999547 0.000452768
7 0.033146 0.966854
6 0.969048 0.0309524
6 0.522995 0.477005
6 0.728899 0.271101
6 0.999237 0.000763051
6 0.835215 0.164785
7 0.000124369 0.999876
7 0.366566 0.633434
7 2.21667e-05 0.999978
6 0.994448 0.00555156
6 0.997075 0.0029253
7 0.000160009 0.99984
7 0.00109426 0.998906
7 0.0022946 0.997705
6 0.999752 0.000248483
7 1.07367e-07 1
6 0.805929 0.194071
6 0.846845 0.153155
7 0.018858 0.981142
6 0.997996 0.00200357
7 0.000693382 0.999307
6 0.889191 0.110809
7 0.00100829 0.998992
6 0.954684 0.0453165
7 0.0597931 0.940207
7 0.0127643 0.987236
6 0.995286 0.00471356
7 0.000284726 0.999715
6 0.844412 0.155588
7 0.00518256 0.994817
6 0.994486 0.00551445
7 0.119915 0.880085
7 0.476998 0.523002
6 0.977345 0.022655
6 0.930655 0.0693449
7 0.241797 0.758203
7 0.227368 0.772632
6 0.699568 0.300432
7 0.0672974 0.932703
7 0.0113141 0.988686
6 0.995632 0.00436833
6 0.921921 0.0780792
6 0.967564 0.0324359
7 0.0935462 0.906454
7 0.352044 0.647956
7 0.467304 0.532696
7 6.42264e-07 0.999999
6 0.997125 0.00287464
6 0.997059 0.00294127
6 0.99219 0.00781013
7 0.420243 0.579757
7 0.043157 0.956843
7 1.44775e-06 0.999999
6 0.99003 0.00997039
6 0.847672 0.152328
7 0.000106495 0.999894
6 0.997657 0.00234257
6 0.968009 0.0319914
6 0.998078 0.00192161
6 0.873014 0.126986
6 0.994781 0.00521932
6 0.995623 0.00437718
7 0.00662337 0.993377
6 0.997499 0.00250084
7 1e-07 1
7 0.0160724 0.983928
7 0.126403 0.873597
6 0.619324 0.380676
6 0.997294 0.00270583
6 0.992774 0.00722578
7 0.175278 0.824722
6 0.991209 0.00879077
6 0.978563 0.0214373
7 0.20221 0.79779
7 0.0268175 0.973183
6 0.74941 0.25059
6 0.782802 0.217198
7 0.00272528 0.997275
6 0.976837 0.0231631
6 0.944795 0.0552054
7 9.10988e-07 0.999999
7 0.00740899 0.992591
7 0.402117 0.597883
6 0.990729 0.00927123
7 0.0815398 0.91846
7 0.00206389 0.997936
6 0.904425 0.0955746
7 0.487083 0.512917
6 0.996302 0.00369792
7 0.237682 0.762318
6 0.998892 0.00110791
7 0.000313316 0.999687
7 0.0197478 0.980252
6 0.973834 0.0261661
7 0.132812 0.867188
6 0.997343 0.00265747
6 0.961696 0.0383044
6 0.99955 0.000449708
7 7.04686e-05 0.99993
6 0.97895 0.0210502
7 0.00104804 0.998952
6 0.982987 0.0170126
6 0.99413 0.00587012
6 0.974164 0.025836
6 0.993993 0.00600699
7 0.30375 0.69625
7 0.444322 0.555678
6 0.982855 0.0171455
7 0.00479893 0.995201
7 4.68405e-07 1
6 0.991928 0.00807222
7 0.0187486 0.981251
6 0.998949 0.00105128
7 0.140297 0.859703
7 0.143021 0.856979
7 0.0361507 0.963849
7 0.415924 0.584076
7 0.174968 0.825032
6 0.875144 0.124856
6 0.994479 0.00552072
6 0.99953 0.000469953
7 0.424097 0.575903
7 0.183254 0.816746
6 0.994318 0.00568199
7 8.94147e-05 0.999911
6 0.907959 0.0920407
6 0.578342 0.421658
6 0.514724 0.485276
7 0.074146 0.925854
6 0.848898 0.151102
6 0.99009 0.00990997
6 0.543744 0.456256
6 0.996941 0.00305898
6 0.990436 0.00956416
6 0.921382 0.078618
6 0.985166 0.0148336
7 5.91762e-06 0.999994
6 0.595826 0.404174
6 0.999355 0.000644951
6 0.549819 0.450181
7 0.117605 0.882395
6 0.997724 0.00227629
6 0.988238 0.0117617
7 0.394391 0.605609
6 0.980073 0.0199267
6 0.70739 0.29261
6 0.987346 0.0126535
7 2.09639e-05 0.999979
6 0.989552 0.0104479
6 0.990645 0.00935544
6 0.758932 0.241068
6 0.989663 0.0103373
7 0.363897 0.636103
7 0.330139 0.669861
6 0.988835 0.0111652
6 0.99495 0.00505024
6 0.978911 0.0210887
7 0.276381 0.723619
6 0.78138 0.21862
6 0.97921 0.0207902
7 0.192969 0.807031
6 0.899101 0.100899
7 0.000382474 0.999618
7 0.0152512 0.984749
7 0.00129123 0.998709
7 0.00127361 0.998726
6 0.98648 0.01352
6 0.99589 0.00411041
7 0.30893 0.69107
6 0.993762 0.00623823
6 0.999453 0.000547223
6 0.844874 0.155126
7 0.0151385 0.984862
7 0.23718 0.76282
6 0.513926 0.486074
6 0.89096 0.10904
6 0.998826 0.00117412
7 0.391399 0.608601
6 0.999718 0.000282269
6 0.763363 0.236637
7 0.159493 0.840507
7 0.366975 0.633025
6 0.635855 0.364145
7 0.0133592 0.986641
7 0.275481 0.724519
6 0.982334 0.0176661
7 0.0211344 0.978866
7 0.00830967 0.99169
6 0.987367 0.0126328
6 0.998119 0.00188128
6 0.995749 0.00425085
6 0.971823 0.0281765
7 0.379324 0.620676
7 0.00211675 0.997883
6 0.773473 0.226527
6 0.916621 0.0833788
6 0.999441 0.000559161
6 0.936991 0.063009
7 2.64534e-05 0.999974
6 0.637515 0.362485
6 0.997681 0.0023185
7 1.58364e-05 0.999984
6 0.975761 0.0242392
7 0.49118 0.50882
6 0.98809 0.0119105
6 0.991936 0.00806397
6 0.979697 0.0203026
7 0.00870828 0.991292
7 0.361895 0.638105
6 0.878303 0.121697
6 0.99915 0.000849995
7 0.0540428 0.945957
7 0.223013 0.776987
6 0.983211 0.016789
7 1.68639e-06 0.999998
7 0.00010406 0.999896
6 0.998346 0.00165444
7 1e-07 1
6 0.992604 0.00739607
7 0.435182 0.564818
7 0.0283459 0.971654
6 0.999509 0.000490869
7 0.0213389 0.978661
6 0.880089 0.119911
7 0.09421 0.90579
6 0.990427 0.00957311
7 0.0222687 0.977731
6 0.978095 0.021905
7 2.97005e-05 0.99997
7 2.89022e-06 0.999997
7 0.108855 0.891145
7 0.00526199 0.994738
7 0.0180256 0.981974
7 0.160235 0.839765
6 0.99542 0.00458019
6 0.988347 0.0116528
6 0.974378 0.0256224
7 0.0212375 0.978762
7 0.452645 0.547355
6 0.943728 0.0562719
7 3.35775e-06 0.999997
7 0.11869 0.88131
6 0.996236 0.0037644
6 0.968645 0.0313547
7 0.328526 0.671474
6 0.993141 0.00685891
7 0.497763 0.502237
6 0.997999 0.00200147
7 0.433838 0.566162
6 0.975302 0.0246983
7 0.167851 0.832149
6 0.644449 0.355551
6 0.83312 0.16688
6 0.653429 0.346571
6 0.939431 0.0605693
7 4.14021e-05 0.999959
7 0.1914 0.8086
7 0.00146299 0.998537
6 0.991822 0.00817826
7 0.200923 0.799077
7 0.11587 0.88413
6 0.984283 0.0157171
6 0.948961 0.0510389
7 0.0125324 0.987468
6 0.986505 0.0134953
7 0.147185 0.852815
6 0.993431 0.00656921
6 0.996449 0.00355133
6 0.994347 0.00565339
7 0.204732 0.795268
6 0.630319 0.369681
7 0.0225634 0.977437
7 0.377288 0.622712
6 0.998196 0.0018043
6 0.977716 0.022284
6 0.994695 0.00530528
7 0.00538716 0.994613
7 0.012331 0.987669
7 0.0364941 0.963506
7 0.0161358 0.983864
6 0.998949 0.00105066
6 0.999422 0.000577853
6 0.916129 0.0838711
7 0.151487 0.848513
7 0.00295436 0.997046
6 0.999619 0.000381252
7 7.15481e-07 0.999999
7 0.128075 0.871925
6 0.987836 0.012164
6 0.992888 0.00711227
6 0.993247 0.00675313
6 0.984391 0.0156085
6 0.997756 0.00224362
7 0.101561 0.898439
7 0.114872 0.885128
6 0.739338 0.260662
6 0.806238 0.193762
6 0.998291 0.00170941
7 0.155374 0.844626
6 0.996845 0.00315542
6 0.593506 0.406494
7 0.00713304 0.992867
7 0.408822 0.591178
7 0.0456539 0.954346
7 0.0098839 0.990116
6 0.994233 0.00576683
7 0.286199 0.713801
7 0.0579754 0.942025
7 0.0924119 0.907588
6 0.998717 0.00128278
7 0.00466945 0.995331
6 0.999338 0.000662301
6 0.99872 0.00128017
6 0.993501 0.00649944
7 1e-07 1
6 0.999321 0.000678697
7 0.254108 0.745892
7 3.79413e-07 1
7 0.00109696 0.998903
7 4.27835e-05 0.999957
6 0.999259 0.000740715
6 0.957384 0.0426164
7 0.261862 0.738138
6 0.821292 0.178708
6 0.995318 0.0046817
7 0.142201 0.857799
6 0.964607 0.0353929
6 0.989217 0.0107831
6 0.997219 0.00278142
7 0.263238 0.736762
6 0.985458 0.014542
6 0.998546 0.0014536
6 0.997448 0.00255232
6 0.999868 0.000132184
6 0.999483 0.000517294
6 0.961289 0.0387112
7 0.00347408 0.996526
7 0.207182 0.792818
6 0.851901 0.148099
6 0.997741 0.00225852
6 0.996792 0.00320795
7 0.000785744 0.999214
7 0.200247 0.799753
7 1.3889e-05 0.999986
6 0.998162 0.0018377
7 0.105539 0.894461
6 0.829272 0.170728
7 0.334693 0.665307
7 0.0171884 0.982812
6 0.721057 0.278943
6 0.999699 0.000301203
7 0.00518277 0.994817
7 0.0117098 0.98829
7 0.108227 0.891773
6 0.868324 0.131676
7 0.413923 0.586077
7 0.0359597 0.96404
6 0.998971 0.00102871
7 0.328132 0.671868
7 1e-07 1
6 0.968143 0.0318566
7 0.0391102 0.96089
6 0.990537 0.00946272
6 0.966402 0.0335981
6 0.976465 0.0235347
6 0.999158 0.000842356
6 0.978879 0.0211208
7 0.210504 0.789496
7 1e-07 1
6 0.824643 0.175357
7 0.000410851 0.999589
7 0.00146515 0.998535
7 0.0675866 0.932413
6 0.995094 0.00490623
6 0.996354 0.00364597
6 0.847295 0.152705
7 0.00513369 0.994866
6 0.990315 0.00968484
6 0.998926 0.00107368
6 0.994287 0.00571264
7 0.106835 0.893165
6 0.878629 0.121371
6 0.99814 0.00185972
7 0.00167528 0.998325
7 6.27588e-05 0.999937
6 0.989987 0.0100131
6 0.956848 0.0431516
7 0.00480972 0.99519
6 0.999623 0.000376713
6 0.996076 0.00392445
6 0.700961 0.299039
7 4.47602e-07 1
7 0.0152633 0.984737
7 0.0574366 0.942563
6 0.992509 0.00749139
6 0.986583 0.0134165
6 0.997982 0.00201833
6 0.997052 0.00294802
6 0.597199 0.402801
7 0.000513999 0.999486
6 0.989113 0.0108875
7 0.0127895 0.98721
6 0.998499 0.00150133
6 0.996186 0.00381419
7 0.00900861 0.990991
6 0.719568 0.280432
6 0.952568 0.0474324
7 0.325823 0.674177
7 0.438743 0.561257
6 0.941323 0.0586767
7 0.00193579 0.998064
6 0.997985 0.00201528
6 0.96839 0.0316102
7 8.10147e-05 0.999919
6 0.630152 0.369848
7 0.0189166 0.981083
6 0.986604 0.0133963
7 0.00034889 0.999651
7 0.208881 0.791119
7 7.65724e-05 0.999923
7 0.301195 0.698805
7 1e-07 1
7 0.00132043 0.99868
6 0.875118 0.124882
7 0.48537 0.51463
6 0.859547 0.140453
6 0.985862 0.0141384
7 0.118667 0.881333
6 0.979625 0.0203754
6 0.534416 0.465584
7 1.0565e-06 0.999999
7 0.00157324 0.998427
7 0.00662907 0.993371
6 0.985092 0.0149083
7 0.357756 0.642244
6 0.961067 0.0389325
7 0.0147117 0.985288
6 0.93966 0.0603396
6 0.999236 0.000763685
6 0.984023 0.0159767
6 0.995957 0.00404348
7 0.440829 0.559171
7 0.165292 0.834708
6 0.999445 0.000555303
7 0.104096 0.895904
6 0.998541 0.00145938
6 0.876706 0.123294
6 0.846136 0.153864
7 0.489197 0.510803
6 0.599853 0.400147
7 0.374315 0.625685
6 0.999424 0.000575872
6 0.992546 0.00745437
6 0.995204 0.00479581
6 0.965804 0.0341963
7 1e-07 1
6 0.977866 0.0221343
6 0.99322 0.0067797
6 0.573143 0.426857
6 0.974566 0.0254339
7 2.96838e-07 1
7 2.44558e-05 0.999976
6 0.990604 0.00939555
6 0.983662 0.0163381
6 0.930042 0.0699577
7 0.00622138 0.993779
6 0.995594 0.00440625
6 0.796592 0.203408
6 0.983649 0.0163512
6 0.797335 0.202665
6 0.9464 0.0535996
7 0.0100723 0.989928
6 0.942942 0.0570582
7 0.0515472 0.948453
7 0.00532769 0.994672
7 0.0151211 0.984879
6 0.964608 0.0353925
7 4.09008e-05 0.999959
7 0.00154411 0.998456
6 0.800763 0.199237
7 0.495732 0.504268
7 1.14967e-07 1
7 0.00158456 0.998415
7 0.36603 0.63397
7 0.117287 0.882713
6 0.997921 0.00207946
7 0.241191 0.758809
7 0.00998258 0.990017
7 0.381058 0.618942
7 0.136987 0.863013
6 0.97391 0.0260901
6 0.993627 0.00637346
6 0.987576 0.0124237
6 0.999179 0.00082059
7 0.0108526 0.989147
6 0.941605 0.0583951
6 0.84196 0.15804
7 0.00124692 0.998753
6 0.989035 0.0109655
7 0.391865 0.608135
7 1.74974e-05 0.999983
7 0.0047914 0.995209
6 0.54615 0.45385
6 0.998658 0.00134226
7 1.85105e-07 1
6 0.998189 0.00181125
7 0.0135865 0.986413
7 0.00785972 0.99214
6 0.803275 0.196725
6 0.967677 0.0323228
6 0.995744 0.00425636
6 0.997084 0.00291569
6 0.989402 0.0105982
7 9.19861e-07 0.999999
6 0.989734 0.010266
7 0.0224272 0.977573
6 0.632413 0.367587
7 1.63159e-05 0.999984
7 0.153928 0.846072
6 0.511887 0.488113
6 0.996739 0.00326087
6 0.982903 0.0170966
6 0.905024 0.0949762
7 0.103827 0.896173
7 0.0066271 0.993373
6 0.942712 0.0572883
7 0.282692 0.717308
7 0.0194679 0.980532
6 0.953739 0.0462606
6 0.991887 0.00811326
6 0.985178 0.0148225
7 0.00315143 0.996849
6 0.997173 0.00282687
6 0.998499 0.00150073
7 0.0947282 0.905272
6 0.996818 0.00318184
7 0.412562 0.587438
6 0.991089 0.00891065
6 0.976331 0.0236686
6 0.970908 0.0290918
7 0.00198837 0.998012
7 9.64577e-05 0.999904
6 0.997521 0.00247915
6 0.990925 0.00907544
6 0.562462 0.437538
6 0.98938 0.0106199
6 0.977647 0.0223525
6 0.995077 0.00492296
6 0.815096 0.184904
6 0.99729 0.00271033
6 0.997254 0.00274597
6 0.93278 0.0672199
7 0.0110259 0.988974
7 0.0584169 0.941583
7 1.52531e-06 0.999998
7 4.0683e-06 0.999996
6 0.984266 0.0157343
7 0.282067 0.717933
7 2.3613e-06 0.999998
7 0.490676 0.509324
7 0.195996 0.804004
7 0.00304347 0.996957
6 0.9916 0.00840014
6 0.982728 0.0172718
7 0.497138 0.502862
7 0.0607893 0.939211
7 2.87086e-05 0.999971
6 0.988829 0.0111707
6 0.993829 0.0061709
7 0.279113 0.720887
7 0.167097 0.832903
7 0.322121 0.677879
7 0.140939 0.859061
7 0.0887467 0.911253
7 0.00476967 0.99523
7 0.000129629 0.99987
6 0.99665 0.00334976
6 0.997081 0.00291909
7 0.341474 0.658526
7 1e-07 1
6 0.729427 0.270573
7 0.109279 0.890721
6 0.995098 0.00490176
6 0.983357 0.0166427
6 0.99821 0.00178974
7 0.0521196 0.94788
6 0.994021 0.00597854
6 0.998854 0.00114612
6 0.993004 0.00699591
6 0.970005 0.029995
7 0.0794447 0.920555
6 0.999282 0.000717861
6 0.974185 0.0258154
6 0.98235 0.01765
6 0.991348 0.0086518
6 0.94572 0.0542802
7 0.00017407 0.999826
7 1.38729e-05 0.999986
6 0.995651 0.00434929
6 0.866441 0.133559
7 0.000932248 0.999068
6 0.892214 0.107786
6 0.991738 0.00826168
7 0.0695958 0.930404
7 0.23958 0.76042
6 0.999859 0.00014051
6 0.996693 0.00330712
7 2.55185e-06 0.999997
6 0.994449 0.00555129
6 0.973175 0.0268248
7 0.310984 0.689016
6 0.993827 0.00617254
6 0.999181 0.000819473
6 0.988764 0.011236
7 0.000390295 0.99961
6 0.998036 0.00196356
7 0.00433204 0.995668
7 0.0047132 0.995287
7 0.420005 0.579995
7 0.281497 0.718503
7 0.0185498 0.98145
6 0.99099 0.0090096
6 0.994713 0.00528651
7 0.064029 0.935971
6 0.731048 0.268952
6 0.96675 0.0332501
6 0.997773 0.0022268
7 0.00113733 0.998863
6 0.999201 0.000798995
7 0.110858 0.889142
7 0.39595 0.60405
6 0.760975 0.239025
7 0.301376 0.698624
6 0.973024 0.0269763
6 0.977428 0.0225717
6 0.937741 0.0622592
7 0.0976817 0.902318
7 0.00132418 0.998676
6 0.994719 0.00528105
7 0.005652 0.994348
7 0.221332 0.778668
7 1e-07 1
6 0.999663 0.000336517
6 0.964163 0.0358367
7 0.461253 0.538747
6 0.990605 0.00939478
7 0.116612 0.883388
7 0.00888383 0.991116
7 0.0201394 0.979861
7 0.0272279 0.972772
6 0.98233 0.0176701
7 0.00952165 0.990478
6 0.999668 0.000331996
7 7.89196e-06 0.999992
6 0.992802 0.00719794
6 0.594984 0.405016
6 0.998883 0.00111671
6 0.993841 0.00615877
6 0.997751 0.00224852
6 0.875347 0.124653
6 0.997505 0.00249525
7 0.00196532 0.998035
7 0.000215634 0.999784
7 2.55528e-05 0.999974
7 0.00921369 0.990786
6 0.951978 0.0480219
6 0.756783 0.243217
7 0.0627209 0.937279
7 0.025893 0.974107
7 0.00186569 0.998134
7 0.190034 0.809966
6 0.996285 0.0037149
6 0.99347 0.00653028
7 0.00663518 0.993365
6 0.85841 0.14159
7 0.251455 0.748545
6 0.975481 0.0245193
6 0.963234 0.0367657
6 0.995881 0.00411882
6 0.937222 0.0627785
6 0.773284 0.226716
6 0.987965 0.0120352
6 0.661166 0.338834
6 0.979311 0.0206885
7 0.0655705 0.934429
6 0.998115 0.00188501
6 0.988935 0.0110646
7 0.400465 0.599535
6 0.989847 0.0101533
6 0.70372 0.29628
6 0.998238 0.00176186
6 0.999702 0.000298189
6 0.999714 0.000286432
6 0.999445 0.000555359
7 0.448853 0.551147
6 0.996531 0.00346944
6 0.997363 0.00263704
7 5.35678e-05 0.999946
6 0.99899 0.00100993
6 0.97561 0.0243904
6 0.998175 0.00182451
7 2.98456e-07 1
7 0.247317 0.752683
6 0.999532 0.000467667
6 0.836849 0.163151
6 0.965576 0.0344239
6 0.993346 0.006654
6 0.996713 0.00328719
6 0.997045 0.00295476
6 0.992675 0.0073247
7 0.260917 0.739083
6 0.671287 0.328713
6 0.998079 0.00192099
7 0.272869 0.727131
7 0.0204369 0.979563
7 1e-07 1
7 0.115012 0.884988
7 1.71738e-05 0.999983
6 0.987327 0.012673
7 0.0163839 0.983616
6 0.990586 0.00941417
7 0.374802 0.625198
6 0.996055 0.0039451
7 0.0159519 0.984048
7 0.21156 0.78844
6 0.792981 0.207019
7 0.00563836 0.994362
6 0.997145 0.00285499
7 0.0225684 0.977432
6 0.992768 0.00723208
6 0.993765 0.00623539
6 0.966453 0.0335468
7 0.0562875 0.943712
7 0.457395 0.542605
7 0.00333859 0.996661
6 0.51187 0.48813
7 0.46866 0.53134
6 0.997764 0.00223611
7 0.246804 0.753196
6 0.989711 0.0102892
7 0.0535706 0.946429
6 0.990154 0.00984601
6 0.981525 0.018475
6 0.996848 0.00315248
6 0.902678 0.0973224
7 0.394427 0.605573
6 0.564497 0.435503
7 0.0337032 0.966297
7 0.0134119 0.986588
6 0.867772 0.132228
6 0.977899 0.0221013
7 0.000219627 0.99978
6 0.691101 0.308899
7 9.66233e-06 0.99999
6 0.92284 0.0771604
6 0.989598 0.0104023
6 0.999771 0.000228765
7 0.0638491 0.936151
6 0.997751 0.00224899
6 0.999032 0.000967574
6 0.952932 0.0470676
6 0.996115 0.00388525
7 0.0153052 0.984695
6 0.997121 0.00287891
7 0.000102266 0.999898
6 0.993426 0.00657366
7 0.338523 0.661477
7 0.0268504 0.97315
6 0.971787 0.0282132
6 0.82749 0.17251
6 0.988583 0.0114171
6 0.91733 0.0826699
6 0.979473 0.0205266
6 0.998566 0.00143374
6 0.885302 0.114698
6 0.998826 0.00117389
6 0.997984 0.00201587
7 0.247887 0.752113
6 0.994978 0.00502212
6 0.994506 0.00549359
6 0.999097 0.000902645
7 0.319035 0.680965
6 0.991124 0.00887594
7 0.00677739 0.993223
7 0.0833534 0.916647
6 0.712127 0.287873
7 1e-07 1
6 0.980124 0.0198759
7 0.0558484 0.944152
7 0.218734 0.781266
6 0.84845 0.15155
6 0.999384 0.000616409
7 0.03934 0.96066
6 0.999751 0.000249487
6 0.921477 0.0785229
6 0.978748 0.021252
7 1e-07 1
7 0.255218 0.744782
7 0.0337712 0.966229
7 0.00696983 0.99303
6 0.991032 0.00896778
6 0.949852 0.0501479
7 0.00018733 0.999813
6 0.938713 0.0612872
6 0.50204 0.49796
6 0.981485 0.018515
6 0.985621 0.0143787
7 0.189184 0.810816
6 0.976584 0.0234159
6 0.936317 0.0636835
6 0.949564 0.0504362
6 0.547046 0.452954
6 0.999362 0.000638435
6 0.99592 0.00407988
7 0.245482 0.754518
7 1.84259e-06 0.999998
6 0.979648 0.0203524
7 0.363121 0.636879
7 0.125875 0.874125
6 0.984024 0.0159758
7 0.125012 0.874988
7 0.0457563 0.954244
6 0.593329 0.406671
6 0.970789 0.0292113
6 0.997731 0.00226913
7 1.82944e-07 1
7 0.00266901 0.997331
6 0.940681 0.0593194
6 0.968036 0.0319642
7 0.0024109 0.997589
7 0.00273744 0.997263
7 0.00844523 0.991555
7 0.000105158 0.999895
6 0.99689 0.00311043
6 0.544884 0.455116
6 0.978601 0.0213989
7 1e-07 1
7 0.0211818 0.978818
6 0.993829 0.0061707
7 0.000167576 0.999832
7 0.0124957 0.987504
6 0.994678 0.00532232
7 0.00795258 0.992047
7 0.00072449 0.999276
6 0.997764 0.00223568
6 0.995809 0.00419147
7 0.150236 0.849764
6 0.912259 0.0877409
6 0.993934 0.00606647
6 0.997134 0.00286621
6 0.656789 0.343211
6 0.980936 0.0190635
7 0.243289 0.756711
7 2.9017e-06 0.999997
7 0.0104825 0.989518
6 0.941 0.0589999
7 0.109837 0.890163
6 0.993575 0.00642514
6 0.816051 0.183949
6 0.856431 0.143569
6 0.998226 0.00177417
7 0.000549347 0.999451
7 0.317845 0.682155
7 0.252275 0.747725
6 0.993845 0.00615506
6 0.996245 0.00375527
6 0.979358 0.0206416
7 0.000612766 0.999387
7 0.0280787 0.971921
6 0.985347 0.0146525
7 0.379306 0.620694
7 0.22044 0.77956
7 0.00308205 0.996918
7 4.71224e-05 0.999953
7 0.000805942 0.999194
7 0.058133 0.941867
6 0.976513 0.0234871
7 0.00257222 0.997428
6 0.962855 0.0371446
6 0.99961 0.000389783
6 0.999269 0.000731344
6 0.99991 8.99508e-05
7 0.089051 0.910949
7 8.54198e-06 0.999991
6 0.537437 0.462563
6 0.971915 0.0280852
6 0.995976 0.0040244
7 0.00426413 0.995736
7 5.39314e-06 0.999995
7 0.00231422 0.997686
6 0.95501 0.0449899
7 0.0778932 0.922107
7 0.00414429 0.995856
6 0.998041 0.00195891
6 0.973941 0.0260591
6 0.998771 0.00122891
7 0.000107746 0.999892
6 0.985775 0.0142249
6 0.749588 0.250412
6 0.987928 0.0120718
6 0.998824 0.00117621
6 0.829809 0.170191
6 0.94505 0.0549499
6 0.920184 0.0798156
6 0.960087 0.0399128
6 0.968655 0.0313452
7 1.87362e-06 0.999998
7 2.11629e-05 0.999979
7 0.00388061 0.996119
7 0.0345578 0.965442
7 0.0674938 0.932506
6 0.980224 0.0197765
6 0.891062 0.108938
7 0.00185928 0.998141
6 0.805445 0.194555
6 0.669076 0.330924
6 0.934545 0.0654546
6 0.998527 0.00147303
6 0.98826 0.0117399
6 0.996059 0.0039408
7 0.00768747 0.992313
7 0.210415 0.789585
7 0.0586758 0.941324
7 0.084007 0.915993
7 0.0022878 0.997712
6 0.987417 0.0125831
6 0.985335 0.0146653
7 0.00132607 0.998674
7 1e-07 1
6 0.554021 0.445979
6 0.989797 0.0102028
7 0.00716676 0.992833
7 0.286118 0.713882
6 0.987192 0.0128082
7 0.0152309 0.984769
6 0.993714 0.00628648
6 0.936189 0.0638105
7 0.436159 0.563841
7 0.0144219 0.985578
7 0.245171 0.754829
6 0.59561 0.40439
7 1.54774e-05 0.999985
6 0.995979 0.00402123
6 0.996882 0.00311808
7 0.463671 0.536329
6 0.996801 0.00319907
6 0.631894 0.368106
6 0.847723 0.152277
7 9.71353e-05 0.999903
7 0.128097 0.871903
6 0.978647 0.021353
7 0.126702 0.873298
6 0.998525 0.00147533
7 0.0246378 0.975362
6 0.999104 0.000896474
7 0.051458 0.948542
7 0.280742 0.719258
7 0.000562421 0.999438
6 0.986521 0.0134789
6 0.912325 0.0876748
6 0.99832 0.00167965
7 0.0045897 0.99541
6 0.982317 0.017683
6 0.780633 0.219367
6 0.999471 0.000528741
7 0.444981 0.555019
7 0.0866681 0.913332
7 0.268574 0.731426
7 0.174144 0.825856
6 0.999185 0.000814517
6 0.982095 0.0179048
6 0.98282 0.0171802
6 0.545626 0.454374
6 0.975016 0.024984
7 0.210093 0.789907
7 0.30848 0.69152
7 0.243676 0.756324
6 0.975297 0.0247031
6 0.988358 0.0116422
7 0.0129464 0.987054
7 0.0689679 0.931032
7 0.000395148 0.999605
6 0.96444 0.0355603
6 0.997832 0.00216842
7 0.174044 0.825956
7 0.288512 0.711488
6 0.998279 0.00172146
7 0.187788 0.812212
7 0.122993 0.877007
6 0.995299 0.00470076
7 0.398336 0.601664
7 0.0434746 0.956525
6 0.91941 0.0805902
7 0.420885 0.579115
7 7.23831e-06 0.999993
6 0.949172 0.0508281
7 1.1203e-06 0.999999
6 0.998918 0.00108165
7 0.0113042 0.988696
7 0.000851891 0.999148
6 0.998786 0.00121449
6 0.997549 0.00245116
7 0.034379 0.965621
7 0.0951939 0.904806
6 0.997572 0.00242847
6 0.994707 0.00529254
7 0.262858 0.737142
7 0.00101801 0.998982
6 0.998965 0.00103483
6 0.993921 0.00607856
6 0.988608 0.0113916
7 0.00937003 0.99063
7 0.0208623 0.979138
6 0.988974 0.0110259
6 0.998442 0.00155765
6 0.704485 0.295515
7 0.0852479 0.914752
6 0.982155 0.017845
7 0.0883442 0.911656
7 0.0254673 0.974533
6 0.981386 0.0186137
6 0.992533 0.00746701
7 0.00251344 0.997487
7 0.175725 0.824275
6 0.996618 0.00338173
7 0.179759 0.820241
7 0.000504472 0.999496
7 0.000590664 0.999409
7 0.128205 0.871795
7 0.000771294 0.999229
6 0.979781 0.0202186
7 0.184432 0.815568
7 0.223059 0.776941
6 0.538132 0.461868
6 0.722501 0.277499
7 0.00841677 0.991583
7 0.0302104 0.96979
7 0.34985 0.65015
6 0.987199 0.0128009
6 0.98079 0.0192095
6 0.94128 0.0587198
7 0.347715 0.652285
7 0.0461777 0.953822
6 0.521931 0.478069
7 0.346036 0.653964
6 0.996078 0.00392215
7 0.000109604 0.99989
6 0.996617 0.00338317
6 0.980865 0.0191353
6 0.967279 0.0327214
7 0.059851 0.940149
6 0.978241 0.0217594
6 0.981798 0.0182018
6 0.996904 0.00309605
6 0.994397 0.0056029
7 0.0513608 0.948639
7 0.00103833 0.998962
7 0.0518725 0.948127
6 0.989552 0.0104479
7 0.0483833 0.951617
6 0.997835 0.00216485
6 0.983216 0.016784
7 0.0621685 0.937832
6 0.838107 0.161893
7 0.160237 0.839763
7 3.5692e-05 0.999964
7 1.8373e-05 0.999982
6 0.996899 0.00310083
6 0.999164 0.000836148
7 0.430415 0.569585
6 0.998419 0.00158092
7 4.68579e-05 0.999953
7 0.015477 0.984523
6 0.996179 0.00382061
6 0.9943 0.00569972
6 0.990368 0.00963184
6 0.519917 0.480083
6 0.990641 0.0093594
7 0.105195 0.894805
6 0.992273 0.00772729
7 0.0114595 0.98854
6 0.941732 0.0582683
6 0.982342 0.0176582
6 0.999016 0.000984175
6 0.617494 0.382506
7 0.0231312 0.976869
6 0.954955 0.0450454
6 0.994392 0.00560841
7 0.0346598 0.96534
7 0.000701175 0.999299
6 0.929923 0.0700771
7 0.238875 0.761125
6 0.998228 0.00177243
7 0.02396 0.97604
7 0.240474 0.759526
6 0.995314 0.00468574
6 0.998891 0.00110871
7 0.0185008 0.981499
6 0.999944 5.64429e-05
6 0.935465 0.0645354
7 0.00123988 0.99876
6 0.994465 0.00553547
6 0.997492 0.00250846
6 0.975352 0.0246478
6 0.978454 0.0215457
7 4.08036e-06 0.999996
6 0.986062 0.0139379
6 0.997857 0.00214289
7 0.00241379 0.997586
7 0.187591 0.812409
6 0.991323 0.00867714
7 0.224938 0.775062
7 0.330795 0.669205
6 0.993351 0.00664947
6 0.995098 0.00490191
6 0.593666 0.406334
7 0.107709 0.892291
7 0.409172 0.590828
6 0.998169 0.00183078
7 0.00374527 0.996255
6 0.53504 0.46496
7 0.0692771 0.930723
7 0.221287 0.778713
6 0.999479 0.000521349
6 0.988554 0.0114464
6 0.748796 0.251204
7 0.000403406 0.999597
6 0.970135 0.0298647
7 0.00593514 0.994065
7 0.000195791 0.999804
7 0.107747 0.892253
6 0.996317 0.00368269
6 0.948113 0.0518871
7 0.0064366 0.993563
7 0.00405015 0.99595
7 0.00128699 0.998713
6 0.992611 0.00738906
7 0.0423727 0.957627
6 0.988673 0.0113268
6 0.993947 0.00605317
7 0.0770159 0.922984
7 0.00416947 0.995831
6 0.503476 0.496524
6 0.995898 0.0041015
6 0.996264 0.0037365
6 0.945861 0.0541393
7 0.0560675 0.943933
6 0.841723 0.158277
7 0.305162 0.694838
6 0.989745 0.0102547
7 0.0173801 0.98262
7 0.000335482 0.999665
6 0.997148 0.00285186
7 0.0200847 0.979915
7 0.00674043 0.99326
6 0.990597 0.00940268
6 0.925431 0.074569
6 0.625155 0.374845
6 0.925334 0.0746659
6 0.996115 0.00388474
7 0.132529 0.867471
6 0.956452 0.0435478
7 0.00134421 0.998656
6 0.653137 0.346863
6 0.771882 0.228118
7 1e-07 1
6 0.981266 0.0187341
6 0.995983 0.004017
7 0.00546807 0.994532
6 0.996752 0.00324792
6 0.996857 0.00314293
7 1e-07 1
7 0.000911271 0.999089
7 0.128688 0.871312
6 0.99432 0.00568018
6 0.999299 0.000701406
7 0.358413 0.641587
7 0.0821154 0.917885
7 0.0129003 0.9871
6 0.851475 0.148525
6 0.997866 0.0021335
6 0.989682 0.010318
6 0.990763 0.00923698
6 0.975384 0.0246158
7 1.32055e-05 0.999987
6 0.981435 0.0185654
6 0.994157 0.00584251
6 0.994257 0.00574304
6 0.99702 0.00298038
6 0.996183 0.00381744
7 0.434569 0.565431
6 0.766212 0.233788
6 0.996792 0.00320801
7 0.0741006 0.925899
6 0.984003 0.0159966
7 6.31221e-05 0.999937
6 0.842775 0.157225
7 0.0018975 0.998102
6 0.708659 0.291341
7 0.133788 0.866212
6 0.996896 0.00310387
6 0.655977 0.344023
7 0.00235926 0.997641
6 0.996491 0.00350874
6 0.989328 0.010672
6 0.982808 0.0171915
6 0.999095 0.000904546
7 0.000879965 0.99912
6 0.953775 0.046225
6 0.936118 0.0638822
6 0.98086 0.0191398
6 0.996067 0.00393271
6 0.996235 0.00376469
7 0.0259456 0.974054
6 0.998206 0.00179382
7 0.0457563 0.954244
6 0.994704 0.00529624
7 0.00891323 0.991087
6 0.535948 0.464052
6 0.983183 0.0168172
6 0.891682 0.108318
7 0.158616 0.841384
7 1e-07 1
6 0.995459 0.00454082
7 0.000536923 0.999463
7 0.0481908 0.951809
6 0.9394 0.0606
6 0.993497 0.00650281
6 0.925923 0.0740771
6 0.864292 0.135708
6 0.717708 0.282292
6 0.892814 0.107186
7 4.49966e-07 1
6 0.9989 0.00109989
7 0.0174385 0.982562
6 0.999491 0.000508994
6 0.994988 0.00501215
7 0.0723053 0.927695
6 0.998575 0.00142491
7 0.0161039 0.983896
6 0.996504 0.00349594
6 0.994219 0.00578145
7 0.0757022 0.924298
7 0.045518 0.954482
7 0.000789233 0.999211
6 0.987873 0.0121271
6 0.565605 0.434395
6 0.997566 0.00243448
7 0.00026841 0.999732
6 0.996962 0.00303764
7 0.0699634 0.930037
7 0.00860214 0.991398
6 0.981802 0.0181981
6 0.996638 0.003362
7 3.11479e-06 0.999997
6 0.991014 0.00898636
7 0.426634 0.573366
6 0.99704 0.00295968
6 0.51286 0.48714
6 0.999634 0.000366068
6 0.99646 0.00354007
6 0.998835 0.00116468
7 1e-07 1
6 0.679884 0.320116
7 0.19953 0.80047
6 0.983173 0.016827
6 0.97556 0.0244398
6 0.828024 0.171976
7 0.0020313 0.997969
7 0.000977789 0.999022
7 0.0326329 0.967367
6 0.98221 0.0177902
7 0.000409418 0.999591
6 0.998703 0.00129736
6 0.998943 0.00105721
6 0.995544 0.00445565
6 0.931426 0.0685737
7 4.82325e-05 0.999952
7 6.13053e-06 0.999994
6 0.996306 0.00369351
7 0.00297029 0.99703
7 0.0010612 0.998939
6 0.554488 0.445512
6 0.987427 0.0125735
6 0.912368 0.0876319
7 0.00108206 0.998918
6 0.997899 0.0021007
7 0.126311 0.873689
6 0.98818 0.0118203
7 1.0366e-06 0.999999
7 0.169549 0.830451
6 0.787271 0.212729
7 0.458055 0.541945
6 0.994172 0.0058281
6 0.773304 0.226696
6 0.995124 0.00487634
6 0.628763 0.371237
6 0.578583 0.421417
6 0.997907 0.00209252
6 0.996563 0.00343747
6 0.817108 0.182892
7 0.246347 0.753653
6 0.999354 0.000646389
7 0.111935 0.888065
7 0.156957 0.843043
6 0.996189 0.00381114
6 0.983448 0.0165524
6 0.609836 0.390164
7 0.0920139 0.907986
6 0.992417 0.00758266
7 0.000151049 0.999849
6 0.632953 0.367047
6 0.996215 0.00378525
6 0.983367 0.0166332
6 0.99811 0.00189031
6 0.988101 0.0118986
7 0.00920636 0.990794
7 0.000456648 0.999543
6 0.713425 0.286575
7 1e-07 1
6 0.950232 0.0497675
6 0.928768 0.0712317
7 0.0354963 0.964504
6 0.980337 0.0196627
6 0.98921 0.0107904
6 0.98345 0.01655
7 0.00845284 0.991547
7 0.421994 0.578006
7 0.00089396 0.999106
7 0.106271 0.893729
6 0.997412 0.0025876
7 0.0027961 0.997204
6 0.995336 0.0046638
6 0.996568 0.00343172
6 0.998957 0.00104254
6 0.999701 0.000299401
6 0.571211 0.428789
7 1.75272e-05 0.999982
6 0.984193 0.0158071
6 0.831289 0.168711
6 0.995785 0.00421547
6 0.986336 0.0136638
6 0.999197 0.000802671
6 0.885314 0.114686
6 0.978835 0.0211649
6 0.976329 0.0236705
7 0.0115644 0.988436
6 0.988259 0.0117413
7 0.125136 0.874864
7 0.314739 0.685261
6 0.998945 0.00105534
6 0.641244 0.358756
7 0.00786299 0.992137
6 0.947531 0.052469
6 0.9997 0.000300097
7 9.92961e-06 0.99999
7 0.0492145 0.950785
6 0.966221 0.0337787
6 0.975854 0.0241457
6 0.968849 0.0311508
6 0.996846 0.0031545
6 0.998988 0.00101177
6 0.998083 0.00191658
7 0.264054 0.735946
7 0.154443 0.845557
7 0.459546 0.540454
7 0.000628068 0.999372
7 0.0312952 0.968705
6 0.999456 0.00054411
7 0.370236 0.629764
6 0.994864 0.00513566
6 0.997945 0.00205468
7 0.138374 0.861626
6 0.982913 0.0170872
6 0.988029 0.0119705
6 0.997552 0.00244767
6 0.99444 0.00556003
7 0.351237 0.648763
7 0.474772 0.525228
6 0.983512 0.016488
6 0.946656 0.0533442
6 0.996891 0.00310922
7 2.04411e-06 0.999998
6 0.89672 0.10328
7 0.242935 0.757065
6 0.997023 0.00297715
7 1e-07 1
6 0.999901 9.8791e-05
7 0.484079 0.515921
7 0.412197 0.587803
6 0.798735 0.201265
7 0.00157403 0.998426
7 0.00400239 0.995998
7 0.0106182 0.989382
7 0.000821493 0.999179
6 0.999058 0.000942296
6 0.954121 0.045879
7 0.00139152 0.998608
6 0.964168 0.0358319
7 0.00112165 0.998878
6 0.98579 0.0142103
6 0.982238 0.0177623
7 0.000109679 0.99989
7 0.0140254 0.985975
6 0.594057 0.405943
7 1.13305e-07 1
7 0.38983 0.61017
7 0.0811048 0.918895
7 0.000801253 0.999199
7 0.0190646 0.980935
7 0.0186592 0.981341
6 0.938731 0.061269
7 0.00900643 0.990994
6 0.518394 0.481606
7 0.23475 0.76525
6 0.969554 0.0304465
6 0.986742 0.013258
7 7.6323e-07 0.999999
7 0.0132711 0.986729
7 0.114653 0.885347
6 0.998269 0.00173099
6 0.999918 8.21548e-05
7 1e-07 1
6 0.855229 0.144771
7 0.000290037 0.99971
7 0.482192 0.517808
7 0.228881 0.771119
6 0.567764 0.432236
6 0.570852 0.429148
7 0.229128 0.770872
6 0.999464 0.000535686
7 3.38046e-05 0.999966
7 8.34263e-05 0.999917
7 0.215112 0.784888
6 0.994012 0.00598848
7 1.28575e-05 0.999987
7 0.011207 0.988793
7 0.00529213 0.994708
6 0.978426 0.0215737
6 0.990776 0.0092243
6 0.986662 0.0133377
6 0.901015 0.0989855
7 3.43881e-06 0.999997
6 0.977873 0.0221273
7 1.01264e-07 1
7 1e-07 1
7 0.0955108 0.904489
6 0.9881 0.0119004
6 0.992586 0.007414
6 0.997567 0.00243265
6 0.994991 0.00500915
6 0.997085 0.00291521
7 0.365464 0.634536
6 0.995356 0.00464367
6 0.974927 0.0250727
7 8.95292e-06 0.999991
6 0.998427 0.00157324
6 0.995399 0.00460076
6 0.995118 0.00488207
7 0.0174761 0.982524
7 0.143099 0.856901
6 0.99552 0.00447989
6 0.996001 0.00399898
7 0.0307929 0.969207
6 0.788961 0.211039
7 0.0495888 0.950411
6 0.93175 0.06825
7 0.00460518 0.995395
6 0.998729 0.001271
6 0.583675 0.416325
6 0.990935 0.00906547
6 0.993647 0.00635264
6 0.507363 0.492637
6 0.91436 0.0856399
6 0.99607 0.00393027
6 0.99584 0.00415953
6 0.997243 0.00275747
6 0.999101 0.00089939
6 0.951263 0.0487373
7 0.0107955 0.989204
7 0.140762 0.859238
7 0.0595466 0.940453
7 0.433945 0.566055
7 0.109893 0.890107
6 0.934995 0.0650053
7 0.159951 0.840049
7 0.000230412 0.99977
6 0.974676 0.0253244
6 0.998804 0.00119575
6 0.998549 0.00145111
6 0.998588 0.0014115
7 0.155937 0.844063
7 0.00247428 0.997526
6 0.994246 0.00575412
6 0.641987 0.358013
6 0.97311 0.0268902
7 0.0465463 0.953454
6 0.995748 0.00425182
7 6.66845e-05 0.999933
7 0.350455 0.649545
7 0.00647575 0.993524
7 1e-07 1
7 0.043286 0.956714
6 0.985049 0.0149513
6 0.74526 0.25474
7 0.00383382 0.996166
6 0.984675 0.0153253
7 5.10294e-05 0.999949
7 0.0399773 0.960023
6 0.992157 0.00784318
7 0.00183517 0.998165
7 0.135488 0.864512
6 0.999292 0.00070756
6 0.831314 0.168686
7 0.0017027 0.998297
6 0.999891 0.000109086
7 0.260241 0.739759
6 0.999836 0.000164467
7 0.051993 0.948007
6 0.960911 0.0390893
6 0.999456 0.0005437
7 0.000609105 0.999391
6 0.981666 0.0183343
6 0.989597 0.0104034
6 0.99948 0.00051958
6 0.997293 0.00270748
6 0.827192 0.172808
7 0.404156 0.595844
7 0.0160171 0.983983
6 0.874583 0.125417
6 0.999951 4.86063e-05
6 0.997088 0.0029122
6 0.999992 7.69484e-06
6 0.995689 0.00431101
7 0.000963071 0.999037
7 0.0164073 0.983593
7 0.0545364 0.945464
7 0.0335699 0.96643
7 0.343206 0.656794
6 0.983776 0.0162235
7 0.00360345 0.996397
6 0.997267 0.00273272
6 0.719656 0.280344
6 0.961957 0.0380429
7 0.00358554 0.996414
6 0.997884 0.00211559
6 0.999837 0.00016309
6 0.991805 0.0081953
6 0.97068 0.02932
6 0.882956 0.117044
6 0.997939 0.00206087
7 1.56774e-05 0.999984
6 0.934721 0.065279
7 0.00461339 0.995387
6 0.966382 0.0336183
6 0.961627 0.0383731
7 0.0463014 0.953699
6 0.997004 0.0029963
6 0.999089 0.000911175
7 0.0537847 0.946215
6 0.996213 0.00378665
6 0.994458 0.00554159
7 0.200943 0.799057
6 0.980289 0.0197109
6 0.967371 0.0326294
6 0.999586 0.000414068
7 0.0121925 0.987808
7 0.0440629 0.955937
7 0.275815 0.724185
6 0.972886 0.0271137
7 0.000438349 0.999562
6 0.994174 0.00582632
7 0.003236 0.996764
6 0.577965 0.422035
6 0.976246 0.0237541
6 0.99779 0.00221005
7 0.00317656 0.996823
6 0.964083 0.0359172
6 0.974977 0.0250233
7 0.00388631 0.996114
6 0.954464 0.0455356
6 0.98388 0.0161198
7 0.470683 0.529317
6 0.985583 0.0144166
6 0.509606 0.490394
7 0.0176864 0.982314
6 0.981309 0.0186907
7 0.0233929 0.976607
6 0.997999 0.00200149
7 3.55054e-05 0.999964
6 0.845547 0.154453
6 0.986212 0.0137881
7 0.0222461 0.977754
6 0.630469 0.369531
7 4.70821e-06 0.999995
7 0.0659596 0.93404
7 0.0303074 0.969693
7 0.00519643 0.994804
7 0.0946795 0.905321
7 0.378346 0.621654
7 0.137455 0.862545
6 0.996366 0.00363352
6 0.964757 0.0352429
6 0.923216 0.0767835
6 0.709523 0.290477
6 0.997911 0.00208932
6 0.995725 0.00427495
6 0.999491 0.000508646
7 0.330042 0.669958
7 0.452792 0.547208
6 0.990429 0.00957125
7 0.0548318 0.945168
7 0.0130729 0.986927
6 0.988284 0.0117155
6 0.997089 0.00291101
7 0.00455126 0.995449
7 0.0015858 0.998414
7 0.00125572 0.998744
6 0.76639 0.23361
7 0.419541 0.580459
7 0.0796107 0.920389
7 0.371914 0.628086
7 1.79446e-06 0.999998
6 0.974934 0.0250655
7 0.00298498 0.997015
7 1.97723e-05 0.99998
7 0.000520487 0.99948
7 0.239432 0.760568
7 0.0679717 0.932028
7 0.232081 0.767919
6 0.990644 0.0093555
7 0.00046868 0.999531
6 0.52726 0.47274
7 2.34209e-07 1
6 0.785696 0.214304
6 0.997016 0.00298421
6 0.995309 0.00469073
6 0.964749 0.035251
7 0.0152947 0.984705
6 0.972452 0.0275481
7 0.340789 0.659211
6 0.995317 0.00468277
6 0.99904 0.000959581
6 0.987086 0.0129141
6 0.9774 0.0226003
7 0.000126829 0.999873
7 0.000312283 0.999688
6 0.996885 0.00311543
7 0.0291591 0.970841
6 0.99412 0.00587987
6 0.997137 0.00286279
7 0.039662 0.960338
7 0.00216044 0.99784
6 0.939055 0.0609452
7 0.0153567 0.984643
6 0.886321 0.113679
7 2.92062e-05 0.999971
6 0.96173 0.0382703
7 0.0330537 0.966946
7 0.371714 0.628286
7 0.409658 0.590342
6 0.970839 0.0291609
7 0.00497928 0.995021
6 0.99746 0.00254036
7 0.00148792 0.998512
7 0.203666 0.796334
6 0.996479 0.00352096
6 0.590342 0.409658
6 0.958318 0.0416819
6 0.940934 0.0590661
7 0.149438 0.850562
6 0.999002 0.000997908
7 0.267522 0.732478
6 0.980718 0.0192816
6 0.997821 0.00217949
6 0.941759 0.0582411
6 0.99768 0.00231971
7 0.00151161 0.998488
7 0.000163776 0.999836
7 0.477363 0.522637
7 0.00283134 0.997169
6 0.641061 0.358939
7 1e-07 1
7 0.0153011 0.984699
6 0.999566 0.000434389
7 0.00733947 0.992661
7 1.73051e-07 1
7 0.00458296 0.995417
6 0.961595 0.0384047
7 0.207492 0.792508
6 0.698977 0.301023
6 0.994497 0.00550316
6 0.741826 0.258174
7 0.000676683 0.999323
6 0.900534 0.0994663
6 0.99648 0.00351997
6 0.559228 0.440772
7 0.250461 0.749539
6 0.988821 0.0111787
7 5.2969e-07 0.999999
6 0.914493 0.0855075
6 0.991179 0.00882064
7 0.000650398 0.99935
7 0.0712384 0.928762
6 0.541985 0.458015
6 0.994367 0.00563349
6 0.971002 0.0289984
7 0.0692319 0.930768
6 0.999927 7.327e-05
6 0.990087 0.00991303
6 0.955287 0.0447128
7 0.270334 0.729666
7 0.122559 0.877441
6 0.997268 0.00273202
7 0.200479 0.799521
6 0.789504 0.210496
6 0.970431 0.0295691
7 0.163042 0.836958
6 0.995606 0.00439419
6 0.972493 0.0275065
6 0.954766 0.045234
7 2.69272e-05 0.999973
6 0.987473 0.0125268
7 0.00138541 0.998615
6 0.995418 0.00458174
6 0.998753 0.00124699
6 0.950792 0.0492082
6 0.785128 0.214872
7 0.0201619 0.979838
6 0.965124 0.034876
7 0.0269196 0.97308
7 0.323505 0.676495
6 0.976466 0.0235341
6 0.994831 0.00516903
6 0.999655 0.000344867
6 0.739001 0.260999
7 0.00617054 0.993829
7 0.491805 0.508195
6 0.998306 0.00169441
6 0.840703 0.159297
6 0.887321 0.112679
6 0.997243 0.00275687
7 0.051711 0.948289
6 0.997182 0.00281772
7 0.000496851 0.999503
7 0.288402 0.711598
7 3.50767e-05 0.999965
6 0.992602 0.00739815
6 0.999463 0.000537102
6 0.66595 0.33405
7 0.0285592 0.971441
6 0.896425 0.103575
6 0.974894 0.0251057
6 0.999636 0.000363665
6 0.894122 0.105878
6 0.939561 0.0604389
7 0.162523 0.837477
6 0.981628 0.0183722
6 0.612767 0.387233
7 1.62304e-05 0.999984
7 0.0622978 0.937702
7 0.367835 0.632165
7 2.58254e-07 1
7 0.000890266 0.99911
6 0.923671 0.0763293
7 0.00256176 0.997438
6 0.998426 0.00157434
7 0.044746 0.955254
6 0.993382 0.00661753
7 0.127413 0.872587
6 0.947961 0.0520388
7 0.0612497 0.93875
7 0.00159366 0.998406
6 0.890725 0.109275
6 0.996499 0.00350103
7 0.233411 0.766589
6 0.96799 0.0320099
6 0.998622 0.00137776
7 0.395909 0.604091
7 0.119252 0.880748
7 0.167224 0.832776
6 0.993856 0.00614397
6 0.998619 0.00138132
7 0.209898 0.790102
6 0.98656 0.0134399
6 0.999708 0.000292108
7 0.00686024 0.99314
6 0.646523 0.353477
7 0.0109216 0.989078
6 0.997716 0.0022835
6 0.999724 0.000275672
7 0.0236295 0.976371
6 0.964277 0.0357229
6 0.999015 0.00098477
6 0.999196 0.00080363
7 0.0243074 0.975693
6 0.950726 0.0492736
7 0.00810262 0.991897
7 0.000244783 0.999755
7 1.53835e-07 1
7 0.495369 0.504631
6 0.964811 0.0351885
6 0.525543 0.474457
6 0.998886 0.00111439
6 0.988762 0.0112382
6 0.985667 0.0143327
6 0.954244 0.0457563
7 0.00261227 0.997388
6 0.987305 0.0126945
6 0.997035 0.00296519
7 0.103862 0.896138
7 0.109515 0.890485
6 0.968345 0.0316545
6 0.997876 0.00212367
7 0.00191433 0.998086
7 0.0435756 0.956424
6 0.999342 0.000657854
7 0.00916181 0.990838
7 0.20825 0.79175
6 0.982735 0.0172652
6 0.998524 0.00147644
7 0.000619177 0.999381
7 0.00338621 0.996614
6 0.986462 0.0135383
7 0.0213418 0.978658
6 0.999288 0.000712269
6 0.988255 0.0117447
7 0.458104 0.541896
7 0.000374281 0.999626
6 0.980078 0.0199225
6 0.513166 0.486834
6 0.981818 0.0181819
7 0.38496 0.61504
7 0.00317344 0.996827
7 0.0100085 0.989992
6 0.998281 0.00171897
7 0.000900986 0.999099
6 0.999472 0.000528157
7 0.0190607 0.980939
7 0.226324 0.773676
6 0.984762 0.0152384
6 0.938733 0.0612674
7 0.186947 0.813053
6 0.800164 0.199836
6 0.795767 0.204233
7 3.52345e-06 0.999996
7 0.225597 0.774403
6 0.99965 0.000349636
6 0.942854 0.0571457
6 0.994059 0.00594066
7 0.000414352 0.999586
7 0.336799 0.663201
7 0.0432973 0.956703
7 1.04459e-07 1
7 0.00400559 0.995994
7 0.0124522 0.987548
6 0.97685 0.0231503
6 0.983516 0.0164837
6 0.996965 0.00303544
7 0.00287975 0.99712
6 0.99866 0.00134016
6 0.995865 0.00413543
7 0.0190898 0.98091
6 0.972863 0.0271372
7 0.0215981 0.978402
6 0.998853 0.00114665
6 0.981517 0.0184834
7 0.163049 0.836951
6 0.99571 0.00429037
6 0.996094 0.00390597
6 0.931493 0.0685072
7 0.314196 0.685804
6 0.955611 0.0443888
6 0.998868 0.00113163
6 0.874213 0.125787
7 1e-07 1
6 0.986747 0.0132525
6 0.990506 0.00949386
7 0.201136 0.798864
6 0.996761 0.00323949
7 0.000743093 0.999257
6 0.994034 0.00596648
7 0.184277 0.815723
7 0.344534 0.655466
6 0.996591 0.00340905
6 0.993973 0.00602725
7 1.29881e-07 1
6 0.997788 0.00221178
7 0.405316 0.594684
6 0.996822 0.003178
7 0.331353 0.668647
7 7.15972e-07 0.999999
7 0.0301774 0.969823
6 0.962427 0.0375732
7 0.000564543 0.999435
6 0.988426 0.0115736
7 0.197582 0.802418
6 0.931644 0.0683561
7 0.351814 0.648186
6 0.999039 0.000961382
7 0.109394 0.890606
6 0.994634 0.00536613
7 1e-07 1
7 4.14018e-05 0.999959
6 0.991924 0.00807557
7 0.0199185 0.980082
6 0.704384 0.295616
6 0.958533 0.0414666
6 0.977872 0.0221282
7 3.1914e-06 0.999997
6 0.994615 0.00538526
7 0.299549 0.700451
6 0.823988 0.176012
7 0.160647 0.839353
6 0.998292 0.00170777
7 2.91779e-07 1
7 0.0908797 0.90912
7 0.00113509 0.998865
7 0.00901962 0.99098
6 0.998293 0.00170671
6 0.972587 0.0274126
6 0.8859 0.1141
6 0.988022 0.011978
6 0.982658 0.0173418
6 0.997473 0.00252694
7 0.138076 0.861924
6 0.968384 0.0316159
7 6.62875e-05 0.999934
6 0.997838 0.00216237
7 0.00128415 0.998716
7 0.269575 0.730425
6 0.982032 0.0179684
6 0.99416 0.00584
7 0.0113361 0.988664
6 0.995411 0.00458882
7 0.0313195 0.968681
7 0.0147325 0.985267
7 0.00193492 0.998065
7 4.76361e-07 1
7 2.35698e-06 0.999998
6 0.997765 0.00223519
6 0.993572 0.00642759
6 0.988135 0.0118648
6 0.61126 0.38874
7 0.00154141 0.998459
6 0.984234 0.0157664
6 0.995868 0.00413224
6 0.998233 0.00176694
6 0.790244 0.209756
6 0.999591 0.000409315
7 0.00920111 0.990799
6 0.900104 0.0998957
7 0.000641495 0.999359
6 0.997326 0.0026743
7 0.00886475 0.991135
6 0.982316 0.0176839
7 0.398629 0.601371
7 0.0348582 0.965142
6 0.973269 0.0267314
6 0.944137 0.0558632
6 0.999704 0.000296331
6 0.807802 0.192198
6 0.998918 0.00108152
6 0.708649 0.291351
6 0.999289 0.000711139
6 0.97744 0.0225598
6 0.934216 0.0657839
7 0.0139254 0.986075
6 0.565016 0.434984
6 0.999225 0.000775445
6 0.959286 0.0407144
7 0.00524944 0.994751
7 0.00973257 0.990267
7 9.01881e-05 0.99991
7 0.258844 0.741156
7 0.328003 0.671997
6 0.995642 0.00435804
7 5.17882e-05 0.999948
6 0.540265 0.459735
7 1.5364e-05 0.999985
6 0.999849 0.000150919
6 0.984914 0.0150861
6 0.904656 0.0953436
6 0.710169 0.289831
6 0.99889 0.00111033
6 0.998504 0.00149561
6 0.97957 0.0204304
6 0.999114 0.000885598
7 0.00115854 0.998841
7 0.00145593 0.998544
7 1e-07 1
6 0.840857 0.159143
7 0.30271 0.69729
6 0.983314 0.0166859
6 0.705983 0.294017
7 0.0362322 0.963768
7 0.00251631 0.997484
7 0.0136765 0.986323
7 0.305519 0.694481
7 0.0233057 0.976694
6 0.97286 0.0271401
7 1e-07 1
7 0.151782 0.848218
6 0.914079 0.0859213
7 0.0286049 0.971395
6 0.993467 0.0065329
7 0.0289014 0.971099
6 0.962706 0.0372941
7 1e-07 1
7 0.141535 0.858465
6 0.981413 0.0185865
7 1.34249e-05 0.999987
7 0.186794 0.813206
7 0.000672476 0.999328
6 0.980314 0.0196858
7 0.393489 0.606511
7 0.0275301 0.97247
7 0.146177 0.853823
7 0.00141783 0.998582
7 0.360648 0.639352
7 0.0392361 0.960764
7 0.000826839 0.999173
7 0.00379742 0.996203
7 0.210804 0.789196
7 0.0942137 0.905786
7 0.288267 0.711733
6 0.976096 0.0239041
6 0.967498 0.0325022
7 0.000426257 0.999574
7 0.173238 0.826762
7 0.408132 0.591868
6 0.623751 0.376249
6 0.988112 0.0118885
6 0.953169 0.0468307
7 0.0351687 0.964831
6 0.937689 0.0623109
7 0.22672 0.77328
6 0.992582 0.00741787
7 0.053759 0.946241
7 0.428516 0.571484
6 0.777876 0.222124
7 0.310086 0.689914
7 0.306545 0.693455
6 0.559472 0.440528
6 0.999643 0.000356764
6 0.996409 0.00359121
7 0.355705 0.644295
6 0.845656 0.154344
6 0.993609 0.00639079
6 0.665512 0.334488
6 0.994356 0.00564409
7 2.5847e-06 0.999997
7 1e-07 1
6 0.586038 0.413962
7 0.000471253 0.999529
7 3.5913e-05 0.999964
7 0.000703377 0.999297
6 0.986537 0.013463
6 0.995664 0.00433555
6 0.654828 0.345172
7 0.0042566 0.995743
7 0.277998 0.722002
6 0.963138 0.0368618
6 0.940629 0.0593715
6 0.996423 0.00357729
7 0.00040008 0.9996
7 0.104975 0.895025
6 0.959714 0.0402856
7 0.474714 0.525286
6 0.996943 0.00305657
6 0.516594 0.483406
6 0.998332 0.00166776
7 0.0693113 0.930689
7 1e-07 1
7 0.000153834 0.999846
7 8.76199e-05 0.999912
7 0.00168069 0.998319
6 0.996682 0.00331812
7 0.00781519 0.992185
6 0.998738 0.00126168
6 0.982338 0.017662
7 0.0108149 0.989185
7 0.431072 0.568928
6 0.813775 0.186225
6 0.605187 0.394813
6 0.999994 5.68479e-06
6 0.523054 0.476946
7 1e-07 1
7 0.0762215 0.923779
7 0.354216 0.645784
7 0.348242 0.651758
6 0.808931 0.191069
7 0.00018236 0.999818
6 0.995279 0.00472074
6 0.587325 0.412675
6 0.904452 0.0955477
7 0.0189022 0.981098
6 0.98943 0.0105698
6 0.998027 0.00197296
6 0.903258 0.0967417
7 7.19877e-07 0.999999
6 0.999514 0.000486336
7 1e-07 1
7 0.0576141 0.942386
6 0.985493 0.0145066
7 1e-07 1
7 0.0555961 0.944404
6 0.981608 0.0183916
7 0.105284 0.894716
7 0.0159457 0.984054
7 0.00717341 0.992827
7 0.111275 0.888725
7 0.000832028 0.999168
6 0.999721 0.000278963
7 0.0245658 0.975434
6 0.995482 0.00451773
7 0.0776542 0.922346
7 9.4895e-06 0.999991
7 0.418913 0.581087
6 0.929073 0.0709272
7 0.00148067 0.998519
7 0.266186 0.733814
7 2.81146e-06 0.999997
6 0.998287 0.00171348
7 0.0857753 0.914225
7 0.0010566 0.998943
7 2.15078e-05 0.999978
7 7.21638e-06 0.999993
6 0.98329 0.0167104
7 0.298255 0.701745
6 0.996904 0.00309625
7 0.386119 0.613881
6 0.888954 0.111046
7 0.00762625 0.992374
7 0.438672 0.561328
7 0.494863 0.505137
7 0.110628 0.889372
7 0.183027 0.816973
6 0.836831 0.163169
6 0.844558 0.155442
7 0.329968 0.670032
6 0.994069 0.00593053
7 0.415686 0.584314
7 0.000117591 0.999882
7 0.310281 0.689719
7 0.437239 0.562761
6 0.983844 0.0161561
7 0.09851 0.90149
6 0.66753 0.33247
6 0.998682 0.00131822
6 0.976106 0.023894
6 0.993251 0.00674939
6 0.995425 0.00457479
6 0.909957 0.0900427
6 0.957338 0.0426617
6 0.99376 0.00623991
6 0.902816 0.0971844
6 0.990092 0.00990798
6 0.997974 0.00202594
7 0.342332 0.657668
6 0.99929 0.000710168
6 0.981133 0.0188665
7 0.17561 0.82439
6 0.512226 0.487774
7 0.490637 0.509363
6 0.991272 0.00872846
6 0.979354 0.0206457
7 0.014221 0.985779
6 0.993703 0.00629709
7 0.456662 0.543338
6 0.994458 0.00554199
6 0.999731 0.000268846
6 0.921548 0.0784516
7 1e-07 1
7 5.1292e-06 0.999995
6 0.764941 0.235059
7 0.0990113 0.900989
6 0.989558 0.0104422
7 0.0245854 0.975415
6 0.519793 0.480207
7 0.0226658 0.977334
6 0.992263 0.00773736
7 0.00327516 0.996725
7 0.000910448 0.99909
7 0.101347 0.898653
7 1e-07 1
6 0.98645 0.0135502
7 0.00781366 0.992186
6 0.997332 0.00266839
6 0.999728 0.00027206
6 0.995837 0.00416254
6 0.999577 0.000423357
7 0.341178 0.658822
6 0.992661 0.0073392
6 0.977353 0.0226472
6 0.995046 0.00495384
6 0.997587 0.00241273
7 7.96979e-05 0.99992
7 0.105245 0.894755
7 0.00434815 0.995652
6 0.903072 0.0969284
6 0.820909 0.179091
6 0.892864 0.107136
7 0.437584 0.562416
6 0.998685 0.0013152
6 0.995501 0.00449885
6 0.99468 0.00532004
