labels 2 7
7 1e-07 1
7 1e-07 1
2 0.574683 0.425317
2 0.930697 0.0693028
7 0.00592144 0.994079
2 0.643092 0.356908
7 0.00703491 0.992965
7 0.3852 0.6148
2 0.764528 0.235472
7 0.00272463 0.997275
2 0.975574 0.0244255
7 0.348036 0.651964
2 0.989728 0.0102722
2 0.801322 0.198678
2 0.842333 0.157667
2 0.937609 0.0623912
7 0.445579 0.554421
2 0.745806 0.254194
7 0.025856 0.974144
7 0.00212808 0.997872
2 0.95956 0.0404398
7 0.408093 0.591907
7 4.70537e-07 1
2 0.94739 0.05261
2 0.852163 0.147837
2 0.684556 0.315444
2 0.937337 0.0626634
2 0.663226 0.336774
7 0.00752839 0.992472
2 0.999796 0.000204216
7 0.304783 0.695217
7 0.0718035 0.928197
7 0.00332653 0.996673
7 0.000170913 0.999829
2 0.999995 5.16212e-06
2 0.999048 0.000952237
2 0.961835 0.0381649
7 0.14909 0.85091
2 0.523283 0.476717
7 0.000141652 0.999858
7 0.225795 0.774205
7 0.400827 0.599173
7 0.0162727 0.983727
2 0.928335 0.071665
2 0.590821 0.409179
2 0.795379 0.204621
2 0.998335 0.00166468
2 0.754367 0.245633
7 1e-07 1
7 0.0389181 0.961082
2 0.999494 0.00050622
2 0.976076 0.0239245
2 0.522936 0.477064
2 0.927271 0.0727286
2 0.997086 0.00291424
2 0.999879 0.000121297
2 0.765046 0.234954
2 0.874961 0.125039
7 0.356891 0.643109
2 0.862035 0.137965
2 0.880636 0.119364
7 1e-07 1
2 0.882031 0.117969
2 0.999967 3.32016e-05
7 0.156134 0.843866
7 0.0659232 0.934077
7 0.0724573 0.927543
7 0.367375 0.632625
7 0.0477622 0.952238
7 0.192753 0.807247
7 4.67562e-06 0.999995
7 0.0953228 0.904677
2 0.999986 1.38382e-05
2 0.994491 0.00550933
7 0.175088 0.824912
2 0.636606 0.363394
7 0.0088335 0.991166
7 0.00495437 0.995046
2 0.75685 0.24315
2 0.780942 0.219058
7 0.00184934 0.998151
7 0.00274427 0.997256
7 0.390052 0.609948
2 0.800691 0.199309
2 0.895178 0.104822
2 0.999955 4.4621e-05
2 0.974814 0.0251865
7 0.0184938 0.981506
7 0.00680229 0.993198
7 0.315473 0.684527
2 0.989636 0.0103644
7 9.10341e-05 0.999909
7 0.351451 0.648549
7 0.0387924 0.961208
2 0.985143 0.0148566
2 0.878852 0.121148
7 0.156084 0.843916
7 3.13631e-06 0.999997
2 0.946482 0.0535184
7 0.00761748 0.992383
2 0.904476 0.0955245
7 1e-07 1
7 0.00158819 0.998412
2 0.989096 0.0109038
7 1e-07 1
7 0.0638104 0.93619
2 0.69707 0.30293
2 0.999996 3.56153e-06
7 0.0606828 0.939317
2 0.885322 0.114678
2 0.811728 0.188272
7 0.475782 0.524218
7 1e-07 1
7 2.91978e-06 0.999997
7 1.31035e-07 1
7 0.00357302 0.996427
7 1e-07 1
2 0.536716 0.463284
7 2.03519e-05 0.99998
2 0.991868 0.00813247
2 0.994357 0.00564312
2 0.980217 0.0197832
2 0.956383 0.0436169
7 0.209977 0.790023
7 0.0066026 0.993397
2 0.999772 0.000227527
7 0.00101937 0.998981
7 0.0284957 0.971504
7 0.268363 0.731637
7 0.0155749 0.984425
2 0.921191 0.0788085
2 0.631531 0.368469
7 0.000767096 0.999233
2 0.936283 0.0637165
7 0.316162 0.683838
7 0.0323981 0.967602
7 0.117851 0.882149
2 0.777441 0.222559
7 0.00832031 0.99168
2 0.992091 0.00790856
7 0.119606 0.880394
7 0.04669 0.95331
2 0.999999 6.04291e-07
7 0.119199 0.880801
7 0.000112713 0.999887
2 0.990686 0.00931356
2 0.998525 0.00147549
2 0.905504 0.0944958
7 0.000105359 0.999895
7 0.259217 0.740783
2 0.843269 0.156731
7 0.0231667 0.976833
2 0.985104 0.0148961
2 0.954268 0.045732
2 0.999584 0.000416355
7 0.0144309 0.985569
2 0.997357 0.0026428
7 0.037746 0.962254
7 1e-07 1
2 0.945726 0.0542738
2 0.713006 0.286994
2 0.793785 0.206215
2 0.987423 0.0125772
7 0.00792682 0.992073
2 0.999767 0.000233337
7 0.0865777 0.913422
2 0.956527 0.0434733
7 0.292157 0.707843
7 0.00426344 0.995737
7 0.12569 0.87431
2 0.603684 0.396316
2 0.996258 0.00374161
7 0.455678 0.544322
2 0.771057 0.228943
7 0.00196544 0.998035
7 2.10214e-05 0.999979
2 0.500973 0.499027
2 0.992946 0.00705377
7 0.000433385 0.999567
7 0.292185 0.707815
7 0.107719 0.892281
2 0.676049 0.323951
2 0.8916 0.1084
7 0.235609 0.764391
2 0.958064 0.0419357
7 1.62524e-06 0.999998
2 0.992023 0.00797704
7 0.00314882 0.996851
2 0.978994 0.0210058
7 0.352197 0.647803
2 0.999345 0.000654826
2 0.817443 0.182557
2 0.994785 0.00521511
7 0.113376 0.886624
2 0.998601 0.00139901
7 0.0003909 0.999609
2 0.690318 0.309682
7 0.132545 0.867455
2 0.750216 0.249784
2 0.837234 0.162766
2 0.73541 0.26459
7 1e-07 1
2 0.970563 0.0294369
2 0.99965 0.000350217
2 0.998126 0.00187411
2 0.984654 0.0153462
7 0.0013697 0.99863
2 0.81584 0.18416
7 0.235537 0.764463
7 9.23406e-06 0.999991
2 0.813128 0.186872
7 7.88332e-07 0.999999
2 0.948776 0.0512241
7 0.212971 0.787029
2 0.999125 0.00087458
2 0.998869 0.00113094
7 0.0580021 0.941998
7 0.000314628 0.999685
7 1.36134e-05 0.999986
7 0.254185 0.745815
7 0.0002817 0.999718
7 0.00381056 0.996189
7 7.64222e-07 0.999999
7 5.80012e-07 0.999999
2 0.997326 0.00267373
7 2.79903e-05 0.999972
7 0.105426 0.894574
2 0.996748 0.00325216
2 0.999999 9.19657e-07
7 1e-07 1
7 0.0172268 0.982773
7 0.00151288 0.998487
7 0.00698863 0.993011
2 0.962805 0.0371953
2 0.999886 0.000114426
7 0.0054359 0.994564
2 0.831584 0.168416
2 0.99108 0.00891962
2 0.843447 0.156553
2 0.912532 0.087468
7 1e-07 1
7 0.0394171 0.960583
2 0.876726 0.123274
2 0.887452 0.112548
7 0.375352 0.624648
2 0.959026 0.0409743
2 0.983628 0.0163722
7 1e-07 1
7 0.337971 0.662029
2 0.994606 0.00539416
2 0.694098 0.305902
7 0.0573274 0.942673
7 1e-07 1
2 0.998586 0.00141419
7 0.00213536 0.997865
2 0.596893 0.403107
2 0.999952 4.80763e-05
2 0.90833 0.0916699
2 0.999893 0.000107259
7 4.69332e-05 0.999953
7 0.204739 0.795261
7 5.90373e-07 0.999999
7 0.36595 0.63405
2 0.981663 0.0183373
7 0.000514843 0.999485
7 0.0308573 0.969143
2 0.969479 0.0305206
2 0.999999 7.72149e-07
2 0.931736 0.0682637
7 0.0337904 0.96621
7 0.046918 0.953082
7 0.00483273 0.995167
2 0.999706 0.000294485
2 0.932775 0.067225
7 1e-07 1
2 0.727404 0.272596
2 0.811305 0.188695
2 0.992766 0.00723399
2 0.996412 0.00358796
2 0.981587 0.0184131
2 0.998766 0.00123424
7 7.88632e-06 0.999992
2 0.997855 0.00214502
2 0.998061 0.0019387
7 0.150632 0.849368
2 0.837645 0.162355
7 2.16399e-05 0.999978
7 0.0807608 0.919239
7 0.178554 0.821446
2 0.989496 0.0105043
7 0.171362 0.828638
7 0.00208061 0.997919
7 0.169777 0.830223
2 0.997982 0.00201762
7 0.15727 0.84273
7 0.00236166 0.997638
7 0.157409 0.842591
7 0.00117329 0.998827
2 0.843617 0.156383
7 0.154871 0.845129
7 0.0935729 0.906427
7 1.56846e-05 0.999984
2 0.949944 0.0500565
7 0.134832 0.865168
7 0.0943953 0.905605
7 0.357918 0.642082
7 3.83812e-06 0.999996
2 0.958699 0.0413007
2 0.811813 0.188187
7 0.0233699 0.97663
2 0.950067 0.0499329
2 0.936331 0.0636685
7 0.317203 0.682797
7 6.25401e-07 0.999999
7 0.00192194 0.998078
2 0.717909 0.282091
7 0.0240066 0.975993
2 0.983931 0.0160685
7 0.419767 0.580233
7 0.0082327 0.991767
7 0.170628 0.829372
7 0.000272661 0.999727
7 2.52805e-07 1
2 0.826007 0.173993
7 0.000302723 0.999697
7 5.40709e-06 0.999995
7 1e-07 1
7 4.50195e-06 0.999995
7 1.44371e-05 0.999986
2 0.974547 0.0254531
7 0.149675 0.850325
7 0.00184871 0.998151
7 1e-07 1
2 0.998885 0.00111458
7 0.479742 0.520258
2 0.900367 0.0996332
2 0.853202 0.146798
2 0.948706 0.0512945
7 1e-07 1
7 0.000627383 0.999373
7 1e-07 1
7 0.0657481 0.934252
2 0.624274 0.375726
7 0.346329 0.653671
2 0.992256 0.00774421
7 0.453774 0.546226
7 1e-07 1
7 0.0408522 0.959148
7 0.0364532 0.963547
7 3.88778e-05 0.999961
7 0.381137 0.618863
2 0.999997 2.72362e-06
7 0.370427 0.629573
2 0.930248 0.0697523
2 0.992773 0.0072274
7 1e-07 1
2 0.819946 0.180054
2 0.979861 0.0201386
2 0.86326 0.13674
7 9.5787e-07 0.999999
7 0.298517 0.701483
2 0.992352 0.00764786
2 0.981224 0.0187765
2 0.993931 0.00606865
2 0.950449 0.0495507
7 0.00134567 0.998654
7 2.29386e-05 0.999977
7 1.12825e-05 0.999989
2 0.981538 0.0184617
7 0.10981 0.89019
7 0.188504 0.811496
2 0.702962 0.297038
2 0.998258 0.00174158
7 0.00156195 0.998438
2 0.999779 0.000220519
7 1e-07 1
7 0.00525883 0.994741
2 0.662239 0.337761
7 0.287549 0.712451
2 0.64494 0.35506
7 1e-07 1
2 0.953091 0.046909
7 8.17803e-07 0.999999
7 7.94416e-07 0.999999
2 0.998073 0.00192748
2 0.639535 0.360465
2 0.949788 0.0502124
2 0.817025 0.182975
2 0.957914 0.0420862
7 0.003745 0.996255
2 0.52635 0.47365
7 0.00012295 0.999877
2 0.990642 0.00935803
2 0.975644 0.0243561
2 0.950981 0.0490192
7 1e-07 1
2 0.84765 0.15235
2 0.831607 0.168393
2 0.859046 0.140954
7 0.00590501 0.994095
2 0.980305 0.0196949
7 0.00516359 0.994836
2 0.998855 0.00114519
2 0.707349 0.292651
2 0.940453 0.059547
7 0.348937 0.651063
7 0.485287 0.514713
7 0.00015977 0.99984
7 0.012735 0.987265
2 0.60922 0.39078
2 0.998963 0.00103735
7 0.447756 0.552244
2 0.99746 0.00254043
7 1e-07 1
2 0.635589 0.364411
7 0.0444394 0.955561
2 0.784126 0.215874
2 0.996424 0.00357579
7 0.18919 0.81081
7 0.0998451 0.900155
7 5.72349e-07 0.999999
7 0.0606905 0.93931
7 0.0447656 0.955234
7 0.319322 0.680678
7 3.43809e-05 0.999966
2 0.982314 0.0176858
2 0.833864 0.166136
2 0.87044 0.12956
2 0.888875 0.111125
7 0.113883 0.886117
2 0.999902 9.83686e-05
2 0.562766 0.437234
7 0.000769 0.999231
2 0.660469 0.339531
7 0.118352 0.881648
7 0.143069 0.856931
2 0.997367 0.00263304
7 0.000617071 0.999383
7 0.0173699 0.98263
7 0.489925 0.510075
2 0.990518 0.00948175
2 0.869043 0.130957
2 0.949345 0.050655
2 0.987662 0.0123378
2 0.971999 0.0280014
7 5.97425e-05 0.99994
2 0.881033 0.118967
7 0.084716 0.915284
2 0.665197 0.334803
2 0.997152 0.00284754
2 0.914149 0.0858508
7 0.135753 0.864247
2 0.631259 0.368741
2 0.911584 0.0884162
2 0.99996 4.01049e-05
7 0.4156 0.5844
7 0.00762733 0.992373
2 0.869756 0.130244
7 0.0186708 0.981329
2 0.978489 0.0215114
7 0.0913522 0.908648
7 0.000129431 0.999871
7 0.000378377 0.999622
2 0.952265 0.0477352
2 0.999828 0.000171936
2 0.879852 0.120148
7 0.325001 0.674999
2 0.659861 0.340139
2 0.987706 0.0122939
2 0.932783 0.0672168
2 0.999921 7.9222e-05
7 0.0515621 0.948438
2 0.969639 0.0303611
2 0.904764 0.0952356
2 0.922882 0.0771184
2 0.656431 0.343569
7 0.014725 0.985275
2 0.724862 0.275138
2 0.996156 0.00384394
2 0.753729 0.246271
2 0.941605 0.0583954
2 0.98517 0.0148298
7 1e-07 1
2 0.973431 0.0265687
7 0.124009 0.875991
2 0.525314 0.474686
7 0.00483483 0.995165
7 1e-07 1
7 0.40731 0.59269
2 0.963351 0.0366495
7 0.155587 0.844413
2 0.944459 0.0555414
7 0.0754847 0.924515
2 0.888131 0.111869
7 0.199431 0.800569
2 0.999934 6.55951e-05
7 0.170407 0.829593
2 0.944684 0.0553157
7 0.228251 0.771749
2 0.992484 0.00751589
2 0.801255 0.198745
2 0.723068 0.276932
7 0.0635805 0.936419
2 0.70806 0.29194
7 0.109176 0.890824
2 0.952853 0.0471469
2 0.984582 0.0154182
7 9.54824e-05 0.999905
2 0.878546 0.121454
2 0.659584 0.340416
7 0.000154431 0.999846
2 0.958142 0.0418581
7 0.330655 0.669345
2 0.921665 0.0783354
7 0.00051987 0.99948
2 0.999531 0.000469428
7 5.35347e-07 0.999999
7 0.0202947 0.979705
2 0.987749 0.0122508
7 1.46861e-05 0.999985
2 0.761109 0.238891
7 0.432329 0.567671
7 0.0169635 0.983037
2 0.690769 0.309231
7 1e-07 1
2 0.92967 0.0703296
7 0.188205 0.811795
7 0.0135807 0.986419
2 0.725559 0.274441
2 0.999988 1.22803e-05
7 0.000138566 0.999861
2 0.986858 0.0131416
2 0.999823 0.000176843
2 0.7593 0.2407
2 0.75285 0.24715
2 0.998501 0.00149863
7 0.00272852 0.997271
7 0.0818322 0.918168
2 0.546373 0.453627
2 0.999061 0.000938692
7 2.27866e-07 1
7 0.0227753 0.977225
7 0.000159497 0.999841
7 0.0432436 0.956756
7 0.205014 0.794986
2 0.861375 0.138625
7 1e-07 1
7 0.00488259 0.995117
7 0.000673773 0.999326
2 0.992662 0.00733847
2 0.936719 0.0632812
7 0.0141052 0.985895
2 0.950798 0.0492021
2 0.999996 4.1656e-06
2 0.930536 0.0694638
7 0.00434559 0.995654
2 0.989885 0.0101152
7 0.000525376 0.999475
7 0.265421 0.734579
7 0.40919 0.59081
7 0.311217 0.688783
2 0.985961 0.0140389
7 0.330169 0.669831
7 1e-07 1
7 0.00780753 0.992192
7 1e-07 1
7 0.233897 0.766103
2 0.805941 0.194059
7 0.025671 0.974329
7 0.0018736 0.998126
7 0.255586 0.744414
2 0.935858 0.0641416
2 0.831194 0.168806
2 0.999865 0.000135445
2 0.995966 0.00403396
7 0.360542 0.639458
7 0.116956 0.883044
2 0.999048 0.000952229
7 0.022199 0.977801
2 0.517636 0.482364
2 0.998735 0.00126488
7 0.267882 0.732118
2 0.810849 0.189151
7 0.00131849 0.998682
2 0.583437 0.416563
2 0.798375 0.201625
2 0.679844 0.320156
7 0.106914 0.893086
2 0.998833 0.00116732
2 0.998624 0.00137644
7 0.0532863 0.946714
2 0.855738 0.144262
2 0.987139 0.0128612
2 0.82985 0.17015
7 0.409416 0.590584
7 0.00084119 0.999159
7 0.00375076 0.996249
7 0.000135552 0.999864
7 0.000708678 0.999291
2 0.60931 0.39069
2 0.639016 0.360984
7 1e-07 1
7 2.47193e-05 0.999975
2 0.942893 0.0571068
2 0.999039 0.000960747
7 0.409492 0.590508
7 0.393041 0.606959
7 0.001798 0.998202
7 0.0661702 0.93383
2 0.987904 0.012096
2 0.917985 0.0820151
2 0.936554 0.0634458
7 1e-07 1
7 0.0230068 0.976993
2 0.681153 0.318847
7 1.99701e-06 0.999998
2 0.999799 0.000201329
7 0.472175 0.527825
7 0.419039 0.580961
7 0.000448857 0.999551
2 0.876148 0.123852
7 0.177238 0.822762
7 0.216205 0.783795
7 0.117147 0.882853
2 0.907639 0.0923614
2 0.960589 0.0394106
2 0.868113 0.131887
2 0.811721 0.188279
7 0.205624 0.794376
7 2.49913e-07 1
2 0.983829 0.0161706
7 0.166871 0.833129
7 0.0608012 0.939199
7 0.482754 0.517246
2 0.999998 1.55606e-06
7 7.50249e-07 0.999999
7 0.465853 0.534147
2 0.930017 0.0699832
7 1e-07 1
2 0.935432 0.0645684
7 2.04056e-07 1
7 0.0543533 0.945647
2 0.975399 0.0246013
7 0.241601 0.758399
2 0.628842 0.371158
7 0.000577911 0.999422
7 0.00136006 0.99864
7 0.00029966 0.9997
2 0.68249 0.31751
7 1e-07 1
7 2.72956e-06 0.999997
2 0.977835 0.0221647
7 0.0474534 0.952547
2 0.984491 0.0155093
2 0.873191 0.126809
2 0.965871 0.0341295
7 0.0255433 0.974457
2 0.998904 0.00109643
7 1.04925e-07 1
7 0.00055096 0.999449
7 0.00508006 0.99492
2 0.999978 2.24142e-05
2 0.925841 0.0741587
2 0.840165 0.159835
7 0.00927571 0.990724
2 0.584955 0.415045
2 0.970909 0.0290912
7 2.19976e-07 1
2 0.8683 0.1317
7 4.78213e-07 1
7 1e-07 1
2 0.999156 0.000844473
2 0.531005 0.468995
7 0.0728255 0.927175
2 0.918554 0.0814458
7 1e-07 1
2 0.509153 0.490847
2 0.999735 0.000264726
7 6.04946e-06 0.999994
7 0.376167 0.623833
2 0.829568 0.170432
7 0.184549 0.815451
7 2.85245e-06 0.999997
7 0.00684025 0.99316
2 0.882458 0.117542
7 0.00108268 0.998917
2 0.614279 0.385721
7 0.00315771 0.996842
2 0.99592 0.00408002
7 0.000738697 0.999261
7 0.223742 0.776258
2 0.987509 0.0124907
2 0.801021 0.198979
7 0.00106208 0.998938
7 0.00511094 0.994889
7 0.0490992 0.950901
2 0.999058 0.000941702
7 0.14041 0.85959
2 0.999691 0.000308829
2 0.861239 0.138761
7 0.000425455 0.999575
7 8.38782e-07 0.999999
2 0.988079 0.0119207
7 0.263815 0.736185
7 1e-07 1
7 0.426986 0.573014
2 0.996235 0.00376518
2 0.947899 0.0521011
7 1e-07 1
7 1e-07 1
7 0.307669 0.692331
7 4.79973e-05 0.999952
7 1.26283e-07 1
2 0.987988 0.0120117
7 0.0156461 0.984354
2 0.999103 0.000896928
7 0.482111 0.517889
7 0.0378841 0.962116
7 0.00192372 0.998076
7 0.356271 0.643729
2 0.903018 0.0969823
7 0.269764 0.730236
2 0.901874 0.0981257
2 0.931147 0.0688528
2 0.985039 0.0149608
2 0.65169 0.34831
7 0.354354 0.645646
2 0.998794 0.00120616
2 0.833217 0.166783
7 1.24211e-05 0.999988
7 0.00347577 0.996524
7 1.61671e-05 0.999984
2 0.997079 0.00292105
7 0.442702 0.557298
2 0.955293 0.0447073
2 0.999224 0.000775748
2 0.993066 0.00693367
7 0.00237768 0.997622
7 1.13319e-07 1
2 0.916674 0.0833256
2 0.747152 0.252848
7 0.000891622 0.999108
2 0.96575 0.0342503
7 1e-07 1
7 0.0210993 0.978901
7 1e-07 1
7 0.384042 0.615958
7 0.340482 0.659518
7 1.91975e-07 1
2 0.97611 0.0238897
2 0.967584 0.0324157
2 0.996918 0.00308237
2 0.963385 0.0366153
2 0.959174 0.0408255
2 0.649317 0.350683
7 0.203567 0.796433
7 0.108567 0.891433
7 1e-07 1
7 0.444381 0.555619
7 0.489973 0.510027
2 0.888912 0.111088
2 0.81587 0.18413
2 0.713886 0.286114
7 4.70282e-05 0.999953
2 0.781866 0.218134
7 7.71689e-07 0.999999
2 0.588894 0.411106
7 0.001111 0.998889
7 0.000103577 0.999896
2 0.676977 0.323023
2 0.966159 0.0338413
2 0.691042 0.308958
7 0.0572055 0.942795
2 0.734694 0.265306
2 0.992546 0.00745391
2 0.999837 0.000163484
2 0.956957 0.0430431
2 0.953512 0.0464884
2 0.717383 0.282617
2 0.587567 0.412433
2 0.997746 0.00225444
7 0.152257 0.847743
7 0.0366022 0.963398
2 0.999862 0.000138432
7 0.213367 0.786633
7 3.06445e-06 0.999997
7 6.15433e-05 0.999938
7 0.139773 0.860227
7 0.123472 0.876528
7 0.296835 0.703165
2 0.90516 0.0948403
2 0.950353 0.0496468
2 0.921543 0.0784565
2 0.941146 0.0588536
7 4.63926e-06 0.999995
7 0.000843121 0.999157
2 0.974722 0.0252779
2 0.999922 7.76979e-05
2 0.674356 0.325644
7 1.88341e-05 0.999981
2 0.986457 0.0135426
7 0.0523806 0.947619
2 0.896756 0.103244
7 0.000144906 0.999855
2 0.761036 0.238964
7 0.474985 0.525015
7 0.282953 0.717047
2 0.755791 0.244209
2 0.734694 0.265306
7 4.85568e-05 0.999951
7 0.481818 0.518182
2 0.755607 0.244393
2 0.732841 0.267159
7 0.398218 0.601782
7 0.0140983 0.985902
7 1.02025e-06 0.999999
7 5.08271e-06 0.999995
7 0.3362 0.6638
2 0.603794 0.396206
2 0.853599 0.146401
2 0.999422 0.000578243
7 0.108525 0.891475
2 0.848259 0.151741
7 0.0468318 0.953168
7 0.0940089 0.905991
2 0.636364 0.363636
2 0.863656 0.136344
2 0.999989 1.14061e-05
7 8.58195e-05 0.999914
2 0.968301 0.0316985
7 0.0351275 0.964872
2 0.983254 0.016746
2 0.998088 0.00191168
2 0.991888 0.00811157
2 0.940115 0.0598851
7 1e-07 1
7 0.45504 0.54496
2 0.816295 0.183705
2 0.997821 0.002179
2 0.946386 0.0536142
7 0.405942 0.594058
7 0.000394745 0.999605
7 0.00315181 0.996848
7 0.00010762 0.999892
2 0.854799 0.145201
7 1e-07 1
2 0.572517 0.427483
7 0.249197 0.750803
2 0.903942 0.0960581
2 0.972463 0.027537
2 0.992129 0.0078715
2 0.978234 0.0217657
7 0.18915 0.81085
7 0.00403466 0.995965
2 0.880828 0.119172
7 0.0334777 0.966522
2 0.867816 0.132184
7 0.000227952 0.999772
2 0.984688 0.0153124
7 0.0828844 0.917116
2 0.997886 0.00211361
2 0.963059 0.0369414
2 0.847855 0.152145
2 0.945735 0.0542655
2 0.955684 0.0443161
2 0.832387 0.167613
7 0.00226491 0.997735
2 0.984973 0.0150268
7 4.82158e-07 1
2 0.877015 0.122985
7 0.496041 0.503959
7 0.0899328 0.910067
7 0.110338 0.889662
7 0.140787 0.859213
7 0.00958147 0.990419
7 0.122177 0.877823
7 0.0109623 0.989038
2 0.99979 0.000210416
2 0.999088 0.000911739
2 0.999311 0.000688625
7 0.295334 0.704666
2 0.775635 0.224365
7 8.58542e-05 0.999914
7 0.00528829 0.994712
2 0.99258 0.00741971
2 0.501301 0.498699
2 0.999438 0.000562448
7 0.0393354 0.960665
7 0.000423979 0.999576
2 0.994768 0.00523226
7 0.00127095 0.998729
7 1e-07 1
7 0.0479977 0.952002
2 0.999901 9.93453e-05
7 0.0651568 0.934843
2 0.989079 0.0109212
2 0.996084 0.00391648
2 0.632802 0.367198
2 0.993669 0.00633123
2 0.993188 0.0068123
7 0.0276231 0.972377
7 0.39751 0.60249
7 0.225942 0.774058
2 0.546054 0.453946
2 0.97151 0.0284896
7 4.96871e-06 0.999995
2 0.958598 0.0414021
7 0.0130081 0.986992
7 0.00222603 0.997774
2 0.998373 0.00162747
7 1e-07 1
7 0.483124 0.516876
7 0.00254957 0.99745
2 1 3.29081e-07
7 0.3397 0.6603
2 0.806423 0.193577
7 0.464041 0.535959
2 0.998654 0.00134565
2 0.8105 0.1895
7 0.102243 0.897757
7 4.44575e-06 0.999996
7 0.00162512 0.998375
7 0.0410111 0.958989
2 0.907375 0.0926247
2 0.803332 0.196668
7 0.469737 0.530263
2 0.611989 0.388011
7 0.221827 0.778173
7 0.147601 0.852399
7 0.00763666 0.992363
7 0.0181614 0.981839
2 0.802205 0.197795
2 0.934434 0.0655659
2 0.999687 0.000312715
7 0.0505342 0.949466
2 0.997897 0.0021028
7 0.247563 0.752437
7 0.0724453 0.927555
2 0.827589 0.172411
2 0.999761 0.000238951
7 7.07463e-06 0.999993
7 0.000572641 0.999427
2 0.752326 0.247674
2 0.966946 0.0330541
7 0.0950359 0.904964
2 0.993862 0.00613818
7 0.000328468 0.999672
2 0.771906 0.228094
7 0.00427586 0.995724
2 0.716687 0.283313
7 6.7453e-05 0.999933
7 0.136157 0.863843
2 0.995466 0.00453396
7 4.5821e-06 0.999995
2 0.752132 0.247868
7 0.00550762 0.994492
2 0.99843 0.00156974
2 0.911218 0.0887816
2 0.878341 0.121659
2 0.779481 0.220519
2 0.999839 0.000161291
7 0.064212 0.935788
7 0.166096 0.833904
2 0.986593 0.0134073
2 0.946684 0.053316
7 3.86826e-06 0.999996
7 0.000166195 0.999834
2 0.999996 4.32272e-06
2 0.9772 0.0228002
2 0.909049 0.0909506
2 0.9991 0.000899667
2 0.998442 0.00155848
7 0.026627 0.973373
2 0.996511 0.00348908
2 0.965676 0.034324
2 0.99979 0.000209738
7 5.81751e-05 0.999942
7 0.000988044 0.999012
2 0.990452 0.00954784
2 0.662694 0.337306
7 0.229935 0.770065
7 0.159997 0.840003
2 0.782038 0.217962
2 0.971623 0.0283766
2 0.988746 0.0112536
2 0.75407 0.24593
7 0.0100696 0.98993
2 0.998474 0.00152559
7 0.0558059 0.944194
2 0.928646 0.0713544
2 0.994824 0.00517588
2 0.718538 0.281462
7 0.0295346 0.970465
2 0.91746 0.0825402
7 0.00148628 0.998514
7 1.99104e-05 0.99998
7 0.112024 0.887976
2 0.870608 0.129392
2 0.997593 0.00240685
2 0.999821 0.000178825
7 0.115843 0.884157
2 0.999993 7.09545e-06
2 0.935692 0.0643084
2 0.905794 0.0942058
2 0.547756 0.452244
7 1e-07 1
2 0.926971 0.0730289
2 0.775802 0.224198
2 0.712678 0.287322
2 0.994231 0.00576935
2 0.987655 0.0123448
2 0.909678 0.0903216
2 0.630533 0.369467
7 0.142943 0.857057
2 0.582787 0.417213
7 0.10166 0.89834
2 0.770392 0.229608
2 0.996418 0.00358195
2 0.963172 0.0368282
2 0.686121 0.313879
7 0.00108821 0.998912
2 0.534588 0.465412
7 0.0182395 0.981761
7 3.45887e-05 0.999965
7 0.0574719 0.942528
2 0.787292 0.212708
7 1e-07 1
7 0.000359624 0.99964
7 1.80179e-05 0.999982
7 0.0326366 0.967363
7 0.238871 0.761129
2 0.999024 0.000976342
2 0.988913 0.0110868
2 0.811212 0.188788
7 0.000367623 0.999632
7 3.67305e-05 0.999963
7 4.33505e-05 0.999957
2 0.999148 0.000851506
2 0.892125 0.107875
2 0.894001 0.105999
2 0.896505 0.103495
2 0.722477 0.277523
2 0.847939 0.152061
2 0.960448 0.0395517
7 0.345473 0.654527
2 0.986366 0.0136343
2 0.999277 0.000722732
2 0.543351 0.456649
7 0.267186 0.732814
7 0.235879 0.764121
2 0.999794 0.000205692
2 0.995163 0.00483715
7 1e-07 1
2 0.999266 0.000733685
7 0.00199297 0.998007
2 0.999043 0.000957426
7 0.0347891 0.965211
7 0.000302468 0.999698
2 0.590061 0.409939
7 1e-07 1
7 0.0659441 0.934056
7 1.93692e-06 0.999998
7 0.128648 0.871352
7 0.290632 0.709368
2 0.947363 0.0526373
7 0.0155609 0.984439
2 0.525789 0.474211
2 0.817992 0.182008
7 0.331554 0.668446
7 0.000206191 0.999794
7 0.0213452 0.978655
7 0.0368137 0.963186
7 0.000628685 0.999371
2 0.616798 0.383202
2 0.969843 0.0301572
2 0.843419 0.156581
7 0.00108309 0.998917
2 0.998061 0.00193941
7 1e-07 1
7 0.102564 0.897436
2 0.892425 0.107575
2 0.997139 0.00286113
2 0.940793 0.0592075
7 0.00340171 0.996598
7 0.339593 0.660407
7 0.186149 0.813851
7 1e-07 1
7 0.00889157 0.991108
7 0.284773 0.715227
2 0.837996 0.162004
7 1e-07 1
2 0.99956 0.000439993
7 1.35634e-06 0.999999
2 0.955695 0.044305
2 0.948434 0.0515662
2 0.722218 0.277782
7 6.71639e-07 0.999999
2 0.563596 0.436404
2 0.998794 0.00120573
7 1.80534e-05 0.999982
2 0.987499 0.0125011
7 1e-07 1
2 0.867897 0.132103
2 0.999153 0.000846778
7 0.29834 0.70166
2 0.680297 0.319703
2 0.880292 0.119708
7 0.107176 0.892824
2 0.970707 0.0292925
2 0.664642 0.335358
7 0.372493 0.627507
7 0.000110732 0.999889
7 0.109009 0.890991
2 0.871253 0.128747
2 0.996253 0.00374664
2 0.991793 0.00820671
7 0.000343966 0.999656
2 0.999022 0.000978318
2 0.998623 0.00137721
2 0.833209 0.166791
2 0.976978 0.0230223
7 0.275722 0.724278
2 0.912314 0.0876864
7 0.200547 0.799453
2 0.783602 0.216398
7 1e-07 1
7 0.013471 0.986529
2 0.972902 0.0270983
7 0.237003 0.762997
7 3.75644e-06 0.999996
2 0.995457 0.0045434
7 0.0171918 0.982808
7 0.0174219 0.982578
2 0.9938 0.00619973
7 0.0193312 0.980669
7 0.0800178 0.919982
7 0.0982788 0.901721
7 0.245259 0.754741
7 0.010836 0.989164
7 3.32446e-06 0.999997
2 0.835454 0.164546
7 0.122672 0.877328
7 0.0495766 0.950423
7 0.187816 0.812184
2 0.914228 0.0857716
7 9.49683e-06 0.999991
7 1.09359e-06 0.999999
2 0.999995 4.74843e-06
7 4.54549e-06 0.999995
7 1e-07 1
2 0.714592 0.285408
7 1.41548e-05 0.999986
7 1e-07 1
2 0.803266 0.196734
2 0.637146 0.362854
2 0.923162 0.0768376
7 0.453802 0.546198
2 0.958497 0.0415032
2 0.973187 0.0268135
7 0.032202 0.967798
2 0.929969 0.0700314
7 0.121949 0.878051
2 0.528913 0.471087
7 0.0860889 0.913911
2 0.998777 0.00122263
7 0.0181235 0.981877
2 0.998268 0.00173213
7 6.9627e-07 0.999999
7 4.34254e-07 1
2 0.948301 0.051699
7 1.07895e-05 0.999989
7 0.00452929 0.995471
2 0.999418 0.000582153
2 0.967723 0.0322769
2 0.958835 0.0411654
7 0.0925552 0.907445
2 0.999745 0.000254752
2 0.924986 0.075014
2 0.996635 0.00336547
7 0.00811336 0.991887
2 0.997563 0.00243743
2 0.999831 0.000169479
2 0.996387 0.00361301
2 0.953316 0.0466841
7 1e-07 1
2 0.920863 0.0791368
2 0.857549 0.142451
7 0.000412337 0.999588
2 0.982555 0.0174449
2 0.667738 0.332262
2 0.976932 0.0230681
2 0.989071 0.0109293
2 0.963582 0.0364176
7 0.229832 0.770168
7 1e-07 1
2 0.998629 0.00137104
7 1.28609e-07 1
7 0.291851 0.708149
2 0.880828 0.119172
2 0.627341 0.372659
2 0.942874 0.0571256
2 0.932935 0.0670645
7 1e-07 1
2 0.992717 0.0072832
2 0.640945 0.359055
2 0.961342 0.0386584
2 0.755453 0.244547
7 0.191803 0.808197
7 1e-07 1
2 0.996067 0.00393262
2 0.999981 1.93375e-05
7 3.80889e-05 0.999962
7 0.398848 0.601152
2 0.921806 0.0781937
2 0.999744 0.000255609
2 0.895731 0.104269
2 0.994048 0.00595245
2 0.956397 0.0436031
2 0.792597 0.207403
7 0.273586 0.726414
7 0.00661599 0.993384
2 0.997856 0.00214377
7 1e-07 1
7 0.0491261 0.950874
7 1e-07 1
2 0.861811 0.138189
2 0.993858 0.00614178
7 0.39659 0.60341
2 0.669489 0.330511
2 1 2.60007e-07
7 0.157673 0.842327
7 0.294411 0.705589
7 0.474532 0.525468
2 0.998758 0.001242
7 0.430898 0.569102
7 0.126783 0.873217
2 0.997204 0.00279647
7 0.000185956 0.999814
2 0.875151 0.124849
7 0.43996 0.56004
2 0.98295 0.01705
2 0.996463 0.0035372
2 0.980086 0.0199145
2 0.973956 0.0260444
7 0.00337442 0.996626
2 0.795909 0.204091
2 0.998976 0.0010242
7 0.0084917 0.991508
7 0.285522 0.714478
7 0.004675 0.995325
7 0.00696056 0.993039
2 0.884044 0.115956
2 0.92624 0.0737605
7 0.243965 0.756035
2 0.921096 0.0789042
2 0.999926 7.35363e-05
7 1e-07 1
2 0.998372 0.00162795
7 0.451513 0.548487
2 0.98848 0.0115204
7 0.326796 0.673204
7 9.30277e-07 0.999999
2 0.991393 0.0086072
7 0.0318804 0.96812
2 0.916074 0.0839263
7 0.105368 0.894632
2 0.994887 0.0051127
2 0.600689 0.399311
7 0.415096 0.584904
2 0.912783 0.0872167
2 0.990497 0.00950296
7 0.2607 0.7393
2 0.855064 0.144936
7 0.481471 0.518529
2 0.698202 0.301798
7 0.266703 0.733297
7 1.85644e-06 0.999998
2 0.748298 0.251702
7 0.191737 0.808263
2 0.509698 0.490302
7 0.222446 0.777554
7 3.29224e-05 0.999967
7 0.227746 0.772254
2 0.535138 0.464862
2 0.819753 0.180247
2 0.979876 0.020124
2 0.670108 0.329892
2 0.873765 0.126235
7 0.326005 0.673995
7 1e-07 1
2 0.976516 0.0234845
7 0.430337 0.569663
2 0.590901 0.409099
7 0.000104734 0.999895
2 0.990735 0.00926464
2 0.998955 0.00104522
7 0.00106293 0.998937
7 1e-07 1
7 0.00257185 0.997428
7 1.10993e-06 0.999999
2 0.830752 0.169248
2 0.967203 0.0327973
7 1e-07 1
7 0.000287855 0.999712
7 0.000428666 0.999571
2 0.946144 0.053856
7 1.49361e-06 0.999999
7 0.0443827 0.955617
7 0.00743309 0.992567
7 0.0459924 0.954008
7 0.0305024 0.969498
2 0.998314 0.00168551
7 0.0211686 0.978831
7 0.0741092 0.925891
7 0.368126 0.631874
2 0.575178 0.424822
7 0.00316419 0.996836
2 0.999556 0.000443503
7 3.22747e-07 1
7 5.43815e-07 0.999999
7 1e-07 1
7 0.493633 0.506367
7 0.324232 0.675768
2 0.999538 0.00046237
2 0.859706 0.140294
7 0.000154922 0.999845
7 0.233888 0.766112
2 0.995723 0.00427673
2 0.7901 0.2099
2 0.993202 0.00679824
7 0.272285 0.727715
2 0.95262 0.0473797
7 2.58262e-06 0.999997
2 0.827663 0.172337
7 0.0332039 0.966796
7 0.000404049 0.999596
2 0.980095 0.0199048
7 4.94195e-05 0.999951
7 0.206724 0.793276
2 0.684871 0.315129
7 0.260808 0.739192
2 0.998726 0.00127357
2 0.999941 5.88114e-05
7 0.0778869 0.922113
2 0.623693 0.376307
7 0.0194686 0.980531
2 0.617596 0.382404
2 0.997954 0.00204636
7 0.0558459 0.944154
2 0.958125 0.0418748
7 0.0721667 0.927833
2 0.97953 0.0204705
2 0.892146 0.107854
7 0.105737 0.894263
2 0.594955 0.405045
7 4.46607e-05 0.999955
2 0.999343 0.000656745
7 4.45324e-05 0.999955
7 0.00466078 0.995339
2 0.677718 0.322282
7 0.141541 0.858459
2 0.995826 0.00417419
2 0.707428 0.292572
7 0.00444196 0.995558
2 0.996207 0.00379285
7 0.0111652 0.988835
7 0.0195754 0.980425
2 0.999275 0.000724634
2 0.570383 0.429617
7 0.417607 0.582393
7 0.0874363 0.912564
7 1.27095e-07 1
2 0.788671 0.211329
2 0.982848 0.0171525
7 0.390322 0.609678
2 0.715745 0.284255
7 7.5927e-06 0.999992
7 0.12617 0.87383
2 0.897063 0.102937
2 0.945527 0.0544734
7 0.0134046 0.986595
2 0.817692 0.182308
7 2.71122e-06 0.999997
7 3.64243e-06 0.999996
2 0.776892 0.223108
2 0.903865 0.096135
7 0.154693 0.845307
7 0.0723909 0.927609
2 0.972063 0.0279372
7 3.55669e-07 1
2 0.933932 0.0660676
7 9.53919e-05 0.999905
2 0.563382 0.436618
7 0.000328013 0.999672
7 0.155901 0.844099
2 0.972197 0.0278026
2 0.989492 0.0105083
7 0.0805871 0.919413
7 0.236658 0.763342
7 0.000377449 0.999623
7 0.0696481 0.930352
7 0.172483 0.827517
7 0.353151 0.646849
7 0.0334702 0.96653
2 0.999929 7.12241e-05
2 0.999318 0.000681815
7 1e-07 1
2 0.994886 0.00511351
2 0.770213 0.229787
7 0.000335048 0.999665
2 0.830332 0.169668
2 0.982819 0.0171808
7 0.000959782 0.99904
2 0.99914 0.00086039
2 0.575243 0.424757
2 0.99689 0.00310954
7 0.00308638 0.996914
7 0.00123553 0.998764
7 0.345049 0.654951
7 0.418569 0.581431
7 0.102662 0.897338
2 0.997512 0.00248788
2 0.681043 0.318957
2 0.931202 0.0687975
2 0.768094 0.231906
7 0.356811 0.643189
7 0.0806092 0.919391
7 1e-07 1
2 0.972841 0.0271585
2 0.928684 0.0713164
2 0.964733 0.0352668
2 0.998444 0.00155632
7 0.350385 0.649615
7 0.170577 0.829423
2 0.639356 0.360644
2 0.809661 0.190339
7 0.00609268 0.993907
2 0.552418 0.447582
7 1e-07 1
2 0.793432 0.206568
2 0.947946 0.0520537
7 0.0504719 0.949528
2 0.873114 0.126886
2 0.985212 0.0147882
7 0.330645 0.669355
2 0.791485 0.208515
7 0.00649586 0.993504
2 0.764461 0.235539
2 0.859699 0.140301
7 0.00385024 0.99615
2 0.556594 0.443406
2 0.993675 0.0063253
7 0.0214311 0.978569
7 3.07681e-06 0.999997
7 0.000672657 0.999327
2 0.806466 0.193534
7 0.166829 0.833171
2 0.603139 0.396861
7 0.0492549 0.950745
2 0.985234 0.014766
7 0.123066 0.876934
2 0.993221 0.00677918
7 0.225529 0.774471
7 0.494239 0.505761
2 0.963314 0.0366856
7 0.00629731 0.993703
2 0.743319 0.256681
7 0.0137521 0.986248
2 0.975061 0.0249393
2 0.995934 0.00406648
2 0.994638 0.00536215
2 0.995164 0.00483602
2 0.998846 0.00115432
7 0.0922494 0.907751
2 0.962376 0.0376239
2 0.99945 0.000550489
2 0.610334 0.389666
7 0.00023558 0.999764
7 0.02188 0.97812
2 0.997651 0.00234949
2 0.896611 0.103389
7 0.206922 0.793078
7 0.204778 0.795222
7 0.0116051 0.988395
2 0.98408 0.0159204
7 0.00259729 0.997403
7 0.275864 0.724136
2 0.925214 0.0747862
7 0.152242 0.847758
2 0.999969 3.13958e-05
2 0.985112 0.0148882
2 0.93719 0.0628097
7 1e-07 1
2 0.643568 0.356432
2 0.998166 0.00183446
7 0.142559 0.857441
7 0.0170264 0.982974
2 0.812822 0.187178
2 0.586305 0.413695
2 0.997929 0.00207127
7 0.214662 0.785338
2 0.959271 0.0407289
7 0.000135304 0.999865
7 0.0654471 0.934553
2 0.657987 0.342013
7 5.36272e-07 0.999999
7 0.287352 0.712648
2 0.998623 0.0013766
7 1e-07 1
7 0.255576 0.744424
2 0.995585 0.00441468
7 1e-07 1
2 0.946081 0.0539186
7 0.00107255 0.998927
7 0.213985 0.786015
7 0.00557309 0.994427
7 0.480633 0.519367
7 0.173838 0.826162
2 0.835756 0.164244
7 2.82026e-06 0.999997
7 2.16543e-06 0.999998
7 6.15543e-07 0.999999
7 0.000321694 0.999678
7 0.338467 0.661533
2 0.999097 0.000903177
7 0.2022 0.7978
2 0.847385 0.152615
7 0.0257758 0.974224
7 1.68268e-05 0.999983
2 0.997615 0.00238516
7 0.0293634 0.970637
7 1e-07 1
7 0.494332 0.505668
2 0.889359 0.110641
2 0.977747 0.0222534
2 0.970079 0.0299214
2 0.949952 0.0500475
2 0.545419 0.454581
2 0.907527 0.0924732
2 0.981488 0.018512
7 0.14638 0.85362
2 0.819234 0.180766
2 0.996276 0.0037242
2 0.99661 0.00339036
7 0.00240488 0.997595
7 0.00120338 0.998797
7 1.34008e-07 1
2 0.994423 0.00557671
7 4.08274e-05 0.999959
2 0.938019 0.0619814
7 0.0681486 0.931851
7 0.00124089 0.998759
2 0.806758 0.193242
7 0.128645 0.871355
7 0.0654357 0.934564
7 0.147481 0.852519
2 0.999923 7.71779e-05
2 0.916874 0.0831261
2 0.799694 0.200306
2 0.647918 0.352082
7 0.43137 0.56863
7 0.305057 0.694943
7 0.113931 0.886069
2 0.981787 0.0182127
2 0.891404 0.108596
7 0.0958267 0.904173
2 0.778692 0.221308
7 4.92147e-05 0.999951
7 1.41962e-05 0.999986
7 0.488599 0.511401
2 0.756209 0.243791
2 0.996682 0.00331822
2 0.727952 0.272048
7 0.000846217 0.999154
2 0.987025 0.0129749
2 0.997285 0.00271527
2 0.856591 0.143409
7 1e-07 1
7 0.470041 0.529959
7 5.04805e-05 0.99995
2 0.681909 0.318091
2 0.996707 0.0032925
2 0.970053 0.0299473
2 0.96429 0.0357102
7 0.253397 0.746603
2 0.998969 0.00103077
7 0.0828196 0.91718
7 0.00116914 0.998831
2 0.838444 0.161556
7 0.0311177 0.968882
7 0.302874 0.697126
2 0.999149 0.000850887
2 0.602639 0.397361
7 0.366648 0.633352
2 0.986796 0.0132039
2 0.998548 0.00145233
7 0.433774 0.566226
2 0.999625 0.000375003
7 0.272599 0.727401
7 3.58458e-05 0.999964
2 0.999945 5.46675e-05
7 0.0767783 0.923222
7 0.037796 0.962204
2 0.918325 0.081675
2 0.787813 0.212187
2 0.999828 0.000172134
2 0.831472 0.168528
2 0.973749 0.0262508
7 0.266213 0.733787
7 0.363988 0.636012
2 0.942581 0.0574189
2 0.923302 0.076698
2 0.506957 0.493043
2 0.999981 1.92395e-05
2 0.998384 0.00161581
2 0.964984 0.0350162
7 0.261233 0.738767
7 0.0586776 0.941322
7 3.26696e-05 0.999967
7 0.499858 0.500142
2 0.791807 0.208193
2 0.54446 0.45554
2 0.999295 0.000705106
2 0.883351 0.116649
2 0.897669 0.102331
2 0.878961 0.121039
7 0.00237231 0.997628
7 1e-07 1
2 0.999942 5.84003e-05
2 0.990348 0.00965229
2 0.527191 0.472809
7 0.0671637 0.932836
7 0.00134776 0.998652
2 0.999919 8.07631e-05
2 0.725154 0.274846
2 0.953533 0.0464669
2 0.998774 0.00122579
7 0.357936 0.642064
2 0.990553 0.00944704
7 0.000213633 0.999786
2 0.998954 0.00104645
2 0.937598 0.0624017
7 0.00181156 0.998188
7 0.000717388 0.999283
7 0.404661 0.595339
7 0.0115778 0.988422
7 0.000327585 0.999672
7 0.00389192 0.996108
2 0.989041 0.0109593
2 0.993766 0.00623425
7 7.70418e-06 0.999992
2 0.811178 0.188822
2 0.986839 0.0131615
2 0.997057 0.00294318
7 2.32574e-05 0.999977
2 0.71493 0.28507
2 0.947155 0.052845
7 0.123274 0.876726
7 0.390588 0.609412
2 0.999988 1.17833e-05
7 4.70619e-07 1
7 0.00414348 0.995857
7 0.207415 0.792585
2 0.999751 0.000249234
2 0.692908 0.307092
2 0.965715 0.0342851
7 0.240432 0.759568
2 0.964315 0.0356854
2 0.772914 0.227086
2 0.862136 0.137864
7 0.455998 0.544002
2 0.999997 2.62339e-06
7 0.135043 0.864957
2 0.863259 0.136741
2 0.999998 1.78758e-06
7 1e-07 1
7 0.208496 0.791504
7 0.180792 0.819208
2 0.999981 1.90338e-05
2 0.92357 0.0764304
2 0.996766 0.00323388
7 0.0213729 0.978627
7 1e-07 1
7 0.000102642 0.999897
7 0.0575201 0.94248
2 0.708065 0.291935
2 0.808923 0.191077
2 0.952467 0.0475333
2 0.940894 0.0591063
7 0.127708 0.872292
7 8.53922e-07 0.999999
2 0.765415 0.234585
7 2.38378e-06 0.999998
2 0.975284 0.0247162
2 0.504942 0.495058
2 0.999424 0.000575963
7 0.00353426 0.996466
2 0.960183 0.0398171
7 1.3534e-06 0.999999
2 0.999736 0.000263784
7 0.125718 0.874282
7 0.101444 0.898556
7 0.0219144 0.978086
2 0.867549 0.132451
7 0.188606 0.811394
2 0.99083 0.00917049
2 1 1e-07
2 0.606139 0.393861
2 0.975434 0.0245658
2 0.98206 0.01794
2 0.994648 0.00535239
2 0.972903 0.027097
2 0.999831 0.000168674
7 0.00108635 0.998914
2 0.909102 0.0908975
7 0.00163463 0.998365
7 0.0600789 0.939921
2 0.741142 0.258858
7 0.237182 0.762818
2 0.805749 0.194251
2 0.999697 0.000303303
7 1e-07 1
7 0.00399679 0.996003
2 0.990528 0.00947191
7 0.157244 0.842756
7 0.148712 0.851288
7 0.129139 0.870861
2 0.999989 1.05181e-05
2 0.555087 0.444913
2 0.940794 0.0592057
2 0.832559 0.167441
7 0.0774777 0.922522
7 0.40019 0.59981
2 0.999489 0.000510595
2 0.994054 0.00594639
7 0.488181 0.511819
2 0.973326 0.0266739
7 0.000159117 0.999841
7 1e-07 1
2 0.990497 0.00950274
2 0.9963 0.00370029
7 0.00226545 0.997735
2 0.957284 0.0427157
2 0.842154 0.157846
7 0.388842 0.611158
2 0.863693 0.136307
2 0.996804 0.00319552
7 0.482579 0.517421
7 0.451402 0.548598
7 0.00193587 0.998064
2 0.947005 0.0529952
7 0.000522669 0.999477
2 0.999984 1.56729e-05
7 0.341235 0.658765
7 0.0668295 0.933171
7 0.0632181 0.936782
7 0.190936 0.809064
2 0.963601 0.0363985
7 0.077276 0.922724
2 0.951439 0.0485607
7 0.0110534 0.988947
7 0.0201401 0.97986
7 0.0189997 0.981
7 0.479849 0.520151
2 0.997008 0.00299239
7 0.115872 0.884128
7 0.440473 0.559527
2 0.9229 0.0771
7 3.26456e-05 0.999967
7 0.00632231 0.993678
7 3.10165e-06 0.999997
2 0.853256 0.146744
7 0.483017 0.516983
7 0.0297005 0.9703
2 0.999868 0.000132342
2 0.981163 0.0188372
7 0.124619 0.875381
7 0.000152137 0.999848
2 0.999601 0.000398984
7 0.00162148 0.998379
2 0.999676 0.000323967
7 0.0925045 0.907496
7 0.00111871 0.998881
2 0.671276 0.328724
2 0.823883 0.176117
7 0.00470238 0.995298
7 2.40762e-05 0.999976
7 0.0732388 0.926761
7 0.00333881 0.996661
2 0.922106 0.0778944
7 0.000222814 0.999777
2 0.998803 0.00119703
7 0.132705 0.867295
2 0.99599 0.0040101
2 0.936226 0.0637739
7 1e-07 1
2 0.899338 0.100662
7 0.428053 0.571947
7 8.34741e-05 0.999917
7 0.0204362 0.979564
7 0.000526113 0.999474
2 0.983699 0.0163015
2 0.891197 0.108803
7 0.000869932 0.99913
7 0.000671662 0.999328
7 0.310613 0.689387
7 0.00209556 0.997904
7 1.41245e-05 0.999986
7 0.00128095 0.998719
2 0.788209 0.211791
7 8.99367e-06 0.999991
2 0.864844 0.135156
7 0.0337864 0.966214
2 0.984215 0.0157846
2 0.865821 0.134179
7 0.192737 0.807263
2 0.566871 0.433129
2 0.999269 0.000730888
2 0.990664 0.00933631
7 0.168605 0.831395
2 0.973466 0.0265335
7 0.0459235 0.954077
7 1e-07 1
7 0.0736043 0.926396
2 0.857477 0.142523
2 0.951267 0.0487329
2 0.574223 0.425777
2 0.999667 0.000333167
7 0.0106412 0.989359
7 2.26303e-07 1
7 0.197667 0.802333
7 3.70554e-07 1
7 2.75472e-06 0.999997
2 0.747259 0.252741
7 8.11325e-05 0.999919
2 0.993332 0.00666843
7 0.359107 0.640893
2 0.771737 0.228263
2 0.755338 0.244662
7 0.387605 0.612395
2 0.960405 0.039595
7 0.192752 0.807248
7 0.0312772 0.968723
7 1e-07 1
7 0.410682 0.589318
7 1e-07 1
7 0.0551767 0.944823
2 0.76837 0.23163
7 0.0261243 0.973876
2 0.998886 0.00111413
2 0.994845 0.00515459
7 0.0839303 0.91607
7 0.29027 0.70973
7 0.0154449 0.984555
2 0.880109 0.119891
7 1.60096e-05 0.999984
2 0.995756 0.00424353
7 0.0837796 0.91622
2 0.521307 0.478693
2 0.620426 0.379574
2 0.995652 0.00434769
7 0.0447525 0.955248
7 0.0939075 0.906092
2 0.697597 0.302403
7 0.266065 0.733935
7 0.00107386 0.998926
7 8.17523e-05 0.999918
2 0.947854 0.0521461
2 0.923731 0.076269
2 0.548598 0.451402
7 1e-07 1
7 0.00709542 0.992905
7 1.2175e-05 0.999988
2 0.544822 0.455178
7 0.350418 0.649582
2 0.970203 0.0297968
2 0.974014 0.025986
2 0.558926 0.441074
2 0.971287 0.0287131
2 0.730257 0.269743
2 0.87987 0.12013
2 0.998723 0.00127672
2 0.905702 0.0942983
7 0.24141 0.75859
2 0.998849 0.00115124
2 0.909692 0.0903076
7 0.000316004 0.999684
7 1.03062e-06 0.999999
2 0.967054 0.0329463
2 0.970772 0.0292282
2 0.989433 0.0105673
7 0.000254461 0.999746
7 0.0565893 0.943411
7 0.0552451 0.944755
7 0.00149527 0.998505
2 0.99933 0.000670423
2 0.968028 0.0319717
2 0.93686 0.0631399
7 1e-07 1
7 0.166758 0.833242
2 0.999935 6.45936e-05
7 0.388377 0.611623
7 0.101037 0.898963
2 0.933164 0.0668359
2 0.999907 9.2623e-05
2 0.675671 0.324329
2 0.843062 0.156938
7 0.350453 0.649547
2 0.998224 0.00177632
2 0.64045 0.35955
7 7.95319e-05 0.99992
7 2.62401e-07 1
2 0.700805 0.299195
7 3.10782e-05 0.999969
7 0.181567 0.818433
7 0.11255 0.88745
7 0.0215303 0.97847
2 0.90297 0.0970303
7 0.00264399 0.997356
7 0.0261381 0.973862
2 0.54211 0.45789
2 0.999502 0.000497569
7 0.00506696 0.994933
2 0.98236 0.0176396
7 0.095143 0.904857
2 0.659961 0.340039
2 0.731966 0.268034
2 0.999841 0.000159285
7 0.358099 0.641901
2 0.98869 0.01131
2 0.999997 2.8162e-06
2 0.999772 0.000228226
7 1e-07 1
2 0.831163 0.168837
2 0.756667 0.243333
2 0.999701 0.00029853
2 0.940001 0.0599989
7 0.432305 0.567695
2 0.990621 0.00937904
7 0.127562 0.872438
7 0.220953 0.779047
2 0.734735 0.265265
7 2.63873e-07 1
2 0.954283 0.0457174
7 1e-07 1
2 0.878833 0.121167
7 0.353559 0.646441
2 0.690315 0.309685
7 0.125149 0.874851
2 0.999997 3.10904e-06
2 0.985512 0.0144884
7 0.466537 0.533463
2 0.999985 1.51479e-05
7 0.0481209 0.951879
7 0.00215028 0.99785
7 0.231067 0.768933
7 0.4051 0.5949
2 0.579976 0.420024
2 0.92644 0.0735599
7 0.350407 0.649593
7 0.242203 0.757797
2 0.998135 0.0018654
2 0.965143 0.0348572
2 1 2.29202e-07
2 0.529799 0.470201
7 0.0322586 0.967741
2 0.976019 0.0239812
7 0.390171 0.609829
7 0.364682 0.635318
7 8.54983e-05 0.999915
7 0.101354 0.898646
7 3.89409e-06 0.999996
2 0.624729 0.375271
2 0.845135 0.154865
7 0.000117927 0.999882
7 0.105417 0.894583
2 0.745218 0.254782
7 0.305487 0.694513
7 0.00178233 0.998218
7 0.17479 0.82521
7 0.0737159 0.926284
7 0.00110856 0.998891
2 0.961559 0.0384413
2 0.864814 0.135186
2 0.961704 0.0382957
7 0.00209943 0.997901
7 0.0690938 0.930906
2 0.920409 0.0795909
7 1e-07 1
2 0.924754 0.0752461
2 0.727559 0.272441
2 0.97802 0.0219796
7 1e-07 1
7 2.01054e-05 0.99998
2 0.98929 0.01071
7 9.84923e-07 0.999999
7 0.478251 0.521749
7 0.341316 0.658684
2 0.923197 0.0768034
7 0.0399897 0.96001
2 0.936665 0.0633351
7 0.00181387 0.998186
7 0.121528 0.878472
2 0.923078 0.0769216
7 0.00194752 0.998052
2 0.999466 0.00053418
7 1e-07 1
7 0.120365 0.879635
2 0.998531 0.00146878
2 0.555702 0.444298
2 0.997534 0.00246597
7 0.00208502 0.997915
2 0.952401 0.0475992
2 0.926439 0.0735612
2 0.778905 0.221095
2 0.98403 0.0159695
2 0.997186 0.00281434
2 0.999719 0.000281309
7 0.00302014 0.99698
7 1e-07 1
2 0.557097 0.442903
2 0.681131 0.318869
7 0.00234276 0.997657
7 0.241921 0.758079
2 0.998796 0.00120361
7 0.428564 0.571436
2 0.99655 0.00345018
2 0.981854 0.0181457
7 0.481363 0.518637
7 0.0942157 0.905784
7 0.000143695 0.999856
2 0.995715 0.00428523
2 0.867297 0.132703
7 3.40525e-06 0.999997
7 0.228356 0.771644
7 0.00975147 0.990249
2 0.999952 4.8343e-05
2 0.998112 0.0018876
7 0.180184 0.819816
7 0.0126044 0.987396
7 0.0339214 0.966079
2 0.868338 0.131662
7 1e-07 1
2 0.983984 0.0160157
7 3.467e-06 0.999997
2 0.750932 0.249068
7 0.133146 0.866854
2 0.812793 0.187207
7 4.60697e-07 1
2 0.908454 0.0915456
2 0.856126 0.143874
2 0.588525 0.411475
2 0.941946 0.0580536
7 0.188002 0.811998
2 0.797022 0.202978
7 7.73132e-05 0.999923
7 0.0164438 0.983556
2 0.975014 0.0249861
2 0.571903 0.428097
7 0.233692 0.766308
2 0.659882 0.340118
2 0.558355 0.441645
7 0.172975 0.827025
2 0.76642 0.23358
2 0.970752 0.0292481
2 0.557388 0.442612
2 0.987607 0.0123931
2 0.978662 0.0213384
7 0.487649 0.512351
2 0.945757 0.0542434
7 0.206935 0.793065
2 0.922392 0.0776081
7 0.00454932 0.995451
2 0.938419 0.0615814
7 0.0500098 0.94999
7 0.487188 0.512812
7 0.0654637 0.934536
7 0.0858975 0.914102
7 0.0031328 0.996867
7 0.000126106 0.999874
2 0.99985 0.000149956
2 0.92343 0.0765702
2 0.935313 0.0646868
7 0.130043 0.869957
2 0.993403 0.00659717
7 2.69792e-06 0.999997
7 0.159014 0.840986
7 1e-07 1
2 0.999591 0.00040907
7 0.442937 0.557063
7 0.200186 0.799814
2 0.987428 0.0125722
7 0.18945 0.81055
7 4.98565e-05 0.99995
2 0.999612 0.000388173
7 0.000137945 0.999862
2 0.574128 0.425872
7 0.152623 0.847377
2 0.980217 0.0197834
7 5.18573e-06 0.999995
7 6.39921e-06 0.999994
7 0.0527362 0.947264
7 0.0185718 0.981428
2 0.869556 0.130444
7 0.0515022 0.948498
7 0.334485 0.665515
7 0.032502 0.967498
7 0.288907 0.711093
7 0.00148387 0.998516
2 0.999982 1.81006e-05
7 0.0719421 0.928058
2 0.999118 0.000881993
7 0.000606662 0.999393
2 0.657427 0.342573
7 0.0284121 0.971588
2 0.936997 0.063003
7 8.18882e-07 0.999999
7 0.0016229 0.998377
7 5.8434e-06 0.999994
2 0.636107 0.363893
7 4.84393e-06 0.999995
7 0.00314766 0.996852
2 0.683877 0.316123
7 1e-07 1
2 0.708481 0.291519
2 0.981668 0.0183323
7 0.283804 0.716196
7 1e-07 1
7 1e-07 1
2 0.871696 0.128304
7 0.164163 0.835837
7 0.0334828 0.966517
2 0.9375 0.0625004
7 0.0143939 0.985606
7 0.289227 0.710773
7 0.193634 0.806366
2 0.955101 0.0448992
2 0.999795 0.000205494
7 0.108243 0.891757
7 0.22571 0.77429
7 0.00121329 0.998787
7 0.0328813 0.967119
7 0.00145002 0.99855
7 0.00295557 0.997044
2 0.8505 0.1495
2 0.505718 0.494282
2 0.813799 0.186201
7 0.00280448 0.997196
7 0.0464646 0.953535
7 0.41922 0.58078
2 0.87504 0.12496
2 0.931306 0.0686937
2 0.974787 0.0252131
2 0.965007 0.0349926
2 0.997099 0.0029012
7 0.000201637 0.999798
2 0.945007 0.0549935
7 0.406546 0.593454
7 0.000382714 0.999617
7 0.138277 0.861723
2 0.6459 0.3541
2 0.999244 0.000756374
7 0.254388 0.745612
2 0.999764 0.000235941
7 1e-07 1
2 0.999644 0.00035641
7 0.0216183 0.978382
7 0.20237 0.79763
7 0.000111385 0.999889
7 0.206286 0.793714
2 0.786434 0.213566
2 0.995332 0.00466759
2 0.883558 0.116442
2 0.99773 0.00227004
7 1e-07 1
7 0.000186868 0.999813
2 0.571802 0.428198
2 0.55305 0.44695
7 0.131821 0.868179
7 0.00139276 0.998607
2 0.999422 0.000578062
2 0.752827 0.247173
7 0.0213196 0.97868
7 0.282985 0.717015
2 0.999997 2.57234e-06
2 0.994817 0.00518346
2 0.938253 0.0617474
7 1e-07 1
7 0.0649073 0.935093
7 0.0235329 0.976467
7 0.272985 0.727015
2 0.694544 0.305456
7 0.496254 0.503746
7 0.0771507 0.922849
7 0.419804 0.580196
7 0.474919 0.525081
7 0.106256 0.893744
2 0.969461 0.030539
7 0.000104464 0.999896
7 0.115837 0.884163
2 0.960224 0.039776
7 9.71347e-05 0.999903
2 0.82147 0.17853
7 0.0177699 0.98223
7 0.00916694 0.990833
7 0.15261 0.84739
7 0.135956 0.864044
7 0.0143816 0.985618
2 0.678362 0.321638
2 0.695178 0.304822
2 0.894294 0.105706
2 0.99936 0.000639882
7 0.0373622 0.962638
2 0.723517 0.276483
2 0.997876 0.00212368
7 0.159223 0.840777
7 0.436638 0.563362
2 0.671077 0.328923
7 0.00143183 0.998568
2 0.980971 0.0190292
2 0.992311 0.00768908
7 0.0300293 0.969971
7 0.0184623 0.981538
2 0.994457 0.00554254
7 0.116297 0.883703
7 0.364821 0.635179
2 0.944659 0.055341
2 0.518799 0.481201
2 0.997048 0.00295174
7 0.00311708 0.996883
7 0.0597413 0.940259
2 0.985944 0.0140561
2 0.975523 0.0244767
2 0.888475 0.111525
2 0.961814 0.0381857
7 0.000506795 0.999493
7 0.286655 0.713345
2 0.856581 0.143419
7 0.0125659 0.987434
2 0.805024 0.194976
2 0.998048 0.00195162
2 0.824095 0.175905
2 0.662038 0.337962
2 0.928647 0.0713528
2 0.999907 9.29483e-05
2 0.832006 0.167994
7 0.000606176 0.999394
2 0.984422 0.0155783
7 1.05191e-06 0.999999
2 0.998639 0.0013614
2 0.528292 0.471708
7 0.333405 0.666595
2 0.999894 0.000105816
2 0.769526 0.230474
7 0.00194544 0.998055
2 0.947879 0.0521206
2 0.97941 0.02059
2 0.984741 0.0152586
7 0.0269793 0.973021
2 0.57316 0.42684
2 0.90376 0.0962399
2 0.732072 0.267928
2 0.658846 0.341154
2 0.584549 0.415451
7 0.298273 0.701727
2 0.882993 0.117007
7 0.0184352 0.981565
2 0.998674 0.00132594
7 3.99406e-05 0.99996
2 0.669275 0.330725
7 0.23609 0.76391
2 0.993988 0.00601183
7 2.56952e-06 0.999997
7 0.162913 0.837087
2 0.921357 0.0786431
7 1.71867e-05 0.999983
7 0.0111024 0.988898
2 0.896619 0.103381
7 0.0533784 0.946622
7 0.00641852 0.993581
2 0.581792 0.418208
2 0.942752 0.0572484
7 0.0507299 0.94927
7 0.131261 0.868739
2 0.992213 0.0077868
7 2.36031e-06 0.999998
2 0.782928 0.217072
7 1e-07 1
7 0.0359825 0.964018
2 0.757161 0.242839
2 1 1.44998e-07
2 0.925129 0.0748714
2 0.895019 0.104981
7 0.000424435 0.999576
7 7.38384e-05 0.999926
7 0.210768 0.789232
2 0.703763 0.296237
7 4.31629e-06 0.999996
2 0.999998 2.42882e-06
2 0.924647 0.0753535
2 0.957855 0.0421447
2 0.648946 0.351054
2 0.989818 0.0101824
2 0.883477 0.116523
7 0.497813 0.502187
2 0.88903 0.11097
2 0.971155 0.0288448
2 0.996613 0.00338708
7 0.0418797 0.95812
2 0.999912 8.79277e-05
7 1.73887e-07 1
7 0.000938771 0.999061
2 0.991899 0.00810054
2 0.872039 0.127961
7 0.478839 0.521161
2 0.881202 0.118798
7 0.0333028 0.966697
7 0.00955243 0.990448
7 0.0162939 0.983706
2 0.996867 0.00313302
2 0.999546 0.000454197
7 0.259479 0.740521
7 0.000352141 0.999648
7 0.000449632 0.99955
7 0.00515776 0.994842
7 0.00466474 0.995335
2 0.628232 0.371768
7 0.290796 0.709204
2 0.986648 0.0133516
7 0.24654 0.75346
2 0.853781 0.146219
7 0.0695709 0.930429
2 0.996223 0.00377672
2 0.999886 0.000114288
2 0.983172 0.0168282
2 0.998752 0.00124819
2 0.855936 0.144064
7 1e-07 1
7 0.487535 0.512465
2 0.852283 0.147717
7 0.218449 0.781551
7 0.000405658 0.999594
7 0.127408 0.872592
7 0.207923 0.792077
7 0.0215809 0.978419
7 0.154709 0.845291
7 0.0605092 0.939491
2 0.98801 0.0119898
7 0.419097 0.580903
2 0.654546 0.345454
2 0.98851 0.0114898
2 0.983104 0.0168961
7 0.00122848 0.998772
7 0.0110806 0.988919
7 0.00410505 0.995895
2 0.98909 0.0109096
7 7.54035e-07 0.999999
7 1e-07 1
2 0.854974 0.145026
2 0.980015 0.0199849
2 0.784868 0.215132
2 0.909074 0.0909258
7 1e-07 1
2 0.995977 0.00402299
2 0.885105 0.114895
7 0.104869 0.895131
7 0.0412451 0.958755
2 0.980067 0.0199325
2 0.930347 0.0696534
2 0.996165 0.00383493
2 0.779531 0.220469
7 0.022672 0.977328
2 0.518025 0.481975
2 0.506688 0.493312
2 0.913093 0.0869066
7 0.0134824 0.986518
2 0.864593 0.135407
7 0.119854 0.880146
2 0.664098 0.335902
7 0.0107972 0.989203
2 0.768956 0.231044
7 0.0102868 0.989713
2 0.997561 0.0024386
2 0.947407 0.0525929
2 0.789261 0.210739
2 0.997058 0.00294198
2 0.977978 0.0220217
2 0.800438 0.199562
7 0.238812 0.761188
2 0.981591 0.0184087
7 0.0172733 0.982727
7 4.20928e-05 0.999958
2 0.682838 0.317162
2 0.997339 0.002661
2 0.763787 0.236213
2 0.771596 0.228404
2 0.9991 0.000899519
7 0.41243 0.58757
7 0.00176781 0.998232
7 3.9783e-07 1
2 0.992363 0.00763725
2 0.519008 0.480992
2 0.999901 9.94926e-05
7 0.00106576 0.998934
7 0.0205654 0.979435
2 0.724374 0.275626
7 0.45384 0.54616
2 0.995638 0.00436215
2 0.992983 0.00701654
2 0.804638 0.195362
7 0.000229285 0.999771
2 0.998797 0.00120349
7 0.346664 0.653336
2 0.989133 0.0108672
2 0.837528 0.162472
7 0.0661922 0.933808
2 0.998073 0.00192665
7 0.0920432 0.907957
2 0.862007 0.137993
7 0.00613756 0.993862
7 0.0124126 0.987587
7 0.496872 0.503128
2 0.845994 0.154006
2 0.997997 0.00200291
7 0.000231534 0.999768
7 0.0873436 0.912656
7 0.174593 0.825407
2 0.829954 0.170046
7 0.351517 0.648483
2 0.544696 0.455304
7 0.401601 0.598399
7 0.22824 0.77176
7 0.000488821 0.999511
2 0.575915 0.424085
2 0.947546 0.0524541
2 0.949257 0.0507431
2 0.845387 0.154613
7 0.306263 0.693737
7 0.000481214 0.999519
7 0.383066 0.616934
7 0.0155276 0.984472
7 1e-07 1
2 0.75466 0.24534
7 0.0600828 0.939917
7 1.0429e-05 0.99999
7 0.22703 0.77297
7 0.0612368 0.938763
2 0.988472 0.0115277
2 0.999338 0.000661918
7 8.68432e-07 0.999999
7 0.199782 0.800218
2 0.964838 0.0351624
7 0.00690206 0.993098
2 0.999993 7.36137e-06
7 0.000126106 0.999874
7 5.30045e-07 0.999999
7 0.0025599 0.99744
2 0.827429 0.172571
2 0.953755 0.0462452
2 0.998989 0.00101094
2 0.792453 0.207547
7 0.0466133 0.953387
7 1e-07 1
2 0.998847 0.00115308
2 0.559374 0.440626
7 0.0370085 0.962991
2 0.871731 0.128269
2 0.991154 0.00884572
7 0.0343356 0.965664
2 0.998516 0.00148371
7 0.124001 0.875999
7 0.0453509 0.954649
7 0.00675518 0.993245
7 0.144183 0.855817
7 0.00695195 0.993048
7 1.43435e-05 0.999986
2 0.710129 0.289871
7 0.00023165 0.999768
2 0.949992 0.0500077
2 0.710101 0.289899
2 0.654382 0.345618
2 0.976298 0.0237025
7 0.275526 0.724474
2 0.798823 0.201177
2 0.99588 0.00412048
7 0.24456 0.75544
2 0.991344 0.00865633
2 0.914977 0.0850226
2 0.999924 7.58598e-05
7 0.21101 0.78899
2 0.999463 0.000537199
7 0.0256385 0.974362
7 0.000670301 0.99933
7 0.1973 0.8027
2 0.943203 0.0567967
7 0.404922 0.595078
7 0.00128346 0.998717
2 0.945757 0.0542435
2 0.96419 0.0358103
2 0.989563 0.0104367
2 0.634677 0.365323
2 0.789504 0.210496
2 0.999193 0.000806622
7 0.320395 0.679605
7 0.463049 0.536951
2 0.863843 0.136157
7 1.08768e-05 0.999989
7 0.0147357 0.985264
7 0.00115032 0.99885
2 0.97317 0.0268303
2 0.517509 0.482491
7 0.00297604 0.997024
2 0.998453 0.00154671
7 0.433606 0.566394
2 0.949039 0.0509609
7 0.407433 0.592567
2 0.99563 0.00437009
2 0.590939 0.409061
2 0.679677 0.320323
7 0.0480555 0.951944
7 0.00580753 0.994192
2 0.672465 0.327535
7 0.0125761 0.987424
7 1e-07 1
2 0.967678 0.0323219
2 0.999721 0.000278696
2 0.871696 0.128304
7 0.406279 0.593721
2 0.999935 6.48519e-05
2 0.903066 0.0969337
2 0.990819 0.00918083
7 0.425803 0.574197
7 0.228254 0.771746
2 0.654678 0.345322
7 0.14193 0.85807
7 6.41637e-05 0.999936
2 0.9679 0.0321001
2 0.842049 0.157951
2 0.776066 0.223934
7 4.72599e-06 0.999995
2 0.952535 0.0474648
2 0.990418 0.00958178
7 0.335488 0.664512
7 9.623e-05 0.999904
2 0.899513 0.100487
7 1e-07 1
7 0.329968 0.670032
2 0.992234 0.00776598
2 0.891795 0.108205
7 0.219907 0.780093
2 0.964519 0.0354815
7 0.393304 0.606696
2 0.993868 0.00613169
7 1e-07 1
7 0.00307932 0.996921
7 0.000179223 0.999821
2 0.85208 0.14792
2 0.692202 0.307798
2 0.942705 0.0572953
2 0.996801 0.00319947
2 0.861543 0.138457
2 0.986978 0.013022
2 0.773884 0.226116
7 9.05099e-07 0.999999
2 0.919272 0.0807281
2 0.924273 0.0757267
2 0.903301 0.096699
7 0.137187 0.862813
7 0.0244063 0.975594
7 1e-07 1
2 0.878589 0.121411
2 0.99423 0.00576963
2 0.994407 0.00559285
7 0.000235887 0.999764
7 0.381601 0.618399
7 5.12043e-06 0.999995
7 0.00942919 0.990571
2 0.984669 0.0153313
2 0.999696 0.000304203
7 0.461101 0.538899
7 0.00366766 0.996332
7 0.414765 0.585235
7 0.00109514 0.998905
7 0.226944 0.773056
2 0.842157 0.157843
7 0.070585 0.929415
2 0.771581 0.228419
2 0.886142 0.113858
2 0.989686 0.0103138
2 0.864836 0.135164
7 0.262564 0.737436
2 0.998582 0.0014178
2 0.9999 0.000100436
2 0.973243 0.0267575
2 0.992569 0.0074306
2 0.798985 0.201015
2 0.895119 0.104881
7 0.0653221 0.934678
7 0.027927 0.972073
7 0.29202 0.70798
2 0.666909 0.333091
7 4.70373e-06 0.999995
7 0.249732 0.750268
2 0.918691 0.0813092
2 0.888719 0.111281
2 0.880874 0.119126
7 1.39011e-05 0.999986
2 0.985887 0.0141126
7 0.287527 0.712473
7 0.306887 0.693113
2 0.998417 0.00158348
7 4.27794e-05 0.999957
7 0.0084122 0.991588
2 0.989437 0.0105634
2 0.661518 0.338482
2 0.771753 0.228247
2 0.699446 0.300554
7 0.00698407 0.993016
2 0.997723 0.00227692
7 0.000402921 0.999597
7 0.253968 0.746032
2 0.983785 0.0162148
7 0.000732744 0.999267
2 0.869361 0.130639
2 0.927379 0.0726212
2 0.812858 0.187142
2 0.993551 0.00644945
2 0.996461 0.00353908
7 0.0032755 0.996724
7 0.44215 0.55785
7 7.81215e-05 0.999922
2 0.981186 0.0188137
2 0.591094 0.408906
2 0.841062 0.158938
7 0.106234 0.893766
2 0.898038 0.101962
2 0.740516 0.259484
2 0.999996 4.14845e-06
2 0.568727 0.431273
7 2.30908e-07 1
2 0.997697 0.00230323
2 1 1e-07
7 0.438287 0.561713
2 0.613425 0.386575
2 0.887176 0.112824
2 0.936455 0.063545
7 1e-07 1
7 1.5573e-05 0.999984
7 0.000799679 0.9992
7 7.61971e-07 0.999999
7 0.00015114 0.999849
2 0.831091 0.168909
7 0.121561 0.878439
2 0.764502 0.235498
7 0.109827 0.890173
2 0.995673 0.00432656
2 0.805597 0.194403
7 0.0716422 0.928358
2 0.758661 0.241339
2 0.999976 2.37924e-05
7 0.0914701 0.90853
7 0.293345 0.706655
2 0.991402 0.00859821
2 0.99895 0.00104996
7 0.122726 0.877274
7 0.108703 0.891297
7 0.460984 0.539016
2 0.919525 0.0804748
7 0.106583 0.893417
2 0.997913 0.00208664
7 0.000185026 0.999815
7 0.000544033 0.999456
2 0.981862 0.0181376
7 1e-07 1
7 2.6045e-05 0.999974
2 0.744825 0.255175
7 0.0709572 0.929043
7 0.000208848 0.999791
2 0.988072 0.0119283
2 0.599696 0.400304
7 0.107046 0.892954
7 0.0393316 0.960668
7 0.000172234 0.999828
7 0.447936 0.552064
7 0.330716 0.669284
2 0.83612 0.16388
2 0.988656 0.0113436
2 0.703592 0.296408
2 0.999768 0.000232353
2 0.994538 0.00546212
7 0.484405 0.515595
2 0.851368 0.148632
2 0.715715 0.284285
7 1.65771e-05 0.999983
7 0.0129145 0.987086
7 0.00608866 0.993911
7 1e-07 1
2 0.999051 0.000948534
7 0.27998 0.72002
7 0.107445 0.892555
7 0.365106 0.634894
2 0.793664 0.206336
7 0.166271 0.833729
2 0.876164 0.123836
7 0.0577828 0.942217
7 6.89995e-05 0.999931
2 0.737678 0.262322
7 7.17921e-07 0.999999
7 0.0122405 0.98776
7 0.243188 0.756812
2 0.999887 0.000112794
2 0.735698 0.264302
2 0.998557 0.00144256
7 1e-07 1
7 0.0541819 0.945818
2 0.963662 0.0363376
2 0.999837 0.000163066
2 0.997874 0.00212577
7 0.0114578 0.988542
7 0.0407996 0.9592
2 0.989929 0.0100706
2 0.877884 0.122116
2 0.768726 0.231274
7 0.00302053 0.996979
7 0.000542367 0.999458
2 0.756673 0.243327
2 0.999775 0.000225189
7 0.476042 0.523958
2 0.757283 0.242717
2 0.734539 0.265461
7 0.140154 0.859846
2 0.882356 0.117644
7 1.73108e-06 0.999998
7 0.000631871 0.999368
2 0.857794 0.142206
2 0.993612 0.00638809
7 1e-07 1
7 0.00700113 0.992999
2 0.708445 0.291555
2 0.696319 0.303681
2 0.921888 0.0781115
7 0.398979 0.601021
2 0.973453 0.0265472
2 0.977203 0.0227971
2 0.956314 0.0436863
7 0.438103 0.561897
7 1e-07 1
2 0.991895 0.00810501
7 0.0500421 0.949958
2 0.951369 0.0486311
2 0.957626 0.0423744
2 0.957047 0.0429532
7 0.0759889 0.924011
7 0.354314 0.645686
7 1e-07 1
7 0.0022807 0.997719
7 0.318242 0.681758
2 0.5135 0.4865
7 0.118757 0.881243
2 0.98097 0.0190299
7 0.166117 0.833883
7 0.249806 0.750194
2 0.876005 0.123995
2 0.999772 0.000227951
7 0.000100128 0.9999
7 0.457211 0.542789
7 0.0510706 0.948929
2 0.895964 0.104036
2 1 1e-07
7 1.07613e-05 0.999989
2 0.995404 0.00459597
2 0.997523 0.00247727
7 0.0423779 0.957622
2 0.990222 0.00977812
7 1e-07 1
7 0.0577883 0.942212
2 0.997594 0.00240642
7 1.30974e-05 0.999987
7 3.19024e-06 0.999997
2 0.899657 0.100343
2 0.576956 0.423044
2 0.728647 0.271353
2 0.998821 0.00117938
7 5.51519e-06 0.999994
2 0.622972 0.377028
7 0.0549784 0.945022
2 0.624964 0.375036
7 1.61422e-07 1
2 0.76724 0.23276
7 0.00264077 0.997359
2 0.998014 0.00198608
7 0.00414404 0.995856
7 1e-07 1
7 0.292178 0.707822
7 0.000393805 0.999606
7 8.91192e-07 0.999999
2 0.999984 1.58197e-05
7 0.221318 0.778682
2 0.962425 0.0375749
7 0.321102 0.678898
7 0.402545 0.597455
7 5.16569e-06 0.999995
7 0.201946 0.798054
2 0.922738 0.0772616
7 0.013335 0.986665
7 0.000133483 0.999867
2 0.998708 0.00129179
2 0.99864 0.00135955
2 1 1e-07
2 0.999783 0.000216981
7 0.161293 0.838707
2 0.987924 0.0120761
7 1e-07 1
2 0.666025 0.333975
2 0.644292 0.355708
2 0.96466 0.0353402
7 0.00127409 0.998726
2 0.996749 0.00325066
2 0.546569 0.453431
7 0.329657 0.670343
7 0.0267628 0.973237
2 0.982011 0.017989
2 0.570511 0.429489
2 0.995165 0.00483521
2 0.92863 0.0713702
7 6.04445e-05 0.99994
7 1.0546e-05 0.999989
7 0.37865 0.62135
2 0.995935 0.00406537
2 0.990669 0.00933139
2 0.665594 0.334406
7 1e-07 1
2 0.99456 0.00543984
2 0.722994 0.277006
7 0.48637 0.51363
7 0.000525996 0.999474
2 0.978639 0.0213609
2 0.906992 0.0930076
7 0.224664 0.775336
2 0.956433 0.0435667
7 0.0120779 0.987922
7 0.0784592 0.921541
7 0.354233 0.645767
7 0.221268 0.778732
7 0.38673 0.61327
2 0.843918 0.156082
2 0.876792 0.123208
2 0.979226 0.0207737
2 0.847291 0.152709
2 0.994553 0.00544697
2 0.989681 0.0103192
7 0.0494535 0.950547
2 0.715798 0.284202
7 0.145701 0.854299
2 0.98708 0.0129199
2 0.966367 0.0336329
2 0.956498 0.0435017
2 0.526615 0.473385
2 0.999981 1.92497e-05
7 0.00253004 0.99747
2 0.551317 0.448683
7 0.000503453 0.999497
7 0.0253862 0.974614
7 0.0533714 0.946629
2 0.99544 0.00455957
7 0.199558 0.800442
2 0.95548 0.0445203
2 0.999759 0.000241055
7 2.87547e-07 1
7 0.0759832 0.924017
2 0.999897 0.000103263
2 0.882223 0.117777
2 0.797072 0.202928
2 0.99393 0.00607038
2 0.563805 0.436195
7 0.290193 0.709807
7 1.3304e-05 0.999987
2 0.852361 0.147639
7 2.43842e-07 1
2 0.993734 0.00626575
7 3.49353e-07 1
7 0.0295738 0.970426
2 0.576687 0.423313
2 0.99768 0.00232032
7 0.0022441 0.997756
7 0.00179684 0.998203
7 0.157742 0.842258
7 0.000621227 0.999379
7 0.00792943 0.992071
2 0.999961 3.936e-05
2 0.998526 0.00147383
7 0.218135 0.781865
7 0.429886 0.570114
2 0.966988 0.0330116
7 0.000438299 0.999562
7 0.00264613 0.997354
2 0.954669 0.0453314
2 0.906753 0.0932472
2 0.971699 0.0283013
7 0.000117724 0.999882
2 0.999664 0.000336315
2 0.779177 0.220823
2 0.673506 0.326494
7 1.9597e-07 1
2 0.732679 0.267321
2 0.999865 0.000135172
7 9.58556e-07 0.999999
7 2.8928e-05 0.999971
2 0.99504 0.00496002
2 0.966025 0.0339749
7 0.00190683 0.998093
7 0.00010691 0.999893
7 3.27468e-05 0.999967
7 1e-07 1
7 0.118437 0.881563
7 0.473124 0.526876
7 1e-07 1
7 0.275594 0.724406
2 0.997247 0.00275332
2 0.604715 0.395285
7 0.495147 0.504853
2 0.574353 0.425647
7 1.59569e-06 0.999998
2 0.998792 0.00120824
7 0.000916549 0.999083
7 0.00381881 0.996181
7 0.00137973 0.99862
2 0.606129 0.393871
7 1.93502e-05 0.999981
7 0.184165 0.815835
7 0.193695 0.806305
7 0.221927 0.778073
2 0.978906 0.0210939
2 0.988664 0.0113361
2 0.913234 0.0867663
2 0.754557 0.245443
7 2.98256e-06 0.999997
7 7.44497e-05 0.999926
2 0.962184 0.0378158
2 0.564268 0.435732
7 0.0362757 0.963724
2 0.950391 0.0496093
2 0.836534 0.163466
7 0.0519458 0.948054
7 0.322034 0.677966
2 0.68571 0.31429
2 0.989813 0.0101868
2 0.871855 0.128145
2 0.888793 0.111207
2 0.999803 0.000197057
2 0.99811 0.00189042
7 0.293533 0.706467
7 3.36914e-06 0.999997
7 2.02899e-05 0.99998
2 0.978554 0.0214461
7 0.0287775 0.971222
2 0.984451 0.0155486
2 0.788455 0.211545
2 0.971693 0.0283068
7 0.316873 0.683127
7 0.0210228 0.978977
2 0.985301 0.0146995
2 0.985537 0.0144631
7 0.473142 0.526858
2 0.871493 0.128507
2 0.747568 0.252432
2 0.568281 0.431719
2 0.940538 0.0594622
2 0.71009 0.28991
2 1 1.12233e-07
7 7.9108e-05 0.999921
7 4.71741e-05 0.999953
2 0.603436 0.396564
7 1e-07 1
7 5.11693e-05 0.999949
2 0.978451 0.0215494
2 0.998769 0.00123077
2 0.964252 0.0357482
2 0.998973 0.0010271
7 6.06653e-05 0.999939
2 0.995806 0.00419417
2 0.987094 0.0129057
7 0.327235 0.672765
2 0.968563 0.0314372
7 0.00035731 0.999643
7 0.0886067 0.911393
2 0.978543 0.0214574
7 0.0695824 0.930418
2 0.995069 0.00493127
7 0.00452259 0.995477
7 1e-07 1
7 0.0360636 0.963936
2 0.998104 0.00189615
7 5.87954e-05 0.999941
2 0.999378 0.000621775
2 0.999154 0.000846175
7 0.000355682 0.999644
2 0.826465 0.173535
7 0.0437339 0.956266
2 0.981543 0.0184569
7 0.0137646 0.986235
7 0.0385053 0.961495
7 0.135325 0.864675
7 0.0776111 0.922389
7 0.448985 0.551015
7 0.428995 0.571005
7 0.0638608 0.936139
2 0.971666 0.0283337
2 0.999789 0.000210913
7 0.472041 0.527959
7 3.13002e-05 0.999969
7 0.000603333 0.999397
7 1e-07 1
2 0.710177 0.289823
7 0.438829 0.561171
7 0.173918 0.826082
2 0.918378 0.081622
7 2.64175e-05 0.999974
2 0.615048 0.384952
7 1e-07 1
7 0.08132 0.91868
2 0.999229 0.000771221
2 0.539214 0.460786
7 0.284877 0.715123
2 0.965778 0.0342218
2 0.940689 0.0593112
2 0.993269 0.0067315
2 0.834253 0.165747
7 0.00487601 0.995124
2 0.965982 0.0340177
2 0.783033 0.216967
7 0.190192 0.809808
7 0.0117085 0.988291
7 1e-07 1
2 0.934427 0.0655728
7 2.92647e-07 1
2 0.915294 0.0847062
7 2.92272e-07 1
2 0.744928 0.255072
2 0.851188 0.148812
2 0.61006 0.38994
2 0.999897 0.000102553
7 0.0622928 0.937707
2 0.667232 0.332768
2 0.979278 0.0207224
2 0.930783 0.0692173
7 0.036244 0.963756
7 0.367715 0.632285
2 0.745595 0.254405
2 0.879981 0.120019
7 1e-07 1
7 0.24983 0.75017
7 1.0723e-06 0.999999
7 1e-07 1
7 7.22601e-05 0.999928
7 0.277926 0.722074
7 2.2497e-07 1
2 0.975639 0.0243607
7 0.128139 0.871861
2 0.7517 0.2483
7 0.347071 0.652929
7 0.0291288 0.970871
7 0.229988 0.770012
7 0.481179 0.518821
7 6.90434e-06 0.999993
7 0.276393 0.723607
2 0.993738 0.00626236
2 0.891587 0.108413
7 0.0995763 0.900424
2 0.947509 0.052491
2 0.984623 0.0153771
2 0.91069 0.0893097
2 0.67107 0.32893
2 0.983457 0.0165433
2 0.991819 0.00818077
2 0.698518 0.301482
2 0.573187 0.426813
7 1e-07 1
7 0.0087699 0.99123
7 0.0246856 0.975314
2 0.851787 0.148213
2 0.983962 0.0160376
7 0.00270699 0.997293
7 3.8713e-05 0.999961
2 0.907588 0.0924121
2 0.877899 0.122101
2 0.526918 0.473082
2 0.644983 0.355017
2 0.960853 0.0391467
2 0.54872 0.45128
7 2.36541e-05 0.999976
7 0.0076817 0.992318
7 0.250161 0.749839
2 0.595412 0.404588
2 0.924809 0.0751908
2 0.989722 0.0102784
7 0.365444 0.634556
2 0.700524 0.299476
2 0.997316 0.00268418
2 0.577563 0.422437
2 0.920282 0.0797177
2 0.999877 0.000122863
7 0.0249289 0.975071
2 0.600539 0.399461
7 0.0925995 0.9074
7 2.06015e-06 0.999998
2 0.523413 0.476587
2 0.99884 0.00116013
2 0.794049 0.205951
2 0.999772 0.000228146
2 0.979835 0.0201648
2 0.910574 0.0894264
7 0.000160529 0.999839
2 0.99823 0.00176974
7 0.000648619 0.999351
7 0.0261367 0.973863
2 0.896307 0.103693
2 0.871036 0.128964
7 0.00736403 0.992636
2 0.999848 0.000151849
2 0.725607 0.274393
2 0.80856 0.19144
2 0.608804 0.391196
7 0.00183189 0.998168
2 0.99959 0.000410249
7 0.000997504 0.999002
7 0.018398 0.981602
7 1.69057e-05 0.999983
2 0.910277 0.089723
2 0.998808 0.00119248
2 0.999744 0.000256169
2 0.551732 0.448268
7 0.0306992 0.969301
7 0.0673136 0.932686
7 0.031454 0.968546
7 0.00592552 0.994074
7 3.45725e-07 1
7 0.00686492 0.993135
2 0.986345 0.0136545
7 0.120284 0.879716
7 0.327352 0.672648
2 0.996939 0.00306106
2 0.66552 0.33448
2 0.99971 0.000289711
7 1e-07 1
7 0.177206 0.822794
7 7.79656e-05 0.999922
2 0.629707 0.370293
7 0.235445 0.764555
2 0.608806 0.391194
7 1e-07 1
7 0.199361 0.800639
2 0.987515 0.0124852
2 0.973343 0.0266569
2 0.683436 0.316564
7 0.0470412 0.952959
2 0.84246 0.15754
2 0.917292 0.0827078
2 0.99986 0.000139921
2 0.921075 0.0789251
2 0.967812 0.0321875
7 0.0676517 0.932348
7 0.000355823 0.999644
7 0.00291124 0.997089
2 0.543747 0.456253
2 0.715654 0.284346
7 9.01624e-06 0.999991
2 0.968496 0.0315035
2 0.947963 0.0520374
2 0.998545 0.0014551
2 0.884489 0.115511
7 0.000494254 0.999506
2 0.694123 0.305877
2 0.992708 0.00729242
2 0.982046 0.0179545
7 0.0179056 0.982094
2 0.648957 0.351043
7 1e-07 1
7 0.429804 0.570196
7 0.0220458 0.977954
7 0.00334938 0.996651
2 0.996688 0.00331172
7 1e-07 1
7 0.125399 0.874601
7 0.0559529 0.944047
7 0.387999 0.612001
2 0.67256 0.32744
7 0.478477 0.521523
7 0.00383469 0.996165
7 0.362367 0.637633
2 0.995748 0.0042517
2 0.959285 0.0407145
2 0.856771 0.143229
7 0.0148282 0.985172
2 0.841042 0.158958
7 0.157595 0.842405
2 0.906911 0.0930886
7 0.00317089 0.996829
2 0.840488 0.159512
2 0.628337 0.371663
7 1e-07 1
7 0.0137935 0.986207
7 0.00121469 0.998785
2 0.555148 0.444852
7 5.34128e-05 0.999947
7 0.0329418 0.967058
7 0.00231587 0.997684
7 1.73229e-05 0.999983
2 0.999927 7.29192e-05
7 0.0665419 0.933458
2 0.99195 0.00805
7 0.10765 0.89235
7 0.00018001 0.99982
7 0.32237 0.67763
2 0.705739 0.294261
7 0.146042 0.853958
7 0.0907226 0.909277
7 0.315912 0.684088
7 1e-07 1
2 0.866268 0.133732
2 0.999962 3.77096e-05
2 0.97911 0.0208899
2 0.811562 0.188438
7 0.347223 0.652777
7 1e-07 1
7 0.190225 0.809775
2 0.614146 0.385854
7 1e-07 1
7 0.372945 0.627055
7 0.00871022 0.99129
7 1e-07 1
7 0.0463384 0.953662
7 0.0987496 0.90125
2 0.574941 0.425059
2 0.999885 0.000114633
7 0.000192233 0.999808
7 1e-07 1
2 0.601857 0.398143
2 0.728997 0.271003
7 0.0024357 0.997564
2 0.636909 0.363091
2 0.792952 0.207048
7 0.00589325 0.994107
7 0.0487796 0.95122
2 0.506629 0.493371
2 0.725907 0.274093
2 0.670659 0.329341
2 0.997318 0.00268159
7 0.0278387 0.972161
2 0.673443 0.326557
7 0.336523 0.663477
2 0.978779 0.0212214
7 0.0264998 0.9735
2 0.897726 0.102274
2 0.883707 0.116293
2 0.92929 0.0707102
7 0.144089 0.855911
7 2.8332e-06 0.999997
2 0.99539 0.00460986
2 0.999948 5.19721e-05
2 0.756234 0.243766
7 4.83944e-06 0.999995
2 0.966624 0.033376
7 0.0383973 0.961603
7 0.0149437 0.985056
2 0.60218 0.39782
2 0.99003 0.00996979
2 0.960798 0.0392015
2 0.894557 0.105443
2 0.998045 0.00195494
7 0.000669234 0.999331
2 0.740698 0.259302
7 0.00102843 0.998972
2 0.818295 0.181705
7 0.000171665 0.999828
2 0.937641 0.0623593
2 0.882207 0.117793
2 0.794018 0.205982
2 0.917032 0.082968
7 3.26648e-06 0.999997
7 0.023608 0.976392
2 1 1.83527e-07
7 0.358856 0.641144
2 0.996967 0.00303301
2 0.968098 0.0319024
2 0.997743 0.00225732
2 0.997716 0.00228379
7 6.31363e-06 0.999994
2 0.501595 0.498405
7 0.393831 0.606169
7 0.380624 0.619376
7 0.124954 0.875046
7 1e-07 1
2 0.999947 5.27374e-05
2 0.844807 0.155193
7 0.305369 0.694631
7 0.0652415 0.934758
7 0.029553 0.970447
7 0.0686457 0.931354
7 1e-07 1
2 0.992755 0.00724512
2 0.851349 0.148651
2 0.992038 0.00796208
2 0.993111 0.00688877
7 5.42617e-07 0.999999
2 0.672319 0.327681
2 0.501232 0.498768
2 0.999331 0.000668759
7 0.134871 0.865129
7 0.297134 0.702866
2 0.998906 0.00109435
2 0.993079 0.00692077
7 0.374648 0.625352
7 2.78315e-06 0.999997
7 0.0015835 0.998417
2 0.988382 0.0116185
2 0.998905 0.00109516
2 0.597585 0.402415
7 0.301381 0.698619
2 0.998742 0.0012583
2 0.99752 0.00247974
2 0.989972 0.0100278
2 0.998585 0.00141516
2 0.649468 0.350532
7 0.144174 0.855826
7 0.170497 0.829503
7 0.492046 0.507954
2 0.999618 0.000382479
7 0.0361845 0.963816
2 0.986407 0.0135932
2 0.998687 0.00131253
7 0.000512172 0.999488
2 0.999325 0.000675007
2 0.999996 4.08597e-06
2 0.998793 0.00120697
2 0.796832 0.203168
2 0.936122 0.0638777
2 0.993375 0.00662516
7 0.209381 0.790619
2 0.994287 0.00571272
7 3.47091e-07 1
2 0.729043 0.270957
2 0.999909 9.14181e-05
7 1e-07 1
7 0.209558 0.790442
7 9.79677e-06 0.99999
7 1e-07 1
7 0.0171544 0.982846
7 0.0015296 0.99847
7 0.00727037 0.99273
7 0.0631512 0.936849
2 0.69058 0.30942
7 0.000112554 0.999887
7 0.469214 0.530786
7 0.305173 0.694827
2 0.503258 0.496742
7 2.85034e-05 0.999971
2 0.906609 0.0933909
7 0.187439 0.812561
2 0.720414 0.279586
2 0.8403 0.1597
2 0.993383 0.00661658
2 0.91695 0.0830498
2 0.978177 0.021823
7 1e-07 1
7 0.00719193 0.992808
2 0.994702 0.00529778
2 0.997263 0.00273687
2 0.841612 0.158388
2 0.602885 0.397115
2 0.859284 0.140716
2 0.979916 0.0200839
2 0.999041 0.000958629
7 0.197865 0.802135
7 1.16564e-05 0.999988
7 4.32968e-07 1
2 0.998942 0.00105787
7 0.306553 0.693447
7 1.32662e-05 0.999987
2 0.996828 0.00317187
2 0.999835 0.000164626
2 0.969458 0.0305418
7 0.042015 0.957985
7 2.97835e-05 0.99997
2 0.892998 0.107002
2 0.998075 0.00192455
2 0.980269 0.0197311
7 0.281536 0.718464
2 0.559213 0.440787
2 0.980905 0.0190953
7 0.00612208 0.993878
2 0.999823 0.00017723
2 0.85064 0.14936
7 0.00202761 0.997972
2 0.9996 0.000400342
7 0.0273134 0.972687
7 1e-07 1
7 1e-07 1
2 0.813963 0.186037
2 0.999997 2.88399e-06
7 1e-07 1
2 0.596253 0.403747
2 0.641923 0.358077
7 8.9535e-05 0.99991
2 0.990493 0.0095067
2 0.999888 0.000112027
7 0.00859806 0.991402
2 0.524098 0.475902
2 0.77891 0.22109
7 3.10181e-05 0.999969
7 0.159395 0.840605
7 0.0202642 0.979736
7 0.498183 0.501817
7 0.00408094 0.995919
2 0.985506 0.0144942
2 0.576904 0.423096
7 1.00603e-05 0.99999
7 2.58711e-06 0.999997
7 1e-07 1
7 0.413554 0.586446
2 0.999821 0.00017895
7 0.496554 0.503446
2 0.999161 0.000839331
7 0.0122732 0.987727
7 1e-07 1
2 0.988014 0.0119864
2 0.989107 0.0108934
2 0.669383 0.330617
2 0.997883 0.00211679
7 0.405242 0.594758
7 0.000957856 0.999042
2 0.999755 0.000244659
2 0.939418 0.0605815
2 0.654281 0.345719
7 0.0021454 0.997855
2 0.988438 0.011562
7 0.146064 0.853936
7 0.385593 0.614407
2 0.993026 0.00697411
2 0.988365 0.0116347
2 0.555149 0.444851
2 0.742959 0.257041
2 0.501732 0.498268
2 0.748926 0.251074
7 1.01984e-06 0.999999
7 0.00907622 0.990924
2 0.756488 0.243512
7 0.0685172 0.931483
7 0.466195 0.533805
2 0.929517 0.0704828
2 0.993353 0.00664733
2 0.965953 0.0340469
2 0.836887 0.163113
7 0.0881231 0.911877
7 0.018712 0.981288
7 0.292974 0.707026
2 0.954066 0.0459341
2 0.873415 0.126585
7 0.285735 0.714265
2 0.696591 0.303409
7 0.01387 0.98613
7 7.91123e-07 0.999999
2 0.84196 0.15804
2 0.68109 0.31891
2 0.999999 6.80239e-07
7 1.07889e-07 1
7 0.00970269 0.990297
7 0.288849 0.711151
2 0.881402 0.118598
7 7.17484e-06 0.999993
2 0.997075 0.0029255
7 0.121232 0.878768
2 0.88665 0.11335
7 9.01239e-05 0.99991
7 0.000368695 0.999631
2 0.972871 0.0271291
7 1e-07 1
7 0.483174 0.516826
2 0.999997 3.34887e-06
2 0.998516 0.0014836
2 0.998987 0.00101333
2 0.753981 0.246019
2 0.582487 0.417513
7 0.391844 0.608156
2 0.820206 0.179794
2 0.811743 0.188257
2 0.932393 0.0676073
2 0.916455 0.0835451
7 0.070632 0.929368
2 0.855799 0.144201
2 0.991465 0.00853499
2 0.84664 0.15336
7 1.97283e-05 0.99998
7 0.164899 0.835101
2 0.994811 0.00518917
7 0.0213007 0.978699
7 0.258549 0.741451
2 0.816867 0.183133
