labels 0 7
7 0.0586048 0.941395
7 0.035643 0.964357
0 0.953575 0.0464254
0 0.83512 0.16488
7 0.269674 0.730326
7 0.274502 0.725498
0 0.96448 0.0355202
7 0.00448963 0.99551
7 0.00303047 0.99697
0 0.839379 0.160621
0 0.686574 0.313426
0 0.999831 0.000169055
7 1.66099e-06 0.999998
0 0.999123 0.000876515
7 0.338319 0.661681
0 0.96257 0.0374301
7 0.00183657 0.998163
7 0.00628795 0.993712
0 0.999954 4.63427e-05
7 0.387617 0.612383
0 0.596565 0.403435
0 0.970077 0.0299227
7 0.00123489 0.998765
0 0.59361 0.40639
0 0.973909 0.0260905
0 0.999038 0.000962006
0 0.944482 0.0555176
0 0.999856 0.000143727
7 0.498998 0.501002
7 0.000922072 0.999078
7 0.00833664 0.991663
7 0.000359468 0.999641
7 0.157555 0.842445
0 0.977625 0.0223752
0 0.50596 0.49404
7 0.00281441 0.997186
7 0.0119528 0.988047
0 0.997398 0.00260151
7 0.000359681 0.99964
7 0.000120619 0.999879
0 0.891897 0.108103
0 0.962676 0.0373239
7 0.277781 0.722219
0 0.942752 0.0572478
0 0.999929 7.0882e-05
0 0.916931 0.083069
7 0.06173 0.93827
0 0.905297 0.0947027
7 2.37121e-05 0.999976
7 0.0725386 0.927461
7 0.0021959 0.997804
7 0.407771 0.592229
7 0.0857194 0.914281
0 0.886358 0.113642
7 0.0177021 0.982298
7 0.0276714 0.972329
7 0.334594 0.665406
0 0.90953 0.0904701
0 0.999584 0.000415768
0 0.973422 0.0265783
0 0.999154 0.000845716
7 0.0431216 0.956878
0 0.959778 0.040222
7 0.00115392 0.998846
0 0.993015 0.00698545
7 0.403869 0.596131
7 0.245731 0.754269
0 0.998956 0.00104417
7 1.57946e-05 0.999984
7 0.000641708 0.999358
7 0.234153 0.765847
7 0.00268704 0.997313
7 0.0141181 0.985882
7 0.334106 0.665894
7 0.00398061 0.996019
0 0.9674 0.0326003
7 0.349155 0.650845
7 0.134639 0.865361
0 0.999172 0.000827988
0 0.850417 0.149583
0 0.999977 2.30633e-05
0 0.999998 2.48711e-06
0 0.955586 0.0444138
0 0.542242 0.457758
7 0.354475 0.645525
7 0.0716602 0.92834
7 0.160885 0.839115
0 0.999955 4.50577e-05
7 0.184389 0.815611
0 0.999796 0.000203985
0 0.998643 0.00135734
7 0.00337399 0.996626
7 0.0103564 0.989644
7 0.241767 0.758233
7 0.190036 0.809964
7 0.0231158 0.976884
0 0.999578 0.000421672
7 0.108581 0.891419
7 0.354895 0.645105
7 0.00226292 0.997737
0 0.92972 0.0702799
7 0.000187551 0.999812
0 0.97132 0.0286795
7 0.0373473 0.962653
7 0.000173503 0.999826
7 0.41377 0.58623
7 0.00998995 0.99001
7 0.0075844 0.992416
7 0.00132996 0.99867
0 0.57546 0.42454
0 0.510795 0.489205
7 0.0017442 0.998256
7 5.3971e-07 0.999999
7 0.000590487 0.99941
7 0.000914119 0.999086
7 0.00130151 0.998698
7 0.0051119 0.994888
7 0.0583634 0.941637
7 0.0390761 0.960924
7 0.188173 0.811827
0 0.566586 0.433414
0 0.895895 0.104105
0 0.755869 0.244131
7 0.00721957 0.99278
0 0.999751 0.000248838
7 0.00274938 0.997251
7 0.185387 0.814613
0 0.998334 0.0016656
0 0.999245 0.000755368
7 0.0162304 0.98377
0 0.940604 0.0593962
7 0.00467555 0.995324
0 0.892464 0.107536
7 0.0503406 0.949659
0 0.745772 0.254228
7 0.00403266 0.995967
0 0.877775 0.122225
0 0.999654 0.000346254
7 0.00346259 0.996537
7 2.37732e-05 0.999976
0 0.998454 0.00154583
7 0.000328967 0.999671
7 0.00666579 0.993334
0 0.999945 5.49675e-05
7 0.465199 0.534801
7 0.150399 0.849601
7 1.75396e-05 0.999982
7 0.289809 0.710191
7 0.447194 0.552806
0 0.675816 0.324184
0 0.999182 0.000818007
7 0.00115503 0.998845
7 0.146439 0.853561
7 0.292385 0.707615
7 0.0618187 0.938181
7 0.0243509 0.975649
7 0.0969101 0.90309
0 0.692751 0.307249
7 0.0169839 0.983016
7 5.61988e-05 0.999944
7 0.130646 0.869354
7 0.0969502 0.90305
7 0.10559 0.89441
0 0.999979 2.08149e-05
7 0.000900209 0.9991
0 0.507755 0.492245
7 2.90289e-07 1
7 2.73384e-05 0.999973
0 0.999989 1.07221e-05
7 0.0027738 0.997226
7 0.00419168 0.995808
7 0.035161 0.964839
7 0.368254 0.631746
0 0.731707 0.268293
7 0.00771295 0.992287
7 0.117585 0.882415
7 0.00269504 0.997305
7 2.47811e-06 0.999998
7 0.100531 0.899469
0 0.999935 6.47652e-05
0 0.822918 0.177082
7 0.44891 0.55109
0 0.805787 0.194213
0 0.99908 0.000919743
7 2.64651e-05 0.999974
7 0.15056 0.84944
7 0.473289 0.526711
0 0.999967 3.29398e-05
0 0.919957 0.0800428
0 0.886269 0.113731
7 0.0655017 0.934498
7 0.303012 0.696988
7 0.00539277 0.994607
0 0.758923 0.241077
7 0.031745 0.968255
7 0.119351 0.880649
0 0.999519 0.000480671
7 0.00301652 0.996983
0 0.999861 0.000139136
0 0.915988 0.0840122
7 0.488935 0.511065
7 0.000182399 0.999818
7 0.284207 0.715793
0 0.74857 0.25143
7 0.0751396 0.92486
7 0.469004 0.530996
7 0.495657 0.504343
7 0.216811 0.783189
0 0.999487 0.000512538
7 7.05717e-07 0.999999
0 0.561248 0.438752
7 0.0949154 0.905085
0 0.914681 0.0853186
7 0.00239422 0.997606
7 0.0156317 0.984368
7 0.0509641 0.949036
7 0.00045941 0.999541
7 0.0194892 0.980511
7 0.0608993 0.939101
0 0.824231 0.175769
0 0.832431 0.167569
7 0.0214644 0.978536
7 0.328077 0.671923
7 0.0100386 0.989961
7 0.107833 0.892167
7 0.0736505 0.92635
0 0.998684 0.00131649
7 0.0142675 0.985732
7 0.000780011 0.99922
7 2.25959e-05 0.999977
7 0.0230396 0.97696
7 0.000293145 0.999707
0 0.999761 0.000238951
0 0.622931 0.377069
7 0.0172287 0.982771
7 4.09427e-05 0.999959
0 0.981961 0.0180386
0 0.864542 0.135458
0 0.813027 0.186973
0 0.947032 0.0529678
7 4.70695e-06 0.999995
0 0.999989 1.14566e-05
7 0.00270902 0.997291
7 0.0293991 0.970601
7 0.00139803 0.998602
0 0.678027 0.321973
0 0.68887 0.31113
7 0.0602906 0.939709
7 0.0566043 0.943396
7 0.168829 0.831171
7 0.425485 0.574515
7 0.000447978 0.999552
7 0.0428794 0.957121
7 0.108112 0.891888
7 0.201657 0.798343
0 0.998905 0.00109528
7 0.0292964 0.970704
0 0.881835 0.118165
7 0.14727 0.85273
7 3.2299e-05 0.999968
0 0.958467 0.041533
7 0.0516272 0.948373
0 0.950997 0.0490032
0 0.731322 0.268678
7 0.000239238 0.999761
0 0.999874 0.000125849
7 0.0725309 0.927469
7 0.476156 0.523844
7 0.119793 0.880207
0 0.999833 0.000166764
7 0.0242464 0.975754
7 0.281764 0.718236
7 0.0108995 0.989101
0 0.704966 0.295034
7 1.78509e-05 0.999982
7 0.241826 0.758174
0 0.963212 0.0367877
7 0.135993 0.864007
7 0.15772 0.84228
7 0.0296965 0.970303
7 0.0816776 0.918322
7 0.000117808 0.999882
7 0.014228 0.985772
7 0.0394642 0.960536
0 0.999891 0.00010921
0 0.998486 0.00151405
7 8.41691e-05 0.999916
0 0.977567 0.0224327
7 0.00592312 0.994077
7 0.215472 0.784528
7 0.000261359 0.999739
7 3.93363e-05 0.999961
0 0.99927 0.000730223
7 0.00852141 0.991479
7 0.00129737 0.998703
7 0.140909 0.859091
0 0.974408 0.0255916
7 0.000440106 0.99956
0 0.582459 0.417541
7 0.0148627 0.985137
7 0.00347828 0.996522
7 0.0206956 0.979304
0 0.661061 0.338939
0 0.999928 7.21019e-05
0 0.901338 0.0986619
0 0.874075 0.125925
7 3.67258e-05 0.999963
0 0.94305 0.0569504
7 0.0313093 0.968691
0 0.957091 0.0429093
0 0.941481 0.0585194
0 0.662479 0.337521
7 0.00602774 0.993972
7 0.0191576 0.980842
7 0.000108315 0.999892
0 0.742931 0.257069
0 0.999334 0.000665704
7 0.424645 0.575355
0 0.889176 0.110824
7 0.0229457 0.977054
7 0.00106072 0.998939
0 0.999985 1.4779e-05
7 9.35788e-05 0.999906
7 0.000946678 0.999053
7 0.0976813 0.902319
7 0.000711292 0.999289
7 0.000168459 0.999832
7 0.0379493 0.962051
0 0.713688 0.286312
0 0.97455 0.0254497
7 6.76441e-05 0.999932
7 0.321648 0.678352
7 0.000482145 0.999518
7 0.0402534 0.959747
0 0.882143 0.117857
0 0.858281 0.141719
7 0.0157161 0.984284
7 0.083261 0.916739
7 9.26354e-07 0.999999
7 1.68375e-05 0.999983
7 0.0270212 0.972979
0 0.627092 0.372908
0 0.999029 0.000971261
0 0.898805 0.101195
7 0.240506 0.759494
7 0.00305376 0.996946
7 1e-07 1
0 0.928586 0.0714137
7 0.000533978 0.999466
7 0.0251651 0.974835
0 0.951087 0.0489128
7 0.00376684 0.996233
7 0.0300161 0.969984
7 0.312953 0.687047
7 0.0547658 0.945234
7 0.00514932 0.994851
0 0.906031 0.0939688
7 0.000138428 0.999862
0 0.996146 0.00385406
7 0.079084 0.920916
7 0.00285227 0.997148
7 0.0375726 0.962427
7 0.408885 0.591115
7 0.128268 0.871732
0 0.648003 0.351997
7 7.54398e-06 0.999992
7 0.00363378 0.996366
7 0.00191432 0.998086
0 0.796331 0.203669
0 0.999778 0.000222305
0 0.765998 0.234002
0 0.999802 0.000198411
7 0.000109672 0.99989
7 0.00169417 0.998306
7 0.032741 0.967259
7 0.0193092 0.980691
0 0.994446 0.00555448
0 0.951975 0.0480249
0 0.894834 0.105166
0 0.85991 0.14009
7 0.00219639 0.997804
7 0.0453892 0.954611
7 0.0714593 0.928541
7 5.10722e-05 0.999949
7 0.0870106 0.912989
0 0.959472 0.040528
0 0.633657 0.366343
0 0.997932 0.00206839
7 0.000480984 0.999519
7 0.479127 0.520873
0 0.997766 0.00223395
7 0.0034112 0.996589
0 0.682876 0.317124
7 0.000842454 0.999158
7 0.0067571 0.993243
7 1e-07 1
7 0.481354 0.518646
0 0.963189 0.0368115
0 0.821682 0.178318
7 0.000611439 0.999389
0 0.662507 0.337493
0 0.999438 0.000562362
7 0.0135045 0.986496
7 0.00169479 0.998305
0 0.900133 0.0998668
7 0.00159866 0.998401
7 0.0035671 0.996433
7 0.00183954 0.99816
7 3.03795e-06 0.999997
7 0.0577523 0.942248
7 0.00543772 0.994562
7 0.00345633 0.996544
7 0.0540218 0.945978
7 4.91181e-05 0.999951
7 0.0074721 0.992528
0 0.994033 0.0059666
0 0.99885 0.00114966
7 0.102708 0.897292
0 0.867287 0.132713
7 0.00461115 0.995389
7 9.80012e-06 0.99999
0 0.865121 0.134879
0 0.647823 0.352177
7 0.000417913 0.999582
7 0.141742 0.858258
0 0.857231 0.142769
0 0.999558 0.000441857
0 0.940226 0.0597743
7 0.282552 0.717448
0 0.999504 0.000496314
7 0.445255 0.554745
7 0.136447 0.863553
7 1e-07 1
0 0.966599 0.0334008
0 0.92447 0.0755296
7 0.0250442 0.974956
7 0.0422138 0.957786
7 0.02853 0.97147
7 0.0185885 0.981412
0 0.998697 0.00130314
7 0.270122 0.729878
7 0.00131674 0.998683
7 0.00214835 0.997852
0 0.669775 0.330225
7 0.0749665 0.925034
7 0.000443664 0.999556
0 0.61334 0.38666
0 0.954371 0.0456293
7 0.0318281 0.968172
0 0.760203 0.239797
0 0.648513 0.351487
0 0.883858 0.116142
7 0.000539572 0.99946
0 0.996727 0.00327349
7 0.00246603 0.997534
0 0.880511 0.119489
0 0.999896 0.000104438
0 0.870787 0.129213
7 0.19146 0.80854
0 0.852166 0.147834
0 0.999544 0.000455992
7 1.76029e-05 0.999982
7 1e-07 1
0 0.601114 0.398886
7 0.000138886 0.999861
0 0.936973 0.0630267
7 3.93934e-05 0.999961
0 0.999541 0.000458825
7 0.475327 0.524673
0 0.875429 0.124571
7 0.0924926 0.907507
7 0.0049855 0.995014
7 0.278385 0.721615
0 0.810757 0.189243
0 0.607974 0.392026
0 0.879621 0.120379
0 0.959958 0.0400419
0 0.858012 0.141988
7 0.117374 0.882626
7 0.00557857 0.994421
0 0.809762 0.190238
7 0.00253364 0.997466
7 8.13592e-06 0.999992
7 0.288973 0.711027
7 0.00210432 0.997896
0 0.546379 0.453621
7 0.449699 0.550301
7 2.6718e-07 1
7 0.000651625 0.999348
7 0.00159508 0.998405
7 2.42748e-05 0.999976
7 0.201756 0.798244
7 0.0204822 0.979518
0 0.972421 0.027579
7 0.00337228 0.996628
7 0.0016261 0.998374
7 5.71138e-05 0.999943
7 0.0466972 0.953303
7 0.0440524 0.955948
0 0.690538 0.309462
7 0.187324 0.812676
7 0.00367856 0.996321
7 0.000452854 0.999547
7 0.414237 0.585763
0 0.906974 0.0930259
0 0.593952 0.406048
7 0.0683792 0.931621
7 0.0261935 0.973807
0 0.982826 0.0171741
0 0.999581 0.000419283
7 2.75901e-05 0.999972
7 0.166098 0.833902
7 0.00210999 0.99789
0 0.957266 0.0427345
7 0.132959 0.867041
7 0.00638471 0.993615
7 4.30431e-05 0.999957
0 0.999194 0.000806361
7 0.380242 0.619758
7 0.0604391 0.939561
0 0.995758 0.0042416
0 0.999653 0.000346906
7 0.0145465 0.985454
0 0.983158 0.0168416
7 1.39457e-05 0.999986
0 0.819123 0.180877
0 0.999852 0.00014815
7 0.127142 0.872858
7 0.0350633 0.964937
7 0.428221 0.571779
7 0.00131497 0.998685
7 0.248277 0.751723
7 0.0338812 0.966119
7 0.0198909 0.980109
7 0.00752731 0.992473
7 0.0834223 0.916578
7 0.102871 0.897129
0 0.999909 9.07419e-05
0 0.999931 6.88302e-05
7 0.347857 0.652143
7 3.99989e-07 1
7 0.000153318 0.999847
7 0.118061 0.881939
0 0.721627 0.278373
0 0.735607 0.264393
0 0.91001 0.0899899
7 0.00106626 0.998934
7 4.55041e-07 1
0 0.99999 1.01141e-05
0 0.754972 0.245028
0 0.608329 0.391671
0 0.999987 1.26089e-05
7 0.345883 0.654117
0 0.585091 0.414909
0 0.837618 0.162382
0 0.590971 0.409029
7 0.125567 0.874433
7 7.51834e-05 0.999925
0 0.99865 0.00134972
0 0.972246 0.0277544
0 0.947599 0.0524008
0 0.736417 0.263583
0 0.999759 0.000241304
7 0.000146723 0.999853
7 0.00732954 0.99267
7 0.00538837 0.994612
0 0.905828 0.0941717
0 0.900524 0.0994757
7 2.31217e-07 1
7 0.0128599 0.98714
7 0.00352007 0.99648
0 0.990359 0.00964066
0 0.997051 0.00294915
7 0.0362785 0.963721
7 0.0927967 0.907203
7 0.00181323 0.998187
7 0.000542758 0.999457
7 0.0166459 0.983354
0 0.95844 0.0415599
7 0.0175022 0.982498
7 0.016854 0.983146
7 0.0130372 0.986963
0 0.958737 0.0412634
7 0.190643 0.809357
0 0.999136 0.000864421
7 0.324415 0.675585
0 0.998452 0.00154769
0 0.51212 0.48788
7 0.0228367 0.977163
7 0.00318189 0.996818
7 7.20549e-05 0.999928
0 0.974941 0.0250587
0 0.890869 0.109131
0 0.982351 0.0176486
7 0.0189359 0.981064
0 0.9999 9.9996e-05
7 0.311065 0.688935
7 0.0397175 0.960282
7 0.33464 0.66536
0 0.962573 0.0374274
0 0.986682 0.0133185
7 6.7763e-06 0.999993
7 0.217102 0.782898
0 0.647551 0.352449
7 0.0294086 0.970591
7 0.004582 0.995418
7 0.000834819 0.999165
7 0.249684 0.750316
0 0.825077 0.174923
7 0.430561 0.569439
0 0.67545 0.32455
0 0.629785 0.370215
7 8.71061e-05 0.999913
7 0.0252433 0.974757
0 0.999027 0.000972713
7 2.74131e-06 0.999997
7 0.0315008 0.968499
7 0.000138178 0.999862
0 0.999989 1.09553e-05
7 0.39341 0.60659
0 0.989391 0.0106086
0 0.997893 0.00210698
0 0.941687 0.0583126
0 0.99975 0.000249877
7 0.0178953 0.982105
0 0.860227 0.139773
0 0.955959 0.0440409
0 0.985779 0.0142213
7 0.0446616 0.955338
7 1.76547e-05 0.999982
7 0.0452678 0.954732
0 0.999775 0.000225226
0 0.695144 0.304856
0 0.9982 0.00179958
7 0.0139689 0.986031
7 0.0258086 0.974191
0 0.99998 1.98926e-05
7 0.00459355 0.995406
7 0.000127084 0.999873
0 0.636659 0.363341
7 0.038237 0.961763
0 0.981253 0.0187465
7 0.0278077 0.972192
7 0.00377241 0.996228
7 0.0433063 0.956694
7 0.000315272 0.999685
0 0.999982 1.76304e-05
7 0.00216557 0.997834
7 0.00231973 0.99768
7 3.50264e-05 0.999965
7 0.017814 0.982186
0 0.836639 0.163361
0 0.999945 5.50019e-05
7 0.242019 0.757981
0 0.712008 0.287992
7 0.0035979 0.996402
0 0.981581 0.0184188
7 0.00373649 0.996264
0 0.555883 0.444117
7 6.51132e-05 0.999935
7 0.201031 0.798969
7 0.000131672 0.999868
0 0.962535 0.0374654
0 0.616891 0.383109
0 0.999991 9.36921e-06
0 0.998524 0.00147616
0 0.663052 0.336948
7 8.50708e-05 0.999915
0 0.733434 0.266566
7 0.309808 0.690192
7 2.39477e-06 0.999998
7 0.0880822 0.911918
0 0.94591 0.0540901
7 0.105307 0.894693
0 0.926707 0.0732935
7 9.46028e-06 0.999991
0 0.999313 0.000686881
7 0.0291061 0.970894
7 0.0532254 0.946775
7 0.454683 0.545317
7 0.228961 0.771039
7 0.000160365 0.99984
7 3.19818e-05 0.999968
7 0.00164437 0.998356
0 0.80331 0.19669
7 0.00117919 0.998821
7 0.000616024 0.999384
7 0.0169412 0.983059
7 0.0252201 0.97478
7 0.000133052 0.999867
7 0.00267821 0.997322
7 0.00654047 0.99346
7 0.113247 0.886753
7 0.00437912 0.995621
7 0.086544 0.913456
0 0.959063 0.0409366
7 0.157126 0.842874
7 0.00175339 0.998247
7 0.0184128 0.981587
7 0.000398059 0.999602
7 0.00021448 0.999786
7 0.0128535 0.987147
7 0.0319123 0.968088
7 0.280432 0.719568
7 0.0161516 0.983848
0 0.999399 0.000601264
0 0.662584 0.337416
7 0.0644021 0.935598
7 0.0133128 0.986687
7 1.30169e-06 0.999999
0 0.999099 0.000901283
7 0.0891936 0.910806
7 0.0218999 0.9781
7 0.133669 0.866331
7 0.315253 0.684747
7 0.0229328 0.977067
0 0.865245 0.134755
0 0.939491 0.0605092
0 0.99046 0.00953996
7 0.000164086 0.999836
0 0.913194 0.0868057
0 0.999787 0.000212951
0 0.676308 0.323692
7 0.320721 0.679279
0 0.999231 0.000768942
7 0.198807 0.801193
0 0.999137 0.000862752
7 0.0451342 0.954866
0 0.732237 0.267763
7 0.0405711 0.959429
0 0.824355 0.175645
7 0.000960998 0.999039
7 0.0860554 0.913945
0 0.60296 0.39704
7 0.117956 0.882044
7 0.00127637 0.998724
7 0.106541 0.893459
0 0.999969 3.10467e-05
7 0.000152174 0.999848
0 0.89595 0.10405
0 0.974898 0.0251017
0 0.96576 0.0342398
0 0.776483 0.223517
7 1.73857e-05 0.999983
0 0.999906 9.40255e-05
7 0.0268752 0.973125
0 0.989869 0.0101312
7 0.0775255 0.922475
7 7.4958e-05 0.999925
0 0.695084 0.304916
0 0.902958 0.0970417
7 0.04605 0.95395
7 0.132941 0.867059
0 0.852715 0.147285
7 0.0746915 0.925309
0 0.974042 0.0259583
7 0.00162804 0.998372
7 8.21732e-05 0.999918
7 0.281659 0.718341
7 0.291271 0.708729
0 0.501472 0.498528
0 0.941471 0.058529
7 0.0226437 0.977356
7 0.353863 0.646137
7 0.479757 0.520243
7 0.400475 0.599525
7 0.0039341 0.996066
7 0.161664 0.838336
7 0.0205435 0.979457
7 0.000861035 0.999139
0 0.761656 0.238344
7 0.00115304 0.998847
0 0.999504 0.00049586
7 0.00451027 0.99549
7 0.00448702 0.995513
7 0.0174822 0.982518
0 0.670638 0.329362
0 0.569534 0.430466
0 0.675194 0.324806
7 0.39702 0.60298
0 0.812034 0.187966
0 0.999915 8.50828e-05
0 0.765313 0.234687
7 0.0117697 0.98823
0 0.816331 0.183669
7 0.0012534 0.998747
7 0.0951696 0.90483
7 0.00255294 0.997447
0 0.999653 0.000346819
7 0.0140585 0.985942
0 0.844516 0.155484
0 0.66409 0.33591
0 0.933288 0.0667124
0 0.660054 0.339946
7 0.0138757 0.986124
7 0.0438549 0.956145
0 0.915046 0.0849536
7 0.0506901 0.94931
0 0.933685 0.0663145
7 0.0322769 0.967723
0 0.923867 0.0761327
7 0.0164911 0.983509
0 0.859268 0.140732
0 0.881351 0.118649
0 0.943406 0.0565944
0 0.709896 0.290104
0 0.524349 0.475651
0 0.626874 0.373126
7 0.00307059 0.996929
7 0.0963333 0.903667
7 3.57446e-07 1
0 0.542571 0.457429
7 0.19997 0.80003
7 0.00780445 0.992196
0 0.992498 0.00750154
7 0.041194 0.958806
7 0.26221 0.73779
7 0.00163002 0.99837
7 0.141216 0.858784
0 0.947714 0.0522859
7 0.0176491 0.982351
7 0.416399 0.583601
0 0.591975 0.408025
0 0.999872 0.000128216
7 0.00493482 0.995065
7 0.206897 0.793103
7 0.246984 0.753016
7 0.00372427 0.996276
7 0.0943583 0.905642
7 0.0228211 0.977179
7 0.0813645 0.918636
0 0.759537 0.240463
7 0.0703559 0.929644
7 0.222851 0.777149
0 0.922858 0.0771425
7 4.87342e-05 0.999951
0 0.999872 0.000127786
7 0.385678 0.614322
7 0.0972066 0.902793
0 0.590157 0.409843
0 0.999674 0.000326447
7 0.0900688 0.909931
7 0.232684 0.767316
7 0.108313 0.891687
0 0.694853 0.305147
7 1.66475e-05 0.999983
7 0.0201131 0.979887
0 0.964431 0.0355685
0 0.950391 0.0496094
7 0.0231205 0.976879
0 0.745424 0.254576
7 0.155967 0.844033
7 0.000641069 0.999359
0 0.999797 0.00020332
7 0.0232296 0.97677
0 0.999836 0.000164306
0 0.999068 0.000932322
7 0.0096616 0.990338
7 0.100588 0.899412
7 0.000203937 0.999796
7 3.82288e-07 1
0 0.772492 0.227508
0 0.584658 0.415342
0 0.926319 0.0736807
7 0.0682305 0.93177
0 0.999788 0.000211633
7 0.0142879 0.985712
7 0.00186537 0.998135
7 0.027724 0.972276
0 0.632808 0.367192
7 0.000293495 0.999707
0 0.912217 0.0877833
7 0.00213555 0.997864
7 0.0047041 0.995296
7 0.0260162 0.973984
0 0.945252 0.0547483
7 0.0149142 0.985086
7 0.0964657 0.903534
7 0.0786195 0.92138
7 0.049189 0.950811
7 0.00576435 0.994236
7 0.0868538 0.913146
7 0.195051 0.804949
7 0.204262 0.795738
0 0.716413 0.283587
0 0.99993 6.95873e-05
7 0.0276867 0.972313
7 0.00785613 0.992144
7 0.483026 0.516974
7 0.0372096 0.96279
7 0.0528564 0.947144
7 0.0238838 0.976116
7 0.0426179 0.957382
0 0.834898 0.165102
0 0.812223 0.187777
7 0.277949 0.722051
7 0.0470684 0.952932
7 0.00366205 0.996338
7 0.0168375 0.983162
7 0.0226542 0.977346
0 0.999125 0.00087529
0 0.546544 0.453456
0 0.997079 0.00292141
7 0.000520623 0.999479
7 0.228576 0.771424
7 0.361727 0.638273
0 0.694897 0.305103
0 0.98663 0.0133705
7 0.161112 0.838888
7 0.140572 0.859428
7 0.0661424 0.933858
7 0.000891688 0.999108
7 0.275331 0.724669
7 0.00636487 0.993635
7 0.000541475 0.999459
7 0.00138711 0.998613
7 0.00634563 0.993654
7 0.0206049 0.979395
0 0.998418 0.00158216
0 0.707394 0.292606
7 0.142831 0.857169
7 0.385501 0.614499
0 0.999923 7.69919e-05
0 0.846894 0.153106
0 0.999231 0.000769015
0 0.944245 0.0557549
0 0.997653 0.00234695
7 0.00239584 0.997604
7 0.000915998 0.999084
0 0.993216 0.00678384
7 0.345425 0.654575
0 0.999714 0.00028587
0 0.793127 0.206873
7 0.051976 0.948024
7 0.00165485 0.998345
7 0.0102218 0.989778
7 0.004725 0.995275
7 0.000100402 0.9999
7 0.00526568 0.994734
7 0.107293 0.892707
7 0.0239355 0.976065
7 0.199956 0.800044
7 0.339438 0.660562
7 0.0612166 0.938783
0 0.904788 0.0952119
7 0.203749 0.796251
7 0.34204 0.65796
7 0.469007 0.530993
0 0.997345 0.00265472
7 0.467788 0.532212
0 0.960131 0.0398688
0 0.942948 0.0570522
7 1.33522e-06 0.999999
7 8.87849e-05 0.999911
0 0.998471 0.00152867
7 0.000381031 0.999619
7 0.0440036 0.955996
0 0.888047 0.111953
7 0.115461 0.884539
0 0.986465 0.0135353
7 0.00418224 0.995818
0 0.945004 0.0549956
0 0.757003 0.242997
0 0.93934 0.0606601
0 0.887443 0.112557
7 0.000420575 0.999579
7 0.00555771 0.994442
7 0.00179197 0.998208
7 0.0969422 0.903058
0 0.678244 0.321756
7 0.00879148 0.991209
7 0.185787 0.814213
7 0.347324 0.652676
7 0.0423523 0.957648
7 0.000162624 0.999837
7 0.00888941 0.991111
7 0.0418457 0.958154
0 0.559627 0.440373
7 0.0134283 0.986572
7 0.288127 0.711873
0 0.927404 0.0725958
7 0.00490485 0.995095
0 0.999158 0.000842003
0 0.792872 0.207128
0 0.829441 0.170559
7 0.391334 0.608666
0 0.999581 0.000418851
7 0.0914927 0.908507
7 6.99997e-05 0.99993
0 0.698785 0.301215
7 0.0120102 0.98799
0 0.973011 0.0269888
0 0.999981 1.93068e-05
0 0.974163 0.0258367
7 0.192653 0.807347
7 0.0878865 0.912113
7 0.000934474 0.999066
7 0.213827 0.786173
7 0.00333843 0.996662
0 0.853796 0.146204
0 0.80736 0.19264
7 0.00676571 0.993234
0 0.52158 0.47842
0 0.905316 0.0946838
7 0.00157377 0.998426
7 0.0132272 0.986773
7 0.141274 0.858726
0 0.927447 0.0725527
0 0.999778 0.000221828
7 0.0201023 0.979898
7 0.115769 0.884231
7 0.000839543 0.99916
7 0.0332518 0.966748
7 0.000458102 0.999542
7 0.00613952 0.99386
7 0.000415198 0.999585
0 0.999117 0.000883353
7 0.000613699 0.999386
7 0.0579877 0.942012
0 0.998833 0.00116721
7 0.180235 0.819765
0 0.999768 0.000232152
0 0.998324 0.00167624
7 0.0577311 0.942269
0 0.928354 0.0716462
7 0.00907368 0.990926
7 1.13254e-05 0.999989
7 0.10961 0.89039
7 0.0550169 0.944983
7 9.92248e-07 0.999999
7 0.000602684 0.999397
7 0.0155013 0.984499
0 0.661794 0.338206
0 0.726983 0.273017
0 0.566093 0.433907
7 0.120413 0.879587
7 0.000443249 0.999557
7 0.013783 0.986217
0 0.84799 0.15201
7 0.000132813 0.999867
7 0.331664 0.668336
0 0.999244 0.000756183
0 0.837849 0.162151
0 0.914159 0.0858412
0 0.964966 0.0350337
7 0.0876562 0.912344
7 0.00627813 0.993722
7 0.073057 0.926943
7 0.00188867 0.998111
0 0.835129 0.164871
7 0.000939638 0.99906
0 0.939186 0.0608141
7 9.04449e-05 0.99991
7 0.0154135 0.984587
0 0.999824 0.000175619
7 0.035077 0.964923
7 1.21688e-07 1
0 0.998428 0.00157196
7 0.00155572 0.998444
7 0.00491741 0.995083
7 0.00022074 0.999779
7 0.000307116 0.999693
7 0.00143366 0.998566
0 0.999332 0.000667874
0 0.85344 0.14656
0 0.999953 4.66597e-05
0 0.999878 0.00012215
7 1.44466e-05 0.999986
0 0.971676 0.0283245
7 0.0901936 0.909806
7 0.0386741 0.961326
0 0.722498 0.277502
0 0.999837 0.00016309
0 0.998929 0.00107052
0 0.737871 0.262129
0 0.984541 0.015459
0 0.819432 0.180568
7 0.106274 0.893726
7 0.00015696 0.999843
7 0.0030912 0.996909
7 0.396688 0.603312
7 0.215317 0.784683
0 0.780835 0.219165
0 0.999962 3.83915e-05
7 0.0254828 0.974517
7 0.0178933 0.982107
7 0.00871357 0.991286
7 4.85322e-07 1
0 0.965843 0.0341565
7 0.392509 0.607491
7 0.000229934 0.99977
7 0.0142856 0.985714
7 0.0503298 0.94967
0 0.508752 0.491248
0 0.919911 0.0800889
0 0.881799 0.118201
7 0.000248031 0.999752
7 0.00225784 0.997742
7 0.0051831 0.994817
7 0.00274153 0.997258
7 0.0336288 0.966371
7 1e-07 1
0 0.868201 0.131799
7 0.0674493 0.932551
0 0.965617 0.0343827
7 0.000327907 0.999672
7 0.255851 0.744149
0 0.999619 0.000380549
7 0.187437 0.812563
7 0.318886 0.681114
0 0.904603 0.095397
7 0.0411307 0.958869
0 0.999938 6.17663e-05
0 0.775663 0.224337
7 0.00695391 0.993046
0 0.872206 0.127794
0 0.625999 0.374001
7 0.0255 0.9745
7 0.00903502 0.990965
0 0.829203 0.170797
7 0.00650082 0.993499
0 0.974349 0.0256515
0 0.907465 0.0925351
7 0.125449 0.874551
0 0.892202 0.107798
7 3.38517e-06 0.999997
0 0.59052 0.40948
7 0.0100457 0.989954
7 0.00065188 0.999348
0 0.882666 0.117334
7 0.00405888 0.995941
7 0.000103766 0.999896
7 7.59565e-06 0.999992
7 0.0435016 0.956498
7 0.382593 0.617407
0 0.975672 0.0243283
7 0.000377713 0.999622
7 0.497915 0.502085
7 0.241936 0.758064
7 0.146677 0.853323
0 0.867075 0.132925
0 0.945642 0.054358
7 0.0309876 0.969012
7 0.000104898 0.999895
0 0.804725 0.195275
7 0.0388375 0.961162
7 0.000626331 0.999374
7 0.000836489 0.999164
7 0.000488777 0.999511
7 0.0118307 0.988169
7 0.0632896 0.93671
7 6.61607e-06 0.999993
7 0.00131792 0.998682
0 0.998019 0.0019809
0 0.81596 0.18404
0 0.722024 0.277976
0 0.977373 0.0226268
7 0.000228732 0.999771
0 0.769711 0.230289
0 0.999991 9.08841e-06
0 0.754026 0.245974
0 0.980483 0.0195168
7 0.00022973 0.99977
7 0.000242082 0.999758
7 0.0018419 0.998158
7 5.02013e-05 0.99995
7 0.11535 0.88465
7 0.000253572 0.999746
7 0.0991173 0.900883
0 0.657021 0.342979
7 0.0455289 0.954471
7 0.12557 0.87443
7 0.0585146 0.941485
0 0.883692 0.116308
7 0.46513 0.53487
0 0.999962 3.81566e-05
0 0.947243 0.0527566
0 0.684636 0.315364
7 0.0810801 0.91892
7 0.000413073 0.999587
7 4.65845e-05 0.999953
7 0.11228 0.88772
7 0.148851 0.851149
7 0.183404 0.816596
7 3.71169e-05 0.999963
0 0.800577 0.199423
0 0.757298 0.242702
0 0.999983 1.70656e-05
7 0.0350465 0.964953
7 0.06237 0.93763
7 0.121963 0.878037
0 0.917375 0.0826254
7 0.0125589 0.987441
7 0.00208009 0.99792
7 0.000122773 0.999877
7 0.0946113 0.905389
7 0.0817844 0.918216
7 0.000137047 0.999863
0 0.866202 0.133798
0 0.925871 0.0741292
0 0.768206 0.231794
0 0.588868 0.411132
7 9.1326e-06 0.999991
7 0.0859733 0.914027
7 0.000204894 0.999795
0 0.578712 0.421288
0 0.990328 0.00967222
7 0.00438954 0.99561
7 8.463e-07 0.999999
7 0.144664 0.855336
0 0.810342 0.189658
7 0.0435201 0.95648
0 0.824946 0.175054
0 0.708542 0.291458
7 0.0474714 0.952529
0 0.945895 0.0541048
0 0.587913 0.412087
7 0.175845 0.824155
0 0.970131 0.0298689
0 0.967145 0.032855
7 0.434919 0.565081
7 0.120348 0.879652
7 1.21627e-06 0.999999
0 0.999665 0.000335454
7 1.88965e-07 1
0 0.936572 0.0634282
7 0.0598194 0.940181
7 0.00266317 0.997337
0 0.767246 0.232754
7 1e-07 1
7 0.000955073 0.999045
7 0.0031682 0.996832
0 0.975427 0.0245734
7 0.0264537 0.973546
0 0.998037 0.00196318
7 0.0480557 0.951944
7 0.125114 0.874886
7 0.142406 0.857594
0 0.920064 0.0799358
7 0.0038683 0.996132
7 0.0245039 0.975496
7 0.0362447 0.963755
7 0.0107559 0.989244
7 0.163727 0.836273
7 0.118063 0.881937
0 0.999056 0.000943767
7 0.0494248 0.950575
7 0.0475793 0.952421
0 0.999966 3.37937e-05
0 0.999998 2.41938e-06
0 0.990992 0.0090083
0 0.909719 0.0902812
7 0.0395858 0.960414
0 0.999524 0.000475909
0 0.815341 0.184659
7 0.000459419 0.999541
7 2.51554e-07 1
7 0.0689226 0.931077
7 0.000215801 0.999784
7 0.181102 0.818898
7 0.000497815 0.999502
7 0.000145264 0.999855
7 0.0669327 0.933067
0 0.999998 2.19802e-06
0 0.848445 0.151555
7 0.00216849 0.997832
7 0.0601781 0.939822
7 0.00465203 0.995348
7 0.0313198 0.96868
0 0.535744 0.464256
7 0.110831 0.889169
0 0.681995 0.318005
7 0.386733 0.613267
0 0.999888 0.000111825
7 0.220111 0.779889
7 0.00138201 0.998618
7 3.99879e-06 0.999996
7 0.453028 0.546972
7 0.00520653 0.994793
7 0.00332222 0.996678
7 0.00406673 0.995933
7 0.00216241 0.997838
7 0.0059691 0.994031
0 0.999965 3.49539e-05
0 0.925552 0.0744478
7 0.0530188 0.946981
0 0.999547 0.000452574
0 0.927963 0.0720373
0 0.999597 0.000403205
7 8.35148e-05 0.999916
0 0.814269 0.185731
7 0.00381718 0.996183
7 0.351978 0.648022
7 0.289798 0.710202
7 0.240596 0.759404
0 0.92433 0.0756701
7 0.400187 0.599813
7 0.000408264 0.999592
0 0.907977 0.0920235
7 9.7488e-05 0.999903
7 0.385355 0.614645
0 0.717068 0.282932
7 0.000440761 0.999559
7 0.00168807 0.998312
7 0.0594972 0.940503
0 0.958703 0.0412972
7 2.16489e-06 0.999998
7 0.312517 0.687483
0 0.805023 0.194977
7 0.00272538 0.997275
0 0.999965 3.48525e-05
7 0.000796574 0.999203
0 0.791803 0.208197
7 0.000423621 0.999576
0 0.815396 0.184604
7 0.0381319 0.961868
7 0.0112059 0.988794
7 0.433163 0.566837
7 0.000735371 0.999265
7 0.013865 0.986135
7 0.0105779 0.989422
0 0.999798 0.000201737
7 0.00142465 0.998575
7 0.112431 0.887569
0 0.998053 0.00194662
7 0.0890929 0.910907
7 0.0161789 0.983821
7 0.0564922 0.943508
7 0.237226 0.762774
7 0.0143544 0.985646
7 0.0145466 0.985453
0 0.781925 0.218075
7 0.0207847 0.979215
0 0.999328 0.00067242
7 0.0101729 0.989827
0 0.979821 0.0201785
7 0.132761 0.867239
7 8.01516e-06 0.999992
7 0.0664047 0.933595
7 0.101166 0.898834
7 0.481038 0.518962
7 0.10923 0.89077
7 0.0112426 0.988757
7 3.71625e-06 0.999996
0 0.852848 0.147152
0 0.999897 0.000103244
7 0.00343917 0.996561
0 0.76544 0.23456
0 0.821066 0.178934
0 0.779178 0.220822
7 0.121085 0.878915
0 0.515914 0.484086
7 0.433719 0.566281
7 0.000918746 0.999081
0 0.838726 0.161274
7 3.03394e-07 1
7 0.00448731 0.995513
7 0.312351 0.687649
0 0.999058 0.000941962
0 0.746801 0.253199
0 0.999775 0.000224752
7 0.0353123 0.964688
0 0.999243 0.000757039
7 0.193818 0.806182
7 0.0457544 0.954246
7 0.0984932 0.901507
0 0.948042 0.0519576
7 0.263107 0.736893
7 0.000603143 0.999397
0 0.999955 4.54649e-05
0 0.993455 0.0065451
7 1.30932e-05 0.999987
7 0.00118757 0.998812
0 0.870391 0.129609
0 0.999786 0.000213978
7 0.122982 0.877018
7 0.0026113 0.997389
0 0.714775 0.285225
0 0.510176 0.489824
0 0.613074 0.386926
7 0.00629049 0.99371
0 0.982829 0.0171711
7 0.000734439 0.999266
0 0.978781 0.0212193
0 0.544995 0.455005
7 0.0367273 0.963273
0 0.999533 0.000467012
0 0.603547 0.396453
0 0.921241 0.0787591
7 0.000246392 0.999754
0 0.541576 0.458424
7 0.00119264 0.998807
0 0.997924 0.00207623
7 0.136948 0.863052
0 0.850438 0.149562
0 0.685661 0.314339
7 0.079835 0.920165
7 0.12248 0.87752
0 0.882612 0.117388
7 0.00478713 0.995213
7 2.33375e-06 0.999998
0 0.992945 0.00705491
7 0.00241915 0.997581
0 0.999995 4.6467e-06
7 0.0446552 0.955345
7 0.0409803 0.95902
7 0.105012 0.894988
0 0.903502 0.0964984
7 0.0137172 0.986283
0 0.531542 0.468458
7 0.130522 0.869478
7 0.176238 0.823762
7 0.150226 0.849774
7 0.0400247 0.959975
0 0.74956 0.25044
7 6.80663e-05 0.999932
7 0.212268 0.787732
0 0.571279 0.428721
0 0.713517 0.286483
7 0.0068529 0.993147
7 0.141839 0.858161
0 0.953242 0.0467578
7 0.00917427 0.990826
0 0.76113 0.23887
0 0.99925 0.000750491
7 0.125791 0.874209
0 0.537731 0.462269
7 4.82688e-05 0.999952
7 0.186485 0.813515
0 0.78034 0.21966
7 0.0196285 0.980372
7 0.0180054 0.981995
0 0.999854 0.000145636
0 0.968941 0.0310589
7 0.00658125 0.993419
0 0.996916 0.0030844
0 0.763167 0.236833
0 0.999791 0.000208662
7 9.42456e-05 0.999906
0 0.989106 0.010894
0 0.653332 0.346668
7 0.226206 0.773794
7 0.176323 0.823677
7 0.097559 0.902441
7 0.00329627 0.996704
0 0.99895 0.00104981
0 0.999917 8.2741e-05
0 0.996136 0.00386355
7 0.342102 0.657898
0 0.825142 0.174858
0 0.635914 0.364086
7 0.0518749 0.948125
0 0.992158 0.00784233
7 0.000783975 0.999216
7 0.015815 0.984185
7 0.00010055 0.999899
7 0.00100921 0.998991
0 0.999588 0.00041156
0 0.999802 0.000198327
7 0.0644484 0.935552
0 0.946367 0.0536328
0 0.615452 0.384548
0 0.614435 0.385565
7 0.000225017 0.999775
0 0.684089 0.315911
7 0.168061 0.831939
7 0.208566 0.791434
0 0.999992 8.18098e-06
7 0.0112634 0.988737
0 0.601031 0.398969
7 0.262517 0.737483
7 0.0307154 0.969285
7 0.074912 0.925088
7 0.102442 0.897558
7 0.00546163 0.994538
7 0.0502386 0.949761
0 0.977637 0.0223628
7 0.177158 0.822842
7 0.00573721 0.994263
0 0.690857 0.309143
0 0.935606 0.0643941
0 0.99974 0.000260466
0 0.86354 0.13646
7 0.0405911 0.959409
7 0.0149942 0.985006
0 0.979549 0.020451
7 0.377806 0.622194
0 0.784941 0.215059
0 0.83554 0.16446
7 5.15228e-05 0.999948
7 0.205541 0.794459
0 0.838402 0.161598
7 8.34306e-05 0.999917
0 0.853889 0.146111
7 0.11475 0.88525
0 0.997143 0.0028569
0 0.99963 0.000369721
0 0.998667 0.00133282
7 0.000285643 0.999714
7 0.085509 0.914491
7 0.0144595 0.98554
0 0.875869 0.124131
7 0.288634 0.711366
7 0.00764628 0.992354
0 0.743777 0.256223
7 1.0301e-05 0.99999
7 6.89066e-05 0.999931
0 0.570648 0.429352
7 1e-07 1
0 0.938544 0.0614559
7 0.118241 0.881759
7 0.0209853 0.979015
0 0.971621 0.028379
7 0.0109809 0.989019
0 0.717973 0.282027
0 0.882878 0.117122
0 0.622074 0.377926
7 0.00195868 0.998041
0 0.996621 0.00337929
7 0.000143073 0.999857
7 1.64801e-05 0.999984
7 0.364309 0.635691
7 0.00582657 0.994173
7 0.00249956 0.9975
7 0.0436934 0.956307
0 0.998453 0.00154717
7 0.0347542 0.965246
7 0.358939 0.641061
7 0.00938266 0.990617
7 0.121508 0.878492
0 0.999654 0.000345682
7 2.90757e-05 0.999971
7 0.0116192 0.988381
0 0.843859 0.156141
0 0.894584 0.105416
7 0.0865516 0.913448
0 0.557391 0.442609
7 0.0186323 0.981368
0 0.859913 0.140087
7 0.117033 0.882967
7 0.0718709 0.928129
7 0.000654036 0.999346
7 0.0238514 0.976149
7 0.131421 0.868579
0 0.934744 0.0652561
7 0.152819 0.847181
7 0.000145518 0.999854
7 0.047607 0.952393
7 0.00219557 0.997804
0 0.650556 0.349444
7 0.0508238 0.949176
7 0.356387 0.643613
0 0.999135 0.000865213
0 0.935755 0.0642447
7 0.00111879 0.998881
0 0.857508 0.142492
7 0.0317583 0.968242
0 0.612753 0.387247
7 0.126046 0.873954
7 0.0356132 0.964387
7 0.00530483 0.994695
0 0.786205 0.213795
7 0.0039232 0.996077
7 0.103297 0.896703
0 0.897523 0.102477
7 0.0754544 0.924546
0 0.688476 0.311524
7 0.00980813 0.990192
7 0.00603363 0.993966
7 0.00264614 0.997354
7 0.00718444 0.992816
0 0.958293 0.0417067
0 0.985179 0.0148207
7 0.108781 0.891219
7 0.257063 0.742937
7 0.00208415 0.997916
0 0.924494 0.0755057
7 8.1099e-06 0.999992
7 0.00925606 0.990744
7 0.0817914 0.918209
7 0.451463 0.548537
7 0.409449 0.590551
0 0.720892 0.279108
0 0.823409 0.176591
7 0.00482112 0.995179
7 0.0254837 0.974516
7 0.218394 0.781606
7 0.0496128 0.950387
7 0.344624 0.655376
7 0.00105556 0.998944
0 0.99957 0.000430253
7 0.132152 0.867848
7 0.00182433 0.998176
7 0.00951992 0.99048
7 0.395631 0.604369
7 0.00610337 0.993897
0 0.999453 0.00054659
7 0.0493324 0.950668
7 0.00444459 0.995555
7 0.0152942 0.984706
7 0.330148 0.669852
7 0.00113 0.99887
0 0.999998 1.98632e-06
0 0.763811 0.236189
0 0.999088 0.000912286
7 5.82867e-07 0.999999
0 0.939768 0.0602319
7 0.0698611 0.930139
7 1.98684e-06 0.999998
7 0.000284037 0.999716
7 0.0003557 0.999644
0 0.913717 0.0862829
0 0.87622 0.12378
7 0.0522232 0.947777
7 0.298808 0.701192
0 0.658067 0.341933
7 0.00358722 0.996413
7 0.0126106 0.987389
7 0.0938764 0.906124
0 0.868951 0.131049
7 0.0747766 0.925223
7 0.267774 0.732226
0 0.8624 0.1376
0 0.9326 0.0673998
0 0.985468 0.0145318
0 0.967127 0.0328728
7 0.164494 0.835506
7 0.0369582 0.963042
7 0.0403859 0.959614
7 0.341587 0.658413
0 0.999838 0.000162206
0 0.999882 0.000117626
7 0.000797743 0.999202
7 0.0445247 0.955475
7 0.000115292 0.999885
0 0.841587 0.158413
7 0.0273399 0.97266
7 0.0165393 0.983461
7 0.00989212 0.990108
7 0.0146975 0.985303
7 0.213758 0.786242
0 0.962339 0.0376613
7 0.00414214 0.995858
7 0.0379095 0.962091
7 0.00208154 0.997918
0 0.657117 0.342883
0 0.548857 0.451143
7 0.00679793 0.993202
7 0.480123 0.519877
7 0.0771499 0.92285
7 4.45309e-07 1
0 0.99724 0.00276028
7 0.0108886 0.989111
0 0.920941 0.0790585
7 0.0480228 0.951977
7 0.296705 0.703295
0 0.729673 0.270327
0 0.938511 0.0614895
7 0.00221902 0.997781
7 1e-07 1
7 0.0276866 0.972313
7 0.00019096 0.999809
7 0.00015173 0.999848
7 0.0144692 0.985531
7 0.441135 0.558865
0 0.752192 0.247808
7 0.482008 0.517992
7 0.00364069 0.996359
7 0.431635 0.568365
0 0.8845 0.1155
0 0.999443 0.000557162
7 0.0228358 0.977164
0 0.946603 0.0533967
0 0.937721 0.062279
7 0.00117919 0.998821
7 0.000251869 0.999748
0 0.981264 0.0187361
7 0.00304934 0.996951
7 0.00305757 0.996942
0 0.890254 0.109746
7 0.43133 0.56867
0 0.896765 0.103235
7 6.27783e-06 0.999994
7 0.0108753 0.989125
7 0.00377586 0.996224
0 0.999477 0.000523171
0 0.911736 0.0882637
0 0.785948 0.214052
0 0.789603 0.210397
7 0.175381 0.824619
7 0.000971745 0.999028
0 0.955118 0.0448816
7 0.023535 0.976465
0 0.766874 0.233126
0 0.914714 0.0852862
7 0.00477006 0.99523
0 0.608605 0.391395
0 0.875748 0.124252
7 0.410944 0.589056
7 0.0920822 0.907918
0 0.991095 0.0089048
7 0.00138795 0.998612
0 0.999949 5.05326e-05
7 0.0243807 0.975619
7 4.88853e-05 0.999951
7 0.198182 0.801818
7 0.00348795 0.996512
0 0.994739 0.00526056
7 0.00249862 0.997501
7 0.0531217 0.946878
7 0.000552477 0.999448
7 0.0820241 0.917976
7 9.2974e-07 0.999999
7 0.00214329 0.997857
0 0.871539 0.128461
0 0.986906 0.0130935
0 0.959296 0.0407039
0 0.997066 0.00293396
7 0.00402451 0.995975
0 0.945893 0.0541069
7 0.0736731 0.926327
7 1.34168e-05 0.999987
7 0.00207425 0.997926
7 0.0273737 0.972626
0 0.878206 0.121794
7 0.000631767 0.999368
0 0.826928 0.173072
7 0.0039122 0.996088
7 0.233821 0.766179
0 0.969283 0.0307175
0 0.95159 0.0484098
0 0.999743 0.000256874
7 0.018905 0.981095
7 0.0371215 0.962879
0 0.713718 0.286282
7 0.0952377 0.904762
0 0.590491 0.409509
7 0.0696317 0.930368
7 0.0193739 0.980626
7 0.134218 0.865782
7 0.163721 0.836279
0 0.762212 0.237788
0 0.90236 0.0976404
0 0.91385 0.0861499
0 0.987925 0.0120751
0 0.998846 0.00115366
7 4.75232e-07 1
0 0.923531 0.076469
0 0.916094 0.083906
7 0.18968 0.81032
0 0.918386 0.0816136
7 8.30157e-07 0.999999
7 7.51822e-05 0.999925
0 0.999408 0.000591701
0 0.887573 0.112427
0 0.891859 0.108141
7 0.00022807 0.999772
0 0.695091 0.304909
7 0.32591 0.67409
0 0.576487 0.423513
0 0.885084 0.114916
0 0.999842 0.000158316
7 0.00511015 0.99489
7 0.0166207 0.983379
7 0.0123012 0.987699
7 0.000441217 0.999559
7 0.000325428 0.999675
0 0.989965 0.0100352
7 0.000188919 0.999811
7 0.00027395 0.999726
7 0.0151468 0.984853
7 0.000909766 0.99909
7 6.19865e-06 0.999994
7 0.00040073 0.999599
7 0.0490332 0.950967
7 0.0339816 0.966018
0 0.99976 0.000239597
7 0.393535 0.606465
7 0.222517 0.777483
7 0.295943 0.704057
7 0.0227181 0.977282
0 0.96309 0.0369098
7 0.186694 0.813306
0 0.999802 0.000198163
0 0.972686 0.0273142
7 0.000961501 0.999038
7 0.0598794 0.940121
0 0.947762 0.0522375
7 0.000408872 0.999591
0 0.958945 0.0410554
0 0.50994 0.49006
7 0.000300754 0.999699
7 0.000231368 0.999769
7 0.122922 0.877078
0 0.877835 0.122165
7 4.78491e-06 0.999995
0 0.924298 0.0757022
7 0.0213929 0.978607
7 0.00675361 0.993246
0 0.993048 0.00695173
0 0.999964 3.60863e-05
7 0.492691 0.507309
0 0.807526 0.192474
7 0.166401 0.833599
7 3.783e-06 0.999996
0 0.761978 0.238022
7 0.00325087 0.996749
7 0.0494635 0.950537
7 4.82846e-05 0.999952
7 0.172949 0.827051
7 0.320709 0.679291
0 0.83713 0.16287
0 0.999953 4.71127e-05
7 0.431084 0.568916
7 0.0339067 0.966093
7 0.0013249 0.998675
7 0.306965 0.693035
7 0.0638689 0.936131
7 0.0106309 0.989369
0 0.734371 0.265629
0 0.627042 0.372958
0 0.999913 8.71738e-05
7 0.0151173 0.984883
0 0.999938 6.23717e-05
0 0.817317 0.182683
7 0.0268927 0.973107
0 0.999577 0.000422812
7 0.0514602 0.94854
7 0.318342 0.681658
7 0.0202628 0.979737
0 0.699206 0.300794
7 0.292012 0.707988
7 0.00029903 0.999701
0 0.51319 0.48681
7 0.0893383 0.910662
7 0.162288 0.837712
0 0.999514 0.000485514
0 0.999077 0.000923379
0 0.947179 0.0528213
7 0.0533221 0.946678
0 0.664519 0.335481
0 0.999842 0.000158389
0 0.953066 0.046934
7 0.0587126 0.941287
7 0.000169786 0.99983
7 1.93747e-05 0.999981
7 7.21691e-07 0.999999
0 0.997905 0.00209469
0 0.734776 0.265224
7 0.000161361 0.999839
7 0.124673 0.875327
7 0.0282466 0.971753
7 0.00219486 0.997805
7 0.315428 0.684572
0 0.60931 0.39069
7 0.454313 0.545687
7 0.0224945 0.977505
7 5.25293e-05 0.999947
0 0.999045 0.000955101
0 0.921387 0.0786132
7 0.0677557 0.932244
7 0.00284731 0.997153
7 0.060404 0.939596
7 0.00787184 0.992128
7 0.00467366 0.995326
7 0.00413165 0.995868
7 0.000371647 0.999628
0 0.81646 0.18354
7 0.439637 0.560363
7 0.00843116 0.991569
7 1e-07 1
7 0.144561 0.855439
7 0.115473 0.884527
0 0.916824 0.0831759
0 0.975161 0.0248385
0 0.99921 0.000790019
7 0.220803 0.779197
0 0.827979 0.172021
7 0.0964849 0.903515
7 0.48056 0.51944
0 0.94171 0.0582895
7 0.0149391 0.985061
0 0.947986 0.0520136
7 0.0491972 0.950803
7 0.0902329 0.909767
0 0.588794 0.411206
7 0.0725729 0.927427
7 0.00043999 0.99956
7 7.07702e-05 0.999929
0 0.632186 0.367814
7 0.133263 0.866737
0 0.905683 0.0943171
0 0.728284 0.271716
0 0.99987 0.000129772
7 0.118286 0.881714
7 0.0439221 0.956078
0 0.847658 0.152342
0 0.718419 0.281581
7 2.66112e-05 0.999973
0 0.998393 0.00160734
7 0.345361 0.654639
7 0.00961705 0.990383
0 0.977784 0.0222155
0 0.616083 0.383917
7 0.375674 0.624326
7 0.00287138 0.997129
0 0.938284 0.0617156
7 0.000285596 0.999714
7 0.00141774 0.998582
7 0.0489507 0.951049
7 0.112145 0.887855
7 0.211416 0.788584
0 0.996775 0.00322451
7 0.0891798 0.91082
7 0.00590595 0.994094
7 0.0085627 0.991437
0 0.591156 0.408844
0 0.910217 0.0897829
7 0.0151442 0.984856
0 0.978368 0.0216319
7 0.136352 0.863648
7 0.0905168 0.909483
7 0.122693 0.877307
7 0.06635 0.93365
0 0.843456 0.156544
7 0.0411118 0.958888
0 0.998606 0.00139358
7 0.0245207 0.975479
7 0.000199267 0.999801
0 0.631322 0.368678
7 0.00267279 0.997327
7 0.0318154 0.968185
7 1.97573e-06 0.999998
0 0.738867 0.261133
7 0.202576 0.797424
7 0.0816467 0.918353
0 0.65193 0.34807
7 0.00891393 0.991086
7 0.00434628 0.995654
7 0.00370018 0.9963
7 0.0462501 0.95375
0 0.911554 0.0884461
7 0.180982 0.819018
7 0.482749 0.517251
7 4.79899e-05 0.999952
7 0.194031 0.805969
7 0.179782 0.820218
0 0.981651 0.0183486
0 0.999173 0.000826968
7 0.338536 0.661464
0 0.914927 0.085073
0 0.999627 0.000372792
7 0.00126472 0.998735
7 4.87738e-05 0.999951
7 0.000104799 0.999895
7 0.00100121 0.998999
7 0.404464 0.595536
7 0.00414929 0.995851
7 0.0990081 0.900992
7 0.0010561 0.998944
7 6.12938e-05 0.999939
7 0.0386809 0.961319
0 0.7689 0.2311
7 0.164316 0.835684
7 0.00392768 0.996072
0 0.997803 0.00219729
7 0.0619387 0.938061
0 0.986043 0.0139571
7 0.470548 0.529452
7 0.120628 0.879372
0 0.862914 0.137086
7 0.0292732 0.970727
0 0.768958 0.231042
7 0.138896 0.861104
7 0.116266 0.883734
7 0.0144675 0.985533
0 0.827167 0.172833
0 0.999746 0.000253704
0 0.910346 0.0896536
7 0.0159103 0.98409
7 0.0117656 0.988234
0 0.999998 1.94965e-06
0 0.759489 0.240511
7 0.410569 0.589431
0 0.959709 0.0402905
0 0.954849 0.0451513
0 0.999863 0.000137078
0 0.867227 0.132773
7 0.000230754 0.999769
0 0.908868 0.0911319
0 0.999757 0.000243263
0 0.789738 0.210262
7 5.71984e-06 0.999994
0 0.639222 0.360778
0 0.803948 0.196052
7 0.014357 0.985643
0 0.839862 0.160138
0 0.769506 0.230494
0 0.809085 0.190915
0 0.999927 7.25596e-05
0 0.6609 0.3391
7 0.403592 0.596408
0 0.870057 0.129943
0 0.527353 0.472647
0 0.749135 0.250865
7 0.00436899 0.995631
7 1.54719e-06 0.999998
7 0.00250059 0.997499
7 2.61736e-05 0.999974
0 0.882923 0.117077
7 0.00741152 0.992588
7 0.27337 0.72663
0 0.879626 0.120374
0 0.78325 0.21675
7 7.0526e-06 0.999993
7 0.0545643 0.945436
7 0.0977501 0.90225
7 0.00494683 0.995053
0 0.999981 1.89416e-05
7 0.153159 0.846841
0 0.903862 0.0961384
0 0.999886 0.00011443
7 0.156849 0.843151
7 0.0013911 0.998609
7 0.108434 0.891566
7 0.000654237 0.999346
7 0.107695 0.892305
7 0.0879159 0.912084
0 0.999831 0.000169457
7 0.00347278 0.996527
7 0.114874 0.885126
7 0.494114 0.505886
0 0.995829 0.00417071
7 0.0447659 0.955234
0 0.858864 0.141136
0 0.972732 0.0272675
7 0.03831 0.96169
7 0.14704 0.85296
7 0.0022972 0.997703
7 0.0101663 0.989834
0 0.996116 0.00388378
0 0.998404 0.0015959
7 0.00062925 0.999371
7 0.220389 0.779611
7 4.51611e-05 0.999955
7 0.338332 0.661668
0 0.744931 0.255069
0 0.921565 0.0784353
7 0.128002 0.871998
0 0.903651 0.0963494
0 0.814332 0.185668
7 0.0390676 0.960932
0 0.700561 0.299439
7 0.000589149 0.999411
0 0.744637 0.255363
7 0.000243796 0.999756
0 0.999774 0.000225757
7 0.0965944 0.903406
7 0.000960261 0.99904
0 0.94548 0.0545201
7 0.0260108 0.973989
0 0.998585 0.00141499
0 0.560314 0.439686
0 0.50398 0.49602
0 0.824624 0.175376
0 0.931441 0.0685593
0 0.59754 0.40246
0 0.690111 0.309889
7 0.007305 0.992695
0 0.748964 0.251036
0 0.999601 0.000399137
0 0.793576 0.206424
0 0.526211 0.473789
0 0.644418 0.355582
7 0.000616452 0.999384
7 0.0551466 0.944853
0 0.87051 0.12949
7 1e-07 1
7 0.239263 0.760737
7 0.0357256 0.964274
7 0.0290644 0.970936
7 0.347849 0.652151
0 0.896389 0.103611
7 0.000237854 0.999762
0 0.835105 0.164895
7 0.0598322 0.940168
0 0.948867 0.0511329
7 9.60422e-07 0.999999
7 0.0525571 0.947443
7 0.00136486 0.998635
7 0.00026801 0.999732
0 0.592426 0.407574
0 0.937181 0.0628187
7 0.000420459 0.99958
7 0.389445 0.610555
0 0.604663 0.395337
0 0.998375 0.00162515
0 0.746778 0.253222
7 0.00272933 0.997271
7 0.0495922 0.950408
7 0.0380001 0.962
7 0.497229 0.502771
7 0.00120468 0.998795
0 0.935594 0.0644058
0 0.99989 0.000109905
7 0.00464782 0.995352
7 5.73663e-06 0.999994
0 0.9518 0.0482004
0 0.999498 0.000502462
7 0.0163691 0.983631
0 0.737532 0.262468
7 0.0307993 0.969201
7 0.3043 0.6957
7 0.055269 0.944731
7 0.28855 0.71145
0 0.847306 0.152694
7 3.41152e-06 0.999997
7 0.00292496 0.997075
7 0.0699536 0.930046
0 0.693235 0.306765
7 0.0030731 0.996927
7 0.00318709 0.996813
7 0.00458987 0.99541
7 0.000315966 0.999684
0 0.941467 0.0585335
7 0.27884 0.72116
0 0.920042 0.0799578
7 1e-07 1
7 0.127179 0.872821
7 0.367607 0.632393
7 0.000320267 0.99968
7 0.00263475 0.997365
7 0.12441 0.87559
7 0.000574325 0.999426
7 0.000309411 0.999691
0 0.999811 0.000188882
0 0.57836 0.42164
7 0.0325908 0.967409
0 0.899531 0.100469
0 0.983916 0.0160844
7 0.188197 0.811803
0 0.902983 0.0970167
0 0.999992 8.25024e-06
0 0.775914 0.224086
7 9.29803e-05 0.999907
7 0.000481433 0.999519
7 0.00722213 0.992778
7 0.0507542 0.949246
0 0.998968 0.00103248
7 0.0540679 0.945932
7 0.377245 0.622755
0 0.717552 0.282448
7 0.000390262 0.99961
7 0.323401 0.676599
7 0.0694564 0.930544
7 0.11116 0.88884
0 0.787862 0.212138
0 0.97297 0.0270297
7 0.00106339 0.998937
7 0.00236024 0.99764
0 0.999264 0.000736123
7 0.0909663 0.909034
7 0.0591925 0.940807
7 0.00256321 0.997437
7 0.000188248 0.999812
7 0.000845409 0.999155
7 0.00227879 0.997721
0 0.9094 0.0906001
7 0.00331419 0.996686
0 0.937874 0.0621257
0 0.894684 0.105316
0 0.7852 0.2148
0 0.958612 0.0413884
7 0.0207665 0.979233
7 5.84341e-05 0.999942
7 0.216538 0.783462
7 0.027319 0.972681
0 0.999878 0.000121593
7 0.000323791 0.999676
7 3.02465e-05 0.99997
7 0.0010808 0.998919
0 0.999872 0.000127684
7 0.0334127 0.966587
7 9.63198e-05 0.999904
7 0.250197 0.749803
7 0.4372 0.5628
0 0.87527 0.12473
7 0.000364724 0.999635
0 0.771331 0.228669
7 0.411127 0.588873
7 0.0574653 0.942535
0 0.884913 0.115087
7 0.00842137 0.991579
0 0.974031 0.0259692
0 0.999962 3.81005e-05
0 0.773547 0.226453
0 0.867326 0.132674
7 2.83964e-05 0.999972
7 0.000237938 0.999762
7 0.00635579 0.993644
7 0.0132414 0.986759
0 0.897986 0.102014
7 0.417786 0.582214
0 0.940623 0.0593769
7 0.000362437 0.999638
0 0.822609 0.177391
7 0.29219 0.70781
7 0.303267 0.696733
0 0.891225 0.108775
0 0.999788 0.000211614
0 0.870572 0.129428
7 0.00324936 0.996751
7 0.0659554 0.934045
7 0.0906546 0.909345
7 0.0181101 0.98189
7 0.000268048 0.999732
0 0.955063 0.0449366
0 0.967716 0.0322841
7 0.00078443 0.999216
7 2.46583e-07 1
7 0.133329 0.866671
0 0.999989 1.08038e-05
7 0.00104652 0.998953
7 0.0586478 0.941352
0 0.99923 0.000770105
7 0.000783622 0.999216
0 0.696795 0.303205
7 0.226206 0.773794
7 0.112079 0.887921
7 0.0127223 0.987278
7 0.0228772 0.977123
7 0.176891 0.823109
7 0.000175196 0.999825
0 0.890668 0.109332
0 0.712616 0.287384
7 0.472046 0.527954
0 0.999827 0.000173324
7 0.0105625 0.989438
0 0.784564 0.215436
7 0.000331714 0.999668
7 0.033523 0.966477
7 0.497632 0.502368
7 0.00338082 0.996619
0 0.829022 0.170978
7 0.0102215 0.989778
0 0.966342 0.0336576
0 0.627565 0.372435
7 0.0724349 0.927565
7 0.00118113 0.998819
0 0.910734 0.0892659
7 0.0301746 0.969825
0 0.999598 0.000402452
7 0.00338225 0.996618
0 0.999078 0.000922471
0 0.89048 0.10952
0 0.962667 0.0373327
7 0.125651 0.874349
7 0.0290097 0.97099
7 0.288496 0.711504
7 0.00579819 0.994202
0 0.834958 0.165042
0 0.892659 0.107341
0 0.998495 0.00150549
7 0.00338918 0.996611
0 0.52821 0.47179
7 0.0291427 0.970857
7 0.0309749 0.969025
7 0.0448425 0.955157
7 0.0547276 0.945272
0 0.998761 0.00123884
7 0.00123439 0.998766
7 0.0233741 0.976626
7 0.000928133 0.999072
7 0.0266053 0.973395
7 0.340932 0.659068
0 0.940859 0.0591411
7 0.0145855 0.985414
0 0.55062 0.44938
7 0.00286457 0.997135
7 0.0472546 0.952745
0 0.999423 0.000577028
7 0.115093 0.884907
7 0.010491 0.989509
0 0.917949 0.0820514
7 0.105892 0.894108
7 4.17385e-05 0.999958
0 0.999883 0.000116967
7 7.78466e-06 0.999992
0 0.999994 6.43427e-06
7 0.00119335 0.998807
7 0.00063024 0.99937
0 0.951459 0.0485413
0 0.81955 0.18045
7 0.0983075 0.901693
7 0.0957334 0.904267
0 0.872781 0.127219
0 0.753165 0.246835
0 0.521232 0.478768
7 0.000872275 0.999128
0 0.963774 0.0362262
0 0.680009 0.319991
0 0.999396 0.000603511
7 0.00283399 0.997166
7 0.00640523 0.993595
0 0.999334 0.000665766
0 0.742759 0.257241
7 0.199007 0.800993
7 0.278846 0.721154
0 0.57402 0.42598
7 0.0208209 0.979179
7 0.10587 0.89413
7 0.128041 0.871959
7 0.259416 0.740584
7 0.0116714 0.988329
7 0.00351012 0.99649
0 0.808467 0.191533
7 0.0731181 0.926882
7 3.98445e-05 0.99996
7 9.57321e-05 0.999904
7 0.0326613 0.967339
7 0.000964099 0.999036
0 0.946594 0.0534058
0 0.639557 0.360443
7 0.267364 0.732636
0 0.980073 0.0199268
7 0.256133 0.743867
7 0.000509773 0.99949
7 0.00115271 0.998847
7 0.0942838 0.905716
0 0.997518 0.00248223
0 0.594132 0.405868
0 0.915928 0.0840716
7 0.00222899 0.997771
7 0.0094594 0.990541
7 0.142242 0.857758
7 0.0834095 0.916591
7 0.11645 0.88355
7 0.000349341 0.999651
0 0.931964 0.0680357
0 0.909995 0.0900052
0 0.98876 0.0112404
7 0.0242964 0.975704
0 0.999612 0.000387887
0 0.902349 0.0976511
0 0.999995 4.52318e-06
7 0.446526 0.553474
7 0.00167316 0.998327
7 0.000659102 0.999341
7 0.04231 0.95769
0 0.97569 0.02431
7 0.112399 0.887601
0 0.526162 0.473838
7 0.182921 0.817079
7 0.0727088 0.927291
7 0.00262429 0.997376
7 0.0403456 0.959654
7 0.00012533 0.999875
7 0.000102288 0.999898
7 0.349697 0.650303
0 0.827358 0.172642
7 0.0237122 0.976288
7 0.385339 0.614661
7 0.000116686 0.999883
7 0.0049918 0.995008
7 0.38213 0.61787
0 0.999548 0.000451651
0 0.675268 0.324732
7 0.11228 0.88772
0 0.714024 0.285976
7 0.0320493 0.967951
7 0.233568 0.766432
7 0.00524499 0.994755
7 0.437101 0.562899
0 0.780446 0.219554
0 0.891667 0.108333
7 0.499626 0.500374
7 0.00131976 0.99868
0 0.848372 0.151628
7 0.143693 0.856307
7 0.0075967 0.992403
7 6.36306e-05 0.999936
7 0.383234 0.616766
0 0.616387 0.383613
0 0.855894 0.144106
7 0.000604412 0.999396
7 0.06153 0.93847
0 0.520062 0.479938
0 0.776656 0.223344
7 0.014907 0.985093
0 0.951657 0.0483433
0 0.963288 0.0367116
7 0.001856 0.998144
0 0.998896 0.0011039
0 0.761392 0.238608
0 0.998808 0.00119194
0 0.523843 0.476157
7 1.77036e-05 0.999982
0 0.998458 0.00154208
7 0.201336 0.798664
7 0.00296947 0.997031
7 0.0502901 0.94971
0 0.999697 0.000302793
7 0.0439372 0.956063
0 0.837583 0.162417
0 0.99927 0.000730001
0 0.998748 0.00125207
7 0.0264912 0.973509
7 0.0341309 0.965869
7 0.104264 0.895736
0 0.917885 0.0821152
7 0.00716243 0.992838
7 0.1283 0.8717
7 0.00547126 0.994529
7 0.0593842 0.940616
0 0.981563 0.0184371
0 0.999218 0.00078241
7 0.219164 0.780836
7 0.000262251 0.999738
0 0.998615 0.001385
7 0.025494 0.974506
7 2.53772e-05 0.999975
7 0.00694905 0.993051
0 0.854884 0.145116
7 0.464671 0.535329
7 0.00594418 0.994056
7 0.0099947 0.990005
7 0.0049785 0.995021
0 0.681868 0.318132
7 0.00323051 0.996769
0 0.937739 0.0622614
0 0.999814 0.000185509
7 0.00411754 0.995882
7 0.00445536 0.995545
7 0.0182693 0.981731
0 0.713405 0.286595
0 0.810202 0.189798
7 0.222723 0.777277
7 0.000676782 0.999323
7 0.0884767 0.911523
7 0.00717768 0.992822
0 0.999591 0.000409457
7 0.0369626 0.963037
7 0.00196617 0.998034
0 0.99988 0.000119543
7 0.00859224 0.991408
7 0.000491984 0.999508
0 0.999638 0.000362425
7 0.438731 0.561269
7 0.161361 0.838639
7 0.022111 0.977889
0 0.999786 0.00021358
7 0.192936 0.807064
7 0.20346 0.79654
7 0.000917604 0.999082
7 0.25975 0.74025
7 0.0281112 0.971889
7 6.31738e-07 0.999999
0 0.558691 0.441309
0 0.734208 0.265792
7 0.00444746 0.995553
0 0.871747 0.128253
0 0.99991 9.0146e-05
7 5.84538e-07 0.999999
7 0.001087 0.998913
7 0.00128121 0.998719
0 0.654656 0.345344
0 0.985582 0.0144179
7 0.0763438 0.923656
7 0.00187953 0.99812
7 0.00586156 0.994138
7 0.26478 0.73522
0 0.99998 1.99468e-05
0 0.999882 0.000118296
0 0.537492 0.462508
0 0.933531 0.066469
7 7.72828e-05 0.999923
0 0.998231 0.00176857
7 0.128039 0.871961
0 0.669828 0.330172
0 0.92415 0.0758495
0 0.819111 0.180889
7 0.425525 0.574475
7 0.041035 0.958965
0 0.808911 0.191089
7 0.327781 0.672219
0 0.779998 0.220002
7 0.000131895 0.999868
7 0.340833 0.659167
7 0.00129476 0.998705
7 0.194317 0.805683
7 0.0258021 0.974198
0 0.999878 0.000121783
0 0.697267 0.302733
7 0.000204751 0.999795
0 0.718771 0.281229
0 0.984267 0.015733
7 0.15783 0.84217
0 0.976471 0.0235294
7 7.53864e-05 0.999925
0 0.557095 0.442905
0 0.750448 0.249552
0 0.548576 0.451424
0 0.989831 0.0101687
0 0.999149 0.000851089
7 0.000101018 0.999899
7 0.101901 0.898099
7 0.0538963 0.946104
0 0.999879 0.000120918
7 0.00366727 0.996333
7 0.156405 0.843595
0 0.997782 0.00221793
7 0.175159 0.824841
7 0.0412117 0.958788
7 1e-07 1
0 0.700008 0.299992
7 0.000394925 0.999605
7 0.0110866 0.988913
7 0.264348 0.735652
7 0.367512 0.632488
0 0.611461 0.388539
0 0.938178 0.0618223
7 0.112886 0.887114
0 0.565278 0.434722
7 7.15381e-06 0.999993
0 0.867751 0.132249
7 0.00787806 0.992122
0 0.943568 0.0564316
0 0.644867 0.355133
7 0.00479172 0.995208
0 0.76131 0.23869
7 0.00415383 0.995846
0 0.873346 0.126654
0 0.999742 0.000258186
7 0.0550088 0.944991
7 0.000818491 0.999182
7 0.00122394 0.998776
0 0.997285 0.00271501
0 0.605703 0.394297
0 0.919137 0.0808631
7 0.000669869 0.99933
0 0.645512 0.354488
7 0.15771 0.84229
7 0.000325871 0.999674
7 0.0976188 0.902381
0 0.873966 0.126034
7 3.13582e-05 0.999969
0 0.998797 0.0012027
7 0.103918 0.896082
0 0.815588 0.184412
7 0.0322839 0.967716
0 0.903818 0.0961824
0 0.963484 0.0365161
0 0.523466 0.476534
7 1.13087e-06 0.999999
7 0.221832 0.778168
0 0.795315 0.204685
0 0.543971 0.456029
0 0.775448 0.224552
7 0.304956 0.695044
7 0.000831556 0.999168
7 0.00037703 0.999623
7 0.184556 0.815444
0 0.999456 0.000544257
7 0.000811697 0.999188
0 0.876775 0.123225
0 0.958944 0.0410555
7 0.387252 0.612748
0 0.830245 0.169755
7 1.11888e-05 0.999989
7 3.84401e-05 0.999962
0 0.863476 0.136524
7 0.00262188 0.997378
7 0.00662437 0.993376
0 0.776583 0.223417
0 0.904578 0.0954219
7 0.0700741 0.929926
7 0.000228579 0.999771
0 0.726515 0.273485
7 0.0290888 0.970911
0 0.898793 0.101207
7 2.83157e-06 0.999997
7 0.00691509 0.993085
0 0.935967 0.0640331
7 0.0161838 0.983816
0 0.88913 0.11087
0 0.731 0.269
0 0.918505 0.0814946
7 0.0316196 0.96838
7 0.144261 0.855739
0 0.567921 0.432079
0 0.999853 0.000147276
7 0.269339 0.730661
7 0.0291342 0.970866
0 0.69778 0.30222
7 0.0277533 0.972247
7 0.00832698 0.991673
0 0.732219 0.267781
0 0.998792 0.00120803
0 0.707923 0.292077
7 0.00128699 0.998713
0 0.997776 0.00222387
7 0.000385315 0.999615
7 0.0382098 0.96179
0 0.830036 0.169964
0 0.606805 0.393195
0 0.884042 0.115958
7 0.0739838 0.926016
7 0.0032487 0.996751
7 0.000194037 0.999806
7 0.0361003 0.9639
7 6.16112e-07 0.999999
7 0.0683945 0.931605
0 0.636503 0.363497
7 0.417715 0.582285
0 0.713992 0.286008
0 0.998157 0.00184345
0 0.896824 0.103176
7 0.00638792 0.993612
7 0.102936 0.897064
7 0.00135999 0.99864
7 0.00321242 0.996788
7 0.494673 0.505327
7 0.00322287 0.996777
0 0.905802 0.0941977
0 0.797384 0.202616
0 0.988699 0.0113005
0 0.613128 0.386872
7 0.156898 0.843102
7 1.45548e-06 0.999999
0 0.932383 0.0676171
0 0.53182 0.46818
0 0.505279 0.494721
0 0.998568 0.00143183
7 0.208536 0.791464
0 0.940419 0.0595806
0 0.621486 0.378514
0 0.507648 0.492352
7 0.00279715 0.997203
0 0.966022 0.0339776
7 0.405025 0.594975
7 0.0709298 0.92907
0 0.531944 0.468056
7 0.00913639 0.990864
7 0.00733752 0.992662
0 0.513606 0.486394
0 0.977019 0.0229808
7 5.93854e-05 0.999941
7 0.0859672 0.914033
7 0.106004 0.893996
7 0.0262395 0.973761
7 0.0644823 0.935518
7 0.255287 0.744713
0 0.999962 3.82828e-05
0 0.906407 0.093593
7 0.0184276 0.981572
7 0.0397 0.9603
7 0.122466 0.877534
7 0.000101702 0.999898
7 0.0728899 0.92711
0 0.940874 0.0591256
7 0.0213669 0.978633
0 0.961956 0.038044
0 0.861816 0.138184
7 0.0245567 0.975443
0 0.841151 0.158849
7 0.0242873 0.975713
0 0.999909 9.10234e-05
0 0.633427 0.366573
7 0.211458 0.788542
7 0.113236 0.886764
7 0.150121 0.849879
7 0.079178 0.920822
0 0.582094 0.417906
7 2.21968e-05 0.999978
7 0.0396334 0.960367
7 0.0100716 0.989928
0 0.999931 6.87678e-05
7 3.52347e-07 1
0 0.999985 1.54443e-05
7 0.00146278 0.998537
7 0.0731107 0.926889
7 0.0397119 0.960288
7 0.00166783 0.998332
7 0.000302278 0.999698
7 0.0117458 0.988254
7 0.000123169 0.999877
0 0.935769 0.064231
7 0.230405 0.769595
7 0.00111157 0.998888
0 0.946557 0.0534427
7 0.00204954 0.99795
7 0.0108588 0.989141
0 0.999893 0.000107462
7 0.000227941 0.999772
7 0.00141824 0.998582
0 0.992352 0.00764764
7 1.71755e-06 0.999998
7 0.0717599 0.92824
7 0.0021958 0.997804
7 0.00665731 0.993343
7 0.0546947 0.945305
7 0.041129 0.958871
0 0.903979 0.0960214
7 0.00823944 0.991761
7 0.0225465 0.977454
0 0.628983 0.371017
7 0.316353 0.683647
7 0.0273899 0.97261
7 5.98908e-06 0.999994
7 0.000506552 0.999493
7 0.0218447 0.978155
0 0.942499 0.0575005
0 0.943442 0.0565577
7 3.66351e-07 1
0 0.822497 0.177503
7 0.00282225 0.997178
7 0.0761845 0.923816
7 0.0585512 0.941449
7 0.00693837 0.993062
7 0.328984 0.671016
7 0.0488492 0.951151
0 0.664647 0.335353
7 0.000253263 0.999747
7 0.000342499 0.999658
0 0.977894 0.0221059
0 0.998803 0.00119713
7 3.38864e-05 0.999966
7 0.00156263 0.998437
7 0.000116696 0.999883
0 0.998882 0.0011182
0 0.965861 0.0341386
0 0.932161 0.0678391
7 0.0221828 0.977817
7 1.39157e-05 0.999986
0 0.956975 0.0430251
7 3.43455e-06 0.999997
7 2.67464e-07 1
7 0.0194018 0.980598
0 0.820171 0.179829
7 0.412681 0.587319
0 0.708275 0.291725
0 0.999134 0.000866249
0 0.765307 0.234693
0 0.840734 0.159266
0 0.737711 0.262289
7 0.0958355 0.904164
7 6.58002e-05 0.999934
0 0.639815 0.360185
0 0.999838 0.000162344
0 0.6007 0.3993
7 0.00522207 0.994778
7 0.0387028 0.961297
0 0.999613 0.000387422
0 0.999394 0.000605877
0 0.971941 0.0280592
0 0.997795 0.00220493
7 0.00218508 0.997815
7 0.00943004 0.99057
7 0.00571773 0.994282
0 0.516668 0.483332
7 0.011841 0.988159
0 0.96922 0.0307797
0 0.614319 0.385681
7 0.106544 0.893456
0 0.999952 4.83121e-05
0 0.999332 0.00066792
0 0.99981 0.000190376
0 0.878856 0.121144
7 0.402659 0.597341
7 0.0705713 0.929429
7 0.0721074 0.927893
7 0.0398157 0.960184
7 0.00514602 0.994854
7 0.119668 0.880332
7 0.0971531 0.902847
0 0.999663 0.000337285
7 0.0401881 0.959812
7 0.000661477 0.999339
7 0.0425373 0.957463
0 0.907667 0.0923329
0 0.903339 0.0966606
0 0.893834 0.106166
7 0.0359832 0.964017
7 0.00301562 0.996984
0 0.949484 0.050516
0 0.999941 5.86132e-05
0 0.99859 0.00141034
7 0.085024 0.914976
7 0.1615 0.8385
7 3.90506e-05 0.999961
7 0.0818137 0.918186
7 0.00646939 0.993531
7 1e-07 1
7 0.00576683 0.994233
7 0.15392 0.84608
7 0.0171797 0.98282
7 0.00265678 0.997343
0 0.926037 0.0739626
7 0.000269626 0.99973
7 0.00099742 0.999003
0 0.999554 0.000445612
7 0.00249053 0.997509
7 0.00622573 0.993774
0 0.710915 0.289085
7 0.201781 0.798219
7 0.00127399 0.998726
0 0.553285 0.446715
7 0.0556856 0.944314
0 0.670665 0.329335
7 0.0136739 0.986326
0 0.977869 0.0221314
7 0.425609 0.574391
7 0.00672965 0.99327
7 0.301856 0.698144
0 0.99902 0.000980499
0 0.955769 0.0442307
7 0.20791 0.79209
7 0.268118 0.731882
7 0.0688041 0.931196
7 0.00138516 0.998615
0 0.874598 0.125402
0 0.920484 0.0795163
0 0.892418 0.107582
0 0.9238 0.0761999
0 0.61353 0.38647
7 0.00124599 0.998754
7 0.0345828 0.965417
7 0.00224805 0.997752
7 0.0125049 0.987495
7 0.0858086 0.914191
0 0.99964 0.000360374
7 0.0173129 0.982687
0 0.85152 0.14848
7 0.396055 0.603945
7 0.262213 0.737787
7 0.0203913 0.979609
0 0.719406 0.280594
0 0.795521 0.204479
0 0.999401 0.000598656
0 0.903394 0.0966057
0 0.790491 0.209509
0 0.999934 6.60041e-05
7 0.000140789 0.999859
0 0.965646 0.034354
7 0.000464972 0.999535
0 0.999868 0.000132313
0 0.628134 0.371866
7 0.0147895 0.985211
0 0.850823 0.149177
0 0.510144 0.489856
7 0.0151065 0.984894
0 0.999797 0.000203108
7 0.404971 0.595029
7 0.00896644 0.991034
7 0.296081 0.703919
0 0.852705 0.147295
0 0.974538 0.025462
7 0.00257522 0.997425
7 0.0106104 0.98939
0 0.808926 0.191074
0 0.782528 0.217472
7 0.000852899 0.999147
0 0.999147 0.000852599
7 0.000775356 0.999225
7 0.164445 0.835555
0 0.959615 0.0403847
0 0.658262 0.341738
7 0.0024366 0.997563
7 0.0273063 0.972694
7 0.296785 0.703215
7 0.00264167 0.997358
0 0.606317 0.393683
0 0.997294 0.00270632
7 0.114495 0.885505
0 0.626013 0.373987
7 0.0466216 0.953378
7 0.464687 0.535313
0 0.588466 0.411534
7 0.0552925 0.944708
0 0.841774 0.158226
7 0.000144997 0.999855
0 0.856236 0.143764
0 0.823833 0.176167
7 0.0107006 0.989299
0 0.999233 0.000767364
7 1.32248e-05 0.999987
7 0.00367134 0.996329
7 0.0260266 0.973973
7 0.00192685 0.998073
7 0.0272488 0.972751
7 0.0894186 0.910581
7 0.00479187 0.995208
0 0.989515 0.0104853
0 0.787396 0.212604
7 0.120254 0.879746
7 0.30401 0.69599
0 0.615852 0.384148
0 0.882648 0.117352
0 0.799011 0.200989
7 0.220675 0.779325
7 0.0590923 0.940908
0 0.982883 0.017117
7 0.00306237 0.996938
7 0.103632 0.896368
0 0.998679 0.00132121
7 0.475901 0.524099
7 0.0117706 0.988229
7 0.00246141 0.997539
7 0.0148273 0.985173
7 0.29216 0.70784
0 0.86005 0.13995
7 0.393488 0.606512
0 0.695686 0.304314
7 2.1437e-05 0.999979
0 0.999656 0.000343972
7 0.000182311 0.999818
7 0.000109395 0.999891
7 0.000201576 0.999798
7 0.0469028 0.953097
7 0.00641827 0.993582
7 0.0256015 0.974398
0 0.998995 0.0010053
7 0.00101311 0.998987
7 0.140355 0.859645
7 9.77104e-07 0.999999
7 0.257199 0.742801
7 0.178789 0.821211
0 0.999106 0.000893884
7 0.0324385 0.967561
7 0.00179001 0.99821
0 0.84535 0.15465
7 0.00376422 0.996236
0 0.659866 0.340134
0 0.662095 0.337905
7 0.356343 0.643657
0 0.926624 0.0733764
7 0.000358091 0.999642
7 0.00237928 0.997621
0 0.685308 0.314692
7 0.224111 0.775889
0 0.999631 0.000368663
0 0.746241 0.253759
7 0.0410338 0.958966
7 0.000147663 0.999852
0 0.852494 0.147506
7 0.00140165 0.998598
7 0.185064 0.814936
7 0.000285177 0.999715
0 0.999069 0.000930653
7 0.0117662 0.988234
7 0.0949327 0.905067
7 0.0180998 0.9819
7 0.0828009 0.917199
7 0.188262 0.811738
0 0.579669 0.420331
7 0.000277733 0.999722
7 0.0597913 0.940209
0 0.937301 0.0626995
7 0.00901758 0.990982
0 0.98654 0.0134604
7 0.243289 0.756711
7 0.0421334 0.957867
0 0.753178 0.246822
7 0.0890442 0.910956
0 0.970788 0.029212
7 0.0353415 0.964658
7 0.382484 0.617516
0 0.819619 0.180381
7 0.000224019 0.999776
7 0.000105795 0.999894
7 0.0854341 0.914566
7 0.00330781 0.996692
7 0.070034 0.929966
7 1e-07 1
7 0.0307042 0.969296
0 0.841129 0.158871
7 0.00490618 0.995094
7 9.13954e-07 0.999999
7 0.00291982 0.99708
7 0.0436431 0.956357
7 0.0425976 0.957402
7 0.499178 0.500822
0 0.998737 0.00126308
0 0.540587 0.459413
7 0.00351656 0.996483
0 0.811928 0.188072
0 0.622675 0.377325
7 0.32006 0.67994
7 0.0651363 0.934864
7 0.298431 0.701569
7 9.56128e-06 0.99999
0 0.963021 0.0369794
0 0.568359 0.431641
7 0.000259054 0.999741
7 0.0169975 0.983003
7 0.130528 0.869472
7 0.126992 0.873008
0 0.942151 0.0578491
7 0.0369232 0.963077
0 0.928362 0.0716376
0 0.999515 0.000485421
0 0.999239 0.000760999
7 0.263955 0.736045
7 0.0515421 0.948458
0 0.962268 0.0377316
7 0.0166423 0.983358
0 0.956222 0.0437781
0 0.897169 0.102831
7 0.0442773 0.955723
0 0.823817 0.176183
7 0.0611901 0.93881
7 0.0632527 0.936747
7 0.00121944 0.998781
0 0.999797 0.000203492
7 0.000709129 0.999291
0 0.999582 0.000417834
0 0.934029 0.0659709
7 0.0688269 0.931173
7 0.281609 0.718391
7 0.101641 0.898359
0 0.927791 0.0722088
7 0.00827845 0.991722
7 0.0134163 0.986584
0 0.975927 0.0240733
0 0.728281 0.271719
0 0.832014 0.167986
7 0.22033 0.77967
7 0.000762577 0.999237
7 0.020982 0.979018
0 0.995247 0.00475318
7 0.322165 0.677835
0 0.812026 0.187974
0 0.999994 6.24324e-06
7 0.107301 0.892699
0 0.795896 0.204104
7 0.000957385 0.999043
7 0.00309798 0.996902
7 0.000138474 0.999862
0 0.828819 0.171181
0 0.549809 0.450191
7 0.0567501 0.94325
7 0.00897572 0.991024
0 0.995561 0.00443862
0 0.967737 0.032263
0 0.95133 0.0486699
0 0.649529 0.350471
0 0.550069 0.449931
7 0.00558485 0.994415
7 0.439294 0.560706
7 0.000894078 0.999106
7 0.000118353 0.999882
7 0.0256053 0.974395
7 0.0618662 0.938134
7 3.99077e-06 0.999996
7 0.00140503 0.998595
0 0.638658 0.361342
7 0.00975382 0.990246
0 0.932431 0.0675687
7 0.00149191 0.998508
7 0.033585 0.966415
7 0.0099401 0.99006
0 0.752859 0.247141
7 0.00334534 0.996655
7 0.000129826 0.99987
7 0.0792043 0.920796
0 0.934323 0.0656771
7 0.047459 0.952541
0 0.535809 0.464191
0 0.999937 6.25475e-05
7 0.40347 0.59653
7 0.287342 0.712658
7 0.0449362 0.955064
0 0.999526 0.000473507
7 0.419884 0.580116
7 0.0566527 0.943347
0 0.999547 0.000452573
0 0.960453 0.0395473
7 0.10523 0.89477
7 0.138275 0.861725
7 0.00211628 0.997884
7 0.311253 0.688747
0 0.97071 0.0292898
7 0.0148583 0.985142
7 0.0556246 0.944375
0 0.97892 0.0210796
0 0.93754 0.0624599
7 0.00297872 0.997021
0 0.999945 5.49674e-05
7 0.00321343 0.996787
7 6.84264e-05 0.999932
7 2.24986e-06 0.999998
0 0.964647 0.0353533
7 0.420934 0.579066
7 0.00429717 0.995703
0 0.978226 0.0217742
0 0.57541 0.42459
0 0.997769 0.00223072
0 0.965455 0.0345453
7 0.00172124 0.998279
0 0.995606 0.00439442
0 0.709398 0.290602
7 0.0126414 0.987359
7 0.0152677 0.984732
7 0.327542 0.672458
0 0.999721 0.000278623
7 0.00626173 0.993738
7 0.00123593 0.998764
0 0.977204 0.0227964
7 0.00124151 0.998758
7 0.0598795 0.940121
7 0.448681 0.551319
7 0.353371 0.646629
7 0.00109984 0.9989
7 0.00356258 0.996437
7 0.147278 0.852722
7 0.00818573 0.991814
0 0.972594 0.0274056
0 0.554831 0.445169
7 0.00196514 0.998035
7 0.000497585 0.999502
0 0.985242 0.0147579
7 0.0460899 0.95391
0 0.99961 0.000390012
0 0.913471 0.0865287
7 0.00168769 0.998312
7 0.035153 0.964847
0 0.999992 7.99716e-06
7 0.0012793 0.998721
0 0.963677 0.0363232
7 0.273166 0.726834
7 0.0375192 0.962481
0 0.821552 0.178448
0 0.614576 0.385424
7 0.0994501 0.90055
7 0.00260195 0.997398
7 0.35013 0.64987
7 2.73715e-05 0.999973
7 0.0309184 0.969082
7 0.367678 0.632322
0 0.814008 0.185992
0 0.99802 0.00197956
7 0.00130422 0.998696
7 0.000917174 0.999083
7 0.00960155 0.990398
7 2.59506e-06 0.999997
7 0.00256378 0.997436
0 0.89397 0.10603
0 0.83342 0.16658
0 0.829803 0.170197
0 0.894051 0.105949
7 0.00978257 0.990217
0 0.885087 0.114913
0 0.57257 0.42743
7 0.114263 0.885737
7 0.463238 0.536762
7 0.012177 0.987823
0 0.926576 0.073424
0 0.635799 0.364201
7 0.0217048 0.978295
0 0.770904 0.229096
0 0.776364 0.223636
7 0.245893 0.754107
0 0.991468 0.00853189
0 0.999941 5.87471e-05
0 0.996901 0.00309881
7 0.464265 0.535735
7 1.75672e-07 1
0 0.926894 0.0731064
7 0.0209498 0.97905
7 0.0446727 0.955327
0 0.700296 0.299704
7 0.00104443 0.998956
7 0.386199 0.613801
7 0.0363677 0.963632
0 0.87615 0.12385
0 0.999926 7.39222e-05
0 0.883739 0.116261
7 2.84764e-06 0.999997
0 0.882686 0.117314
7 0.00666292 0.993337
0 0.999981 1.90521e-05
7 0.0861539 0.913846
7 8.34726e-06 0.999992
7 0.00103658 0.998963
0 0.955373 0.0446274
7 0.000212403 0.999788
0 0.999836 0.000164196
7 0.0656847 0.934315
7 0.174081 0.825919
7 0.101915 0.898085
0 0.858917 0.141083
7 0.034846 0.965154
7 0.113027 0.886973
7 1.07395e-07 1
7 2.53225e-05 0.999975
0 0.991002 0.0089979
7 0.00815028 0.99185
0 0.846827 0.153173
0 0.99738 0.00261954
0 0.791834 0.208166
7 3.7206e-05 0.999963
0 0.999928 7.17368e-05
0 0.961955 0.0380451
7 0.164191 0.835809
0 0.741151 0.258849
0 0.999975 2.53118e-05
7 7.25766e-07 0.999999
7 0.312114 0.687886
7 0.00105312 0.998947
7 0.00127754 0.998722
0 0.841363 0.158637
0 0.966613 0.0333866
7 0.0552425 0.944758
0 0.999929 7.11925e-05
0 0.998349 0.00165089
0 0.999771 0.000228699
7 0.0177194 0.982281
0 0.918573 0.0814271
7 0.000244572 0.999755
0 0.846639 0.153361
7 0.00122722 0.998773
7 0.0750062 0.924994
0 0.558236 0.441764
0 0.968548 0.0314522
7 0.0172142 0.982786
0 0.999545 0.00045541
7 0.00111969 0.99888
7 0.0844894 0.915511
7 0.000287563 0.999712
7 3.6756e-06 0.999996
7 2.40535e-05 0.999976
0 0.999935 6.49443e-05
0 0.999524 0.000475998
0 0.926191 0.0738088
7 0.112523 0.887477
7 0.00222448 0.997776
7 0.0150221 0.984978
0 0.850734 0.149266
0 0.949267 0.050733
0 0.977238 0.0227616
0 0.875215 0.124785
7 0.00243873 0.997561
7 0.389673 0.610327
7 4.90822e-05 0.999951
0 0.999639 0.000361208
7 0.0337545 0.966246
0 0.933957 0.0660433
7 0.0908886 0.909111
7 0.0216178 0.978382
7 0.459261 0.540739
0 0.505649 0.494351
0 0.92398 0.0760198
0 0.938208 0.0617919
0 0.916573 0.0834265
7 0.00941336 0.990587
0 0.965175 0.0348248
0 0.798059 0.201941
7 0.0440477 0.955952
7 0.00331651 0.996683
7 0.0884641 0.911536
0 0.988376 0.0116241
7 0.0782681 0.921732
7 0.00179039 0.99821
7 0.00168407 0.998316
7 4.13616e-05 0.999959
7 0.00943869 0.990561
7 0.0895407 0.910459
0 0.721467 0.278533
7 9.40698e-05 0.999906
7 0.142482 0.857518
7 5.41303e-05 0.999946
0 0.913407 0.0865926
7 0.232162 0.767838
7 0.194695 0.805305
0 0.653396 0.346604
0 0.777996 0.222004
0 0.55376 0.44624
0 0.998686 0.00131382
0 0.960314 0.0396857
7 0.00196946 0.998031
7 0.000702398 0.999298
7 4.6913e-07 1
7 0.0521948 0.947805
7 0.0588621 0.941138
0 0.561375 0.438625
7 0.189688 0.810312
7 0.0148172 0.985183
7 0.0112742 0.988726
7 0.0347957 0.965204
7 0.00836425 0.991636
7 0.00228487 0.997715
7 0.0382822 0.961718
7 1e-07 1
7 0.0242073 0.975793
7 0.454198 0.545802
7 0.00260696 0.997393
0 0.999854 0.0001464
7 0.0209315 0.979069
0 0.583356 0.416644
7 9.54676e-07 0.999999
7 0.0413439 0.958656
7 0.0506139 0.949386
7 2.08716e-05 0.999979
7 0.0476309 0.952369
7 0.00145963 0.99854
0 0.999224 0.000776026
7 0.0155664 0.984434
7 0.00890616 0.991094
7 0.487993 0.512007
7 0.000383181 0.999617
7 0.0890356 0.910964
7 0.1138 0.8862
7 6.49997e-05 0.999935
7 0.0108993 0.989101
0 0.550532 0.449468
7 0.0300738 0.969926
7 0.0545707 0.945429
0 0.999912 8.76131e-05
0 0.760149 0.239851
7 0.000313637 0.999686
7 0.0450712 0.954929
7 0.105545 0.894455
7 0.146263 0.853737
0 0.999628 0.000372014
0 0.873788 0.126212
7 0.00204341 0.997957
7 0.141849 0.858151
7 0.0270171 0.972983
0 0.999577 0.000423409
7 0.0146063 0.985394
7 0.112758 0.887242
0 0.924543 0.0754568
7 0.0782908 0.921709
7 0.0365435 0.963457
7 0.148714 0.851286
0 0.902652 0.0973475
0 0.792944 0.207056
7 0.0919345 0.908066
0 0.826419 0.173581
0 0.665627 0.334373
7 0.00939556 0.990604
0 0.567091 0.432909
7 3.09834e-05 0.999969
7 7.11779e-07 0.999999
7 0.0162234 0.983777
7 0.000899902 0.9991
7 0.000137545 0.999862
7 4.20919e-05 0.999958
7 0.215835 0.784165
7 0.348339 0.651661
7 0.0403932 0.959607
7 0.00643204 0.993568
7 0.295864 0.704136
7 0.27337 0.72663
0 0.740911 0.259089
0 0.798348 0.201652
7 0.000796849 0.999203
7 0.000299196 0.999701
0 0.778669 0.221331
7 0.34562 0.65438
0 0.84467 0.15533
7 0.00384268 0.996157
0 0.889983 0.110017
7 0.0271471 0.972853
7 9.87845e-07 0.999999
7 0.000239851 0.99976
7 6.38284e-05 0.999936
7 0.000573699 0.999426
0 0.684606 0.315394
7 0.000695232 0.999305
0 0.986239 0.0137605
7 0.438499 0.561501
7 0.0393102 0.96069
7 0.0108164 0.989184
7 0.0345586 0.965441
7 0.0249384 0.975062
0 0.539463 0.460537
7 0.021721 0.978279
7 2.28279e-07 1
7 0.0243233 0.975677
7 0.0361402 0.96386
7 0.00572101 0.994279
0 0.782479 0.217521
7 0.000427032 0.999573
7 0.0907921 0.909208
7 0.161087 0.838913
0 0.927534 0.072466
7 0.000914171 0.999086
0 0.986415 0.0135852
0 0.722548 0.277452
0 0.997094 0.00290618
7 2.56188e-06 0.999997
7 0.21519 0.78481
7 2.34646e-07 1
7 0.0185899 0.98141
0 0.806668 0.193332
7 7.34882e-07 0.999999
7 0.113302 0.886698
0 0.559747 0.440253
7 0.0196524 0.980348
7 0.0294548 0.970545
7 0.00090458 0.999095
7 0.00964964 0.99035
7 0.00149235 0.998508
0 0.594886 0.405114
7 0.00916496 0.990835
0 0.988324 0.0116757
7 0.255819 0.744181
7 0.000205618 0.999794
7 0.436046 0.563954
0 0.886695 0.113305
7 0.000326741 0.999673
7 0.0133528 0.986647
7 5.01002e-06 0.999995
0 0.851355 0.148645
7 0.00789513 0.992105
7 0.0016683 0.998332
7 0.000106521 0.999893
7 4.98323e-05 0.99995
0 0.757898 0.242102
7 0.0569281 0.943072
0 0.978331 0.0216694
7 0.0969001 0.9031
0 0.930045 0.0699553
7 0.0425929 0.957407
7 0.119328 0.880672
7 0.130689 0.869311
7 0.00106329 0.998937
7 0.0388231 0.961177
0 0.988634 0.0113662
7 0.317851 0.682149
7 0.0526793 0.947321
0 0.638779 0.361221
7 0.149843 0.850157
7 0.000653015 0.999347
7 0.0760469 0.923953
7 0.115962 0.884038
0 0.854467 0.145533
7 0.0306049 0.969395
0 0.880443 0.119557
0 0.766367 0.233633
7 0.472951 0.527049
0 0.90887 0.0911298
7 0.131801 0.868199
7 0.0194141 0.980586
7 0.131248 0.868752
0 0.828572 0.171428
0 0.994037 0.00596289
0 0.999195 0.000805127
0 0.800688 0.199312
7 0.0884674 0.911533
0 0.66714 0.33286
0 0.888855 0.111145
7 0.000532502 0.999467
0 0.877614 0.122386
7 0.0637429 0.936257
0 0.605989 0.394011
0 0.967168 0.0328322
7 0.00148177 0.998518
0 0.910525 0.0894745
7 0.486068 0.513932
7 0.0269425 0.973058
0 0.995846 0.0041544
0 0.726077 0.273923
7 1e-07 1
7 3.16501e-05 0.999968
0 0.938636 0.0613643
7 0.0014977 0.998502
0 0.976581 0.0234187
7 0.0484988 0.951501
7 0.151081 0.848919
7 0.000772994 0.999227
0 0.758634 0.241366
7 0.00286468 0.997135
7 0.00135966 0.99864
7 0.0308582 0.969142
7 1.06978e-07 1
0 0.998257 0.00174322
7 0.00274891 0.997251
7 0.452588 0.547412
0 0.864815 0.135185
0 0.953406 0.0465941
0 0.862443 0.137557
7 0.0171388 0.982861
0 0.996709 0.00329078
0 0.998025 0.00197525
0 0.979271 0.0207292
0 0.825325 0.174675
7 1.93508e-05 0.999981
7 0.0370835 0.962917
7 0.00445715 0.995543
7 0.00379927 0.996201
7 0.087063 0.912937
0 0.742949 0.257051
7 0.100222 0.899778
0 0.999987 1.28243e-05
0 0.999284 0.000716076
0 0.732749 0.267251
