labels 1 7
7 1e-07 1
7 1e-07 1
1 0.521483 0.478517
1 0.998124 0.00187568
7 0.0201565 0.979843
1 0.995993 0.00400711
7 0.0029563 0.997044
7 0.112464 0.887536
1 1 1e-07
7 0.039576 0.960424
1 0.999911 8.88793e-05
7 0.217886 0.782114
1 0.825653 0.174347
1 0.877521 0.122479
1 0.995557 0.004443
1 0.999553 0.00044716
1 0.998185 0.00181521
7 0.426851 0.573149
7 0.014567 0.985433
7 0.0309936 0.969006
1 0.988664 0.0113357
7 0.303851 0.696149
7 1.75173e-06 0.999998
1 0.979709 0.0202913
1 0.887075 0.112925
1 0.627929 0.372071
1 0.996575 0.00342509
1 0.726546 0.273454
1 0.745116 0.254884
1 0.999979 2.14132e-05
1 0.81571 0.18429
1 0.999885 0.000115452
7 0.00075398 0.999246
7 5.29589e-06 0.999995
1 0.999998 2.43373e-06
1 0.999998 1.97924e-06
1 0.988064 0.0119364
7 0.120619 0.879381
1 1 1e-07
7 0.000281817 0.999718
7 0.131966 0.868034
1 0.997725 0.00227467
7 0.0238149 0.976185
1 0.93599 0.0640097
1 0.642706 0.357294
1 0.561928 0.438072
1 0.963907 0.0360934
1 0.656175 0.343825
7 1e-07 1
7 0.141116 0.858884
1 1 1e-07
1 0.995861 0.00413906
1 0.998246 0.0017541
1 0.999388 0.000612389
1 0.999805 0.000195269
1 0.9981 0.0019
1 0.998603 0.00139709
1 0.923266 0.076734
7 0.297933 0.702067
1 0.690459 0.309541
1 0.972798 0.0272018
7 1.28123e-06 0.999999
1 0.885916 0.114084
1 0.999069 0.000930925
1 0.97182 0.0281801
7 0.166125 0.833875
1 0.993811 0.00618876
7 0.321841 0.678159
7 0.277826 0.722174
1 0.960714 0.0392859
7 2.56188e-05 0.999974
1 0.87924 0.12076
1 0.999983 1.74815e-05
1 0.998333 0.00166698
1 0.843788 0.156212
7 0.394618 0.605382
7 0.00517694 0.994823
7 0.00255619 0.997444
1 0.763857 0.236143
1 0.75027 0.24973
7 0.00132135 0.998679
7 0.00366785 0.996332
7 0.185652 0.814348
1 0.991023 0.00897676
1 0.997696 0.0023043
1 0.999961 3.89383e-05
1 0.881763 0.118237
7 0.0161597 0.98384
7 0.000909211 0.999091
7 0.314353 0.685647
1 0.999814 0.000185977
7 8.65199e-05 0.999913
1 0.992902 0.00709776
1 0.976203 0.0237974
1 0.932747 0.0672527
1 0.999947 5.25766e-05
7 0.136894 0.863106
1 0.651743 0.348257
1 0.963062 0.0369383
7 0.000394996 0.999605
1 0.926889 0.073111
7 1.98189e-07 1
7 0.000374763 0.999625
1 0.996586 0.00341428
7 1.59242e-07 1
1 0.693719 0.306281
1 1 2.9697e-07
1 0.999999 7.62242e-07
1 0.967574 0.032426
1 0.988965 0.0110347
1 0.9938 0.00620025
1 0.997888 0.00211238
7 1e-07 1
7 2.96589e-05 0.99997
7 2.20007e-06 0.999998
7 0.00585297 0.994147
7 1e-07 1
1 0.994469 0.00553099
7 0.000164639 0.999835
1 0.995167 0.00483344
1 0.999314 0.000686178
1 0.970701 0.0292992
1 0.997284 0.0027162
1 0.997396 0.00260384
7 0.0207512 0.979249
1 0.960691 0.0393094
7 0.00167322 0.998327
7 0.0161085 0.983891
7 0.254177 0.745823
7 0.0573116 0.942688
1 0.972562 0.0274382
1 0.999381 0.00061862
7 0.000641537 0.999358
1 0.996019 0.00398069
7 0.269831 0.730169
7 0.397934 0.602066
7 0.194935 0.805065
1 0.914595 0.0854053
1 0.999999 1.36401e-06
1 0.952103 0.047897
7 0.126874 0.873126
7 0.047347 0.952653
1 0.999783 0.000217372
7 0.0203223 0.979678
7 0.000961535 0.999038
1 0.941612 0.0583884
1 0.996716 0.00328413
1 0.999983 1.74679e-05
7 0.000911317 0.999089
7 0.148126 0.851874
1 0.947094 0.0529059
7 0.00256651 0.997433
1 0.99617 0.00382971
1 0.991014 0.00898649
1 0.975106 0.0248936
1 0.884224 0.115776
1 0.966813 0.0331871
7 0.0299392 0.970061
7 1e-07 1
1 0.997823 0.00217745
1 0.999902 9.76829e-05
1 0.999964 3.56021e-05
1 0.999325 0.000674989
7 0.00402871 0.995971
1 0.975637 0.0243631
7 0.0565229 0.943477
1 0.985864 0.0141358
7 0.0668552 0.933145
7 0.00421161 0.995788
1 0.999209 0.000790962
1 0.999999 1.2681e-06
1 0.871545 0.128455
1 0.885808 0.114192
1 0.906124 0.0938759
7 1e-07 1
7 6.90858e-05 0.999931
1 0.999189 0.0008115
1 0.999983 1.67362e-05
7 0.000239021 0.999761
7 0.189599 0.810401
7 0.0531294 0.946871
1 0.996937 0.00306308
1 0.940987 0.0590128
7 0.154997 0.845003
7 0.413661 0.586339
7 0.0060329 0.993967
1 0.997719 0.0022808
7 0.00187777 0.998122
1 0.969357 0.0306428
7 0.443472 0.556528
1 0.981604 0.0183964
1 0.99822 0.00178042
1 0.999193 0.0008075
1 0.842674 0.157326
1 0.972793 0.0272075
7 0.000616751 0.999383
1 0.651752 0.348248
1 0.999406 0.000594272
1 0.906496 0.0935038
1 0.878715 0.121285
1 0.995205 0.00479508
7 1.34783e-06 0.999999
1 0.972659 0.0273411
1 0.998933 0.00106713
1 0.956182 0.0438182
1 1 1.54234e-07
1 0.950856 0.0491442
1 0.999248 0.000751823
7 0.134443 0.865557
7 1.02988e-05 0.99999
1 0.989308 0.010692
7 0.110084 0.889916
1 0.944455 0.0555446
1 0.981667 0.0183333
1 0.997624 0.00237564
1 0.976806 0.0231942
1 0.550792 0.449208
7 0.000517679 0.999482
7 2.02442e-05 0.99998
7 0.426081 0.573919
7 4.44177e-05 0.999956
1 0.912801 0.0871988
7 0.00785233 0.992148
7 0.0610938 0.938906
1 0.999164 0.000835843
7 5.47581e-06 0.999995
7 0.0908743 0.909126
1 0.983004 0.016996
1 0.999883 0.000117196
7 1e-07 1
7 0.00209508 0.997905
1 0.998681 0.00131935
7 0.00802878 0.991971
1 0.986867 0.0131332
1 0.997047 0.00295269
7 0.0631442 0.936856
1 0.871754 0.128246
1 0.986779 0.0132213
1 0.994054 0.00594605
1 0.940872 0.0591285
7 1e-07 1
7 0.0129246 0.987075
1 0.999997 2.59674e-06
1 0.892748 0.107252
1 0.998879 0.00112088
1 0.976033 0.0239673
1 0.971065 0.0289351
7 1.74938e-05 0.999983
1 0.999462 0.000537515
1 0.973067 0.0269326
1 0.996651 0.00334936
7 0.154432 0.845568
7 1e-07 1
1 0.948517 0.0514827
7 0.00177205 0.998228
1 0.627158 0.372842
1 0.997702 0.00229837
1 0.954487 0.0455132
1 0.999995 5.00238e-06
7 9.26417e-06 0.999991
1 0.673835 0.326165
7 0.00266137 0.997339
7 0.260248 0.739752
1 0.985178 0.0148222
1 0.910127 0.0898725
7 0.0357085 0.964292
1 0.999789 0.000211176
1 0.999999 5.26804e-07
1 0.802201 0.197799
7 0.0431952 0.956805
7 0.285266 0.714734
7 0.0078717 0.992128
1 0.999887 0.000112862
1 0.967616 0.0323841
7 1e-07 1
1 0.998756 0.00124397
1 0.790955 0.209045
1 0.99892 0.00108049
1 0.977132 0.022868
1 0.999987 1.32046e-05
1 0.999321 0.000679018
7 0.00155943 0.998441
1 0.992293 0.00770703
1 0.957135 0.0428645
7 0.0958637 0.904136
1 0.897237 0.102763
7 4.36537e-05 0.999956
7 0.0438327 0.956167
1 0.996866 0.00313417
1 0.965187 0.0348129
1 0.99805 0.00194997
7 0.0249571 0.975043
7 0.153267 0.846733
1 0.836871 0.163129
1 0.999901 9.8535e-05
7 1e-07 1
7 0.0973493 0.902651
1 0.999999 6.25933e-07
1 0.99101 0.00899027
1 0.973977 0.026023
1 0.999989 1.11507e-05
7 6.95622e-07 0.999999
1 0.973702 0.0262975
7 0.122173 0.877827
7 0.0416018 0.958398
1 0.903493 0.0965065
7 1.10828e-05 0.999989
1 0.955702 0.0442979
1 1 1e-07
1 0.785126 0.214874
1 0.954779 0.0452213
1 0.974894 0.0251058
1 0.997166 0.00283446
7 1.46726e-06 0.999999
7 1.80499e-05 0.999982
1 0.678775 0.321225
7 0.00313014 0.99687
1 0.999957 4.25033e-05
7 0.0173874 0.982613
7 0.00305229 0.996948
1 0.970576 0.029424
7 0.000744127 0.999256
7 3.44274e-06 0.999997
1 1 2.59002e-07
7 0.00049929 0.999501
7 7.72236e-06 0.999992
7 1.49898e-05 0.999985
7 9.955e-07 0.999999
7 0.0409235 0.959076
1 0.966349 0.0336511
1 0.99968 0.000319554
7 0.362719 0.637281
7 2.73155e-07 1
1 0.989247 0.0107533
7 0.0598056 0.940194
1 0.933139 0.066861
1 0.999987 1.29537e-05
1 0.996951 0.0030487
7 1e-07 1
7 0.00101303 0.998987
7 1e-07 1
7 0.450713 0.549287
1 0.590052 0.409948
7 0.0900722 0.909928
1 0.979736 0.0202637
1 0.999951 4.86167e-05
7 1e-07 1
1 0.906343 0.0936566
1 0.998637 0.00136259
7 1.04667e-07 1
7 0.314236 0.685764
1 0.999354 0.0006455
1 0.997963 0.00203725
1 0.999013 0.000986982
1 0.950907 0.0490931
7 1e-07 1
1 0.974841 0.0251595
1 0.999793 0.000207468
1 0.999705 0.000294873
7 0.363948 0.636052
1 0.999641 0.000359009
1 0.977675 0.022325
1 0.957995 0.0420053
1 0.998264 0.00173629
1 0.987506 0.0124942
7 0.000257564 0.999742
7 0.000104359 0.999896
7 3.02726e-05 0.99997
1 0.979635 0.0203652
7 0.0950842 0.904916
1 0.503939 0.496061
1 0.779428 0.220572
1 0.999937 6.25908e-05
7 0.000511148 0.999489
1 0.997583 0.00241712
7 8.30454e-05 0.999917
7 0.00107898 0.998921
1 0.681914 0.318086
7 0.0921785 0.907822
1 0.843225 0.156775
7 1.13401e-06 0.999999
1 0.999161 0.000839287
7 3.89433e-06 0.999996
7 7.41875e-05 0.999926
1 0.994065 0.00593505
1 0.791739 0.208261
1 0.970868 0.0291325
1 0.848246 0.151754
1 0.999203 0.000797459
7 0.257524 0.742476
1 0.56847 0.43153
7 8.14196e-05 0.999919
1 1 4.57292e-07
1 1 1e-07
1 0.999925 7.53831e-05
7 1e-07 1
1 0.968506 0.0314942
1 0.848606 0.151394
1 0.916746 0.0832541
7 0.000810676 0.999189
1 0.992662 0.0073375
7 0.00449634 0.995504
1 0.999501 0.000498724
1 1 1.0323e-07
1 0.994083 0.00591654
1 0.999227 0.000773467
1 0.997345 0.00265544
7 0.000409888 0.99959
7 0.00105345 0.998947
1 0.990782 0.00921807
1 0.842957 0.157043
1 0.99999 9.89173e-06
1 0.999127 0.000873011
7 1.31687e-07 1
1 0.999997 3.47273e-06
7 0.275453 0.724547
1 0.791246 0.208754
1 0.937633 0.0623672
7 0.412132 0.587868
1 1 1e-07
7 1e-07 1
1 0.949158 0.0508419
7 0.000974809 0.999025
1 0.994736 0.00526392
7 0.0294097 0.97059
1 0.996484 0.00351555
1 0.95007 0.04993
1 0.917291 0.082709
1 0.99637 0.00363013
7 0.0761837 0.923816
1 0.999976 2.44285e-05
1 0.999605 0.00039464
7 0.000133394 0.999867
1 0.793619 0.206381
7 0.00612864 0.993871
1 0.998783 0.0012173
1 0.920829 0.0791714
7 2.51347e-06 0.999997
7 0.000353453 0.999647
7 0.405406 0.594594
1 0.998335 0.00166543
1 1 3.66e-07
1 0.999973 2.74588e-05
1 0.9889 0.0111002
1 0.823788 0.176212
7 2.06093e-05 0.999979
1 0.988234 0.0117662
7 0.0587435 0.941257
1 0.658624 0.341376
1 0.993304 0.00669625
1 0.992732 0.00726762
7 0.0012161 0.998784
1 0.999979 2.10512e-05
1 0.886212 0.113788
1 0.999988 1.16476e-05
1 0.791127 0.208873
7 0.00615773 0.993842
1 0.925621 0.0743791
7 0.0376828 0.962317
1 0.998813 0.00118658
7 0.0465771 0.953423
7 0.000621901 0.999378
1 0.990651 0.00934859
1 0.984331 0.0156691
1 0.810996 0.189004
1 0.929878 0.0701219
1 0.888547 0.111453
1 0.727532 0.272468
1 0.99624 0.00376026
1 0.840961 0.159039
1 0.991524 0.00847601
7 0.00181001 0.99819
1 0.999333 0.000667191
1 0.997406 0.00259384
1 0.981282 0.0187178
7 0.149015 0.850985
7 0.00528046 0.99472
1 0.842513 0.157487
1 0.998281 0.00171873
1 0.999907 9.34089e-05
1 0.962278 0.037722
1 0.998998 0.00100236
7 1e-07 1
1 0.98881 0.0111904
1 0.999943 5.70573e-05
1 0.976838 0.0231619
7 1e-07 1
7 1e-07 1
1 0.999964 3.58166e-05
1 1 1e-07
7 0.0683795 0.93162
1 0.9996 0.000399791
1 0.994838 0.00516225
1 0.926629 0.0733714
1 0.555603 0.444397
1 0.998871 0.00112924
1 0.916564 0.0834363
1 0.999868 0.000131654
1 0.999886 0.000113959
1 0.983444 0.0165563
1 0.99997 3.02921e-05
1 1 1e-07
1 0.997154 0.00284627
1 0.995971 0.00402858
1 0.936666 0.0633343
1 0.981808 0.0181915
1 0.99811 0.00188981
7 5.60014e-05 0.999944
1 0.999938 6.16462e-05
1 0.687197 0.312803
7 0.00145447 0.998546
1 0.999968 3.23976e-05
1 1 1e-07
1 0.946237 0.0537625
7 0.457219 0.542781
1 0.958788 0.0412125
7 2.24553e-06 0.999998
7 0.0294377 0.970562
1 0.999785 0.00021543
7 4.97176e-05 0.99995
1 0.776979 0.223021
7 0.360005 0.639995
1 0.92179 0.0782103
1 0.988001 0.0119989
7 1e-07 1
1 0.959099 0.0409013
7 0.11123 0.88877
1 0.856833 0.143167
1 0.865086 0.134914
1 0.999991 8.69405e-06
7 0.000710871 0.999289
1 0.927944 0.0720557
1 0.998227 0.00177346
1 0.999997 3.17688e-06
1 0.993808 0.00619155
1 0.997448 0.0025521
7 0.0008954 0.999105
7 0.0664985 0.933501
1 0.79564 0.20436
1 0.999999 8.25363e-07
7 8.10306e-07 0.999999
7 7.77869e-05 0.999922
7 0.000385072 0.999615
7 0.123069 0.876931
7 0.101217 0.898783
1 0.916161 0.0838387
7 3.48645e-07 1
1 0.613275 0.386725
7 0.000991303 0.999009
1 0.999931 6.86617e-05
1 0.975106 0.0248945
7 0.00927848 0.990722
1 0.949539 0.0504615
1 0.999998 2.31174e-06
1 0.964364 0.035636
7 0.0776958 0.922304
1 0.95054 0.0494605
7 0.00032473 0.999675
7 0.234427 0.765573
7 0.262873 0.737127
7 0.321497 0.678503
1 0.99567 0.0043301
7 0.336506 0.663494
7 1e-07 1
1 1 1e-07
7 1e-07 1
1 0.632155 0.367845
1 0.977814 0.0221859
1 0.549885 0.450115
1 0.724783 0.275217
1 0.999689 0.000311488
1 0.998907 0.00109348
1 0.999519 0.000481053
1 0.990165 0.00983531
1 0.999282 0.00071808
1 0.99959 0.000409713
1 0.999282 0.000717992
1 0.970852 0.0291478
7 0.236132 0.763868
1 0.999999 1.34601e-06
1 0.991615 0.00838455
7 0.396173 0.603827
1 0.939117 0.0608826
7 0.00259123 0.997409
1 0.552244 0.447756
1 0.911122 0.0888784
1 0.661156 0.338844
7 0.000293288 0.999707
1 0.982864 0.0171363
1 0.988753 0.0112468
1 0.999979 2.13859e-05
1 0.998875 0.00112479
1 0.995433 0.00456673
1 0.711679 0.288321
1 1 1e-07
7 0.00113164 0.998868
7 0.447714 0.552286
7 4.74514e-06 0.999995
7 1.33431e-06 0.999999
1 0.837407 0.162593
1 0.60168 0.39832
7 1e-07 1
7 1.23201e-05 0.999988
1 0.995622 0.00437811
1 0.995961 0.00403896
1 0.997067 0.00293337
1 0.999996 3.53915e-06
7 0.381612 0.618388
7 0.280154 0.719846
1 0.999245 0.000755492
1 0.953482 0.0465177
1 0.980116 0.0198841
7 1.21805e-07 1
7 1.23413e-05 0.999988
1 0.727603 0.272397
7 5.6691e-06 0.999994
1 0.986408 0.013592
1 0.991794 0.00820558
7 0.404073 0.595927
7 0.0250203 0.97498
1 0.688647 0.311353
1 0.991433 0.00856691
7 0.000679751 0.99932
7 0.068558 0.931442
1 0.755162 0.244838
1 0.961617 0.0383832
1 0.893184 0.106816
1 0.880469 0.119531
1 0.998945 0.00105479
7 9.253e-05 0.999907
1 0.999982 1.78079e-05
7 0.119464 0.880536
7 0.18395 0.81605
7 0.434246 0.565754
1 0.999898 0.000102296
7 1.70392e-07 1
1 0.914926 0.0850735
1 0.704028 0.295972
7 6.90743e-06 0.999993
1 0.972164 0.0278361
7 0.000112105 0.999888
7 0.0181035 0.981896
1 0.998242 0.00175843
1 0.996872 0.00312781
1 0.798618 0.201382
7 4.41134e-05 0.999956
7 0.000282362 0.999718
7 0.000729404 0.999271
1 0.988739 0.0112614
7 1e-07 1
7 3.55593e-07 1
1 0.937303 0.0626968
7 0.0303166 0.969683
1 0.930988 0.0690124
1 0.99121 0.00878994
1 1 1e-07
7 0.0328848 0.967115
1 0.958064 0.0419364
7 1e-07 1
7 0.000330256 0.99967
7 9.59442e-05 0.999904
1 0.999976 2.37022e-05
1 0.934009 0.0659913
1 0.993826 0.00617388
7 0.00477399 0.995226
1 0.635053 0.364947
1 0.994545 0.00545542
7 2.10302e-07 1
1 0.929168 0.0708316
7 0.00101885 0.998981
7 1e-07 1
1 0.970561 0.0294394
7 0.437047 0.562953
7 0.040628 0.959372
1 0.938852 0.0611482
7 1e-07 1
7 0.429695 0.570305
1 0.993211 0.00678856
7 1.57944e-05 0.999984
7 9.50866e-05 0.999905
1 0.96773 0.0322697
1 0.999978 2.21498e-05
7 7.49236e-06 0.999993
7 0.00254149 0.997459
1 0.965824 0.034176
7 0.002431 0.997569
7 0.0274305 0.97257
7 0.02418 0.97582
1 0.953731 0.0462689
7 0.00033656 0.999663
1 0.729837 0.270163
1 0.970372 0.0296278
1 0.998746 0.00125363
7 0.00185408 0.998146
7 6.10754e-06 0.999994
7 0.0562951 0.943705
1 0.996817 0.00318344
1 0.987966 0.0120344
1 0.999607 0.000392877
1 0.999889 0.00011054
7 0.161292 0.838708
7 3.67062e-07 1
1 0.996077 0.00392289
1 0.971588 0.0284125
7 1e-07 1
7 0.346104 0.653896
1 0.999999 1.1662e-06
1 0.999959 4.10261e-05
7 1e-07 1
7 1e-07 1
7 0.239354 0.760646
7 0.000131012 0.999869
7 1e-07 1
1 0.924966 0.0750337
7 0.0253185 0.974681
1 0.996686 0.00331357
1 0.939139 0.0608608
7 0.00536317 0.994637
7 9.05339e-05 0.999909
1 0.999953 4.6844e-05
1 0.886911 0.113089
7 0.237356 0.762644
1 0.92944 0.0705598
1 0.964111 0.035889
1 0.999648 0.000352186
1 0.997389 0.00261067
7 0.428208 0.571792
1 0.977802 0.0221981
1 0.90514 0.0948599
7 1.08389e-05 0.999989
7 0.350324 0.649676
7 1.46484e-05 0.999985
1 0.963334 0.0366659
1 0.973475 0.0265247
1 0.999982 1.83654e-05
1 0.999728 0.000271895
1 0.976498 0.023502
7 0.00672247 0.993278
7 2.00408e-07 1
1 0.95225 0.0477498
1 0.809288 0.190712
7 0.000308297 0.999692
1 0.993942 0.00605788
7 1e-07 1
7 0.0202305 0.97977
7 0.317053 0.682947
1 0.755852 0.244148
1 0.999812 0.00018756
7 6.27291e-07 0.999999
1 0.998567 0.00143282
1 0.976948 0.0230525
1 0.951256 0.0487442
1 0.999517 0.000482513
1 0.948759 0.0512407
1 0.99762 0.00238031
7 0.354594 0.645406
1 0.991506 0.00849392
7 1.08863e-06 0.999999
1 0.998227 0.00177298
1 0.798211 0.201789
1 0.996169 0.00383085
1 0.858552 0.141448
1 0.539742 0.460258
7 5.95318e-05 0.99994
1 0.994819 0.00518066
7 0.0412456 0.958754
1 0.99956 0.000439693
7 0.000684028 0.999316
7 4.29704e-06 0.999996
1 0.999683 0.000316836
1 0.975141 0.0248588
1 1 1e-07
7 0.0467677 0.953232
1 0.998898 0.00110199
1 0.999658 0.000342107
1 0.99997 3.01135e-05
1 0.97246 0.0275398
1 0.989504 0.0104958
1 0.973194 0.0268063
1 0.970587 0.0294134
1 0.996828 0.00317189
7 0.133141 0.866859
7 0.000358857 0.999641
1 0.998742 0.00125811
1 0.556848 0.443152
7 5.46441e-05 0.999945
7 8.42762e-05 0.999916
1 0.971538 0.028462
7 0.119377 0.880623
7 0.407405 0.592595
1 0.946438 0.0535621
1 0.977954 0.0220461
1 0.94734 0.0526598
1 0.970793 0.0292075
1 0.979997 0.0200027
7 0.0736167 0.926383
1 0.999597 0.000403226
1 0.989335 0.0106645
7 0.215701 0.784299
7 8.95875e-06 0.999991
1 0.999689 0.000311498
1 0.996875 0.00312486
1 0.935652 0.064348
7 0.00012072 0.999879
1 0.973194 0.0268057
1 0.919354 0.080646
1 0.97884 0.0211605
1 0.986612 0.013388
1 0.996297 0.00370285
7 2.98636e-05 0.99997
7 0.0499515 0.950049
1 0.931136 0.068864
1 0.99525 0.0047497
1 0.954905 0.0450952
7 0.00314288 0.996857
7 3.20016e-06 0.999997
7 1.07025e-05 0.999989
1 0.999089 0.000911058
1 0.976328 0.0236719
1 0.864974 0.135026
1 0.992693 0.00730675
7 0.222879 0.777121
1 0.989303 0.0106968
7 0.0329923 0.967008
1 1 1e-07
1 0.999059 0.000941266
1 0.998972 0.00102789
1 0.997838 0.00216182
7 0.000110792 0.999889
1 0.999998 1.52616e-06
7 0.0373682 0.962632
1 0.999999 7.17011e-07
1 0.940648 0.0593523
1 0.99999 1.02693e-05
1 0.964985 0.035015
7 1.48915e-07 1
7 0.335392 0.664608
1 0.994081 0.00591906
1 0.95077 0.04923
1 0.983979 0.0160209
7 0.34389 0.65611
7 8.77961e-07 0.999999
1 0.605506 0.394494
7 0.000173422 0.999827
1 0.988217 0.0117827
7 1e-07 1
1 0.982596 0.0174042
1 0.816138 0.183862
1 0.998947 0.00105345
1 0.998108 0.00189204
1 0.999932 6.81637e-05
1 0.880419 0.119581
1 0.999618 0.000382029
7 0.0041903 0.99581
1 0.999996 3.90416e-06
7 0.0306198 0.96938
1 0.974693 0.0253074
7 0.00168118 0.998319
1 0.894627 0.105373
1 0.999981 1.85886e-05
1 0.99998 2.00625e-05
1 0.974516 0.0254836
1 0.920216 0.0797842
1 0.9526 0.0474001
1 0.987459 0.012541
1 0.983514 0.0164863
7 0.0129942 0.987006
1 0.998841 0.00115948
7 2.27816e-06 0.999998
1 0.992341 0.00765907
1 0.999928 7.22297e-05
1 0.870322 0.129678
1 0.88978 0.11022
1 0.999994 5.7501e-06
7 0.389208 0.610792
7 0.0531169 0.946883
7 0.00166901 0.998331
1 0.991626 0.00837444
1 0.975995 0.0240046
1 0.990249 0.0097509
1 0.999435 0.000564826
1 0.999906 9.39083e-05
7 0.138118 0.861882
7 0.00222257 0.997777
1 0.999943 5.73881e-05
1 0.753458 0.246542
1 0.991128 0.0088718
1 0.939322 0.0606783
7 0.00463554 0.995364
1 0.98219 0.0178102
1 0.930921 0.069079
7 7.21515e-07 0.999999
1 0.919325 0.0806752
1 0.999622 0.0003784
7 0.000371885 0.999628
1 0.997675 0.00232534
1 0.999334 0.000666268
1 0.999358 0.000641712
1 1 1e-07
1 0.948642 0.0513579
7 0.0273447 0.972655
7 0.427519 0.572481
1 0.592885 0.407115
1 0.999974 2.61621e-05
1 0.999952 4.80726e-05
7 0.0055301 0.99447
1 0.99813 0.00186962
7 0.0158894 0.984111
7 0.00178033 0.99822
1 0.958819 0.0411811
7 2.50304e-07 1
1 0.999872 0.000128368
7 0.00014824 0.999852
1 0.999985 1.46329e-05
1 0.999963 3.72385e-05
1 0.997597 0.00240317
1 0.979707 0.0202926
1 0.999763 0.00023742
1 0.827003 0.172997
1 0.843099 0.156901
7 0.0135369 0.986463
7 0.00174415 0.998256
7 0.0374831 0.962517
1 0.959327 0.0406735
7 0.394492 0.605508
7 0.216904 0.783096
1 0.606807 0.393193
1 0.994866 0.00513359
1 0.999594 0.000406226
7 0.00203679 0.997963
1 0.545117 0.454883
1 0.931686 0.0683139
1 0.972169 0.0278308
1 0.988997 0.0110034
1 0.999612 0.000388461
1 0.999997 3.06367e-06
1 0.996872 0.00312792
1 0.99977 0.000229707
1 0.99924 0.000759609
1 0.994505 0.00549513
7 4.71356e-07 1
7 0.371246 0.628754
1 0.998661 0.00133863
1 0.998765 0.0012352
7 0.0960403 0.90396
1 0.973017 0.0269831
7 3.30742e-05 0.999967
1 0.763857 0.236143
7 8.25151e-05 0.999917
1 0.996661 0.0033394
7 1.58992e-06 0.999998
7 0.242946 0.757054
1 0.999315 0.000684681
7 1.02413e-05 0.99999
1 0.762193 0.237807
1 0.744292 0.255708
1 0.99969 0.000310426
1 0.950905 0.0490953
1 0.999326 0.000674188
1 0.674956 0.325044
1 0.99974 0.000260007
1 0.860638 0.139362
7 0.117131 0.882869
1 0.999814 0.000185746
1 0.964565 0.035435
7 1.98775e-06 0.999998
7 2.3977e-06 0.999998
1 0.997108 0.00289187
1 0.922113 0.0778867
1 0.999983 1.6602e-05
1 0.983901 0.0160993
1 0.987807 0.0121931
1 0.592455 0.407545
1 0.888858 0.111142
1 0.980447 0.0195533
1 0.999976 2.43465e-05
7 8.63265e-05 0.999914
1 0.663193 0.336807
1 0.999997 3.04229e-06
1 0.999128 0.00087231
7 0.0383996 0.9616
1 0.99822 0.00178044
1 0.779261 0.220739
1 0.974239 0.0257609
1 0.984665 0.0153355
1 0.987509 0.0124906
7 0.0109097 0.98909
1 0.943441 0.0565587
1 0.85002 0.14998
1 0.964535 0.0354654
1 0.996362 0.00363842
1 0.895695 0.104305
7 0.0252339 0.974766
1 0.917936 0.0820638
7 0.00236009 0.99764
7 2.70665e-05 0.999973
1 0.967151 0.0328495
1 0.987209 0.0127915
1 0.998805 0.00119538
1 0.999988 1.17823e-05
7 0.0474172 0.952583
1 0.996394 0.00360584
1 0.989954 0.0100459
1 0.940758 0.0592423
1 0.999994 5.5035e-06
7 1e-07 1
1 0.999104 0.000895885
1 0.630477 0.369523
1 0.863007 0.136993
1 0.936158 0.0638417
1 0.927884 0.0721156
1 0.999937 6.32504e-05
1 0.993886 0.00611407
1 0.999603 0.000396928
1 0.974627 0.0253727
1 0.993142 0.00685814
1 0.799902 0.200098
1 0.999926 7.35138e-05
1 0.997579 0.00242128
1 0.664357 0.335643
7 0.000989241 0.999011
1 0.696386 0.303614
7 0.00368103 0.996319
7 2.328e-05 0.999977
7 0.123635 0.876365
1 0.999945 5.47185e-05
7 1.24563e-07 1
7 0.000355544 0.999644
7 3.6392e-05 0.999964
7 0.170484 0.829516
1 0.998727 0.00127289
1 0.973251 0.0267491
1 0.984049 0.0159507
1 0.98379 0.0162095
7 0.254742 0.745258
7 3.17885e-05 0.999968
7 0.000520485 0.99948
1 0.989507 0.010493
1 0.935473 0.0645271
1 0.999473 0.000527288
1 0.99964 0.000359647
1 0.767044 0.232956
1 0.897577 0.102423
1 0.937489 0.0625113
1 0.622974 0.377026
1 0.842593 0.157407
1 0.979696 0.0203039
1 0.816509 0.183491
1 1 1e-07
1 0.899104 0.100896
1 0.998545 0.00145495
1 0.999978 2.1931e-05
7 1e-07 1
1 0.933257 0.066743
7 0.0056146 0.994385
1 0.981219 0.0187813
7 0.0270638 0.972936
7 4.80434e-05 0.999952
1 0.999996 4.48555e-06
7 1e-07 1
1 0.997846 0.00215403
7 6.00253e-06 0.999994
1 0.879581 0.120419
7 0.204015 0.795985
1 0.995489 0.00451105
7 0.0130922 0.986908
1 0.523895 0.476105
1 0.930276 0.0697236
7 0.201938 0.798062
7 1.76984e-07 1
7 0.0200536 0.979946
1 0.994879 0.00512135
7 0.000854439 0.999146
1 0.660097 0.339903
1 0.999996 4.34256e-06
1 0.78291 0.21709
7 0.0160524 0.983948
1 0.999123 0.000876544
7 1e-07 1
1 0.997384 0.00261603
1 0.998331 0.0016693
1 1 1.89763e-07
1 0.951908 0.0480921
7 0.00242295 0.997577
1 0.999944 5.63786e-05
1 0.99991 8.9594e-05
7 1e-07 1
7 0.00271138 0.997289
1 0.914801 0.0851987
1 0.989503 0.010497
7 1e-07 1
1 0.995256 0.00474392
7 1.91438e-06 0.999998
1 0.99717 0.00282956
1 0.960506 0.0394939
1 0.940057 0.0599433
7 4.37351e-07 1
1 0.976822 0.0231778
1 0.989267 0.0107331
7 9.64921e-05 0.999904
1 0.921213 0.0787872
7 1e-07 1
1 0.953837 0.0461626
1 0.97986 0.0201405
7 0.115043 0.884957
1 0.999539 0.000461303
1 0.999979 2.10189e-05
7 0.117768 0.882232
1 0.865659 0.134341
1 0.998252 0.00174781
7 0.253849 0.746151
7 1.17468e-05 0.999988
7 0.0863771 0.913623
1 0.983913 0.0160869
1 0.999997 2.5679e-06
1 0.985899 0.0141015
7 0.0189479 0.981052
1 0.999863 0.000136643
1 0.952367 0.0476326
1 0.97496 0.0250398
1 0.999725 0.000274574
7 0.179816 0.820184
1 0.955085 0.0449151
7 0.202186 0.797814
1 0.555784 0.444216
7 5.59168e-06 0.999994
7 0.395326 0.604674
1 0.916527 0.0834725
7 0.0345111 0.965489
7 0.00299749 0.997003
1 1 1e-07
1 0.94014 0.0598603
1 0.807638 0.192362
1 0.967752 0.0322481
7 0.00078188 0.999218
7 0.453734 0.546266
1 0.999386 0.000614097
7 0.218995 0.781005
7 0.007682 0.992318
7 3.07994e-06 0.999997
1 0.993852 0.00614764
7 0.0434365 0.956563
7 0.158739 0.841261
1 0.999577 0.000423101
1 0.962433 0.0375669
7 1.40297e-06 0.999999
7 8.66235e-05 0.999913
1 0.998726 0.00127363
7 2.24318e-06 0.999998
7 1e-07 1
1 0.99999 1.017e-05
7 4.40059e-05 0.999956
7 7.0605e-07 0.999999
1 0.859716 0.140284
7 0.134153 0.865847
1 0.961965 0.0380345
1 0.937669 0.0623314
1 0.999841 0.000158912
1 0.949514 0.0504863
7 0.0187431 0.981257
1 0.990296 0.00970445
7 0.0365857 0.963414
1 0.999987 1.31731e-05
1 0.999552 0.000448463
1 0.999932 6.7664e-05
1 0.815177 0.184823
1 0.984356 0.0156436
7 1e-07 1
7 0.014879 0.985121
1 0.972355 0.0276445
7 1.26727e-05 0.999987
7 0.000408955 0.999591
1 0.980963 0.0190372
1 0.999471 0.00052906
1 0.999778 0.000221731
7 0.0828962 0.917104
1 0.999999 1.01372e-06
1 0.957672 0.0423277
1 0.958591 0.0414092
7 0.00251157 0.997488
1 0.981494 0.0185055
1 0.994352 0.00564763
1 0.985714 0.0142858
1 0.866967 0.133033
7 1.43596e-07 1
1 0.944833 0.0551667
1 0.901346 0.0986541
7 0.000460039 0.99954
1 0.953858 0.0461421
1 0.972216 0.0277836
1 0.925501 0.0744988
1 0.985681 0.0143193
1 0.649203 0.350797
1 0.993194 0.00680641
7 1e-07 1
1 0.981291 0.018709
7 5.68475e-05 0.999943
1 0.999987 1.32075e-05
1 0.996994 0.00300569
7 0.282746 0.717254
1 0.97107 0.02893
1 0.993419 0.00658114
7 1e-07 1
1 0.997966 0.00203363
1 0.987721 0.012279
1 0.989229 0.0107707
7 0.272948 0.727052
1 0.999987 1.32321e-05
7 1.17174e-07 1
1 0.975344 0.0246556
1 0.999958 4.21714e-05
7 2.17328e-05 0.999978
7 0.42848 0.57152
1 0.937505 0.0624953
1 0.981848 0.0181518
1 0.999681 0.000318778
1 0.999998 2.28223e-06
1 0.994055 0.00594491
1 0.884991 0.115009
1 0.58684 0.41316
7 1.87118e-07 1
1 0.978701 0.0212989
7 1e-07 1
7 0.0297818 0.970218
7 3.67538e-07 1
1 0.941166 0.0588338
1 0.870108 0.129892
1 0.994961 0.00503876
1 0.877152 0.122848
1 1 1e-07
1 0.999927 7.26286e-05
1 0.77999 0.22001
7 0.346119 0.653881
1 0.998543 0.00145707
7 0.360931 0.639069
1 0.999884 0.00011598
1 0.936678 0.0633215
7 0.000356485 0.999644
1 0.911759 0.0882414
1 0.999959 4.13599e-05
1 0.890876 0.109124
1 0.997154 0.00284554
1 0.887698 0.112302
1 0.982942 0.0170585
7 6.83381e-07 0.999999
1 0.90482 0.0951798
1 0.993244 0.00675586
7 0.000547876 0.999452
7 0.174839 0.825161
7 0.00284314 0.997157
7 0.00384421 0.996156
1 0.923121 0.0768793
1 0.992871 0.00712857
7 0.189101 0.810899
1 0.939988 0.060012
1 0.99991 9.02179e-05
7 1e-07 1
1 0.976818 0.0231818
1 0.999982 1.78223e-05
1 0.996213 0.00378732
1 1 1e-07
7 7.79018e-06 0.999992
1 0.902627 0.0973726
7 0.00491147 0.995089
1 0.94444 0.0555601
1 0.999987 1.25931e-05
1 0.998671 0.00132879
1 0.999889 0.000110796
1 0.983476 0.0165239
1 0.997528 0.00247247
1 0.931139 0.0688611
7 0.0286199 0.97138
1 0.997434 0.00256578
1 0.684865 0.315135
1 0.998933 0.00106679
1 0.998306 0.00169359
7 3.16955e-05 0.999968
1 0.996942 0.00305795
1 0.842381 0.157619
1 0.999912 8.83118e-05
1 0.996723 0.00327672
7 4.00587e-05 0.99996
1 0.886592 0.113408
7 0.39441 0.60559
1 0.875545 0.124455
1 0.96662 0.0333797
1 0.666756 0.333244
1 0.934665 0.065335
7 0.269169 0.730831
7 1e-07 1
1 0.983512 0.0164883
1 0.995194 0.00480587
1 0.997848 0.00215222
7 0.000438291 0.999562
1 0.970503 0.0294966
1 0.999972 2.8049e-05
7 0.00158779 0.998412
7 1.68403e-07 1
7 0.000117952 0.999882
7 1.53473e-05 0.999985
1 0.999445 0.000554581
1 0.977628 0.0223718
7 3.57372e-07 1
7 0.000830164 0.99917
7 0.177267 0.822733
1 0.961037 0.0389628
7 1e-07 1
1 0.874083 0.125917
7 9.92901e-05 0.999901
1 0.988705 0.0112953
7 0.0172021 0.982798
1 0.729721 0.270279
7 0.0229334 0.977067
1 0.777893 0.222107
7 0.0713406 0.928659
1 0.51145 0.48855
7 0.000559486 0.999441
1 0.999983 1.72329e-05
7 1.286e-06 0.999999
7 1e-07 1
7 1e-07 1
7 0.444955 0.555045
1 1 1e-07
1 0.999548 0.000451676
1 0.88788 0.11212
7 7.08714e-05 0.999929
1 0.976243 0.0237567
1 0.998723 0.00127663
1 0.995887 0.00411277
1 0.965049 0.0349506
7 0.163433 0.836567
1 0.963356 0.036644
7 7.21352e-07 0.999999
1 0.960764 0.0392355
1 0.971545 0.0284551
7 0.000107797 0.999892
1 0.995767 0.00423336
7 5.73772e-06 0.999994
1 0.999656 0.000343666
1 0.999941 5.92403e-05
7 0.32603 0.67397
1 0.968319 0.0316805
1 0.990078 0.00992201
1 0.99931 0.000689506
1 0.991822 0.00817792
7 0.00540826 0.994592
1 0.841968 0.158032
1 0.999119 0.000881274
7 0.0195958 0.980404
1 0.982353 0.0176473
7 0.0105217 0.989478
1 0.999909 9.13294e-05
1 0.994881 0.00511905
1 0.995534 0.00446619
1 0.507067 0.492933
7 0.000130792 0.999869
1 0.996679 0.00332142
1 0.931236 0.0687641
7 0.00103666 0.998963
1 0.664569 0.335431
7 0.127414 0.872586
1 0.94859 0.0514102
1 0.688554 0.311446
7 0.00195111 0.998049
1 0.998788 0.00121239
7 0.3381 0.6619
7 0.0209269 0.979073
1 0.999443 0.000557015
1 0.999431 0.000568831
1 0.522522 0.477478
7 0.0135996 0.9864
7 1e-07 1
1 0.998523 0.00147678
1 0.999998 2.04687e-06
7 0.444117 0.555883
1 0.993312 0.0066878
7 1.8172e-05 0.999982
1 0.645506 0.354494
1 0.999955 4.47258e-05
1 0.981361 0.0186385
7 0.00155524 0.998445
1 0.870939 0.129061
7 1.66391e-05 0.999983
7 1e-07 1
1 0.986849 0.013151
7 0.364956 0.635044
7 0.134152 0.865848
1 0.89132 0.10868
1 0.995453 0.00454723
7 5.42688e-07 0.999999
1 0.995552 0.00444759
7 0.000695477 0.999305
1 0.570333 0.429667
7 0.000612522 0.999387
7 0.0438391 0.956161
1 0.979903 0.0200967
1 0.939645 0.0603555
1 0.993781 0.00621858
7 0.193316 0.806684
7 0.000374015 0.999626
7 0.0160522 0.983948
7 0.227942 0.772058
1 0.976612 0.0233875
7 0.0252348 0.974765
1 0.999074 0.000925773
1 0.99084 0.00915999
7 1.72828e-05 0.999983
1 1 2.96115e-07
1 0.995917 0.0040826
7 1e-07 1
1 0.999867 0.0001332
1 0.999677 0.000323434
7 5.67184e-07 0.999999
1 0.99984 0.000159522
1 0.567334 0.432666
1 0.980871 0.0191286
7 0.00089042 0.99911
7 0.00539105 0.994609
1 0.969495 0.0305051
1 0.96909 0.0309105
1 0.999409 0.000591108
1 0.998338 0.00166185
1 0.999686 0.000313925
1 0.971128 0.0288721
1 0.768821 0.231179
1 0.999662 0.000337928
1 0.865629 0.134371
7 4.86978e-07 1
1 0.996135 0.0038655
1 0.994221 0.00577948
1 1 1e-07
1 0.971665 0.0283349
7 0.248225 0.751775
7 0.00607539 0.993925
1 0.999918 8.22524e-05
1 0.866117 0.133883
7 0.0187116 0.981288
1 0.666115 0.333885
7 4.5645e-05 0.999954
1 0.686552 0.313448
1 0.976846 0.0231535
1 0.99218 0.00782026
1 0.998358 0.00164186
1 0.937798 0.0622018
1 0.999777 0.00022318
1 0.797842 0.202158
7 0.00584522 0.994155
1 0.786437 0.213563
1 0.999737 0.000262729
7 0.0137679 0.986232
1 0.947206 0.0527937
1 0.898233 0.101767
7 0.0104236 0.989576
7 4.55001e-05 0.999954
7 0.000519221 0.999481
1 0.999997 2.81763e-06
7 0.419439 0.580561
1 0.530165 0.469835
7 0.0369237 0.963076
1 0.939188 0.0608115
7 0.24137 0.75863
1 0.999999 1.42199e-06
1 0.920878 0.079122
1 0.999998 2.33654e-06
1 0.999984 1.59207e-05
7 0.322663 0.677337
1 0.997687 0.00231266
7 0.00512259 0.994877
1 1 1e-07
1 0.997996 0.00200365
1 0.993621 0.0063792
1 0.914532 0.0854679
1 0.999335 0.000665366
7 0.105548 0.894452
1 0.999112 0.000887699
1 0.968199 0.0318006
1 0.999435 0.000565324
1 0.997951 0.00204888
7 4.20967e-05 0.999958
1 0.999981 1.85752e-05
1 0.921157 0.0788433
7 0.119077 0.880923
1 0.67516 0.32484
7 0.17585 0.82415
1 0.999989 1.07419e-05
7 0.000576044 0.999424
1 0.73756 0.26244
1 0.995748 0.00425185
7 0.0417038 0.958296
1 0.995306 0.00469357
1 0.938645 0.0613554
1 0.951634 0.0483664
7 1e-07 1
7 0.39204 0.60796
1 0.971575 0.0284248
7 0.105684 0.894316
7 0.011609 0.988391
1 0.839902 0.160098
1 0.999978 2.19706e-05
1 0.999471 0.000528882
1 0.999994 5.77379e-06
1 0.958846 0.0411537
7 3.7162e-05 0.999963
7 0.0347808 0.965219
1 0.58912 0.41088
7 0.00012901 0.999871
7 0.382263 0.617737
1 0.999985 1.5147e-05
7 1e-07 1
7 0.256102 0.743898
1 0.999362 0.000638291
7 1e-07 1
1 0.988106 0.0118943
7 0.00807935 0.991921
1 0.987913 0.0120874
1 0.999864 0.000136181
1 0.519383 0.480617
1 0.964855 0.0351454
1 0.873969 0.126031
7 1.45929e-06 0.999999
7 0.00093326 0.999067
7 0.000468679 0.999531
7 0.00152891 0.998471
1 0.999522 0.000478469
1 0.988218 0.0117815
7 0.176527 0.823473
1 0.999978 2.16234e-05
7 0.0529493 0.947051
7 1e-07 1
1 0.977921 0.0220789
7 0.0389615 0.961038
7 1e-07 1
1 0.982234 0.0177662
1 0.933156 0.0668441
1 0.999823 0.000177148
1 0.993664 0.0063365
1 0.991109 0.00889142
1 0.99746 0.00253984
1 0.94916 0.0508402
1 0.818124 0.181876
1 0.997985 0.00201503
1 1 1.91224e-07
1 0.999999 9.45355e-07
1 0.999966 3.37464e-05
7 0.244408 0.755592
7 0.00175111 0.998249
7 1.2547e-06 0.999999
1 0.882789 0.117211
7 9.37406e-05 0.999906
1 0.972576 0.027424
1 0.86314 0.13686
7 0.015413 0.984587
1 0.902595 0.0974055
7 0.46299 0.53701
1 0.9931 0.0068999
7 0.00875885 0.991241
1 0.999856 0.000143621
1 0.965789 0.0342112
1 0.999928 7.23264e-05
1 0.999997 3.23154e-06
1 0.99769 0.00230957
7 0.000119342 0.999881
1 0.97985 0.0201498
1 0.997062 0.00293783
1 0.93565 0.0643496
1 0.982316 0.0176841
1 0.871961 0.128039
7 0.0179605 0.98204
7 6.61181e-06 0.999993
1 0.998983 0.00101708
1 0.544822 0.455178
1 0.999928 7.20253e-05
1 0.826485 0.173515
7 0.000106535 0.999893
1 0.999971 2.89886e-05
1 0.890985 0.109015
1 0.983779 0.0162214
7 8.14614e-07 0.999999
1 0.994635 0.00536452
7 6.67663e-05 0.999933
1 0.991565 0.00843523
1 0.999926 7.3669e-05
1 0.952434 0.0475659
1 0.970501 0.0294991
1 0.964474 0.0355259
1 0.972991 0.0270086
1 0.8171 0.1829
7 5.79519e-05 0.999942
1 0.999883 0.000116669
1 0.999998 2.23659e-06
7 0.216878 0.783122
1 0.98253 0.0174697
1 0.997449 0.00255101
1 0.999993 7.40052e-06
1 0.999995 5.0549e-06
1 0.999444 0.000556435
7 0.347072 0.652928
1 0.98996 0.0100398
1 0.957544 0.0424557
7 5.95998e-07 0.999999
1 0.999982 1.76194e-05
1 0.981892 0.0181081
7 0.0191711 0.980829
1 0.99243 0.00757003
1 0.815941 0.184059
1 0.999999 6.85278e-07
1 0.959993 0.0400067
1 0.891875 0.108125
7 0.0258031 0.974197
1 0.998315 0.00168478
1 0.99968 0.000320326
1 0.961204 0.0387962
1 0.678202 0.321798
1 0.999951 4.94547e-05
1 0.998374 0.00162639
1 0.976409 0.0235912
1 0.99054 0.00945971
1 0.999865 0.000135359
7 0.000100455 0.9999
1 0.783221 0.216779
1 0.999748 0.000251785
1 0.984876 0.0151244
1 0.999925 7.53589e-05
1 0.914972 0.0850284
1 0.995909 0.00409123
1 0.9024 0.0976001
7 0.00102377 0.998976
7 1e-07 1
1 0.996161 0.00383877
1 0.960533 0.0394675
7 0.414456 0.585544
7 0.0419347 0.958065
7 0.000139672 0.99986
1 0.99999 9.77449e-06
1 0.99886 0.00114008
1 0.970119 0.0298811
1 0.999569 0.000430991
1 0.999122 0.000878101
1 1 1e-07
1 0.940763 0.0592367
1 0.993443 0.00655728
1 0.953862 0.0461385
7 9.06669e-05 0.999909
7 0.0821961 0.917804
1 0.999727 0.000273043
7 0.0134748 0.986525
7 0.309676 0.690324
7 0.0048238 0.995176
1 0.999595 0.000404945
1 0.931834 0.0681662
7 6.44276e-05 0.999936
1 0.921191 0.0788091
1 0.938814 0.0611864
1 0.981966 0.0180337
7 1.24158e-05 0.999988
1 0.99944 0.000559505
1 0.97549 0.0245101
7 0.0664069 0.933593
1 0.999974 2.63903e-05
1 1 1e-07
7 3.04224e-07 1
1 0.708636 0.291364
1 0.999809 0.000190555
1 0.984656 0.0153444
1 0.925694 0.0743057
1 0.978118 0.0218819
1 0.922995 0.0770049
1 0.999509 0.000490648
1 0.998684 0.00131584
1 0.940569 0.0594305
7 0.453032 0.546968
1 0.999999 1.14838e-06
7 0.320619 0.679381
1 0.910851 0.0891494
1 0.999831 0.000168531
7 1.16314e-06 0.999999
1 0.948034 0.0519658
1 0.999993 6.96727e-06
1 0.998843 0.0011566
1 0.993427 0.00657282
1 0.999757 0.000243021
7 0.0169923 0.983008
7 4.59772e-07 1
7 0.000214453 0.999786
1 0.989048 0.0109516
1 0.697057 0.302943
1 0.972081 0.0279187
1 0.973091 0.0269089
1 0.959487 0.0405125
1 0.998544 0.0014561
7 2.91564e-06 0.999997
1 0.500612 0.499388
7 1.38595e-05 0.999986
1 0.988526 0.0114739
1 0.901599 0.0984006
1 0.992415 0.00758509
7 0.00895577 0.991044
1 0.999991 9.18666e-06
7 1.60457e-05 0.999984
1 0.997874 0.00212634
7 0.0785839 0.921416
1 0.929634 0.0703661
7 0.0154685 0.984531
1 0.999992 8.49257e-06
1 0.999824 0.000176137
1 0.929306 0.0706945
1 0.999996 3.7381e-06
1 0.707654 0.292346
1 0.999977 2.28117e-05
1 0.943933 0.0560672
1 0.999884 0.000116236
1 0.995552 0.00444833
1 1 1.21527e-07
7 0.00906283 0.990937
1 0.995189 0.00481123
7 0.000302592 0.999697
7 0.0293023 0.970698
1 0.800597 0.199403
1 0.994277 0.00572296
1 0.749881 0.250119
1 0.98896 0.0110396
7 1e-07 1
7 0.00374613 0.996254
1 0.999979 2.06103e-05
7 0.00914739 0.990853
1 1 1e-07
1 0.949786 0.0502143
1 0.999775 0.000224568
1 0.998153 0.00184688
1 0.902771 0.0972288
1 0.809896 0.190104
7 0.0720306 0.927969
1 0.965448 0.0345524
1 0.999917 8.29912e-05
1 0.999929 7.1043e-05
1 0.9695 0.0304995
1 0.98698 0.0130204
7 1.77458e-05 0.999982
7 1e-07 1
1 0.915355 0.0846452
1 0.982981 0.0170192
7 0.217377 0.782623
1 0.971812 0.028188
1 0.950534 0.049466
7 0.385054 0.614946
1 0.97364 0.0263604
1 0.999988 1.17654e-05
7 0.439148 0.560852
1 0.661455 0.338545
7 2.38389e-06 0.999998
1 0.999928 7.22431e-05
7 0.1337 0.8663
1 0.963592 0.0364082
7 0.274241 0.725759
7 0.000395735 0.999604
7 0.101596 0.898404
1 0.999918 8.16121e-05
1 0.975382 0.0246185
1 0.721358 0.278642
1 0.984643 0.015357
7 0.0597966 0.940203
7 0.0126416 0.987358
1 0.99914 0.000860294
1 0.999999 1.29875e-06
1 0.999318 0.000682161
1 0.999811 0.000188834
1 0.999996 4.22564e-06
1 0.965962 0.0340384
7 3.12571e-05 0.999969
7 6.11056e-05 0.999939
7 3.10587e-07 1
1 1 1.26487e-07
1 0.964544 0.0354559
7 1e-07 1
1 0.98807 0.0119295
1 0.970409 0.0295913
7 0.082277 0.917723
7 0.25861 0.74139
1 1 1e-07
7 0.0542786 0.945721
1 0.99995 4.99531e-05
7 0.145172 0.854828
7 0.00142757 0.998572
1 0.679776 0.320224
1 0.797018 0.202982
7 0.0283585 0.971641
7 2.38768e-05 0.999976
7 0.0469071 0.953093
1 0.777673 0.222327
1 0.993679 0.00632075
7 4.3842e-05 0.999956
1 1 3.26789e-07
1 0.999888 0.000111712
1 0.998527 0.00147259
1 0.953164 0.046836
7 1e-07 1
1 0.921845 0.0781547
7 0.366245 0.633755
7 0.000291248 0.999709
7 0.00440977 0.99559
7 0.00114672 0.998853
1 0.99478 0.00521996
1 0.950655 0.0493451
7 0.00132879 0.998671
7 0.0427256 0.957274
1 0.549851 0.450149
7 3.05999e-05 0.999969
7 8.13718e-06 0.999992
7 0.00212699 0.997873
1 0.999649 0.000350646
7 2.40411e-05 0.999976
1 0.921014 0.0789862
7 0.0187994 0.981201
1 0.994874 0.00512645
7 0.233805 0.766195
1 0.989868 0.010132
1 0.996555 0.00344473
1 0.996211 0.0037889
1 0.874646 0.125354
7 0.442756 0.557244
1 0.996369 0.00363139
7 0.0339945 0.966005
7 5.46271e-06 0.999995
7 0.0588151 0.941185
1 0.937315 0.062685
1 0.99507 0.00492983
7 0.472666 0.527334
1 0.993475 0.00652478
7 0.00866345 0.991337
7 1.35337e-07 1
1 0.614017 0.385983
7 1e-07 1
7 6.57592e-06 0.999993
1 0.990791 0.00920924
7 5.49094e-05 0.999945
1 0.936136 0.0638638
7 0.279382 0.720618
1 0.877776 0.122224
1 0.990582 0.00941758
1 0.970751 0.0292495
1 0.984116 0.0158843
7 0.120783 0.879217
1 0.905689 0.0943105
7 1.43124e-05 0.999986
1 1 1e-07
7 1e-07 1
7 0.0395071 0.960493
1 0.811759 0.188241
7 0.0129055 0.987094
1 1 1e-07
1 0.998708 0.00129199
1 0.998878 0.00112166
1 0.994901 0.00509939
7 0.0335357 0.966464
1 0.987579 0.0124214
7 5.44389e-05 0.999946
1 0.945825 0.0541751
7 0.18872 0.81128
7 0.490379 0.509621
1 0.8899 0.1101
1 0.998548 0.0014517
1 0.998165 0.00183479
1 0.982892 0.0171083
1 0.996576 0.00342354
1 0.886422 0.113578
7 0.00336994 0.99663
7 0.000192484 0.999808
1 0.960302 0.0396983
1 0.990778 0.00922177
1 0.998504 0.00149596
7 1e-07 1
7 0.00149001 0.99851
7 1.997e-05 0.99998
1 0.681069 0.318931
1 0.743592 0.256408
1 0.999662 0.00033822
1 0.999986 1.43452e-05
1 0.741481 0.258519
1 0.999686 0.000313836
1 0.996374 0.00362588
1 0.703244 0.296756
1 0.989978 0.0100217
1 0.94277 0.05723
1 0.998399 0.00160142
1 1 1.33453e-07
1 0.996585 0.0034154
7 4.37586e-05 0.999956
7 7.98975e-07 0.999999
1 0.99986 0.000140183
1 0.98266 0.0173396
1 0.999926 7.40069e-05
7 2.24319e-05 0.999978
7 0.392884 0.607116
7 0.0448481 0.955152
7 0.372359 0.627641
1 0.942886 0.0571141
1 0.999127 0.00087275
1 0.975686 0.0243137
7 1e-07 1
7 0.128033 0.871967
1 0.999988 1.19955e-05
1 0.999065 0.000934528
7 0.0719846 0.928015
1 0.998723 0.00127686
1 0.999999 1.10939e-06
1 0.997893 0.00210654
1 0.890535 0.109465
1 0.987118 0.0128824
1 0.980139 0.0198611
1 0.967787 0.0322129
7 3.47976e-06 0.999997
7 1e-07 1
7 0.420798 0.579202
7 6.04584e-05 0.99994
1 0.997553 0.0024465
1 0.999775 0.000224616
7 0.180699 0.819301
1 0.920952 0.0790484
7 0.0468485 0.953151
1 0.99972 0.000280242
1 0.998122 0.00187833
1 0.999177 0.000823299
7 5.96112e-06 0.999994
1 0.776952 0.223048
7 0.454982 0.545018
1 0.998809 0.00119079
1 0.993134 0.00686641
1 0.999878 0.000121919
1 0.999793 0.000206506
1 0.991145 0.00885467
1 0.999041 0.000958846
1 0.991755 0.00824479
7 1e-07 1
1 0.998805 0.00119545
1 0.999622 0.00037818
1 0.98247 0.0175296
1 0.96756 0.0324397
1 0.944679 0.0553212
1 0.959397 0.0406031
1 0.953587 0.0464128
1 0.810387 0.189613
7 0.449039 0.550961
7 1e-07 1
1 0.999865 0.000135374
7 1e-07 1
1 0.995706 0.00429383
1 0.993932 0.00606816
1 0.994474 0.00552615
7 0.124662 0.875338
1 1 1.66931e-07
1 0.999943 5.74141e-05
7 0.377635 0.622365
1 0.999465 0.000534679
1 0.649733 0.350267
7 0.000869709 0.99913
1 0.981308 0.0186917
1 0.867041 0.132959
1 1 1e-07
1 0.999925 7.53092e-05
1 0.991643 0.00835676
1 0.99998 1.95632e-05
1 0.966628 0.0333723
1 0.972087 0.0279134
1 1 1e-07
7 0.358355 0.641645
7 0.0130492 0.986951
1 0.997325 0.0026748
7 0.358661 0.641339
7 0.0119757 0.988024
7 0.000168436 0.999832
1 0.785417 0.214583
7 2.76889e-06 0.999997
1 0.772917 0.227083
1 0.968979 0.0310206
7 0.000210481 0.99979
1 0.732453 0.267547
1 0.94503 0.0549703
7 0.383556 0.616444
7 0.000833814 0.999166
1 0.999967 3.28708e-05
1 1 1e-07
7 0.000332275 0.999668
1 0.983431 0.016569
1 0.999923 7.70723e-05
1 0.94874 0.0512602
7 8.02199e-06 0.999992
7 0.0245048 0.975495
1 0.94855 0.0514502
7 1e-07 1
1 0.962066 0.0379337
1 0.809344 0.190656
1 0.986428 0.013572
7 1e-07 1
7 0.0200541 0.979946
1 0.999894 0.000106128
7 1e-07 1
1 0.714706 0.285294
1 0.660269 0.339731
1 0.955691 0.0443086
7 0.0354835 0.964516
1 0.971371 0.0286293
7 0.251103 0.748897
1 0.95045 0.0495496
1 0.994688 0.00531208
1 0.901067 0.0989325
1 0.914552 0.085448
7 1e-07 1
1 0.999986 1.39635e-05
1 0.966635 0.0333654
7 0.289823 0.710177
1 0.972779 0.0272215
7 0.00123012 0.99877
1 0.999995 4.5613e-06
1 0.956228 0.0437715
1 1 1e-07
1 0.925977 0.0740232
1 0.999996 3.53717e-06
1 0.939211 0.0607887
7 0.00178593 0.998214
7 2.10335e-05 0.999979
1 0.801428 0.198572
1 0.671473 0.328527
7 0.00128511 0.998715
1 0.999955 4.51804e-05
1 0.99258 0.00741982
1 0.998345 0.00165519
1 0.963153 0.036847
1 0.93821 0.0617896
7 0.370667 0.629333
1 0.971552 0.0284477
7 0.000179529 0.99982
1 1 3.85754e-07
1 0.877596 0.122404
7 7.67211e-06 0.999992
1 0.552361 0.447639
7 6.87869e-07 0.999999
1 0.998929 0.00107089
1 0.999454 0.000546037
1 0.997585 0.0024151
1 0.999927 7.29972e-05
7 0.00796487 0.992035
1 0.958802 0.0411985
7 4.90973e-07 1
1 0.996727 0.00327349
7 7.57557e-06 0.999992
1 0.965141 0.034859
7 0.030642 0.969358
1 0.973531 0.0264688
7 4.24356e-05 0.999958
1 0.930854 0.0691464
1 0.984446 0.0155538
1 0.999981 1.89003e-05
1 0.974787 0.0252129
1 0.993417 0.0065829
1 0.865055 0.134945
7 0.000244251 0.999756
7 0.0231588 0.976841
1 0.872912 0.127088
1 0.999749 0.00025058
1 0.665378 0.334622
1 0.998934 0.00106585
1 0.541743 0.458257
1 0.959108 0.040892
1 0.993927 0.00607268
1 0.983563 0.0164371
7 0.489795 0.510205
1 0.998444 0.00155586
1 0.990861 0.00913876
1 0.998232 0.00176834
1 0.964196 0.035804
7 0.124217 0.875783
1 0.992093 0.00790687
7 0.423864 0.576136
1 0.970473 0.0295274
1 0.99441 0.00559039
1 0.914536 0.0854641
1 0.511438 0.488562
7 0.0602528 0.939747
7 0.0057604 0.99424
7 4.46562e-05 0.999955
1 0.997964 0.00203553
1 0.949764 0.0502363
1 0.953462 0.0465377
1 0.999998 2.02495e-06
1 0.991333 0.0086665
7 6.53039e-07 0.999999
7 0.226893 0.773107
7 1.15591e-07 1
1 0.999685 0.000314846
1 0.993245 0.00675535
1 0.999971 2.89046e-05
1 0.994285 0.00571538
7 0.206736 0.793264
7 0.000112019 0.999888
1 0.999736 0.0002637
7 1.87971e-05 0.999981
1 0.560572 0.439428
1 0.977011 0.0229894
1 0.776646 0.223354
7 4.15038e-06 0.999996
7 1.71674e-06 0.999998
7 0.0368791 0.963121
1 0.999976 2.39651e-05
1 0.937443 0.0625569
7 0.0316017 0.968398
1 0.999842 0.000157834
7 0.498661 0.501339
7 0.161868 0.838132
7 0.000285963 0.999714
1 0.999996 4.38513e-06
7 0.0535573 0.946443
1 0.989283 0.0107174
1 0.654451 0.345549
1 0.996605 0.00339544
7 0.00794883 0.992051
1 0.953364 0.0466358
7 1.55295e-06 0.999998
7 0.00447447 0.995526
7 4.43355e-06 0.999996
7 0.222131 0.777869
7 1.1049e-05 0.999989
7 0.000495366 0.999505
1 0.993651 0.00634906
7 1e-07 1
1 0.946774 0.0532257
1 0.999999 8.68587e-07
7 0.193966 0.806034
7 1e-07 1
7 4.66303e-05 0.999953
1 0.994779 0.00522089
1 0.987061 0.0129394
1 0.866945 0.133055
1 0.999854 0.000146376
1 0.997046 0.0029539
1 0.998938 0.00106151
7 0.13727 0.86273
1 0.990363 0.00963705
1 0.998241 0.00175895
7 0.110713 0.889287
7 0.234397 0.765603
7 0.00146913 0.998531
7 0.00962383 0.990376
7 0.00144463 0.998555
1 0.609479 0.390521
1 0.99777 0.00223019
1 0.999945 5.47834e-05
1 0.999997 2.66856e-06
7 0.000385534 0.999614
7 0.0521055 0.947895
1 0.924542 0.0754583
1 0.937365 0.062635
1 0.991954 0.00804604
1 0.940605 0.0593949
1 0.999928 7.21387e-05
1 0.867364 0.132636
7 0.000273278 0.999727
1 0.962085 0.0379149
7 0.276193 0.723807
7 0.000155057 0.999845
1 0.927775 0.0722254
1 0.72335 0.27665
1 0.998565 0.00143493
1 0.991759 0.00824076
1 0.973321 0.0266793
7 5.74488e-06 0.999994
1 0.940922 0.0590784
7 0.0388455 0.961154
7 0.128059 0.871941
7 0.000221268 0.999779
7 0.125054 0.874946
1 0.949645 0.0503547
1 0.994507 0.00549306
1 0.998506 0.00149441
1 0.98905 0.0109497
7 1.64063e-07 1
7 0.00297205 0.997028
1 0.999951 4.9473e-05
7 0.491618 0.508382
1 0.999866 0.0001338
7 0.000254585 0.999745
1 0.995172 0.00482763
1 0.950615 0.0493852
7 0.000302429 0.999698
1 0.999992 8.07274e-06
1 1 1.61823e-07
1 0.999774 0.000226064
1 0.991826 0.00817436
7 9.4189e-07 0.999999
7 0.0278219 0.972178
7 2.87488e-07 1
1 0.999328 0.000671888
1 0.879066 0.120934
1 0.999978 2.18273e-05
7 0.212149 0.787851
1 0.864072 0.135928
1 0.904641 0.0953586
7 0.00525595 0.994744
1 0.999926 7.39542e-05
7 0.00267833 0.997322
7 0.0974486 0.902551
1 0.958114 0.0418862
7 3.32176e-05 0.999967
1 0.99844 0.00156041
7 0.0237623 0.976238
7 0.433353 0.566647
1 0.844586 0.155414
1 0.944876 0.0551238
7 0.213009 0.786991
1 0.762802 0.237198
1 0.800791 0.199209
1 0.926116 0.0738843
1 0.997516 0.00248361
7 0.0253298 0.97467
1 0.999799 0.000200862
1 0.970389 0.0296109
1 0.869754 0.130246
7 0.247779 0.752221
1 0.99546 0.00453965
7 0.0276631 0.972337
1 0.999953 4.69478e-05
1 0.998857 0.00114288
7 0.0357833 0.964217
1 0.999821 0.000179222
1 0.91512 0.0848804
7 0.0915847 0.908415
1 0.999001 0.000999106
1 0.969622 0.0303782
1 0.997802 0.00219793
1 0.999601 0.000398641
7 0.00233242 0.997668
1 0.996741 0.0032589
1 0.989173 0.0108273
1 0.993128 0.00687184
1 0.922684 0.0773162
1 0.975538 0.0244621
7 1e-07 1
7 0.156123 0.843877
1 1 1e-07
7 5.39282e-07 0.999999
1 0.645917 0.354083
1 0.999721 0.000279465
1 0.996403 0.00359741
1 0.999594 0.000406201
1 0.959924 0.040076
1 0.996984 0.00301578
1 0.882579 0.117421
1 0.947709 0.0522906
1 0.995537 0.00446293
7 1e-07 1
1 0.996344 0.0036563
1 0.999989 1.06288e-05
7 0.271012 0.728988
1 0.982617 0.0173829
1 0.846863 0.153137
7 0.0307428 0.969257
1 0.952039 0.0479608
1 0.98467 0.01533
1 0.996088 0.00391178
1 0.916308 0.0836924
1 0.99856 0.00144048
1 0.961226 0.0387743
1 0.636508 0.363492
1 0.600373 0.399627
1 0.999979 2.13782e-05
7 0.363501 0.636499
1 0.99997 2.95851e-05
1 0.996947 0.00305303
1 0.976811 0.023189
7 2.14566e-05 0.999979
1 0.599336 0.400664
1 0.997333 0.00266672
1 0.999184 0.00081645
7 1.17969e-05 0.999988
1 0.999512 0.000488209
1 0.999057 0.000943362
7 0.00720558 0.992794
1 1 1e-07
1 0.991935 0.00806495
1 1 1e-07
7 0.043362 0.956638
1 0.506885 0.493115
1 0.836954 0.163046
1 0.999402 0.000598079
7 0.150187 0.849813
1 0.997829 0.00217074
7 4.64071e-06 0.999995
1 0.977652 0.0223482
7 1e-07 1
7 0.0109085 0.989091
1 0.999942 5.78432e-05
1 0.999976 2.38276e-05
1 0.929123 0.0708775
1 0.950244 0.0497562
7 0.222671 0.777329
1 0.999241 0.000759139
7 0.118024 0.881976
1 0.794549 0.205451
1 0.569371 0.430629
1 0.999354 0.000646257
1 0.921102 0.0788982
1 0.969131 0.0308687
1 0.744478 0.255522
1 0.893411 0.106589
1 0.754549 0.245451
1 0.541844 0.458156
1 0.988622 0.011378
1 0.961329 0.0386714
1 0.999998 1.5747e-06
7 0.019064 0.980936
1 0.991795 0.0082048
7 1.96216e-05 0.99998
7 0.000298188 0.999702
1 1 2.04117e-07
1 0.999666 0.000333866
1 0.999303 0.000696907
1 0.939443 0.060557
1 0.776061 0.223939
1 0.787452 0.212548
1 0.998203 0.0017968
1 0.99895 0.00105012
1 0.930605 0.069395
7 0.165879 0.834121
7 0.00478305 0.995217
1 0.998873 0.00112746
7 0.000926295 0.999074
7 0.00141249 0.998588
1 0.999972 2.78809e-05
1 1 1e-07
1 0.994198 0.0058019
7 0.2299 0.7701
1 0.989177 0.0108233
7 0.0445382 0.955462
1 1 1e-07
1 0.999956 4.40594e-05
1 0.92393 0.0760695
1 0.999089 0.000911439
1 0.999975 2.45716e-05
7 1e-07 1
1 0.777454 0.222546
1 0.840498 0.159502
7 0.00131969 0.99868
7 0.000594617 0.999405
7 0.0820146 0.917985
7 0.1085 0.8915
7 0.0290727 0.970927
1 0.867901 0.132099
1 0.999939 6.11001e-05
1 0.998595 0.00140531
1 0.791559 0.208441
7 0.375587 0.624413
1 0.999981 1.9493e-05
1 0.997559 0.00244063
7 0.000579677 0.99942
1 0.658639 0.341361
1 0.998991 0.00100928
1 0.997274 0.0027263
7 9.38826e-05 0.999906
7 1.81387e-07 1
1 0.999401 0.000598915
1 0.985938 0.0140618
1 0.988553 0.0114472
1 0.998733 0.00126713
7 1.62492e-07 1
1 0.940286 0.0597145
1 0.996461 0.00353917
7 0.0667734 0.933227
7 0.0173151 0.982685
1 0.931724 0.0682756
1 0.957479 0.042521
1 0.975622 0.0243781
1 0.999323 0.000676541
7 0.00620015 0.9938
1 0.877576 0.122424
1 0.74584 0.25416
1 0.957751 0.0422486
7 0.299861 0.700139
1 0.999583 0.000416821
1 0.818845 0.181155
1 0.99944 0.000560449
1 0.764854 0.235146
1 0.999997 3.2165e-06
7 0.255333 0.744667
1 0.999999 5.70911e-07
1 0.97326 0.0267401
1 0.999983 1.69287e-05
1 0.947419 0.0525806
1 0.998977 0.00102278
1 0.989194 0.0108062
1 0.989253 0.0107466
1 0.999903 9.70428e-05
7 0.373832 0.626168
7 0.000113652 0.999886
1 0.6845 0.3155
1 0.991676 0.00832364
1 0.902403 0.0975973
1 0.991319 0.00868073
7 0.392723 0.607277
7 0.402132 0.597868
7 0.00194777 0.998052
7 5.69058e-06 0.999994
1 0.972395 0.0276052
1 0.593931 0.406069
1 0.98765 0.01235
7 0.104583 0.895417
7 0.0129785 0.987021
1 0.670654 0.329346
1 0.990572 0.0094277
1 0.998121 0.00187942
1 0.912219 0.0877806
1 0.697343 0.302657
7 0.0557877 0.944212
1 0.999066 0.000933575
1 0.995219 0.00478055
1 0.902908 0.0970923
1 0.911593 0.0884072
7 0.0551632 0.944837
1 0.97848 0.0215199
1 0.889545 0.110455
1 0.91576 0.0842401
1 0.501335 0.498665
1 0.99976 0.000239918
1 0.95541 0.0445904
1 0.897864 0.102136
1 0.996887 0.00311337
7 1.99317e-06 0.999998
7 0.0458688 0.954131
1 0.847461 0.152539
1 0.957811 0.0421889
1 0.989629 0.0103709
1 0.986231 0.013769
7 0.333773 0.666227
1 0.995746 0.00425445
7 0.00101194 0.998988
1 0.998596 0.00140414
1 0.990797 0.00920336
1 0.965296 0.0347041
1 0.987016 0.0129837
1 1 1e-07
7 0.000239212 0.999761
1 0.998413 0.00158732
7 0.0143487 0.985651
7 5.02674e-07 0.999999
1 0.990634 0.00936611
7 0.0427611 0.957239
7 1.26199e-05 0.999987
1 0.999559 0.000440641
7 0.0408603 0.95914
1 0.987675 0.0123249
1 0.979085 0.020915
7 2.46743e-07 1
7 0.132465 0.867535
1 0.999892 0.000108488
7 0.0105209 0.989479
1 0.99986 0.000139856
7 3.8188e-05 0.999962
7 2.19136e-07 1
7 0.00364431 0.996356
1 0.992434 0.00756591
1 0.97221 0.0277899
1 0.784938 0.215062
1 0.864867 0.135133
7 0.0465286 0.953471
7 1e-07 1
1 0.787868 0.212132
1 0.999951 4.93388e-05
7 0.0419011 0.958099
1 0.87319 0.12681
1 0.955222 0.044778
1 0.999458 0.000542399
1 0.899738 0.100262
7 0.201492 0.798508
7 0.0298184 0.970182
7 0.00645803 0.993542
1 0.947488 0.0525119
7 0.00161938 0.998381
7 1.66253e-05 0.999983
1 0.719634 0.280366
7 0.000471897 0.999528
1 0.98706 0.0129396
1 0.815597 0.184403
1 0.545088 0.454912
1 0.999929 7.0654e-05
1 0.984182 0.015818
1 0.901202 0.0987983
1 0.999999 9.6294e-07
7 0.336496 0.663504
1 0.596101 0.403899
1 0.971103 0.0288967
1 0.995808 0.00419239
1 0.986731 0.0132686
1 0.992775 0.00722483
7 0.0156995 0.9843
7 4.84849e-05 0.999952
1 0.999677 0.000322736
1 0.969671 0.0303286
7 0.188319 0.811681
7 0.000716729 0.999283
1 0.912625 0.0873748
1 0.99931 0.000689608
1 0.998915 0.00108499
7 0.000670401 0.99933
1 0.99341 0.00658961
1 0.997463 0.00253679
7 0.205825 0.794175
1 0.999999 9.10186e-07
1 0.999992 7.50684e-06
7 0.00305131 0.996949
7 0.0130014 0.986999
1 0.9844 0.0155997
1 0.876573 0.123427
1 0.54846 0.45154
7 0.0010479 0.998952
1 0.999808 0.00019167
7 0.0892395 0.91076
1 0.975499 0.0245008
1 0.959839 0.0401613
1 0.98266 0.0173397
1 0.996836 0.00316376
1 0.98323 0.0167705
7 3.72948e-05 0.999963
7 0.14729 0.85271
1 0.999565 0.000435121
7 0.142252 0.857748
7 1e-07 1
1 0.960619 0.0393807
1 0.966868 0.0331324
1 0.881845 0.118155
1 0.939994 0.0600065
1 0.997761 0.00223874
1 0.989637 0.010363
1 0.999315 0.000685193
1 0.814897 0.185103
7 0.141909 0.858091
1 0.934553 0.0654472
1 0.999999 7.93997e-07
7 0.00039329 0.999607
1 0.933824 0.0661765
7 1.98499e-05 0.99998
1 0.847385 0.152615
7 2.28412e-05 0.999977
1 0.98038 0.0196197
1 0.999978 2.23477e-05
1 0.999992 8.03107e-06
7 0.00015762 0.999842
1 0.933507 0.0664934
7 2.64668e-07 1
7 0.318569 0.681431
1 0.997633 0.00236682
1 0.937638 0.0623617
1 0.966435 0.0335648
1 0.942166 0.0578339
1 0.816218 0.183782
1 0.999036 0.000963512
7 1e-07 1
7 1.18227e-07 1
7 0.00552925 0.994471
1 0.994713 0.00528731
1 0.891122 0.108878
1 0.97536 0.0246405
1 0.960114 0.039886
1 0.999943 5.73222e-05
1 0.999994 6.32276e-06
1 0.814146 0.185854
7 2.27226e-06 0.999998
1 0.965172 0.034828
1 0.927961 0.072039
1 0.997333 0.00266679
7 0.0434101 0.95659
7 0.348891 0.651109
7 1.1446e-07 1
1 0.929273 0.0707269
1 0.968505 0.0314948
1 0.999985 1.48375e-05
7 4.83818e-05 0.999952
1 0.50871 0.49129
7 4.66408e-06 0.999995
7 6.51199e-05 0.999935
1 0.99992 7.99045e-05
1 0.999592 0.000407502
1 0.648015 0.351985
1 0.905135 0.0948647
1 0.998714 0.00128633
7 0.0136319 0.986368
1 0.997272 0.00272844
1 0.858155 0.141845
7 5.65345e-05 0.999943
1 0.808246 0.191754
1 1 1e-07
1 0.943976 0.0560235
1 0.99482 0.00518002
7 0.21545 0.78455
1 0.983313 0.0166874
1 0.994764 0.00523559
1 0.999281 0.000719013
1 0.89981 0.10019
1 0.993832 0.00616805
1 0.935 0.0650002
7 0.113719 0.886281
7 0.0702867 0.929713
1 0.999959 4.05608e-05
1 0.671363 0.328637
7 1.03929e-06 0.999999
1 0.991975 0.00802488
1 0.95406 0.04594
1 0.990541 0.00945886
1 0.936161 0.0638389
7 3.97364e-05 0.99996
1 0.938636 0.0613635
1 0.999583 0.000417064
1 0.96689 0.0331097
1 0.99998 1.96986e-05
7 3.34019e-05 0.999967
7 1.97684e-05 0.99998
1 0.999999 9.57923e-07
1 0.635355 0.364645
1 0.791859 0.208141
7 0.294975 0.705025
7 2.67019e-06 0.999997
1 0.958992 0.0410082
7 0.00201033 0.99799
1 0.997851 0.00214896
1 0.990986 0.00901418
7 0.00457786 0.995422
1 0.909644 0.0903563
1 0.959398 0.0406023
1 0.857418 0.142582
1 0.995589 0.00441082
1 0.997034 0.00296578
7 0.101374 0.898626
7 0.295694 0.704306
7 3.4038e-07 1
1 0.997951 0.00204857
1 0.540814 0.459186
1 0.999984 1.63414e-05
1 0.930742 0.0692584
1 0.944976 0.0550242
1 0.993639 0.00636138
1 0.999816 0.000183555
7 0.358057 0.641943
7 2.15057e-05 0.999978
1 0.984569 0.0154313
1 1 1.27159e-07
1 1 1e-07
7 0.403152 0.596848
1 0.991817 0.00818303
1 0.923896 0.0761039
7 6.72725e-07 0.999999
7 3.00871e-05 0.99997
7 0.000189012 0.999811
7 1.61858e-06 0.999998
7 2.14083e-05 0.999979
1 0.998688 0.00131213
7 0.0678083 0.932192
1 0.895012 0.104988
1 0.990636 0.00936371
1 0.99889 0.00111045
1 0.999088 0.00091153
1 0.99981 0.000190237
1 0.997083 0.00291729
1 0.999891 0.000109013
1 0.999905 9.51269e-05
1 0.535958 0.464042
1 0.998404 0.00159578
1 0.971017 0.0289833
1 0.641195 0.358805
1 0.999858 0.000142366
7 0.346627 0.653373
1 0.967391 0.0326087
7 0.0410494 0.958951
1 0.968566 0.0314336
7 0.00031217 0.999688
7 0.000109636 0.99989
1 0.996685 0.00331534
7 1e-07 1
7 2.04833e-06 0.999998
1 0.99721 0.00279028
7 0.0276217 0.972378
7 0.000102673 0.999897
1 0.999999 8.45262e-07
1 0.999989 1.05992e-05
1 0.943655 0.0563449
1 0.999594 0.000406287
7 0.00109021 0.99891
1 0.99985 0.00014972
7 0.316361 0.683639
1 0.999988 1.20465e-05
1 0.980617 0.0193827
1 0.999765 0.000234691
1 0.913405 0.0865954
1 0.999893 0.000106855
7 0.0343361 0.965664
1 0.999995 4.69496e-06
1 0.840914 0.159086
7 0.00132281 0.998677
7 0.00219327 0.997807
7 0.00450785 0.995492
7 6.84685e-06 0.999993
1 0.954944 0.0450557
1 0.999146 0.000853976
1 0.984812 0.0151881
1 0.994717 0.00528327
1 0.860766 0.139234
1 0.93552 0.06448
1 0.638867 0.361133
1 0.826003 0.173997
7 0.262135 0.737865
1 0.998646 0.00135422
7 1.49652e-06 0.999999
7 0.000853203 0.999147
1 0.999934 6.63667e-05
1 0.992559 0.00744089
1 0.896197 0.103803
1 1 1.42227e-07
7 1e-07 1
7 0.0753786 0.924621
1 0.999793 0.000206703
1 0.986532 0.013468
1 0.981988 0.0180119
1 0.999257 0.000743285
1 0.848705 0.151295
1 0.949847 0.0501529
1 0.999875 0.0001247
1 0.996357 0.00364327
7 1.84494e-05 0.999982
7 0.000142851 0.999857
1 0.743003 0.256997
1 0.923894 0.0761057
7 0.425158 0.574842
1 1 1.87096e-07
1 0.818793 0.181207
7 0.166778 0.833222
1 0.99955 0.00045033
7 4.96301e-07 1
7 0.013608 0.986392
1 0.978783 0.0212173
1 0.999832 0.000168263
7 1e-07 1
7 0.0373212 0.962679
1 0.970758 0.0292416
1 0.998478 0.00152246
1 0.964746 0.0352537
7 0.339061 0.660939
1 0.979028 0.0209716
1 0.999995 4.95667e-06
1 0.97605 0.0239497
1 0.993972 0.00602823
7 6.64942e-07 0.999999
1 0.999763 0.000236708
7 0.041251 0.958749
1 0.976281 0.0237189
1 0.793053 0.206947
1 0.83468 0.16532
7 0.0937514 0.906249
7 0.291728 0.708272
7 2.25252e-07 1
7 0.00390711 0.996093
1 0.999416 0.000584402
1 1 4.35402e-07
1 0.992654 0.00734578
1 0.99358 0.00641965
1 0.999367 0.000633371
7 0.259553 0.740447
1 0.963741 0.0362589
1 0.987412 0.0125883
7 0.000223003 0.999777
7 0.357576 0.642424
7 0.045324 0.954676
1 0.935588 0.0644118
1 1 1e-07
7 3.54079e-05 0.999965
1 0.999993 7.29497e-06
1 0.934093 0.0659069
1 0.970501 0.029499
1 0.927138 0.0728621
7 4.67465e-06 0.999995
7 0.013915 0.986085
1 0.946613 0.0533872
7 6.89506e-06 0.999993
7 9.04675e-06 0.999991
1 0.950105 0.0498946
1 0.908429 0.091571
1 0.959382 0.0406182
1 0.999894 0.000105945
7 2.43441e-05 0.999976
1 0.559286 0.440714
7 0.0415508 0.958449
1 0.744511 0.255489
7 1.28576e-05 0.999987
1 0.997468 0.00253232
7 0.459567 0.540433
1 0.999435 0.000564681
7 0.00619673 0.993803
7 1e-07 1
1 0.977868 0.0221323
7 0.00161459 0.998385
7 1.09996e-07 1
1 0.997341 0.00265924
7 0.0149785 0.985022
1 0.997869 0.00213145
1 0.99996 4.04117e-05
7 0.330434 0.669566
7 1.97769e-05 0.99998
1 0.997539 0.0024615
1 0.996448 0.00355172
7 0.0173495 0.98265
7 1.63108e-05 0.999984
1 0.999596 0.00040431
1 0.988758 0.0112424
1 1 1e-07
1 0.995858 0.0041418
7 0.273061 0.726939
1 0.991601 0.0083994
7 8.00034e-07 0.999999
1 0.999032 0.000967908
1 0.595514 0.404486
1 0.962183 0.0378172
7 0.00343015 0.99657
1 0.996244 0.00375569
1 0.99915 0.000849845
1 0.998919 0.00108061
7 0.00571187 0.994288
1 0.999918 8.21417e-05
1 0.964197 0.0358035
1 0.992155 0.00784473
1 0.9782 0.0217999
7 0.000219652 0.99978
7 0.000483366 0.999517
1 0.999842 0.000157658
1 0.999719 0.000280928
1 0.997946 0.00205354
1 0.623429 0.376571
7 4.21452e-06 0.999996
1 0.999666 0.000334167
7 5.31407e-05 0.999947
1 0.999022 0.000978064
7 0.141922 0.858078
1 0.991661 0.00833949
1 0.997562 0.00243757
7 0.135216 0.864784
1 0.999865 0.000134741
7 0.00109084 0.998909
7 0.0580339 0.941966
1 0.997269 0.00273085
7 0.284654 0.715346
1 0.999396 0.000604076
1 0.972381 0.0276188
1 0.928506 0.0714942
1 0.996801 0.00319947
1 0.897996 0.102004
1 0.999549 0.000451125
1 0.973477 0.026523
7 0.0465301 0.95347
1 0.991604 0.00839627
1 0.998525 0.00147504
1 0.999903 9.6979e-05
1 0.999881 0.000118521
1 0.942611 0.0573894
1 0.993319 0.00668095
1 0.998366 0.00163432
7 0.00560331 0.994397
1 0.629816 0.370184
7 0.000251484 0.999749
7 0.0208556 0.979144
1 0.984025 0.0159754
1 0.953085 0.0469145
1 0.922647 0.077353
1 0.979851 0.0201491
1 0.909352 0.0906481
7 2.91425e-07 1
7 0.0764854 0.923515
1 0.997684 0.00231573
1 0.997099 0.00290055
1 0.825266 0.174734
1 0.95891 0.0410897
1 0.684104 0.315896
1 0.998896 0.00110406
7 0.00201704 0.997983
1 0.98951 0.0104903
7 2.57726e-05 0.999974
1 0.985623 0.0143768
7 5.83545e-07 0.999999
7 0.0874793 0.912521
1 0.621492 0.378508
1 0.968181 0.0318195
7 0.000165985 0.999834
7 3.33499e-06 0.999997
1 0.994719 0.00528088
7 0.0382156 0.961784
1 0.655817 0.344183
1 0.999999 1.13895e-06
1 0.999556 0.000443962
1 0.906738 0.0932621
1 0.690794 0.309206
1 0.999808 0.000191997
7 0.00081403 0.999186
7 0.000310818 0.999689
1 0.992598 0.00740152
1 0.916603 0.0833973
1 0.979519 0.0204806
7 3.57417e-06 0.999996
1 0.991722 0.00827836
1 0.999625 0.000375321
1 0.997289 0.00271068
7 0.00161136 0.998389
1 0.745124 0.254876
1 0.99999 9.82532e-06
7 1.98917e-05 0.99998
7 0.000461734 0.999538
1 1 2.18833e-07
1 0.962414 0.0375863
7 0.0785846 0.921415
7 0.00601277 0.993987
7 1e-07 1
7 1e-07 1
7 0.0349792 0.965021
1 0.999978 2.1527e-05
7 1e-07 1
1 0.999376 0.000623604
1 0.966252 0.033748
1 0.99918 0.000819585
1 0.998985 0.0010147
1 0.537797 0.462203
7 6.53949e-06 0.999993
1 0.993962 0.00603824
7 0.26737 0.73263
7 0.000102066 0.999898
7 0.00127436 0.998726
1 0.602075 0.397925
7 1.63956e-06 0.999998
1 0.979426 0.0205738
1 0.750558 0.249442
1 0.999534 0.000466205
1 0.986169 0.0138311
1 0.999994 6.32977e-06
1 0.999925 7.49738e-05
1 0.734617 0.265383
7 7.98119e-06 0.999992
7 0.0243114 0.975689
1 0.987037 0.0129627
1 0.999448 0.000552028
7 0.0438316 0.956168
1 0.976137 0.0238629
1 0.891975 0.108025
1 0.999901 9.93882e-05
1 0.667927 0.332073
1 0.997087 0.00291288
1 0.999999 7.46986e-07
1 0.973348 0.0266517
1 0.991196 0.0088044
1 0.947115 0.0528854
1 0.944394 0.0556064
1 0.885323 0.114677
7 7.33606e-06 0.999993
7 3.82241e-06 0.999996
1 0.999022 0.000977596
1 0.969264 0.0307364
1 0.845398 0.154602
1 0.934984 0.0650164
1 1 1e-07
7 0.301111 0.698889
7 0.0747039 0.925296
1 0.889193 0.110807
1 0.999206 0.000794301
1 0.85327 0.14673
1 0.820263 0.179737
1 0.999989 1.07854e-05
1 0.761269 0.238731
1 0.963788 0.0362125
1 0.999973 2.68776e-05
1 1 1e-07
7 4.18781e-06 0.999996
7 7.84588e-05 0.999922
1 0.979795 0.0202052
7 1e-07 1
7 0.0651512 0.934849
1 0.975613 0.0243868
1 0.97212 0.0278799
1 0.58284 0.41716
1 0.999343 0.00065749
7 9.66975e-06 0.99999
1 0.963144 0.0368565
1 0.999997 3.22898e-06
7 0.329018 0.670982
1 0.999673 0.000327344
1 0.722168 0.277832
1 0.845568 0.154432
1 0.991112 0.00888773
7 5.24485e-07 0.999999
1 0.999042 0.000958435
7 0.0118908 0.988109
7 1e-07 1
7 0.113728 0.886272
1 0.996763 0.00323702
7 2.26199e-05 0.999977
1 0.911356 0.088644
1 0.968376 0.0316236
7 0.000507014 0.999493
1 0.829757 0.170243
7 0.000549942 0.99945
1 0.97523 0.0247699
7 0.015024 0.984976
7 0.0254423 0.974558
1 0.818615 0.181385
1 0.903418 0.0965821
1 0.968164 0.0318356
1 0.97095 0.0290501
7 0.0211953 0.978805
1 0.999939 6.12232e-05
1 0.999776 0.000224301
1 0.791575 0.208425
7 1.11467e-05 0.999989
7 5.29876e-05 0.999947
7 1e-07 1
1 0.748488 0.251512
1 0.997611 0.00238878
7 0.183858 0.816142
1 0.914693 0.0853067
7 1.04226e-05 0.99999
1 0.810896 0.189104
7 1.52779e-06 0.999998
7 0.0523548 0.947645
1 0.99942 0.000580106
1 0.992507 0.00749268
7 0.261726 0.738274
1 0.974694 0.0253061
1 0.967075 0.0329254
1 0.999057 0.000943302
1 0.999575 0.000424766
1 1 1e-07
1 0.998416 0.00158437
1 0.929048 0.0709523
7 0.000291412 0.999709
7 0.00430295 0.995697
7 5.03941e-07 0.999999
1 0.962339 0.0376608
7 1.14855e-06 0.999999
1 1 2.62573e-07
7 5.65626e-05 0.999943
1 0.993261 0.0067387
1 0.998203 0.00179685
1 0.959232 0.0407679
1 0.993419 0.00658135
7 0.0324115 0.967589
1 0.657738 0.342262
1 0.967535 0.0324654
1 0.999959 4.05617e-05
7 3.81058e-05 0.999962
1 0.999497 0.000502979
1 0.995869 0.00413124
1 1 1e-07
7 1e-07 1
1 0.999918 8.23015e-05
7 2.20045e-07 1
7 1.95188e-07 1
7 0.000151929 0.999848
1 0.960598 0.039402
7 0.0583973 0.941603
1 0.964557 0.0354434
1 0.999729 0.000271011
1 0.999986 1.35823e-05
1 0.977199 0.0228011
7 5.62784e-06 0.999994
1 0.994733 0.00526733
1 0.99999 9.64857e-06
7 2.72582e-05 0.999973
1 0.682353 0.317647
1 0.998982 0.00101835
1 0.9815 0.0185003
7 0.0583554 0.941645
1 0.999923 7.69752e-05
1 0.999983 1.6736e-05
1 0.647117 0.352883
1 0.584901 0.415099
1 0.99999 1.00945e-05
1 0.998482 0.0015178
1 0.759796 0.240204
1 0.862742 0.137258
7 2.82688e-05 0.999972
7 0.0500135 0.949986
1 0.995958 0.00404224
1 0.998148 0.00185246
1 0.973292 0.0267085
7 0.401261 0.598739
7 2.05733e-05 0.999979
1 0.899679 0.100321
1 0.924084 0.0759161
1 0.997263 0.00273693
1 0.948615 0.0513854
1 0.822771 0.177229
1 0.999599 0.00040064
7 1.81681e-06 0.999998
7 0.00417434 0.995826
7 0.0117024 0.988298
1 0.999948 5.20201e-05
1 0.998698 0.0013018
1 0.99368 0.00631981
7 0.27837 0.72163
1 0.731943 0.268057
1 0.895081 0.104919
1 0.636312 0.363688
1 0.969772 0.0302277
1 0.998352 0.0016476
1 0.766292 0.233708
1 0.997536 0.00246439
7 0.068003 0.931997
7 0.000524367 0.999476
1 0.999818 0.000182119
1 0.99996 4.01436e-05
1 0.999428 0.000571682
1 0.999805 0.000195071
1 0.999201 0.000798872
1 0.999355 0.000644623
7 0.00014082 0.999859
1 0.926264 0.0737357
7 0.000738368 0.999262
1 0.991212 0.00878845
1 0.879468 0.120532
1 0.994565 0.00543484
1 0.999985 1.52538e-05
1 0.966989 0.0330109
1 0.726555 0.273445
1 0.997975 0.00202457
1 0.672769 0.327231
7 0.000641164 0.999359
1 0.984764 0.0152358
7 0.245831 0.754169
7 0.0177972 0.982203
7 5.26739e-05 0.999947
1 0.915194 0.0848063
1 1 1e-07
1 0.993831 0.00616944
1 0.974701 0.0252994
7 0.0235453 0.976455
1 0.913066 0.0869342
1 1 1.14741e-07
7 2.37089e-05 0.999976
7 8.95444e-07 0.999999
1 0.995035 0.00496492
1 0.998903 0.00109721
7 0.0765805 0.92342
7 0.29468 0.70532
1 0.99997 2.99978e-05
1 0.999999 8.85913e-07
1 0.99351 0.00649034
7 1e-07 1
1 0.885311 0.114689
7 2.73115e-07 1
7 0.0768793 0.923121
7 0.486417 0.513583
1 0.862674 0.137326
7 1e-07 1
7 0.135456 0.864544
1 0.999894 0.000106387
1 0.999971 2.91759e-05
1 0.994603 0.0053969
7 0.174638 0.825362
1 0.833995 0.166005
1 0.983873 0.0161268
1 0.994948 0.00505227
1 0.953289 0.046711
1 0.966296 0.0337038
7 0.169798 0.830202
7 2.96689e-05 0.99997
7 0.00248796 0.997512
1 0.99823 0.00176966
1 0.900912 0.0990879
7 1.31194e-06 0.999999
1 0.999779 0.000221171
1 0.999998 1.70453e-06
1 0.857928 0.142072
1 0.946701 0.0532993
7 0.000918385 0.999082
1 0.99945 0.000549819
1 0.998813 0.00118662
1 0.999997 2.78082e-06
7 0.0121702 0.98783
1 0.835988 0.164012
7 2.41976e-07 1
1 0.958971 0.0410285
1 0.999931 6.93392e-05
7 0.00147811 0.998522
1 0.956529 0.0434711
7 1.0247e-07 1
1 0.999685 0.000315362
7 0.0485772 0.951423
1 0.999389 0.00061075
1 0.719345 0.280655
7 0.0131773 0.986823
7 0.00133031 0.99867
1 0.899534 0.100466
1 0.999691 0.000309044
1 0.992076 0.00792381
1 0.999939 6.1113e-05
7 0.00126187 0.998738
1 0.742486 0.257514
7 0.0458292 0.954171
1 0.855494 0.144506
7 0.0590201 0.94098
1 0.973845 0.0261554
1 0.617231 0.382769
7 1e-07 1
7 0.0132095 0.986791
7 0.000358669 0.999641
1 0.953496 0.0465036
7 0.202032 0.797968
7 0.0172913 0.982709
7 0.224122 0.775878
1 0.750732 0.249268
1 0.999861 0.000138808
1 0.99545 0.00455037
1 0.984132 0.0158684
7 0.0591536 0.940846
7 2.26114e-05 0.999977
7 0.2789 0.7211
1 0.765609 0.234391
7 0.122636 0.877364
1 0.995118 0.00488236
1 0.529192 0.470808
7 5.86861e-07 0.999999
1 0.934038 0.0659623
1 0.999292 0.000707951
1 0.994982 0.00501785
1 0.992891 0.00710941
1 0.926328 0.0736721
7 1e-07 1
7 0.140056 0.859944
1 0.999644 0.000355633
7 0.00023401 0.999766
1 0.999508 0.000491597
7 0.000861061 0.999139
7 1.1368e-07 1
7 0.0259922 0.974008
7 0.0697838 0.930216
7 0.374709 0.625291
1 0.993692 0.00630779
7 0.000380397 0.99962
7 1e-07 1
1 0.975956 0.0240436
1 0.850199 0.149801
7 0.000170983 0.999829
1 0.968291 0.0317087
1 0.773199 0.226801
7 0.0104502 0.98955
1 0.943242 0.0567583
7 0.43487 0.56513
1 0.999719 0.000280631
1 0.636576 0.363424
1 0.993519 0.0064807
7 0.00140965 0.99859
1 0.99585 0.0041498
7 0.0322277 0.967772
1 0.999577 0.000423034
7 0.00439285 0.995607
1 0.92342 0.0765803
1 0.999961 3.85882e-05
1 0.925938 0.0740619
7 0.009474 0.990526
7 6.19569e-06 0.999994
1 0.999909 9.07007e-05
1 0.995371 0.00462878
1 0.98871 0.0112898
7 1.73113e-05 0.999983
1 0.887867 0.112133
1 0.932932 0.0670675
1 0.994792 0.00520837
1 0.98876 0.0112402
1 0.983158 0.016842
1 0.977419 0.0225808
1 0.999113 0.000886913
1 0.998838 0.00116191
7 0.000739147 0.999261
1 0.976223 0.0237771
7 0.00213212 0.997868
1 0.998765 0.00123473
7 2.31538e-05 0.999977
1 0.977564 0.0224365
1 0.998712 0.00128773
1 0.82526 0.17474
1 0.911719 0.0882813
7 2.6426e-05 0.999974
1 0.981713 0.018287
1 1 1e-07
1 0.814984 0.185016
1 0.898314 0.101686
1 0.993504 0.00649641
1 0.980784 0.0192159
1 0.864602 0.135398
7 0.00335646 0.996644
1 0.993532 0.00646816
1 0.997928 0.00207217
1 0.970012 0.0299882
1 0.999673 0.000326804
7 1.33406e-07 1
1 0.987256 0.0127443
1 0.924654 0.0753458
1 0.997882 0.00211836
7 0.0516991 0.948301
7 0.00644833 0.993552
1 0.692899 0.307101
7 1e-07 1
1 0.915476 0.0845237
1 0.999879 0.000120665
1 0.939366 0.0606342
1 0.999247 0.000753062
7 1.52444e-05 0.999985
1 0.736104 0.263896
1 0.997441 0.00255889
1 0.984883 0.0151171
1 0.996581 0.00341927
1 0.999357 0.000642551
1 0.9676 0.0324004
1 0.999981 1.86605e-05
1 0.999993 6.98964e-06
7 9.79728e-05 0.999902
7 8.91595e-05 0.999911
1 0.997491 0.00250881
1 0.978139 0.0218609
1 0.661206 0.338794
7 0.0295171 0.970483
1 0.938777 0.0612227
1 0.999544 0.0004557
1 0.938932 0.0610676
1 0.980142 0.019858
1 0.76331 0.23669
7 0.0469528 0.953047
1 0.931269 0.0687307
1 0.9998 0.0002002
1 0.990469 0.00953108
7 0.0269819 0.973018
1 0.965385 0.0346151
1 0.999322 0.000678259
7 0.114725 0.885275
1 0.993182 0.00681838
1 0.999908 9.1746e-05
1 0.989081 0.0109187
1 0.976683 0.023317
1 0.962853 0.0371468
1 0.952897 0.0471033
1 0.977404 0.0225959
1 0.992301 0.00769868
7 1e-07 1
1 0.98856 0.0114396
1 0.999988 1.16923e-05
7 1e-07 1
1 0.999251 0.00074939
7 2.97301e-05 0.99997
7 6.78906e-07 0.999999
1 0.999675 0.000325251
7 0.00135123 0.998649
7 0.0167158 0.983284
7 0.00208809 0.997912
7 0.318105 0.681895
7 0.279212 0.720788
1 0.992593 0.00740707
7 0.187318 0.812682
1 0.74308 0.25692
7 0.00036509 0.999635
1 1 1e-07
7 0.412531 0.587469
1 0.998056 0.00194394
1 0.896256 0.103744
1 1 1e-07
1 0.952712 0.0472882
1 0.709203 0.290797
7 6.81277e-07 0.999999
7 0.010491 0.989509
1 0.971445 0.0285553
1 0.985787 0.0142131
1 0.992082 0.00791752
1 0.999762 0.000238474
1 0.843468 0.156532
1 0.999362 0.000638043
1 0.999999 1.40689e-06
1 0.994896 0.00510421
7 1.15264e-05 0.999988
7 8.86859e-07 0.999999
1 0.998792 0.0012077
1 0.968952 0.0310483
7 3.21512e-06 0.999997
1 0.948171 0.0518294
1 0.995945 0.00405466
1 0.999998 1.62777e-06
1 0.775995 0.224005
7 2.84146e-05 0.999972
1 0.999986 1.41681e-05
1 0.999226 0.000774399
1 0.999848 0.000152324
1 0.998948 0.00105173
7 0.248719 0.751281
1 0.990161 0.00983868
7 0.00127752 0.998722
1 0.970983 0.0290165
1 0.999664 0.000335792
1 0.621546 0.378454
1 0.985156 0.014844
1 0.646565 0.353435
7 1e-07 1
7 1.16811e-06 0.999999
1 0.991772 0.00822781
1 0.999734 0.000266183
7 1.69781e-07 1
1 0.999489 0.000511072
1 0.965314 0.0346861
7 0.000239109 0.999761
1 0.998683 0.00131654
1 0.997055 0.00294504
7 0.00716484 0.992835
1 0.999439 0.000560918
1 0.99956 0.000440079
7 0.00668421 0.993316
7 0.00877783 0.991222
1 0.961797 0.0382027
1 0.926409 0.0735913
7 0.270336 0.729664
1 0.999493 0.000506695
1 0.989875 0.0101255
7 3.00506e-05 0.99997
7 2.39702e-05 0.999976
7 1e-07 1
1 0.531973 0.468027
1 0.999445 0.000555173
1 0.758718 0.241282
1 0.986036 0.0139639
7 0.103306 0.896694
7 1e-07 1
1 0.953839 0.0461607
1 0.988255 0.0117449
1 1 1e-07
1 0.988538 0.0114622
1 0.556255 0.443745
7 0.000196671 0.999803
1 0.983056 0.0169444
1 0.976399 0.0236012
1 0.990373 0.00962671
7 0.0248646 0.975135
1 0.999332 0.000667916
1 0.971585 0.0284151
1 0.578796 0.421204
1 0.931487 0.0685126
1 0.999994 5.93393e-06
1 0.921625 0.0783746
1 0.993695 0.00630525
1 0.697615 0.302385
1 0.999934 6.56383e-05
7 2.4204e-07 1
7 0.000570528 0.999429
1 0.85322 0.14678
7 0.0178531 0.982147
7 0.327843 0.672157
1 0.949338 0.0506617
1 0.954822 0.0451781
1 0.987265 0.0127346
1 0.589009 0.410991
1 1 1e-07
7 0.0365578 0.963442
7 0.0972537 0.902746
1 0.978397 0.0216031
1 0.911159 0.0888408
1 0.998103 0.00189722
1 0.947304 0.0526961
7 0.237684 0.762316
7 6.12441e-07 0.999999
1 0.832204 0.167796
1 0.99606 0.0039397
1 1 1e-07
7 2.37299e-05 0.999976
7 0.0058519 0.994148
1 0.999184 0.000816468
1 0.998695 0.00130529
7 0.000650133 0.99935
1 0.948028 0.0519717
1 0.999937 6.32167e-05
1 0.930888 0.0691117
7 1.79432e-06 0.999998
7 0.000190745 0.999809
1 0.998307 0.00169339
7 1e-07 1
7 0.44804 0.55196
1 0.999831 0.000168718
1 1 2.56395e-07
1 0.999666 0.000334353
1 0.98 0.0200002
1 0.919929 0.0800707
1 0.986394 0.0136057
1 0.81317 0.18683
1 0.826704 0.173296
1 0.999438 0.000562486
1 0.954167 0.0458334
7 0.0268134 0.973187
1 0.625015 0.374985
7 0.268278 0.731722
1 0.999999 7.17566e-07
7 2.29308e-05 0.999977
1 0.951684 0.0483158
1 0.913628 0.086372
7 0.0139833 0.986017
7 0.20119 0.79881
1 0.949531 0.0504686
