labels 7 3
7 0.999724 0.000276401
7 0.999982 1.76169e-05
7 0.917026 0.0829744
3 0.0194694 0.980531
7 0.823642 0.176358
7 0.614173 0.385827
7 0.999957 4.26442e-05
7 0.596171 0.403829
3 1e-07 1
7 0.817709 0.182291
3 0.0178533 0.982147
7 0.991958 0.00804196
3 0.465208 0.534792
7 0.991023 0.00897666
3 0.0465522 0.953448
7 0.830214 0.169786
3 0.000119219 0.999881
7 0.784734 0.215266
7 0.990377 0.00962267
7 0.998005 0.00199486
7 0.567503 0.432497
7 0.969962 0.0300378
7 0.999367 0.000632629
7 0.814302 0.185698
7 0.700021 0.299979
7 0.981622 0.0183782
3 0.167414 0.832586
7 0.996347 0.0036525
3 0.0648493 0.935151
3 0.0125693 0.987431
3 0.171905 0.828095
3 9.72214e-06 0.99999
7 0.994057 0.00594337
7 1 1.76781e-07
7 0.591676 0.408324
3 0.472984 0.527016
3 0.144326 0.855674
7 0.99734 0.00265979
3 1e-07 1
7 0.999179 0.000820582
7 0.949821 0.0501795
7 0.830777 0.169223
7 0.963031 0.036969
7 0.687169 0.312831
7 0.997717 0.00228269
7 0.924802 0.0751983
7 0.765141 0.234859
7 0.93394 0.0660599
7 0.999991 9.49869e-06
7 0.995705 0.00429461
7 0.993865 0.00613543
3 0.00309903 0.996901
3 5.44704e-05 0.999946
3 0.430058 0.569942
3 0.141632 0.858368
3 0.302534 0.697466
7 0.797084 0.202916
7 0.597714 0.402286
7 0.9982 0.00180045
7 0.946542 0.0534582
7 0.981721 0.0182795
7 0.999711 0.000289052
7 0.66212 0.33788
3 0.0335209 0.966479
7 0.994736 0.00526375
7 0.543651 0.456349
7 0.952307 0.0476927
7 0.989781 0.0102193
3 0.00013705 0.999863
3 1.88595e-06 0.999998
7 0.999658 0.000342452
3 0.000545331 0.999455
3 0.133691 0.866309
3 0.355834 0.644166
3 0.0617607 0.938239
3 0.302784 0.697216
7 0.982677 0.0173233
7 0.990889 0.00911147
7 0.985758 0.0142424
7 0.902324 0.0976764
7 0.988146 0.0118541
7 0.972129 0.0278715
3 0.318699 0.681301
7 0.772706 0.227294
3 0.0880371 0.911963
3 0.105356 0.894644
7 0.784823 0.215177
7 0.9808 0.0191999
7 0.998292 0.00170754
7 0.996344 0.00365557
7 0.977404 0.0225957
7 0.995661 0.00433926
3 0.00144067 0.998559
7 0.969133 0.0308672
7 0.8188 0.1812
3 0.000139819 0.99986
7 0.990825 0.00917549
7 0.993055 0.0069455
7 0.53476 0.46524
7 0.998567 0.00143264
7 0.770862 0.229138
7 0.999894 0.000105871
7 0.999968 3.21842e-05
3 0.23888 0.76112
7 0.999873 0.000126613
7 0.652532 0.347468
3 2.78255e-07 1
3 0.068716 0.931284
3 2.47332e-05 0.999975
7 0.8897 0.1103
7 0.761746 0.238254
3 0.000227115 0.999773
7 1 1e-07
7 0.998599 0.00140083
7 0.999548 0.000452311
7 0.990978 0.00902165
7 0.999973 2.73421e-05
3 0.000869495 0.999131
7 0.999752 0.000247995
7 0.511742 0.488258
7 0.657928 0.342072
7 0.51105 0.48895
3 0.295398 0.704602
3 0.00693823 0.993062
7 0.946351 0.053649
3 0.180044 0.819956
7 0.981489 0.0185113
7 0.999927 7.31954e-05
7 0.992469 0.00753112
7 0.973841 0.0261595
3 0.314516 0.685484
3 0.000891824 0.999108
7 0.998476 0.00152373
3 0.417752 0.582248
7 0.995045 0.00495478
7 0.994248 0.00575243
7 0.971558 0.0284419
7 0.994334 0.00566559
3 1e-07 1
3 0.0544506 0.945549
7 0.985199 0.0148006
3 0.0684942 0.931506
3 0.0501131 0.949887
7 0.99857 0.00142953
7 0.99856 0.00144013
7 0.748514 0.251486
3 0.0103339 0.989666
3 0.0753406 0.924659
7 0.975341 0.0246592
7 0.98891 0.0110904
7 0.991724 0.00827612
7 0.993547 0.0064533
3 0.377363 0.622637
3 0.302538 0.697462
7 0.846483 0.153517
7 0.989887 0.0101127
7 0.841517 0.158483
7 0.999696 0.000303589
7 0.999663 0.000337095
3 0.035638 0.964362
3 3.59665e-05 0.999964
3 2.67011e-05 0.999973
3 0.00477009 0.99523
7 0.985425 0.0145755
3 0.00930109 0.990699
7 0.995485 0.00451538
3 0.304609 0.695391
3 0.0147065 0.985293
7 0.983763 0.0162366
3 0.000455865 0.999544
3 0.000357484 0.999643
7 0.763416 0.236584
7 0.746127 0.253873
7 0.647285 0.352715
7 0.999999 1.46919e-06
7 0.994905 0.00509477
3 3.6264e-05 0.999964
3 0.296087 0.703913
7 0.993786 0.00621399
7 0.996022 0.00397839
7 0.653859 0.346141
7 0.566569 0.433431
7 0.809198 0.190802
7 0.997884 0.00211573
3 0.0987261 0.901274
7 0.995614 0.00438583
7 0.838479 0.161521
7 0.988758 0.0112424
7 0.702066 0.297934
7 0.992891 0.00710943
7 0.765669 0.234331
3 0.166236 0.833764
3 0.0888253 0.911175
7 0.990159 0.00984065
7 0.686168 0.313832
7 0.987383 0.0126171
7 0.992384 0.00761559
3 0.000433746 0.999566
7 0.996213 0.00378747
7 0.681681 0.318319
3 0.437008 0.562992
7 0.99961 0.000390447
7 0.759418 0.240582
7 0.776343 0.223657
7 0.862211 0.137789
3 0.0277517 0.972248
7 0.965144 0.0348557
7 0.741097 0.258903
7 0.997836 0.0021637
7 0.999995 4.59572e-06
7 0.826334 0.173666
7 0.985971 0.0140289
7 0.792577 0.207423
3 0.000680324 0.99932
7 0.88649 0.11351
7 0.81998 0.18002
7 0.890422 0.109578
7 0.998645 0.00135468
7 0.995923 0.00407652
7 0.981872 0.0181281
7 0.999994 5.94349e-06
3 0.0604034 0.939597
7 0.998065 0.00193509
7 0.998899 0.00110134
3 0.15452 0.84548
7 0.998161 0.00183938
7 0.955448 0.0445519
3 0.263217 0.736783
7 0.577573 0.422427
7 0.999982 1.79967e-05
7 0.996086 0.00391378
7 0.999442 0.000557698
7 0.978348 0.0216516
7 0.763519 0.236481
3 0.225039 0.774961
3 0.00137822 0.998622
7 0.69192 0.30808
7 0.736513 0.263487
3 0.325698 0.674302
7 0.626708 0.373292
7 0.999997 2.75073e-06
7 0.990014 0.00998624
7 0.980604 0.0193964
7 0.861795 0.138205
3 1.20439e-05 0.999988
7 0.744415 0.255585
7 0.738331 0.261669
7 0.999886 0.000113521
3 1.84962e-05 0.999982
7 0.837312 0.162688
7 0.733377 0.266623
3 0.00604956 0.99395
7 0.99991 8.95456e-05
7 0.771362 0.228638
7 0.986829 0.0131711
7 0.993346 0.0066539
7 0.906638 0.0933621
7 0.583182 0.416818
3 0.313111 0.686889
7 0.999662 0.000338323
7 0.987771 0.012229
7 0.998278 0.00172208
7 0.997652 0.00234778
7 0.677272 0.322728
7 0.999975 2.54662e-05
7 0.972682 0.0273177
3 0.000453084 0.999547
7 0.917777 0.0822226
7 0.87741 0.12259
7 0.987853 0.012147
7 0.997475 0.0025251
7 0.999581 0.000419357
3 0.123208 0.876792
7 0.810633 0.189367
7 0.99973 0.000270417
3 0.213133 0.786867
7 0.914636 0.0853644
3 0.298069 0.701931
7 0.649424 0.350576
3 0.000493944 0.999506
3 0.0709681 0.929032
7 0.998543 0.00145667
3 0.127672 0.872328
3 0.465861 0.534139
7 0.974456 0.0255436
7 0.987122 0.0128778
7 0.999875 0.000124538
7 0.989221 0.010779
3 0.000892385 0.999108
7 0.741646 0.258354
3 3.39826e-05 0.999966
7 0.99916 0.000839822
7 0.985408 0.0145917
3 0.321008 0.678992
3 2.43505e-05 0.999976
7 0.999999 1.47538e-06
7 0.978981 0.021019
3 1e-07 1
7 0.823018 0.176982
3 0.0188955 0.981104
3 1e-07 1
7 0.999327 0.000672783
7 0.798511 0.201489
7 0.965924 0.0340756
7 0.998579 0.00142052
3 0.0776342 0.922366
7 0.999828 0.00017242
7 0.68675 0.31325
3 4.75171e-06 0.999995
7 0.994576 0.00542402
7 0.667986 0.332014
3 0.45466 0.54534
3 0.00162893 0.998371
7 0.999905 9.49029e-05
7 0.723991 0.276009
7 0.941166 0.0588343
7 0.999959 4.05283e-05
3 0.0206747 0.979325
7 0.989323 0.010677
7 0.984401 0.0155985
3 8.9597e-05 0.99991
7 0.988659 0.0113415
7 0.999804 0.000195673
3 1e-07 1
7 0.987831 0.0121687
7 0.99569 0.00431021
7 0.999599 0.000400737
7 0.999498 0.000501643
7 0.999412 0.000587982
7 0.562536 0.437464
3 1.87177e-06 0.999998
7 0.686847 0.313153
7 0.999799 0.000201251
7 0.545722 0.454278
7 0.978784 0.021216
7 0.683377 0.316623
3 3.61865e-05 0.999964
3 0.0109045 0.989095
7 1 4.67712e-07
7 0.999854 0.000146152
7 0.999977 2.28128e-05
3 0.411909 0.588091
7 0.991366 0.00863434
7 0.960612 0.0393877
7 0.718323 0.281677
7 0.998057 0.00194295
7 1 4.26632e-07
7 0.99079 0.00921026
3 4.59438e-06 0.999995
7 0.999987 1.28529e-05
7 0.989751 0.0102489
3 0.0175634 0.982437
3 8.1669e-05 0.999918
3 0.0061898 0.99381
7 0.809686 0.190314
7 0.99985 0.000149732
3 0.294023 0.705977
3 0.313118 0.686882
7 0.977798 0.0222024
7 0.992635 0.00736465
3 0.000625757 0.999374
3 0.270148 0.729852
7 0.783061 0.216939
3 0.287381 0.712619
3 0.00417797 0.995822
7 0.997762 0.00223768
7 0.998259 0.00174124
7 0.998516 0.00148369
7 0.754883 0.245117
7 0.987594 0.0124059
7 0.931842 0.0681576
7 0.996281 0.0037189
3 0.0826076 0.917392
7 0.997148 0.00285152
3 0.0945466 0.905453
7 0.999645 0.000354591
7 0.999985 1.45995e-05
7 0.966589 0.0334109
7 0.978365 0.0216354
3 0.384311 0.615689
7 0.999138 0.000862253
7 0.680327 0.319673
7 0.998682 0.00131768
7 0.999935 6.4717e-05
7 0.562423 0.437577
7 0.774466 0.225534
7 0.833245 0.166755
7 0.975401 0.0245987
3 0.150932 0.849068
7 0.745704 0.254296
7 0.979761 0.0202388
7 0.99709 0.00290952
7 0.9876 0.0123999
7 0.983726 0.0162744
3 0.179862 0.820138
7 1 1e-07
7 0.743742 0.256258
7 0.547969 0.452031
7 0.592575 0.407425
7 0.983094 0.0169056
7 0.777055 0.222945
7 0.978229 0.021771
3 0.0120379 0.987962
3 1e-07 1
3 0.228886 0.771114
3 0.000168695 0.999831
7 0.999306 0.00069401
7 0.999872 0.000127997
7 0.973404 0.0265959
3 0.00108579 0.998914
3 0.0180694 0.981931
3 1.48673e-05 0.999985
3 0.299857 0.700143
7 0.999999 8.42829e-07
3 3.17645e-07 1
7 0.535413 0.464587
7 0.968856 0.0311444
7 0.908501 0.091499
7 0.919043 0.080957
3 3.83344e-06 0.999996
7 1 3.81591e-07
7 0.706389 0.293611
7 0.998172 0.00182786
3 6.5816e-05 0.999934
7 0.986865 0.0131355
3 0.00241526 0.997585
7 0.991233 0.00876745
7 0.727701 0.272299
3 0.0502341 0.949766
7 0.980478 0.019522
7 0.973916 0.026084
3 6.71036e-05 0.999933
7 0.999985 1.4987e-05
3 0.0153404 0.98466
7 0.991455 0.0085447
3 0.000141834 0.999858
7 0.861651 0.138349
7 0.999692 0.000308408
7 0.998016 0.00198414
7 0.988406 0.0115939
3 0.412078 0.587922
3 1.78878e-07 1
3 1.85534e-06 0.999998
7 0.760206 0.239794
7 0.865291 0.134709
7 0.99705 0.00294966
7 0.843378 0.156622
3 0.494501 0.505499
7 0.73205 0.26795
7 0.731152 0.268848
3 0.116369 0.883631
7 0.997884 0.00211571
3 7.02309e-06 0.999993
7 0.984333 0.0156673
3 0.0219835 0.978016
7 0.747869 0.252131
7 0.977781 0.0222194
7 0.615054 0.384946
7 0.956056 0.0439437
3 0.00322065 0.996779
7 0.998152 0.00184764
3 3.23292e-05 0.999968
3 5.01308e-06 0.999995
7 0.820216 0.179784
3 0.00266777 0.997332
7 0.674135 0.325865
7 0.999999 9.78006e-07
7 0.993861 0.00613885
7 0.813995 0.186005
7 0.911921 0.0880795
7 0.713754 0.286246
7 0.990206 0.00979393
3 0.04572 0.95428
3 0.084222 0.915778
7 0.644538 0.355462
7 0.965946 0.0340537
7 0.999927 7.29301e-05
7 0.877133 0.122867
3 0.115533 0.884467
3 3.33334e-05 0.999967
7 0.76762 0.23238
3 0.101111 0.898889
7 0.999992 8.46421e-06
7 0.646884 0.353116
3 3.7108e-05 0.999963
3 0.0644299 0.93557
7 0.999985 1.46766e-05
7 1 2.28961e-07
3 1.32729e-05 0.999987
3 1.95635e-07 1
7 0.724817 0.275183
3 0.00067732 0.999323
3 0.000245704 0.999754
7 0.643901 0.356099
3 0.00206351 0.997936
3 0.0848957 0.915104
3 6.52063e-05 0.999935
3 0.47303 0.52697
3 4.92318e-06 0.999995
7 0.853646 0.146354
3 2.91383e-05 0.999971
3 1e-07 1
3 1.60134e-05 0.999984
7 0.654762 0.345238
7 0.966104 0.0338963
7 0.869956 0.130044
3 0.209212 0.790788
7 0.998679 0.00132096
7 0.671869 0.328131
7 0.992005 0.00799477
7 0.999843 0.000156502
3 0.247855 0.752145
3 3.60639e-06 0.999996
7 0.629053 0.370947
7 0.945359 0.0546406
7 0.550857 0.449143
7 0.999765 0.000235397
7 0.955577 0.0444226
3 8.42935e-05 0.999916
7 0.995183 0.0048175
7 0.983214 0.016786
7 0.995352 0.00464758
3 0.289519 0.710481
3 0.444196 0.555804
7 0.999994 6.33795e-06
7 0.710959 0.289041
7 0.995398 0.00460226
7 0.663617 0.336383
7 0.845762 0.154238
7 0.9595 0.0404998
7 0.998716 0.00128372
7 0.795755 0.204245
3 0.242779 0.757221
3 1.11194e-05 0.999989
7 0.567052 0.432948
3 0.311947 0.688053
7 0.991457 0.00854296
7 0.987488 0.012512
7 0.999128 0.000871933
3 2.07573e-07 1
7 0.999997 2.99499e-06
7 0.988383 0.0116173
7 0.988935 0.0110653
7 0.987465 0.0125346
3 0.444431 0.555569
7 0.625496 0.374504
7 0.999606 0.000393778
3 0.0031283 0.996872
7 0.982193 0.0178069
3 0.0146306 0.985369
7 0.756212 0.243788
7 0.993725 0.00627534
7 0.634361 0.365639
7 0.962516 0.0374835
7 0.629959 0.370041
7 0.896995 0.103005
7 0.765375 0.234625
7 0.998021 0.00197854
7 0.977827 0.0221725
7 0.998977 0.00102334
7 0.995429 0.00457095
7 0.645936 0.354064
7 0.999103 0.000897003
7 0.999986 1.39181e-05
3 6.21855e-07 0.999999
7 0.999986 1.43889e-05
7 0.898503 0.101497
3 0.117547 0.882453
7 0.664701 0.335299
3 0.144996 0.855004
3 3.34196e-05 0.999967
7 0.96562 0.0343803
3 0.181022 0.818978
7 0.716387 0.283613
3 0.345371 0.654629
3 0.000233413 0.999767
3 0.000184487 0.999816
7 0.935386 0.0646144
7 0.905543 0.0944567
3 1.59917e-06 0.999998
3 0.139438 0.860562
7 0.925611 0.0743887
7 0.99917 0.000829641
7 0.991989 0.00801087
7 0.994087 0.00591326
3 0.347136 0.652864
7 0.992377 0.00762278
7 0.998622 0.00137785
7 0.829092 0.170908
3 0.0417915 0.958208
3 1.74715e-06 0.999998
7 0.96181 0.0381898
3 0.339586 0.660414
7 0.946843 0.0531568
3 1e-07 1
7 0.97925 0.0207496
7 0.999892 0.000107748
7 0.999417 0.000582796
7 0.999773 0.000226624
7 0.901003 0.0989966
7 0.972994 0.0270057
7 0.999996 3.99238e-06
7 0.999799 0.000200512
7 0.606848 0.393152
3 0.0229837 0.977016
3 6.41759e-05 0.999936
3 2.39698e-07 1
7 0.991933 0.00806678
7 0.843775 0.156225
7 0.700349 0.299651
3 0.445904 0.554096
7 0.753523 0.246477
7 0.999955 4.53144e-05
7 0.999843 0.000156966
7 0.993236 0.00676376
7 0.999995 5.20149e-06
3 0.00184756 0.998152
3 0.0546359 0.945364
7 0.998683 0.00131715
7 0.997195 0.00280497
7 0.956665 0.0433346
7 0.998716 0.00128431
7 0.998251 0.00174912
7 0.993443 0.00655703
7 0.864101 0.135899
7 0.824868 0.175132
7 0.872639 0.127361
7 0.75932 0.24068
3 0.0303198 0.96968
7 0.999949 5.05242e-05
7 0.967484 0.032516
7 0.99695 0.00304952
3 0.435317 0.564683
7 0.994764 0.00523598
3 0.11744 0.88256
7 0.999851 0.000148867
7 0.999363 0.000636908
7 0.766939 0.233061
7 0.999579 0.000420702
7 0.803722 0.196278
7 0.999209 0.000790871
7 0.99971 0.000289935
3 0.318513 0.681487
3 0.000507035 0.999493
7 0.810176 0.189824
7 0.994322 0.00567839
7 1 1.53143e-07
7 0.99491 0.00508972
3 0.000409948 0.99959
7 0.999996 4.22283e-06
7 0.999584 0.000416421
7 0.769514 0.230486
7 0.990087 0.00991331
7 0.817438 0.182562
3 0.320694 0.679306
3 1.41073e-05 0.999986
7 0.953131 0.0468687
3 0.155409 0.844591
7 0.999997 2.70715e-06
7 0.999583 0.000416982
7 0.999225 0.000775013
3 0.383025 0.616975
7 0.579566 0.420434
3 0.142997 0.857003
7 0.99417 0.00583017
7 0.984001 0.0159989
7 0.704402 0.295598
7 0.99899 0.00100956
7 0.860867 0.139133
7 0.997317 0.00268276
7 0.999999 1.073e-06
7 0.673937 0.326063
7 0.984943 0.0150567
7 0.995484 0.00451552
7 0.690539 0.309461
7 0.999998 1.71346e-06
7 0.993259 0.00674141
7 0.912605 0.0873955
7 0.995797 0.00420295
7 0.999772 0.000228477
7 0.665188 0.334812
3 4.04674e-06 0.999996
7 0.999886 0.000114367
7 0.983485 0.0165153
7 0.812699 0.187301
7 0.968881 0.0311186
7 0.665127 0.334873
7 0.999951 4.90549e-05
3 0.405629 0.594371
7 0.979212 0.0207876
3 0.00245248 0.997548
3 0.249162 0.750838
3 0.0417109 0.958289
7 0.989865 0.0101346
7 0.999927 7.33294e-05
7 0.999875 0.000125201
7 0.561361 0.438639
3 1.73529e-05 0.999983
3 0.193171 0.806829
3 5.99841e-07 0.999999
7 0.995248 0.00475186
7 0.999212 0.000788402
3 0.471456 0.528544
3 0.483812 0.516188
7 0.99969 0.000309859
7 0.997281 0.00271862
7 0.94774 0.0522602
3 0.279049 0.720951
7 0.999774 0.00022552
7 0.999999 1.41691e-06
7 0.966678 0.0333218
7 0.991107 0.00889291
7 0.999775 0.000224594
7 0.818794 0.181206
7 0.956974 0.0430256
3 0.0501517 0.949848
7 0.691584 0.308416
7 0.885665 0.114335
7 0.999937 6.33405e-05
3 2.4386e-07 1
7 0.866429 0.133571
7 0.944344 0.0556561
3 0.0456659 0.954334
7 0.69973 0.30027
7 0.990012 0.00998821
3 0.318719 0.681281
7 0.982209 0.0177907
7 0.86843 0.13157
7 0.636875 0.363125
7 0.996057 0.00394267
7 0.996508 0.00349246
7 0.999268 0.000731779
7 0.81318 0.18682
3 0.0673838 0.932616
7 0.569755 0.430245
7 0.602037 0.397963
7 0.688292 0.311708
7 0.974532 0.0254675
7 0.999697 0.000303445
7 0.705271 0.294729
7 0.783917 0.216083
7 0.99999 9.87369e-06
3 0.00208017 0.99792
7 0.999996 3.64987e-06
7 0.986656 0.0133443
7 0.994668 0.00533204
7 0.995168 0.00483156
3 8.971e-06 0.999991
7 0.999805 0.000195431
3 0.482172 0.517828
7 0.56832 0.43168
7 0.868145 0.131855
3 0.0010539 0.998946
7 0.676105 0.323895
3 0.0354394 0.964561
7 0.994319 0.00568132
3 0.000475142 0.999525
7 0.999833 0.000166527
3 0.272871 0.727129
3 0.178673 0.821327
3 0.0106387 0.989361
7 0.687377 0.312623
7 0.854878 0.145122
7 0.999597 0.000402936
7 0.69801 0.30199
7 0.995944 0.00405649
3 8.90114e-05 0.999911
7 0.990456 0.0095437
7 0.999119 0.000881211
3 9.47301e-06 0.999991
7 0.759218 0.240782
3 1e-07 1
7 0.998167 0.00183331
7 0.816546 0.183454
3 0.0601384 0.939862
3 0.414524 0.585476
7 0.807113 0.192887
7 0.815724 0.184276
3 0.120632 0.879368
3 0.0668362 0.933164
3 0.488011 0.511989
7 0.959791 0.0402086
7 0.997535 0.00246489
3 0.267694 0.732306
7 0.763992 0.236008
7 0.998946 0.00105424
7 0.995637 0.00436343
3 0.0178506 0.982149
7 0.984517 0.0154825
7 0.868402 0.131598
7 0.543663 0.456337
7 0.749715 0.250285
7 0.686824 0.313176
7 0.877865 0.122135
7 0.99356 0.00644018
7 0.996429 0.00357067
7 0.957338 0.0426625
7 0.871993 0.128007
7 0.955307 0.0446925
7 0.997718 0.00228198
3 0.0308659 0.969134
3 0.00296139 0.997039
7 0.776201 0.223799
7 0.99968 0.000319577
3 0.340526 0.659474
3 0.327758 0.672242
3 0.357508 0.642492
3 0.0479805 0.952019
3 0.00012546 0.999875
7 0.995777 0.00422306
7 0.682955 0.317045
7 0.874507 0.125493
3 0.00152241 0.998478
3 0.00901481 0.990985
7 0.999951 4.87335e-05
7 0.998131 0.00186851
7 0.999779 0.000220954
3 2.87819e-05 0.999971
3 0.00714156 0.992858
7 0.899454 0.100546
3 0.377761 0.622239
7 0.926018 0.0739817
7 0.86202 0.13798
7 0.9775 0.0225004
3 9.27956e-07 0.999999
7 0.909299 0.0907005
3 0.0186755 0.981325
3 0.237066 0.762934
7 0.991875 0.00812531
3 0.000102417 0.999898
7 0.985044 0.0149561
7 0.992026 0.00797377
7 0.813394 0.186606
7 0.573042 0.426958
7 0.570981 0.429019
7 0.999829 0.000171302
7 0.990404 0.00959553
3 0.0501368 0.949863
7 0.905213 0.0947871
7 0.683641 0.316359
7 0.99319 0.00681003
7 0.999873 0.000127467
7 0.999926 7.36258e-05
7 0.989929 0.0100709
3 0.192703 0.807297
7 0.999994 5.60832e-06
3 0.00836146 0.991639
3 0.225044 0.774956
7 0.930598 0.0694021
3 0.279706 0.720294
3 1.58247e-05 0.999984
7 0.861914 0.138086
3 4.06156e-05 0.999959
7 0.979408 0.0205916
3 2.04371e-06 0.999998
7 0.988327 0.0116733
7 0.986437 0.0135633
7 0.979418 0.0205825
7 0.824706 0.175294
3 2.70214e-06 0.999997
3 0.38424 0.61576
7 0.831854 0.168146
7 0.635604 0.364396
3 0.44494 0.55506
7 0.631187 0.368813
7 0.992146 0.00785382
7 0.983832 0.0161684
3 0.371643 0.628357
7 0.999332 0.00066757
3 0.0395063 0.960494
3 3.74447e-05 0.999963
7 0.897425 0.102575
3 0.000434113 0.999566
3 1.81407e-07 1
3 0.442102 0.557898
7 0.999428 0.000572434
7 0.999087 0.000912809
7 0.784905 0.215095
7 0.782202 0.217798
7 0.885028 0.114972
7 0.991961 0.00803933
3 0.000241636 0.999758
7 0.999986 1.38317e-05
7 0.983096 0.0169045
3 0.0205371 0.979463
7 0.999145 0.000854687
7 0.788667 0.211333
3 0.462325 0.537675
7 0.741628 0.258372
3 0.268875 0.731125
7 0.971311 0.0286886
7 0.999754 0.000245941
7 0.99856 0.0014396
7 0.98786 0.0121396
7 0.997956 0.00204364
3 0.369963 0.630037
3 0.262721 0.737279
3 0.000102264 0.999898
3 1.02385e-05 0.99999
7 0.652638 0.347362
7 0.98635 0.0136496
7 0.943225 0.0567749
7 0.99668 0.0033202
3 2.67299e-06 0.999997
7 0.666927 0.333073
7 0.995666 0.00433385
3 0.190601 0.809399
7 0.999973 2.68009e-05
7 0.98092 0.01908
7 0.767246 0.232754
7 0.999975 2.49878e-05
3 2.85736e-06 0.999997
7 0.999412 0.000587894
3 0.120374 0.879626
3 7.82701e-06 0.999992
3 0.0287529 0.971247
3 0.00127111 0.998729
3 0.172344 0.827656
7 0.991738 0.00826173
7 0.844941 0.155059
7 0.995222 0.00477782
7 0.997951 0.00204929
7 0.990156 0.0098436
7 0.693973 0.306027
7 0.995015 0.00498465
7 0.955267 0.0447333
7 0.993629 0.00637094
3 3.2008e-05 0.999968
3 1.83798e-05 0.999982
7 0.999982 1.78842e-05
3 0.245362 0.754638
7 0.993312 0.00668817
3 0.452364 0.547636
7 0.706041 0.293959
3 5.70345e-06 0.999994
7 0.897255 0.102745
3 0.000190368 0.99981
3 4.51617e-05 0.999955
3 0.0140462 0.985954
7 0.706821 0.293179
7 0.999597 0.000403078
7 0.996835 0.00316468
3 0.432269 0.567731
3 0.388373 0.611627
7 0.996702 0.00329821
7 0.8076 0.1924
7 0.999967 3.31954e-05
3 0.0747159 0.925284
7 1 4.50636e-07
7 0.609327 0.390673
7 0.999937 6.26388e-05
7 0.971226 0.0287742
3 0.278956 0.721044
7 0.999405 0.000594558
7 0.957251 0.0427492
3 8.52102e-05 0.999915
3 0.146445 0.853555
7 0.556417 0.443583
3 0.00235033 0.99765
7 0.93295 0.0670502
3 0.3381 0.6619
7 0.96069 0.0393099
7 0.998088 0.00191236
3 0.186476 0.813524
7 0.560143 0.439857
7 0.998541 0.00145912
7 0.999734 0.000266052
3 0.0883354 0.911665
7 0.696109 0.303891
7 0.501874 0.498126
3 0.469523 0.530477
7 0.691664 0.308336
7 0.918373 0.0816268
7 0.765106 0.234894
7 0.999908 9.24538e-05
3 0.11773 0.88227
7 0.993639 0.00636061
7 0.993896 0.00610437
3 0.0733063 0.926694
7 0.752444 0.247556
7 0.974845 0.0251549
3 0.000754855 0.999245
7 0.985686 0.0143138
7 0.744206 0.255794
7 0.574777 0.425223
3 0.073415 0.926585
7 0.975038 0.0249616
7 0.829065 0.170935
3 0.000225193 0.999775
7 0.761335 0.238665
3 0.0695324 0.930468
3 0.309674 0.690326
7 0.980671 0.0193288
7 0.623693 0.376307
7 0.980327 0.0196728
7 0.999065 0.000935317
3 0.000486985 0.999513
3 0.362188 0.637812
3 0.0827022 0.917298
7 0.533214 0.466786
7 0.858827 0.141173
3 0.19795 0.80205
7 0.6573 0.3427
7 0.663821 0.336179
3 1.64372e-06 0.999998
7 0.999977 2.27875e-05
7 0.730115 0.269885
7 0.970749 0.0292508
7 0.996595 0.00340495
7 0.831948 0.168052
7 0.787226 0.212774
7 0.993271 0.00672934
3 0.0109496 0.98905
3 1.86405e-05 0.999981
3 0.0103353 0.989665
3 1.07986e-05 0.999989
7 0.987474 0.0125258
3 0.374158 0.625842
3 0.176061 0.823939
7 0.986434 0.0135658
7 0.98786 0.0121397
7 0.997501 0.00249861
7 0.999529 0.00047118
7 0.996088 0.00391208
7 0.960735 0.0392651
3 0.0441102 0.95589
7 0.999974 2.64814e-05
7 0.990028 0.00997213
7 0.994094 0.00590624
3 0.0154318 0.984568
3 1.84783e-05 0.999982
7 0.501956 0.498044
7 0.777177 0.222823
3 0.00414081 0.995859
7 0.999998 1.95012e-06
7 0.999082 0.000918464
7 0.987678 0.0123225
3 0.37736 0.62264
7 0.587354 0.412646
3 0.077722 0.922278
3 0.000534867 0.999465
7 0.994132 0.00586782
7 0.655635 0.344365
7 0.743313 0.256687
7 0.995362 0.00463809
7 0.888749 0.111251
3 0.0130472 0.986953
3 0.0101303 0.98987
7 0.915842 0.0841581
7 0.546555 0.453445
3 0.0156769 0.984323
3 0.00813866 0.991861
7 0.999904 9.55101e-05
7 0.889169 0.110831
7 0.969219 0.0307811
7 0.877906 0.122094
7 0.988023 0.0119767
7 1 4.40401e-07
3 1e-07 1
7 0.999693 0.000306842
3 3.15014e-07 1
7 0.998504 0.00149614
3 0.000648979 0.999351
7 0.986547 0.0134531
7 0.673798 0.326202
7 0.978447 0.0215533
7 0.997007 0.00299253
3 0.00515831 0.994842
7 0.991107 0.00889282
7 0.999956 4.38748e-05
7 0.987887 0.0121134
7 0.999996 3.50291e-06
7 0.981427 0.0185732
7 0.994711 0.00528942
3 0.0371639 0.962836
7 0.942319 0.0576814
7 0.899324 0.100676
3 0.139142 0.860858
7 0.999814 0.000186054
3 0.000423238 0.999577
3 0.224039 0.775961
7 0.977306 0.0226942
7 0.847229 0.152771
7 0.98293 0.0170699
3 1.2875e-07 1
3 1.05087e-06 0.999999
7 0.999991 8.62312e-06
7 0.99895 0.0010504
7 0.967528 0.0324723
3 0.0952128 0.904787
7 0.999928 7.1717e-05
7 0.926354 0.0736458
7 0.999663 0.000336813
3 0.0135666 0.986433
7 0.54875 0.45125
3 0.432113 0.567887
7 0.999969 3.05311e-05
3 0.436017 0.563983
3 0.0114583 0.988542
7 0.997879 0.00212079
7 0.729082 0.270918
7 1 1.23477e-07
7 0.543085 0.456915
7 0.842716 0.157284
7 0.977554 0.0224459
3 0.000237902 0.999762
3 0.0339251 0.966075
7 0.9879 0.0121002
7 0.809743 0.190257
3 0.455444 0.544556
3 0.405929 0.594071
7 0.998674 0.00132561
7 0.984628 0.0153715
3 0.0255134 0.974487
3 0.354789 0.645211
7 0.673637 0.326363
7 0.994374 0.00562572
3 0.18281 0.81719
3 0.0116237 0.988376
3 0.12521 0.87479
7 0.932514 0.067486
7 0.999612 0.000387534
7 0.607164 0.392836
3 0.255776 0.744224
7 0.950341 0.0496593
7 0.999985 1.53178e-05
7 0.988555 0.0114446
7 0.716857 0.283143
7 0.846756 0.153244
7 0.99971 0.000290366
3 4.59312e-07 1
3 0.00100068 0.998999
3 0.00199445 0.998006
7 0.630856 0.369144
7 0.998869 0.00113129
3 0.406509 0.593491
3 1.65873e-05 0.999983
7 0.819018 0.180982
7 0.976877 0.0231226
7 0.999881 0.000119253
3 0.0489429 0.951057
7 0.999617 0.000383332
7 0.984501 0.015499
3 4.1908e-06 0.999996
7 0.561217 0.438783
7 0.999124 0.000876235
7 0.999434 0.000565998
3 0.461952 0.538048
7 0.997546 0.00245439
7 0.999976 2.37262e-05
3 0.000938974 0.999061
7 0.99993 6.99712e-05
7 0.999995 5.32895e-06
7 0.987376 0.012624
7 0.968058 0.031942
7 0.726816 0.273184
7 0.709184 0.290816
3 0.0250625 0.974937
3 0.432831 0.567169
7 0.989774 0.0102264
3 0.364637 0.635363
7 0.999774 0.00022553
3 3.81994e-06 0.999996
3 6.8249e-06 0.999993
3 0.0486095 0.951391
3 2.44744e-05 0.999976
7 0.770577 0.229423
7 0.999997 2.77565e-06
7 0.998512 0.00148761
7 0.802994 0.197006
7 0.996524 0.00347618
7 0.995649 0.0043513
7 0.874362 0.125638
3 0.312403 0.687597
7 0.524992 0.475008
7 0.973657 0.026343
3 0.0257555 0.974244
7 0.834009 0.165991
7 0.690948 0.309052
7 0.985844 0.0141556
3 0.0659778 0.934022
7 0.678494 0.321506
7 0.760093 0.239907
7 0.790799 0.209201
7 0.999783 0.000217463
7 0.848831 0.151169
3 0.0308408 0.969159
7 0.990081 0.00991873
7 0.628297 0.371703
3 0.0773449 0.922655
7 0.821698 0.178302
3 0.379266 0.620734
3 0.0226113 0.977389
3 0.000120239 0.99988
7 0.999916 8.40975e-05
7 0.765709 0.234291
7 0.997233 0.00276658
3 3.03136e-07 1
3 0.113204 0.886796
7 0.978048 0.0219523
7 0.725239 0.274761
3 0.0910306 0.908969
7 0.999724 0.000276293
3 0.142092 0.857908
3 0.125376 0.874624
3 0.146211 0.853789
7 0.974142 0.0258584
3 6.9239e-05 0.999931
7 1 1.46685e-07
7 0.714387 0.285613
7 0.982515 0.0174846
7 0.995975 0.00402524
7 0.986757 0.0132429
7 0.864185 0.135815
7 0.608222 0.391778
3 0.058088 0.941912
3 0.00283025 0.99717
3 0.450038 0.549962
7 0.81567 0.18433
7 0.95128 0.0487197
7 0.999964 3.6029e-05
7 0.636389 0.363611
7 1 3.11811e-07
7 0.988426 0.0115742
7 0.999997 3.33854e-06
7 0.622996 0.377004
7 0.8024 0.1976
3 0.000154883 0.999845
7 0.582243 0.417757
7 0.549328 0.450672
3 2.59551e-05 0.999974
3 0.00273074 0.997269
7 0.993909 0.00609143
3 0.461645 0.538355
7 0.995157 0.00484334
3 9.03067e-07 0.999999
7 0.627238 0.372762
7 0.988864 0.0111356
7 0.668052 0.331948
3 2.43898e-07 1
7 0.528247 0.471753
3 0.214834 0.785166
7 0.580146 0.419854
7 0.819645 0.180355
7 0.99996 4.00807e-05
7 0.991086 0.00891396
3 0.467813 0.532187
7 0.996259 0.00374064
7 0.998815 0.00118478
7 0.990399 0.00960055
7 0.983078 0.0169215
7 0.773345 0.226655
3 0.440349 0.559651
7 0.978823 0.021177
7 0.84629 0.15371
3 0.0114608 0.988539
7 1 1e-07
7 0.882164 0.117836
3 7.97052e-06 0.999992
3 0.264873 0.735127
3 1e-07 1
7 0.999527 0.000473114
7 0.774059 0.225941
7 1 1e-07
7 0.871718 0.128282
3 0.000214235 0.999786
3 0.291887 0.708113
3 5.21453e-05 0.999948
3 0.000474899 0.999525
3 0.0062055 0.993794
7 0.745311 0.254689
7 0.986086 0.0139136
3 0.327013 0.672987
7 0.99849 0.00150991
3 0.213396 0.786604
3 0.000326504 0.999673
7 0.999995 5.19996e-06
7 0.616748 0.383252
3 0.000451232 0.999549
3 2.19558e-05 0.999978
3 0.0059064 0.994094
7 0.999882 0.000118256
3 0.00222841 0.997772
7 0.997319 0.00268113
7 0.695388 0.304612
7 0.630545 0.369455
7 0.993291 0.00670916
7 0.578168 0.421832
7 0.995995 0.00400475
7 0.999877 0.000123227
7 0.639976 0.360024
3 0.000742009 0.999258
3 0.422012 0.577988
7 0.9994 0.000600239
7 0.762588 0.237412
3 0.2143 0.7857
7 0.998058 0.00194242
7 0.999863 0.000136687
7 0.999778 0.000222342
7 0.999905 9.49619e-05
3 0.241595 0.758405
7 0.759243 0.240757
7 0.999807 0.000192849
7 0.997941 0.002059
7 0.999998 1.80417e-06
3 0.424448 0.575552
7 0.99997 3.04372e-05
3 0.334701 0.665299
7 0.999531 0.000469211
3 0.00101386 0.998986
7 0.991498 0.00850177
3 0.0266374 0.973363
7 0.999726 0.000274318
3 3.34733e-05 0.999967
7 0.979412 0.0205885
7 0.876298 0.123702
7 0.999559 0.000441289
7 0.823417 0.176583
7 0.999715 0.000285095
7 0.999676 0.000324245
7 0.999988 1.2323e-05
7 0.995303 0.00469707
3 1e-07 1
3 0.165592 0.834408
7 0.977105 0.0228949
7 0.997753 0.00224698
3 0.00103338 0.998967
3 0.196686 0.803314
3 0.170004 0.829996
3 0.481119 0.518881
7 0.944002 0.0559976
7 0.809118 0.190882
7 0.998937 0.0010626
7 0.992113 0.00788746
3 0.0277028 0.972297
7 0.999971 2.94073e-05
3 0.262306 0.737694
7 0.999729 0.000270999
3 2.19096e-06 0.999998
3 0.000146282 0.999854
7 0.922177 0.0778231
7 0.638131 0.361869
3 0.499935 0.500065
3 1.01391e-06 0.999999
3 0.254471 0.745529
7 0.999999 5.05618e-07
7 0.881349 0.118651
7 0.775388 0.224612
7 0.979716 0.0202843
7 0.718667 0.281333
7 0.987008 0.0129918
3 0.00473258 0.995267
3 0.0475654 0.952435
3 0.000139601 0.99986
3 0.334478 0.665522
7 0.999996 3.97441e-06
3 0.0219162 0.978084
7 0.992041 0.00795877
7 0.999999 8.73175e-07
3 0.0848508 0.915149
7 0.970221 0.0297788
7 0.765912 0.234088
7 0.993152 0.00684767
7 0.986841 0.0131589
3 0.412556 0.587444
7 0.99998 2.00182e-05
7 0.999684 0.000316124
3 0.31842 0.68158
3 1.40678e-05 0.999986
7 0.999233 0.000767203
7 0.999952 4.75894e-05
7 0.999985 1.45428e-05
3 3.21146e-05 0.999968
7 0.994239 0.00576094
7 0.998285 0.00171542
7 0.956047 0.0439534
7 0.998203 0.00179705
3 0.46753 0.53247
7 0.900377 0.0996229
7 0.680009 0.319991
7 0.997294 0.00270577
7 0.765732 0.234268
7 0.998004 0.00199621
7 1 1e-07
7 0.862532 0.137468
7 0.973634 0.0263661
7 0.950278 0.0497219
3 0.0717314 0.928269
3 0.00457987 0.99542
7 0.999697 0.00030283
3 0.180564 0.819436
7 0.999779 0.000220623
7 0.995133 0.00486712
7 0.98799 0.01201
7 0.976114 0.0238862
7 0.82203 0.17797
7 0.65373 0.34627
7 0.977789 0.0222114
7 0.991472 0.00852828
7 0.996352 0.00364827
7 0.99235 0.00764954
7 0.999222 0.000778032
3 0.000619966 0.99938
7 0.993141 0.00685874
3 0.00744339 0.992557
3 0.336128 0.663872
7 0.999187 0.00081251
7 0.964173 0.0358267
3 0.00281941 0.997181
7 0.999938 6.16033e-05
3 0.000194276 0.999806
3 0.0304638 0.969536
7 0.999911 8.90234e-05
3 0.116047 0.883953
3 0.125653 0.874347
3 0.0189659 0.981034
7 0.992002 0.00799752
7 0.997613 0.002387
7 0.908358 0.0916421
3 0.00490807 0.995092
7 0.973771 0.0262285
7 0.954606 0.0453944
3 6.65597e-06 0.999993
7 0.630695 0.369305
7 0.991325 0.00867481
3 0.0665285 0.933472
3 0.133863 0.866137
7 0.999775 0.000225371
3 0.319275 0.680725
3 0.237225 0.762775
3 7.11258e-06 0.999993
7 0.899742 0.100258
7 0.995576 0.00442382
7 0.990418 0.00958178
3 5.09188e-05 0.999949
7 0.984606 0.0153945
7 0.998988 0.00101211
7 0.998177 0.00182348
7 0.999487 0.000513084
7 0.924934 0.0750664
7 0.79353 0.20647
7 0.956316 0.0436841
3 0.0189444 0.981056
7 0.787589 0.212411
3 1.16851e-05 0.999988
7 0.990572 0.00942836
7 0.995834 0.004166
7 0.988452 0.011548
7 0.909351 0.0906491
7 0.882846 0.117154
3 0.0329614 0.967039
7 0.786094 0.213906
7 0.999804 0.000195846
7 0.99947 0.000530159
7 0.999611 0.000389175
3 1.51003e-07 1
3 0.0204326 0.979567
7 0.996519 0.00348111
7 0.994979 0.00502067
7 0.788225 0.211775
7 0.97623 0.0237697
3 1.78114e-06 0.999998
3 0.0111277 0.988872
3 8.2097e-07 0.999999
7 0.991714 0.00828647
7 0.989009 0.0109915
3 0.207923 0.792077
7 0.992719 0.00728089
3 2.25771e-06 0.999998
7 0.635819 0.364181
7 0.580259 0.419741
7 0.748575 0.251425
3 0.140752 0.859248
7 0.959466 0.040534
3 0.177584 0.822416
7 0.856443 0.143557
7 0.944988 0.0550116
3 0.0125715 0.987429
7 0.999748 0.000252354
3 0.164715 0.835285
7 0.505059 0.494941
7 0.996 0.00400048
7 0.93127 0.0687298
3 0.32519 0.67481
7 0.794924 0.205076
7 0.999999 6.37132e-07
3 0.0460833 0.953917
3 0.161116 0.838884
7 0.989902 0.0100983
3 0.000550823 0.999449
7 0.723878 0.276122
7 0.735789 0.264211
7 0.999991 9.3139e-06
7 0.95802 0.0419798
7 0.763999 0.236001
7 0.967887 0.0321133
7 0.991745 0.00825472
7 0.989218 0.0107821
3 7.54444e-06 0.999992
3 0.252813 0.747187
3 7.43655e-06 0.999993
7 0.822009 0.177991
7 0.999889 0.00011127
7 0.989644 0.0103562
7 0.985154 0.0148459
7 0.999978 2.24072e-05
3 0.000544488 0.999456
3 7.02566e-06 0.999993
7 1 1e-07
7 0.943322 0.0566776
3 0.226888 0.773112
7 0.999994 5.61631e-06
3 0.363413 0.636587
7 0.999063 0.000936972
7 0.525117 0.474883
7 0.944328 0.055672
3 0.318383 0.681617
3 0.00024161 0.999758
7 0.989427 0.0105728
7 0.997511 0.00248947
7 0.999965 3.45637e-05
7 0.993979 0.00602092
7 0.992526 0.007474
3 0.000362222 0.999638
3 0.326778 0.673222
7 0.976339 0.0236608
3 5.57777e-06 0.999994
7 0.974825 0.0251748
7 0.999988 1.16507e-05
7 0.678036 0.321964
7 0.999996 3.66567e-06
7 0.999745 0.000255301
3 0.0102732 0.989727
7 0.793801 0.206199
7 0.772669 0.227331
3 0.34278 0.65722
7 0.563978 0.436022
3 9.52121e-05 0.999905
7 0.699738 0.300262
7 0.884265 0.115735
3 3.70567e-05 0.999963
3 1.34604e-07 1
3 3.35498e-06 0.999997
3 2.88039e-05 0.999971
7 0.994458 0.00554245
7 0.983216 0.0167841
7 0.999685 0.000315118
7 0.908722 0.0912777
7 0.997112 0.00288789
7 0.800724 0.199276
3 0.190279 0.809721
7 0.998978 0.0010216
7 0.988172 0.0118278
7 0.99145 0.00855046
3 6.96029e-05 0.99993
7 0.987958 0.012042
3 0.106299 0.893701
3 0.00983531 0.990165
3 5.73598e-05 0.999943
3 2.44586e-07 1
3 0.00455161 0.995448
7 0.999641 0.000358772
3 0.00031971 0.99968
3 0.263915 0.736085
7 0.700246 0.299754
3 5.30193e-05 0.999947
7 0.514563 0.485437
7 0.999937 6.28203e-05
7 0.997681 0.00231931
3 0.000173173 0.999827
7 0.721143 0.278857
3 0.339174 0.660826
7 0.872528 0.127472
7 0.997116 0.00288444
7 0.73951 0.26049
3 0.362952 0.637048
3 0.138055 0.861945
7 0.999948 5.16817e-05
3 0.000425305 0.999575
7 0.994113 0.00588681
7 0.509935 0.490065
3 3.64295e-05 0.999964
7 0.760544 0.239456
7 0.858411 0.141589
3 0.0289672 0.971033
7 0.571364 0.428636
7 0.977052 0.0229483
7 0.998249 0.00175107
3 0.00151104 0.998489
3 1e-07 1
7 0.985922 0.0140776
7 0.79307 0.20693
3 9.38139e-06 0.999991
3 3.91744e-06 0.999996
7 0.961024 0.0389763
3 0.0200041 0.979996
7 0.990994 0.00900571
7 0.854463 0.145537
3 0.000155018 0.999845
7 0.99998 2.00211e-05
3 0.465761 0.534239
3 0.000401936 0.999598
7 0.975537 0.0244633
3 0.389577 0.610423
7 0.979324 0.0206759
3 0.393354 0.606646
3 0.316355 0.683645
7 0.759557 0.240443
3 0.349379 0.650621
3 3.58044e-05 0.999964
3 0.13725 0.86275
3 0.495148 0.504852
7 0.988485 0.0115152
3 0.0953977 0.904602
3 0.268883 0.731117
7 0.808322 0.191678
3 0.0183145 0.981685
3 5.34129e-07 0.999999
7 0.993517 0.00648346
7 0.57756 0.42244
3 0.0046026 0.995397
3 0.0965753 0.903425
7 0.584684 0.415316
7 0.671732 0.328268
3 0.178708 0.821292
7 0.767733 0.232267
7 0.988949 0.0110507
7 0.999948 5.20567e-05
7 0.538538 0.461462
7 0.776036 0.223964
7 0.994749 0.00525076
7 0.988976 0.0110239
7 0.997969 0.00203073
3 0.139459 0.860541
3 0.0168354 0.983165
7 0.64017 0.35983
3 0.145829 0.854171
3 8.64769e-05 0.999914
3 2.58624e-07 1
7 0.976756 0.0232443
7 0.691388 0.308612
7 0.534669 0.465331
7 0.995976 0.00402367
7 0.999997 2.91661e-06
3 8.55137e-05 0.999914
7 0.994837 0.00516332
7 0.999999 9.40244e-07
7 0.996206 0.00379374
7 0.596738 0.403262
7 0.789664 0.210336
7 1 3.64164e-07
7 0.992584 0.00741608
7 0.597462 0.402538
7 0.965242 0.0347576
7 0.997193 0.00280654
7 0.659742 0.340258
7 0.676166 0.323834
7 0.959929 0.040071
3 1.11803e-06 0.999999
3 0.179001 0.820999
7 0.999697 0.000302768
3 3.63754e-05 0.999964
3 2.5467e-06 0.999997
7 0.73686 0.26314
7 0.520423 0.479577
7 0.845283 0.154717
3 0.129674 0.870326
7 0.882292 0.117708
7 0.64007 0.35993
7 0.568672 0.431328
7 0.994567 0.00543314
3 0.00518831 0.994812
7 0.999927 7.33497e-05
7 0.692828 0.307172
3 0.0110612 0.988939
7 0.999569 0.000430503
7 0.895241 0.104759
3 1.40424e-07 1
3 0.0306156 0.969384
3 0.278087 0.721913
3 0.143084 0.856916
7 0.999518 0.000481783
7 0.999981 1.87435e-05
7 0.993904 0.00609635
7 0.999745 0.000255063
7 0.990748 0.00925168
3 0.116949 0.883051
7 0.662403 0.337597
7 0.807065 0.192935
7 0.97098 0.0290195
7 0.999636 0.000363884
7 0.949413 0.0505874
7 0.999382 0.000617589
7 0.790862 0.209138
7 0.740345 0.259655
3 0.00853155 0.991468
7 0.993076 0.00692376
3 0.437301 0.562699
7 0.99951 0.000490168
7 0.58178 0.41822
7 0.999686 0.000313513
3 8.11201e-05 0.999919
7 0.993077 0.00692317
3 4.06008e-05 0.999959
3 9.17106e-07 0.999999
7 0.772185 0.227815
3 0.0291616 0.970838
7 0.976721 0.0232786
3 0.201138 0.798862
7 0.707931 0.292069
3 0.275905 0.724095
3 0.313412 0.686588
7 0.501191 0.498809
7 0.974415 0.0255853
7 0.986516 0.0134836
7 0.999991 8.59409e-06
7 0.999726 0.000273997
7 0.983788 0.0162122
3 5.13047e-05 0.999949
7 0.932053 0.0679469
7 0.882195 0.117805
7 1 3.06166e-07
7 0.978008 0.0219922
7 0.677072 0.322928
7 0.988261 0.0117387
3 1e-07 1
7 0.800581 0.199419
3 0.0595337 0.940466
3 0.425105 0.574895
7 0.701359 0.298641
7 0.906166 0.0938336
7 0.988801 0.0111987
3 0.000206753 0.999793
3 0.111407 0.888593
3 1.29564e-05 0.999987
7 0.848349 0.151651
7 0.772345 0.227655
7 0.998353 0.00164711
7 0.999775 0.000225346
7 0.771981 0.228019
7 0.730185 0.269815
7 0.997322 0.00267771
7 0.521585 0.478415
3 0.0381503 0.96185
7 0.906444 0.0935555
7 0.988909 0.0110912
7 0.761744 0.238256
7 0.997001 0.00299922
7 0.942372 0.0576285
7 0.999869 0.000131475
7 0.825711 0.174289
3 1.24789e-06 0.999999
3 0.000273208 0.999727
7 0.996032 0.00396786
7 0.997967 0.00203343
7 0.99789 0.00210959
3 1.24963e-06 0.999999
7 0.783545 0.216455
3 0.317844 0.682156
7 0.85003 0.14997
7 0.994622 0.00537797
7 1 2.449e-07
3 0.0603049 0.939695
3 1.4471e-05 0.999986
3 0.106661 0.893339
3 1.48441e-05 0.999985
3 6.6998e-07 0.999999
7 0.958805 0.0411947
7 0.997236 0.00276418
7 0.999038 0.000961824
7 0.999505 0.000495339
3 1e-07 1
7 0.909376 0.0906237
7 1 1e-07
7 0.845599 0.154401
3 0.417685 0.582315
7 0.976379 0.0236214
7 0.97908 0.0209205
7 0.954252 0.0457482
7 0.971647 0.0283535
3 0.320428 0.679572
7 0.995293 0.00470748
7 0.983176 0.0168245
7 0.995248 0.00475174
7 0.89296 0.10704
7 0.994904 0.00509639
7 0.996047 0.00395271
7 0.999803 0.000196936
3 0.000353168 0.999647
7 0.983224 0.0167757
7 0.999919 8.06119e-05
3 0.277008 0.722992
3 2.95064e-06 0.999997
3 0.258249 0.741751
7 0.77266 0.22734
7 1 3.68767e-07
7 0.610096 0.389904
7 0.795964 0.204036
7 0.995788 0.00421172
7 0.999953 4.68633e-05
7 0.980381 0.019619
7 0.883284 0.116716
7 0.59816 0.40184
7 0.982792 0.0172079
7 0.999674 0.000326464
7 0.563778 0.436222
7 0.999881 0.00011915
7 0.997394 0.00260561
7 0.998734 0.00126592
7 0.677123 0.322877
7 0.999813 0.000187283
7 0.615317 0.384683
7 0.977959 0.0220413
3 0.348794 0.651206
7 0.968338 0.0316624
3 3.2611e-05 0.999967
3 0.40253 0.59747
7 0.521744 0.478256
3 0.19602 0.80398
7 0.938892 0.0611077
3 0.000967578 0.999032
7 0.980206 0.0197936
7 0.997927 0.00207303
7 0.987553 0.0124472
7 0.569321 0.430679
3 0.415798 0.584202
7 0.986596 0.013404
7 0.882285 0.117715
7 0.974166 0.0258339
7 0.998997 0.00100341
7 0.636873 0.363127
7 1 1e-07
7 0.999429 0.000570607
3 0.177429 0.822571
7 0.995636 0.00436364
7 0.698601 0.301399
7 0.996967 0.00303288
7 0.993777 0.00622339
3 0.407512 0.592488
3 0.002288 0.997712
7 0.828125 0.171875
7 0.985261 0.0147388
7 0.962477 0.0375234
7 0.998688 0.00131162
3 1e-07 1
7 0.999999 8.79706e-07
3 0.000707946 0.999292
7 0.987665 0.0123355
7 0.998636 0.00136423
7 0.71449 0.28551
3 0.25641 0.74359
7 0.985831 0.0141693
3 0.000227316 0.999773
7 0.954012 0.0459878
7 0.861107 0.138893
7 0.999469 0.000530933
3 0.0208358 0.979164
7 0.969532 0.030468
7 0.993545 0.00645525
7 0.916388 0.083612
3 0.150559 0.849441
3 0.00251816 0.997482
3 0.390673 0.609327
3 0.000200049 0.9998
3 0.00127765 0.998722
7 0.996758 0.00324223
7 0.99654 0.00345992
7 0.853631 0.146369
3 0.442426 0.557574
3 0.000201448 0.999799
7 1 1e-07
7 0.991261 0.00873924
7 0.998083 0.00191711
7 0.914302 0.0856977
7 0.994228 0.00577228
7 0.996248 0.00375176
7 0.894286 0.105714
7 0.861806 0.138194
3 0.0341946 0.965805
7 0.743996 0.256004
7 0.937904 0.0620958
3 0.336047 0.663953
7 0.639599 0.360401
3 3.36049e-05 0.999966
3 1.15426e-07 1
7 0.770324 0.229676
7 0.997501 0.00249851
7 0.999541 0.000458982
3 0.38432 0.61568
7 0.805581 0.194419
3 0.000377729 0.999622
7 1 1e-07
7 0.963462 0.0365379
7 0.977737 0.0222632
7 0.97487 0.0251295
7 0.839359 0.160641
3 0.0139 0.9861
7 0.785811 0.214189
7 0.999998 1.98822e-06
7 0.974342 0.0256581
7 0.915501 0.0844994
3 0.000118542 0.999881
7 0.991434 0.00856618
3 0.105242 0.894758
7 0.525951 0.474049
7 0.922863 0.0771374
7 0.719776 0.280224
3 2.65941e-05 0.999973
3 0.332137 0.667863
3 0.0774713 0.922529
7 0.99955 0.000449523
7 1 2.30201e-07
7 0.985072 0.0149284
7 0.994635 0.00536454
3 0.00105087 0.998949
3 1.2278e-06 0.999999
3 0.0621474 0.937853
7 0.609376 0.390624
7 0.999963 3.72646e-05
7 0.984895 0.0151052
7 0.788614 0.211386
3 0.215476 0.784524
7 0.999781 0.000219254
7 0.942969 0.0570315
7 0.835182 0.164818
3 0.000135137 0.999865
7 0.995847 0.00415288
3 0.048611 0.951389
3 1.30462e-06 0.999999
7 0.811063 0.188937
3 0.065598 0.934402
7 0.802217 0.197783
7 0.999999 5.21923e-07
3 0.0249191 0.975081
3 0.0728709 0.927129
7 0.840498 0.159502
7 0.809938 0.190062
3 0.00864434 0.991356
3 0.398597 0.601403
3 0.0327096 0.96729
7 0.995469 0.00453123
7 0.932564 0.0674365
7 1 1e-07
3 0.013501 0.986499
7 0.999942 5.83276e-05
3 0.315011 0.684989
7 0.90997 0.0900305
3 0.240218 0.759782
7 0.986506 0.0134936
7 0.889753 0.110247
7 0.967869 0.0321306
7 0.99018 0.00981987
3 0.047956 0.952044
3 0.000249963 0.99975
7 0.995793 0.00420671
3 0.000114874 0.999885
3 0.122454 0.877546
3 1e-07 1
3 0.238163 0.761837
3 8.7318e-05 0.999913
3 7.06351e-06 0.999993
7 0.653327 0.346673
7 0.71582 0.28418
7 0.934732 0.0652683
7 0.751506 0.248494
7 0.999957 4.27997e-05
3 0.455891 0.544109
7 0.938744 0.0612563
7 0.992615 0.00738486
7 0.99099 0.00900991
7 0.788239 0.211761
7 0.999042 0.000958072
7 0.924016 0.0759844
3 0.131443 0.868557
7 0.991202 0.00879828
7 0.999706 0.00029396
3 0.319054 0.680946
7 0.998665 0.00133457
7 0.999963 3.74039e-05
3 3.00089e-07 1
3 1e-07 1
7 0.99374 0.00625994
7 0.655874 0.344126
3 0.00673581 0.993264
7 0.681362 0.318638
7 0.999976 2.38144e-05
7 0.995465 0.00453498
7 0.759377 0.240623
7 0.999917 8.32155e-05
7 0.559629 0.440371
7 0.996934 0.0030658
7 0.682326 0.317674
7 0.999986 1.44069e-05
7 0.997793 0.00220685
3 0.0840409 0.915959
7 0.999594 0.000406042
3 0.202238 0.797762
7 0.643206 0.356794
7 0.759335 0.240665
7 0.991344 0.0086565
7 0.811521 0.188479
7 0.986103 0.0138969
7 0.937375 0.0626248
3 0.0549065 0.945094
7 0.851628 0.148372
7 0.899404 0.100596
7 1 1e-07
7 0.997513 0.00248723
3 0.0257593 0.974241
7 0.939668 0.0603317
3 0.187946 0.812054
7 0.988524 0.0114758
7 0.998423 0.00157656
7 0.822645 0.177355
3 1e-07 1
7 0.80445 0.19555
3 5.89962e-06 0.999994
3 0.000898484 0.999102
7 0.994414 0.0055862
7 0.999838 0.000162095
3 0.105168 0.894832
7 0.993799 0.00620116
7 0.987314 0.0126855
3 2.07581e-06 0.999998
3 0.407325 0.592675
3 8.05012e-06 0.999992
7 0.864102 0.135898
7 0.889132 0.110868
7 0.990097 0.00990344
3 0.000488856 0.999511
7 0.990883 0.00911719
7 0.974503 0.0254974
7 0.942466 0.0575339
7 0.996435 0.00356494
7 0.529859 0.470141
7 0.999966 3.43743e-05
7 0.828491 0.171509
3 0.175725 0.824275
3 0.000421143 0.999579
3 0.00211721 0.997883
7 0.999966 3.36358e-05
7 0.984179 0.0158207
7 0.999315 0.000685243
3 0.348317 0.651683
7 0.999964 3.57003e-05
3 0.0625845 0.937415
3 0.406313 0.593687
3 0.181082 0.818918
7 0.999565 0.00043533
7 0.800788 0.199212
3 0.272298 0.727702
3 0.000198856 0.999801
7 0.651099 0.348901
3 2.52784e-05 0.999975
3 0.0518673 0.948133
7 0.999885 0.000115424
7 0.975071 0.0249293
7 0.752961 0.247039
3 7.16449e-06 0.999993
7 0.992322 0.0076777
3 5.13587e-05 0.999949
7 0.993125 0.0068748
3 0.400311 0.599689
7 0.760538 0.239462
7 0.587759 0.412241
7 0.974677 0.0253228
7 0.759919 0.240081
7 0.773888 0.226112
3 1.37711e-05 0.999986
7 0.846721 0.153279
7 0.992609 0.00739131
3 0.1891 0.8109
7 0.533826 0.466174
7 0.815985 0.184015
3 1.14449e-05 0.999989
7 0.820993 0.179007
3 0.284847 0.715153
3 0.00369674 0.996303
7 0.973547 0.0264534
7 0.997332 0.00266755
7 0.779432 0.220568
3 0.451361 0.548639
7 0.77004 0.22996
3 8.00688e-07 0.999999
3 0.472434 0.527566
7 0.999459 0.000540568
7 0.998111 0.00188874
7 0.999996 4.33381e-06
3 0.317718 0.682282
7 0.999494 0.000506316
3 3.77282e-06 0.999996
7 0.764444 0.235556
7 0.995915 0.00408492
7 0.999017 0.000982772
3 0.492149 0.507851
7 0.999926 7.36168e-05
7 0.994601 0.00539941
3 0.14692 0.85308
7 0.997556 0.00244401
7 0.997058 0.00294177
7 0.999309 0.000690551
7 0.834415 0.165585
3 1e-07 1
7 0.621029 0.378971
7 0.991142 0.00885835
3 1.73169e-05 0.999983
3 0.393376 0.606624
7 0.998607 0.00139294
7 1 1e-07
3 0.185364 0.814636
7 0.891723 0.108277
7 0.57769 0.42231
7 0.999991 9.33319e-06
3 0.000594591 0.999405
7 0.980411 0.0195886
7 0.735187 0.264813
7 0.999976 2.39042e-05
7 0.994091 0.00590923
7 0.999128 0.000871799
7 0.969482 0.0305181
7 0.998916 0.00108367
7 0.984752 0.0152479
3 6.89453e-06 0.999993
7 0.999895 0.00010517
7 0.614278 0.385722
3 0.0367841 0.963216
7 0.992615 0.00738473
7 1 1.33653e-07
7 0.999449 0.000550643
3 0.0826644 0.917336
3 0.0713225 0.928677
3 0.00078266 0.999217
3 0.00270547 0.997295
3 0.000116087 0.999884
3 8.37459e-06 0.999992
7 0.984789 0.0152106
7 0.851545 0.148455
3 0.413778 0.586222
7 0.999845 0.000154508
7 0.99252 0.00748029
7 0.983577 0.0164235
7 0.999686 0.000314326
7 0.986664 0.0133359
7 0.995713 0.00428675
7 0.96401 0.0359899
3 1.35582e-05 0.999986
3 4.72297e-06 0.999995
7 0.995519 0.00448148
7 0.928044 0.0719558
3 0.00933345 0.990667
7 0.544773 0.455227
7 0.517603 0.482397
7 0.563233 0.436767
3 0.325253 0.674747
7 0.675973 0.324027
7 0.991223 0.00877723
7 0.778175 0.221825
7 0.960079 0.0399212
7 0.991679 0.00832072
3 0.00021135 0.999789
7 0.993607 0.00639259
3 0.340043 0.659957
7 0.987344 0.0126556
3 0.00834683 0.991653
7 0.999852 0.000147588
3 0.00446453 0.995535
7 0.945306 0.0546939
7 0.99613 0.00386991
7 0.994777 0.00522348
7 0.998695 0.00130531
3 0.487692 0.512308
7 0.785108 0.214892
3 0.0674853 0.932515
3 0.189374 0.810626
7 0.999728 0.000271926
7 0.999229 0.000770642
3 1.16022e-05 0.999988
7 0.99651 0.00348975
3 4.49528e-05 0.999955
7 0.999516 0.000484278
3 0.01506 0.98494
7 0.996757 0.00324261
7 0.997624 0.00237604
3 1.7445e-06 0.999998
7 0.962616 0.0373843
3 0.000747894 0.999252
7 0.569369 0.430631
7 0.999911 8.93225e-05
7 0.8469 0.1531
7 0.99995 5.01045e-05
3 3.01426e-05 0.99997
7 0.824758 0.175242
3 1.82617e-06 0.999998
7 0.567385 0.432615
7 0.999513 0.000486709
7 0.586442 0.413558
7 0.99368 0.00632009
3 0.0567261 0.943274
7 0.999941 5.87939e-05
7 0.866138 0.133862
7 0.674147 0.325853
7 0.999996 4.05542e-06
7 0.628017 0.371983
7 0.996743 0.00325748
3 0.000131831 0.999868
7 0.937834 0.0621656
3 0.125581 0.874419
3 0.177915 0.822085
7 0.603789 0.396211
7 0.994104 0.00589588
7 0.625688 0.374312
3 0.293722 0.706278
7 0.973529 0.0264705
3 0.37035 0.62965
7 0.629608 0.370392
3 0.000150108 0.99985
7 0.995349 0.00465074
7 0.796874 0.203126
7 0.999976 2.3607e-05
3 0.0682884 0.931712
3 0.274495 0.725505
7 0.963626 0.0363743
3 6.83787e-05 0.999932
7 0.873698 0.126302
7 0.998242 0.00175758
3 3.80346e-05 0.999962
7 0.771326 0.228674
3 0.311335 0.688665
3 0.205603 0.794397
7 0.999043 0.000957214
3 0.000806466 0.999194
7 0.617058 0.382942
3 0.206464 0.793536
7 0.81698 0.18302
7 0.71804 0.28196
7 0.999998 2.12892e-06
7 0.990228 0.0097716
3 1.27592e-07 1
7 0.999931 6.90071e-05
3 0.286659 0.713341
3 0.137223 0.862777
7 0.819305 0.180695
3 0.000193732 0.999806
7 0.70296 0.29704
3 0.0424764 0.957524
7 0.643555 0.356445
7 0.982637 0.0173628
3 0.203698 0.796302
7 0.999953 4.65988e-05
7 0.967772 0.0322278
3 1.11359e-05 0.999989
7 0.956267 0.0437326
3 0.00247526 0.997525
7 0.990539 0.00946127
7 0.996756 0.00324438
7 0.554676 0.445324
7 0.558506 0.441494
3 0.193938 0.806062
7 0.999881 0.00011869
3 0.000951691 0.999048
3 0.486413 0.513587
7 0.92079 0.0792101
7 0.995296 0.00470393
3 1.16809e-05 0.999988
7 0.925807 0.0741929
3 0.00137051 0.998629
7 0.983848 0.0161522
7 0.589817 0.410183
7 0.996131 0.00386886
7 0.990777 0.00922317
3 3.98235e-05 0.99996
3 0.100989 0.899011
7 0.999423 0.000577456
3 6.29055e-06 0.999994
3 0.0281606 0.971839
7 0.851935 0.148065
3 3.88841e-07 1
3 0.0649259 0.935074
3 1.87567e-06 0.999998
7 0.997862 0.00213839
7 0.979505 0.0204945
7 0.850453 0.149547
3 0.00808249 0.991918
7 0.99848 0.00152016
3 0.20511 0.79489
7 0.999822 0.00017778
7 0.992376 0.00762425
7 1 1e-07
7 0.996203 0.00379722
3 2.28115e-06 0.999998
3 0.00206615 0.997934
7 0.785579 0.214421
7 0.589755 0.410245
7 0.999984 1.57005e-05
7 0.967395 0.0326055
3 0.482924 0.517076
7 0.777187 0.222813
7 0.996499 0.00350136
3 0.0050073 0.994993
7 0.761752 0.238248
7 0.86992 0.13008
7 0.994253 0.00574678
7 0.741389 0.258611
7 0.875088 0.124912
7 0.997029 0.0029712
3 0.160577 0.839423
7 0.827987 0.172013
7 0.880074 0.119926
7 0.908429 0.0915706
7 0.505774 0.494226
7 0.998026 0.00197367
7 0.993649 0.00635078
3 1e-07 1
7 0.72689 0.27311
3 0.000620464 0.99938
7 0.651721 0.348279
7 0.991591 0.00840943
3 0.018348 0.981652
3 2.56207e-05 0.999974
7 0.787448 0.212552
3 0.000589165 0.999411
7 0.998125 0.00187549
7 0.999555 0.000445198
7 0.982951 0.0170488
7 0.99998 2.02276e-05
7 0.999 0.000999968
3 6.0716e-06 0.999994
3 8.66777e-07 0.999999
3 0.306969 0.693031
7 0.985344 0.0146564
7 0.860007 0.139993
7 0.998402 0.00159754
3 1e-07 1
3 0.196634 0.803366
7 0.817456 0.182544
3 0.230833 0.769167
3 6.94473e-05 0.999931
7 0.999851 0.000149402
7 0.768324 0.231676
7 0.891886 0.108114
7 0.998954 0.00104623
7 0.990808 0.00919241
7 0.990409 0.00959107
7 0.967852 0.0321481
7 0.964337 0.0356628
7 0.735708 0.264292
3 7.78006e-05 0.999922
3 0.410709 0.589291
7 0.871576 0.128424
7 0.922065 0.0779348
7 0.710844 0.289156
3 0.0013307 0.998669
7 0.991098 0.00890164
3 0.272437 0.727563
3 1.45344e-07 1
3 0.256719 0.743281
7 0.999592 0.000407802
7 0.99994 6.01096e-05
3 0.0653812 0.934619
7 0.579747 0.420253
3 0.00315348 0.996847
3 0.00785823 0.992142
7 0.999941 5.94234e-05
7 0.650131 0.349869
3 0.0233074 0.976693
7 0.986932 0.0130677
3 0.222151 0.777849
7 0.787605 0.212395
7 0.819192 0.180808
3 0.496294 0.503706
3 0.134721 0.865279
7 0.999302 0.000697672
3 0.0803298 0.91967
3 0.0438947 0.956105
3 0.0110475 0.988953
7 0.952248 0.0477518
3 0.000205211 0.999795
7 0.820038 0.179962
3 4.22346e-05 0.999958
7 0.999823 0.000176933
3 1.0041e-07 1
3 0.0153419 0.984658
7 0.877637 0.122363
3 0.024064 0.975936
3 6.86145e-06 0.999993
7 0.721258 0.278742
3 0.000902817 0.999097
3 0.0918156 0.908184
3 0.0801096 0.91989
3 0.0104406 0.989559
7 0.995636 0.00436367
7 0.998334 0.00166593
7 0.982142 0.0178583
7 0.813852 0.186148
7 0.992204 0.00779635
7 0.762389 0.237611
3 0.0226345 0.977366
7 0.996941 0.00305866
7 0.980553 0.019447
7 0.998751 0.00124923
3 0.0354328 0.964567
7 0.996494 0.00350575
7 0.799339 0.200661
7 0.99916 0.000839947
7 0.997771 0.00222871
7 0.973944 0.0260556
3 0.000545659 0.999454
3 0.14399 0.85601
7 0.820467 0.179533
7 0.808498 0.191502
7 0.99999 1.02533e-05
7 0.525568 0.474432
3 0.000393691 0.999606
7 0.653947 0.346053
7 0.656166 0.343834
7 0.998825 0.00117478
7 0.72622 0.27378
3 4.25005e-05 0.999957
7 0.98794 0.0120602
7 0.99989 0.000110421
3 4.54379e-07 1
3 0.00199571 0.998004
7 0.642459 0.357541
7 0.620494 0.379506
7 0.999733 0.000267001
7 0.967431 0.0325694
7 0.992048 0.00795184
3 0.0338925 0.966107
3 0.00625677 0.993743
7 0.540682 0.459318
7 0.997661 0.00233876
3 0.000596344 0.999404
7 0.995345 0.00465472
3 0.000116102 0.999884
7 0.731257 0.268743
7 0.760611 0.239389
3 0.00776902 0.992231
3 1.00663e-06 0.999999
7 0.993669 0.00633094
3 0.00130502 0.998695
7 0.998288 0.00171212
7 0.999365 0.00063498
7 0.873178 0.126822
7 0.995789 0.00421072
7 0.996552 0.00344832
3 1.26437e-05 0.999987
7 0.99894 0.00105998
3 0.432776 0.567224
7 0.740558 0.259442
7 0.99942 0.000579935
7 0.994892 0.0051077
7 0.679023 0.320977
7 0.972569 0.0274312
3 0.0290475 0.970952
7 0.999636 0.000364456
7 0.999796 0.000203558
7 0.99822 0.00177955
7 0.841848 0.158152
7 0.650487 0.349513
3 0.0176499 0.98235
7 0.610328 0.389672
7 0.980506 0.0194935
7 1 1e-07
3 0.0336434 0.966357
3 3.21494e-05 0.999968
7 0.965619 0.0343805
7 0.714949 0.285051
7 0.730139 0.269861
3 0.000104875 0.999895
3 0.197345 0.802655
7 0.919888 0.0801116
7 0.988763 0.0112366
7 0.983137 0.0168635
3 0.0220333 0.977967
7 0.991105 0.00889482
7 0.996907 0.00309298
7 0.987477 0.0125235
7 0.989866 0.0101345
7 0.762923 0.237077
7 0.872723 0.127277
3 0.303378 0.696622
7 0.561691 0.438309
3 0.000718238 0.999282
7 0.618894 0.381106
7 0.856062 0.143938
7 0.886474 0.113526
3 0.0600635 0.939936
3 0.381679 0.618321
3 0.0866394 0.913361
3 0.0797996 0.9202
7 0.701824 0.298176
7 0.98364 0.0163603
7 0.99973 0.000270221
3 2.26527e-05 0.999977
7 0.792088 0.207912
7 0.967216 0.0327844
7 0.990212 0.00978784
7 0.722779 0.277221
7 0.999516 0.000483672
3 0.169454 0.830546
7 0.999023 0.000977257
7 0.762839 0.237161
7 0.996185 0.00381511
7 0.988342 0.0116584
3 5.05894e-07 0.999999
3 6.31061e-06 0.999994
7 0.997362 0.00263785
7 0.988913 0.0110871
7 0.997682 0.00231802
7 0.844404 0.155596
7 0.992549 0.00745073
7 0.991592 0.00840819
3 0.0942621 0.905738
7 0.905031 0.094969
7 0.773684 0.226316
3 2.44556e-05 0.999976
3 0.220417 0.779583
3 0.46868 0.53132
3 0.06861 0.93139
7 0.999573 0.000427479
7 0.975743 0.0242565
3 0.0360717 0.963928
7 0.653754 0.346246
7 0.999947 5.34531e-05
7 0.871936 0.128064
3 0.00269998 0.9973
7 0.803126 0.196874
3 0.219233 0.780767
7 0.946938 0.0530623
3 0.28815 0.71185
7 0.788046 0.211954
3 0.452238 0.547762
7 0.996805 0.00319483
7 0.720659 0.279341
3 2.66563e-05 0.999973
7 0.998664 0.00133611
7 0.994673 0.00532729
7 0.999909 9.0744e-05
7 0.864263 0.135737
7 0.998483 0.0015174
7 0.817172 0.182828
7 0.74985 0.25015
3 3.75765e-07 1
7 0.99307 0.00692956
7 0.79103 0.20897
7 0.999994 6.14019e-06
7 0.973193 0.0268065
3 0.18847 0.81153
7 0.639801 0.360199
3 0.000615727 0.999384
3 0.456491 0.543509
7 0.86162 0.13838
3 0.203322 0.796678
7 1 1e-07
7 0.999974 2.60256e-05
7 0.97351 0.0264901
7 0.819756 0.180244
7 0.885507 0.114493
7 0.583441 0.416559
3 0.208127 0.791873
3 5.62225e-07 0.999999
7 0.939028 0.0609716
7 0.99261 0.00738959
7 0.999194 0.000805715
7 0.571981 0.428019
7 0.716146 0.283854
3 0.0532983 0.946702
7 0.990412 0.00958781
3 0.00113162 0.998868
7 0.999997 2.79288e-06
7 0.797961 0.202039
3 0.219959 0.780041
7 0.687552 0.312448
7 0.999945 5.536e-05
7 0.959045 0.0409547
7 0.999073 0.000926806
7 0.999215 0.000784546
3 0.0271479 0.972852
3 0.235285 0.764715
7 0.940626 0.0593745
3 1.34749e-05 0.999987
3 9.37696e-05 0.999906
7 0.988571 0.0114288
3 0.0038868 0.996113
7 0.744433 0.255567
7 0.999515 0.000484666
7 0.644414 0.355586
3 1.50333e-05 0.999985
7 0.80252 0.19748
3 0.123489 0.876511
7 0.988646 0.0113538
7 0.756384 0.243616
7 0.858959 0.141041
3 0.451575 0.548425
7 0.79334 0.20666
3 0.000476404 0.999524
3 0.0304197 0.96958
7 0.999945 5.48714e-05
7 0.699262 0.300738
3 6.73984e-06 0.999993
7 0.975773 0.0242268
7 0.998476 0.0015237
3 0.0219059 0.978094
7 0.751615 0.248385
7 0.862867 0.137133
7 0.588915 0.411085
7 0.992368 0.00763171
7 0.604321 0.395679
3 1.30049e-06 0.999999
3 0.00120158 0.998798
7 0.530445 0.469555
7 0.996479 0.00352149
7 0.99955 0.000450183
7 0.977712 0.0222881
7 0.963479 0.0365214
7 0.982257 0.0177432
7 0.95996 0.0400402
7 0.999916 8.41226e-05
7 0.752324 0.247676
7 0.996421 0.0035789
3 4.45877e-05 0.999955
7 0.869607 0.130393
7 0.991825 0.00817461
7 0.664623 0.335377
7 0.723297 0.276703
7 0.684292 0.315708
7 0.886051 0.113949
3 0.421222 0.578778
3 0.212636 0.787364
7 0.92813 0.0718696
7 0.99997 2.9956e-05
3 0.00147558 0.998524
7 0.995166 0.00483441
3 1.67741e-06 0.999998
7 0.98424 0.01576
3 0.276938 0.723062
7 0.729723 0.270277
3 0.0564676 0.943532
7 0.937251 0.0627494
7 0.998312 0.00168803
3 0.386249 0.613751
7 0.979424 0.0205756
3 1.09043e-07 1
3 0.44244 0.55756
3 0.00845668 0.991543
7 0.629258 0.370742
7 0.999769 0.000230866
7 0.998542 0.00145781
7 0.99365 0.00635018
7 0.998267 0.00173268
7 0.997797 0.00220277
3 0.00694467 0.993055
7 0.985951 0.0140489
7 0.667533 0.332467
3 0.0296525 0.970348
3 0.180342 0.819658
3 0.0046223 0.995378
3 3.22256e-06 0.999997
7 0.974399 0.0256008
7 0.986837 0.0131632
3 0.00510608 0.994894
7 0.929002 0.0709983
7 0.732448 0.267552
7 0.606669 0.393331
7 0.838844 0.161156
3 6.28153e-07 0.999999
7 0.997098 0.00290189
7 0.826796 0.173204
7 0.999791 0.000209062
7 0.695789 0.304211
7 0.98974 0.0102601
7 0.996479 0.00352117
3 0.00148609 0.998514
7 0.999995 5.49364e-06
7 0.999514 0.000485619
3 0.00265423 0.997346
7 0.997606 0.00239369
7 0.999974 2.61022e-05
7 0.980504 0.0194963
3 2.59765e-05 0.999974
7 0.652019 0.347981
3 0.00145391 0.998546
7 0.999781 0.000218852
3 8.51957e-06 0.999991
7 0.848675 0.151325
3 1.50537e-07 1
7 0.747901 0.252099
3 0.0728586 0.927141
3 0.277815 0.722185
7 0.813315 0.186685
3 0.203093 0.796907
3 1.08477e-06 0.999999
7 0.997452 0.00254753
7 0.999845 0.000155286
7 0.997732 0.00226795
7 0.999997 2.91104e-06
7 0.999994 6.04964e-06
7 0.884319 0.115681
3 0.000468346 0.999532
3 0.138311 0.861689
7 0.986205 0.0137948
7 0.953477 0.0465231
7 0.821265 0.178735
3 0.437826 0.562174
3 0.00416214 0.995838
7 0.999515 0.000485166
3 0.398839 0.601161
7 0.998234 0.00176568
7 0.999237 0.000762738
3 8.31001e-06 0.999992
7 0.602454 0.397546
7 0.822814 0.177186
3 0.00880704 0.991193
7 1 1.66722e-07
7 0.999306 0.000693995
7 0.947571 0.0524285
7 0.887549 0.112451
7 0.701482 0.298518
3 1.32424e-05 0.999987
7 0.870524 0.129476
7 0.639732 0.360268
3 0.217816 0.782184
7 0.715295 0.284705
7 0.885823 0.114177
7 0.999999 7.51179e-07
7 0.972408 0.0275917
3 0.00239314 0.997607
3 0.00351131 0.996489
3 1e-07 1
7 0.991555 0.00844475
7 0.98674 0.0132599
7 0.875588 0.124412
7 0.99929 0.000710188
7 0.999544 0.000456243
7 0.999527 0.000473036
3 0.174377 0.825623
7 1 1e-07
7 0.849555 0.150445
3 0.0424301 0.95757
3 0.284746 0.715254
7 0.868065 0.131935
7 0.983536 0.0164641
7 0.833123 0.166877
7 0.994463 0.00553746
7 0.773866 0.226134
3 0.000658824 0.999341
7 0.999925 7.54026e-05
3 0.000259095 0.999741
7 0.987173 0.012827
7 0.804749 0.195251
7 0.831075 0.168925
7 0.812487 0.187513
7 0.945675 0.0543245
7 0.993869 0.00613119
7 0.999993 7.41988e-06
7 0.999972 2.76624e-05
3 0.000157232 0.999843
3 1.17641e-07 1
3 0.015672 0.984328
7 0.786133 0.213867
3 8.38052e-05 0.999916
7 0.993502 0.0064976
7 0.555609 0.444391
7 0.740202 0.259798
7 0.992637 0.00736315
7 0.989332 0.0106675
7 0.974514 0.0254859
7 0.567331 0.432669
7 0.975449 0.0245507
7 0.995863 0.00413656
7 0.882311 0.117689
7 0.575229 0.424771
3 0.000297372 0.999703
7 0.820769 0.179231
7 0.999915 8.50204e-05
7 0.99998 2.02016e-05
7 0.722147 0.277853
7 0.995428 0.004572
7 0.99661 0.00338953
7 0.666284 0.333716
3 0.179053 0.820947
3 0.202016 0.797984
3 0.128068 0.871932
7 0.997835 0.00216461
7 0.984134 0.0158658
7 1 2.1427e-07
7 0.996868 0.00313211
7 0.99841 0.00158965
3 0.0015863 0.998414
7 1 4.47045e-07
3 0.245436 0.754564
7 0.899455 0.100545
7 1 1e-07
3 0.000861247 0.999139
7 0.984419 0.0155811
7 0.999828 0.00017177
3 0.000212651 0.999787
7 0.986374 0.0136264
3 0.217849 0.782151
3 1.01507e-05 0.99999
7 0.99417 0.00582954
7 0.997888 0.00211163
3 0.000134991 0.999865
3 0.0646785 0.935321
7 0.968651 0.0313488
7 0.999683 0.000317241
7 0.540613 0.459387
7 0.657873 0.342127
7 0.985694 0.0143065
3 0.0776336 0.922366
7 0.998969 0.00103086
7 0.534673 0.465327
7 0.999739 0.000261025
3 0.401998 0.598002
7 0.990644 0.00935634
7 0.648241 0.351759
7 0.977046 0.0229545
7 0.740797 0.259203
3 0.0368376 0.963162
3 0.000383116 0.999617
7 0.999789 0.000211001
3 0.0608283 0.939172
7 0.641023 0.358977
3 0.410349 0.589651
7 0.635394 0.364606
7 0.999925 7.45201e-05
7 0.999472 0.000528329
3 1.62247e-05 0.999984
3 0.114917 0.885083
3 0.436888 0.563112
7 0.996231 0.00376872
7 0.999196 0.0008038
7 0.782201 0.217799
7 0.999898 0.000102265
3 0.293181 0.706819
7 0.999959 4.11305e-05
7 0.806653 0.193347
3 0.0183673 0.981633
7 0.996183 0.00381655
7 0.79627 0.20373
7 0.999358 0.000642271
7 0.982212 0.0177882
3 0.10083 0.89917
7 0.999275 0.000724812
3 5.5833e-06 0.999994
7 0.99217 0.00782988
3 0.440568 0.559432
3 0.296658 0.703342
7 0.83806 0.16194
7 0.640222 0.359778
3 0.479967 0.520033
7 0.987927 0.0120734
3 0.353044 0.646956
7 0.983733 0.0162671
3 0.000784682 0.999215
7 0.708628 0.291372
7 0.546114 0.453886
3 9.79206e-06 0.99999
3 0.359406 0.640594
7 0.99995 4.99239e-05
7 0.958329 0.0416711
7 0.993707 0.00629303
7 0.973202 0.0267976
3 0.000413033 0.999587
7 0.751199 0.248801
7 0.990707 0.0092929
7 0.851445 0.148555
3 0.000780991 0.999219
7 0.999052 0.000948064
7 0.95138 0.0486199
3 0.0599478 0.940052
3 0.000851036 0.999149
7 0.989163 0.0108367
7 0.792916 0.207084
7 0.882246 0.117754
7 0.949627 0.050373
7 0.999971 2.8725e-05
7 0.828589 0.171411
7 0.998152 0.00184836
7 0.816487 0.183513
7 0.999472 0.000527949
7 0.76248 0.23752
7 0.95248 0.0475203
3 0.066356 0.933644
7 0.999999 7.57464e-07
7 0.871194 0.128806
3 0.000411212 0.999589
7 0.994265 0.00573461
3 0.00196746 0.998033
3 0.356821 0.643179
3 0.171221 0.828779
3 0.000256472 0.999744
7 0.991761 0.00823938
7 0.657437 0.342563
7 0.989095 0.0109053
7 0.998366 0.00163419
3 0.00124532 0.998755
7 0.674895 0.325105
7 0.796872 0.203128
7 0.999936 6.44287e-05
7 0.90018 0.0998197
7 0.944283 0.0557171
3 0.000953159 0.999047
7 0.997953 0.00204695
7 0.987451 0.0125495
7 0.914765 0.0852349
7 0.997584 0.00241592
7 0.996581 0.00341903
7 0.642978 0.357022
7 0.753872 0.246128
7 0.887847 0.112153
7 0.941182 0.0588181
7 0.999998 2.28036e-06
7 0.999969 3.10908e-05
7 0.978205 0.0217953
3 9.2942e-07 0.999999
7 0.999979 2.05646e-05
3 3.00108e-06 0.999997
7 0.853497 0.146503
3 0.000402915 0.999597
3 0.00364774 0.996352
7 0.994145 0.00585533
7 0.999948 5.19746e-05
3 0.496359 0.503641
3 0.000212912 0.999787
7 0.998586 0.00141369
7 0.985063 0.0149368
7 0.982807 0.0171931
7 0.998903 0.00109709
3 9.7519e-06 0.99999
3 0.259401 0.740599
3 0.000302653 0.999697
7 0.746099 0.253901
3 0.000136218 0.999864
3 0.0176312 0.982369
7 0.927024 0.072976
7 0.999242 0.000758136
7 0.999976 2.44223e-05
3 0.00989629 0.990104
7 0.999003 0.000997312
7 0.967112 0.0328884
7 0.66256 0.33744
7 0.943043 0.056957
3 8.75022e-06 0.999991
7 0.99057 0.00943036
3 2.26376e-05 0.999977
3 7.08403e-05 0.999929
7 0.606436 0.393564
7 0.985215 0.0147846
3 0.380458 0.619542
7 0.702606 0.297394
3 0.0039776 0.996022
7 0.998646 0.00135388
7 0.999995 4.88381e-06
3 0.000887532 0.999112
3 3.14668e-06 0.999997
7 0.72262 0.27738
7 0.93124 0.0687596
3 3.01464e-07 1
7 0.999165 0.000834853
7 0.820467 0.179533
7 0.808357 0.191643
3 0.000334067 0.999666
7 0.991198 0.00880194
7 0.919341 0.0806594
3 6.47852e-07 0.999999
3 0.0880735 0.911926
7 0.781225 0.218775
3 3.9849e-06 0.999996
7 0.559038 0.440962
7 0.999395 0.000604647
7 0.997894 0.00210553
7 0.995666 0.00433369
7 1 1.03714e-07
7 0.994639 0.00536092
7 0.75992 0.24008
3 0.00553511 0.994465
7 0.827591 0.172409
3 0.063406 0.936594
7 0.997881 0.00211938
7 0.686956 0.313044
3 0.191387 0.808613
7 0.98479 0.0152099
7 0.536088 0.463912
7 0.826162 0.173838
3 0.18048 0.81952
7 0.825972 0.174028
7 0.999973 2.67418e-05
3 0.185128 0.814872
7 0.970969 0.0290315
7 0.999999 7.2131e-07
7 0.96507 0.0349299
7 0.874779 0.125221
7 0.999716 0.000284422
7 0.794857 0.205143
7 0.747331 0.252669
7 0.988483 0.0115173
7 0.896483 0.103517
7 0.998559 0.00144142
3 0.40364 0.59636
7 0.98369 0.0163103
7 0.983092 0.0169083
3 0.130326 0.869674
7 0.990713 0.00928716
3 0.459322 0.540678
3 0.00528549 0.994715
7 0.999449 0.000551157
7 0.707015 0.292985
3 0.0277431 0.972257
7 0.684278 0.315722
7 0.996959 0.00304101
7 0.99706 0.00293975
7 0.999977 2.28423e-05
7 0.994773 0.00522677
3 7.8236e-06 0.999992
7 0.98076 0.0192403
7 0.72724 0.27276
7 0.998993 0.00100653
3 0.315502 0.684498
7 0.999944 5.62955e-05
7 0.999613 0.000386666
3 0.0852042 0.914796
3 0.00546188 0.994538
7 0.999123 0.000876704
7 0.782326 0.217674
3 0.333294 0.666706
3 0.312744 0.687256
3 6.5973e-06 0.999993
3 1.15862e-06 0.999999
7 0.998196 0.00180426
3 0.201354 0.798646
7 0.999235 0.000765024
7 0.99018 0.00982006
7 0.999793 0.000207446
7 0.797092 0.202908
7 0.999519 0.000481447
3 4.77409e-05 0.999952
7 0.999696 0.000304261
3 0.0294959 0.970504
3 0.0050697 0.99493
3 0.0043458 0.995654
3 0.370688 0.629312
7 0.999863 0.000137358
7 0.987534 0.0124658
7 0.620033 0.379967
3 0.352681 0.647319
7 0.999263 0.00073692
3 1.96818e-05 0.99998
7 0.570234 0.429766
3 1e-07 1
7 0.999937 6.29898e-05
3 0.0189973 0.981003
7 0.999878 0.000122458
7 0.999999 1.45396e-06
7 0.99865 0.00135
3 0.476915 0.523085
7 0.999565 0.000434926
7 0.683996 0.316004
3 1.90021e-05 0.999981
3 7.4767e-07 0.999999
3 0.00921736 0.990783
7 0.999845 0.000155303
3 0.00195097 0.998049
3 1e-07 1
7 0.996369 0.00363142
7 0.773284 0.226716
3 0.147863 0.852137
3 0.0409407 0.959059
7 0.989621 0.010379
7 0.515268 0.484732
7 0.862495 0.137505
7 0.944588 0.0554123
7 0.99208 0.00792042
3 6.92651e-05 0.999931
3 0.18665 0.81335
7 0.993992 0.00600849
7 0.754044 0.245956
7 0.999501 0.000498572
7 0.641805 0.358195
3 0.00164693 0.998353
3 0.00535944 0.994641
7 0.572467 0.427533
7 0.998583 0.0014166
7 0.996525 0.00347477
7 0.66479 0.33521
7 0.683317 0.316683
3 0.000434668 0.999565
7 0.9986 0.00140014
7 0.724353 0.275647
3 1.68501e-06 0.999998
7 0.999957 4.34111e-05
7 0.999986 1.38445e-05
7 0.993135 0.00686469
3 0.000198558 0.999801
3 0.29596 0.70404
7 0.824799 0.175201
7 0.995879 0.00412149
7 0.963438 0.0365621
3 0.342305 0.657695
7 0.976216 0.023784
7 0.623567 0.376433
7 0.847806 0.152194
3 0.00230715 0.997693
7 0.553748 0.446252
7 0.980239 0.0197606
7 0.999054 0.000945745
3 1.42685e-06 0.999999
3 0.272237 0.727763
3 9.0068e-05 0.99991
3 0.188488 0.811512
3 0.000886909 0.999113
3 0.00555941 0.994441
7 0.997515 0.0024852
3 0.0741045 0.925895
7 0.986541 0.0134585
3 0.0291361 0.970864
7 0.59059 0.40941
7 0.709317 0.290683
3 9.7276e-07 0.999999
3 0.00307082 0.996929
7 0.987891 0.0121095
3 0.00195117 0.998049
7 0.996582 0.00341839
7 0.999895 0.000105157
3 0.0321144 0.967886
7 0.999977 2.30133e-05
7 0.984257 0.0157427
7 0.999921 7.89133e-05
7 0.527419 0.472581
7 0.977133 0.0228666
7 0.756047 0.243953
3 0.378727 0.621273
7 0.990369 0.00963137
7 0.944594 0.0554058
3 1e-07 1
7 0.99944 0.000560195
7 0.999915 8.48179e-05
7 0.99662 0.00338047
3 0.108108 0.891892
7 0.99796 0.00204005
7 0.986069 0.013931
7 0.539056 0.460944
3 1.20509e-06 0.999999
3 0.431802 0.568198
7 0.999999 5.70063e-07
3 5.02159e-05 0.99995
7 1 2.37137e-07
7 0.984331 0.0156693
7 0.916446 0.0835535
7 0.616974 0.383026
7 0.999968 3.24365e-05
3 0.213124 0.786876
3 0.205167 0.794833
7 0.979255 0.0207446
7 0.667498 0.332502
7 0.957598 0.0424016
3 0.0141156 0.985884
7 0.867183 0.132817
7 0.825441 0.174559
7 0.787263 0.212737
7 0.852912 0.147088
3 0.452688 0.547312
7 1 3.83448e-07
7 0.988017 0.0119828
7 0.969852 0.0301481
3 0.0798235 0.920177
7 0.99999 1.00517e-05
7 0.716953 0.283047
3 8.24153e-07 0.999999
7 0.856881 0.143119
7 0.837259 0.162741
7 0.997772 0.00222842
3 0.443221 0.556779
3 0.244755 0.755245
7 0.994296 0.00570401
7 0.991303 0.00869729
7 0.896211 0.103789
7 0.999951 4.92326e-05
3 0.0791976 0.920802
3 7.37381e-06 0.999993
7 0.993278 0.00672161
7 0.539364 0.460636
7 0.999989 1.14509e-05
3 2.48477e-05 0.999975
7 0.996699 0.00330143
3 5.21739e-07 0.999999
7 0.996247 0.00375326
7 0.995452 0.0045475
7 0.989965 0.0100345
7 0.991148 0.00885163
7 0.529513 0.470487
3 0.304858 0.695142
3 0.000118914 0.999881
7 0.999708 0.000291976
3 0.0659656 0.934034
7 0.9627 0.0373001
3 0.473005 0.526995
7 0.996292 0.00370788
7 0.989939 0.0100615
7 0.967712 0.0322878
7 0.999982 1.81521e-05
7 0.98843 0.0115704
7 0.999987 1.34242e-05
3 0.0501313 0.949869
7 0.998987 0.00101333
7 0.993335 0.00666534
3 4.17978e-06 0.999996
7 0.991477 0.00852261
3 0.259861 0.740139
3 0.000516138 0.999484
7 0.731716 0.268284
7 0.999736 0.000264334
7 0.998393 0.00160672
7 0.998764 0.00123574
7 0.992007 0.00799321
7 0.973498 0.0265016
3 0.0638562 0.936144
7 0.99227 0.00773036
7 0.999709 0.00029138
7 0.595224 0.404776
3 0.0254314 0.974569
3 0.34051 0.65949
7 0.802314 0.197686
7 0.954621 0.0453793
7 0.999929 7.08052e-05
7 0.97815 0.0218504
3 0.000129845 0.99987
7 0.99985 0.00014977
3 2.64425e-06 0.999997
7 0.976757 0.0232429
7 0.999989 1.13908e-05
7 0.994528 0.00547195
7 0.996832 0.00316807
7 0.930196 0.0698044
7 0.804898 0.195102
7 0.995294 0.00470642
7 0.99954 0.000459983
3 0.241277 0.758723
7 0.773108 0.226892
7 0.999993 7.00727e-06
3 0.152585 0.847415
3 0.000234236 0.999766
7 0.928788 0.0712116
3 0.000390749 0.999609
7 0.978247 0.0217527
7 0.603938 0.396062
7 0.915644 0.0843564
7 0.711703 0.288297
7 0.996755 0.00324487
7 0.616494 0.383506
7 0.987282 0.0127181
3 0.209998 0.790002
7 0.999893 0.000106811
7 0.743461 0.256539
3 4.00673e-06 0.999996
7 0.571156 0.428844
7 0.988477 0.0115227
7 0.998016 0.00198431
3 0.259896 0.740104
7 0.814563 0.185437
7 0.725288 0.274712
7 0.997824 0.00217607
7 0.569142 0.430858
3 0.000398006 0.999602
3 3.76063e-05 0.999962
3 0.000817065 0.999183
7 0.699123 0.300877
7 0.7424 0.2576
3 0.276056 0.723944
3 0.208874 0.791126
7 0.999071 0.00092887
3 0.0792811 0.920719
7 0.9848 0.0152001
3 0.014564 0.985436
7 0.999782 0.000217857
3 0.464655 0.535345
3 0.255055 0.744945
7 0.990916 0.00908427
7 0.697821 0.302179
7 0.998725 0.00127472
3 0.000406999 0.999593
3 0.0388585 0.961142
3 0.00260712 0.997393
7 0.887976 0.112024
7 0.810306 0.189694
7 0.659427 0.340573
3 0.394044 0.605956
7 0.998021 0.00197858
7 0.964102 0.0358977
3 0.00391782 0.996082
3 0.0207284 0.979272
3 1.05274e-05 0.999989
7 0.999997 2.90044e-06
7 0.813368 0.186632
3 0.303813 0.696187
3 0.000128989 0.999871
7 0.975964 0.0240355
7 0.995751 0.00424871
3 0.373377 0.626623
7 1 1.26783e-07
7 0.654859 0.345141
3 2.61636e-05 0.999974
3 0.015052 0.984948
3 0.164914 0.835086
7 0.998911 0.00108906
7 0.995344 0.00465619
3 0.0016636 0.998336
7 0.535111 0.464889
7 0.999861 0.000139445
3 5.34689e-06 0.999995
7 0.673999 0.326001
7 0.859425 0.140575
3 3.45966e-07 1
7 0.999467 0.000533317
7 0.999964 3.55356e-05
3 0.195575 0.804425
7 0.770642 0.229358
7 0.998067 0.00193316
7 0.983294 0.0167061
3 0.0987384 0.901262
3 0.107573 0.892427
7 0.818497 0.181503
7 0.822846 0.177154
7 0.996043 0.00395708
7 0.986176 0.0138244
3 0.000615244 0.999385
3 0.0413203 0.95868
7 0.822737 0.177263
7 0.995536 0.00446417
7 0.619232 0.380768
3 0.108433 0.891567
7 0.995654 0.00434607
3 0.403408 0.596592
7 0.508529 0.491471
7 0.643822 0.356178
3 0.184549 0.815451
7 0.745665 0.254335
7 0.731579 0.268421
7 0.931768 0.0682318
7 0.699917 0.300083
7 0.999834 0.000165784
7 0.623938 0.376062
3 0.0504829 0.949517
7 1 2.39997e-07
3 0.00183987 0.99816
7 0.99913 0.000869985
7 0.999803 0.000196638
3 2.07405e-06 0.999998
7 0.987135 0.0128647
7 0.966929 0.0330709
7 0.996914 0.0030863
7 0.923704 0.0762961
7 0.999978 2.19562e-05
3 0.000218001 0.999782
7 0.997888 0.00211172
3 0.368566 0.631434
7 0.998822 0.00117782
3 1e-07 1
7 0.98095 0.0190495
7 0.917354 0.082646
7 0.736472 0.263528
3 2.91061e-07 1
7 0.550752 0.449248
7 0.835765 0.164235
7 0.999999 9.79237e-07
7 0.997305 0.0026952
3 0.0368436 0.963156
3 0.0936448 0.906355
7 0.638865 0.361135
3 1.22271e-05 0.999988
7 0.726385 0.273615
3 0.000246903 0.999753
7 0.649062 0.350938
3 0.000142834 0.999857
7 0.997052 0.00294831
7 0.998638 0.00136157
3 0.300476 0.699524
3 0.00052419 0.999476
7 0.999975 2.47802e-05
3 0.473606 0.526394
7 0.896201 0.103799
3 6.12876e-05 0.999939
7 0.955128 0.0448723
7 0.998365 0.00163474
3 1.43731e-05 0.999986
3 0.09764 0.90236
7 0.962543 0.0374566
3 2.25198e-05 0.999977
7 0.968695 0.0313051
7 0.792021 0.207979
7 0.999995 4.9613e-06
3 0.00402796 0.995972
3 0.000193707 0.999806
3 9.60164e-05 0.999904
3 0.112525 0.887475
7 0.531572 0.468428
7 1 2.56107e-07
7 0.999513 0.00048692
7 0.795628 0.204372
3 0.292177 0.707823
7 0.999943 5.67968e-05
3 3.59227e-05 0.999964
3 0.000762949 0.999237
7 0.996711 0.00328858
7 0.613983 0.386017
3 0.16854 0.83146
7 0.991252 0.00874824
7 0.996702 0.00329806
7 0.982128 0.0178717
7 0.990927 0.00907301
7 0.995545 0.0044548
3 3.05254e-06 0.999997
3 0.0153562 0.984644
3 1.13407e-05 0.999989
3 0.000263022 0.999737
3 0.00152901 0.998471
7 0.997222 0.0027778
7 0.999455 0.000544686
7 0.999981 1.89895e-05
7 0.954892 0.0451077
3 0.408213 0.591787
7 0.963862 0.0361378
7 0.659144 0.340856
7 0.809466 0.190534
7 0.999934 6.60751e-05
7 0.754062 0.245938
7 0.529924 0.470076
3 1e-07 1
7 0.507855 0.492145
7 0.989498 0.0105025
7 0.998832 0.0011683
7 0.849661 0.150339
7 0.830483 0.169517
3 0.0121422 0.987858
7 0.998551 0.00144938
3 0.369084 0.630916
7 0.990133 0.00986675
7 0.951603 0.0483971
3 0.443344 0.556656
7 0.971693 0.0283073
3 0.450761 0.549239
7 0.841237 0.158763
7 0.926222 0.0737778
3 0.000115386 0.999885
7 0.999424 0.000576356
7 0.99521 0.00478961
7 0.73648 0.26352
7 0.999899 0.000101442
7 0.995545 0.00445547
7 0.789752 0.210248
7 0.694922 0.305078
7 0.576297 0.423703
7 0.944529 0.0554713
3 0.00311515 0.996885
7 0.999905 9.45674e-05
7 0.839149 0.160851
7 0.848265 0.151735
7 0.900053 0.0999469
3 0.000431642 0.999568
3 0.0179519 0.982048
7 0.525348 0.474652
7 0.998525 0.00147459
7 0.707863 0.292137
7 0.617585 0.382415
3 0.104718 0.895282
7 0.999978 2.15145e-05
7 0.998192 0.00180779
3 5.58928e-05 0.999944
7 0.982511 0.0174892
7 0.994029 0.00597104
7 0.631735 0.368265
3 3.11724e-05 0.999969
7 0.692357 0.307643
7 0.99991 9.04006e-05
7 0.997212 0.00278821
3 0.174368 0.825632
7 1 1e-07
7 0.994993 0.00500711
3 0.0174416 0.982558
3 0.111591 0.888409
3 0.126595 0.873405
3 0.441643 0.558357
3 0.121352 0.878648
3 0.000622113 0.999378
7 0.953797 0.0462032
7 0.989417 0.0105829
7 0.908794 0.0912057
7 0.750552 0.249448
3 0.00607568 0.993924
3 0.325659 0.674341
3 0.0338521 0.966148
3 1.56711e-07 1
7 0.998228 0.00177152
7 0.774794 0.225206
7 0.879291 0.120709
7 0.979382 0.0206184
7 0.992571 0.00742894
3 0.259333 0.740667
