labels 10 7
10 1 1e-07
10 0.997839 0.00216099
10 1 1e-07
10 1 1e-07
10 0.999841 0.000158755
10 0.999772 0.0002277
10 0.999963 3.66696e-05
10 0.560542 0.439458
10 1 1e-07
10 0.999992 7.82343e-06
10 1 1e-07
10 1 1e-07
10 0.934063 0.0659366
10 1 1e-07
10 0.999995 5.26087e-06
10 1 1e-07
10 1 3.6048e-07
10 0.850939 0.149061
10 1 1e-07
10 1 1.20613e-07
10 1 1e-07
10 1 1e-07
7 1.39144e-05 0.999986
10 0.999935 6.52958e-05
10 0.999999 5.89559e-07
10 1 1e-07
10 1 1e-07
10 1 1e-07
10 0.999999 1.09872e-06
10 0.999999 9.20684e-07
10 0.978844 0.0211563
10 0.999999 7.36552e-07
10 0.999993 6.7808e-06
10 1 1e-07
10 1 1e-07
10 0.999956 4.36304e-05
10 0.999963 3.6901e-05
10 1 1e-07
10 1 1e-07
7 0.000320989 0.999679
10 1 1e-07
10 1 1e-07
10 0.999995 5.12666e-06
10 1 1.45291e-07
10 1 1e-07
10 1 1e-07
10 0.999787 0.000213322
10 1 1e-07
7 1e-07 1
10 0.999629 0.0003714
10 0.999996 3.84811e-06
10 1 1e-07
10 1 2.53312e-07
10 1 1e-07
10 0.999999 8.04367e-07
10 0.999998 2.42406e-06
10 0.999848 0.00015169
10 0.999847 0.000152981
10 1 1e-07
10 1 1e-07
10 1 1e-07
10 0.999999 6.47342e-07
10 0.999997 3.23821e-06
10 0.999969 3.14315e-05
10 1 1.81413e-07
10 0.999911 8.91525e-05
10 0.998692 0.00130848
10 1 1e-07
10 0.999921 7.91116e-05
10 1 1e-07
10 0.999948 5.19917e-05
10 0.999956 4.40786e-05
10 1 1e-07
10 1 1e-07
10 0.967613 0.0323874
10 1 1.6216e-07
10 1 1e-07
10 0.9994 0.000600255
10 1 1e-07
10 1 1e-07
10 1 1e-07
10 1 1e-07
10 1 2.78201e-07
10 0.999896 0.000104383
10 0.999997 2.88911e-06
10 1 1e-07
10 0.999749 0.000250584
10 1 1e-07
10 1 1e-07
10 1 1e-07
10 1 1e-07
7 0.000209205 0.999791
10 0.999998 2.37564e-06
10 0.999536 0.000464308
10 0.999894 0.000106119
10 0.999999 5.59967e-07
10 1 1e-07
10 0.999987 1.32244e-05
10 1 4.90641e-07
7 0.112592 0.887408
10 0.999996 4.00995e-06
7 1.01777e-07 1
10 1 2.27748e-07
10 0.999999 1.31931e-06
7 5.93339e-07 0.999999
10 0.999997 3.49596e-06
10 1 1e-07
10 1 1e-07
10 1 1.25752e-07
10 0.999939 6.1311e-05
10 0.999877 0.00012344
10 0.999999 6.27731e-07
7 1e-07 1
7 4.24935e-05 0.999958
7 1.43011e-06 0.999999
7 0.00339002 0.99661
10 0.999891 0.0001088
10 1 4.17977e-07
10 0.999932 6.78665e-05
10 1 3.47075e-07
10 1 1e-07
10 1 1e-07
10 1 1e-07
10 0.999402 0.00059793
10 1 1e-07
10 0.999849 0.00015118
10 1 2.67744e-07
10 1 1e-07
10 1 1e-07
7 0.00522422 0.994776
10 1 1e-07
10 0.999966 3.36193e-05
10 1 1e-07
10 0.999995 5.39251e-06
10 0.999947 5.32987e-05
10 0.86246 0.13754
10 1 1e-07
10 1 1e-07
10 1 1e-07
10 0.990052 0.00994775
10 1 1e-07
10 0.892092 0.107908
10 1 1e-07
10 1 1e-07
10 0.999956 4.37765e-05
10 0.99996 4.03496e-05
10 0.999156 0.000843501
10 1 1e-07
10 1 3.94223e-07
10 0.999669 0.000330593
10 1 1e-07
7 0.00947218 0.990528
10 0.999999 1.05069e-06
10 0.999998 1.65475e-06
10 0.999984 1.62008e-05
10 0.994546 0.00545418
10 0.999947 5.26295e-05
10 1 3.73155e-07
10 0.999982 1.7685e-05
10 0.999963 3.72431e-05
10 1 1e-07
10 1 1e-07
10 0.999999 5.1549e-07
10 1 1e-07
10 0.999967 3.32759e-05
10 0.994539 0.00546084
10 0.955129 0.0448711
10 0.969548 0.0304518
10 1 1e-07
10 0.999989 1.12216e-05
10 1 1e-07
10 0.999501 0.000499031
7 0.422597 0.577403
10 0.994641 0.00535882
10 1 1e-07
10 1 3.88567e-07
10 1 3.76668e-07
10 0.999893 0.000107057
10 0.999987 1.29693e-05
10 1 1e-07
10 0.999898 0.000101983
10 0.99991 8.9783e-05
10 0.998866 0.00113363
10 1 1e-07
10 0.957272 0.0427282
10 0.99984 0.000159544
10 1 1.15521e-07
10 1 1e-07
10 1 1e-07
10 1 1.04228e-07
10 0.999961 3.93214e-05
10 0.999992 7.69281e-06
10 0.999968 3.20259e-05
10 0.999384 0.000616252
10 0.99987 0.000130249
10 0.999992 8.15961e-06
10 1 1e-07
10 0.999977 2.3421e-05
10 1 1e-07
10 0.999835 0.000164979
10 0.999995 4.99111e-06
7 3.04872e-07 1
10 0.999997 2.88439e-06
10 1 1e-07
10 0.999977 2.26673e-05
10 1 1e-07
10 1 3.06677e-07
10 0.99994 5.99698e-05
10 1 1e-07
7 2.10533e-05 0.999979
10 0.999889 0.000111033
10 1 1e-07
10 0.999995 4.59684e-06
10 0.999802 0.000197857
10 0.999963 3.6605e-05
10 0.999887 0.000113111
10 0.988364 0.0116355
10 0.997717 0.00228348
10 0.999995 5.49632e-06
10 1 2.99799e-07
10 1 3.36755e-07
10 0.999962 3.77321e-05
10 0.999986 1.4381e-05
10 0.901673 0.0983275
10 1 2.55233e-07
10 0.999983 1.68647e-05
10 1 1e-07
10 0.999391 0.0006086
10 0.999997 2.52602e-06
7 1e-07 1
7 0.0244345 0.975566
10 0.544575 0.455425
10 0.999999 8.82503e-07
10 1 1.47674e-07
10 0.999994 5.51164e-06
10 0.996033 0.00396726
10 1 2.6965e-07
10 1 1.01269e-07
10 1 2.83194e-07
10 0.999999 6.59567e-07
7 8.22761e-07 0.999999
10 1 1e-07
10 0.999469 0.000531443
10 0.998439 0.00156051
10 1 1.88086e-07
10 1 3.31425e-07
10 1 1.94445e-07
10 0.999997 3.47812e-06
10 1 1e-07
10 0.999984 1.56925e-05
10 0.999757 0.000242502
10 0.988727 0.0112726
10 0.999998 1.74698e-06
10 0.999987 1.33675e-05
10 1 3.69165e-07
10 1 1e-07
10 0.999995 4.72001e-06
10 0.999995 4.67453e-06
10 1 1e-07
7 0.000189411 0.999811
10 1 1e-07
10 1 2.19704e-07
10 0.999999 8.46285e-07
10 1 1e-07
10 0.890481 0.109519
10 1 1e-07
10 1 1e-07
10 1 1e-07
10 0.981978 0.0180216
10 1 1e-07
10 0.998303 0.00169681
10 0.999862 0.000138292
10 1 4.26571e-07
10 0.999999 1.40348e-06
7 7.31044e-07 0.999999
10 0.999989 1.14548e-05
10 1 1e-07
10 1 4.96567e-07
10 0.999992 7.84334e-06
10 0.999997 3.20452e-06
10 1 1e-07
7 1.7163e-05 0.999983
10 0.999794 0.000205873
10 0.999985 1.51394e-05
10 1 1e-07
10 1 1e-07
7 1.01956e-06 0.999999
10 1 1e-07
10 0.999999 8.28834e-07
10 0.999997 2.71519e-06
10 1 3.43588e-07
7 0.000907504 0.999092
10 1 1e-07
10 0.999701 0.000299467
10 1 1e-07
10 1 1e-07
10 1 1e-07
10 1 1e-07
10 0.999948 5.20999e-05
10 0.999315 0.000685005
10 1 1e-07
10 0.999481 0.000518592
10 1 4.14379e-07
10 1 1e-07
10 1 1e-07
10 1 1e-07
7 1.6994e-07 1
10 1 2.73954e-07
10 1 1e-07
10 1 1e-07
10 0.999999 5.70085e-07
10 0.999998 1.69153e-06
10 0.999968 3.22639e-05
10 1 3.71083e-07
7 0.0534149 0.946585
10 1 1e-07
10 1 1e-07
10 1 1e-07
10 1 1e-07
7 0.0303597 0.96964
10 0.999999 1.05957e-06
10 1 1e-07
7 1.0311e-05 0.99999
10 1 1e-07
10 0.999835 0.000165186
7 0.000126378 0.999874
7 4.27762e-07 1
10 0.99999 1.00363e-05
10 0.999999 7.04449e-07
10 1 1.95532e-07
10 0.999996 3.64768e-06
10 1 1e-07
7 6.51393e-07 0.999999
10 0.999951 4.90114e-05
10 1 1e-07
10 0.999979 2.12912e-05
10 1 1e-07
10 0.999995 4.5537e-06
7 3.56614e-07 1
7 0.000971999 0.999028
10 0.996983 0.00301708
10 1 1e-07
10 1 1e-07
10 1 1e-07
10 0.999999 9.23281e-07
10 0.998964 0.00103607
7 5.65489e-07 0.999999
10 1 1e-07
10 1 1.41035e-07
10 0.999864 0.000135596
10 1 1.17803e-07
10 0.999999 6.62302e-07
10 1 1e-07
10 1 1e-07
10 0.999211 0.000789298
10 0.995184 0.00481582
10 1 1e-07
10 0.999942 5.78328e-05
10 1 1e-07
10 0.999996 3.57352e-06
10 0.999477 0.000523452
10 0.999937 6.31538e-05
10 0.999987 1.25295e-05
10 1 1e-07
10 1 1e-07
7 0.0111174 0.988883
7 4.17527e-05 0.999958
7 4.93372e-05 0.999951
10 1 1e-07
10 1 1e-07
10 1 1e-07
10 1 1e-07
10 0.998425 0.0015747
7 0.0188449 0.981155
10 1 1e-07
10 0.99987 0.000130297
10 1 1e-07
10 1 1e-07
10 1 1e-07
10 1 1.23925e-07
7 2.53115e-06 0.999997
10 0.999487 0.000513154
10 0.999998 1.73365e-06
7 2.2735e-07 1
10 0.999999 1.34327e-06
10 0.99955 0.0004496
10 0.999987 1.26517e-05
10 1 1e-07
10 0.999739 0.000261363
10 1 1e-07
10 1 1e-07
7 0.000562326 0.999438
10 0.999999 8.63847e-07
10 0.999585 0.000415136
10 0.999944 5.60618e-05
7 6.60771e-07 0.999999
10 0.997595 0.00240525
10 0.999969 3.06324e-05
10 0.997061 0.00293878
7 0.0460458 0.953954
10 1 1e-07
10 0.999996 4.16641e-06
10 0.999617 0.000383162
10 1 1e-07
10 1 1e-07
10 0.99998 1.95742e-05
10 0.91535 0.0846502
7 0.000137883 0.999862
10 0.642168 0.357832
10 0.999999 1.18039e-06
10 0.999988 1.20465e-05
10 1 2.54153e-07
10 0.999999 5.12496e-07
7 1e-07 1
10 1 1e-07
10 1 1e-07
10 1 1e-07
10 0.999836 0.000163889
10 1 1e-07
10 1 1e-07
7 0.000109471 0.999891
10 1 1e-07
10 1 1e-07
10 0.999999 1.34645e-06
10 0.999822 0.000177845
10 1 1e-07
10 1 1e-07
10 0.999992 7.9657e-06
10 0.999994 5.64354e-06
10 1 1e-07
10 0.999999 8.46941e-07
10 1 1e-07
7 0.00152218 0.998478
10 1 1e-07
10 1 1e-07
10 1 1e-07
10 0.999523 0.000476885
10 0.999997 3.22859e-06
10 0.999829 0.000171292
10 1 1e-07
10 1 1.11513e-07
10 1 1e-07
10 1 1e-07
10 1 1e-07
10 0.994454 0.00554631
7 3.36989e-05 0.999966
10 0.999975 2.46589e-05
10 1 1.21738e-07
10 0.891086 0.108914
10 1 1e-07
10 1 1.45555e-07
10 1 1e-07
10 0.999999 1.16515e-06
10 1 2.20055e-07
10 0.999999 9.48788e-07
10 1 1e-07
10 1 1e-07
10 0.99899 0.00101032
10 0.999938 6.1861e-05
10 1 1e-07
10 1 1e-07
10 0.999927 7.25814e-05
10 0.999953 4.6889e-05
10 1 2.00893e-07
10 0.999943 5.68801e-05
10 0.999985 1.46145e-05
7 0.420183 0.579817
10 1 1e-07
10 1 2.45443e-07
10 1 1e-07
10 1 3.57969e-07
7 0.0547356 0.945264
10 0.999999 1.40264e-06
10 1 1e-07
10 0.999743 0.00025728
10 1 1e-07
10 1 1e-07
10 0.999999 7.34557e-07
10 1 1e-07
10 1 1.10728e-07
10 0.999994 5.94964e-06
10 0.999978 2.23596e-05
7 1.16057e-07 1
10 1 1.08831e-07
10 1 1.79825e-07
10 0.99998 1.99524e-05
10 1 1e-07
7 4.43888e-07 1
10 0.999999 5.9205e-07
10 1 1e-07
10 0.676482 0.323518
10 1 1e-07
10 1 1e-07
10 0.999999 1.28049e-06
10 0.999999 8.85755e-07
10 0.999928 7.24976e-05
10 0.999995 5.09813e-06
10 0.99997 3.02849e-05
10 1 1e-07
10 1 1.57064e-07
10 1 1e-07
10 1 1e-07
10 0.999999 1.33716e-06
10 0.999879 0.000121329
10 1 1e-07
10 0.999998 1.75589e-06
10 1 3.56764e-07
10 0.999581 0.000419223
10 1 1e-07
10 1 1e-07
7 0.000391091 0.999609
10 0.999999 7.86023e-07
10 1 1e-07
10 1 2.59994e-07
10 0.999976 2.36015e-05
10 0.999888 0.000111528
7 6.9976e-05 0.99993
10 1 1e-07
10 1 1e-07
10 0.997928 0.00207152
10 1 1e-07
10 1 1e-07
10 0.998735 0.00126459
10 1 1e-07
7 2.45094e-07 1
10 0.999995 5.08963e-06
10 1 1e-07
10 0.999994 6.10709e-06
10 0.901403 0.0985975
10 1 1e-07
7 6.06899e-06 0.999994
10 0.999849 0.000151379
10 0.999998 1.88794e-06
10 1 1e-07
10 0.998923 0.00107734
10 1 1.24036e-07
10 0.999976 2.4264e-05
10 1 1e-07
10 1 1e-07
10 1 1e-07
7 2.62296e-06 0.999997
7 0.104963 0.895037
10 0.999996 4.1083e-06
10 1 1.47509e-07
10 0.999942 5.78968e-05
10 0.999875 0.000124983
7 1.51859e-06 0.999998
10 0.993144 0.00685616
10 1 1e-07
10 1 1e-07
10 0.999978 2.18036e-05
10 1 1e-07
10 0.999999 1.26147e-06
10 1 1e-07
10 0.999995 5.12003e-06
10 0.999964 3.59219e-05
10 0.999651 0.000349443
7 0.000246661 0.999753
10 1 1e-07
10 0.999998 2.37916e-06
10 1 1e-07
10 1 1e-07
10 1 1e-07
7 1.87884e-07 1
10 1 1e-07
10 0.99948 0.00051988
10 1 1e-07
10 1 2.17413e-07
10 0.942039 0.057961
10 0.998394 0.00160614
10 0.999999 5.38946e-07
10 1 1e-07
10 1 1e-07
10 0.999995 4.61998e-06
10 1 1.44546e-07
10 0.999975 2.54049e-05
10 0.999999 6.01233e-07
10 0.999017 0.000983209
10 1 1e-07
10 1 1e-07
10 0.999979 2.05437e-05
10 0.509377 0.490623
10 0.999991 8.78323e-06
10 0.999964 3.59645e-05
10 1 1e-07
10 0.999998 1.99954e-06
10 1 1e-07
10 1 1e-07
10 0.999767 0.000233167
10 0.999881 0.000119402
10 0.999993 7.33089e-06
10 1 1e-07
10 1 1e-07
10 1 1e-07
10 1 1e-07
10 1 1.55538e-07
10 0.961573 0.0384269
10 0.999835 0.000164733
10 1 1e-07
10 1 1e-07
10 1 1e-07
7 1e-07 1
10 0.999964 3.60468e-05
10 1 1.788e-07
10 1 1.18496e-07
10 0.999987 1.2813e-05
10 1 1e-07
10 0.999887 0.000112809
10 1 1e-07
10 1 1e-07
10 0.999809 0.000191475
10 1 3.48276e-07
7 1.62576e-07 1
10 0.999972 2.75447e-05
10 1 1e-07
7 2.07142e-06 0.999998
10 1 1e-07
10 0.99978 0.000220243
10 1 1e-07
10 0.999198 0.000801916
10 1 1e-07
10 0.999999 1.10207e-06
10 1 1e-07
10 1 1e-07
10 0.741391 0.258609
10 0.999999 1.28205e-06
10 1 1e-07
10 0.999999 1.11007e-06
10 0.999713 0.000286929
7 3.69847e-07 1
10 0.999966 3.4174e-05
10 1 1e-07
10 0.999996 3.60931e-06
10 1 1e-07
10 1 1e-07
10 0.999999 1.47803e-06
10 1 1e-07
10 0.744554 0.255446
7 5.10372e-07 0.999999
10 0.999966 3.38517e-05
10 0.999997 2.81672e-06
10 0.999999 5.09396e-07
10 0.999981 1.94251e-05
10 0.999998 1.73137e-06
10 0.862269 0.137731
7 0.142902 0.857098
10 1 1e-07
7 0.000158299 0.999842
10 0.999989 1.0881e-05
7 1e-07 1
10 0.998658 0.00134219
10 0.99999 9.82877e-06
10 1 1e-07
10 0.999957 4.27445e-05
10 1 1e-07
10 1 1e-07
10 1 1e-07
10 0.999773 0.000226672
10 1 1e-07
7 0.00153793 0.998462
10 1 4.29418e-07
10 0.999996 3.85311e-06
10 0.999998 1.5766e-06
10 1 1e-07
10 1 1e-07
10 1 1e-07
10 1 1e-07
7 2.86657e-05 0.999971
10 0.999436 0.000564464
10 1 4.14497e-07
7 1e-07 1
10 0.99999 1.00848e-05
10 1 1e-07
10 0.999969 3.08449e-05
10 0.999993 7.0324e-06
7 1e-07 1
10 1 1e-07
10 0.999973 2.69355e-05
10 0.999955 4.51732e-05
10 1 1e-07
10 0.999991 9.12831e-06
10 0.999998 1.91463e-06
7 1.87942e-06 0.999998
7 0.303206 0.696794
10 0.999999 5.0367e-07
7 0.0458386 0.954161
7 0.384549 0.615451
7 0.0786233 0.921377
10 0.999795 0.000205049
7 0.0267744 0.973226
10 0.999934 6.62907e-05
10 0.999153 0.000846762
10 1 2.16189e-07
7 0.000195896 0.999804
10 0.999996 4.43753e-06
10 0.999998 2.28026e-06
10 1 1e-07
10 1 1e-07
10 0.999999 8.04206e-07
10 1 1e-07
7 0.212094 0.787906
10 0.958804 0.0411959
10 0.999998 1.69448e-06
10 0.999999 7.60148e-07
10 0.999964 3.61891e-05
10 1 1e-07
10 0.999997 2.81506e-06
10 0.999993 6.69111e-06
10 0.999292 0.00070788
7 4.79531e-07 1
10 0.999979 2.11621e-05
10 0.999987 1.34384e-05
10 0.999672 0.000328476
10 0.999923 7.66379e-05
10 1 1e-07
10 0.999992 7.76609e-06
10 1 1e-07
10 0.99998 2.04625e-05
10 1 1e-07
10 1 1e-07
10 1 3.56715e-07
10 1 1e-07
10 1 1e-07
10 0.999999 1.24314e-06
10 1 1e-07
10 0.999964 3.63914e-05
10 1 1.70903e-07
10 0.999749 0.00025054
10 0.995207 0.00479275
10 0.999949 5.14431e-05
10 1 4.69037e-07
7 5.65058e-05 0.999943
10 0.999708 0.000292061
10 1 3.2282e-07
10 0.999997 3.08106e-06
10 0.999996 3.54667e-06
10 0.999985 1.49026e-05
10 1 1e-07
7 1.45605e-05 0.999985
10 0.999994 5.90224e-06
10 0.999999 1.06326e-06
10 0.99992 8.00801e-05
10 1 1e-07
7 1e-07 1
10 1 1e-07
10 0.999993 7.15664e-06
10 1 1e-07
10 1 1e-07
7 1.56866e-06 0.999998
10 1 1e-07
10 1 1.63737e-07
10 0.999688 0.000312305
10 1 1e-07
10 0.999982 1.77907e-05
10 0.999996 3.89803e-06
10 1 1e-07
10 1 3.57164e-07
7 5.9513e-07 0.999999
10 0.999712 0.000288207
10 0.999995 4.78357e-06
10 1 1e-07
10 0.999806 0.000194388
10 0.791381 0.208619
10 0.999995 5.47163e-06
10 0.999897 0.000103335
10 1 1e-07
10 0.999999 8.1643e-07
10 0.999999 1.40873e-06
10 0.999147 0.000852876
10 1 1.46132e-07
10 0.999998 2.12898e-06
10 1 1e-07
10 1 1e-07
10 0.998846 0.00115382
10 0.999998 1.86474e-06
10 0.999999 1.08794e-06
10 1 4.48615e-07
10 1 2.34576e-07
10 0.999999 1.15196e-06
10 0.999972 2.80081e-05
10 1 1e-07
10 1 1e-07
10 1 1e-07
10 0.999988 1.15352e-05
10 1 1e-07
7 1.12838e-06 0.999999
10 0.999999 9.95688e-07
10 0.994075 0.00592487
10 1 1e-07
10 0.784689 0.215311
10 0.999981 1.93387e-05
10 0.999989 1.06395e-05
10 0.999993 7.43448e-06
10 0.999982 1.83341e-05
10 0.997792 0.00220833
10 0.999958 4.19442e-05
10 1 1e-07
10 0.999999 1.06361e-06
10 1 1e-07
10 0.963769 0.0362312
10 1 1e-07
10 0.999953 4.6533e-05
10 0.999857 0.000142824
10 1 1e-07
10 1 1e-07
10 1 1e-07
10 1 1e-07
10 1 2.62775e-07
10 0.999999 7.79717e-07
10 1 3.57404e-07
10 0.936528 0.0634716
10 0.985046 0.0149536
10 1 1.31114e-07
10 0.999733 0.000267032
10 1 1e-07
10 0.999971 2.85269e-05
10 0.999974 2.5983e-05
10 1 2.72439e-07
10 0.999992 7.5478e-06
10 1 1e-07
10 0.999973 2.74026e-05
10 1 1e-07
10 0.999921 7.87938e-05
10 1 1e-07
10 1 1e-07
10 0.999894 0.000105577
10 0.999997 2.96464e-06
10 0.99999 1.0107e-05
10 0.999974 2.57472e-05
10 1 1e-07
7 0.0709707 0.929029
10 1 2.85186e-07
10 0.999951 4.89664e-05
10 0.999999 6.62902e-07
10 0.999998 1.85731e-06
7 1e-07 1
10 1 1e-07
10 0.999992 7.73374e-06
10 0.99991 9.00537e-05
10 0.999997 2.80839e-06
10 1 1e-07
10 1 1e-07
10 0.993878 0.00612212
10 0.999998 2.45493e-06
10 1 1e-07
7 1.39367e-07 1
10 0.999962 3.76142e-05
10 1 1e-07
10 1 1e-07
10 0.999984 1.59784e-05
10 1 1e-07
10 0.997525 0.00247534
10 0.999999 8.26661e-07
10 0.999994 5.67018e-06
10 1 1e-07
10 1 1e-07
10 1 1e-07
7 0.00220998 0.99779
10 0.997515 0.0024846
10 0.999999 6.12133e-07
10 0.999092 0.0009077
10 0.999984 1.6399e-05
10 0.998898 0.00110203
10 0.999929 7.09274e-05
10 0.999971 2.89782e-05
10 1 1e-07
7 0.00237805 0.997622
10 0.999797 0.000202695
10 0.999009 0.00099117
10 0.999999 5.54713e-07
10 0.999932 6.84025e-05
10 0.999502 0.000497953
10 0.999982 1.80772e-05
10 1 1e-07
10 0.999749 0.000250669
10 0.999999 1.49927e-06
10 0.999931 6.89215e-05
10 0.999999 9.94174e-07
10 0.999988 1.16313e-05
10 0.999933 6.67096e-05
10 0.999881 0.000118551
10 1 1e-07
10 0.997966 0.00203384
10 0.999999 6.49109e-07
10 1 1e-07
10 1 1e-07
10 0.99999 1.04517e-05
10 0.983049 0.0169507
10 0.999984 1.59589e-05
10 0.999876 0.000123645
10 0.999994 5.74304e-06
10 0.999979 2.06759e-05
10 0.996602 0.00339788
10 1 1e-07
10 1 1e-07
10 1 1e-07
10 0.999999 1.04059e-06
10 1 1e-07
10 1 1e-07
10 0.998395 0.00160476
10 0.999999 7.2508e-07
10 0.999235 0.000764799
10 1 1e-07
10 1 1e-07
10 0.999997 2.60708e-06
10 1 1e-07
10 1 1e-07
10 0.999997 2.73882e-06
10 0.999999 1.19791e-06
10 0.999991 9.11406e-06
10 1 1.51958e-07
10 1 1e-07
10 1 1e-07
10 1 1.09636e-07
10 0.999995 5.49472e-06
10 0.999992 8.42428e-06
10 0.999984 1.60649e-05
10 1 3.46171e-07
10 1 1e-07
10 1 1e-07
10 0.999997 3.17795e-06
10 0.999996 3.65915e-06
10 1 1e-07
10 0.999874 0.000125969
10 1 1e-07
10 1 1e-07
10 1 1e-07
10 1 1e-07
10 1 2.30653e-07
10 1 1.7139e-07
10 1 1e-07
10 1 1e-07
10 0.999917 8.29864e-05
10 0.999995 5.36786e-06
10 1 1.20316e-07
10 0.999946 5.36452e-05
10 1 1e-07
10 0.999683 0.000316991
10 0.999998 2.28003e-06
10 1 3.97328e-07
10 0.999201 0.000798565
10 0.999484 0.000516059
10 0.999968 3.22673e-05
10 0.996817 0.00318343
10 1 1e-07
10 0.99999 1.00561e-05
10 1 1e-07
10 0.999994 5.73497e-06
10 1 1e-07
10 0.999932 6.78631e-05
10 1 1e-07
10 1 1e-07
10 0.988218 0.0117823
7 3.23828e-05 0.999968
10 1 1e-07
10 0.999937 6.34586e-05
10 1 2.93688e-07
10 0.99999 9.54357e-06
10 1 1e-07
10 1 1e-07
10 0.99998 2.03455e-05
10 1 1e-07
10 0.999954 4.63832e-05
10 1 1e-07
10 0.999998 2.42092e-06
7 0.000118733 0.999881
10 0.996486 0.00351433
10 0.99998 1.95928e-05
10 0.999913 8.71609e-05
10 1 1e-07
10 0.998122 0.00187828
10 0.999998 2.16438e-06
10 0.999997 2.83842e-06
10 0.999271 0.000729027
7 0.403222 0.596778
10 1 4.67931e-07
10 0.931102 0.0688978
10 0.999999 1.11741e-06
10 0.999998 2.42058e-06
10 0.999999 1.1934e-06
10 1 1e-07
10 0.999996 3.77479e-06
10 1 1e-07
10 0.999999 5.72266e-07
10 1 1e-07
10 0.999985 1.5217e-05
10 0.999999 8.11962e-07
10 0.999988 1.18366e-05
10 0.999991 8.99498e-06
10 0.999952 4.8307e-05
10 0.999994 5.74182e-06
10 1 1e-07
10 1 1e-07
10 1 1.58908e-07
10 0.999999 1.15965e-06
10 0.999531 0.000469288
10 0.99975 0.000249636
10 0.999838 0.000162438
10 0.999978 2.23058e-05
10 1 1e-07
10 0.999683 0.000316641
10 0.999997 3.33458e-06
10 0.999999 1.2479e-06
10 0.999995 4.53198e-06
10 1 1e-07
7 0.324714 0.675286
10 0.999796 0.000203567
10 1 1e-07
10 1 1e-07
10 0.969965 0.0300354
10 0.99983 0.000169843
10 0.993057 0.00694262
10 0.999983 1.71637e-05
10 0.999999 6.17061e-07
10 0.998379 0.00162125
10 0.999999 1.23117e-06
10 1 1e-07
10 0.999344 0.000656102
10 0.999999 6.48154e-07
10 1 1e-07
10 1 2.84245e-07
10 1 1e-07
10 1 1e-07
10 0.999798 0.000202236
10 1 1e-07
10 0.99999 9.86065e-06
7 7.972e-07 0.999999
10 0.999982 1.7901e-05
10 0.999938 6.18613e-05
10 0.984827 0.0151734
10 1 2.00057e-07
10 0.999866 0.000133962
10 1 1e-07
10 1 1e-07
10 0.998974 0.00102605
10 1 1e-07
7 0.000112421 0.999888
10 0.999671 0.000328796
10 0.999889 0.000111347
10 0.99996 4.00831e-05
10 1 1e-07
10 1 1e-07
10 0.999039 0.000960646
10 1 2.68067e-07
10 1 1e-07
10 0.994361 0.00563917
10 0.999992 7.86503e-06
10 0.999796 0.000204373
10 0.999994 5.72692e-06
10 1 1e-07
10 0.999971 2.86639e-05
10 1 1e-07
7 1.30317e-06 0.999999
10 0.999332 0.000668356
10 1 1e-07
10 0.999952 4.77392e-05
10 0.879121 0.120879
10 0.999999 7.21367e-07
10 1 1e-07
10 0.923886 0.0761139
10 1 1e-07
7 6.89145e-05 0.999931
10 0.99995 5.00999e-05
10 1 1e-07
10 1 1e-07
10 1 1e-07
10 1 1e-07
10 0.999801 0.000199301
10 1 1e-07
10 1 1e-07
7 0.0324086 0.967591
10 0.999788 0.000211824
10 1 3.11071e-07
10 1 1e-07
10 1 1e-07
10 1 1e-07
10 0.999999 1.2935e-06
10 1 1.48533e-07
7 0.000246394 0.999754
10 0.999998 1.53869e-06
10 0.999998 2.35586e-06
10 0.999998 1.67321e-06
10 0.999902 9.83428e-05
10 1 3.07956e-07
10 1 1e-07
10 1 1e-07
10 0.999305 0.000694807
7 0.446675 0.553325
10 0.999998 2.31432e-06
10 0.999991 9.43352e-06
7 5.66369e-07 0.999999
10 0.999946 5.4332e-05
10 0.998904 0.00109557
10 1 1e-07
10 1 1.76805e-07
10 1 1e-07
7 1.58048e-07 1
10 0.999465 0.000534858
10 0.999981 1.91786e-05
7 6.39173e-06 0.999994
10 0.993838 0.00616228
7 2.25599e-07 1
10 0.999737 0.000262626
10 0.999985 1.54184e-05
10 1 1e-07
10 0.999825 0.000174608
10 1 3.05529e-07
10 1 1e-07
10 0.999764 0.000236297
10 0.999886 0.000113514
10 1 4.8281e-07
10 0.998001 0.00199919
10 1 1e-07
10 1 1e-07
10 0.999988 1.18531e-05
10 1 1e-07
10 1 1e-07
10 1 4.71134e-07
10 0.999996 3.63438e-06
10 0.999998 2.29402e-06
10 0.999401 0.000599304
10 0.999989 1.08317e-05
10 0.999964 3.56977e-05
10 0.984066 0.015934
10 1 1e-07
7 2.56419e-07 1
10 0.999961 3.94304e-05
10 0.940075 0.0599246
7 0.223388 0.776612
10 0.999999 6.93956e-07
10 1 1e-07
10 0.994999 0.00500141
10 0.992715 0.00728471
10 0.999864 0.000135987
10 1 1e-07
10 1 1e-07
10 0.999999 1.13893e-06
10 0.998897 0.00110251
10 0.999999 5.14431e-07
10 0.999723 0.00027656
10 1 1e-07
10 0.999989 1.07967e-05
7 0.24795 0.75205
10 0.999996 4.12406e-06
10 0.999991 8.56756e-06
10 0.999971 2.90085e-05
7 2.33445e-06 0.999998
10 0.999985 1.49179e-05
7 6.21919e-05 0.999938
10 0.995502 0.00449791
10 1 1e-07
7 2.20346e-07 1
10 0.999865 0.000134649
10 1 1e-07
10 1 1e-07
10 0.999677 0.000323041
10 1 1e-07
10 0.999994 6.00697e-06
10 0.999981 1.8814e-05
10 1 1e-07
10 1 1e-07
10 0.999998 1.53237e-06
10 0.999999 1.32339e-06
10 1 3.80847e-07
10 0.998531 0.00146913
10 0.999993 6.74595e-06
10 0.999986 1.38134e-05
10 0.997614 0.00238582
10 0.999999 1.1431e-06
10 0.999985 1.45715e-05
10 0.997873 0.00212663
10 0.999998 2.18068e-06
10 0.99999 9.79925e-06
10 1 1e-07
10 0.999998 2.23116e-06
10 1 1e-07
10 1 1e-07
10 0.999929 7.0785e-05
10 0.999816 0.000184105
7 0.000606631 0.999393
10 0.990783 0.00921739
10 1 3.88778e-07
10 0.999985 1.46193e-05
10 0.999719 0.000281183
7 1.06426e-07 1
10 0.999366 0.000634305
10 1 2.16205e-07
10 1 2.45638e-07
10 0.998303 0.0016971
10 0.999926 7.37787e-05
10 0.999423 0.000576643
10 1 2.46173e-07
10 0.999507 0.000493077
10 0.999997 2.55329e-06
7 2.0544e-07 1
10 0.999981 1.92597e-05
10 1 1.73746e-07
10 1 1e-07
10 1 1e-07
10 1 1e-07
10 0.999982 1.79809e-05
10 1 1e-07
7 8.40775e-07 0.999999
10 1 1.8995e-07
10 0.999809 0.000191453
10 1 1e-07
10 1 1e-07
10 0.999999 9.62092e-07
7 1e-07 1
10 0.99999 9.51362e-06
10 1 1e-07
10 0.997668 0.0023321
10 0.999999 1.11099e-06
10 0.999808 0.000192364
10 0.999994 5.61718e-06
10 1 1e-07
10 1 1e-07
10 1 4.45061e-07
10 1 1e-07
10 1 1e-07
10 1 1e-07
10 0.99999 1.00525e-05
7 1e-07 1
10 1 1e-07
7 1e-07 1
10 0.999982 1.77675e-05
10 0.999184 0.000815562
10 0.999991 9.20662e-06
10 0.999998 2.24156e-06
10 0.999994 5.77023e-06
10 0.999998 1.94497e-06
10 0.999508 0.000492145
10 1 1e-07
10 0.999991 8.76846e-06
10 1 1e-07
10 1 1e-07
10 0.999991 9.18079e-06
10 1 2.29154e-07
10 0.999994 5.62055e-06
10 1 1e-07
10 0.997285 0.00271464
10 0.999988 1.21494e-05
10 0.990507 0.00949284
10 0.999993 7.46886e-06
10 1 3.00282e-07
10 1 1e-07
10 0.999989 1.06733e-05
10 0.998255 0.00174455
10 1 1e-07
10 1 1e-07
10 0.999997 3.04296e-06
10 0.999974 2.56696e-05
10 0.999917 8.27405e-05
10 1 1e-07
10 0.999994 6.23049e-06
10 0.999991 9.25533e-06
7 1e-07 1
10 0.999834 0.000166445
10 0.999992 8.41386e-06
10 0.999999 6.42052e-07
10 1 1e-07
7 6.21323e-05 0.999938
10 0.998983 0.00101675
10 1 1e-07
10 0.999985 1.53977e-05
10 0.999999 1.05415e-06
10 1 3.70189e-07
10 1 3.47188e-07
10 1 1.65947e-07
10 1 1e-07
10 0.999929 7.13789e-05
10 1 1e-07
10 0.999988 1.20089e-05
10 1 1e-07
10 0.999955 4.53636e-05
10 0.999999 6.75892e-07
7 0.000198944 0.999801
10 0.999959 4.1289e-05
10 0.999999 5.91586e-07
10 1 1e-07
10 0.994422 0.0055778
7 3.884e-05 0.999961
10 0.999906 9.37138e-05
10 1 1e-07
10 0.999974 2.6155e-05
10 0.999795 0.000205398
10 1 1e-07
10 0.99986 0.000139872
10 1 1e-07
7 5.15137e-07 0.999999
10 0.999987 1.34226e-05
10 0.999998 2.38228e-06
10 0.999894 0.000105908
10 0.986222 0.0137779
10 0.999997 3.3304e-06
10 1 1e-07
10 0.999998 1.73384e-06
7 3.53586e-07 1
10 1 1e-07
7 6.38771e-06 0.999994
10 0.999996 3.84507e-06
10 0.999998 2.04757e-06
7 5.10396e-07 0.999999
7 7.86015e-05 0.999921
10 0.991002 0.00899811
10 0.999999 1.07804e-06
7 6.25287e-05 0.999937
10 0.999966 3.38076e-05
10 1 1e-07
10 0.999964 3.59667e-05
10 1 1e-07
10 0.999865 0.00013488
10 0.999577 0.000422831
10 0.999991 8.50956e-06
10 1 2.30766e-07
10 0.900236 0.0997637
10 0.999353 0.000646884
10 1 1e-07
7 3.41304e-06 0.999997
10 0.999898 0.000102356
10 0.999912 8.77469e-05
10 1 1e-07
10 1 1e-07
10 1 1e-07
10 1 1e-07
10 0.99985 0.000150412
10 0.999999 8.08068e-07
10 0.999999 1.02791e-06
10 1 1e-07
10 0.99423 0.00577038
7 0.337738 0.662262
10 0.999983 1.73377e-05
10 0.993772 0.00622751
10 1 1e-07
10 0.99999 9.57043e-06
10 1 1e-07
10 1 2.28376e-07
7 0.00112012 0.99888
10 1 1e-07
10 1 1e-07
10 1 1e-07
10 0.999989 1.08376e-05
10 0.999993 7.00184e-06
10 0.999997 3.24985e-06
10 1 1e-07
10 1 1e-07
10 0.998859 0.00114106
10 1 1e-07
10 1 1e-07
10 0.999998 1.87404e-06
7 0.00673506 0.993265
10 1 1e-07
10 1 3.94613e-07
10 0.999992 7.85783e-06
10 0.999998 1.75109e-06
7 5.88478e-05 0.999941
10 0.999961 3.91316e-05
10 0.999999 1.40284e-06
10 1 1.80041e-07
10 1 4.07702e-07
10 1 1e-07
10 0.996831 0.003169
10 1 1e-07
10 0.999999 1.15229e-06
10 0.999996 4.45953e-06
10 0.957907 0.0420933
10 0.999981 1.88619e-05
10 1 1e-07
10 1 1.32162e-07
10 1 1e-07
10 1 1e-07
7 5.20896e-07 0.999999
10 1 1.45172e-07
10 0.999997 2.83072e-06
10 1 1e-07
10 0.998571 0.00142858
7 0.00022984 0.99977
10 0.999998 1.96071e-06
10 1 1e-07
10 0.999999 1.29768e-06
7 0.471122 0.528878
10 0.999999 5.29436e-07
7 2.93644e-05 0.999971
10 1 4.45354e-07
10 0.999294 0.000705959
10 0.826428 0.173572
10 1 1e-07
10 1 1e-07
10 1 1e-07
7 4.20721e-05 0.999958
10 1 1e-07
7 6.80877e-05 0.999932
10 1 1e-07
10 0.999998 2.26824e-06
10 1 1e-07
10 1 1.43844e-07
10 0.999515 0.000485321
10 0.999915 8.487e-05
10 0.999998 1.75027e-06
7 0.00027462 0.999725
7 0.0271263 0.972874
10 1 1e-07
10 0.999987 1.25462e-05
10 1 1e-07
10 1 1e-07
10 0.999997 2.97482e-06
10 1 1e-07
10 1 2.4428e-07
10 0.999996 3.77935e-06
10 1 1e-07
10 1 1e-07
10 1 1e-07
10 1 1.27066e-07
10 1 1e-07
10 0.999999 5.9645e-07
10 0.997613 0.00238742
10 1 1.34191e-07
10 1 1e-07
10 0.999769 0.000230618
10 0.999895 0.000105471
10 0.999715 0.000285135
10 1 2.82069e-07
10 1 1e-07
10 0.99998 1.99601e-05
10 1 1e-07
10 0.999887 0.000112967
10 0.999985 1.54656e-05
7 1.17245e-05 0.999988
10 1 1.1127e-07
10 1 1e-07
10 1 1e-07
10 0.999208 0.000791681
10 1 1e-07
10 1 1e-07
10 1 1.01935e-07
10 1 1e-07
10 1 1e-07
10 1 1e-07
7 7.98533e-07 0.999999
10 1 1e-07
10 1 4.88251e-07
10 0.999881 0.000118849
10 0.999987 1.2884e-05
10 0.999792 0.000208484
10 1 1e-07
10 1 1e-07
10 1 1e-07
10 1 1e-07
10 0.999988 1.18757e-05
10 0.999995 4.96468e-06
10 1 2.61804e-07
10 0.999753 0.000246952
10 1 1e-07
7 1.15993e-06 0.999999
10 0.992742 0.00725772
10 1 1e-07
10 0.996401 0.00359899
10 1 1e-07
10 1 1e-07
10 0.997087 0.00291275
10 1 1e-07
10 1 1e-07
10 1 1e-07
10 1 1.37046e-07
10 0.999893 0.000107315
10 0.983487 0.0165125
10 0.999986 1.36945e-05
10 1 1e-07
10 1 1e-07
10 1 1e-07
10 1 2.5628e-07
10 0.998766 0.0012344
10 1 3.35527e-07
7 0.0501465 0.949853
10 0.99992 8.02117e-05
10 0.999971 2.8815e-05
10 0.999975 2.45337e-05
10 1 4.66584e-07
10 0.999767 0.000232685
10 1 1e-07
10 0.999999 1.24825e-06
10 1 1e-07
10 1 1e-07
10 0.995181 0.00481919
10 0.999975 2.49186e-05
10 0.998413 0.00158703
10 0.999999 9.513e-07
10 1 1e-07
10 1 1e-07
10 0.999994 6.26962e-06
10 0.999985 1.48196e-05
10 0.999996 4.28878e-06
7 1e-07 1
10 1 1e-07
10 0.999987 1.32114e-05
10 0.999996 4.44292e-06
10 1 1e-07
10 1 1e-07
10 0.999998 1.53159e-06
10 1 1e-07
10 1 1e-07
10 0.999983 1.67611e-05
10 1 1e-07
10 0.933701 0.0662993
10 0.999494 0.000506329
7 1.49555e-06 0.999999
10 0.999938 6.19316e-05
10 1 1e-07
7 1e-07 1
10 1 1e-07
10 1 1e-07
10 0.999895 0.000105169
10 1 1e-07
7 0.00194067 0.998059
10 1 1e-07
10 0.999999 6.67113e-07
10 0.999991 9.1644e-06
10 0.999997 3.26622e-06
10 1 1e-07
7 0.000130656 0.999869
7 7.19412e-06 0.999993
10 0.999992 7.58082e-06
7 0.000140175 0.99986
10 0.999994 5.53774e-06
10 0.999989 1.11618e-05
10 1 1e-07
10 1 1e-07
10 1 1e-07
10 0.999998 2.08673e-06
10 0.999989 1.14668e-05
10 1 1e-07
7 2.89123e-06 0.999997
10 0.999922 7.78786e-05
10 0.999767 0.000233107
10 1 1e-07
10 0.999992 8.29971e-06
10 1 4.74857e-07
10 1 1.51153e-07
10 0.999982 1.78602e-05
10 0.998943 0.00105725
10 1 1e-07
10 1 1e-07
10 1 1e-07
10 1 1e-07
10 1 1.35246e-07
10 0.999928 7.18185e-05
7 8.13585e-06 0.999992
10 0.999054 0.000946457
7 1.37768e-05 0.999986
10 0.999996 4.45824e-06
10 0.999673 0.000326713
10 1 1e-07
10 1 1e-07
10 1 1e-07
10 1 2.18096e-07
10 1 1e-07
10 1 1e-07
10 1 1e-07
10 1 1e-07
10 1 1e-07
10 0.998606 0.00139357
10 1 1e-07
10 0.999998 1.67693e-06
10 0.999999 5.29514e-07
10 0.999858 0.000142433
10 1 3.89452e-07
10 0.917039 0.0829614
10 0.863532 0.136468
7 0.014767 0.985233
10 1 3.4975e-07
10 0.760606 0.239394
10 1 1e-07
10 1 1e-07
10 0.999982 1.80661e-05
10 0.999996 4.03659e-06
10 0.997076 0.00292364
10 1 1e-07
7 1e-07 1
10 1 1.23761e-07
10 0.999989 1.12124e-05
10 0.999953 4.67344e-05
10 1 1e-07
10 0.999999 1.09206e-06
10 0.999999 7.48535e-07
10 0.99543 0.00456956
10 0.999789 0.000211313
10 0.995515 0.00448539
10 0.999667 0.000333082
10 1 1e-07
10 1 1e-07
10 1 1e-07
10 0.999997 2.55161e-06
10 1 1e-07
10 1 1e-07
10 0.999986 1.37739e-05
10 0.999999 7.21248e-07
10 1 1e-07
10 0.999992 8.33193e-06
10 0.999999 5.70266e-07
10 0.999752 0.000247531
10 1 1e-07
10 0.999981 1.94499e-05
10 1 1e-07
10 1 1e-07
10 1 1e-07
10 0.999845 0.000154749
10 1 1e-07
10 0.998515 0.00148519
10 0.862475 0.137525
10 0.999999 1.20454e-06
10 0.999931 6.93344e-05
10 0.999998 2.4439e-06
10 1 1e-07
10 1 1e-07
10 1 1e-07
10 0.999996 3.85171e-06
10 0.939579 0.0604206
10 1 1e-07
10 0.999986 1.35639e-05
10 1 2.8966e-07
10 1 1e-07
10 0.999905 9.51591e-05
10 1 1e-07
10 0.999998 1.73065e-06
10 1 1e-07
10 0.999984 1.58963e-05
10 0.999999 1.45274e-06
10 0.999999 8.63633e-07
10 0.999999 8.01791e-07
10 0.999994 5.96818e-06
10 1 1e-07
10 1 1e-07
10 0.57537 0.42463
10 1 1.5218e-07
10 0.999985 1.5367e-05
10 1 2.24558e-07
10 1 1.05497e-07
10 0.999999 7.80744e-07
10 1 1e-07
10 0.999928 7.21344e-05
10 1 1e-07
10 0.999999 6.52771e-07
7 0.00301772 0.996982
10 0.709542 0.290458
10 0.999995 5.38212e-06
10 0.999985 1.52089e-05
10 0.993115 0.00688474
7 0.219229 0.780771
10 1 1e-07
10 0.999806 0.000194365
7 0.000116175 0.999884
10 1 1e-07
10 0.997327 0.00267304
10 0.999999 7.65328e-07
10 0.999946 5.42787e-05
10 0.999813 0.000186761
10 0.999907 9.28947e-05
10 1 1e-07
10 1 1e-07
10 0.999998 1.81675e-06
10 0.999454 0.000545979
10 0.99994 5.98312e-05
10 0.999999 6.48233e-07
10 0.999978 2.18136e-05
10 0.953113 0.0468871
10 0.999999 6.12793e-07
10 0.999999 8.81932e-07
10 0.999234 0.000765805
10 0.999938 6.18766e-05
10 0.999255 0.000745148
10 1 1e-07
10 1 1e-07
10 0.999935 6.46958e-05
10 0.999986 1.40765e-05
10 0.999996 4.04428e-06
7 1.02167e-06 0.999999
10 1 1e-07
10 1 1e-07
10 0.999994 6.02513e-06
10 1 1e-07
10 1 1e-07
10 0.999968 3.21101e-05
7 1e-07 1
7 0.000942026 0.999058
10 0.919426 0.0805737
10 1 1e-07
10 1 1e-07
10 0.999995 5.41009e-06
10 0.99999 1.01986e-05
10 0.999969 3.09719e-05
7 3.21966e-06 0.999997
10 1 1e-07
10 0.999818 0.000182395
10 1 1.361e-07
10 1 1e-07
10 0.999996 4.33473e-06
10 1 1e-07
10 1 1e-07
10 1 1.70159e-07
10 1 4.41606e-07
10 1 1e-07
10 1 1.74214e-07
10 1 1e-07
10 1 1e-07
10 1 1.44295e-07
10 0.999961 3.89665e-05
10 1 1e-07
10 1 1e-07
10 0.999945 5.51164e-05
10 0.999144 0.00085605
10 0.999582 0.000417571
10 0.999995 5.42582e-06
10 0.999862 0.000138306
7 0.000760274 0.99924
10 0.999979 2.06078e-05
10 0.999997 2.95328e-06
10 1 1e-07
10 1 1e-07
10 0.999999 9.01474e-07
10 1 1e-07
10 1 3.21166e-07
7 1e-07 1
7 0.0308839 0.969116
10 0.999973 2.66096e-05
10 1 1e-07
10 1 1e-07
10 1 1e-07
10 0.999991 9.12973e-06
10 0.999846 0.000154255
10 1 1e-07
10 1 1e-07
10 1 1e-07
10 1 1e-07
10 1 1e-07
10 1 1e-07
10 0.991142 0.00885796
10 0.999996 4.39567e-06
10 0.999955 4.52903e-05
10 0.999934 6.59167e-05
10 0.999922 7.8102e-05
10 0.999995 5.1144e-06
10 1 1e-07
10 1 1.3643e-07
10 1 1e-07
10 0.999999 1.46148e-06
10 1 1e-07
10 0.999925 7.53485e-05
10 0.999994 6.04293e-06
10 1 1e-07
10 0.999998 1.83161e-06
10 1 1e-07
10 0.999869 0.000130706
10 0.999996 3.62448e-06
10 1 1e-07
10 1 1e-07
10 0.999998 1.87699e-06
10 1 1.41322e-07
10 0.999995 4.62195e-06
10 1 1e-07
10 1 3.24211e-07
10 1 1e-07
10 1 1.39109e-07
10 0.999994 6.01266e-06
10 1 1e-07
10 0.999994 6.29876e-06
10 0.999998 1.57344e-06
10 1 1.37069e-07
10 1 1e-07
7 3.38307e-06 0.999997
7 0.000150875 0.999849
10 0.992806 0.00719406
10 1 1e-07
10 0.977042 0.0229576
10 1 1e-07
10 0.999998 2.00482e-06
10 0.999775 0.000224994
10 1 1e-07
10 1 1e-07
10 0.999999 5.73114e-07
10 0.999435 0.000565065
10 1 1.63916e-07
10 1 1e-07
10 1 4.7887e-07
10 1 1e-07
10 0.999983 1.74387e-05
10 0.954021 0.045979
10 0.99991 8.99999e-05
10 1 1e-07
10 0.999808 0.000191955
10 1 4.67915e-07
10 1 3.30468e-07
10 0.999974 2.64019e-05
10 1 2.8897e-07
10 0.999998 1.87605e-06
10 0.999987 1.26157e-05
7 1e-07 1
10 0.999996 4.26711e-06
10 0.642946 0.357054
7 0.000320773 0.999679
10 0.999999 6.61763e-07
10 1 1e-07
10 1 3.75453e-07
10 0.99973 0.000270112
10 0.999999 7.34016e-07
7 0.000114691 0.999885
10 1 1.53322e-07
7 4.20067e-05 0.999958
10 0.999969 3.08204e-05
7 0.00014463 0.999855
10 0.999976 2.3959e-05
10 0.999969 3.06108e-05
10 0.999288 0.000712167
10 1 1e-07
10 1 1e-07
10 0.852826 0.147174
10 1 4.32406e-07
10 0.999885 0.000114974
10 1 2.6441e-07
10 0.999766 0.000233862
10 1 1e-07
10 1 1e-07
10 1 1e-07
10 0.999864 0.00013563
10 1 1e-07
10 0.993027 0.0069728
10 0.999949 5.05059e-05
10 1 1e-07
10 0.999987 1.32618e-05
10 1 1e-07
10 0.999954 4.5511e-05
10 1 1e-07
10 1 1e-07
7 2.49423e-07 1
10 0.999997 3.30063e-06
10 1 2.41713e-07
10 0.999965 3.4542e-05
10 1 1e-07
10 1 1e-07
10 1 1e-07
10 0.999995 5.28722e-06
10 0.999999 9.45492e-07
10 1 1e-07
10 1 1e-07
10 0.997705 0.00229523
10 1 1e-07
7 1.54802e-07 1
10 0.993012 0.00698829
10 1 1e-07
10 1 1e-07
10 0.999979 2.14392e-05
10 1 2.67818e-07
10 0.999358 0.000641853
10 1 1e-07
10 1 1.99234e-07
10 0.999976 2.35744e-05
10 0.999998 2.43443e-06
10 0.999998 1.69205e-06
7 0.301968 0.698032
10 1 1e-07
10 1 1e-07
10 0.999999 5.80447e-07
10 0.999092 0.000907576
10 0.999872 0.000128297
10 1 4.06877e-07
10 0.999933 6.72996e-05
7 0.0069016 0.993098
7 0.00126082 0.998739
10 0.999997 2.72165e-06
10 0.999973 2.65493e-05
10 0.999999 6.38657e-07
7 1e-07 1
10 0.999992 7.69043e-06
10 1 4.89764e-07
10 1 1e-07
10 1 1e-07
10 1 1e-07
10 0.999995 5.33044e-06
10 1 4.40166e-07
10 1 1.49803e-07
10 0.999964 3.63979e-05
10 1 1e-07
10 0.999416 0.000584091
10 0.999996 3.79293e-06
10 1 1e-07
10 1 1e-07
10 1 4.52188e-07
10 0.999954 4.60093e-05
7 2.6577e-05 0.999973
10 0.999849 0.000151444
10 0.999992 8.34278e-06
10 1 1e-07
10 1 1e-07
10 1 1e-07
10 1 1e-07
10 0.996911 0.00308878
10 0.999932 6.77429e-05
10 1 1e-07
10 0.999999 9.00498e-07
7 1e-07 1
10 1 1e-07
10 1 2.5927e-07
10 1 2.11537e-07
10 1 1e-07
10 1 1e-07
10 1 1e-07
10 0.996772 0.00322764
10 0.999995 5.43809e-06
10 0.999997 3.04173e-06
10 0.99139 0.00860959
10 0.999751 0.000249043
10 1 1e-07
10 0.999986 1.43045e-05
10 0.999999 1.0245e-06
10 1 3.71298e-07
10 0.999999 9.05104e-07
10 1 1e-07
10 1 1.89903e-07
10 0.999997 3.34476e-06
10 0.745298 0.254702
10 0.999995 5.3156e-06
10 0.999766 0.000233956
10 1 1.4271e-07
10 1 1e-07
10 0.991668 0.00833157
10 1 1e-07
10 0.999997 3.04167e-06
10 1 1e-07
10 1 1e-07
10 1 1.95595e-07
10 1 1e-07
10 0.999992 8.36312e-06
10 0.999987 1.29244e-05
7 1e-07 1
10 1 1e-07
10 0.999994 6.21102e-06
10 0.999996 4.02856e-06
10 0.999961 3.91416e-05
10 0.999565 0.000435462
10 0.998693 0.00130705
10 0.997428 0.00257176
10 0.96731 0.0326896
10 1 1e-07
10 1 1e-07
10 1 1.1685e-07
7 1.67845e-07 1
10 0.999984 1.57353e-05
10 0.999993 6.56987e-06
10 1 1e-07
10 1 1e-07
10 1 1e-07
10 1 1.31216e-07
10 1 1e-07
10 0.999958 4.18052e-05
10 0.999142 0.000858322
7 0.000275981 0.999724
10 0.999997 2.67229e-06
10 0.999995 4.99085e-06
10 1 1e-07
10 0.999994 5.66095e-06
10 0.999982 1.83235e-05
10 0.999972 2.75843e-05
10 0.999717 0.000283183
10 1 1e-07
10 1 1e-07
10 0.685445 0.314555
10 1 1e-07
10 0.99999 1.03185e-05
10 0.999999 1.44338e-06
10 1 1e-07
10 0.999999 9.01934e-07
10 1 1e-07
10 0.992304 0.00769602
10 0.999998 2.49883e-06
10 0.999987 1.34766e-05
10 0.999995 4.54527e-06
10 0.993876 0.0061242
10 1 1.6924e-07
10 1 1e-07
10 0.99985 0.000149894
10 1 1e-07
10 1 1e-07
10 1 1e-07
10 0.999991 9.44245e-06
10 1 1e-07
10 1 4.62353e-07
10 1 1e-07
10 1 1e-07
10 0.999996 4.43172e-06
7 2.69663e-07 1
10 0.999996 3.61537e-06
10 1 1e-07
10 0.999998 2.24033e-06
7 1e-07 1
10 1 2.16459e-07
10 1 1e-07
10 0.999935 6.48437e-05
10 1 1e-07
10 1 4.19467e-07
10 0.999976 2.40307e-05
10 1 1e-07
10 0.999996 3.62798e-06
10 0.999869 0.000130613
10 0.999995 5.30817e-06
10 1 1.09169e-07
10 1 1.10592e-07
10 0.999408 0.000591603
7 1.39659e-07 1
10 0.999593 0.000407043
10 0.998077 0.00192299
10 1 1e-07
10 0.999812 0.000188444
10 1 1e-07
10 1 1.52834e-07
10 0.999595 0.000404958
10 1 1e-07
10 0.99843 0.00156961
10 1 1e-07
10 1 1.56726e-07
10 1 1e-07
10 1 2.82566e-07
10 1 1e-07
10 1 1e-07
10 0.999989 1.07699e-05
10 1 1e-07
10 0.999994 6.09563e-06
10 1 1.76404e-07
10 0.999628 0.000371513
10 0.999127 0.000872787
10 1 1e-07
10 0.999843 0.000156929
10 0.999999 1.07285e-06
10 0.999999 9.31281e-07
10 1 1e-07
10 0.999956 4.42457e-05
10 1 2.57437e-07
10 1 1e-07
10 0.999999 1.44751e-06
10 1 1e-07
10 0.999984 1.62408e-05
10 1 4.16521e-07
10 1 1e-07
10 1 1e-07
7 2.85129e-06 0.999997
10 1 2.42566e-07
7 1.14392e-07 1
10 0.999999 1.16974e-06
10 0.99979 0.000210429
10 1 1e-07
10 0.999998 1.90259e-06
10 0.999995 5.39392e-06
10 1 1e-07
10 1 1e-07
10 0.999988 1.23226e-05
10 0.999972 2.7897e-05
10 1 1e-07
7 1.0857e-05 0.999989
10 1 1e-07
10 0.99971 0.000290385
10 1 1e-07
10 1 1e-07
10 1 1e-07
10 1 1e-07
10 1 1e-07
10 0.999878 0.000121743
10 1 2.31727e-07
10 1 1e-07
10 1 1e-07
10 1 1e-07
10 1 1e-07
10 0.999708 0.000292097
10 1 1e-07
10 1 1e-07
10 0.999993 6.52876e-06
10 0.999994 5.89038e-06
10 1 4.40486e-07
10 0.985673 0.0143273
10 1 1e-07
10 0.993686 0.00631351
10 0.999999 1.02772e-06
10 0.999238 0.000761711
10 0.999997 3.09541e-06
10 0.999999 1.29276e-06
10 0.999953 4.68772e-05
10 1 2.36252e-07
10 1 1e-07
10 0.999997 3.28984e-06
10 1 2.03303e-07
7 1.85115e-07 1
10 1 1.38896e-07
10 0.960702 0.0392975
10 0.999998 1.96281e-06
10 1 1e-07
10 1 1e-07
7 1.68784e-05 0.999983
10 1 1e-07
10 0.999999 5.01617e-07
10 1 1e-07
10 1 1e-07
10 0.99006 0.00994046
10 0.999989 1.10205e-05
10 0.99999 1.03847e-05
10 0.999802 0.000198026
10 1 1e-07
10 0.999938 6.16786e-05
10 1 1e-07
10 1 1e-07
10 0.920034 0.0799659
10 0.999997 3.25725e-06
10 1 1e-07
10 1 1e-07
10 0.999847 0.000153113
10 0.999962 3.84949e-05
10 0.998869 0.00113067
10 1 1e-07
10 1 1e-07
10 0.999993 7.28426e-06
7 3.85599e-05 0.999961
7 0.000338619 0.999661
10 0.999999 9.37634e-07
10 1 1e-07
7 1.5886e-05 0.999984
7 0.0189421 0.981058
10 1 1e-07
7 7.16703e-07 0.999999
10 1 1e-07
10 1 1e-07
10 1 1.01624e-07
7 1.84332e-05 0.999982
10 1 1e-07
10 0.999995 4.97326e-06
10 0.999799 0.000201473
10 0.999941 5.88201e-05
10 1 1e-07
10 0.999994 5.85593e-06
10 1 1.15646e-07
10 1 1e-07
10 1 3.09859e-07
10 0.999997 2.95933e-06
10 0.999889 0.000111228
10 1 1e-07
10 1 1e-07
10 1 3.19647e-07
10 1 1e-07
10 0.999858 0.000141738
10 0.991267 0.00873267
10 0.999998 1.57414e-06
10 1 1e-07
10 0.998136 0.00186406
10 1 1.94366e-07
10 0.999922 7.80181e-05
10 0.999999 6.69935e-07
10 1 1e-07
10 0.984872 0.0151282
10 0.999999 9.50241e-07
10 0.999909 9.09934e-05
10 0.999999 1.27907e-06
10 0.999993 6.74417e-06
10 1 1e-07
7 0.000924295 0.999076
10 0.999984 1.64354e-05
10 1 1e-07
10 1 1e-07
10 0.999367 0.00063254
10 0.999994 6.03337e-06
7 4.95216e-07 1
10 0.99999 9.87836e-06
7 0.384486 0.615514
10 0.999999 9.28243e-07
7 2.9536e-05 0.99997
10 0.999999 7.57742e-07
10 0.999998 1.70212e-06
10 1 1e-07
10 1 1e-07
10 0.999909 9.13776e-05
7 1e-07 1
10 0.999388 0.000611932
10 1 1e-07
10 1 1e-07
10 0.999995 4.93933e-06
7 0.000264563 0.999735
10 0.99997 2.95746e-05
10 1 1e-07
10 0.999802 0.000197773
10 0.999996 3.64227e-06
10 1 1e-07
10 1 1e-07
10 1 1e-07
7 2.54868e-07 1
10 0.999955 4.4849e-05
10 1 1e-07
10 1 1e-07
10 0.968277 0.0317227
10 1 1e-07
10 1 1e-07
10 1 1e-07
10 1 1e-07
10 1 1e-07
10 0.999969 3.14643e-05
7 0.00744116 0.992559
10 0.594651 0.405349
10 0.999182 0.000817969
10 0.999989 1.06697e-05
10 0.999993 6.7139e-06
10 1 1e-07
10 0.999903 9.73146e-05
10 1 1e-07
10 0.999985 1.48127e-05
10 0.999991 8.85134e-06
10 0.962123 0.037877
10 1 1e-07
10 0.999991 9.1896e-06
10 0.999776 0.000224436
10 0.647474 0.352526
10 0.99997 2.98301e-05
10 0.997182 0.0028184
10 0.999979 2.09103e-05
10 0.999999 9.72515e-07
10 1 1e-07
7 0.0856632 0.914337
10 0.999995 5.33521e-06
10 1 3.61676e-07
10 1 1e-07
10 0.999999 6.61869e-07
10 0.998335 0.00166515
10 1 1e-07
10 0.999998 1.77913e-06
10 0.999992 7.75719e-06
10 0.999787 0.000212987
10 1 1e-07
10 0.99945 0.000549876
10 0.999997 3.46383e-06
10 0.999997 2.89893e-06
10 0.987791 0.0122092
10 0.999978 2.15999e-05
10 0.999995 4.73166e-06
10 1 1e-07
10 1 1e-07
10 1 1e-07
10 1 1e-07
10 0.99891 0.00109032
10 1 1.05757e-07
10 0.999898 0.000102045
10 0.999997 3.45976e-06
10 0.999994 5.98528e-06
10 0.999999 1.19689e-06
10 0.999977 2.29296e-05
10 0.999985 1.47422e-05
10 0.999997 2.88264e-06
10 0.922097 0.0779029
10 0.999999 5.3442e-07
10 1 1e-07
10 1 1e-07
10 0.999999 8.29125e-07
10 1 1e-07
10 0.999999 5.63726e-07
10 1 1e-07
10 0.99999 9.68064e-06
10 0.999985 1.47421e-05
10 0.997584 0.00241589
10 0.999983 1.73327e-05
10 0.999954 4.55612e-05
10 1 1e-07
10 1 1e-07
10 1 1.32881e-07
10 1 1e-07
10 0.999988 1.16352e-05
10 0.998993 0.0010069
10 0.999899 0.000100579
10 0.999966 3.38389e-05
10 1 1e-07
10 1 3.17828e-07
10 0.999999 6.43374e-07
7 5.29185e-06 0.999995
10 1 1e-07
10 1 4.20637e-07
10 1 1.81453e-07
10 1 1e-07
10 0.999999 8.50308e-07
10 1 1e-07
10 0.983703 0.0162971
10 1 1e-07
10 0.998876 0.00112439
10 0.999969 3.10732e-05
10 0.999999 7.61211e-07
10 0.999999 6.00181e-07
7 2.03738e-05 0.99998
10 1 1e-07
7 1e-07 1
10 1 1e-07
10 1 1e-07
10 0.999999 7.34031e-07
10 0.999999 1.18221e-06
10 0.999958 4.24683e-05
10 0.857601 0.142399
10 0.999999 5.0454e-07
10 0.999995 4.82864e-06
10 0.54211 0.45789
10 0.999996 3.92797e-06
10 0.999999 1.25817e-06
10 1 4.56487e-07
10 0.999999 1.04935e-06
10 1 1e-07
10 0.942699 0.0573008
10 0.646195 0.353805
10 1 1e-07
10 1 1e-07
10 0.999957 4.34376e-05
10 0.999998 1.60816e-06
10 0.995147 0.00485278
10 0.999996 3.77789e-06
10 1 1.69671e-07
10 0.999998 1.63005e-06
10 1 1e-07
10 0.999749 0.000250817
10 0.99991 8.965e-05
10 0.999952 4.81232e-05
10 0.999227 0.000773153
10 0.989646 0.010354
10 0.999956 4.41753e-05
10 0.99999 9.88148e-06
10 0.999996 4.15409e-06
10 0.999999 1.37329e-06
10 0.997262 0.00273761
10 1 1e-07
10 1 1e-07
10 1 1e-07
10 1 3.12722e-07
10 1 1e-07
10 0.999999 8.70486e-07
10 1 1e-07
10 0.999936 6.35746e-05
10 1 1e-07
10 1 1e-07
10 0.999999 1.17508e-06
10 0.999668 0.000332414
10 1 1.54112e-07
10 1 1e-07
7 6.67187e-07 0.999999
10 1 1e-07
10 1 1e-07
10 1 1e-07
7 0.0828622 0.917138
10 1 2.08069e-07
10 1 1e-07
10 1 1e-07
10 0.646952 0.353048
10 0.999997 2.84641e-06
10 0.99926 0.000740042
10 0.890299 0.109701
10 1 1e-07
10 0.999995 4.70153e-06
10 1 1e-07
10 0.999999 1.05485e-06
10 0.999896 0.000103722
10 1 1e-07
10 0.999992 8.21869e-06
7 1.15242e-06 0.999999
7 1.0559e-07 1
10 0.999999 5.9108e-07
10 0.999999 7.10817e-07
10 0.999993 6.85691e-06
10 1 1e-07
7 1.30536e-07 1
10 0.991424 0.008576
10 1 3.62911e-07
10 1 1e-07
10 0.999945 5.50331e-05
10 0.998726 0.00127448
10 0.999958 4.21278e-05
10 0.999961 3.85735e-05
10 0.999981 1.94186e-05
10 0.996889 0.0031106
10 0.999999 7.20068e-07
10 1 1e-07
10 1 1e-07
10 1 1e-07
10 0.999996 4.3307e-06
10 1 1e-07
10 1 1e-07
10 0.957051 0.0429488
10 1 1e-07
10 0.99999 1.02183e-05
10 1 1.42721e-07
10 1 1e-07
10 0.999999 5.26258e-07
10 0.999962 3.82197e-05
10 1 1e-07
10 1 1e-07
10 0.999968 3.17107e-05
10 1 1e-07
10 1 1e-07
7 0.000171956 0.999828
10 1 1e-07
10 1 1e-07
10 1 1e-07
10 0.999882 0.000117856
10 0.997885 0.00211458
10 1 1e-07
10 1 1e-07
7 4.24991e-05 0.999958
10 0.999998 2.34362e-06
10 1 1e-07
10 0.999997 3.35574e-06
10 1 1.88391e-07
10 1 1e-07
10 1 1e-07
10 1 1.16467e-07
10 0.999999 1.19249e-06
10 0.999915 8.48463e-05
10 0.999944 5.59697e-05
10 0.524936 0.475064
10 1 1e-07
10 1 1e-07
10 0.999406 0.000594022
10 0.999997 3.178e-06
10 1 1e-07
10 0.999992 8.41425e-06
10 0.999996 3.84207e-06
10 1 1e-07
10 0.98261 0.0173897
10 0.999999 1.11806e-06
10 0.999963 3.74335e-05
10 0.999367 0.000632693
10 1 1e-07
10 0.970901 0.0290993
7 0.127956 0.872044
10 0.877023 0.122977
10 1 1e-07
10 0.998867 0.00113347
10 1 1e-07
10 1 1e-07
10 0.999982 1.84579e-05
7 0.000517598 0.999482
10 1 1e-07
10 1 1e-07
10 1 3.47708e-07
10 1 4.57508e-07
10 1 1e-07
10 0.998277 0.00172253
10 0.999921 7.9376e-05
10 1 1e-07
10 0.998102 0.00189777
10 0.991687 0.00831331
10 1 1e-07
7 0.0144963 0.985504
10 1 1e-07
10 1 1e-07
10 1 1e-07
10 0.999998 1.76422e-06
10 0.999919 8.12251e-05
10 1 1e-07
10 0.99999 9.87947e-06
10 0.999935 6.53089e-05
10 0.999981 1.86289e-05
10 0.999998 2.06963e-06
10 0.99777 0.00222994
7 0.00883187 0.991168
10 0.999909 9.0636e-05
10 0.999999 8.40518e-07
10 0.999991 9.39184e-06
10 0.996806 0.0031936
10 1 1e-07
7 1.21203e-07 1
10 0.999767 0.000233399
10 0.999997 3.32798e-06
10 1 1e-07
10 1 1.92154e-07
10 0.999668 0.000331879
10 0.999997 2.81624e-06
10 0.999804 0.000195896
10 0.998752 0.00124759
10 1 1e-07
10 1 1e-07
10 0.999999 1.05828e-06
10 0.999835 0.000165081
7 9.26391e-06 0.999991
10 1 1e-07
10 0.999999 9.2776e-07
10 1 2.31294e-07
10 0.999984 1.56156e-05
10 0.999999 8.07568e-07
10 0.999999 1.1279e-06
10 1 4.88189e-07
10 0.997225 0.00277481
10 0.999999 6.45462e-07
10 0.999995 4.589e-06
10 0.995858 0.00414152
10 1 2.63512e-07
10 0.999736 0.000264083
10 0.99997 3.0038e-05
10 0.99996 4.02135e-05
10 1 1e-07
10 1 1e-07
10 0.999998 2.43151e-06
10 0.999995 5.21168e-06
10 1 1e-07
10 0.999998 2.48775e-06
10 1 1.08662e-07
10 0.835947 0.164053
10 1 1e-07
10 1 1e-07
10 0.999935 6.47901e-05
10 1 1e-07
10 1 1e-07
10 0.999999 6.8168e-07
10 1 1e-07
10 0.997107 0.00289296
10 1 1e-07
10 0.999906 9.36688e-05
10 0.999692 0.000308031
10 1 1e-07
10 0.999998 1.72835e-06
10 1 1e-07
7 0.389431 0.610569
10 1 1.21312e-07
10 1 1.65757e-07
10 0.998899 0.00110138
10 0.999878 0.000121716
10 0.999983 1.69561e-05
10 1 1e-07
10 1 1e-07
10 0.999998 1.92528e-06
10 1 1e-07
7 1e-07 1
10 0.999998 2.23236e-06
10 1 1.26704e-07
10 0.999596 0.000404189
10 0.999986 1.43038e-05
10 0.999987 1.29468e-05
10 1 1e-07
10 0.999939 6.08537e-05
10 1 1e-07
10 1 1e-07
10 0.990982 0.00901848
10 1 1e-07
7 0.000191667 0.999808
10 1 1e-07
10 1 1e-07
10 0.999475 0.000524807
7 1.4796e-05 0.999985
10 0.999999 1.22421e-06
10 0.999994 5.99275e-06
10 1 1e-07
10 0.999995 4.93582e-06
10 0.999899 0.00010128
7 1.3777e-06 0.999999
10 1 1e-07
10 1 3.81637e-07
10 0.99988 0.000119512
10 1 2.66918e-07
10 0.999994 5.80102e-06
10 1 1e-07
10 1 1.17487e-07
7 1e-07 1
10 1 1e-07
10 0.999995 4.60997e-06
10 0.99996 4.02377e-05
10 0.999999 1.27675e-06
10 0.999999 9.69854e-07
10 0.995786 0.0042144
10 1 1e-07
10 0.999996 3.73581e-06
10 1 1e-07
7 7.44709e-06 0.999993
10 0.999992 8.34115e-06
10 0.999999 8.25523e-07
10 0.999999 5.00127e-07
10 1 1e-07
10 0.99851 0.00149009
7 1.35907e-07 1
10 0.999949 5.12617e-05
10 0.997933 0.00206675
10 0.999899 0.000101015
10 0.988155 0.0118446
10 1 1e-07
10 0.999996 3.86117e-06
7 0.000546005 0.999454
10 1 1e-07
10 1 2.55125e-07
10 1 1e-07
10 0.999948 5.1636e-05
10 1 1.75723e-07
10 1 1e-07
10 0.999996 4.08528e-06
10 0.999967 3.30009e-05
10 1 3.22458e-07
10 0.999969 3.09257e-05
10 1 1e-07
10 0.99981 0.000189595
10 0.999999 5.35085e-07
10 1 1e-07
10 0.999999 6.36212e-07
10 0.999992 7.66219e-06
10 1 1e-07
10 0.998978 0.0010222
10 0.999998 2.25911e-06
10 1 1e-07
10 1 1e-07
10 0.999998 1.68083e-06
10 1 1e-07
10 1 1e-07
7 2.38226e-05 0.999976
10 0.99886 0.00113974
10 0.999995 5.05811e-06
10 0.999989 1.11299e-05
10 0.999943 5.71148e-05
10 0.999972 2.76657e-05
10 0.943922 0.0560779
10 1 1e-07
10 1 3.56952e-07
10 0.997218 0.00278227
10 0.999996 3.87244e-06
10 1 1e-07
10 0.999999 1.2546e-06
10 0.99995 5.00167e-05
10 1 1e-07
10 1 1e-07
10 0.999898 0.000101546
10 0.99999 1.04761e-05
7 0.000302091 0.999698
10 1 3.83479e-07
10 0.999998 2.04194e-06
7 0.000668331 0.999332
10 0.999994 5.70891e-06
10 0.999978 2.17188e-05
10 1 1.3687e-07
10 1 1.93028e-07
10 1 4.38171e-07
10 0.866183 0.133817
10 1 1e-07
10 1 1e-07
10 1 1e-07
10 1 1e-07
10 1 1e-07
10 1 1e-07
10 1 3.3869e-07
10 0.999819 0.000180592
10 0.999999 1.46145e-06
10 1 1e-07
10 1 1e-07
10 0.999962 3.76857e-05
10 1 1e-07
10 1 1e-07
10 0.735902 0.264098
10 1 1e-07
10 1 1.53517e-07
7 1.39242e-05 0.999986
10 1 4.20125e-07
10 1 3.33305e-07
10 0.999762 0.000237829
10 0.999996 4.26909e-06
10 0.999999 1.2584e-06
10 1 1e-07
10 1 1e-07
10 0.999996 3.97489e-06
10 0.999997 2.69643e-06
10 0.999999 7.93286e-07
10 0.999999 5.90406e-07
10 0.998568 0.00143243
10 1 1e-07
10 0.999476 0.000524106
10 1 1e-07
10 1 1e-07
10 0.999634 0.00036638
10 1 1e-07
10 1 1e-07
10 1 1e-07
10 0.999881 0.000119319
10 0.582065 0.417935
10 0.99999 1.02857e-05
10 1 3.47518e-07
10 0.999931 6.85362e-05
10 1 1e-07
7 1e-07 1
10 0.999985 1.46361e-05
10 0.999974 2.55139e-05
10 1 1e-07
7 0.004429 0.995571
10 1 1e-07
10 0.999994 6.34184e-06
10 0.999604 0.000395781
10 1 1e-07
7 0.000142301 0.999858
10 0.999998 2.37254e-06
10 0.519473 0.480527
10 1 1e-07
10 1 1e-07
10 0.999992 7.90579e-06
10 0.997666 0.00233377
10 0.999999 1.24943e-06
10 0.578504 0.421496
10 1 1e-07
10 1 1e-07
7 1.6642e-05 0.999983
10 0.886775 0.113225
10 0.999994 5.76935e-06
7 1.56101e-07 1
10 0.999922 7.7694e-05
10 0.99997 3.00008e-05
10 0.998113 0.00188669
10 0.997862 0.00213767
10 0.906118 0.0938825
10 0.998845 0.00115533
10 0.977553 0.0224471
10 0.999987 1.34813e-05
10 1 1.37825e-07
10 0.999952 4.77341e-05
10 0.999869 0.00013116
7 0.00714697 0.992853
10 0.999999 1.05524e-06
10 0.999997 2.52616e-06
10 1 1e-07
10 1 1e-07
7 1e-07 1
10 0.999999 8.3856e-07
10 0.999192 0.000807771
10 0.999998 1.59704e-06
10 0.999986 1.42783e-05
10 1 1e-07
10 0.999992 7.73902e-06
10 0.99842 0.0015803
10 1 1.76599e-07
10 0.999286 0.000713882
7 0.150569 0.849431
10 0.999995 4.74677e-06
10 1 1e-07
10 0.999777 0.000222534
10 0.99967 0.000330413
10 1 1e-07
10 1 1e-07
10 1 1e-07
10 1 1e-07
10 0.999085 0.000915334
7 4.79554e-05 0.999952
10 0.999982 1.80791e-05
10 0.99919 0.000810024
7 1e-07 1
10 0.940256 0.0597439
10 1 1e-07
10 0.999996 4.31002e-06
10 0.999996 3.69186e-06
10 1 1e-07
10 1 2.19836e-07
10 0.999999 1.46853e-06
10 1 1.94993e-07
10 0.999999 8.60589e-07
7 1e-07 1
10 1 1e-07
10 1 1e-07
10 0.999597 0.000402888
10 0.760561 0.239439
10 0.987946 0.0120543
10 1 1e-07
10 1 1e-07
10 1 1e-07
10 1 1e-07
10 0.999995 4.58469e-06
10 1 1e-07
10 0.999958 4.15965e-05
10 0.999999 8.86548e-07
10 1 1e-07
10 1 1e-07
10 0.999893 0.00010688
10 0.999999 1.0398e-06
10 1 1e-07
10 1 1e-07
10 1 1e-07
10 0.99999 9.94705e-06
10 1 1e-07
10 0.999978 2.23278e-05
10 0.99997 3.02292e-05
10 0.999804 0.000196485
10 1 1e-07
10 0.999849 0.000150813
10 0.999299 0.000701167
10 1 1e-07
10 0.999901 9.90732e-05
7 0.000133902 0.999866
10 0.99944 0.000559572
10 0.999987 1.30377e-05
10 1 1e-07
10 1 1e-07
10 1 1e-07
7 0.000164597 0.999835
10 1 2.39412e-07
10 1 1e-07
10 1 1e-07
10 0.999999 1.07686e-06
10 0.999999 1.1662e-06
7 0.125693 0.874307
10 1 1.13769e-07
7 0.210871 0.789129
7 1e-07 1
10 1 1e-07
10 0.999988 1.19987e-05
10 0.998138 0.00186191
10 1 1e-07
10 1 1e-07
10 0.999842 0.000157759
10 1 2.3353e-07
10 1 1e-07
7 1.54167e-05 0.999985
10 1 2.10772e-07
10 1 1e-07
10 0.998959 0.00104116
7 0.15282 0.84718
10 1 1e-07
10 0.999958 4.23373e-05
10 1 1e-07
10 0.99999 1.03524e-05
10 1 1e-07
10 1 1.52222e-07
10 0.999986 1.4467e-05
10 0.99998 1.99002e-05
10 1 1e-07
10 1 1e-07
10 1 1.72819e-07
10 1 1e-07
10 0.999986 1.41392e-05
10 0.999982 1.8127e-05
10 0.998659 0.0013414
10 1 1e-07
10 1 1e-07
10 1 2.63721e-07
10 0.999975 2.5275e-05
7 1.88899e-05 0.999981
10 0.999896 0.000104388
10 1 1e-07
10 0.999998 2.064e-06
10 0.999999 1.20309e-06
10 1 1e-07
10 0.999939 6.06663e-05
10 1 1e-07
10 1 1e-07
10 0.999801 0.000199338
10 0.962231 0.0377689
10 1 1.60949e-07
10 1 1e-07
10 1 1e-07
10 1 1e-07
10 1 1e-07
10 1 1e-07
10 0.999964 3.56923e-05
10 1 1e-07
10 1 1.55114e-07
10 1 1e-07
10 1 1e-07
10 0.999845 0.000155226
10 0.999994 6.42646e-06
10 1 1e-07
10 0.999349 0.000651164
10 1 1e-07
10 0.999923 7.69069e-05
10 0.999071 0.000929066
10 1 1e-07
10 1 1e-07
10 1 1e-07
10 1 1e-07
10 0.999997 2.89811e-06
10 0.999743 0.000257338
10 0.999999 8.45064e-07
7 0.00131748 0.998683
10 0.999933 6.7013e-05
10 0.999914 8.63448e-05
10 0.999974 2.60317e-05
10 0.999923 7.65176e-05
10 0.999999 7.1398e-07
10 1 3.31609e-07
10 0.99996 4.0013e-05
10 0.999989 1.12065e-05
10 0.999974 2.64142e-05
10 1 1e-07
10 1 1e-07
10 0.999913 8.71673e-05
10 1 1e-07
10 0.999949 5.09e-05
10 1 1e-07
10 0.999952 4.84697e-05
10 0.999996 4.40037e-06
10 1 1e-07
7 7.14119e-06 0.999993
10 0.999999 1.02071e-06
10 0.999999 1.23637e-06
10 0.999964 3.63556e-05
10 1 1e-07
7 0.129247 0.870753
10 1 1e-07
10 0.996225 0.0037753
10 0.999606 0.000394147
10 1 1e-07
10 1 1e-07
10 0.99993 6.96789e-05
10 1 1e-07
10 1 1e-07
10 0.999688 0.000312081
10 1 1e-07
10 1 1e-07
10 0.999995 4.70179e-06
10 0.999995 5.13203e-06
10 1 1e-07
10 0.99999 1.04409e-05
10 1 1e-07
10 0.999959 4.08814e-05
10 1 1e-07
10 1 1e-07
10 1 1e-07
10 0.999993 6.92899e-06
7 1.8801e-05 0.999981
10 0.999997 2.97085e-06
10 0.999992 8.19421e-06
10 0.999997 2.70521e-06
10 0.999784 0.000215634
10 1 1e-07
7 1e-07 1
10 1 1.65612e-07
10 1 1e-07
7 1.79321e-07 1
10 1 1e-07
10 0.99982 0.000180283
10 1 1e-07
10 0.999997 3.40074e-06
10 1 1e-07
7 5.74753e-07 0.999999
10 1 1e-07
10 0.99861 0.00138988
10 1 1e-07
10 1 1.74448e-07
10 1 1e-07
10 0.999987 1.27549e-05
10 1 1.6541e-07
10 1 1.62277e-07
10 0.999931 6.90986e-05
10 1 1e-07
10 1 1e-07
10 1 1e-07
10 1 1e-07
7 5.03269e-06 0.999995
10 0.693003 0.306997
10 1 1e-07
10 0.999827 0.000172687
10 1 1e-07
10 0.999998 2.31243e-06
10 0.961853 0.0381475
10 0.999993 6.69963e-06
10 1 1e-07
10 1 2.94002e-07
10 1 1e-07
10 0.986465 0.0135353
10 1 1e-07
10 0.999827 0.000173317
10 0.999989 1.12447e-05
10 0.999985 1.52744e-05
10 1 4.55213e-07
10 1 1e-07
10 1 1e-07
10 1 4.17297e-07
10 0.999334 0.000666331
10 1 1e-07
10 1 1e-07
10 1 1e-07
10 0.879823 0.120177
10 0.997497 0.00250255
10 1 1e-07
10 0.999777 0.000223292
10 1 1e-07
10 1 1e-07
10 0.999998 1.67383e-06
10 0.999986 1.35387e-05
10 0.999999 1.22058e-06
10 1 1e-07
10 0.999997 3.32581e-06
7 0.000345018 0.999655
10 0.999787 0.000213414
7 1e-07 1
10 0.999879 0.000120588
10 0.999999 1.43674e-06
10 0.999997 3.05783e-06
10 0.760949 0.239051
10 0.999995 4.64871e-06
10 0.9999 9.96992e-05
10 0.999167 0.000833009
10 1 1e-07
10 1 1e-07
10 0.999998 2.11095e-06
10 0.996864 0.00313587
10 1 1e-07
10 1 1.84978e-07
10 1 1e-07
10 1 1e-07
10 1 1e-07
7 1e-07 1
10 1 1e-07
10 1 1e-07
7 6.21404e-05 0.999938
10 0.99963 0.00036985
10 0.999994 5.93576e-06
10 0.999999 5.76293e-07
10 1 1e-07
10 0.999904 9.63792e-05
10 1 1.2854e-07
10 1 1e-07
10 0.999999 1.04407e-06
10 0.999999 9.81962e-07
10 0.999619 0.000380504
10 1 1e-07
10 0.999988 1.15049e-05
10 1 1e-07
10 1 1e-07
10 1 1e-07
10 1 3.11214e-07
10 0.999996 4.17713e-06
10 0.999991 9.19219e-06
10 0.99997 3.04602e-05
10 1 1e-07
10 1 1e-07
10 1 1e-07
10 1 4.54271e-07
10 0.999824 0.000176364
10 0.999993 6.68912e-06
10 0.999989 1.06372e-05
10 0.999939 6.09564e-05
10 0.999993 7.21671e-06
10 0.999879 0.000121439
10 1 2.99377e-07
10 1 1.48747e-07
10 0.999984 1.59308e-05
10 1 2.17782e-07
10 1 1.28204e-07
10 1 1e-07
10 1 1e-07
10 0.999999 8.31843e-07
10 1 1e-07
10 1 1e-07
10 0.999995 4.65579e-06
10 0.999881 0.000119002
7 3.58437e-05 0.999964
10 1 1e-07
7 1.16758e-06 0.999999
10 1 1e-07
10 1 1e-07
10 0.999999 6.07996e-07
10 0.999992 7.72266e-06
10 1 1e-07
10 1 1e-07
10 1 1e-07
10 1 1e-07
10 1 1e-07
10 1 1e-07
10 0.999971 2.93299e-05
10 1 1e-07
7 1.33864e-06 0.999999
10 0.999971 2.9267e-05
10 0.999978 2.17803e-05
7 1e-07 1
7 5.59149e-06 0.999994
10 1 1e-07
10 0.999939 6.10981e-05
10 1 1.52649e-07
10 1 1e-07
10 1 1e-07
10 0.99976 0.000240488
10 1 1e-07
10 0.999712 0.00028773
10 1 1e-07
10 0.99977 0.000229651
10 1 1e-07
10 0.999998 1.64631e-06
10 1 1e-07
10 1 1e-07
10 0.999999 5.1817e-07
10 0.999997 3.2377e-06
10 0.983921 0.0160789
10 1 1e-07
10 1 1e-07
10 0.999999 6.60672e-07
10 1 1e-07
10 0.998328 0.00167211
10 1 1.61977e-07
10 0.995406 0.00459367
10 0.999999 1.19103e-06
10 0.999999 6.65307e-07
10 1 1e-07
10 0.999607 0.000393396
10 0.999936 6.37985e-05
10 1 1e-07
10 0.999737 0.000262692
10 1 1e-07
10 1 1e-07
10 0.875111 0.124889
10 1 1.8554e-07
7 2.64017e-05 0.999974
10 0.999997 2.62896e-06
10 1 1e-07
10 0.999988 1.15787e-05
10 1 1e-07
10 1 1e-07
10 1 1e-07
10 1 1e-07
10 0.99348 0.00651992
10 1 1e-07
10 0.999876 0.00012401
10 0.999992 7.98243e-06
10 0.999965 3.53179e-05
10 0.999792 0.000208256
10 1 1e-07
10 0.999451 0.000549387
10 1 1e-07
10 1 1e-07
10 0.999999 7.7043e-07
10 1 1.88624e-07
10 1 1e-07
10 1 1e-07
7 0.000763863 0.999236
10 0.99979 0.000210466
10 0.999999 1.05033e-06
10 0.999943 5.67854e-05
10 0.999998 2.32264e-06
10 0.999995 5.09432e-06
10 1 1e-07
10 0.999983 1.73583e-05
10 1 1e-07
10 0.999999 9.13289e-07
10 1 1e-07
10 0.999997 3.38704e-06
10 0.999946 5.42473e-05
10 0.952224 0.047776
10 1 1e-07
7 8.70358e-06 0.999991
10 0.999997 2.80116e-06
10 0.999999 7.39808e-07
10 0.999994 5.64121e-06
10 1 1e-07
10 0.998505 0.00149541
10 0.999996 3.9218e-06
10 1 1e-07
10 1 3.26552e-07
7 4.47678e-06 0.999996
10 0.980484 0.0195163
10 1 1.11085e-07
10 0.999763 0.000237256
10 1 1e-07
10 0.998045 0.00195465
10 1 1e-07
10 0.999307 0.000693308
7 1e-07 1
10 1 2.15912e-07
10 1 1e-07
10 1 1e-07
10 1 1e-07
10 1 1e-07
10 0.999979 2.11122e-05
10 0.999998 1.78936e-06
10 1 1e-07
10 0.999972 2.76425e-05
10 0.999721 0.000278507
10 0.795951 0.204049
10 1 1e-07
10 0.999996 3.56823e-06
10 0.999975 2.54898e-05
10 0.999968 3.20015e-05
10 0.999999 7.13036e-07
10 0.997472 0.0025283
10 0.999986 1.35241e-05
10 1 1e-07
10 1 1e-07
10 1 1e-07
7 0.00018482 0.999815
10 1 1e-07
10 1 1e-07
10 0.999692 0.000307634
10 0.993392 0.00660793
7 0.000241147 0.999759
10 0.999992 8.44552e-06
10 0.999993 6.58556e-06
10 1 2.73969e-07
10 1 1e-07
10 1 1e-07
7 4.66448e-06 0.999995
10 1 1e-07
10 1 1e-07
10 1 1e-07
10 0.999961 3.93556e-05
7 1.14188e-07 1
10 1 1.80249e-07
10 1 1e-07
10 1 1e-07
10 1 1e-07
10 0.999973 2.69993e-05
10 0.999999 6.01214e-07
10 0.999786 0.000213792
10 1 1e-07
10 0.999968 3.2313e-05
10 1 1e-07
7 0.0407246 0.959275
10 0.878351 0.121649
10 1 1e-07
10 0.977136 0.0228635
10 1 4.80411e-07
10 1 1e-07
10 0.999995 5.01876e-06
7 1.13177e-06 0.999999
10 1 1e-07
10 0.999999 1.43314e-06
10 0.99999 1.04113e-05
10 1 1.94419e-07
10 1 1e-07
10 0.999868 0.000131765
10 0.999999 6.61457e-07
10 0.99998 2.01001e-05
10 0.999934 6.58374e-05
10 1 1e-07
10 0.999991 9.24185e-06
10 0.999849 0.000150802
10 1 1e-07
10 1 1e-07
10 1 1e-07
10 0.999674 0.000326144
10 1 1e-07
7 5.96531e-07 0.999999
10 0.999244 0.000755747
10 0.999972 2.8062e-05
10 0.999997 2.63252e-06
10 0.999924 7.56976e-05
10 1 1e-07
10 0.999943 5.71883e-05
10 1 1e-07
10 0.999986 1.35645e-05
10 1 2.32963e-07
10 1 1.40371e-07
10 0.505429 0.494571
7 5.62312e-07 0.999999
10 1 1e-07
10 1 1e-07
10 1 1e-07
10 1 1.78853e-07
7 7.36873e-05 0.999926
10 0.999976 2.36149e-05
10 1 1e-07
10 0.999912 8.8068e-05
10 0.999959 4.10402e-05
10 1 3.18189e-07
10 0.999999 1.311e-06
10 0.99571 0.00428982
10 0.998783 0.00121712
10 1 1e-07
10 0.999922 7.82665e-05
10 1 1e-07
10 0.999996 3.56384e-06
10 0.996986 0.00301436
10 0.999835 0.000164912
10 1 1e-07
10 1 1e-07
10 0.999992 8.48098e-06
10 0.999843 0.000157252
10 1 1e-07
10 1 2.43224e-07
10 1 1e-07
10 0.999937 6.29848e-05
10 0.999981 1.86836e-05
10 1 1.20737e-07
10 1 1e-07
10 0.999994 6.28619e-06
10 0.883059 0.116941
10 0.999977 2.26239e-05
10 0.999886 0.000113613
10 0.999979 2.06973e-05
10 0.999947 5.25061e-05
10 0.999996 3.55153e-06
10 0.999795 0.000205072
10 1 1.62849e-07
7 0.000622536 0.999377
10 1 3.66884e-07
10 1 1e-07
10 0.999995 5.37075e-06
10 1 1.5723e-07
10 0.999993 7.27523e-06
10 1 3.81357e-07
10 1 1e-07
10 1 2.43125e-07
7 1.48733e-05 0.999985
10 0.999902 9.76616e-05
10 0.999966 3.37332e-05
10 1 1e-07
10 0.999402 0.000598425
10 1 1e-07
10 0.999983 1.71757e-05
10 0.999874 0.000125771
10 0.999986 1.40693e-05
10 0.996642 0.00335841
10 0.999808 0.000192321
10 0.997832 0.00216815
10 1 1e-07
7 0.000135884 0.999864
10 0.99999 1.03477e-05
10 1 4.60337e-07
10 0.999998 1.56399e-06
10 1 1e-07
10 0.996029 0.00397128
10 1 1.21939e-07
7 1e-07 1
10 0.999806 0.000193891
10 1 1e-07
10 0.99293 0.00706962
10 1 4.11233e-07
7 8.65339e-06 0.999991
10 1 1e-07
10 0.999994 6.02037e-06
10 0.999523 0.000477059
10 0.999386 0.000614153
10 1 1.35389e-07
10 0.999993 6.67586e-06
10 0.999982 1.83295e-05
10 1 1e-07
10 0.998788 0.00121181
10 0.961008 0.0389919
10 0.999997 2.71682e-06
10 0.999939 6.07859e-05
10 1 1e-07
10 1 1e-07
10 0.995912 0.00408841
10 1 1.69655e-07
10 0.999948 5.1581e-05
10 0.999992 8.09137e-06
10 1 1e-07
10 1 1e-07
10 0.999987 1.33182e-05
10 0.99997 3.01354e-05
10 0.999994 5.76195e-06
10 1 1e-07
10 0.994854 0.00514642
10 1 1e-07
10 0.999999 1.28604e-06
10 0.999999 1.28564e-06
10 1 1e-07
10 0.999998 2.42964e-06
10 1 1.08269e-07
10 0.999994 5.92633e-06
10 0.99986 0.000139511
10 1 1e-07
10 1 1e-07
10 0.998675 0.00132492
10 0.999993 6.97897e-06
10 0.999931 6.89935e-05
7 1e-07 1
10 0.999999 7.83619e-07
7 3.28527e-05 0.999967
7 1.83268e-06 0.999998
10 0.999997 2.98599e-06
10 1 1e-07
10 1 1e-07
7 0.00108088 0.998919
10 0.981646 0.0183545
10 0.994903 0.00509737
10 1 1e-07
10 0.999445 0.000555123
10 1 3.39237e-07
7 1.72282e-06 0.999998
10 1 1e-07
10 1 3.11299e-07
10 0.999787 0.000212654
10 0.999949 5.09791e-05
10 1 1e-07
10 0.999996 3.59622e-06
10 0.994559 0.00544125
7 1e-07 1
7 0.00176125 0.998239
10 0.991846 0.0081544
10 0.997591 0.00240898
10 0.999996 3.78517e-06
10 1 1.44967e-07
10 1 1e-07
10 1 1e-07
10 0.999994 5.68977e-06
10 0.999999 9.12498e-07
10 0.990346 0.00965403
10 0.999735 0.000265257
10 1 1e-07
10 1 1.13302e-07
7 0.00203747 0.997963
10 0.999805 0.000194593
10 0.999993 6.54089e-06
10 1 1e-07
10 1 1e-07
7 0.000351858 0.999648
10 1 1e-07
10 1 1e-07
10 1 1e-07
10 1 4.26622e-07
10 1 1e-07
10 1 1.25547e-07
10 1 3.51434e-07
10 0.999037 0.000963076
10 1 1e-07
10 0.999837 0.000162719
10 0.999991 8.66595e-06
10 1 1e-07
7 3.82388e-07 1
10 1 1.32646e-07
10 0.999915 8.45699e-05
10 1 1.39333e-07
10 0.994524 0.00547576
10 1 2.31238e-07
10 0.999998 1.58626e-06
7 6.28672e-05 0.999937
10 1 1e-07
10 0.999991 9.03285e-06
10 0.999997 2.88336e-06
10 0.999863 0.000136891
10 0.997731 0.00226861
10 0.999999 1.03622e-06
10 1 1e-07
10 1 2.36568e-07
10 0.999066 0.000934282
10 0.99971 0.000289608
10 1 1e-07
10 0.99999 1.01162e-05
7 0.000111326 0.999889
7 7.80011e-05 0.999922
7 1e-07 1
10 0.999998 2.38455e-06
10 1 1.33478e-07
10 1 1e-07
10 0.999997 3.45493e-06
10 1 2.07543e-07
10 1 1.15559e-07
10 0.999974 2.58966e-05
10 0.99999 9.93817e-06
10 1 1e-07
10 0.999833 0.000167074
10 1 1e-07
10 1 1e-07
10 0.999988 1.19611e-05
10 0.999999 8.53603e-07
10 1 3.11309e-07
10 0.608965 0.391035
10 1 4.18914e-07
10 0.999507 0.000492675
10 1 1e-07
10 0.999583 0.000417042
10 0.999999 6.64396e-07
10 0.999996 4.1334e-06
10 0.999671 0.000329204
10 1 1e-07
10 1 1e-07
10 0.999564 0.000436006
10 1 4.4201e-07
10 1 1.17067e-07
10 1 1e-07
10 1 1e-07
10 0.999999 1.47948e-06
10 0.99983 0.000170262
10 0.999998 1.8575e-06
10 1 1e-07
10 1 1e-07
10 0.999955 4.49472e-05
10 0.892539 0.107461
10 0.999999 5.91527e-07
10 1 1e-07
10 0.999966 3.37435e-05
10 1 1e-07
10 0.999993 6.7063e-06
10 0.999976 2.38216e-05
10 1 3.22653e-07
10 1 1e-07
10 0.999995 4.72482e-06
7 1e-07 1
10 1 1e-07
10 0.999992 7.51474e-06
10 1 1e-07
10 0.999993 7.35877e-06
10 0.999992 8.22796e-06
10 0.999998 2.13443e-06
10 0.999842 0.000158379
10 0.983231 0.0167691
7 0.000377623 0.999622
10 0.999996 3.58512e-06
7 1e-07 1
10 1 1e-07
10 0.999998 2.33408e-06
10 1 1e-07
10 1 1e-07
10 1 1e-07
10 0.999996 3.59546e-06
10 0.999995 5.24204e-06
10 1 1e-07
10 1 1e-07
10 1 1e-07
10 0.999962 3.75665e-05
10 0.955609 0.0443906
10 0.999226 0.000773641
10 0.999878 0.000121506
10 1 1e-07
10 0.999992 8.3794e-06
10 1 1e-07
10 0.999724 0.000276463
10 1 1e-07
10 1 1e-07
10 1 1.78722e-07
