labels 5 7
5 0.99884 0.0011598
5 0.926081 0.0739192
5 0.848521 0.151479
5 0.999994 5.56651e-06
5 0.923795 0.0762053
5 0.885758 0.114242
7 0.220344 0.779656
7 0.00336387 0.996636
5 0.999984 1.61908e-05
5 0.999926 7.38018e-05
5 0.999876 0.000123727
5 0.887314 0.112686
7 4.47213e-05 0.999955
5 0.705963 0.294037
5 0.997869 0.00213145
5 0.998867 0.00113282
7 0.335194 0.664806
7 0.00428809 0.995712
5 0.900163 0.0998366
7 0.0253292 0.974671
5 0.726053 0.273947
5 0.88515 0.11485
7 0.00144568 0.998554
5 0.618909 0.381091
5 0.752864 0.247136
5 0.794143 0.205857
5 0.576384 0.423616
5 0.718244 0.281756
7 0.21223 0.78777
7 0.000667849 0.999332
5 0.949025 0.0509753
5 0.653926 0.346074
5 0.996505 0.00349464
7 0.0588856 0.941114
5 0.788723 0.211277
7 0.00576984 0.99423
7 0.00872134 0.991279
5 0.669814 0.330186
5 0.999994 5.9666e-06
7 9.45661e-05 0.999905
5 0.929423 0.0705771
5 0.913565 0.0864348
5 0.859186 0.140814
5 0.7853 0.2147
5 0.813349 0.186651
5 0.862471 0.137529
7 0.0307979 0.969202
5 0.85959 0.14041
7 5.08033e-05 0.999949
7 0.0652103 0.93479
7 0.00178116 0.998219
5 0.998897 0.00110302
5 0.999724 0.000276173
5 0.644724 0.355276
7 0.0111529 0.988847
7 0.0183358 0.981664
5 0.860817 0.139183
5 0.787584 0.212416
5 0.767302 0.232698
5 0.93354 0.0664605
5 0.720905 0.279095
5 0.991128 0.00887196
5 0.634347 0.365653
7 0.00325596 0.996744
5 0.9869 0.0130999
5 0.999865 0.000135081
7 0.142366 0.857634
5 0.829333 0.170667
7 0.039385 0.960615
7 0.421162 0.578838
5 0.976411 0.0235895
7 0.467729 0.532271
7 0.00886116 0.991139
7 0.231084 0.768916
7 0.116636 0.883364
5 0.9999 9.9788e-05
5 0.999053 0.00094657
7 0.269621 0.730379
5 0.824104 0.175896
5 0.87049 0.12951
5 0.759217 0.240783
5 0.885567 0.114433
5 0.99865 0.00135039
5 0.840882 0.159118
5 0.996538 0.00346222
7 0.0449924 0.955008
7 0.0732543 0.926746
5 0.900229 0.0997714
5 0.923603 0.0763969
5 0.893404 0.106596
5 0.999958 4.18558e-05
7 0.00194615 0.998054
7 0.455013 0.544987
7 0.281746 0.718254
7 0.0865963 0.913404
5 0.99992 7.99858e-05
5 0.925594 0.0744056
7 0.170449 0.829551
7 0.166162 0.833838
7 0.00379636 0.996204
5 0.751895 0.248105
7 0.000133145 0.999867
7 0.122273 0.877727
7 0.0250253 0.974975
7 0.00023973 0.99976
5 0.987033 0.012967
5 0.999964 3.56848e-05
7 0.00619211 0.993808
5 0.958095 0.0419053
5 0.712556 0.287444
5 0.840607 0.159393
7 0.258521 0.741479
7 2.35521e-06 0.999998
7 0.000398344 0.999602
7 0.000605588 0.999394
7 0.000616952 0.999383
5 0.999967 3.29876e-05
5 0.922997 0.0770035
5 0.629892 0.370108
7 0.0953094 0.904691
5 0.777704 0.222296
5 0.690688 0.309312
5 0.998031 0.00196872
5 0.528591 0.471409
5 0.66293 0.33707
7 0.00189593 0.998104
5 0.999087 0.000913124
7 0.420097 0.579903
5 0.859792 0.140208
7 0.00543848 0.994562
5 0.986672 0.0133278
5 0.583861 0.416139
5 0.985301 0.0146994
7 0.0258337 0.974166
7 0.395129 0.604871
7 0.00272264 0.997277
7 0.394116 0.605884
5 0.656948 0.343052
5 1 1e-07
7 0.000704646 0.999295
5 0.881228 0.118772
7 0.0363669 0.963633
7 0.00641351 0.993586
7 0.356804 0.643196
5 0.927035 0.0729645
7 0.0691088 0.930891
7 0.000610863 0.999389
7 0.258062 0.741938
7 0.0420274 0.957973
5 0.594776 0.405224
5 0.547568 0.452432
7 0.00118569 0.998814
7 0.101672 0.898328
5 0.66246 0.33754
7 0.0379426 0.962057
7 0.0210363 0.978964
7 0.0414475 0.958553
7 0.0520148 0.947985
5 0.999989 1.10102e-05
7 0.0012304 0.99877
5 0.999852 0.000148125
5 0.999634 0.00036555
5 0.99748 0.00251956
5 0.777062 0.222938
7 0.00177565 0.998224
7 0.409839 0.590161
7 1.47033e-05 0.999985
7 0.00269638 0.997304
5 0.820766 0.179234
5 0.999697 0.000302968
5 0.985288 0.0147116
7 0.0266132 0.973387
5 0.767071 0.232929
5 0.742226 0.257774
5 0.999619 0.000380792
5 0.999743 0.000256869
5 0.753312 0.246688
7 0.000171427 0.999829
5 0.990374 0.00962645
5 0.915066 0.0849345
5 0.995663 0.00433733
5 0.894102 0.105898
5 0.783043 0.216957
5 0.746046 0.253954
7 0.000427225 0.999573
7 0.225975 0.774025
7 0.421835 0.578165
5 0.732493 0.267507
7 0.484965 0.515035
7 0.356784 0.643216
7 0.0467805 0.953219
5 0.998747 0.00125256
7 0.00816171 0.991838
7 0.298604 0.701396
7 0.0200262 0.979974
5 0.996804 0.00319633
5 0.680991 0.319009
5 0.930497 0.0695029
5 0.77228 0.22772
5 0.787133 0.212867
5 0.999737 0.000263322
7 0.00011267 0.999887
7 0.12852 0.87148
7 0.462493 0.537507
7 0.0413806 0.958619
5 0.999132 0.000868277
5 0.644171 0.355829
7 0.100328 0.899672
5 0.800387 0.199613
7 1.04254e-06 0.999999
5 0.844453 0.155547
5 0.5569 0.4431
5 0.674127 0.325873
7 0.384116 0.615884
7 0.0235842 0.976416
7 0.0334502 0.96655
7 0.00061007 0.99939
7 0.17295 0.82705
5 0.999845 0.000155265
7 0.364104 0.635896
7 0.0111541 0.988846
5 0.997233 0.00276694
7 0.435833 0.564167
7 0.0409939 0.959006
7 0.074227 0.925773
5 0.999181 0.000819079
5 0.616063 0.383937
7 0.0177931 0.982207
7 0.00190703 0.998093
7 2.23798e-05 0.999978
7 0.0111017 0.988898
5 0.889791 0.110209
7 0.241121 0.758879
5 0.602599 0.397401
7 0.0108282 0.989172
7 0.0192469 0.980753
5 0.759106 0.240894
5 0.741534 0.258466
5 0.995633 0.00436718
5 0.803582 0.196418
7 8.05713e-06 0.999992
5 0.973804 0.0261955
5 0.980353 0.0196465
7 0.0235205 0.976479
5 0.656547 0.343453
5 0.621888 0.378112
7 0.309611 0.690389
5 0.915031 0.0849691
5 0.999443 0.000557274
7 0.0704153 0.929585
5 0.939787 0.0602129
7 0.0805466 0.919453
5 0.989056 0.0109441
7 0.0598781 0.940122
5 0.995101 0.00489859
5 0.797162 0.202838
7 0.0134056 0.986594
5 0.817307 0.182693
5 0.793066 0.206934
7 2.68002e-05 0.999973
5 0.811134 0.188866
5 0.782798 0.217202
7 0.450095 0.549905
5 0.653381 0.346619
5 0.992239 0.00776104
5 0.896262 0.103738
5 0.99978 0.000220246
7 0.178229 0.821771
7 0.0468418 0.953158
5 0.965613 0.0343868
7 0.0388521 0.961148
7 0.0376008 0.962399
7 0.0204503 0.97955
5 0.614256 0.385744
7 1.8409e-05 0.999982
5 0.921667 0.0783326
5 0.837632 0.162368
7 0.114282 0.885718
7 0.0808248 0.919175
5 0.999447 0.000553082
7 0.0635399 0.93646
7 7.20147e-05 0.999928
7 0.0297962 0.970204
7 0.028057 0.971943
5 0.928117 0.0718829
5 0.685745 0.314255
7 5.17367e-05 0.999948
5 0.965183 0.0348167
7 0.467846 0.532154
7 0.107182 0.892818
7 0.0839122 0.916088
7 4.78366e-05 0.999952
5 0.836076 0.163924
7 0.00873234 0.991268
5 0.620749 0.379251
5 0.999998 2.38629e-06
5 0.728537 0.271463
5 1 1e-07
5 0.813139 0.186861
7 0.345305 0.654695
5 0.999941 5.88635e-05
5 0.999856 0.000143911
5 0.545808 0.454192
5 0.934918 0.0650823
7 0.164664 0.835336
5 0.841261 0.158739
7 2.56125e-05 0.999974
5 0.733514 0.266486
5 0.999833 0.000167127
7 0.173815 0.826185
5 0.78258 0.21742
5 0.847472 0.152528
5 0.526729 0.473271
5 0.956653 0.0433472
7 0.0001641 0.999836
5 0.858161 0.141839
7 0.387924 0.612076
5 0.997162 0.0028381
5 0.992137 0.00786325
7 0.0117912 0.988209
5 0.722283 0.277717
5 0.873672 0.126328
7 8.55795e-05 0.999914
5 0.999804 0.0001958
5 0.962264 0.0377356
7 0.000718512 0.999281
7 8.83717e-05 0.999912
5 0.999825 0.000174801
5 0.689995 0.310005
5 0.812156 0.187844
7 0.363459 0.636541
7 0.0613764 0.938624
7 0.000530066 0.99947
7 0.0217469 0.978253
5 0.917166 0.0828344
5 0.631067 0.368933
5 0.998956 0.00104435
5 0.997412 0.00258793
7 2.54024e-06 0.999997
7 2.53061e-05 0.999975
5 0.999697 0.000303468
7 0.254215 0.745785
5 0.655462 0.344538
5 0.940588 0.0594117
7 0.122346 0.877654
5 0.992408 0.00759225
7 1e-07 1
7 0.233121 0.766879
5 0.915397 0.0846027
5 0.922736 0.0772642
5 0.726961 0.273039
7 0.00479895 0.995201
5 0.999794 0.000206126
5 0.998253 0.00174717
7 0.0211615 0.978839
5 0.999847 0.000153444
5 0.990329 0.00967067
7 0.00213501 0.997865
5 0.999929 7.09027e-05
7 0.18749 0.81251
5 0.77013 0.22987
7 0.0424034 0.957597
7 0.207627 0.792373
7 0.0745263 0.925474
5 0.998889 0.0011109
7 1.82915e-05 0.999982
7 0.00124632 0.998754
7 0.00153328 0.998467
5 0.617183 0.382817
5 0.968071 0.0319286
7 0.4704 0.5296
5 0.705292 0.294708
7 0.000927155 0.999073
7 0.00487681 0.995123
7 0.0343278 0.965672
5 0.821456 0.178544
7 0.237463 0.762537
5 0.905363 0.0946372
5 0.765461 0.234539
5 0.999902 9.80515e-05
7 0.00269009 0.99731
7 0.0238194 0.976181
5 0.999817 0.000183499
7 3.05128e-05 0.999969
7 0.0450678 0.954932
5 0.879565 0.120435
5 0.501604 0.498396
5 0.782763 0.217237
7 0.00473468 0.995265
7 0.0734407 0.926559
5 0.850293 0.149707
7 0.00237791 0.997622
7 0.0520111 0.947989
5 0.988374 0.011626
7 0.0396195 0.960381
7 1e-07 1
5 0.748543 0.251457
5 0.579888 0.420112
5 0.749888 0.250112
7 0.00046822 0.999532
5 0.619701 0.380299
7 0.174271 0.825729
7 0.00255029 0.99745
5 0.999815 0.000184681
5 0.996632 0.00336766
5 0.748235 0.251765
5 0.989956 0.010044
7 0.00297134 0.997029
7 4.24597e-06 0.999996
5 0.873071 0.126929
7 0.00492882 0.995071
5 0.979419 0.0205815
7 0.0301377 0.969862
7 9.10778e-05 0.999909
5 0.999764 0.000236018
5 0.999872 0.000127868
5 0.808061 0.191939
7 0.0387029 0.961297
7 0.452959 0.547041
5 0.999679 0.00032057
7 1.9595e-05 0.99998
7 0.290764 0.709236
5 0.921703 0.0782972
7 0.237466 0.762534
7 0.264421 0.735579
5 0.999727 0.000272585
5 0.722064 0.277936
5 0.786284 0.213716
5 0.997777 0.00222265
5 0.788133 0.211867
7 0.0408775 0.959122
5 0.999628 0.000371915
7 1e-07 1
5 0.997918 0.00208236
5 0.982036 0.0179639
5 0.999853 0.000147213
7 0.0288415 0.971158
5 0.952205 0.0477949
7 0.288276 0.711724
5 0.70176 0.29824
5 0.928214 0.0717857
5 0.998833 0.0011671
7 0.302363 0.697637
5 0.525991 0.474009
7 0.0296786 0.970321
7 0.000301734 0.999698
5 0.731074 0.268926
5 0.999618 0.000381983
7 0.0214161 0.978584
7 0.480644 0.519356
5 0.997434 0.00256605
5 0.978319 0.0216806
5 0.684227 0.315773
7 0.118792 0.881208
7 0.00258216 0.997418
5 0.554673 0.445327
5 0.634351 0.365649
5 0.791078 0.208922
7 0.0811847 0.918815
5 0.999967 3.3035e-05
5 0.832715 0.167285
5 0.528282 0.471718
7 0.00123194 0.998768
7 0.44081 0.55919
7 0.000143349 0.999857
5 0.83101 0.16899
5 0.594945 0.405055
5 0.844183 0.155817
5 0.549448 0.450552
5 0.899349 0.100651
7 0.0480876 0.951912
7 0.00500616 0.994994
5 0.944068 0.0559323
5 0.999868 0.000132398
5 0.847718 0.152282
5 0.925386 0.0746143
7 0.0876599 0.91234
5 0.956754 0.0432464
7 0.0734091 0.926591
5 0.888337 0.111663
5 0.701711 0.298289
7 0.00213916 0.997861
7 1.85354e-05 0.999981
7 0.16846 0.83154
5 0.934343 0.0656568
5 0.956275 0.0437248
5 0.999965 3.47832e-05
7 8.6362e-07 0.999999
5 0.836581 0.163419
5 0.999603 0.000397136
7 7.01452e-05 0.99993
5 0.99966 0.000340341
5 0.999788 0.000212281
5 0.838144 0.161856
5 0.823711 0.176289
7 0.00146341 0.998537
7 0.100695 0.899305
7 0.0613657 0.938634
5 0.999975 2.48371e-05
7 0.413486 0.586514
5 0.999974 2.64477e-05
5 0.999996 3.67847e-06
5 0.878625 0.121375
5 0.947869 0.0521315
7 0.246514 0.753486
5 0.547735 0.452265
7 0.0536955 0.946304
5 0.514156 0.485844
5 0.999863 0.000136629
5 0.7977 0.2023
7 4.12543e-05 0.999959
7 0.127501 0.872499
5 0.999779 0.00022148
5 0.808317 0.191683
7 0.229774 0.770226
7 0.00764187 0.992358
7 6.34442e-05 0.999937
5 0.60134 0.39866
5 0.999986 1.42017e-05
5 0.992428 0.00757179
5 0.773007 0.226993
5 0.792521 0.207479
5 0.996552 0.00344799
5 0.708397 0.291603
7 2.011e-05 0.99998
5 0.740686 0.259314
5 0.880197 0.119803
5 0.985722 0.0142779
7 0.011155 0.988845
7 0.115747 0.884253
7 0.000462654 0.999537
7 0.124595 0.875405
7 0.0266553 0.973345
5 0.999962 3.79074e-05
7 0.00520769 0.994792
7 0.0474801 0.95252
5 0.904379 0.0956211
5 0.952965 0.0470352
5 0.54113 0.45887
5 0.999997 3.21946e-06
7 7.21506e-07 0.999999
7 0.000230577 0.999769
5 0.999284 0.000715903
7 0.201186 0.798814
5 0.980205 0.0197946
5 0.747484 0.252516
7 0.00112852 0.998871
7 0.00155697 0.998443
5 0.693889 0.306111
5 0.99969 0.000310119
5 0.63831 0.36169
5 0.984734 0.0152657
7 0.133546 0.866454
7 0.0279285 0.972072
5 0.821692 0.178308
5 0.99887 0.00112968
7 0.0697407 0.930259
7 3.59838e-05 0.999964
5 0.790724 0.209276
5 0.570907 0.429093
7 0.411259 0.588741
5 0.81287 0.18713
5 0.799593 0.200407
7 0.000504268 0.999496
5 0.999986 1.44884e-05
5 0.960794 0.0392057
5 0.582289 0.417711
5 0.997096 0.00290435
7 0.000320344 0.99968
5 0.998525 0.00147455
5 0.917167 0.0828325
7 0.287154 0.712846
5 0.945444 0.0545563
7 0.0249034 0.975097
7 0.0460331 0.953967
5 0.590684 0.409316
7 0.187336 0.812664
7 0.00819727 0.991803
7 0.309307 0.690693
5 0.999976 2.36443e-05
7 0.0191677 0.980832
7 0.0111357 0.988864
5 0.998094 0.00190576
5 0.986251 0.0137485
5 0.761936 0.238064
7 0.146103 0.853897
5 0.696623 0.303377
5 0.976337 0.0236634
7 0.00887617 0.991124
7 0.00608725 0.993913
5 0.737805 0.262195
5 0.998492 0.00150817
5 0.588308 0.411692
5 0.918427 0.081573
5 0.999995 5.00571e-06
5 0.547277 0.452723
7 0.179117 0.820883
5 0.997389 0.00261076
5 0.999362 0.000638221
5 0.965073 0.0349266
5 0.510456 0.489544
7 1.56705e-05 0.999984
5 0.924816 0.0751839
5 0.966555 0.0334454
7 0.0422206 0.957779
5 0.881951 0.118049
5 0.95805 0.0419503
5 0.688647 0.311353
7 0.333399 0.666601
5 0.72782 0.27218
5 0.616878 0.383122
5 0.577135 0.422865
7 8.44812e-05 0.999916
7 0.384356 0.615644
5 0.717072 0.282928
7 2.93749e-06 0.999997
7 0.0155658 0.984434
7 0.0132618 0.986738
5 0.892073 0.107927
5 0.860244 0.139756
5 0.962992 0.0370085
5 0.99501 0.00498966
5 0.995077 0.00492314
5 0.918897 0.0811033
7 0.0134925 0.986508
5 0.553714 0.446286
5 0.709663 0.290337
5 0.870409 0.129591
5 0.891366 0.108634
7 1.3801e-05 0.999986
7 0.0132302 0.98677
5 0.898727 0.101273
5 0.999229 0.000771461
5 0.772054 0.227946
7 0.00794526 0.992055
5 0.98313 0.01687
5 0.554656 0.445344
7 0.00568067 0.994319
7 7.42751e-05 0.999926
5 0.633648 0.366352
5 0.859964 0.140036
7 0.235913 0.764087
7 0.0248245 0.975176
7 0.456077 0.543923
7 0.0224408 0.977559
7 0.000360305 0.99964
7 0.418598 0.581402
7 0.000798314 0.999202
7 0.157629 0.842371
7 0.000117683 0.999882
5 0.9994 0.000600041
7 0.328845 0.671155
5 0.948652 0.0513476
7 0.111967 0.888033
5 0.997239 0.0027608
5 0.996716 0.00328413
5 0.578806 0.421194
7 0.00604218 0.993958
5 0.999779 0.000220715
7 9.77106e-05 0.999902
5 0.773241 0.226759
7 0.000412406 0.999588
5 0.817941 0.182059
5 0.99869 0.00130981
5 0.956965 0.0430351
5 0.894171 0.105829
5 0.775062 0.224938
7 0.000109612 0.99989
5 0.642243 0.357757
5 0.828145 0.171855
7 4.04548e-06 0.999996
7 0.0642843 0.935716
5 0.878941 0.121059
7 0.170649 0.829351
5 0.816001 0.183999
7 2.74272e-05 0.999973
5 0.829151 0.170849
7 0.0152524 0.984748
5 0.999074 0.000925832
5 0.986544 0.0134559
7 0.118473 0.881527
5 0.759539 0.240461
7 3.57699e-05 0.999964
7 0.00473796 0.995262
5 0.913461 0.0865386
7 0.000994397 0.999006
7 0.000538105 0.999462
7 0.00628883 0.993711
7 0.0180536 0.981946
7 0.000226796 0.999773
5 0.591438 0.408562
7 0.0172822 0.982718
5 0.576547 0.423453
7 0.00166482 0.998335
5 0.903766 0.0962341
7 0.286971 0.713029
7 0.0797039 0.920296
5 0.890068 0.109932
7 0.0114615 0.988539
7 0.431222 0.568778
7 0.00821094 0.991789
5 0.996435 0.00356516
7 0.0291144 0.970886
7 0.162086 0.837914
5 0.999959 4.14604e-05
5 0.764646 0.235354
7 0.0715626 0.928437
7 0.0761909 0.923809
5 0.999898 0.000102427
7 2.6449e-06 0.999997
5 0.675416 0.324584
5 0.996712 0.0032883
5 0.999938 6.18672e-05
7 0.054493 0.945507
5 0.998818 0.00118211
7 0.0340429 0.965957
7 0.355 0.645
5 0.977513 0.0224869
7 0.361785 0.638215
5 0.568778 0.431222
5 0.997579 0.00242113
5 0.861328 0.138672
5 0.997241 0.00275901
7 0.14761 0.85239
5 0.999645 0.000354836
5 0.890089 0.109911
7 0.286429 0.713571
7 0.0241517 0.975848
5 0.556566 0.443434
5 0.999461 0.000539465
5 0.723134 0.276866
7 0.000767206 0.999233
7 0.0464365 0.953564
5 0.999982 1.75304e-05
7 0.0642239 0.935776
7 0.00287029 0.99713
7 0.0489511 0.951049
5 0.816186 0.183814
7 0.000366106 0.999634
5 0.783352 0.216648
5 0.680073 0.319927
7 0.114082 0.885918
5 0.999871 0.000129315
7 1.795e-05 0.999982
5 0.939951 0.0600491
7 0.0976532 0.902347
5 0.815907 0.184093
5 0.999827 0.000173471
7 0.000100541 0.999899
5 0.996753 0.00324738
5 0.795951 0.204049
7 0.0236392 0.976361
5 0.99715 0.00284991
7 0.368875 0.631125
5 0.864131 0.135869
7 0.445366 0.554634
7 0.319275 0.680725
7 4.33037e-05 0.999957
5 0.913696 0.0863036
7 0.152644 0.847356
5 0.999098 0.000901813
5 0.673063 0.326937
7 0.00904474 0.990955
5 0.973433 0.0265669
5 0.877702 0.122298
5 0.805983 0.194017
5 0.812237 0.187763
5 0.999345 0.000655268
5 0.970458 0.029542
5 0.545407 0.454593
5 0.629206 0.370794
5 0.999976 2.35184e-05
5 0.87806 0.12194
7 0.0147725 0.985228
7 0.0023785 0.997622
7 0.00832535 0.991675
5 0.5262 0.4738
7 0.456048 0.543952
5 0.999772 0.000228445
5 0.999473 0.00052734
5 0.778286 0.221714
5 0.910292 0.0897084
5 0.968025 0.0319749
7 0.00757884 0.992421
5 0.734328 0.265672
7 0.000462567 0.999537
5 0.999862 0.00013805
7 0.133222 0.866778
5 0.928729 0.0712707
7 0.0198251 0.980175
5 0.696054 0.303946
5 0.704355 0.295645
5 0.814968 0.185032
5 0.553003 0.446997
7 0.0142831 0.985717
7 0.16677 0.83323
7 0.279182 0.720818
7 0.0254759 0.974524
5 0.971035 0.0289649
5 0.992999 0.00700131
5 0.999896 0.000103565
5 0.999983 1.67656e-05
5 0.767658 0.232342
5 0.984573 0.0154273
5 0.782931 0.217069
7 0.24206 0.75794
7 0.294832 0.705168
5 0.999719 0.000280531
7 0.476377 0.523623
5 0.999709 0.000290637
7 2.81315e-06 0.999997
5 0.768105 0.231895
5 0.994372 0.00562778
7 0.180409 0.819591
7 0.274083 0.725917
5 0.999625 0.000375455
5 0.96533 0.0346703
5 0.672199 0.327801
5 0.999961 3.8607e-05
5 0.774975 0.225025
7 0.0128353 0.987165
5 0.983549 0.0164505
5 0.806514 0.193486
5 0.662586 0.337414
5 0.999731 0.000269496
7 0.0981144 0.901886
5 0.999401 0.000598767
7 0.00434748 0.995653
5 0.996821 0.00317858
5 0.999287 0.000713126
7 0.0395326 0.960467
7 0.0872406 0.912759
7 0.0520722 0.947928
7 0.0800962 0.919904
5 0.862388 0.137612
7 3.03227e-05 0.99997
5 0.899631 0.100369
5 0.998276 0.00172372
7 0.0382 0.9618
5 0.714256 0.285744
5 0.863671 0.136329
5 0.99813 0.00186958
7 0.0405127 0.959487
5 0.99865 0.00135044
5 0.998751 0.00124927
7 8.959e-05 0.99991
5 0.502189 0.497811
5 0.999951 4.86171e-05
5 0.99729 0.00271048
7 0.0153527 0.984647
5 0.999981 1.86665e-05
7 0.0681079 0.931892
7 0.428833 0.571167
5 0.516247 0.483753
5 0.999695 0.000305476
5 0.941074 0.0589259
5 0.529338 0.470662
7 0.00519986 0.9948
7 0.0511901 0.94881
5 0.834197 0.165803
7 4.52527e-05 0.999955
5 0.626322 0.373678
7 0.474404 0.525596
5 0.80518 0.19482
7 0.0308875 0.969113
5 0.513522 0.486478
7 0.00464198 0.995358
7 0.00276932 0.997231
5 0.998833 0.00116723
5 0.956418 0.0435815
7 0.35803 0.64197
5 0.871489 0.128511
5 0.797707 0.202293
5 0.999976 2.41863e-05
5 0.901809 0.0981905
7 0.408138 0.591862
7 0.275747 0.724253
7 0.0488035 0.951197
7 0.0475036 0.952496
7 0.0226593 0.977341
5 0.993589 0.00641075
5 0.999714 0.000285812
7 0.101309 0.898691
5 0.998161 0.00183878
5 0.99992 8.0088e-05
5 0.676762 0.323238
7 0.0183723 0.981628
5 0.9741 0.0258999
7 0.104608 0.895392
7 0.0330023 0.966998
7 0.0722686 0.927731
5 0.845811 0.154189
7 0.0242724 0.975728
7 0.0586852 0.941315
5 0.985505 0.014495
7 0.164191 0.835809
7 0.0560087 0.943991
5 0.667398 0.332602
5 0.993867 0.00613305
7 0.0170197 0.98298
7 0.315388 0.684612
5 0.647498 0.352502
5 0.904277 0.0957234
5 0.602697 0.397303
7 0.0908313 0.909169
5 0.934726 0.0652741
5 0.998492 0.00150836
7 0.209341 0.790659
5 0.998244 0.00175604
7 0.0757994 0.924201
5 0.973439 0.0265609
5 0.789287 0.210713
5 0.558897 0.441103
7 0.0116299 0.98837
5 0.97213 0.0278698
7 0.0121335 0.987867
7 0.374495 0.625505
7 0.0121086 0.987891
7 0.477592 0.522408
7 0.174044 0.825956
7 0.303775 0.696225
5 0.911108 0.0888918
5 0.96614 0.0338596
5 0.891155 0.108845
7 0.292573 0.707427
5 0.970838 0.0291623
5 0.750555 0.249445
5 0.680935 0.319065
5 0.635214 0.364786
7 0.149568 0.850432
7 0.111356 0.888644
5 0.678054 0.321946
5 0.875328 0.124672
7 0.0437462 0.956254
5 0.890683 0.109317
7 0.00214238 0.997858
5 0.511376 0.488624
7 0.485646 0.514354
7 0.038784 0.961216
7 0.0537805 0.946219
5 0.999515 0.000485369
5 0.953103 0.0468974
5 0.97539 0.0246103
7 0.106107 0.893893
7 0.269256 0.730744
7 0.0879072 0.912093
5 0.873231 0.126769
5 0.991514 0.0084865
7 0.354586 0.645414
5 0.899124 0.100876
5 0.999003 0.000996955
7 0.448957 0.551043
7 3.0098e-05 0.99997
7 8.05176e-05 0.999919
5 0.882915 0.117085
5 0.690661 0.309339
7 0.0395387 0.960461
5 0.807066 0.192934
5 0.998433 0.00156733
5 0.928303 0.0716972
7 0.00387347 0.996127
7 0.240704 0.759296
7 0.344617 0.655383
5 0.99996 3.9648e-05
5 0.847826 0.152174
7 0.00038249 0.999618
7 0.146353 0.853647
7 0.00180195 0.998198
7 0.0490321 0.950968
5 0.999972 2.76065e-05
7 0.0137319 0.986268
7 0.0997451 0.900255
5 0.677741 0.322259
7 0.0239389 0.976061
5 0.933258 0.0667415
7 0.00506411 0.994936
7 0.376268 0.623732
5 0.574222 0.425778
7 0.0412938 0.958706
5 0.822943 0.177057
5 0.977541 0.0224587
5 0.580841 0.419159
5 0.761881 0.238119
5 0.682891 0.317109
5 0.71046 0.28954
5 0.997086 0.00291402
7 0.39375 0.60625
7 0.0595107 0.940489
7 0.116036 0.883964
5 0.694984 0.305016
7 0.00973594 0.990264
5 0.999998 1.64576e-06
5 0.978678 0.0213217
5 0.73196 0.26804
5 0.998146 0.00185391
5 0.990376 0.00962427
7 0.462193 0.537807
5 0.790862 0.209138
7 0.00245106 0.997549
5 0.572829 0.427171
5 0.994728 0.00527199
7 0.00744389 0.992556
5 0.715857 0.284143
5 0.822738 0.177262
5 0.942184 0.057816
5 0.981872 0.0181281
7 0.0623848 0.937615
5 0.926376 0.0736245
5 0.658929 0.341071
7 0.0141831 0.985817
7 0.0527146 0.947285
5 0.96988 0.0301202
5 0.999513 0.000486597
5 0.520778 0.479222
7 0.190015 0.809985
5 0.865931 0.134069
5 0.768922 0.231078
7 0.000623682 0.999376
7 0.031945 0.968055
5 0.784572 0.215428
5 0.994688 0.00531244
5 0.819927 0.180073
5 0.769306 0.230694
5 0.996985 0.00301458
7 0.414917 0.585083
7 0.0809076 0.919092
7 1.82634e-05 0.999982
5 0.998186 0.00181449
5 0.998237 0.00176289
7 0.00100315 0.998997
5 0.564979 0.435021
7 0.0093155 0.990684
7 0.346457 0.653543
5 0.999931 6.92136e-05
7 0.152901 0.847099
5 0.99783 0.00216976
7 0.000168629 0.999831
7 0.0187973 0.981203
5 0.726547 0.273453
7 0.00743283 0.992567
5 0.999981 1.89763e-05
5 0.678382 0.321618
5 0.545567 0.454433
7 0.420966 0.579034
5 0.774253 0.225747
7 0.0383439 0.961656
7 0.00889388 0.991106
5 0.729974 0.270026
5 0.999213 0.000787227
7 0.445953 0.554047
7 0.00482246 0.995178
5 0.999988 1.24196e-05
7 0.000241315 0.999759
7 0.0125711 0.987429
5 0.759056 0.240944
7 0.0194936 0.980506
7 2.03887e-06 0.999998
7 0.459215 0.540785
5 0.999981 1.9225e-05
5 0.999358 0.000642484
5 0.878901 0.121099
7 0.000406754 0.999593
5 0.710868 0.289132
5 0.755745 0.244255
5 0.910156 0.0898438
5 0.927405 0.0725949
5 0.842149 0.157851
7 0.00298627 0.997014
5 0.800215 0.199785
5 0.998692 0.00130752
7 0.0326871 0.967313
7 0.0186734 0.981327
7 0.435895 0.564105
5 0.780033 0.219967
5 0.999914 8.61182e-05
5 0.922917 0.0770828
5 0.998841 0.00115895
7 0.0750488 0.924951
7 0.000992756 0.999007
7 0.359662 0.640338
5 0.999105 0.000894852
7 0.0181365 0.981863
5 0.631492 0.368508
7 0.479611 0.520389
5 0.999975 2.52272e-05
5 0.999872 0.000128267
5 0.984542 0.0154585
7 9.14889e-07 0.999999
5 0.998628 0.00137155
5 0.998672 0.00132829
7 0.000556025 0.999444
7 0.0078284 0.992172
5 0.75918 0.24082
5 0.99962 0.000379566
5 0.827093 0.172907
5 0.639293 0.360707
7 0.000186255 0.999814
7 0.00793466 0.992065
7 0.0141103 0.98589
7 0.000891084 0.999109
7 0.027255 0.972745
7 1.63607e-07 1
5 0.934925 0.0650746
7 0.0336788 0.966321
5 0.8732 0.1268
7 0.0497074 0.950293
5 0.996978 0.00302205
5 0.938065 0.0619353
7 0.0835161 0.916484
5 0.962056 0.037944
5 0.999958 4.21093e-05
5 0.996538 0.0034618
5 0.984115 0.0158847
5 0.999847 0.00015287
7 0.0182269 0.981773
5 0.660793 0.339207
5 0.874626 0.125374
7 0.0337883 0.966212
7 0.0109424 0.989058
5 0.990116 0.00988437
7 0.0029172 0.997083
5 0.571712 0.428288
5 0.885321 0.114679
7 0.142774 0.857226
5 0.861498 0.138502
7 4.51535e-06 0.999995
5 0.983733 0.0162666
7 0.0114472 0.988553
7 0.00234514 0.997655
5 0.907889 0.0921107
5 0.993688 0.0063118
7 0.151835 0.848165
7 0.0247881 0.975212
7 0.026646 0.973354
5 0.954211 0.0457885
5 0.999972 2.84792e-05
5 0.898213 0.101787
5 0.90362 0.0963798
5 0.997121 0.00287859
5 0.890398 0.109602
5 0.574091 0.425909
7 0.236268 0.763732
7 0.0355727 0.964427
7 0.389726 0.610274
5 0.805834 0.194166
5 0.999728 0.000271954
7 0.000286761 0.999713
7 0.00117305 0.998827
7 0.000648031 0.999352
5 0.878491 0.121509
5 0.996604 0.00339612
7 7.53304e-06 0.999992
7 0.488281 0.511719
5 0.713314 0.286686
5 0.935959 0.0640415
5 0.796997 0.203003
5 0.754387 0.245613
7 0.008543 0.991457
5 0.652045 0.347955
5 0.982327 0.017673
5 0.620733 0.379267
7 0.235087 0.764913
5 0.648853 0.351147
5 0.947515 0.0524854
7 0.00310053 0.996899
7 0.173165 0.826835
7 0.0467543 0.953246
5 0.731068 0.268932
5 0.656761 0.343239
5 0.551078 0.448922
5 0.981012 0.0189884
5 0.997781 0.00221934
7 0.0233892 0.976611
5 0.970961 0.0290394
7 0.183605 0.816395
5 0.967708 0.0322916
5 0.999978 2.22159e-05
5 0.566455 0.433545
7 0.0533804 0.94662
7 0.000200927 0.999799
7 0.000503472 0.999497
7 0.0558448 0.944155
7 0.066434 0.933566
7 0.0844354 0.915565
7 2.46585e-05 0.999975
5 0.714047 0.285953
5 0.993522 0.00647776
7 0.437915 0.562085
7 0.0293033 0.970697
7 0.30205 0.69795
7 0.0579337 0.942066
5 0.777857 0.222143
7 0.00989622 0.990104
7 0.388658 0.611342
7 0.000163232 0.999837
7 0.0486878 0.951312
5 0.946211 0.0537893
5 0.75559 0.24441
5 0.921989 0.0780112
5 0.937878 0.0621221
5 0.745631 0.254369
5 0.993608 0.00639156
7 1.09978e-05 0.999989
7 0.0537025 0.946297
7 0.00718005 0.99282
7 0.427865 0.572135
5 0.972595 0.0274055
5 0.999537 0.000462697
7 2.88499e-06 0.999997
7 0.0662655 0.933735
7 0.0375931 0.962407
5 0.997024 0.00297553
7 0.425242 0.574758
5 0.611458 0.388542
7 0.0276408 0.972359
5 0.985522 0.0144779
5 0.999897 0.000103294
7 0.0977386 0.902261
5 0.879574 0.120426
5 0.672063 0.327937
5 0.995209 0.00479138
7 0.0641375 0.935862
7 2.21876e-06 0.999998
5 0.835624 0.164376
7 7.07088e-07 0.999999
5 0.888428 0.111572
7 0.0349249 0.965075
5 0.635592 0.364408
5 0.541887 0.458113
7 6.06525e-06 0.999994
5 0.754818 0.245182
7 0.300662 0.699338
5 0.739631 0.260369
7 0.0130871 0.986913
5 0.636554 0.363446
5 0.999943 5.66445e-05
7 0.0697475 0.930253
5 0.999701 0.000298909
5 0.635697 0.364303
5 0.999391 0.000608613
7 0.0181169 0.981883
7 0.0266964 0.973304
7 0.0123322 0.987668
7 0.0758687 0.924131
5 0.995162 0.00483797
5 0.771565 0.228435
7 0.0282078 0.971792
7 0.181094 0.818906
5 0.873219 0.126781
5 0.956364 0.043636
5 0.997815 0.00218522
5 0.759565 0.240435
7 0.0251014 0.974899
5 0.877798 0.122202
5 0.591733 0.408267
7 0.000403237 0.999597
7 6.48301e-07 0.999999
7 0.0307277 0.969272
5 0.991701 0.00829874
7 0.141336 0.858664
5 0.999958 4.15978e-05
7 0.000101428 0.999899
7 0.0400888 0.959911
5 0.948 0.0519997
5 0.603446 0.396554
5 0.997657 0.00234332
7 0.03046 0.96954
5 0.879461 0.120539
5 0.865992 0.134008
5 0.999694 0.000305714
7 0.0521849 0.947815
5 0.89004 0.10996
5 0.999278 0.00072161
5 0.713481 0.286519
5 0.999747 0.000253429
7 0.190881 0.809119
7 5.99256e-06 0.999994
5 0.917902 0.0820983
5 0.872628 0.127372
5 0.907698 0.0923025
7 0.465854 0.534146
7 0.00231681 0.997683
5 0.751281 0.248719
5 0.868082 0.131918
5 0.584035 0.415965
7 0.0297248 0.970275
5 0.736827 0.263173
5 0.924249 0.0757508
5 0.787607 0.212393
7 0.000214434 0.999786
5 0.841027 0.158973
7 0.348242 0.651758
5 0.940591 0.0594095
5 0.75382 0.24618
7 0.116239 0.883761
5 0.60459 0.39541
5 0.944073 0.0559268
7 0.000508182 0.999492
5 0.658232 0.341768
7 9.83196e-05 0.999902
5 0.999863 0.000137201
5 0.672372 0.327628
7 0.000422394 0.999578
7 0.00109019 0.99891
7 0.00235827 0.997642
5 0.858565 0.141435
7 3.78708e-06 0.999996
5 0.999979 2.14727e-05
5 0.995676 0.00432405
5 0.897873 0.102127
5 0.941737 0.0582632
7 0.00141197 0.998588
7 0.206751 0.793249
5 0.568056 0.431944
5 0.647956 0.352044
7 0.0264744 0.973526
7 0.0833016 0.916698
7 0.480852 0.519148
7 0.000732768 0.999267
5 0.999804 0.000195868
5 0.993887 0.00611341
5 0.809428 0.190572
5 0.999972 2.81635e-05
7 0.061015 0.938985
5 0.755606 0.244394
5 0.997491 0.00250866
5 0.799499 0.200501
7 0.0375548 0.962445
5 0.822565 0.177435
7 0.0177804 0.98222
7 0.0119002 0.9881
5 0.619271 0.380729
5 0.999209 0.000791426
7 0.492 0.508
5 0.995432 0.00456791
7 0.0653397 0.93466
7 0.0837008 0.916299
7 8.3937e-06 0.999992
5 0.999934 6.63373e-05
5 0.99985 0.000149867
5 0.996831 0.00316888
7 0.0570831 0.942917
7 0.0136598 0.98634
7 0.0182598 0.98174
7 0.476104 0.523896
5 0.581384 0.418616
7 0.000509967 0.99949
5 0.63174 0.36826
5 0.97863 0.0213702
5 0.78321 0.21679
7 0.0340039 0.965996
5 0.995953 0.00404737
5 0.996659 0.00334078
5 0.953469 0.0465307
5 0.999272 0.000728254
7 9.60251e-07 0.999999
7 0.0115841 0.988416
7 0.20942 0.79058
7 0.420786 0.579214
5 0.996227 0.00377281
5 0.930868 0.0691322
7 0.0268088 0.973191
5 0.594597 0.405403
5 0.997286 0.0027137
7 0.0290026 0.970997
7 0.0166481 0.983352
7 0.250451 0.749549
7 0.138668 0.861332
7 0.313548 0.686452
5 0.756723 0.243277
5 0.557464 0.442536
7 1.31848e-05 0.999987
7 0.227596 0.772404
7 0.104123 0.895877
5 0.751372 0.248628
7 0.0170609 0.982939
7 0.00330747 0.996693
5 0.999822 0.000177711
5 0.906384 0.093616
5 0.74227 0.25773
7 0.00748014 0.99252
5 0.897516 0.102484
7 0.000408552 0.999591
7 0.201655 0.798345
5 0.8469 0.1531
7 0.0143861 0.985614
5 0.76297 0.23703
7 0.22956 0.77044
5 0.999986 1.44246e-05
7 0.000503799 0.999496
5 0.977075 0.0229248
7 0.00198902 0.998011
5 0.691641 0.308359
5 0.999339 0.000661137
5 0.852693 0.147307
7 0.491416 0.508584
7 0.0474503 0.95255
7 0.103234 0.896766
5 0.765008 0.234992
7 0.00164787 0.998352
7 2.22668e-05 0.999978
5 0.76521 0.23479
7 0.212428 0.787572
5 0.989533 0.010467
7 0.0238806 0.976119
7 0.0243289 0.975671
5 0.991392 0.00860754
7 0.0984939 0.901506
7 0.396877 0.603123
5 0.999924 7.62155e-05
5 0.999048 0.000951962
5 0.980562 0.0194382
5 0.977779 0.0222214
7 0.0251928 0.974807
5 0.999532 0.000468357
7 0.00124458 0.998755
5 0.992656 0.00734401
7 0.0309757 0.969024
7 0.371842 0.628158
7 0.372202 0.627798
7 0.160654 0.839346
7 0.0705282 0.929472
5 0.99986 0.000140425
5 0.811017 0.188983
5 0.608225 0.391775
5 0.988424 0.0115761
7 0.343011 0.656989
7 6.61251e-05 0.999934
7 0.108576 0.891424
5 0.998637 0.00136343
5 0.999851 0.00014904
7 0.0101926 0.989807
5 0.904686 0.0953145
5 0.989415 0.0105849
5 0.888027 0.111973
5 0.775408 0.224592
7 0.0802838 0.919716
5 0.796499 0.203501
7 3.53306e-05 0.999965
5 0.901887 0.0981132
5 0.542968 0.457032
7 0.23878 0.76122
5 0.994061 0.00593916
7 0.0409602 0.95904
5 0.982231 0.0177693
5 0.564519 0.435481
5 0.907158 0.0928422
5 0.688016 0.311984
7 0.102911 0.897089
5 0.991977 0.00802254
5 0.99998 2.0137e-05
7 0.0270645 0.972935
7 0.351177 0.648823
7 0.000326277 0.999674
7 0.086659 0.913341
5 0.521632 0.478368
7 0.0424005 0.9576
5 0.746601 0.253399
5 0.832041 0.167959
7 0.038779 0.961221
5 0.739329 0.260671
5 0.999999 1.04959e-06
5 0.99976 0.000239691
5 0.799131 0.200869
7 0.0986626 0.901337
7 0.226649 0.773351
5 0.880285 0.119715
5 0.968066 0.0319341
5 0.997976 0.00202424
5 0.746239 0.253761
7 0.143748 0.856252
7 0.0260573 0.973943
7 0.072631 0.927369
7 0.0638439 0.936156
7 0.00382494 0.996175
7 0.0296966 0.970303
5 0.995487 0.00451288
5 0.999968 3.24806e-05
7 0.1591 0.8409
5 0.666331 0.333669
5 0.61696 0.38304
5 0.844499 0.155501
7 0.319468 0.680532
5 0.996628 0.00337187
7 0.0162043 0.983796
5 0.70442 0.29558
7 0.246304 0.753696
5 0.999198 0.000801786
5 0.91402 0.0859797
7 0.000242233 0.999758
7 0.101091 0.898909
5 0.741186 0.258814
7 0.000215869 0.999784
5 0.928632 0.0713677
7 0.0622563 0.937744
7 0.493138 0.506862
5 0.720938 0.279062
5 0.588416 0.411584
5 0.692621 0.307379
7 0.0505311 0.949469
5 0.999986 1.42167e-05
5 0.662383 0.337617
5 0.803225 0.196775
7 0.0233601 0.97664
5 0.91905 0.0809499
7 9.88911e-06 0.99999
7 0.0375694 0.962431
5 0.999995 5.25057e-06
7 1.71388e-07 1
7 0.463976 0.536024
7 0.0748344 0.925166
5 0.997247 0.00275334
5 0.917007 0.0829934
7 0.017897 0.982103
7 0.30144 0.69856
5 0.999971 2.89281e-05
5 0.999829 0.000171009
7 0.366256 0.633744
7 0.448603 0.551397
7 0.000222204 0.999778
7 1.45784e-05 0.999985
5 0.556058 0.443942
7 0.00284871 0.997151
5 0.891775 0.108225
7 0.0295557 0.970444
5 0.7392 0.2608
5 0.999586 0.000414189
5 0.99641 0.00359004
5 0.992512 0.00748836
7 0.0607299 0.93927
7 0.329598 0.670402
7 5.57835e-05 0.999944
7 0.409761 0.590239
5 0.76591 0.23409
5 0.980862 0.0191377
7 0.0493349 0.950665
5 0.734282 0.265718
5 0.925641 0.0743588
5 0.794782 0.205218
7 0.0472131 0.952787
5 0.999733 0.000267316
5 0.999766 0.000233582
5 0.999913 8.6594e-05
5 0.999789 0.000210656
5 0.94384 0.0561604
5 0.957557 0.0424435
7 0.000107056 0.999893
7 0.0189636 0.981036
7 0.00100586 0.998994
5 0.601123 0.398877
5 0.998967 0.00103285
7 0.0116612 0.988339
5 0.82194 0.17806
7 0.339747 0.660253
5 0.574465 0.425535
5 0.996447 0.00355342
7 0.0217262 0.978274
5 0.999761 0.000238851
5 0.999536 0.000464231
5 0.999981 1.87515e-05
5 0.554627 0.445373
5 0.991586 0.00841444
7 0.360887 0.639113
7 0.0620516 0.937948
5 0.85827 0.14173
5 0.999201 0.000798595
5 0.606442 0.393558
7 0.0111011 0.988899
7 0.0198951 0.980105
7 0.412166 0.587834
7 0.00828515 0.991715
5 0.583272 0.416728
5 0.969333 0.0306674
5 0.996694 0.00330608
7 0.07888 0.92112
7 0.00134001 0.99866
5 0.988623 0.0113766
7 8.35749e-06 0.999992
5 0.52823 0.47177
5 0.998994 0.00100605
5 0.999484 0.000516418
5 0.999957 4.27766e-05
7 0.276124 0.723876
5 0.517256 0.482744
5 0.997449 0.0025511
7 0.0231404 0.97686
7 0.205996 0.794004
5 0.995098 0.00490233
5 0.999794 0.000205681
5 0.99999 1.03436e-05
5 0.896706 0.103294
7 0.0659705 0.934029
5 0.843569 0.156431
5 0.999912 8.76411e-05
7 0.0305946 0.969405
7 0.00429172 0.995708
5 0.84017 0.15983
7 0.0256255 0.974375
5 0.89541 0.10459
5 0.793938 0.206062
7 0.413193 0.586807
5 0.688749 0.311251
5 0.9601 0.0398999
5 0.994965 0.00503508
5 0.820974 0.179026
7 6.14765e-05 0.999939
5 0.956381 0.0436189
7 0.0336259 0.966374
7 7.84175e-05 0.999922
7 0.170902 0.829098
7 0.00562251 0.994377
5 0.819444 0.180556
7 0.362558 0.637442
7 0.0359447 0.964055
7 0.162545 0.837455
5 0.56306 0.43694
7 0.213361 0.786639
5 0.999951 4.85912e-05
5 0.998975 0.00102548
5 0.704117 0.295883
5 0.835862 0.164138
5 0.995437 0.00456251
5 0.620864 0.379136
5 0.702579 0.297421
5 0.991902 0.00809795
5 0.831926 0.168074
5 0.99786 0.00213974
5 0.993087 0.00691349
7 0.0360885 0.963911
7 0.176947 0.823053
5 0.769304 0.230696
5 0.864302 0.135698
7 0.00181746 0.998183
7 0.0847664 0.915234
7 0.00456766 0.995432
5 0.772695 0.227305
7 0.0161967 0.983803
5 0.958146 0.0418544
5 0.998716 0.00128426
7 0.0222772 0.977723
7 0.105961 0.894039
5 0.785356 0.214644
7 0.00297789 0.997022
7 0.0100461 0.989954
5 0.70359 0.29641
7 0.132511 0.867489
7 0.255578 0.744422
7 0.0105099 0.98949
5 0.824636 0.175364
7 0.0498774 0.950123
7 1.87111e-06 0.999998
7 0.364643 0.635357
7 0.0105366 0.989463
7 0.0854964 0.914504
5 0.999347 0.000652579
5 0.9669 0.0330997
5 0.850205 0.149795
5 0.857276 0.142724
5 0.946812 0.0531877
7 5.72958e-06 0.999994
5 0.999734 0.000266204
7 0.22212 0.77788
5 0.730553 0.269447
7 0.0111663 0.988834
5 0.784708 0.215292
5 0.521237 0.478763
5 0.99982 0.000180308
7 0.00689887 0.993101
5 0.965589 0.0344114
5 0.868226 0.131774
5 0.861429 0.138571
7 0.0221362 0.977864
7 0.306362 0.693638
5 0.707897 0.292103
7 0.00117487 0.998825
7 0.000192783 0.999807
5 0.651446 0.348554
5 1 3.24312e-07
7 0.00339133 0.996609
5 0.996536 0.00346386
5 0.984467 0.0155334
7 0.188567 0.811433
7 5.79759e-06 0.999994
7 0.00550871 0.994491
5 0.992648 0.0073518
5 0.700712 0.299288
5 0.999929 7.08004e-05
5 0.777489 0.222511
5 0.633589 0.366411
7 0.120187 0.879813
7 0.000750767 0.999249
5 0.990507 0.00949325
5 0.611787 0.388213
5 0.681468 0.318532
5 0.710397 0.289603
7 0.00705446 0.992946
7 0.0885645 0.911436
5 0.988224 0.0117757
5 0.985012 0.0149879
7 0.0511113 0.948889
7 0.40108 0.59892
7 0.384824 0.615176
5 0.948852 0.0511481
5 0.998047 0.00195329
7 0.462159 0.537841
7 0.0957106 0.904289
7 0.00270248 0.997298
5 0.923821 0.0761792
7 0.0170294 0.982971
7 0.0309763 0.969024
7 0.00463585 0.995364
7 0.0490547 0.950945
7 5.01909e-05 0.99995
7 0.000781704 0.999218
7 0.391007 0.608993
7 0.0987208 0.901279
7 0.23006 0.76994
5 0.798886 0.201114
5 0.763777 0.236223
5 0.917935 0.0820653
7 0.0294058 0.970594
7 3.13612e-05 0.999969
7 0.001576 0.998424
7 0.0242774 0.975723
5 0.991122 0.00887794
5 0.999996 4.35086e-06
7 0.264894 0.735106
7 0.00323101 0.996769
5 0.928708 0.0712922
5 0.658223 0.341777
5 0.901707 0.0982928
5 0.928515 0.0714848
5 0.952515 0.0474848
7 0.0228347 0.977165
5 0.999996 4.32053e-06
7 0.0809928 0.919007
5 0.691257 0.308743
5 0.997348 0.002652
5 0.999921 7.85084e-05
7 0.0700737 0.929926
7 0.0794875 0.920512
7 0.0579167 0.942083
5 0.83213 0.16787
5 0.999925 7.54349e-05
7 0.492748 0.507252
7 0.390866 0.609134
7 6.4613e-05 0.999935
5 0.598036 0.401964
5 0.629127 0.370873
5 0.936236 0.0637638
5 0.992713 0.00728742
7 0.0126966 0.987303
7 0.000114929 0.999885
5 0.841671 0.158329
5 0.995692 0.00430814
7 0.29194 0.70806
5 0.725239 0.274761
5 0.628475 0.371525
7 0.152846 0.847154
7 0.387877 0.612123
7 0.121968 0.878032
5 0.841185 0.158815
5 0.986347 0.0136534
5 0.999986 1.4169e-05
7 0.0140974 0.985903
5 0.690123 0.309877
5 0.949574 0.0504264
7 0.38309 0.61691
7 6.418e-05 0.999936
7 0.000321587 0.999678
5 0.998979 0.00102096
5 0.99999 9.83657e-06
7 5.06635e-05 0.999949
5 0.999737 0.000262707
7 0.0301524 0.969848
7 0.0339738 0.966026
5 0.886981 0.113019
5 0.619229 0.380771
7 0.0149991 0.985001
5 0.991041 0.00895921
7 0.0101516 0.989848
7 0.396175 0.603825
5 0.999345 0.00065537
5 0.805498 0.194502
5 0.720188 0.279812
7 0.0158882 0.984112
5 0.99802 0.00198044
7 0.272947 0.727053
5 0.776597 0.223403
5 0.95614 0.04386
5 0.869522 0.130478
7 0.00471893 0.995281
5 0.92279 0.0772104
7 0.0954146 0.904585
5 0.737508 0.262492
7 8.17291e-06 0.999992
5 0.694781 0.305219
7 0.0139017 0.986098
7 0.00296859 0.997031
7 0.226674 0.773326
5 0.631626 0.368374
7 0.405043 0.594957
5 0.771405 0.228595
5 0.999039 0.000960748
7 7.5429e-06 0.999992
7 0.468303 0.531697
7 0.00126812 0.998732
5 0.976279 0.0237212
7 5.43003e-05 0.999946
7 0.11634 0.88366
5 0.950235 0.0497649
5 0.686321 0.313679
5 0.521128 0.478872
7 0.228224 0.771776
7 0.0136536 0.986346
7 0.364576 0.635424
5 0.825676 0.174324
7 0.0333546 0.966645
7 0.0162144 0.983786
7 0.279971 0.720029
5 0.999833 0.000167477
7 0.377685 0.622315
7 0.285065 0.714935
5 0.976485 0.0235149
5 0.853898 0.146102
7 0.0221354 0.977865
5 0.862588 0.137412
7 0.0234476 0.976552
5 0.99951 0.000489647
5 0.999892 0.000107925
7 0.233637 0.766363
5 0.871892 0.128108
7 0.000156685 0.999843
5 0.999747 0.000252895
5 0.999879 0.000121186
7 0.0900434 0.909957
5 0.740202 0.259798
5 0.561378 0.438622
5 0.555741 0.444259
5 0.87394 0.12606
5 0.622224 0.377776
5 0.894574 0.105426
7 0.365504 0.634496
7 0.274682 0.725318
5 0.999966 3.38569e-05
7 0.000158955 0.999841
7 0.0106282 0.989372
5 0.720756 0.279244
5 0.779198 0.220802
7 0.0011375 0.998863
7 0.072358 0.927642
7 0.0278689 0.972131
7 0.268975 0.731025
5 0.995639 0.00436056
5 0.773689 0.226311
5 0.960052 0.0399482
7 0.0208706 0.979129
7 0.000200901 0.999799
5 0.818436 0.181564
5 0.593764 0.406236
7 0.0442227 0.955777
5 0.583691 0.416309
5 0.984896 0.0151035
5 0.677319 0.322681
5 0.678219 0.321781
7 0.00176273 0.998237
7 0.000354437 0.999646
5 0.531566 0.468434
5 0.90058 0.0994201
5 0.813896 0.186104
7 1.4487e-07 1
5 0.884958 0.115042
5 0.962403 0.0375973
5 0.535154 0.464846
5 0.781768 0.218232
5 0.999699 0.000300543
7 0.0537392 0.946261
5 0.847423 0.152577
5 0.968825 0.0311746
5 0.999114 0.000885844
5 0.854217 0.145783
7 0.0205324 0.979468
5 0.847128 0.152872
5 0.999194 0.000806232
5 0.999998 1.88817e-06
5 0.782073 0.217927
5 0.999074 0.000926319
7 0.000536824 0.999463
7 0.00565457 0.994345
5 0.577605 0.422395
5 0.99952 0.000480395
7 0.0277685 0.972231
7 0.193571 0.806429
5 0.92664 0.0733602
5 0.993598 0.00640179
7 0.0263685 0.973631
5 0.999864 0.000136446
5 0.714527 0.285473
7 0.000101992 0.999898
5 0.691644 0.308356
7 0.0914461 0.908554
5 0.813075 0.186925
7 0.485104 0.514896
5 0.999294 0.000706026
7 0.452911 0.547089
7 0.011187 0.988813
5 0.785498 0.214502
7 0.235457 0.764543
7 0.00417713 0.995823
7 0.307725 0.692275
5 0.999275 0.00072527
5 0.609386 0.390614
7 0.244249 0.755751
5 0.999864 0.000135508
7 0.426304 0.573696
5 0.998984 0.001016
5 0.760496 0.239504
5 0.60851 0.39149
7 0.00194805 0.998052
5 0.999957 4.34353e-05
7 0.0907589 0.909241
7 0.0627234 0.937277
5 0.985443 0.0145569
7 0.0233962 0.976604
7 0.279893 0.720107
5 0.993871 0.00612856
7 0.262724 0.737276
7 0.0258971 0.974103
5 0.835131 0.164869
7 0.435458 0.564542
7 0.0035107 0.996489
7 0.0231562 0.976844
7 5.61726e-06 0.999994
5 0.994246 0.00575393
5 0.96865 0.0313496
7 0.0406463 0.959354
5 0.568436 0.431564
7 0.347754 0.652246
7 0.00621741 0.993783
7 0.0735624 0.926438
7 0.018322 0.981678
5 0.845873 0.154127
5 0.999821 0.000178963
5 0.997949 0.00205134
7 0.00019629 0.999804
5 0.785519 0.214481
7 0.0697137 0.930286
5 0.72246 0.27754
5 0.877436 0.122564
7 0.230835 0.769165
7 0.224639 0.775361
5 0.842128 0.157872
7 0.0012068 0.998793
7 0.0999187 0.900081
7 4.52665e-05 0.999955
7 0.294111 0.705889
5 0.999964 3.57818e-05
5 0.999997 2.91043e-06
7 0.10158 0.89842
7 0.289491 0.710509
7 0.224304 0.775696
7 0.0328448 0.967155
5 0.634694 0.365306
7 0.0969747 0.903025
7 0.00481381 0.995186
7 0.30766 0.69234
7 0.0491124 0.950888
7 0.403908 0.596092
5 0.983004 0.0169956
5 0.999677 0.00032279
7 0.233821 0.766179
5 0.998449 0.0015506
5 0.817659 0.182341
7 0.174167 0.825833
5 0.999453 0.000547461
5 0.993462 0.00653764
5 0.906569 0.0934305
5 0.782531 0.217469
7 0.113297 0.886703
5 0.999975 2.53266e-05
5 1 1.83234e-07
5 0.973828 0.0261722
5 0.847095 0.152905
5 0.999997 2.88357e-06
5 0.740452 0.259548
5 0.938548 0.0614523
5 0.881888 0.118112
5 0.709441 0.290559
7 0.000410826 0.999589
5 0.86689 0.13311
5 0.576269 0.423731
5 0.767657 0.232343
7 1.23497e-05 0.999988
5 0.872261 0.127739
5 0.961977 0.0380225
5 0.999924 7.57631e-05
5 0.999857 0.000142922
5 0.692308 0.307692
5 0.722243 0.277757
5 0.970365 0.0296348
5 0.60383 0.39617
5 0.989161 0.0108394
5 0.637855 0.362145
5 0.99671 0.00328986
5 0.980807 0.0191927
7 0.00771766 0.992282
7 6.53825e-06 0.999993
5 0.998401 0.00159863
7 0.000389605 0.99961
5 0.882448 0.117552
7 0.0104584 0.989542
5 0.999821 0.000179275
7 0.108345 0.891655
5 0.742568 0.257432
5 0.999581 0.000418848
7 0.022297 0.977703
5 0.999915 8.52646e-05
7 0.00274194 0.997258
5 0.934711 0.0652888
5 0.982579 0.0174209
5 0.99993 6.98047e-05
5 0.798515 0.201485
5 0.995984 0.0040161
5 0.93035 0.0696499
7 0.091431 0.908569
7 0.361505 0.638495
7 0.0459911 0.954009
7 0.0296 0.9704
5 0.899441 0.100559
5 0.823455 0.176545
5 0.999486 0.000514033
7 0.0370466 0.962953
5 0.788117 0.211883
5 0.999245 0.000755201
5 0.758789 0.241211
5 0.999748 0.000251954
7 0.0235547 0.976445
7 0.0846386 0.915361
7 0.494086 0.505914
5 0.997493 0.00250655
7 0.273699 0.726301
5 0.731883 0.268117
7 0.000707536 0.999292
7 0.126071 0.873929
7 3.27224e-05 0.999967
5 0.999896 0.000103605
5 0.96905 0.0309504
5 0.99779 0.00221017
5 0.964034 0.0359663
5 0.705737 0.294263
5 0.998899 0.00110131
5 0.999182 0.000817894
5 0.77746 0.22254
7 0.410327 0.589673
5 0.999762 0.000237941
7 0.000213108 0.999787
5 0.846564 0.153436
7 0.0460246 0.953975
5 0.846905 0.153095
5 0.544298 0.455702
5 0.981083 0.0189174
5 0.803281 0.196719
7 0.189725 0.810275
5 0.885203 0.114797
5 0.775185 0.224815
5 0.692852 0.307148
5 0.718237 0.281763
5 0.664384 0.335616
5 0.972541 0.027459
5 0.677851 0.322149
5 0.813489 0.186511
5 0.998007 0.00199301
5 0.999672 0.000327834
5 0.549287 0.450713
5 0.843898 0.156102
7 0.0435975 0.956402
5 0.999162 0.000837584
7 7.5517e-05 0.999924
5 0.996641 0.00335879
7 0.424924 0.575076
7 0.018791 0.981209
7 0.15291 0.84709
5 0.776036 0.223964
5 0.990078 0.00992189
5 0.83674 0.16326
5 0.999843 0.000157101
5 0.569469 0.430531
7 1.07958e-06 0.999999
7 0.0282783 0.971722
5 0.995016 0.0049841
5 0.929535 0.0704655
7 0.454457 0.545543
7 0.305999 0.694001
7 0.000269276 0.999731
7 0.222121 0.777879
5 0.921144 0.0788562
5 0.756714 0.243286
7 0.384419 0.615581
5 0.988242 0.0117584
5 0.999803 0.000196778
5 0.999777 0.000222618
5 0.998719 0.00128053
5 0.999999 5.96464e-07
5 0.915027 0.0849734
5 0.945039 0.0549612
5 0.947954 0.0520463
7 0.00689303 0.993107
5 0.581821 0.418179
7 0.44423 0.55577
7 0.00867962 0.99132
5 0.994019 0.00598066
7 0.0164519 0.983548
7 0.0280821 0.971918
5 0.998776 0.00122404
5 0.99644 0.00356038
5 0.733401 0.266599
7 4.18282e-06 0.999996
7 0.000858794 0.999141
5 0.999984 1.6016e-05
5 0.901947 0.0980533
7 0.00180039 0.9982
7 0.00215304 0.997847
5 0.571973 0.428027
7 0.000671341 0.999329
5 0.516378 0.483622
5 0.997981 0.00201903
7 0.364191 0.635809
7 1.95787e-07 1
5 0.967775 0.0322255
5 0.994858 0.00514208
7 0.038308 0.961692
5 0.622316 0.377684
5 0.999508 0.000492413
7 0.29121 0.70879
7 0.369817 0.630183
5 0.902802 0.0971984
5 0.605007 0.394993
7 0.0193552 0.980645
7 0.334557 0.665443
5 0.504685 0.495315
5 0.99984 0.000160472
7 0.0912883 0.908712
5 0.682255 0.317745
5 0.999972 2.75936e-05
7 0.000270727 0.999729
5 0.504167 0.495833
5 0.997975 0.00202487
7 0.204587 0.795413
5 0.505498 0.494502
5 0.797803 0.202197
7 0.153835 0.846165
5 0.991361 0.00863923
7 0.00214725 0.997853
7 0.171557 0.828443
7 0.047098 0.952902
5 0.999625 0.000375416
5 0.650554 0.349446
5 0.809413 0.190587
7 0.0011427 0.998857
5 0.563614 0.436386
5 0.838884 0.161116
7 0.050727 0.949273
7 0.0287417 0.971258
7 0.00253141 0.997469
7 0.000124123 0.999876
7 0.00137447 0.998626
7 0.0138815 0.986119
7 0.357204 0.642796
7 0.00162879 0.998371
7 0.311299 0.688701
5 0.998735 0.00126539
5 0.505805 0.494195
5 0.998276 0.00172448
7 0.0275866 0.972413
7 4.30492e-05 0.999957
7 0.3647 0.6353
5 0.99988 0.000120369
5 0.780125 0.219875
7 0.234486 0.765514
7 7.12191e-05 0.999929
7 0.0023531 0.997647
5 0.520099 0.479901
7 0.274191 0.725809
5 0.790288 0.209712
7 0.147775 0.852225
5 0.999954 4.57043e-05
5 0.927494 0.0725065
7 0.000264264 0.999736
5 0.929467 0.0705331
5 0.998829 0.00117101
5 0.999614 0.000386146
5 0.956339 0.0436608
5 0.999976 2.4277e-05
5 0.999873 0.000127332
7 0.492603 0.507397
7 0.254268 0.745732
5 0.934058 0.0659417
7 0.00145563 0.998544
7 0.00278299 0.997217
7 0.0095365 0.990463
7 0.0110802 0.98892
7 0.0296713 0.970329
5 0.909063 0.0909366
7 0.199609 0.800391
7 0.451578 0.548422
7 0.340338 0.659662
5 0.999852 0.000147718
7 0.323805 0.676195
5 0.604605 0.395395
5 0.854614 0.145386
5 0.570241 0.429759
7 0.00202127 0.997979
7 0.0347936 0.965206
7 0.109153 0.890847
7 0.0141102 0.98589
7 0.141869 0.858131
5 0.519137 0.480863
5 0.671353 0.328647
5 0.876033 0.123967
7 6.85245e-05 0.999931
7 0.0966233 0.903377
5 0.872602 0.127398
5 0.986046 0.0139536
7 0.0292836 0.970716
5 0.860459 0.139541
5 0.777046 0.222954
5 0.620899 0.379101
5 0.89961 0.10039
7 0.0725652 0.927435
7 0.11405 0.88595
5 0.999955 4.51208e-05
7 0.0870512 0.912949
7 0.00031159 0.999688
5 0.690726 0.309274
5 0.701422 0.298578
5 0.999959 4.09829e-05
5 0.880943 0.119057
5 0.999864 0.000136475
5 0.99852 0.00148031
7 0.00112033 0.99888
7 0.0209612 0.979039
5 0.752954 0.247046
5 0.577711 0.422289
5 0.802904 0.197096
7 0.00791093 0.992089
5 0.792406 0.207594
5 0.999937 6.31767e-05
7 0.0458116 0.954188
7 0.143589 0.856411
7 0.0734262 0.926574
5 0.999997 3.0945e-06
5 0.825857 0.174143
7 0.00425388 0.995746
5 0.782163 0.217837
5 0.835131 0.164869
5 0.71492 0.28508
7 0.0629599 0.93704
7 0.0196639 0.980336
7 0.133666 0.866334
5 0.629827 0.370173
5 0.806937 0.193063
5 0.931825 0.068175
5 0.613227 0.386773
5 0.942803 0.0571974
5 0.968208 0.0317918
5 0.999853 0.000146602
7 0.0390413 0.960959
7 0.038408 0.961592
5 0.999421 0.00057888
5 0.808027 0.191973
7 0.331625 0.668375
7 0.0148965 0.985104
7 0.0006113 0.999389
5 0.999519 0.000481135
5 0.998206 0.00179434
5 0.999028 0.000972061
5 0.999997 2.91593e-06
5 0.996424 0.00357557
5 0.999994 5.98608e-06
7 0.0955937 0.904406
5 0.87699 0.12301
7 0.0446954 0.955305
5 0.999725 0.000275376
7 0.200948 0.799052
7 0.0685165 0.931484
7 5.26533e-05 0.999947
5 0.681175 0.318825
7 1.44165e-05 0.999986
5 0.96908 0.0309195
5 0.966257 0.0337434
7 0.000788587 0.999211
5 0.701865 0.298135
5 0.832396 0.167604
7 0.0391806 0.960819
7 0.154571 0.845429
5 0.995933 0.00406742
7 0.492105 0.507895
7 0.456238 0.543762
7 0.00091898 0.999081
5 0.723846 0.276154
7 0.457246 0.542754
5 0.836996 0.163004
7 0.00446098 0.995539
7 0.00558648 0.994414
5 0.609308 0.390692
5 0.996857 0.00314284
7 0.0739276 0.926072
7 0.0475855 0.952414
5 0.985626 0.0143735
7 0.0206803 0.97932
5 0.901939 0.0980608
5 0.999501 0.000499488
5 0.999984 1.61558e-05
7 0.0330878 0.966912
5 0.743941 0.256059
5 0.745411 0.254589
7 0.0791082 0.920892
7 0.0203243 0.979676
7 0.490576 0.509424
7 0.0428236 0.957176
7 0.00148351 0.998516
5 0.591814 0.408186
5 0.998816 0.001184
7 0.415983 0.584017
7 0.0713423 0.928658
5 0.936747 0.0632533
5 0.604584 0.395416
5 0.999958 4.20337e-05
7 0.0536412 0.946359
5 0.861403 0.138597
5 0.782162 0.217838
7 0.207722 0.792278
5 0.999955 4.4596e-05
7 0.0062148 0.993785
7 0.0624938 0.937506
7 0.0472857 0.952714
5 0.999692 0.000308464
7 0.000663287 0.999337
5 0.546752 0.453248
5 0.866881 0.133119
5 0.99257 0.00743023
7 0.0189746 0.981025
7 0.272083 0.727917
5 0.988432 0.0115676
5 0.939036 0.0609638
5 0.95318 0.0468201
5 0.998755 0.00124484
7 0.00181291 0.998187
7 0.034036 0.965964
5 0.803032 0.196968
7 0.0464545 0.953546
5 0.999832 0.000168258
5 0.999074 0.000926288
5 0.999478 0.000522089
5 0.999997 2.78941e-06
7 0.045992 0.954008
7 7.71797e-05 0.999923
7 8.57234e-05 0.999914
5 0.999828 0.000171941
5 0.815439 0.184561
7 0.433463 0.566537
5 0.999677 0.000323427
7 0.000129456 0.999871
7 0.0066516 0.993348
5 0.998359 0.00164071
5 0.795322 0.204678
5 0.98324 0.0167597
7 0.0603241 0.939676
5 0.570911 0.429089
7 0.0162789 0.983721
5 0.999538 0.000462078
7 0.0592968 0.940703
7 0.306284 0.693716
5 0.999926 7.36269e-05
5 0.999906 9.41615e-05
7 0.0781695 0.92183
7 0.191072 0.808928
7 0.281368 0.718632
5 0.998894 0.00110645
5 0.946299 0.0537014
5 0.591016 0.408984
7 0.179808 0.820192
7 0.0802144 0.919786
5 0.998331 0.0016686
5 0.652667 0.347333
7 0.0401157 0.959884
5 0.999682 0.000318336
5 0.999515 0.000484609
7 0.213359 0.786641
5 0.999982 1.78911e-05
7 0.280781 0.719219
7 0.000909265 0.999091
5 0.837915 0.162085
7 0.383091 0.616909
5 0.821425 0.178575
5 0.871835 0.128165
7 5.84041e-05 0.999942
5 0.690909 0.309091
5 0.999811 0.00018897
7 0.00343231 0.996568
7 0.0454385 0.954562
5 0.828616 0.171384
7 0.0251974 0.974803
5 0.745268 0.254732
5 0.88859 0.11141
5 0.814801 0.185199
5 0.938814 0.0611859
7 0.026447 0.973553
7 0.0488236 0.951176
5 0.633858 0.366142
7 0.005337 0.994663
7 0.0606386 0.939361
7 0.439828 0.560172
7 0.0378711 0.962129
5 0.894603 0.105397
5 0.852132 0.147868
7 0.129092 0.870908
7 0.0934158 0.906584
5 0.502168 0.497832
7 0.00510068 0.994899
5 0.804459 0.195541
7 0.301836 0.698164
5 0.564807 0.435193
7 0.154265 0.845735
7 0.0987544 0.901246
7 0.00956115 0.990439
7 0.00564837 0.994352
5 0.999859 0.000140814
7 0.165254 0.834746
7 0.481367 0.518633
5 0.775826 0.224174
5 0.640181 0.359819
7 0.00196869 0.998031
5 0.905801 0.0941989
5 0.873701 0.126299
5 0.642254 0.357746
5 0.999765 0.000235014
5 0.999268 0.000732197
5 0.971626 0.0283743
5 0.673573 0.326427
5 0.915363 0.0846365
5 0.756112 0.243888
7 0.00242457 0.997575
5 0.899169 0.100831
7 0.0200888 0.979911
5 0.579047 0.420953
5 0.892882 0.107118
7 0.181359 0.818641
7 0.0912544 0.908746
5 0.999835 0.000165222
5 0.886128 0.113872
7 0.0822889 0.917711
5 0.975343 0.0246575
7 0.00104062 0.998959
5 0.950921 0.0490795
5 0.999419 0.000581006
7 5.57706e-06 0.999994
5 0.837171 0.162829
5 0.721234 0.278766
7 0.0026408 0.997359
5 0.63908 0.36092
5 0.922426 0.0775739
7 4.44158e-06 0.999996
7 0.000867444 0.999133
5 0.828521 0.171479
5 0.999841 0.000158534
5 0.785819 0.214181
7 0.0533731 0.946627
5 0.777539 0.222461
7 0.00800731 0.991993
5 0.995267 0.00473317
5 0.977906 0.0220941
5 0.736324 0.263676
5 0.846752 0.153248
5 0.992316 0.0076841
7 3.68204e-05 0.999963
5 0.81886 0.18114
5 0.999528 0.000472022
5 0.815024 0.184976
5 0.807823 0.192177
5 0.996414 0.00358642
7 0.142749 0.857251
5 0.958684 0.0413162
5 0.788103 0.211897
7 0.0549549 0.945045
7 0.404786 0.595214
7 0.00065817 0.999342
7 0.188949 0.811051
7 0.00115164 0.998848
5 0.999938 6.17523e-05
7 0.0109823 0.989018
5 0.878157 0.121843
5 0.874612 0.125388
7 0.242448 0.757552
5 0.669306 0.330694
5 0.983369 0.0166309
5 0.998796 0.0012035
5 0.560089 0.439911
5 0.97036 0.02964
7 0.42226 0.57774
5 0.990687 0.00931294
5 0.837431 0.162569
7 0.0689547 0.931045
5 0.734203 0.265797
5 0.997184 0.00281604
5 0.999935 6.48717e-05
7 0.250511 0.749489
5 0.921955 0.0780454
7 0.0238637 0.976136
7 0.0656596 0.93434
5 0.827905 0.172095
5 0.984233 0.0157674
7 0.0271672 0.972833
7 2.05645e-07 1
5 0.629985 0.370015
7 0.125324 0.874676
7 0.0185802 0.98142
5 0.859384 0.140616
5 0.998159 0.00184108
5 0.994461 0.00553886
7 0.146255 0.853745
5 0.939185 0.0608153
7 0.0813345 0.918666
7 7.42533e-06 0.999993
5 0.524946 0.475054
7 0.00561264 0.994387
5 0.856641 0.143359
7 0.428237 0.571763
7 0.00795287 0.992047
5 0.995803 0.00419707
7 0.0156459 0.984354
5 0.818026 0.181974
5 0.840416 0.159584
7 0.041683 0.958317
5 0.99528 0.0047201
7 0.000471643 0.999528
7 0.0969392 0.903061
5 0.978401 0.0215986
5 0.808684 0.191316
7 0.000383615 0.999616
5 0.629631 0.370369
7 0.0452672 0.954733
5 0.869629 0.130371
5 0.998991 0.00100861
5 0.730752 0.269248
7 3.81353e-05 0.999962
5 0.92399 0.0760104
7 0.066964 0.933036
5 0.784763 0.215237
5 0.900772 0.099228
5 0.666251 0.333749
5 0.770732 0.229268
5 0.88161 0.11839
7 2.41191e-06 0.999998
5 0.99873 0.00126953
5 0.998593 0.00140734
5 0.805372 0.194628
5 0.552843 0.447157
7 0.138017 0.861983
7 0.00379913 0.996201
5 0.592911 0.407089
7 0.0296207 0.970379
5 0.731606 0.268394
7 0.000517958 0.999482
5 0.871355 0.128645
5 0.753904 0.246096
5 0.995541 0.00445898
5 0.92746 0.0725402
7 0.0207218 0.979278
7 4.92749e-05 0.999951
5 0.748258 0.251742
7 0.00187594 0.998124
7 0.0107173 0.989283
7 0.0617749 0.938225
5 0.537567 0.462433
5 0.999566 0.000434121
7 0.000241661 0.999758
5 0.999689 0.000310983
7 0.0172997 0.9827
7 0.480283 0.519717
7 0.042367 0.957633
5 0.827248 0.172752
7 0.215908 0.784092
5 0.868375 0.131625
5 0.576325 0.423675
5 0.927851 0.0721488
7 0.456462 0.543538
5 0.999217 0.000783075
7 0.0737359 0.926264
5 0.999439 0.000561358
5 0.94923 0.0507702
7 0.145848 0.854152
7 0.0164788 0.983521
5 0.999047 0.000953425
7 0.0180409 0.981959
7 0.420642 0.579358
5 0.99897 0.00103009
5 0.778791 0.221209
5 0.99344 0.00655993
5 0.857518 0.142482
5 0.848749 0.151251
7 0.000453347 0.999547
5 0.778014 0.221986
5 0.700088 0.299912
5 0.753496 0.246504
5 0.740179 0.259821
5 0.999444 0.000555949
7 0.00518176 0.994818
7 0.408913 0.591087
5 0.924596 0.0754039
7 1.96159e-05 0.99998
5 0.999492 0.000507569
5 0.992789 0.00721058
7 0.0305748 0.969425
5 0.687133 0.312867
5 0.796399 0.203601
5 0.943655 0.0563451
7 0.353469 0.646531
7 0.0605524 0.939448
7 0.000495351 0.999505
5 0.874927 0.125073
7 0.467189 0.532811
7 0.00121251 0.998787
5 0.583976 0.416024
5 0.745839 0.254161
5 0.799572 0.200428
5 0.504132 0.495868
7 0.096598 0.903402
7 0.00134944 0.998651
5 0.795749 0.204251
5 0.999353 0.000647023
5 0.999733 0.000266648
5 0.653657 0.346343
5 0.999943 5.73256e-05
7 0.237212 0.762788
7 0.364807 0.635193
5 0.851107 0.148893
7 0.0053125 0.994687
5 0.900107 0.0998929
5 0.952901 0.0470993
7 0.0629184 0.937082
7 0.0271821 0.972818
5 0.999971 2.92031e-05
7 0.00968251 0.990317
5 0.999898 0.000102245
5 0.827832 0.172168
7 0.000125425 0.999875
5 0.926247 0.0737528
5 0.999541 0.000458715
5 0.999707 0.000292624
5 0.99979 0.000210458
5 0.99931 0.000690192
5 0.953962 0.0460383
5 0.783111 0.216889
5 0.973447 0.0265534
7 0.0284734 0.971527
5 0.999709 0.000290906
7 0.345432 0.654568
7 0.0228581 0.977142
7 0.127711 0.872289
5 0.98523 0.0147702
5 0.607037 0.392963
5 0.845294 0.154706
7 0.0256882 0.974312
7 0.374502 0.625498
5 0.999971 2.85905e-05
5 0.813981 0.186019
5 0.625412 0.374588
7 0.0427443 0.957256
7 0.0786698 0.92133
5 0.999435 0.000565247
5 0.998112 0.00188822
5 0.999832 0.000167644
7 5.64445e-05 0.999944
5 0.999701 0.000299181
7 0.370475 0.629525
5 0.928123 0.0718768
7 2.03742e-06 0.999998
5 0.999947 5.26877e-05
5 0.976301 0.0236992
5 0.981668 0.0183316
5 0.999302 0.000697642
7 0.00279266 0.997207
5 0.534238 0.465762
7 0.0113022 0.988698
5 0.855876 0.144124
5 0.522621 0.477379
5 0.980782 0.0192175
7 0.00103855 0.998961
5 0.955687 0.0443134
7 0.00270271 0.997297
5 0.999863 0.000136797
5 0.702927 0.297073
7 0.00015518 0.999845
7 0.00766685 0.992333
7 0.149092 0.850908
7 1.83738e-06 0.999998
7 0.0332865 0.966713
5 0.550468 0.449532
7 0.0830872 0.916913
7 0.0252924 0.974708
7 0.00887829 0.991122
5 0.888371 0.111629
7 0.00793341 0.992067
5 0.9971 0.00289979
5 0.572011 0.427989
5 0.977377 0.0226226
5 0.999772 0.00022833
7 8.65668e-06 0.999991
5 0.806933 0.193067
7 0.0164259 0.983574
5 0.871306 0.128694
5 0.999994 5.5432e-06
7 9.7782e-07 0.999999
7 0.145193 0.854807
7 0.00258369 0.997416
7 0.0349599 0.96504
7 0.0278824 0.972118
5 0.999766 0.000233995
5 0.976654 0.0233456
7 0.0371797 0.96282
5 0.998133 0.0018667
7 0.00343652 0.996563
7 0.000349385 0.999651
7 0.0256141 0.974386
5 0.810658 0.189342
7 0.000200849 0.999799
7 0.209445 0.790555
5 0.978929 0.0210711
5 0.75534 0.24466
7 0.436885 0.563115
5 0.991972 0.00802787
5 0.999694 0.00030632
7 1.46516e-05 0.999985
5 0.992837 0.007163
7 0.000214663 0.999785
7 8.65216e-07 0.999999
5 0.993133 0.00686725
5 0.999888 0.000111891
5 0.99907 0.000929669
5 0.61667 0.38333
5 0.854956 0.145044
5 0.523274 0.476726
7 0.105002 0.894998
5 0.611482 0.388518
5 0.99748 0.00252043
7 3.39525e-05 0.999966
5 0.999976 2.38729e-05
5 0.934242 0.0657582
5 0.68421 0.31579
7 0.00499794 0.995002
7 0.0216576 0.978342
5 0.7105 0.2895
5 0.778176 0.221824
5 0.997464 0.0025358
5 0.922083 0.0779174
5 0.655965 0.344035
5 0.999993 7.17198e-06
7 0.286607 0.713393
5 0.666615 0.333385
5 0.999878 0.000121857
5 0.527848 0.472152
5 0.726235 0.273765
7 0.0653237 0.934676
5 0.690335 0.309665
5 0.765374 0.234626
5 0.855924 0.144076
5 0.652435 0.347565
7 0.0339177 0.966082
5 0.999053 0.000947105
7 0.0115763 0.988424
7 0.0252643 0.974736
5 0.99893 0.00107034
7 0.0472058 0.952794
5 0.961702 0.0382975
5 0.600824 0.399176
7 0.028837 0.971163
7 0.000724069 0.999276
5 0.99804 0.00196024
5 0.822305 0.177695
5 0.956766 0.0432345
5 0.924105 0.0758955
7 0.0220527 0.977947
7 0.00263775 0.997362
5 0.878784 0.121216
5 0.765003 0.234997
7 0.481457 0.518543
5 0.94378 0.0562196
5 0.999928 7.23159e-05
5 0.965877 0.0341228
7 0.048871 0.951129
7 0.0042284 0.995772
7 1e-07 1
7 0.356612 0.643388
5 0.997665 0.0023353
5 0.999633 0.000367051
7 0.00229887 0.997701
5 0.991239 0.00876106
7 0.00381664 0.996183
5 0.843942 0.156058
5 0.87187 0.12813
7 0.00159624 0.998404
5 0.750286 0.249714
5 0.999141 0.00085921
5 0.579461 0.420539
7 0.0029055 0.997095
5 0.746575 0.253425
7 0.0328782 0.967122
7 0.0803325 0.919668
7 0.00999001 0.99001
5 0.523011 0.476989
5 0.56962 0.43038
5 0.754722 0.245278
5 0.999538 0.000462207
5 0.796551 0.203449
5 0.742919 0.257081
5 0.999249 0.0007514
7 0.132544 0.867456
5 0.874424 0.125576
7 0.27565 0.72435
7 0.242231 0.757769
5 0.997193 0.00280718
5 0.927694 0.0723057
5 0.904526 0.0954735
5 0.805231 0.194769
7 0.00191443 0.998086
7 0.414837 0.585163
5 0.755823 0.244177
7 0.00810642 0.991894
7 0.0418201 0.95818
5 0.721212 0.278788
5 0.62476 0.37524
5 0.769278 0.230722
5 0.933704 0.066296
5 0.965007 0.0349926
7 0.00476339 0.995237
5 0.636669 0.363331
5 0.999897 0.000103437
5 0.768389 0.231611
5 0.976464 0.0235358
5 0.97889 0.0211098
5 0.948259 0.0517411
7 0.0025769 0.997423
7 0.452073 0.547927
5 0.838318 0.161682
5 0.728198 0.271802
7 0.243564 0.756436
7 0.0119867 0.988013
5 0.748034 0.251966
5 0.808844 0.191156
7 0.0172688 0.982731
5 0.915469 0.0845311
5 0.999272 0.000728068
5 0.996087 0.00391316
5 0.999996 3.85727e-06
5 0.988652 0.0113485
5 0.740913 0.259087
5 0.716396 0.283604
7 0.00609532 0.993905
7 0.114116 0.885884
7 0.336631 0.663369
7 0.000430088 0.99957
7 0.488376 0.511624
5 0.631087 0.368913
7 0.0829542 0.917046
5 0.897631 0.102369
5 0.604424 0.395576
7 0.00171695 0.998283
5 0.9999 0.00010034
5 0.956534 0.0434663
7 0.00250844 0.997492
5 0.999867 0.000132743
5 0.515414 0.484586
7 0.0541989 0.945801
5 0.982151 0.0178494
5 0.990783 0.00921741
5 0.876577 0.123423
5 0.779838 0.220162
5 0.833693 0.166307
7 0.405588 0.594412
7 0.000137048 0.999863
5 0.999491 0.000508886
7 0.411098 0.588902
7 0.012161 0.987839
7 0.276356 0.723644
7 0.000235076 0.999765
5 0.746254 0.253746
7 0.0657093 0.934291
5 0.549394 0.450606
7 0.0620462 0.937954
7 0.0485039 0.951496
5 0.706573 0.293427
5 0.892858 0.107142
5 0.98437 0.0156298
5 0.966346 0.0336539
5 0.912695 0.0873046
5 0.999801 0.000198781
5 0.582999 0.417001
5 0.705961 0.294039
5 0.951982 0.0480183
7 0.0233655 0.976635
5 0.996806 0.00319393
7 0.248834 0.751166
5 0.930794 0.069206
5 0.761833 0.238167
7 0.355983 0.644017
5 0.588792 0.411208
7 0.00083135 0.999169
7 0.0285501 0.97145
7 0.137616 0.862384
5 0.999271 0.000728645
5 0.983892 0.0161077
5 0.999391 0.000608796
7 1.64211e-05 0.999984
7 0.318926 0.681074
5 0.782145 0.217855
7 0.000207572 0.999792
7 0.211221 0.788779
7 0.0224746 0.977525
5 0.510488 0.489512
5 0.832618 0.167382
5 0.716926 0.283074
7 0.00060849 0.999392
7 0.0818066 0.918193
7 0.00256339 0.997437
5 0.969813 0.0301866
5 0.999694 0.000305958
5 0.891475 0.108525
5 0.99996 3.97076e-05
5 0.838078 0.161922
5 0.999919 8.09937e-05
5 0.850775 0.149225
5 0.545205 0.454795
5 0.999933 6.70745e-05
5 0.999455 0.000545432
5 0.866149 0.133851
7 0.000287658 0.999712
7 0.00126717 0.998733
5 0.999765 0.000234908
7 0.0085861 0.991414
5 0.795223 0.204777
5 0.748022 0.251978
7 0.0301409 0.969859
5 0.627601 0.372399
7 0.34759 0.65241
5 0.532778 0.467222
5 0.999639 0.000361464
7 0.000905718 0.999094
7 0.499751 0.500249
7 0.00945004 0.99055
7 0.0481733 0.951827
5 0.863248 0.136752
5 0.999962 3.79783e-05
7 0.199027 0.800973
5 0.999979 2.0564e-05
5 0.822191 0.177809
7 0.0338165 0.966183
5 0.983581 0.0164191
5 0.999867 0.000132521
5 0.570551 0.429449
5 0.982796 0.0172041
7 0.0183667 0.981633
5 0.999931 6.91786e-05
7 0.0525911 0.947409
5 0.876603 0.123397
5 0.999987 1.33216e-05
5 0.999422 0.000578069
5 0.692518 0.307482
5 0.588386 0.411614
7 0.00270075 0.997299
5 0.976088 0.0239122
7 0.00246873 0.997531
5 0.999018 0.000982262
7 1e-07 1
7 0.0729008 0.927099
5 0.700605 0.299395
7 0.00457234 0.995428
7 3.31819e-05 0.999967
7 0.00283281 0.997167
5 0.999674 0.000325604
7 0.0327324 0.967268
5 0.998489 0.00151105
5 0.906715 0.0932847
7 0.204497 0.795503
5 0.70811 0.29189
5 0.999938 6.2221e-05
5 0.529885 0.470115
5 0.950298 0.0497018
7 0.035049 0.964951
5 0.996506 0.00349426
7 2.8483e-05 0.999972
5 0.999156 0.000844149
7 0.231146 0.768854
7 0.000295232 0.999705
7 0.0168264 0.983174
7 0.0704479 0.929552
5 0.999415 0.000584636
5 0.680546 0.319454
7 0.165661 0.834339
5 0.909758 0.0902415
5 0.852855 0.147145
7 0.168959 0.831041
5 0.996662 0.00333828
7 0.0436919 0.956308
7 0.496536 0.503464
7 0.349996 0.650004
7 0.150394 0.849606
5 0.989766 0.0102341
7 0.0355352 0.964465
5 0.824563 0.175437
5 0.999631 0.000369131
5 0.999554 0.000446496
7 0.375326 0.624674
5 0.780265 0.219735
7 0.445904 0.554096
5 0.938627 0.0613729
5 0.759248 0.240752
5 0.999522 0.000478051
7 0.134371 0.865629
5 0.975778 0.0242222
7 0.404698 0.595302
7 0.0100735 0.989926
5 0.541188 0.458812
7 0.419768 0.580232
5 0.554224 0.445776
5 0.937668 0.062332
7 0.19382 0.80618
7 0.474872 0.525128
5 0.999997 3.29356e-06
5 0.999987 1.33786e-05
7 0.167535 0.832465
5 0.950551 0.049449
5 0.959998 0.0400023
5 0.967968 0.0320317
5 0.712504 0.287496
7 0.00168108 0.998319
5 0.997404 0.00259575
7 9.6323e-05 0.999904
5 0.999997 2.83688e-06
5 0.999989 1.0592e-05
5 0.799912 0.200088
7 0.00970087 0.990299
7 0.327639 0.672361
7 0.423288 0.576712
5 0.739466 0.260534
5 0.995524 0.004476
5 0.999588 0.000412136
5 0.915732 0.0842682
5 0.999877 0.000122897
5 0.999781 0.000219258
7 0.000218443 0.999782
5 0.997426 0.00257379
5 0.99384 0.00615956
7 4.95031e-06 0.999995
7 0.000581188 0.999419
7 0.297463 0.702537
7 0.105305 0.894695
7 0.472751 0.527249
5 0.699408 0.300592
5 0.999943 5.73114e-05
7 0.285283 0.714717
5 0.998874 0.00112593
7 0.346788 0.653212
5 0.707697 0.292303
5 0.994337 0.00566279
5 0.724526 0.275474
7 0.0478171 0.952183
5 0.999431 0.000568769
5 0.948731 0.0512686
7 0.175851 0.824149
7 0.051851 0.948149
7 0.014059 0.985941
5 0.773904 0.226096
5 0.99995 4.9679e-05
7 0.0349443 0.965056
5 0.815959 0.184041
5 0.929963 0.0700365
5 0.868212 0.131788
5 0.997097 0.00290268
5 0.962665 0.0373354
5 0.999741 0.000259449
5 0.712643 0.287357
7 0.0682187 0.931781
5 0.998993 0.00100745
5 0.702518 0.297482
5 0.88505 0.11495
7 0.283691 0.716309
7 0.490484 0.509516
7 0.00406227 0.995938
7 0.199982 0.800018
7 5.20643e-06 0.999995
7 0.0685752 0.931425
5 0.992332 0.00766781
5 0.837879 0.162121
5 0.738951 0.261049
7 0.352893 0.647107
5 0.645404 0.354596
5 0.849151 0.150849
7 0.00276042 0.99724
5 0.91817 0.0818299
5 0.846801 0.153199
7 0.00741754 0.992582
5 0.99945 0.000550222
5 0.970812 0.0291883
5 0.870287 0.129713
7 0.0993073 0.900693
5 0.868175 0.131825
5 0.709431 0.290569
7 0.468882 0.531118
7 0.0728436 0.927156
5 0.999948 5.16481e-05
5 0.999787 0.000212694
7 0.00104165 0.998958
7 0.00649365 0.993506
5 0.999132 0.000868421
5 0.990283 0.00971651
5 0.671147 0.328853
5 0.849306 0.150694
5 0.999987 1.2778e-05
7 0.000814375 0.999186
7 0.455936 0.544064
5 0.99931 0.000690265
5 0.716093 0.283907
7 0.112827 0.887173
7 0.00297478 0.997025
7 0.0100932 0.989907
5 0.97947 0.02053
7 0.00161388 0.998386
5 0.803915 0.196085
7 0.0200916 0.979908
7 0.0172192 0.982781
7 0.284955 0.715045
5 0.999085 0.00091535
7 0.103709 0.896291
5 0.999999 7.21204e-07
5 0.954138 0.045862
7 2.54684e-05 0.999975
7 0.023174 0.976826
5 0.97866 0.0213398
7 0.26332 0.73668
5 0.723004 0.276996
7 0.00605373 0.993946
5 0.96095 0.0390501
7 0.0184847 0.981515
7 1.03187e-05 0.99999
7 0.386739 0.613261
7 0.4826 0.5174
5 0.978159 0.0218408
7 0.425618 0.574382
5 0.524445 0.475555
5 0.991257 0.00874328
5 0.998298 0.0017015
5 0.997212 0.00278773
7 0.0129588 0.987041
5 0.877964 0.122036
7 0.00410174 0.995898
5 0.99958 0.000419712
5 0.640375 0.359625
7 0.0159376 0.984062
5 0.698529 0.301471
7 0.466954 0.533046
5 0.98117 0.0188302
7 0.049534 0.950466
5 0.565949 0.434051
5 0.999907 9.28258e-05
5 0.992049 0.00795092
7 5.18673e-07 0.999999
5 0.998572 0.00142764
5 0.999907 9.2623e-05
7 0.0216184 0.978382
5 0.790594 0.209406
7 0.000369856 0.99963
5 0.999867 0.000133294
7 0.0420045 0.957995
7 0.0868071 0.913193
5 0.840933 0.159067
5 0.641994 0.358006
7 2.88362e-06 0.999997
5 0.835734 0.164266
5 0.99999 9.92351e-06
5 0.922431 0.0775694
7 0.0532777 0.946722
7 1.27097e-05 0.999987
5 0.524269 0.475731
7 0.215021 0.784979
5 0.542626 0.457374
5 0.731603 0.268397
7 0.126735 0.873265
5 0.996589 0.00341132
7 0.0663001 0.9337
5 0.902038 0.0979624
7 0.023748 0.976252
5 0.99935 0.000649936
7 3.68087e-07 1
7 0.0011447 0.998855
5 0.967821 0.0321787
7 0.0103412 0.989659
5 0.812411 0.187589
7 0.313238 0.686762
7 0.318553 0.681447
7 9.77231e-05 0.999902
5 0.931855 0.0681454
7 0.059461 0.940539
5 0.999078 0.00092176
5 0.63721 0.36279
5 0.975659 0.024341
7 0.00933625 0.990664
7 0.223502 0.776498
7 0.00429061 0.995709
5 0.836794 0.163206
7 0.491487 0.508513
5 0.623751 0.376249
5 0.997133 0.00286729
5 0.855113 0.144887
5 0.682225 0.317775
5 0.870567 0.129433
5 0.998487 0.0015135
7 0.418246 0.581754
7 0.000191789 0.999808
5 0.793765 0.206235
7 0.00131659 0.998683
7 0.0442872 0.955713
5 0.844531 0.155469
5 0.611586 0.388414
5 0.938812 0.0611877
5 0.929692 0.0703082
7 0.336862 0.663138
5 0.925406 0.0745939
7 0.418411 0.581589
7 1.0579e-05 0.999989
7 3.0212e-05 0.99997
5 0.930786 0.0692138
5 0.855257 0.144743
5 0.860983 0.139017
7 0.0646515 0.935349
7 0.000931166 0.999069
5 0.999979 2.07653e-05
5 0.525926 0.474074
5 0.912042 0.0879579
7 0.196875 0.803125
5 0.995945 0.00405479
7 0.224364 0.775636
5 0.991729 0.00827087
5 0.519735 0.480265
5 0.919087 0.0809133
7 0.0611111 0.938889
5 0.854781 0.145219
7 0.0403602 0.95964
7 0.0604513 0.939549
5 0.878983 0.121017
5 0.927961 0.0720386
5 0.978187 0.0218129
7 0.27455 0.72545
5 0.840456 0.159544
5 0.995332 0.00466801
5 0.712757 0.287243
5 0.98192 0.0180803
5 0.998919 0.00108138
7 0.00783271 0.992167
7 0.0490675 0.950932
5 0.899211 0.100789
5 0.999463 0.000536599
7 0.00359062 0.996409
5 0.739731 0.260269
7 0.0421987 0.957801
7 0.415227 0.584773
7 0.042072 0.957928
5 0.668888 0.331112
7 0.014502 0.985498
7 0.103791 0.896209
7 5.84741e-05 0.999942
5 0.998816 0.0011844
5 0.999097 0.000902514
5 0.999933 6.72241e-05
5 0.979134 0.0208657
5 0.900437 0.0995631
5 0.989893 0.0101068
5 0.643959 0.356041
5 0.812043 0.187957
7 0.00136419 0.998636
5 0.70737 0.29263
7 1.31549e-05 0.999987
5 0.967488 0.0325121
7 0.0293128 0.970687
7 0.482861 0.517139
7 0.118775 0.881225
7 0.0174482 0.982552
7 0.114205 0.885795
7 0.0270191 0.972981
7 0.464509 0.535491
7 0.0987407 0.901259
5 0.999737 0.000263123
7 1.94081e-07 1
7 0.0141179 0.985882
7 0.202724 0.797276
5 0.577919 0.422081
5 0.910638 0.0893616
7 0.0376715 0.962329
7 0.285895 0.714105
7 4.2745e-06 0.999996
7 0.0235965 0.976404
5 0.997539 0.00246095
7 0.000545053 0.999455
7 0.0310348 0.968965
7 0.000848884 0.999151
5 0.651634 0.348366
5 0.739039 0.260961
7 0.00512811 0.994872
7 0.0234884 0.976512
5 0.67821 0.32179
7 0.0549617 0.945038
7 0.0285021 0.971498
7 0.41713 0.58287
7 0.193626 0.806374
7 0.0371733 0.962827
7 0.0198227 0.980177
7 0.0332211 0.966779
5 0.780419 0.219581
5 0.86104 0.13896
7 0.00139557 0.998604
7 0.0305057 0.969494
7 0.0416812 0.958319
7 0.0674238 0.932576
5 0.799275 0.200725
5 0.881965 0.118035
5 0.628082 0.371918
5 0.988465 0.0115355
7 0.0255572 0.974443
5 0.896279 0.103721
7 0.0132221 0.986778
7 0.0798898 0.92011
5 0.794713 0.205287
7 0.0449614 0.955039
7 0.0337842 0.966216
7 0.0785205 0.92148
5 0.994219 0.00578123
5 0.694622 0.305378
7 0.0437242 0.956276
7 0.16417 0.83583
7 0.406892 0.593108
5 0.999681 0.000319059
5 0.998516 0.00148446
7 0.000426352 0.999574
7 9.68939e-07 0.999999
5 0.993625 0.00637454
7 0.000552316 0.999448
7 0.000118803 0.999881
5 0.744152 0.255848
5 0.998462 0.00153787
5 0.999509 0.000490547
7 0.0109423 0.989058
7 0.00723459 0.992765
7 0.272113 0.727887
5 0.99452 0.0054797
7 0.337726 0.662274
5 0.812598 0.187402
7 0.000196745 0.999803
5 0.999905 9.46946e-05
7 0.406195 0.593805
7 0.113883 0.886117
5 0.763144 0.236856
5 0.999749 0.00025122
5 0.782276 0.217724
7 0.0119898 0.98801
7 1.32243e-06 0.999999
7 0.000220795 0.999779
7 0.00154348 0.998457
7 0.00385884 0.996141
5 0.984071 0.0159288
5 0.502389 0.497611
5 0.698766 0.301234
5 0.999842 0.000157784
7 0.0201711 0.979829
5 0.966327 0.0336733
5 0.979846 0.0201542
5 0.99655 0.00344989
5 0.870105 0.129895
5 0.9184 0.0816003
7 1.10444e-06 0.999999
7 0.0153395 0.984661
7 0.0172649 0.982735
5 0.993807 0.00619336
7 0.0967041 0.903296
7 0.000286531 0.999713
5 0.999769 0.000230794
7 0.09377 0.90623
7 0.23978 0.76022
5 0.524998 0.475002
5 0.97913 0.0208702
5 0.636845 0.363155
7 0.331887 0.668113
7 3.88451e-05 0.999961
5 0.999161 0.000838553
7 0.000580132 0.99942
7 0.0194619 0.980538
5 0.655183 0.344817
7 2.53695e-06 0.999997
5 0.997622 0.00237771
5 0.839947 0.160053
7 0.0113817 0.988618
5 0.741589 0.258411
7 0.360576 0.639424
7 0.404947 0.595053
7 0.000651632 0.999348
5 0.808636 0.191364
7 0.00688412 0.993116
5 0.99671 0.00329011
7 0.0299547 0.970045
7 0.000914116 0.999086
5 0.754689 0.245311
5 0.970464 0.0295359
5 0.634164 0.365836
7 0.315304 0.684696
7 0.0136101 0.98639
5 0.999989 1.11666e-05
7 0.369652 0.630348
7 0.00174524 0.998255
7 0.000103564 0.999896
7 0.000154808 0.999845
5 0.70305 0.29695
7 0.0318972 0.968103
5 0.806759 0.193241
7 0.0470751 0.952925
5 0.999968 3.24837e-05
5 0.996286 0.0037139
7 0.052741 0.947259
7 0.0771194 0.922881
5 0.999874 0.000126494
7 0.0384555 0.961545
5 0.877948 0.122052
5 0.99515 0.00484978
7 0.0342462 0.965754
5 0.570586 0.429414
5 0.99551 0.00449022
7 0.00068328 0.999317
7 0.0458078 0.954192
7 0.0764577 0.923542
5 0.586988 0.413012
7 0.0222644 0.977736
7 0.165472 0.834528
5 0.992043 0.00795654
5 0.933152 0.0668479
5 0.60269 0.39731
5 0.999568 0.000431781
5 0.999726 0.000273759
5 0.999564 0.000436174
5 0.539496 0.460504
7 0.245229 0.754771
5 0.709135 0.290865
5 0.709381 0.290619
7 0.0449352 0.955065
5 0.857372 0.142628
5 0.910368 0.0896324
5 0.999799 0.000200936
7 0.0688585 0.931141
7 0.0730246 0.926975
7 0.445685 0.554315
5 0.718551 0.281449
7 0.305478 0.694522
5 0.999972 2.84543e-05
5 0.997795 0.00220495
5 0.999935 6.47644e-05
5 0.839406 0.160594
7 0.425352 0.574648
7 3.22913e-05 0.999968
7 2.29203e-05 0.999977
5 0.920224 0.0797759
5 0.758942 0.241058
5 0.996594 0.003406
7 0.445842 0.554158
7 0.0845619 0.915438
5 0.681242 0.318758
5 0.54416 0.45584
7 0.186186 0.813814
7 0.000723213 0.999277
7 0.0194677 0.980532
7 3.38051e-07 1
5 0.73294 0.26706
7 0.00284907 0.997151
5 0.997956 0.00204406
5 0.804124 0.195876
5 0.503606 0.496394
5 0.994864 0.00513561
5 0.723683 0.276317
5 0.79804 0.20196
5 0.632411 0.367589
5 0.999461 0.000539451
5 0.764658 0.235342
7 0.00831686 0.991683
7 0.0285488 0.971451
7 0.00291632 0.997084
5 0.999379 0.000620862
5 0.997967 0.00203285
7 0.181489 0.818511
7 0.0426756 0.957324
5 0.937663 0.0623369
5 0.757316 0.242684
5 0.511636 0.488364
