labels 4 7
7 0.000695244 0.999305
7 0.000925785 0.999074
4 0.589643 0.410357
4 0.995336 0.00466413
4 0.608894 0.391106
7 0.433008 0.566992
4 0.995398 0.00460195
7 0.000992426 0.999008
7 0.0227473 0.977253
4 0.967574 0.0324256
4 0.995104 0.00489553
4 0.940778 0.0592218
7 2.03667e-05 0.99998
4 0.946584 0.0534162
4 0.829589 0.170411
4 0.94895 0.0510503
7 0.00170413 0.998296
7 0.00231898 0.997681
4 0.907781 0.0922191
4 0.999666 0.000334247
4 0.595696 0.404304
4 0.577154 0.422846
7 0.00125034 0.99875
4 0.579384 0.420616
4 0.858131 0.141869
4 0.947529 0.052471
4 0.999878 0.000121843
4 0.991259 0.00874057
4 1 3.74008e-07
7 0.000320738 0.999679
7 0.00836766 0.991632
7 0.00108808 0.998912
7 0.027393 0.972607
4 1 3.50567e-07
4 0.999612 0.000387504
7 0.00022154 0.999778
7 0.0128489 0.987151
4 0.949593 0.0504069
7 0.00148147 0.998519
7 7.59269e-05 0.999924
7 0.353454 0.646546
4 0.985407 0.0145926
7 0.136446 0.863554
4 0.781492 0.218508
4 0.990375 0.0096254
7 0.481915 0.518085
7 0.0950214 0.904979
4 0.55293 0.44707
7 6.33504e-06 0.999994
7 0.0232088 0.976791
7 0.00127462 0.998725
7 0.472535 0.527465
4 0.89401 0.10599
4 0.999991 9.33129e-06
7 0.0258928 0.974107
7 0.035543 0.964457
7 0.481869 0.518131
4 0.903657 0.096343
4 0.987045 0.0129547
4 0.509622 0.490378
4 0.891892 0.108108
7 0.00096265 0.999037
4 0.900141 0.0998591
7 0.000917547 0.999082
4 0.999996 4.04398e-06
4 0.937702 0.0622975
7 0.184227 0.815773
4 0.917206 0.0827935
7 6.72821e-05 0.999933
7 8.16352e-05 0.999918
7 0.0223587 0.977641
7 0.0177634 0.982237
7 0.0110862 0.988914
7 0.371212 0.628788
7 0.00576579 0.994234
4 0.995123 0.00487678
7 0.0704526 0.929547
7 0.0342447 0.965755
4 0.90038 0.0996199
4 0.531451 0.468549
4 0.697744 0.302256
4 0.916787 0.0832125
4 0.999906 9.43422e-05
4 0.65223 0.34777
4 0.735917 0.264083
7 0.0701546 0.929845
7 0.202736 0.797264
4 0.817054 0.182946
7 0.00706538 0.992935
4 0.97862 0.0213802
4 0.999959 4.11531e-05
7 0.00398255 0.996017
7 0.0363695 0.963631
7 0.147396 0.852604
4 0.508467 0.491533
7 0.0372183 0.962782
4 0.88056 0.11944
7 0.0210435 0.978957
4 0.991329 0.00867078
7 0.00894911 0.991051
4 0.787357 0.212643
7 9.88788e-05 0.999901
4 0.999554 0.000446171
7 0.0301745 0.969826
7 0.00037339 0.999627
4 0.735898 0.264102
7 0.125138 0.874862
7 0.00895402 0.991046
7 0.0315535 0.968447
4 0.64042 0.35958
4 0.595198 0.404802
7 0.00165381 0.998346
7 1.62515e-06 0.999998
7 0.000557167 0.999443
7 0.000707064 0.999293
7 0.00102802 0.998972
7 0.000189013 0.999811
7 0.377701 0.622299
7 0.00125929 0.998741
7 0.291802 0.708198
4 0.566404 0.433596
4 0.892843 0.107157
4 0.981868 0.0181319
7 0.0185846 0.981415
4 0.897459 0.102541
7 0.00188305 0.998117
7 0.0550836 0.944916
4 0.999976 2.37415e-05
4 0.937367 0.0626326
7 0.0180727 0.981927
4 0.993217 0.00678267
7 0.0131271 0.986873
7 0.0761565 0.923844
7 0.0446312 0.955369
4 0.991654 0.00834552
7 0.0059981 0.994002
4 0.999898 0.000101891
4 0.968801 0.0311993
4 0.522598 0.477402
7 0.00156604 0.998434
4 0.786366 0.213634
7 0.340949 0.659051
7 0.00462755 0.995372
4 0.650566 0.349434
7 0.104618 0.895382
7 0.203078 0.796922
7 0.000979843 0.99902
7 0.10864 0.89136
4 1 2.0814e-07
4 0.994771 0.0052286
4 0.955043 0.0449566
7 8.58241e-05 0.999914
7 0.166745 0.833255
7 0.464598 0.535402
7 0.165087 0.834913
7 0.0095597 0.99044
7 0.163578 0.836422
4 0.994564 0.0054357
7 0.00147039 0.99853
7 9.71297e-06 0.99999
4 0.93282 0.0671799
4 0.89838 0.10162
7 0.128284 0.871716
4 0.697519 0.302481
7 0.000988106 0.999012
4 0.996206 0.0037936
7 1.68209e-06 0.999998
7 0.323739 0.676261
4 0.843891 0.156109
7 0.0222882 0.977712
7 0.00314534 0.996855
7 0.0554165 0.944584
4 0.864793 0.135207
4 0.821598 0.178402
7 2.33641e-05 0.999977
7 0.0222663 0.977734
7 0.009134 0.990866
7 1.26919e-06 0.999999
7 0.0234719 0.976528
4 0.99585 0.00415009
4 0.998293 0.00170685
4 0.606438 0.393562
4 0.743108 0.256892
4 0.966141 0.0338594
7 0.00103722 0.998963
7 0.0266167 0.973383
4 0.539759 0.460241
4 0.671392 0.328608
4 0.876153 0.123847
4 0.994124 0.00587618
7 0.246076 0.753924
4 0.784214 0.215786
7 0.0131263 0.986874
4 0.74504 0.25496
7 0.0669483 0.933052
7 0.0346422 0.965358
4 0.991592 0.00840835
7 0.0132602 0.98674
4 0.965631 0.0343689
4 0.960021 0.0399793
4 0.942448 0.0575521
7 0.000128787 0.999871
7 0.389799 0.610201
4 0.788548 0.211452
7 0.226411 0.773589
7 0.146654 0.853346
7 0.220618 0.779382
7 0.0677151 0.932285
4 0.932184 0.0678161
7 5.74993e-07 0.999999
4 0.679439 0.320561
7 0.0127913 0.987209
4 0.798818 0.201182
7 0.0195884 0.980412
7 0.439214 0.560786
7 0.179471 0.820529
7 0.00240687 0.997593
7 0.00257063 0.997429
7 0.0119319 0.988068
4 0.998766 0.00123392
4 0.999728 0.000272119
7 0.144559 0.855441
7 0.0461444 0.953856
7 0.00194702 0.998053
7 0.0907082 0.909292
7 0.00592597 0.994074
4 0.61876 0.38124
7 0.0517382 0.948262
7 0.00322208 0.996778
7 3.23471e-05 0.999968
7 0.0557314 0.944269
4 0.999979 2.13557e-05
4 0.878696 0.121304
4 0.629974 0.370026
7 0.0171083 0.982892
7 6.58909e-05 0.999934
4 0.847301 0.152699
4 0.727962 0.272038
4 0.991052 0.00894834
4 0.84655 0.15345
7 6.38777e-07 0.999999
4 0.982279 0.017721
4 0.999642 0.00035806
7 0.00160883 0.998391
7 0.00680069 0.993199
4 0.659618 0.340382
4 0.820809 0.179191
7 0.000934371 0.999066
4 0.846334 0.153666
7 0.438407 0.561593
4 0.617573 0.382427
7 0.00890264 0.991097
7 0.000590057 0.99941
7 0.184868 0.815132
7 0.0585239 0.941476
4 0.938266 0.061734
7 0.0948862 0.905114
4 0.823959 0.176041
4 0.999872 0.000128032
7 7.53652e-06 0.999992
4 0.999953 4.70275e-05
7 0.00215119 0.997849
4 0.998002 0.00199833
4 0.751635 0.248365
4 0.998533 0.00146662
4 0.758536 0.241464
7 0.268734 0.731266
7 0.434063 0.565937
7 0.440572 0.559428
4 0.867428 0.132572
7 0.0056752 0.994325
4 0.99232 0.0076805
7 0.0160576 0.983942
4 0.628519 0.371481
7 9.6037e-06 0.99999
7 0.346324 0.653676
4 0.65187 0.34813
7 0.225748 0.774252
7 0.219656 0.780344
7 0.0183664 0.981634
7 0.0731536 0.926846
7 0.000277818 0.999722
7 0.158943 0.841057
7 0.0654056 0.934594
4 0.770198 0.229802
4 0.925068 0.0749323
7 7.43365e-05 0.999926
7 0.486238 0.513762
7 0.0302519 0.969748
7 0.312638 0.687362
7 0.000256206 0.999744
7 0.000208657 0.999791
4 0.919545 0.0804553
7 0.0144561 0.985544
7 0.00909698 0.990903
7 9.30442e-05 0.999907
4 0.573777 0.426223
7 0.323653 0.676347
4 0.671389 0.328611
7 0.04449 0.95551
7 0.342728 0.657272
7 0.00235475 0.997645
4 0.614433 0.385567
4 0.883495 0.116505
4 0.995946 0.00405393
4 0.999981 1.87281e-05
7 9.00295e-05 0.99991
4 0.871652 0.128348
7 0.182711 0.817289
4 0.999999 9.17877e-07
4 0.833625 0.166375
4 0.764099 0.235901
7 0.0214854 0.978515
7 0.000170077 0.99983
7 2.14032e-05 0.999979
7 0.409268 0.590732
4 0.999977 2.28352e-05
4 0.949648 0.050352
7 0.148649 0.851351
7 0.0290134 0.970987
7 0.00136566 0.998634
4 0.85662 0.14338
7 2.40825e-05 0.999976
7 0.00966236 0.990338
7 0.0322599 0.96774
7 0.000650365 0.99935
7 0.000281692 0.999718
7 0.00410859 0.995891
7 0.0276844 0.972316
4 0.922323 0.0776772
7 4.79756e-05 0.999952
4 0.999999 5.74071e-07
7 0.00047384 0.999526
7 0.0524514 0.947549
7 0.269943 0.730057
4 0.829047 0.170953
7 0.140833 0.859167
7 0.107625 0.892375
7 7.14004e-07 0.999999
7 5.48001e-05 0.999945
7 0.00314078 0.996859
4 0.999992 8.2405e-06
4 0.981044 0.0189561
7 0.257387 0.742613
7 0.364227 0.635773
4 0.995391 0.00460939
7 1e-07 1
4 1 4.73485e-07
7 0.00721814 0.992782
7 0.0013798 0.99862
4 0.999356 0.000643757
7 0.00270662 0.997293
7 0.215807 0.784193
4 0.764345 0.235655
7 0.0632812 0.936719
7 0.000700419 0.9993
4 0.999332 0.000668248
7 2.19605e-05 0.999978
4 0.998722 0.00127764
7 0.0199369 0.980063
7 0.0275614 0.972439
7 0.161357 0.838643
4 0.622135 0.377865
7 0.173427 0.826573
4 0.933918 0.0660818
7 1.47492e-05 0.999985
7 0.00354846 0.996452
7 0.00317101 0.996829
4 0.751527 0.248473
4 0.869123 0.130877
4 0.999722 0.000277957
4 0.980798 0.0192025
7 1.59058e-05 0.999984
7 0.00521489 0.994785
7 0.0640766 0.935923
7 0.000820552 0.999179
4 0.9999 9.96687e-05
4 0.598748 0.401252
7 0.351433 0.648567
4 0.995765 0.00423549
7 0.00195481 0.998045
7 0.00492014 0.99508
7 0.00983585 0.990164
7 5.37389e-05 0.999946
7 0.12531 0.87469
4 0.868602 0.131398
4 0.584895 0.415105
4 0.90555 0.0944505
7 4.66443e-05 0.999953
4 0.999997 2.61505e-06
4 0.922416 0.0775838
7 0.00309633 0.996904
7 0.0764877 0.923512
4 0.999989 1.11273e-05
7 0.000551737 0.999448
7 1e-07 1
4 0.542147 0.457853
4 0.935649 0.0643506
4 0.876075 0.123925
7 0.000267014 0.999733
4 0.669308 0.330692
4 0.804993 0.195007
7 0.000455955 0.999544
7 0.0440489 0.955951
4 0.994924 0.0050761
7 0.00113394 0.998866
4 0.999953 4.65777e-05
7 0.00108681 0.998913
7 5.00613e-07 0.999999
7 0.309773 0.690227
7 0.000930943 0.999069
7 0.0244746 0.975525
7 0.0899941 0.910006
7 2.11388e-05 0.999979
7 0.296902 0.703098
4 0.999733 0.000266985
4 0.941478 0.0585217
7 0.197501 0.802499
4 0.999856 0.00014411
7 0.0470798 0.95292
7 3.5686e-05 0.999964
4 0.999997 3.35784e-06
7 0.0738014 0.926199
7 0.000181451 0.999819
7 0.0451018 0.954898
4 0.995309 0.0046908
4 0.932704 0.0672964
4 0.908257 0.0917428
4 0.701668 0.298332
4 0.910112 0.0898879
7 0.434551 0.565449
4 0.900822 0.0991776
7 1e-07 1
4 0.999989 1.13114e-05
7 0.161195 0.838805
7 0.146931 0.853069
7 0.185735 0.814265
7 0.0005798 0.99942
7 0.00248463 0.997515
4 0.992637 0.00736333
4 0.813112 0.186888
7 0.0440524 0.955948
7 0.000134655 0.999865
4 0.687538 0.312462
7 0.10614 0.89386
7 0.000623913 0.999376
4 0.659772 0.340228
4 0.995857 0.00414336
7 0.00438785 0.995612
4 0.814166 0.185834
4 0.930944 0.0690557
7 0.0853421 0.914658
7 0.000907911 0.999092
4 0.791796 0.208204
7 0.00177664 0.998223
4 0.999754 0.000246125
4 0.729283 0.270717
4 0.899566 0.100434
4 0.997984 0.0020158
4 0.995931 0.00406941
4 0.972349 0.0276514
7 7.45062e-05 0.999925
7 2.61356e-06 0.999997
4 0.570522 0.429478
7 2.29497e-05 0.999977
4 0.883138 0.116862
4 0.850066 0.149934
4 0.934493 0.0655068
7 0.493135 0.506865
7 0.490072 0.509928
7 0.11971 0.88029
7 0.00535908 0.994641
4 0.999676 0.000324406
4 0.993002 0.0069984
4 0.659806 0.340194
7 0.30814 0.69186
4 0.999309 0.000691402
4 0.997837 0.00216285
7 0.116534 0.883466
7 0.0586878 0.941312
4 0.691249 0.308751
7 0.00245805 0.997542
7 4.63471e-06 0.999995
4 0.9808 0.0192001
7 0.0102738 0.989726
4 0.999898 0.000101845
7 0.000967542 0.999032
7 1e-07 1
7 0.00229191 0.997708
7 0.0133131 0.986687
7 3.70401e-05 0.999963
4 0.987544 0.0124559
7 0.171423 0.828577
4 0.894826 0.105174
7 0.054174 0.945826
7 0.00100146 0.998999
7 0.000108132 0.999892
7 0.00512635 0.994874
4 0.968201 0.0317989
4 0.647378 0.352622
4 0.979736 0.020264
7 0.0538404 0.94616
7 0.00154919 0.998451
4 0.623662 0.376338
4 0.999991 9.44733e-06
4 0.534132 0.465868
7 0.0808124 0.919188
7 0.00320201 0.996798
4 0.9937 0.00630044
4 0.971375 0.0286247
7 0.000145295 0.999855
7 0.0266804 0.97332
7 0.00502203 0.994978
4 0.850764 0.149236
7 0.0999053 0.900095
7 0.0160035 0.983996
7 7.11985e-05 0.999929
4 0.681759 0.318241
4 0.813773 0.186227
7 0.0144142 0.985586
4 0.864678 0.135322
4 0.968734 0.0312657
7 0.0605873 0.939413
4 0.99998 2.02018e-05
7 5.23486e-06 0.999995
4 0.731382 0.268618
4 0.965288 0.0347122
7 0.484032 0.515968
7 0.00243102 0.997569
7 0.370665 0.629335
7 0.00236454 0.997635
7 0.486825 0.513175
7 0.0480457 0.951954
4 0.653042 0.346958
7 0.011649 0.988351
7 0.104497 0.895503
7 0.028046 0.971954
4 0.889558 0.110442
4 0.994959 0.00504071
4 0.674468 0.325532
7 2.11181e-06 0.999998
7 6.2671e-05 0.999937
7 0.0333028 0.966697
4 0.999547 0.000453133
4 0.990531 0.00946857
4 0.873154 0.126846
7 0.000766445 0.999234
7 4.70955e-05 0.999953
4 0.935669 0.0643306
4 0.999486 0.000513507
4 0.610474 0.389526
4 0.931879 0.0681215
4 0.976178 0.0238223
4 0.57682 0.42318
4 0.805473 0.194527
4 0.790521 0.209479
4 0.511389 0.488611
7 4.15125e-05 0.999958
4 0.894351 0.105649
4 0.998206 0.00179402
4 0.998077 0.00192326
4 0.70355 0.29645
4 0.971312 0.028688
7 0.000203062 0.999797
7 0.255359 0.744641
7 8.53349e-05 0.999915
4 0.999965 3.49257e-05
4 0.999461 0.000538711
7 1.41943e-06 0.999999
7 0.0800021 0.919998
7 0.0778536 0.922146
4 0.939145 0.0608548
4 0.999999 8.72941e-07
7 0.0722626 0.927737
7 0.124962 0.875038
7 0.00744497 0.992555
7 0.00261495 0.997385
7 0.0869705 0.91303
4 1 4.5062e-07
7 0.400183 0.599817
7 0.0350149 0.964985
7 0.00124328 0.998757
4 0.998144 0.00185551
7 0.0857144 0.914286
4 0.918357 0.0816428
4 0.997484 0.00251551
4 0.952623 0.0473767
7 0.0204935 0.979507
7 0.0204085 0.979591
7 0.00655415 0.993446
7 0.000531612 0.999468
4 0.985 0.0150001
4 0.997165 0.00283461
4 0.606554 0.393446
7 0.156776 0.843224
4 0.868443 0.131557
4 0.979998 0.0200023
7 0.00359796 0.996402
7 0.00150134 0.998499
4 0.999968 3.2257e-05
4 0.962319 0.0376813
7 1.64211e-06 0.999998
7 0.021444 0.978556
4 0.888277 0.111723
7 0.0577725 0.942228
7 0.0335334 0.966467
7 0.0180359 0.981964
4 0.741746 0.258254
4 0.99996 3.97131e-05
7 0.413574 0.586426
4 0.76267 0.23733
4 0.600631 0.399369
7 0.00025541 0.999745
7 0.000803409 0.999197
4 0.954714 0.0452856
7 1.81472e-06 0.999998
7 0.00464144 0.995359
7 5.43448e-05 0.999946
4 0.992984 0.00701628
4 0.70614 0.29386
7 0.462918 0.537082
4 0.999982 1.82124e-05
7 0.0468743 0.953126
4 0.920375 0.0796254
7 0.159367 0.840633
4 0.715293 0.284707
4 0.717087 0.282913
4 0.891852 0.108148
7 0.138726 0.861274
7 3.21852e-05 0.999968
7 0.00492692 0.995073
4 0.955867 0.0441332
4 0.937264 0.0627359
4 0.910686 0.0893139
7 0.00918939 0.990811
7 0.000348067 0.999652
4 0.997675 0.00232525
7 0.0375043 0.962496
7 0.000101342 0.999899
4 0.595479 0.404521
7 0.00144324 0.998557
4 0.999553 0.000447237
7 0.064208 0.935792
7 0.00984699 0.990153
7 0.00433175 0.995668
7 2.42788e-05 0.999976
4 1 1.19847e-07
7 0.00238771 0.997612
7 0.000608206 0.999392
7 4.05685e-05 0.999959
7 0.00289901 0.997101
4 0.842449 0.157551
4 0.921685 0.0783155
7 0.371216 0.628784
4 0.958209 0.0417913
7 0.00609798 0.993902
4 1 1.80231e-07
7 0.0134959 0.986504
7 0.00126703 0.998733
7 6.08533e-05 0.999939
7 0.0181341 0.981866
7 2.64628e-05 0.999974
4 0.905806 0.0941935
4 0.922697 0.0773031
4 0.920724 0.0792758
4 0.919842 0.080158
4 0.622902 0.377098
7 3.51746e-05 0.999965
4 0.638982 0.361018
7 0.0398716 0.960128
7 8.89263e-07 0.999999
7 0.224558 0.775442
7 0.455074 0.544926
7 0.0228487 0.977151
4 0.801632 0.198368
7 5.18646e-06 0.999995
4 0.970642 0.0293581
7 0.125758 0.874242
7 0.0121896 0.98781
7 0.00690751 0.993092
7 0.324916 0.675084
7 0.000686742 0.999313
7 7.99038e-05 0.99992
7 0.00271925 0.997281
4 0.948538 0.0514622
7 0.00146151 0.998538
7 9.61766e-05 0.999904
7 0.0281685 0.971831
7 0.042049 0.957951
7 2.36028e-05 0.999976
7 0.0401882 0.959812
7 0.0941047 0.905895
7 0.0741258 0.925874
7 0.00327053 0.996729
7 0.00126543 0.998735
4 0.999489 0.000510791
7 0.194893 0.805107
7 0.00801107 0.991989
7 0.0209402 0.97906
7 9.10004e-05 0.999909
7 0.000349283 0.999651
7 0.00207666 0.997923
7 0.0349281 0.965072
4 0.999994 5.60429e-06
7 0.00160316 0.998397
4 0.960469 0.0395312
7 0.0432046 0.956795
7 0.00825037 0.99175
7 0.00150219 0.998498
7 6.25546e-07 0.999999
4 0.772635 0.227365
7 0.021301 0.978699
7 0.00313322 0.996867
7 0.169533 0.830467
7 0.123674 0.876326
7 0.0544254 0.945575
4 0.999957 4.27013e-05
4 0.996216 0.00378379
7 0.264164 0.735836
7 0.000255646 0.999744
4 0.999198 0.000802176
4 0.905388 0.0946124
4 0.873931 0.126069
4 0.938234 0.061766
4 0.999713 0.000286773
7 0.293238 0.706762
4 0.678837 0.321163
7 0.147524 0.852476
4 0.788446 0.211554
7 0.00894056 0.991059
7 0.0932221 0.906778
7 0.00329454 0.996705
7 0.207288 0.792712
4 0.962198 0.037802
7 0.0203801 0.97962
7 0.000639814 0.99936
7 0.151139 0.848861
4 0.872005 0.127995
7 0.000166425 0.999834
4 0.802005 0.197995
4 0.826461 0.173539
4 0.998307 0.00169251
4 0.969341 0.0306588
7 5.6485e-06 0.999994
4 0.85334 0.14666
7 0.00745955 0.99254
4 0.999975 2.47525e-05
4 0.920858 0.0791419
7 4.48077e-05 0.999955
4 0.944963 0.0550367
4 0.87716 0.12284
7 0.137665 0.862335
7 0.480669 0.519331
4 0.873013 0.126987
7 0.119104 0.880896
4 0.99977 0.000229742
7 0.00687224 0.993128
7 1.86482e-05 0.999981
7 0.489332 0.510668
4 0.999485 0.000514853
4 0.920556 0.0794438
4 0.883975 0.116025
7 0.00181626 0.998184
7 0.031669 0.968331
4 0.606606 0.393394
7 0.0207969 0.979203
7 0.0218702 0.97813
7 0.0367434 0.963257
7 0.00389151 0.996108
7 0.00149779 0.998502
4 0.716706 0.283294
7 0.0417579 0.958242
4 0.947171 0.0528287
7 0.000800561 0.999199
7 0.00190122 0.998099
7 0.0217046 0.978295
4 0.618032 0.381968
4 0.552656 0.447344
4 0.974555 0.0254451
4 0.845981 0.154019
4 0.826454 0.173546
4 0.862697 0.137303
7 0.0373879 0.962612
7 0.0110687 0.988931
4 0.999928 7.16781e-05
7 0.00108935 0.998911
7 0.0177382 0.982262
7 0.00285372 0.997146
4 0.879585 0.120415
7 0.00212214 0.997878
4 0.81782 0.18218
4 0.65378 0.34622
4 0.896979 0.103021
4 0.575373 0.424627
7 0.00411658 0.995883
7 0.00537561 0.994624
4 0.555253 0.444747
7 0.0970003 0.903
7 0.381719 0.618281
7 0.00698366 0.993016
4 0.999641 0.000358717
7 0.120716 0.879284
4 0.785673 0.214327
7 0.00991774 0.990082
4 0.999702 0.00029753
4 0.999944 5.63342e-05
4 0.999919 8.12637e-05
4 0.948395 0.0516053
7 0.00723835 0.992762
7 0.0136651 0.986335
7 1e-07 1
4 0.509943 0.490057
4 0.862483 0.137517
7 0.00656312 0.993437
4 0.999849 0.000151236
7 0.00670178 0.993298
7 0.0161645 0.983836
7 0.00796688 0.992033
7 0.342348 0.657652
4 0.670163 0.329837
7 0.0236051 0.976395
7 0.233938 0.766062
4 0.674332 0.325668
4 0.627545 0.372455
7 0.0423936 0.957606
7 0.0934688 0.906531
4 0.77779 0.22221
7 0.00653547 0.993465
7 0.0211068 0.978893
7 0.244214 0.755786
7 0.116109 0.883891
7 0.149874 0.850126
7 0.273674 0.726326
7 0.0212231 0.978777
4 0.836686 0.163314
7 2.21735e-05 0.999978
4 0.97507 0.0249304
4 0.845416 0.154584
7 0.148092 0.851908
4 0.618753 0.381247
4 0.968538 0.0314623
7 0.0041465 0.995853
4 0.908013 0.0919872
7 0.0241915 0.975809
4 0.966164 0.0338364
7 3.90212e-05 0.999961
7 0.0826947 0.917305
4 0.999193 0.000806686
4 0.942781 0.0572187
7 0.0473001 0.9527
4 0.981959 0.0180408
7 0.391699 0.608301
7 0.000714337 0.999286
4 0.723129 0.276871
4 0.671291 0.328709
4 0.850515 0.149485
4 0.946571 0.0534294
7 0.00708151 0.992918
7 0.408957 0.591043
7 0.000799087 0.999201
7 6.00028e-07 0.999999
4 0.686064 0.313936
4 0.641673 0.358327
4 0.932364 0.0676356
7 0.0957029 0.904297
4 0.975852 0.0241483
7 0.0141083 0.985892
7 0.00199223 0.998008
7 0.00432454 0.995675
4 0.999934 6.6395e-05
7 0.000652169 0.999348
4 0.999194 0.000806174
7 0.0637011 0.936299
7 0.367573 0.632427
7 0.0781446 0.921855
4 0.999449 0.000550787
7 0.00122547 0.998775
7 0.173691 0.826309
7 0.224455 0.775545
7 0.157556 0.842444
4 0.969886 0.030114
4 0.816536 0.183464
4 0.99776 0.00223979
7 0.0540142 0.945986
4 0.991862 0.00813757
4 0.98982 0.0101805
7 0.0747682 0.925232
7 0.0144693 0.985531
4 1 1e-07
7 0.0888284 0.911172
7 0.0150258 0.984974
7 0.000594042 0.999406
7 0.19095 0.80905
7 0.371697 0.628303
7 0.0485914 0.951409
7 0.279774 0.720226
7 0.0690208 0.930979
7 0.00825911 0.991741
7 0.0243533 0.975647
7 0.0688208 0.931179
4 0.692597 0.307403
4 0.993071 0.0069288
4 0.999995 4.92192e-06
7 0.00293983 0.99706
7 0.0323349 0.967665
7 0.0444454 0.955555
4 0.953459 0.0465411
4 0.997915 0.00208481
7 0.0489124 0.951088
7 0.240098 0.759902
7 0.000169696 0.99983
7 0.00227909 0.997721
7 0.0376448 0.962355
7 0.011574 0.988426
7 0.00341572 0.996584
7 0.000169275 0.999831
7 0.0432855 0.956715
7 0.0249129 0.975087
4 0.971342 0.0286581
4 0.999868 0.000132176
7 0.0238538 0.976146
7 0.114818 0.885182
4 0.890133 0.109867
4 0.731612 0.268388
4 0.545998 0.454002
7 0.380087 0.619913
4 0.902069 0.0979307
7 0.00884531 0.991155
7 0.0039349 0.996065
4 0.999581 0.000419396
4 0.999987 1.32523e-05
4 0.962468 0.0375324
4 0.799435 0.200565
7 0.192408 0.807592
7 0.0508318 0.949168
7 0.000778923 0.999221
7 0.0214966 0.978503
7 0.000407415 0.999593
7 0.000986274 0.999014
7 0.153635 0.846365
7 0.00320957 0.99679
7 0.466076 0.533924
4 0.551449 0.448551
7 0.146625 0.853375
4 0.999303 0.000697381
7 0.274125 0.725875
7 0.0156901 0.98431
4 0.852534 0.147466
4 0.999999 1.4281e-06
4 0.626589 0.373411
7 0.00615894 0.993841
4 0.999956 4.38739e-05
7 2.25766e-06 0.999998
7 4.78345e-05 0.999952
4 0.862884 0.137116
7 0.000680862 0.999319
7 0.0500237 0.949976
4 0.853638 0.146362
4 0.706829 0.293171
4 0.684861 0.315139
7 0.00931418 0.990686
4 0.999997 3.02389e-06
4 0.993309 0.00669103
4 0.999913 8.7182e-05
4 0.841267 0.158733
7 0.000297203 0.999703
7 0.000337329 0.999663
7 0.00103339 0.998967
7 0.161058 0.838942
4 0.777309 0.222691
7 0.107038 0.892962
7 0.317985 0.682015
7 0.281871 0.718129
7 0.0820396 0.91796
4 0.998132 0.00186756
7 0.00935527 0.990645
7 0.0141399 0.98586
7 0.0609683 0.939032
7 0.000683126 0.999317
7 0.3047 0.6953
7 0.224131 0.775869
7 0.0289173 0.971083
4 0.933149 0.0668507
4 0.709699 0.290301
4 0.858404 0.141596
4 0.83916 0.16084
4 0.77227 0.22773
7 0.30365 0.69635
7 4.33017e-05 0.999957
4 0.667895 0.332105
7 0.0113845 0.988616
4 0.999528 0.000471627
4 0.811919 0.188081
4 0.888275 0.111725
7 0.0586833 0.941317
7 0.0241018 0.975898
7 0.0161763 0.983824
4 0.945695 0.0543051
7 0.00312059 0.996879
4 0.999136 0.000864049
4 0.994276 0.00572364
7 0.00648969 0.99351
4 0.54293 0.45707
4 0.795681 0.204319
7 0.0148156 0.985184
7 0.00213299 0.997867
7 0.0237851 0.976215
7 0.432663 0.567337
4 0.977144 0.0228563
7 0.166347 0.833653
7 0.19043 0.80957
4 0.56602 0.43398
7 0.0359357 0.964064
7 0.000769465 0.999231
7 0.013166 0.986834
7 0.000789409 0.999211
4 0.935829 0.064171
7 0.000134825 0.999865
7 0.0476229 0.952377
4 0.930726 0.0692741
7 0.0470384 0.952962
4 0.970272 0.0297276
4 0.667247 0.332753
7 0.0119361 0.988064
4 0.999965 3.48878e-05
7 0.00147798 0.998522
7 1.08614e-05 0.999989
7 0.0317074 0.968293
7 0.0120643 0.987936
7 0.000681073 0.999319
7 0.000262928 0.999737
7 0.0203477 0.979652
4 0.713065 0.286935
4 0.980197 0.019803
4 0.99518 0.00481977
7 0.00343402 0.996566
7 0.000246797 0.999753
7 0.086943 0.913057
4 0.849634 0.150366
7 4.52918e-05 0.999955
4 0.935414 0.0645864
4 0.965545 0.0344552
4 0.804597 0.195403
4 0.856941 0.143059
4 0.999761 0.000238588
7 0.213488 0.786512
7 0.00668685 0.993313
7 0.240249 0.759751
4 0.999866 0.000133731
4 0.999962 3.83697e-05
7 0.00312316 0.996877
4 0.999928 7.20438e-05
7 5.21576e-05 0.999948
7 0.0541497 0.94585
4 0.859737 0.140263
7 0.141541 0.858459
7 7.58215e-06 0.999992
4 1 2.16657e-07
7 0.0755226 0.924477
7 0.000729559 0.99927
7 0.000486633 0.999513
7 0.00028926 0.999711
7 0.0188731 0.981127
4 0.947215 0.052785
4 0.990074 0.00992556
4 0.836356 0.163644
4 0.977756 0.0222443
7 0.000195918 0.999804
4 0.999848 0.000151925
7 0.00219681 0.997803
7 0.0626269 0.937373
4 0.821067 0.178933
4 0.861585 0.138415
4 0.931512 0.0684878
4 0.999961 3.91065e-05
4 0.666767 0.333233
4 0.986653 0.0133473
7 0.157923 0.842077
7 7.90869e-05 0.999921
7 0.0162906 0.983709
4 0.823833 0.176167
7 0.00887441 0.991126
4 0.702655 0.297345
4 0.84302 0.15698
4 0.867444 0.132556
4 0.710824 0.289176
7 0.000117256 0.999883
7 3.37397e-07 1
4 0.999999 9.57372e-07
4 0.900221 0.0997791
7 0.000360098 0.99964
7 0.12139 0.87861
7 0.00447571 0.995524
4 0.748586 0.251414
4 0.848364 0.151636
4 0.999077 0.00092307
7 0.000112664 0.999887
7 0.00047951 0.99952
7 0.0104623 0.989538
7 0.00254542 0.997455
7 0.214624 0.785376
7 1e-07 1
4 0.893873 0.106127
7 0.189323 0.810677
7 0.459442 0.540558
7 0.000175354 0.999825
7 0.380185 0.619815
4 0.89914 0.10086
7 0.237214 0.762786
4 0.530209 0.469791
4 0.970032 0.029968
7 0.00886138 0.991139
4 0.843176 0.156824
4 0.976985 0.023015
7 0.000502335 0.999498
4 0.8634 0.1366
7 0.0751083 0.924892
7 0.039393 0.960607
7 0.0100926 0.989907
4 0.999142 0.000858061
7 0.000974704 0.999025
4 0.99901 0.000989616
4 0.857444 0.142556
4 0.992206 0.00779362
7 0.419525 0.580475
7 1.47758e-05 0.999985
4 0.960005 0.0399947
7 0.14082 0.85918
7 0.000163744 0.999836
7 0.0435693 0.956431
7 0.00368353 0.996316
7 0.00360212 0.996398
7 0.0184285 0.981571
7 0.0943583 0.905642
7 0.00709943 0.992901
4 0.999582 0.000417563
7 0.00197847 0.998022
4 0.908391 0.0916094
7 0.0729692 0.927031
7 0.0107407 0.989259
4 1 1e-07
4 0.98987 0.0101304
7 0.0123519 0.987648
7 9.83524e-05 0.999902
4 0.801883 0.198117
7 0.00340844 0.996592
7 0.00107614 0.998924
7 0.00208258 0.997917
7 0.000313064 0.999687
7 0.000376638 0.999623
7 0.23492 0.76508
7 6.80061e-06 0.999993
7 7.36136e-06 0.999993
4 0.902947 0.0970528
7 0.278942 0.721058
4 0.7108 0.2892
4 0.999989 1.07096e-05
7 3.96334e-05 0.99996
4 0.87109 0.12891
4 0.897241 0.102759
4 0.996079 0.00392063
4 0.996177 0.00382285
7 0.00065288 0.999347
7 0.00211022 0.99789
7 0.00256173 0.997438
7 3.66743e-05 0.999963
7 0.133654 0.866346
7 2.33879e-06 0.999998
7 0.00776134 0.992239
4 0.626937 0.373063
7 0.00757417 0.992426
7 0.0203073 0.979693
7 0.116747 0.883253
4 0.997131 0.00286889
7 0.164509 0.835491
4 0.886266 0.113734
4 0.999938 6.20572e-05
4 0.623404 0.376596
7 0.205324 0.794676
7 0.000226735 0.999773
7 0.000682439 0.999318
7 0.141536 0.858464
7 0.219459 0.780541
7 0.232312 0.767688
7 1.66279e-05 0.999983
4 0.764003 0.235997
4 0.997575 0.00242525
4 0.873189 0.126811
7 0.2244 0.7756
7 0.0812089 0.918791
7 0.305818 0.694182
4 0.937155 0.0628447
7 0.000697158 0.999303
7 0.00859562 0.991404
7 6.5547e-05 0.999934
7 0.181722 0.818278
7 0.00533914 0.994661
7 0.000272017 0.999728
4 0.999855 0.000145341
7 0.328449 0.671551
4 0.716759 0.283241
4 0.876852 0.123148
7 3.03906e-06 0.999997
7 0.0807967 0.919203
7 8.7008e-05 0.999913
4 0.99964 0.000360329
7 0.451248 0.548752
7 0.0255928 0.974407
7 7.67554e-07 0.999999
7 0.195093 0.804907
7 0.485959 0.514041
7 0.012482 0.987518
4 0.995561 0.0044388
4 0.624584 0.375416
7 0.0619776 0.938022
4 0.999944 5.60538e-05
4 0.998148 0.00185225
7 0.211361 0.788639
4 0.998771 0.00122912
4 0.999981 1.86389e-05
7 0.00195977 0.99804
7 0.162073 0.837927
7 7.10432e-07 0.999999
4 0.914273 0.085727
7 5.9418e-07 0.999999
4 0.865616 0.134384
7 0.136157 0.863843
7 0.0177728 0.982227
4 0.991152 0.00884795
7 1.70381e-07 1
7 0.00633357 0.993666
7 0.00849587 0.991504
4 0.999323 0.000677344
7 0.0542132 0.945787
4 0.961099 0.0389008
4 0.904233 0.0957668
7 0.162688 0.837312
7 0.0354163 0.964584
4 0.826519 0.173481
7 0.022325 0.977675
7 0.0532595 0.946741
7 0.0616711 0.938329
7 0.0619148 0.938085
7 0.454342 0.545658
7 0.000797819 0.999202
4 0.910812 0.0891879
7 0.0673368 0.932663
7 0.0118292 0.988171
4 0.991515 0.00848461
4 0.921293 0.0787067
4 0.999257 0.000743348
4 0.780586 0.219414
7 0.0954758 0.904524
4 0.965973 0.0340274
4 0.638394 0.361606
7 0.000152291 0.999848
7 1.07909e-07 1
7 0.234335 0.765665
7 0.000142841 0.999857
7 0.299772 0.700228
7 0.00155541 0.998445
7 8.47456e-05 0.999915
7 0.177091 0.822909
4 1 1e-07
4 0.6569 0.3431
7 0.00520794 0.994792
7 0.0710529 0.928947
7 0.0347409 0.965259
7 0.141365 0.858635
4 0.936141 0.0638587
7 0.153941 0.846059
7 0.144583 0.855417
4 0.839546 0.160454
4 0.989403 0.0105969
4 0.822195 0.177805
7 0.00308687 0.996913
7 1.09232e-05 0.999989
4 0.604488 0.395512
7 0.0819973 0.918003
7 0.0243017 0.975698
7 0.0114906 0.988509
7 0.000790778 0.999209
7 0.163498 0.836502
4 0.998407 0.00159297
4 0.824348 0.175652
7 0.110733 0.889267
4 0.974081 0.0259189
4 0.842483 0.157517
4 0.983428 0.0165722
7 2.75063e-05 0.999972
4 0.819513 0.180487
7 0.00358626 0.996414
4 0.559235 0.440765
7 0.0634026 0.936597
7 0.343903 0.656097
4 0.999979 2.14003e-05
7 0.0968349 0.903165
7 0.000341678 0.999658
7 0.0734007 0.926599
7 0.00031658 0.999683
4 0.891889 0.108111
4 0.693281 0.306719
7 0.000777124 0.999223
7 0.00217838 0.997822
4 0.67945 0.32055
4 0.924199 0.0758007
7 3.57958e-07 1
4 0.758383 0.241617
7 0.0320864 0.967914
7 0.00695903 0.993041
4 0.911619 0.0883812
7 6.89218e-05 0.999931
4 0.998958 0.00104222
7 0.000319057 0.999681
7 0.347222 0.652778
7 0.00674947 0.993251
7 0.000944488 0.999056
7 0.329971 0.670029
7 0.00209077 0.997909
7 0.0012398 0.99876
7 0.000178645 0.999821
4 0.979064 0.0209355
7 0.0985729 0.901427
7 0.0939001 0.9061
4 0.860244 0.139756
7 0.0241022 0.975898
7 0.0790644 0.920936
7 0.089774 0.910226
7 0.2082 0.7918
7 0.149081 0.850919
7 0.00275355 0.997246
4 0.737263 0.262737
7 0.00281524 0.997185
4 0.973555 0.0264449
7 0.08403 0.91597
4 0.999963 3.66954e-05
7 0.18223 0.81777
7 1.48547e-06 0.999999
4 0.924322 0.075678
4 0.923063 0.076937
7 0.26205 0.73795
7 0.137599 0.862401
7 0.0260914 0.973909
7 7.41148e-07 0.999999
4 0.999986 1.44244e-05
4 1 3.50094e-07
7 0.00215767 0.997842
4 0.984891 0.0151094
7 0.185124 0.814876
4 0.726334 0.273666
7 0.192145 0.807855
4 0.781655 0.218345
4 0.815187 0.184813
7 0.00253511 0.997465
4 0.990702 0.00929815
7 5.31821e-07 0.999999
7 0.0198706 0.980129
7 0.0505137 0.949486
4 0.999982 1.82179e-05
4 0.994455 0.00554466
4 0.797391 0.202609
7 0.191903 0.808097
4 0.993611 0.00638895
7 0.0426832 0.957317
7 0.0926848 0.907315
7 0.131216 0.868784
4 0.988172 0.0118282
7 0.258359 0.741641
7 0.000224027 0.999776
4 0.991201 0.00879882
4 0.999933 6.66854e-05
7 3.0738e-06 0.999997
7 0.000511661 0.999488
7 0.215494 0.784506
4 0.987737 0.0122628
7 0.0518783 0.948122
7 0.00302436 0.996976
4 0.963577 0.0364225
7 0.184416 0.815584
4 0.631092 0.368908
7 0.017575 0.982425
4 0.934273 0.0657267
7 0.000627417 0.999373
7 0.014852 0.985148
4 0.658517 0.341483
7 0.0504433 0.949557
4 0.893766 0.106234
4 0.999997 3.25556e-06
4 0.993111 0.00688927
7 0.000434609 0.999565
4 0.737267 0.262733
7 0.000551019 0.999449
4 0.945501 0.0544988
7 0.0401594 0.959841
7 0.287365 0.712635
4 0.643399 0.356601
7 0.164574 0.835426
7 0.0466863 0.953314
4 0.999536 0.00046376
7 0.00533137 0.994669
7 1.67677e-07 1
4 0.999936 6.4245e-05
7 0.00281042 0.99719
4 0.954592 0.0454083
7 0.00842989 0.99157
7 0.0481058 0.951894
7 0.00349977 0.9965
7 0.137205 0.862795
7 0.0157582 0.984242
7 0.00204711 0.997953
4 0.869735 0.130265
7 0.391622 0.608378
7 0.00310672 0.996893
7 0.066255 0.933745
4 0.966242 0.0337578
7 0.00248037 0.99752
7 0.0431112 0.956889
4 0.999952 4.84591e-05
4 0.970083 0.0299168
7 0.0118077 0.988192
7 0.0823647 0.917635
4 0.833445 0.166555
7 0.0768554 0.923145
4 0.776582 0.223418
4 0.98842 0.0115801
7 0.357018 0.642982
4 0.999963 3.67296e-05
7 3.95065e-05 0.99996
7 0.223634 0.776366
4 0.986615 0.0133854
7 0.248975 0.751025
7 0.079907 0.920093
4 0.99285 0.00714997
7 0.177931 0.822069
7 0.0610077 0.938992
4 0.852564 0.147436
4 0.999841 0.000158998
4 0.987584 0.0124163
7 0.000103023 0.999897
4 0.689464 0.310536
4 0.626051 0.373949
7 0.140058 0.859942
4 0.523712 0.476288
7 0.119447 0.880553
7 0.0552378 0.944762
4 0.989762 0.0102382
4 0.927067 0.0729326
4 0.892387 0.107613
7 0.132179 0.867821
4 0.986285 0.0137153
4 0.885133 0.114867
7 0.0926995 0.9073
4 0.99998 2.01017e-05
7 0.000959844 0.99904
7 0.00186857 0.998131
7 0.000121367 0.999879
7 0.000124201 0.999876
4 0.974419 0.0255812
4 0.960043 0.0399573
7 0.280935 0.719065
4 0.999984 1.6053e-05
4 0.990457 0.00954333
4 0.948729 0.0512711
7 0.0019323 0.998068
7 0.105576 0.894424
7 0.0738604 0.92614
7 0.282887 0.717113
4 0.926953 0.0730471
7 0.0192428 0.980757
4 0.63114 0.36886
7 0.381134 0.618866
7 0.230235 0.769765
7 0.103916 0.896084
7 0.21 0.79
7 0.00930251 0.990697
7 0.138365 0.861635
4 0.999999 1.46131e-06
4 0.500016 0.499984
7 0.000340925 0.999659
4 0.999999 1.25086e-06
4 0.911312 0.088688
4 0.969099 0.0309009
4 0.999634 0.000366137
7 0.242916 0.757084
7 0.00153913 0.998461
4 0.999998 2.45736e-06
4 0.99996 3.99681e-05
4 0.988707 0.0112927
7 0.27644 0.72356
7 2.70435e-05 0.999973
7 0.287029 0.712971
4 0.760469 0.239531
7 0.000114569 0.999885
7 0.3682 0.6318
7 0.220003 0.779997
4 0.800424 0.199576
4 0.862596 0.137404
4 0.957206 0.0427938
7 0.00154785 0.998452
7 0.133872 0.866128
7 0.133872 0.866128
4 0.760459 0.239541
7 0.0174355 0.982564
7 0.022946 0.977054
4 0.988022 0.011978
7 1.49045e-05 0.999985
7 3.97535e-05 0.99996
4 0.794428 0.205572
7 1e-07 1
4 0.999689 0.000310865
7 0.136638 0.863362
7 0.000294211 0.999706
4 0.999709 0.000290871
7 0.00504917 0.994951
4 1 2.37975e-07
4 0.998879 0.00112121
4 0.977951 0.0220486
7 0.00791163 0.992088
4 0.975315 0.0246854
7 4.66385e-05 0.999953
7 1.31736e-05 0.999987
7 0.108748 0.891252
7 0.00652044 0.99348
7 0.00341039 0.99659
7 0.0631945 0.936805
4 0.915044 0.0849561
4 0.567491 0.432509
7 0.128532 0.871468
7 6.34986e-05 0.999937
7 0.171878 0.828122
4 0.999976 2.41396e-05
7 1.38247e-05 0.999986
7 0.021341 0.978659
4 0.762685 0.237315
4 0.627344 0.372656
7 0.135808 0.864192
4 0.587346 0.412654
7 0.146601 0.853399
4 0.768143 0.231857
7 0.250342 0.749658
4 0.869429 0.130571
7 0.000594638 0.999405
7 0.0156503 0.98435
7 0.160684 0.839316
4 0.992502 0.00749765
7 0.0536407 0.946359
7 9.82452e-05 0.999902
7 0.0591182 0.940882
7 0.00223011 0.99777
4 0.620457 0.379543
7 0.189657 0.810343
4 0.999684 0.000316212
4 0.90806 0.0919396
4 0.999841 0.000158724
7 0.00499653 0.995003
7 0.135063 0.864937
7 0.0356191 0.964381
4 0.822925 0.177075
4 0.918049 0.0819511
4 0.902371 0.097629
7 0.0153861 0.984614
7 0.00598969 0.99401
7 0.00961127 0.990389
7 0.142631 0.857369
4 0.8541 0.1459
4 0.889183 0.110817
4 0.807865 0.192135
4 0.930283 0.0697166
7 0.00452031 0.99548
7 0.00398353 0.996016
7 0.0925189 0.907481
4 0.99996 3.96642e-05
4 0.999888 0.000111501
7 0.0138387 0.986161
7 0.0315814 0.968419
7 0.00156316 0.998437
4 0.999565 0.000434821
7 2.54112e-05 0.999975
7 0.0358998 0.9641
7 0.0216525 0.978347
4 0.949302 0.0506978
4 0.635164 0.364836
4 0.815496 0.184504
4 0.677052 0.322948
7 0.00650819 0.993492
7 0.0896646 0.910335
7 0.107609 0.892391
7 0.0087167 0.991283
4 0.916327 0.0836732
7 0.0329822 0.967018
4 0.95063 0.0493697
7 0.253346 0.746654
7 0.00131126 0.998689
7 0.0427471 0.957253
7 0.0392309 0.960769
7 0.00263599 0.997364
4 0.941787 0.0582131
7 0.140714 0.859286
7 0.0157627 0.984237
7 0.00164116 0.998359
4 0.999242 0.000757776
7 0.00194786 0.998052
4 0.913389 0.0866109
4 0.964726 0.0352735
4 0.953075 0.0469245
7 7.23995e-05 0.999928
4 0.998669 0.00133052
7 0.113393 0.886607
7 3.70691e-05 0.999963
7 0.00014595 0.999854
7 4.52191e-05 0.999955
4 0.874232 0.125768
4 0.990753 0.00924706
7 0.0542834 0.945717
7 0.263409 0.736591
4 0.619708 0.380292
7 0.00993693 0.990063
4 0.719108 0.280892
7 0.0236074 0.976393
4 0.999125 0.000874513
7 0.0542031 0.945797
4 0.673755 0.326245
4 0.997714 0.00228613
4 0.797084 0.202916
4 0.999941 5.92911e-05
4 0.834139 0.165861
7 0.0324238 0.967576
7 0.000331802 0.999668
7 0.0851057 0.914894
4 0.576746 0.423254
4 0.997509 0.00249088
4 0.927231 0.0727693
7 0.00156834 0.998432
7 0.0209791 0.979021
7 2.06602e-05 0.999979
4 0.778088 0.221912
7 0.0300797 0.96992
7 0.386176 0.613824
7 0.019516 0.980484
7 0.00420277 0.995797
7 0.273822 0.726178
4 0.898937 0.101063
7 0.00354798 0.996452
7 0.411353 0.588647
7 0.0156972 0.984303
4 0.999641 0.000358847
4 0.99821 0.00178983
7 0.0144028 0.985597
7 0.470771 0.529229
7 0.2385 0.7615
7 4.21762e-07 1
4 0.980112 0.0198882
7 0.0593799 0.94062
4 0.651526 0.348474
7 0.00874934 0.991251
4 0.514692 0.485308
4 0.699027 0.300973
7 0.381718 0.618282
7 0.0809135 0.919086
7 1e-07 1
7 0.00386395 0.996136
7 0.000335932 0.999664
7 0.000374107 0.999626
7 0.0368336 0.963166
4 0.679804 0.320196
4 0.669431 0.330569
4 0.947545 0.0524555
7 0.0066359 0.993364
4 0.66375 0.33625
4 0.896456 0.103544
4 0.976934 0.023066
7 0.00870047 0.9913
4 0.997062 0.0029385
4 0.8627 0.1373
7 0.000497004 0.999503
7 0.0001435 0.999856
4 0.999999 1.29083e-06
7 0.296806 0.703194
7 0.00208398 0.997916
4 0.996846 0.00315421
4 0.894319 0.105681
4 0.979723 0.0202766
7 1.50093e-05 0.999985
7 0.0100912 0.989909
4 0.999605 0.000394871
4 0.970533 0.0294666
4 0.996948 0.00305164
4 0.763034 0.236966
4 0.670496 0.329504
7 0.0733217 0.926678
7 0.00146939 0.998531
7 0.369202 0.630798
7 0.00164624 0.998354
4 0.660462 0.339538
4 0.999658 0.000341894
7 0.00343419 0.996566
4 0.999993 6.68207e-06
4 0.76113 0.23887
7 0.0237742 0.976226
7 0.144472 0.855528
4 0.99973 0.000269572
7 0.000378092 0.999622
4 0.955003 0.0449967
7 0.310862 0.689138
7 3.28447e-05 0.999967
7 0.258236 0.741764
7 0.00205622 0.997944
4 0.751623 0.248377
7 0.000184901 0.999815
7 0.126117 0.873883
7 5.73418e-05 0.999943
7 0.140583 0.859417
7 8.09074e-07 0.999999
7 0.00153748 0.998463
7 0.418742 0.581258
4 0.99921 0.000790248
4 0.999658 0.000341732
4 0.885526 0.114474
7 0.0338869 0.966113
4 0.568212 0.431788
7 0.238369 0.761631
7 4.01066e-06 0.999996
7 0.00155469 0.998445
7 0.00210188 0.997898
7 0.151209 0.848791
7 0.0103797 0.98962
4 0.999962 3.83832e-05
7 0.00192283 0.998077
7 0.405335 0.594665
4 0.835073 0.164927
4 0.674228 0.325772
4 0.885586 0.114414
7 0.169438 0.830562
7 0.0417849 0.958215
4 0.975507 0.0244929
7 0.0214714 0.978529
4 0.579551 0.420449
7 0.00701286 0.992987
7 0.00221441 0.997786
7 0.224232 0.775768
7 0.265551 0.734449
4 0.999997 3.4042e-06
4 0.847836 0.152164
4 0.992859 0.00714112
4 0.895596 0.104404
4 0.97804 0.0219601
7 4.39965e-07 1
4 0.996574 0.00342637
4 0.999283 0.000717007
7 0.00536633 0.994634
4 0.873741 0.126259
7 7.0421e-07 0.999999
7 7.14807e-06 0.999993
4 0.936101 0.063899
7 0.0659694 0.934031
4 0.999268 0.000732016
7 0.00179441 0.998206
4 0.677005 0.322995
4 0.999791 0.000208887
4 0.536962 0.463038
4 0.999948 5.21314e-05
4 0.999998 2.12466e-06
7 0.0138579 0.986142
7 0.161823 0.838177
7 0.0261575 0.973842
7 0.000964812 0.999035
7 0.00103049 0.99897
4 0.879671 0.120329
7 7.21495e-05 0.999928
7 0.000915573 0.999084
7 0.00191856 0.998081
7 0.0109189 0.989081
7 1.15681e-05 0.999988
7 1.47118e-07 1
7 0.145717 0.854283
7 0.115508 0.884492
4 0.935281 0.0647192
7 0.0942026 0.905797
7 0.00633069 0.993669
4 0.670463 0.329537
7 0.0259656 0.974034
4 0.999899 0.000101058
7 0.0521968 0.947803
4 0.980729 0.0192712
4 0.755538 0.244462
7 0.00219693 0.997803
7 0.0117878 0.988212
4 0.999651 0.00034863
7 0.000945285 0.999055
4 0.948014 0.0519859
7 0.0413726 0.958627
7 2.65447e-05 0.999973
7 0.00147384 0.998526
7 0.217457 0.782543
4 0.797093 0.202907
7 1.15091e-06 0.999999
4 0.886688 0.113312
7 0.00326148 0.996739
7 0.00618947 0.993811
4 0.999274 0.000726121
4 0.902549 0.0974508
7 0.482169 0.517831
4 0.820927 0.179073
7 0.0463579 0.953642
7 1.29611e-05 0.999987
4 0.999261 0.000738523
7 0.00819318 0.991807
7 0.0176867 0.982313
7 0.000116955 0.999883
7 0.0553552 0.944645
7 0.026958 0.973042
4 0.841252 0.158748
4 0.919129 0.080871
4 0.999026 0.000973793
7 0.0457624 0.954238
7 0.00176263 0.998237
7 0.443081 0.556919
7 0.079951 0.920049
7 0.00408418 0.995916
4 0.998406 0.00159394
4 0.924287 0.075713
4 0.833618 0.166382
7 0.00171398 0.998286
4 0.906686 0.0933136
4 0.873987 0.126013
7 0.0559804 0.94402
4 0.97649 0.0235096
7 0.155553 0.844447
7 0.0817042 0.918296
7 0.00257055 0.997429
4 0.999252 0.000748499
7 0.00120357 0.998796
7 0.000213516 0.999786
4 0.962319 0.0376814
7 0.0171531 0.982847
7 0.272226 0.727774
4 0.978524 0.0214762
4 0.972739 0.0272608
4 0.999987 1.29549e-05
7 0.410147 0.589853
4 0.619506 0.380494
4 0.941267 0.0587329
4 1 2.62576e-07
7 0.0103029 0.989697
7 0.000433479 0.999567
7 8.40702e-06 0.999992
7 0.000563659 0.999436
4 0.928219 0.0717809
7 0.122889 0.877111
7 2.04112e-05 0.99998
7 0.164287 0.835713
7 0.00813399 0.991866
7 0.000560581 0.999439
7 0.135496 0.864504
4 0.670968 0.329032
7 0.0323197 0.96768
7 0.0304955 0.969504
7 0.000103048 0.999897
4 0.92922 0.0707797
4 0.998242 0.00175779
7 0.0924282 0.907572
7 0.00367079 0.996329
7 0.247038 0.752962
7 0.0142494 0.985751
7 0.0283689 0.971631
7 0.00331013 0.99669
7 0.000406751 0.999593
4 0.656575 0.343425
4 0.620576 0.379424
7 0.0562596 0.94374
7 1e-07 1
7 0.0416789 0.958321
7 0.00587778 0.994122
4 0.998924 0.0010755
4 0.999934 6.61314e-05
4 0.999898 0.000102393
7 0.0303294 0.969671
4 0.998676 0.00132449
7 0.233349 0.766651
4 0.910815 0.0891847
4 0.518335 0.481665
7 0.132252 0.867748
4 0.870219 0.129781
4 0.786825 0.213175
4 0.549139 0.450861
4 0.626664 0.373336
7 0.00984431 0.990156
7 0.000725866 0.999274
7 4.46625e-05 0.999955
4 0.626726 0.373274
7 0.125576 0.874424
4 1 1e-07
4 0.999753 0.00024719
4 0.786724 0.213276
7 0.258366 0.741634
7 0.0987485 0.901251
4 0.995263 0.00473666
4 0.657982 0.342018
7 2.69033e-05 0.999973
4 0.887395 0.112605
4 0.516763 0.483237
7 0.0727338 0.927266
4 0.999955 4.53453e-05
4 0.938386 0.0616139
7 0.352454 0.647546
7 0.000618692 0.999381
4 0.801176 0.198824
7 0.00240251 0.997597
7 0.0259298 0.97407
7 0.0628863 0.937114
7 0.0018497 0.99815
7 0.00472006 0.99528
4 0.586499 0.413501
7 0.0187936 0.981206
7 0.0143864 0.985614
7 0.354521 0.645479
4 1 1.74127e-07
4 0.880906 0.119094
7 0.0221709 0.977829
4 1 1e-07
7 0.049658 0.950342
7 0.119911 0.880089
7 0.00567752 0.994322
7 0.132515 0.867485
4 0.999949 5.12722e-05
4 0.708713 0.291287
4 0.994449 0.00555061
7 0.0126183 0.987382
7 0.000218354 0.999782
4 0.629779 0.370221
7 0.00224079 0.997759
7 0.118661 0.881339
7 2.9862e-06 0.999997
4 0.997061 0.00293882
7 0.333893 0.666107
7 0.181944 0.818056
4 0.623215 0.376785
7 0.0200339 0.979966
7 0.0158979 0.984102
7 0.00314455 0.996855
7 0.0130238 0.986976
7 0.454053 0.545947
7 5.60406e-05 0.999944
4 0.999872 0.000127555
7 1.33728e-05 0.999987
7 0.273092 0.726908
7 0.382146 0.617854
4 0.999991 9.36266e-06
4 0.860046 0.139954
7 0.339413 0.660587
7 0.37679 0.62321
4 0.98633 0.0136698
7 0.000626407 0.999374
7 0.000206667 0.999793
7 3.47884e-05 0.999965
7 0.002355 0.997645
4 0.916344 0.0836558
7 0.10168 0.89832
7 0.0178819 0.982118
7 0.00673925 0.993261
7 0.000188696 0.999811
7 0.174412 0.825588
4 0.72268 0.27732
7 0.233002 0.766998
7 0.0333893 0.966611
4 0.999797 0.00020319
7 0.118478 0.881522
4 0.708973 0.291027
7 0.0858746 0.914125
7 0.027689 0.972311
4 0.999986 1.36743e-05
7 0.00506026 0.99494
4 0.995293 0.00470696
4 0.999847 0.00015317
7 0.0251277 0.974872
4 0.957346 0.0426536
4 0.998831 0.00116874
4 0.984276 0.015724
4 0.993602 0.00639759
4 0.816975 0.183025
4 0.87828 0.12172
4 0.918438 0.0815621
4 0.692033 0.307967
4 0.977867 0.022133
4 0.895417 0.104583
7 0.0498494 0.950151
4 0.945788 0.0542125
4 0.729378 0.270622
7 0.00012646 0.999874
4 0.833448 0.166552
4 0.986156 0.0138439
4 0.78438 0.21562
7 1.45953e-06 0.999999
7 0.0513383 0.948662
4 0.999895 0.000104936
7 0.0011585 0.998841
4 0.900096 0.0999044
4 0.999572 0.000428067
4 0.721614 0.278386
4 0.898397 0.101603
4 0.622387 0.377613
4 0.690359 0.309641
4 0.999637 0.000363224
4 0.868041 0.131959
4 0.947464 0.0525361
7 0.0506524 0.949348
7 2.54942e-07 1
4 0.999519 0.00048064
7 0.000225439 0.999775
7 0.425682 0.574318
7 0.0192491 0.980751
7 0.0463219 0.953678
7 0.424848 0.575152
4 0.758301 0.241699
7 0.000160638 0.999839
7 0.0775635 0.922436
7 0.26905 0.73095
7 0.000734471 0.999266
4 0.904771 0.0952286
7 0.00234778 0.997652
4 0.993995 0.00600502
4 0.983322 0.0166778
7 0.0372759 0.962724
7 0.0216178 0.978382
7 0.303869 0.696131
7 0.000459884 0.99954
7 0.228206 0.771794
7 0.330598 0.669402
4 0.980287 0.019713
7 0.0838354 0.916165
7 0.0260523 0.973948
7 0.0280968 0.971903
4 0.848086 0.151914
7 0.00867319 0.991327
4 0.999943 5.676e-05
7 0.0129252 0.987075
7 0.145908 0.854092
7 0.19278 0.80722
7 0.00930312 0.990697
7 0.0609945 0.939005
4 0.999847 0.00015347
4 0.878679 0.121321
7 0.000463834 0.999536
7 0.297402 0.702598
7 4.50621e-05 0.999955
4 0.856708 0.143292
4 0.99428 0.00571951
4 0.999676 0.000323913
7 0.00420021 0.9958
4 0.734022 0.265978
4 0.983415 0.0165851
7 0.229441 0.770559
4 0.721994 0.278006
7 0.00415088 0.995849
4 0.977683 0.0223174
7 0.000578534 0.999421
4 0.88334 0.11666
7 0.144846 0.855154
7 0.00354148 0.996459
4 0.999879 0.000120838
7 0.295444 0.704556
4 0.927779 0.0722213
4 0.999867 0.000132762
4 0.646871 0.353129
4 0.8276 0.1724
7 0.475125 0.524875
4 0.562254 0.437746
4 0.652248 0.347752
7 0.0707228 0.929277
4 0.781571 0.218429
4 0.946325 0.0536751
4 0.980178 0.0198224
4 0.742961 0.257039
4 0.600553 0.399447
7 0.00366151 0.996338
7 0.0181437 0.981856
4 0.950073 0.0499271
7 4.38291e-06 0.999996
7 0.0731118 0.926888
7 0.00598737 0.994013
7 0.0931936 0.906806
4 0.994573 0.00542652
4 0.789732 0.210268
7 0.00313904 0.996861
4 0.828049 0.171951
7 0.00353789 0.996462
4 0.999572 0.000427882
7 5.11441e-07 0.999999
7 0.0687565 0.931244
4 0.99924 0.000760428
7 0.00111201 0.998888
4 0.616621 0.383379
4 0.997878 0.00212242
7 0.000768771 0.999231
4 0.998093 0.00190672
7 0.040398 0.959602
4 0.918903 0.0810966
4 0.999998 1.88768e-06
4 0.999196 0.000804198
7 0.00835212 0.991648
7 0.00458356 0.995416
4 0.970033 0.029967
7 0.168805 0.831195
4 0.893656 0.106344
4 0.879674 0.120326
7 0.0551685 0.944832
7 1.982e-05 0.99998
4 0.998888 0.00111186
4 0.999998 1.8095e-06
7 0.0184424 0.981558
4 0.968263 0.0317374
7 0.0400474 0.959953
4 0.969357 0.0306428
7 0.155813 0.844187
7 0.0621283 0.937872
4 0.739192 0.260808
7 1.26766e-06 0.999999
7 0.00206139 0.997939
7 0.00605063 0.993949
7 0.303175 0.696825
7 0.00504604 0.994954
7 0.00348067 0.996519
7 0.00103686 0.998963
7 0.000225917 0.999774
4 0.999413 0.000587477
7 0.0467184 0.953282
4 0.998368 0.00163174
7 1e-07 1
7 0.00273056 0.997269
4 0.653407 0.346593
7 0.000298709 0.999701
7 0.00409676 0.995903
4 0.645438 0.354562
7 0.00754587 0.992454
7 0.00024339 0.999757
4 0.945095 0.0549054
4 0.527339 0.472661
7 0.0472198 0.95278
4 0.99696 0.00303993
4 0.999855 0.000145247
7 0.050876 0.949124
4 0.99552 0.00447981
4 0.897948 0.102052
4 0.991599 0.0084013
7 8.7818e-05 0.999912
7 0.00110657 0.998893
7 0.103263 0.896737
7 0.0131427 0.986857
4 0.921467 0.0785333
4 0.546148 0.453852
4 0.989549 0.0104511
4 0.93328 0.0667204
7 0.00643221 0.993568
7 0.0835707 0.916429
7 0.118286 0.881714
7 0.0274913 0.972509
4 0.707725 0.292275
4 0.557742 0.442258
7 0.000526471 0.999474
7 0.0080642 0.991936
4 0.922094 0.077906
7 0.119758 0.880242
7 0.0235255 0.976475
7 0.00133101 0.998669
7 0.000280356 0.99972
7 0.000506896 0.999493
7 0.00642751 0.993572
4 0.998575 0.00142456
7 0.00360046 0.9964
4 0.997741 0.0022585
4 0.999748 0.000251844
4 0.77237 0.22763
4 0.999769 0.000230747
7 0.122931 0.877069
7 4.21958e-05 0.999958
7 0.0492532 0.950747
4 0.803741 0.196259
4 0.995465 0.00453508
7 0.000357555 0.999642
7 4.57264e-06 0.999995
7 0.00180027 0.9982
4 0.984094 0.0159058
7 0.00513019 0.99487
7 0.000890342 0.99911
7 0.208438 0.791562
4 0.710411 0.289589
4 0.9855 0.0145001
7 0.000922172 0.999078
4 0.995298 0.00470202
7 0.00192617 0.998074
4 0.75946 0.24054
4 0.962233 0.037767
7 0.125688 0.874312
4 0.998077 0.00192302
4 0.995723 0.00427656
4 0.999881 0.000119156
7 0.174102 0.825898
7 4.8685e-06 0.999995
7 0.00105889 0.998941
7 0.00145891 0.998541
7 0.0435173 0.956483
4 0.99876 0.00123988
4 0.526938 0.473062
4 0.999977 2.32077e-05
7 0.00202139 0.997979
4 0.999998 2.18085e-06
4 0.510469 0.489531
4 0.999988 1.19952e-05
4 0.912767 0.0872325
4 0.964881 0.0351188
4 0.852047 0.147953
7 0.00213314 0.997867
7 0.0780541 0.921946
7 0.0270181 0.972982
7 0.118264 0.881736
7 0.000739151 0.999261
4 0.998421 0.00157945
4 0.999999 9.90237e-07
4 0.999971 2.90723e-05
7 1.965e-07 1
7 0.169651 0.830349
4 0.872591 0.127409
7 0.00251059 0.997489
7 0.164722 0.835278
4 0.927704 0.0722964
7 0.00127417 0.998726
4 0.652676 0.347324
7 0.404531 0.595469
7 0.149155 0.850845
7 0.00144854 0.998551
7 0.103104 0.896896
7 0.233451 0.766549
7 0.000110631 0.999889
4 0.749125 0.250875
4 0.695 0.305
7 0.000180021 0.99982
4 0.948094 0.0519062
7 0.134858 0.865142
7 0.00421696 0.995783
7 5.68441e-05 0.999943
7 0.0327657 0.967234
4 0.571234 0.428766
7 0.0155736 0.984426
4 0.712088 0.287912
7 0.00841449 0.991586
4 0.88205 0.11795
4 0.975921 0.0240789
7 0.0985341 0.901466
7 6.15345e-05 0.999938
4 0.618644 0.381356
7 0.248232 0.751768
4 0.938462 0.0615377
7 0.00214887 0.997851
4 0.916153 0.0838469
7 0.190839 0.809161
4 0.923038 0.0769616
7 0.194474 0.805526
7 0.0377145 0.962286
4 0.772992 0.227008
7 0.018402 0.981598
4 0.812195 0.187805
7 0.480378 0.519622
4 0.968598 0.0314024
7 0.0838218 0.916178
7 0.268505 0.731495
7 0.030387 0.969613
7 0.00918824 0.990812
7 0.232085 0.767915
7 0.0111106 0.988889
4 0.942977 0.0570228
7 0.00739219 0.992608
7 0.0220586 0.977941
7 0.00262674 0.997373
4 0.665026 0.334974
4 0.721438 0.278562
4 0.995657 0.00434269
7 0.438248 0.561752
4 0.872867 0.127133
7 0.376567 0.623433
7 0.0111522 0.988848
4 0.926163 0.0738365
7 0.149798 0.850202
7 0.0704651 0.929535
4 0.995167 0.00483276
7 0.115763 0.884237
7 0.000151969 0.999848
4 0.965759 0.0342415
7 8.64572e-06 0.999991
4 0.963586 0.0364137
7 0.000829634 0.99917
7 0.000228152 0.999772
4 0.837423 0.162577
4 0.831431 0.168569
4 0.865441 0.134559
7 0.058385 0.941615
4 0.998453 0.00154681
4 0.932087 0.0679132
7 0.0808691 0.919131
7 0.00041222 0.999588
4 0.849169 0.150831
4 0.573147 0.426853
4 0.951677 0.0483234
7 0.0393991 0.960601
7 0.0460494 0.953951
4 0.989258 0.0107418
4 0.958231 0.0417693
4 0.536223 0.463777
7 0.0248527 0.975147
4 0.982982 0.0170185
7 0.0433439 0.956656
7 0.00561536 0.994385
7 0.0241061 0.975894
4 0.891649 0.108351
7 0.00197775 0.998022
7 0.0128063 0.987194
4 0.801829 0.198171
7 0.0247669 0.975233
7 0.00160242 0.998398
7 0.000191292 0.999809
7 0.0302436 0.969756
7 0.000267369 0.999733
4 0.99924 0.000759795
4 0.88993 0.11007
7 0.0273434 0.972657
4 0.999697 0.000303076
7 0.0478421 0.952158
7 0.000693302 0.999307
7 0.102634 0.897366
7 0.140727 0.859273
4 0.787798 0.212202
4 0.661178 0.338822
4 0.999526 0.000474428
7 0.00369636 0.996304
7 0.0106109 0.989389
7 0.231006 0.768994
7 0.106877 0.893123
4 0.846406 0.153594
7 0.000427489 0.999573
4 0.999513 0.000487372
4 0.58863 0.41137
7 0.0976581 0.902342
7 0.0170651 0.982935
4 0.65127 0.34873
7 0.290846 0.709154
4 0.897189 0.102811
4 0.824712 0.175288
7 0.00833482 0.991665
7 0.00111282 0.998887
7 0.00660617 0.993394
4 0.633583 0.366417
7 0.00878029 0.99122
4 0.861601 0.138399
7 0.0314023 0.968598
7 0.160254 0.839746
7 0.416293 0.583707
7 0.0978072 0.902193
7 0.000443922 0.999556
7 0.000177398 0.999823
4 0.895709 0.104291
4 0.855019 0.144981
7 0.0634802 0.93652
4 0.884104 0.115896
7 4.03939e-05 0.99996
7 0.0338453 0.966155
4 0.807768 0.192232
4 0.901714 0.0982857
4 0.998643 0.00135727
4 0.553002 0.446998
4 0.655625 0.344375
7 0.0330208 0.966979
4 0.723113 0.276887
7 0.000596746 0.999403
4 0.99994 6.01269e-05
4 0.973643 0.0263568
4 0.990686 0.00931388
4 0.999955 4.49369e-05
7 0.000681819 0.999318
4 0.999983 1.71086e-05
4 0.973989 0.0260111
4 0.998895 0.00110511
7 0.000106151 0.999894
4 1 2.28889e-07
7 0.0398696 0.96013
4 0.979687 0.0203126
7 0.00148793 0.998512
7 0.127597 0.872403
4 0.849402 0.150598
4 0.980575 0.0194249
7 0.0100067 0.989993
4 0.999971 2.90218e-05
4 0.999995 5.28118e-06
7 0.00178614 0.998214
4 0.951907 0.0480928
4 0.751088 0.248912
4 0.892061 0.107939
4 0.666321 0.333679
7 2.94352e-06 0.999997
4 0.962407 0.0375933
7 0.0560504 0.94395
7 0.00183796 0.998162
7 0.0711481 0.928852
4 0.976177 0.0238233
7 0.0747036 0.925296
7 0.0578566 0.942143
4 0.959391 0.0406092
4 0.94442 0.05558
7 0.228508 0.771492
7 0.0302943 0.969706
7 0.173038 0.826962
4 0.712707 0.287293
7 0.419037 0.580963
7 0.166901 0.833099
7 0.0210146 0.978985
7 0.118032 0.881968
4 0.905826 0.0941744
4 0.940301 0.0596986
7 0.485498 0.514502
7 8.96681e-05 0.99991
4 0.955713 0.0442872
7 0.19416 0.80584
7 0.000381646 0.999618
7 0.0170263 0.982974
4 0.853284 0.146716
4 0.991656 0.00834372
7 0.0005471 0.999453
7 0.00197154 0.998028
7 0.00147276 0.998527
4 0.929845 0.0701552
7 0.00373431 0.996266
4 0.999995 5.13603e-06
4 0.989911 0.0100893
7 0.0191795 0.98082
7 0.0038205 0.996179
7 0.149427 0.850573
4 0.898133 0.101867
4 0.709775 0.290225
7 0.328917 0.671083
7 0.00136993 0.99863
7 0.0227014 0.977299
7 0.0519533 0.948047
4 0.891582 0.108418
7 0.00336344 0.996637
7 0.000308216 0.999692
4 0.973471 0.0265287
7 0.00544659 0.994553
7 0.00135306 0.998647
4 0.948596 0.0514037
4 0.997449 0.00255101
7 0.265795 0.734205
7 0.00247776 0.997522
4 0.957787 0.042213
7 0.0289795 0.971021
7 0.0805106 0.919489
7 0.0003976 0.999602
7 0.0283325 0.971667
7 0.00423691 0.995763
7 1.86184e-06 0.999998
4 0.650798 0.349202
4 0.750239 0.249761
7 0.000377414 0.999623
4 0.82508 0.17492
4 0.891696 0.108304
7 1.51152e-07 1
7 0.000281062 0.999719
7 0.00851801 0.991482
7 0.219742 0.780258
4 0.847246 0.152754
7 0.368474 0.631526
7 0.0339042 0.966096
7 0.0130004 0.987
4 0.874566 0.125434
4 0.906493 0.0935072
4 0.83851 0.16149
4 0.999999 1.4812e-06
4 0.995523 0.00447749
7 3.5491e-05 0.999965
4 0.854752 0.145248
7 0.0360093 0.963991
4 0.808026 0.191974
4 0.719895 0.280105
4 0.987286 0.0127139
7 0.0971722 0.902828
7 0.457909 0.542091
4 0.835397 0.164603
7 0.0250867 0.974913
4 0.997897 0.00210321
7 0.000571677 0.999428
4 0.99746 0.0025405
7 0.000778564 0.999221
4 0.583066 0.416934
7 0.0361777 0.963822
4 0.904875 0.095125
7 0.0451843 0.954816
7 0.000406891 0.999593
4 0.649928 0.350072
7 0.398649 0.601351
7 0.033616 0.966384
4 0.910689 0.0893106
4 0.9534 0.0465998
4 0.999811 0.000188678
7 0.0203699 0.97963
4 0.655746 0.344254
7 0.443753 0.556247
4 0.961531 0.0384687
7 5.70597e-05 0.999943
4 0.918468 0.0815323
7 0.0108728 0.989127
4 0.862962 0.137038
7 0.000285295 0.999715
7 0.211106 0.788894
4 0.85866 0.14134
7 0.0393202 0.96068
7 0.0427328 0.957267
7 1e-07 1
4 0.647405 0.352595
7 6.783e-05 0.999932
7 0.12928 0.87072
7 0.382134 0.617866
4 0.808675 0.191325
7 0.011772 0.988228
4 0.999999 8.06033e-07
7 0.155435 0.844565
4 0.999971 2.88978e-05
7 2.41859e-06 0.999998
4 0.67932 0.32068
7 0.000864531 0.999135
4 0.834639 0.165361
4 0.998979 0.00102091
7 0.213951 0.786049
4 0.96726 0.0327395
7 0.0119286 0.988071
4 0.99999 9.90598e-06
4 0.963602 0.0363976
7 0.00881989 0.99118
7 0.00100172 0.998998
7 0.00100384 0.998996
4 0.501567 0.498433
7 0.00722948 0.992771
4 0.770015 0.229985
7 0.000590119 0.99941
4 0.599249 0.400751
7 0.0113182 0.988682
7 0.00194121 0.998059
7 0.0222959 0.977704
4 0.831764 0.168236
7 1.09919e-05 0.999989
4 0.820667 0.179333
7 0.139908 0.860092
4 0.830276 0.169724
7 0.236132 0.763868
4 0.902761 0.097239
4 0.999946 5.39797e-05
4 0.99935 0.000649927
7 7.96196e-07 0.999999
7 0.00182257 0.998177
4 0.978915 0.0210852
4 0.617104 0.382896
4 0.802654 0.197346
4 0.986353 0.0136466
7 0.0209866 0.979013
7 8.17866e-05 0.999918
7 0.0135817 0.986418
4 0.956689 0.0433114
7 0.00067069 0.999329
4 0.886639 0.113361
4 0.867831 0.132169
4 0.748617 0.251383
7 0.272854 0.727146
7 0.000189893 0.99981
7 1.463e-05 0.999985
4 0.741395 0.258605
7 0.000734365 0.999266
7 0.00071028 0.99929
4 0.999889 0.00011077
4 0.999184 0.000816345
7 0.0127427 0.987257
7 0.000355248 0.999645
4 0.98902 0.0109802
7 0.0353155 0.964684
4 0.998755 0.0012449
7 2.70268e-06 0.999997
7 0.0370512 0.962949
4 1 1e-07
7 0.0608562 0.939144
4 0.75447 0.24553
7 0.0241782 0.975822
4 0.897654 0.102346
7 0.117347 0.882653
7 0.395615 0.604385
4 0.937085 0.0629149
4 0.915529 0.0844711
7 0.464759 0.535241
7 0.0888482 0.911152
4 0.976069 0.0239314
7 0.0931091 0.906891
7 0.0179209 0.982079
4 0.940636 0.0593635
4 0.999996 4.11209e-06
4 0.896577 0.103423
7 0.0152614 0.984739
4 0.886663 0.113337
7 0.000270868 0.999729
7 0.296205 0.703795
4 0.704825 0.295175
4 0.65464 0.34536
4 0.863313 0.136687
7 0.0175497 0.98245
7 0.0250908 0.974909
7 0.000140857 0.999859
7 0.350227 0.649773
7 1.12991e-05 0.999989
7 0.0126898 0.98731
7 0.0196989 0.980301
7 0.0256079 0.974392
4 0.981315 0.0186846
4 0.909069 0.0909313
7 0.350948 0.649052
7 0.000193427 0.999807
7 0.192392 0.807608
7 0.00107636 0.998924
7 0.0242247 0.975775
7 0.474945 0.525055
7 0.00265594 0.997344
4 0.803758 0.196242
4 0.73917 0.26083
4 0.850903 0.149097
4 0.504651 0.495349
7 0.280561 0.719439
7 0.00705041 0.99295
4 0.50642 0.49358
7 0.00799395 0.992006
4 0.763479 0.236521
4 0.97127 0.02873
4 0.967428 0.0325722
4 0.999995 5.10006e-06
4 0.996601 0.00339876
4 0.633421 0.366579
7 0.00259912 0.997401
4 0.545174 0.454826
7 0.0214093 0.978591
7 0.272255 0.727745
7 0.443368 0.556632
7 0.078385 0.921615
7 0.000717768 0.999282
4 0.885909 0.114091
4 0.842001 0.157999
7 1.43159e-05 0.999986
7 0.00412631 0.995874
7 0.0208201 0.97918
7 0.00519995 0.9948
7 0.0113033 0.988697
4 0.818747 0.181253
4 0.968623 0.031377
4 0.996868 0.00313215
7 0.116857 0.883143
7 0.0522511 0.947749
7 0.253954 0.746046
7 0.00014782 0.999852
7 0.014856 0.985144
7 0.43758 0.56242
7 0.0985268 0.901473
4 0.999948 5.19438e-05
4 0.998632 0.00136776
7 0.190878 0.809122
4 0.999967 3.33762e-05
4 0.838399 0.161601
4 0.997878 0.00212185
4 0.578013 0.421987
4 0.696348 0.303652
7 0.280113 0.719887
7 0.0292311 0.970769
7 0.0170306 0.982969
4 0.821996 0.178004
7 1.6716e-05 0.999983
7 0.00368409 0.996316
7 0.0234693 0.976531
4 0.967048 0.0329522
7 1e-07 1
4 1 1e-07
7 0.00585648 0.994144
7 0.238305 0.761695
4 0.691437 0.308563
7 0.000835747 0.999164
7 0.000256113 0.999744
7 0.00197123 0.998029
7 0.000127869 0.999872
4 0.854838 0.145162
7 0.391246 0.608754
7 0.00115004 0.99885
4 0.98691 0.0130896
7 0.00048227 0.999518
4 0.624459 0.375541
4 0.981356 0.0186439
7 0.000392765 0.999607
7 0.00371727 0.996283
4 0.999618 0.000381864
7 2.2312e-06 0.999998
7 0.159544 0.840456
7 0.00939883 0.990601
7 0.00257175 0.997428
7 0.0188521 0.981148
7 0.0028773 0.997123
4 0.998813 0.00118678
7 0.0010966 0.998903
7 0.223719 0.776281
7 0.0141206 0.985879
4 0.519348 0.480652
7 0.00559468 0.994405
7 3.84696e-06 0.999996
7 0.00204288 0.997957
7 0.0459415 0.954059
4 0.998971 0.00102945
4 0.999995 4.57009e-06
7 1.33534e-07 1
4 0.997784 0.00221613
7 0.000768636 0.999231
7 0.166329 0.833671
7 0.0815113 0.918489
7 0.272758 0.727242
4 0.690876 0.309124
7 0.235929 0.764071
4 0.996893 0.00310699
7 5.98342e-05 0.99994
7 4.66337e-05 0.999953
4 0.999802 0.000197958
4 0.91902 0.0809804
7 2.43203e-05 0.999976
7 0.0068715 0.993129
7 0.000659399 0.999341
4 0.932657 0.0673427
4 0.999833 0.000166547
4 0.949711 0.0502889
7 0.00333388 0.996666
7 2.37005e-05 0.999976
4 0.962284 0.0377155
7 1.78988e-06 0.999998
7 3.5304e-07 1
7 0.0354853 0.964515
4 0.998985 0.00101479
4 0.898739 0.101261
4 0.557054 0.442946
4 0.938127 0.0618734
4 0.68241 0.31759
7 0.214849 0.785151
4 0.686506 0.313494
4 0.788751 0.211249
7 7.75317e-05 0.999922
4 0.918167 0.0818334
4 0.843812 0.156188
4 0.624198 0.375802
7 0.0459042 0.954096
7 0.0927569 0.907243
4 0.871841 0.128159
4 0.979564 0.0204357
7 0.00480725 0.995193
4 0.766192 0.233808
7 0.00662477 0.993375
7 0.274104 0.725896
7 0.00434291 0.995657
4 0.525856 0.474144
7 0.105125 0.894875
4 0.999643 0.000357185
4 0.729891 0.270109
7 0.191801 0.808199
4 0.796028 0.203972
4 0.967146 0.0328536
4 0.881786 0.118214
4 0.855576 0.144424
7 0.461518 0.538482
7 0.0130031 0.986997
7 0.00622 0.99378
7 0.0678703 0.93213
7 0.00692268 0.993077
7 0.155464 0.844536
7 0.00456988 0.99543
4 0.999988 1.21571e-05
7 0.0812736 0.918726
7 0.000310374 0.99969
7 0.0112965 0.988703
4 0.821103 0.178897
4 0.999953 4.71787e-05
4 0.999834 0.000165759
7 0.043091 0.956909
7 0.00227891 0.997721
4 0.999099 0.000901404
4 1 1e-07
4 0.986984 0.0130157
7 0.00536819 0.994632
4 0.944448 0.0555516
4 0.999136 0.000863921
7 0.136088 0.863912
7 0.00283207 0.997168
7 1e-07 1
7 0.0110771 0.988923
7 0.052407 0.947593
7 0.00187444 0.998126
7 0.000339793 0.99966
7 0.154321 0.845679
7 5.38234e-05 0.999946
7 0.00460151 0.995398
4 0.925539 0.0744611
7 0.00320263 0.996797
7 0.0516896 0.94831
4 0.960408 0.0395915
7 0.113429 0.886571
7 0.00130759 0.998692
4 0.567919 0.432081
7 0.0971793 0.902821
7 0.359397 0.640603
7 0.00464435 0.995356
4 0.999885 0.000115125
4 0.641114 0.358886
7 0.000248091 0.999752
4 0.851625 0.148375
4 0.937604 0.0623964
4 0.898249 0.101751
7 0.0746754 0.925325
4 0.964067 0.0359328
7 0.0876515 0.912349
7 0.00133108 0.998669
4 0.999408 0.000591721
4 0.999779 0.000220932
4 0.999941 5.92595e-05
4 0.909336 0.0906637
4 0.668503 0.331497
7 0.000483122 0.999517
7 0.00202638 0.997974
7 0.0147109 0.985289
7 0.0106084 0.989392
7 0.124296 0.875704
4 0.973363 0.0266366
7 0.00108394 0.998916
4 0.998977 0.00102266
7 0.00381674 0.996183
4 0.504738 0.495262
7 0.366918 0.633082
4 0.663108 0.336892
4 0.990187 0.00981258
4 0.949841 0.0501588
4 0.806839 0.193161
7 0.0907378 0.909262
4 0.916851 0.083149
7 2.33753e-05 0.999977
4 0.999737 0.000262911
7 0.000817636 0.999182
4 0.952088 0.0479121
4 0.995929 0.00407133
7 0.0230381 0.976962
4 0.637073 0.362927
4 0.543592 0.456408
7 0.0790372 0.920963
4 0.910175 0.0898249
4 0.925882 0.0741177
4 0.992976 0.0070245
4 0.949624 0.0503759
4 0.742995 0.257005
4 0.91075 0.0892505
7 0.00155623 0.998444
7 0.00938159 0.990618
4 0.985052 0.0149481
4 0.980219 0.0197815
7 0.000791547 0.999208
4 0.850569 0.149431
7 0.0010914 0.998909
7 0.257266 0.742734
4 0.99167 0.00833001
4 0.541671 0.458329
7 0.00025159 0.999748
7 0.00287033 0.99713
7 0.151791 0.848209
7 0.00165393 0.998346
4 0.951339 0.0486614
4 0.981775 0.0182251
7 0.220646 0.779354
7 0.382701 0.617299
4 0.991777 0.00822278
7 0.000984709 0.999015
4 0.655617 0.344383
7 0.0040666 0.995933
4 0.767589 0.232411
7 8.17525e-05 0.999918
4 0.963886 0.0361142
4 0.992152 0.00784829
7 0.0170503 0.98295
4 0.999998 2.216e-06
7 0.00133688 0.998663
7 0.0138489 0.986151
7 0.00559429 0.994406
7 0.00301551 0.996984
7 0.0180547 0.981945
7 0.0910507 0.908949
7 0.0271926 0.972807
4 0.99994 5.99619e-05
4 0.682465 0.317535
7 0.0362429 0.963757
7 0.0510097 0.94899
4 0.907735 0.0922646
4 0.769209 0.230791
4 0.695957 0.304043
7 0.0118264 0.988174
7 0.178047 0.821953
4 0.991553 0.00844675
7 0.00549679 0.994503
7 0.00297426 0.997026
4 0.935202 0.0647982
7 0.391495 0.608505
7 0.000567381 0.999433
7 0.00220315 0.997797
7 0.00231942 0.997681
7 0.383496 0.616504
4 0.98222 0.01778
4 0.819792 0.180208
7 0.00156954 0.99843
7 8.04816e-06 0.999992
4 0.845424 0.154576
7 0.000644238 0.999356
7 0.000244677 0.999755
7 0.000140154 0.99986
7 0.108612 0.891388
7 0.00867287 0.991327
7 0.0379451 0.962055
4 0.963481 0.036519
7 0.000360546 0.999639
7 0.198062 0.801938
7 2.29258e-06 0.999998
7 0.0296639 0.970336
7 0.0492094 0.950791
4 0.954109 0.0458906
7 0.0033371 0.996663
7 0.00639524 0.993605
4 0.985533 0.0144665
7 0.0439071 0.956093
4 0.652611 0.347389
4 0.945628 0.0543721
4 0.977851 0.0221491
4 0.59126 0.40874
7 0.000575445 0.999425
7 0.180614 0.819386
4 0.902797 0.0972033
7 0.0486852 0.951315
4 0.862785 0.137215
4 0.72029 0.27971
7 0.00661444 0.993386
7 0.000474208 0.999526
4 0.996517 0.00348321
7 0.00128203 0.998718
4 0.740513 0.259487
7 4.92e-05 0.999951
4 0.947401 0.0525994
7 0.0140781 0.985922
7 0.124544 0.875456
7 0.205074 0.794926
7 0.00905526 0.990945
7 0.00845785 0.991542
4 0.933174 0.0668262
7 0.000965453 0.999035
7 0.0956932 0.904307
4 0.999024 0.000976298
7 0.064496 0.935504
4 0.999859 0.000141191
4 0.895536 0.104464
7 0.0507802 0.94922
4 0.948953 0.0510468
7 0.0320855 0.967914
4 0.673738 0.326262
4 0.855493 0.144507
4 0.880584 0.119416
4 0.755219 0.244781
7 0.000195923 0.999804
7 2.82666e-05 0.999972
7 0.00541691 0.994583
7 0.00440832 0.995592
4 0.998935 0.00106457
7 1e-07 1
7 0.00506511 0.994935
4 0.733203 0.266797
7 0.00167698 0.998323
7 2.63057e-05 0.999974
7 0.00132335 0.998677
7 0.00813349 0.991867
7 0.185365 0.814635
7 0.113196 0.886804
4 0.922509 0.0774911
7 0.225348 0.774652
7 0.00594788 0.994052
4 0.993547 0.00645343
4 0.617034 0.382966
7 0.00320527 0.996795
7 0.0768344 0.923166
7 0.103024 0.896976
7 2.11851e-06 0.999998
4 0.999715 0.000285168
4 0.586696 0.413304
7 0.000250558 0.999749
7 0.052832 0.947168
7 0.202585 0.797415
7 0.0338645 0.966136
4 0.668148 0.331852
7 0.00410469 0.995895
4 0.881725 0.118275
4 0.872071 0.127929
4 0.844478 0.155522
4 0.636061 0.363939
7 0.0177303 0.98227
4 0.999937 6.296e-05
7 0.0533803 0.94662
4 0.998232 0.00176778
4 0.787449 0.212551
7 0.0199837 0.980016
4 0.999519 0.000480913
7 0.00816724 0.991833
7 0.0111008 0.988899
7 8.20422e-06 0.999992
4 0.973798 0.0262017
7 0.000158414 0.999842
4 0.860035 0.139965
4 0.775022 0.224978
7 0.0157715 0.984228
4 0.997868 0.00213167
7 0.00195927 0.998041
4 0.999354 0.000645916
7 0.0104701 0.98953
7 0.0344632 0.965537
4 0.99864 0.0013605
4 0.678302 0.321698
4 0.811262 0.188738
7 0.32098 0.67902
7 0.00038766 0.999612
4 0.685332 0.314668
4 0.999859 0.000141105
4 0.999386 0.000613545
7 0.030214 0.969786
4 0.821755 0.178245
7 0.00283636 0.997164
4 0.756246 0.243754
7 0.000965241 0.999035
7 0.01006 0.98994
7 0.000207216 0.999793
4 0.987125 0.0128747
4 0.986675 0.0133247
7 0.276328 0.723672
7 0.0170975 0.982903
4 0.999137 0.00086296
4 0.923893 0.0761072
4 0.902831 0.0971695
7 0.324974 0.675026
7 0.0150387 0.984961
7 0.0364446 0.963555
4 0.961928 0.0380723
7 0.0155496 0.98445
7 2.62746e-05 0.999974
7 0.0329121 0.967088
7 0.00287814 0.997122
7 5.98695e-06 0.999994
7 0.0013092 0.998691
4 0.999904 9.5707e-05
7 0.00038575 0.999614
4 0.912466 0.0875336
7 0.0211523 0.978848
4 0.772142 0.227858
7 0.0219776 0.978022
7 0.00665631 0.993344
7 0.0108644 0.989136
7 0.000386764 0.999613
7 0.014795 0.985205
4 0.999986 1.36422e-05
7 0.10572 0.89428
4 0.949513 0.0504874
4 0.964842 0.0351583
7 0.145705 0.854295
7 0.0272748 0.972725
7 0.098805 0.901195
4 0.969376 0.0306235
4 0.966834 0.0331664
7 0.0709522 0.929048
4 0.946038 0.0539616
4 0.892452 0.107548
7 0.00184238 0.998158
7 0.489951 0.510049
7 0.00401367 0.995986
4 0.908507 0.0914925
4 0.936392 0.0636081
7 0.00186125 0.998139
7 0.0108638 0.989136
4 0.862225 0.137775
4 0.913047 0.0869534
7 0.00355569 0.996444
4 0.995767 0.00423344
7 0.0195866 0.980413
7 6.71049e-05 0.999933
7 1.10641e-06 0.999999
4 0.997343 0.00265659
7 0.0814719 0.918528
7 0.0196619 0.980338
4 0.999844 0.000156113
4 0.5853 0.4147
4 0.959137 0.0408631
4 0.663575 0.336425
7 0.00572057 0.994279
4 0.732333 0.267667
4 0.7378 0.2622
7 0.0346443 0.965356
7 0.0283737 0.971626
4 0.582638 0.417362
4 0.953399 0.0466007
7 0.000449084 0.999551
7 0.0125976 0.987402
4 0.99999 9.51795e-06
7 0.00225138 0.997749
7 0.0224159 0.977584
4 0.868748 0.131252
4 0.903451 0.0965495
7 0.00323369 0.996766
7 0.00147678 0.998523
7 0.0380962 0.961904
7 0.0208436 0.979156
4 0.933594 0.0664056
4 0.651692 0.348308
7 0.049425 0.950575
7 0.000297097 0.999703
4 0.9575 0.0425002
7 0.162596 0.837404
4 0.972893 0.0271074
4 0.995743 0.00425702
7 0.00350345 0.996497
7 0.421135 0.578865
4 0.926601 0.0733993
7 0.000578919 0.999421
4 0.894447 0.105553
7 0.0157189 0.984281
7 0.0626026 0.937397
4 0.999827 0.000172935
4 0.989542 0.0104576
7 0.0531333 0.946867
7 0.155537 0.844463
7 0.0161323 0.983868
7 2.00996e-05 0.99998
7 0.00827251 0.991727
4 0.636048 0.363952
4 0.997906 0.00209435
4 0.938444 0.0615564
7 0.00438209 0.995618
7 0.0125812 0.987419
7 0.0731768 0.926823
7 1.01523e-06 0.999999
7 0.000547979 0.999452
7 0.0067585 0.993241
7 0.189544 0.810456
4 0.999549 0.000450937
4 0.998699 0.00130115
7 0.000134429 0.999866
4 0.999831 0.000169393
4 0.87959 0.12041
7 0.0109273 0.989073
4 0.61555 0.38445
7 0.0148175 0.985182
4 0.99809 0.00191048
4 0.658783 0.341217
7 0.0598968 0.940103
4 0.709423 0.290577
4 0.638182 0.361818
4 0.72183 0.27817
4 0.999951 4.87007e-05
4 0.763135 0.236865
4 0.999647 0.00035309
4 0.928206 0.0717935
7 1e-07 1
4 0.792319 0.207681
7 0.256068 0.743932
7 0.0628011 0.937199
4 0.687385 0.312615
7 0.000779955 0.99922
4 0.93307 0.0669302
7 0.131552 0.868448
7 0.235478 0.764522
4 0.919057 0.0809434
4 0.997405 0.00259461
7 1.00305e-06 0.999999
4 0.999973 2.65124e-05
7 0.0737022 0.926298
4 0.89496 0.10504
7 0.141562 0.858438
7 9.4388e-06 0.999991
7 0.0104317 0.989568
4 0.999849 0.000150542
7 0.000144866 0.999855
4 0.983013 0.0169869
7 0.0138091 0.986191
7 0.0288741 0.971126
7 0.0338159 0.966184
4 0.997546 0.0024544
7 0.0606087 0.939391
4 0.846495 0.153505
7 1e-07 1
7 0.0693307 0.930669
7 0.410777 0.589223
7 0.0599026 0.940097
7 0.140271 0.859729
4 0.977586 0.0224142
4 0.975912 0.0240882
7 2.23769e-05 0.999978
4 0.833311 0.166689
4 0.998959 0.00104099
7 0.184097 0.815903
7 0.0537158 0.946284
4 0.930686 0.0693145
7 1.74354e-06 0.999998
7 0.060388 0.939612
7 0.000346168 0.999654
7 0.00257597 0.997424
4 0.819212 0.180788
4 0.999711 0.000288568
7 0.00814396 0.991856
4 0.984952 0.0150483
4 0.945472 0.0545283
4 0.923701 0.0762986
7 0.0519835 0.948016
4 0.997573 0.00242664
7 0.000238605 0.999761
4 0.887393 0.112607
7 0.000578237 0.999422
7 0.106243 0.893757
4 0.666901 0.333099
4 0.999974 2.59512e-05
7 0.000388305 0.999612
4 0.893152 0.106848
7 0.00277937 0.997221
7 0.000754201 0.999246
7 0.000422696 0.999577
7 3.66422e-07 1
7 7.23416e-05 0.999928
4 0.951013 0.0489871
4 0.945291 0.0547088
4 0.522644 0.477356
7 0.248686 0.751314
7 0.00214725 0.997853
7 0.00153237 0.998468
4 0.999873 0.000126808
4 0.919913 0.0800867
4 0.999985 1.49487e-05
4 0.999925 7.50307e-05
7 0.000811085 0.999189
4 0.896258 0.103742
7 0.00175619 0.998244
4 0.955006 0.0449939
7 0.00793565 0.992064
4 0.618441 0.381559
7 0.131248 0.868752
7 0.00524377 0.994756
4 0.608686 0.391314
7 0.136113 0.863887
4 0.999073 0.000926652
4 0.999704 0.000296145
4 0.843587 0.156413
7 0.0543594 0.945641
4 0.902822 0.0971779
7 0.129039 0.870961
7 0.00659976 0.9934
7 0.00978505 0.990215
7 0.1945 0.8055
4 0.999967 3.26334e-05
7 0.0115241 0.988476
7 0.0329722 0.967028
7 0.00372903 0.996271
7 5.95427e-05 0.99994
7 0.0457559 0.954244
7 0.138555 0.861445
4 0.723124 0.276876
7 0.000114007 0.999886
7 0.161786 0.838214
7 0.000137501 0.999862
4 0.999817 0.000183355
7 0.0590504 0.94095
7 0.490845 0.509155
7 0.0400438 0.959956
4 0.815935 0.184065
4 0.890247 0.109753
4 0.950731 0.0492693
4 0.811385 0.188615
7 0.00281222 0.997188
7 0.000906545 0.999093
7 7.1696e-07 0.999999
4 0.569877 0.430123
7 0.141952 0.858048
4 0.577222 0.422778
4 0.530543 0.469457
7 0.032152 0.967848
7 0.000674888 0.999325
7 0.00888895 0.991111
7 0.0232368 0.976763
7 0.0013074 0.998693
4 0.691312 0.308688
7 1e-07 1
7 0.0461862 0.953814
4 0.998229 0.00177084
7 0.00699847 0.993002
4 0.808943 0.191057
7 0.00623515 0.993765
4 0.999976 2.36397e-05
7 2.7218e-07 1
7 0.0668245 0.933175
4 0.583815 0.416185
7 0.00160968 0.99839
7 0.0755135 0.924486
7 0.000967213 0.999033
4 0.963973 0.0360275
7 0.069991 0.930009
7 0.00936486 0.990635
7 0.448434 0.551566
7 0.000182161 0.999818
7 0.149988 0.850012
7 0.01006 0.98994
7 9.47033e-05 0.999905
7 0.000885846 0.999114
4 0.980071 0.019929
7 0.0359967 0.964003
7 0.154911 0.845089
4 0.981926 0.0180737
7 0.280858 0.719142
7 0.00294314 0.997057
7 0.0455535 0.954447
7 0.158656 0.841344
7 0.303444 0.696556
4 0.968443 0.0315566
7 0.300708 0.699292
7 0.0110122 0.988988
7 0.352695 0.647305
7 0.235155 0.764845
4 0.868131 0.131869
7 0.0584545 0.941546
7 0.0639918 0.936008
7 0.222882 0.777118
7 0.102989 0.897011
7 0.0984785 0.901521
7 0.207101 0.792899
4 0.999494 0.000505619
4 0.69786 0.30214
7 0.136648 0.863352
4 0.999983 1.7123e-05
4 0.775721 0.224279
7 0.000596399 0.999404
4 0.95048 0.0495203
7 5.66914e-06 0.999994
7 9.59359e-07 0.999999
7 0.0585415 0.941459
7 0.00067192 0.999328
7 7.75932e-05 0.999922
7 0.00035983 0.99964
7 0.0589202 0.94108
7 0.116372 0.883628
7 0.0538018 0.946198
7 0.00111337 0.998887
4 0.999657 0.000342728
4 0.977854 0.0221456
4 0.989156 0.0108435
4 0.999201 0.000798636
7 0.00054258 0.999457
7 0.000744284 0.999256
4 0.999178 0.000822376
7 0.184654 0.815346
4 0.763555 0.236445
7 0.0174359 0.982564
4 0.864879 0.135121
7 0.0386944 0.961306
7 1.04799e-06 0.999999
7 0.000659827 0.99934
7 0.00451076 0.995489
7 0.0274741 0.972526
4 0.93769 0.0623096
7 0.00106223 0.998938
4 0.857181 0.142819
4 0.852981 0.147019
7 0.0025715 0.997429
7 0.174328 0.825672
7 0.00702795 0.992972
7 0.00333753 0.996662
4 0.808284 0.191716
7 0.219443 0.780557
7 1e-07 1
7 0.0356174 0.964383
7 0.14015 0.85985
7 0.0188126 0.981187
4 0.999996 4.27724e-06
7 0.000266606 0.999733
4 0.903993 0.0960069
7 0.122451 0.877549
4 0.526338 0.473662
7 0.00397189 0.996028
7 0.373363 0.626637
4 0.65615 0.34385
4 0.999989 1.09586e-05
7 6.35552e-06 0.999994
4 0.944068 0.0559321
7 1.42954e-06 0.999999
7 0.0309007 0.969099
4 1 1.56763e-07
7 1.07395e-06 0.999999
7 0.00406299 0.995937
4 0.670832 0.329168
7 0.0148143 0.985186
7 0.00200273 0.997997
7 0.000701619 0.999298
7 0.0140197 0.98598
7 0.00140439 0.998596
4 0.583037 0.416963
7 0.00799333 0.992007
4 0.999181 0.000819107
7 0.105246 0.894754
7 9.32893e-05 0.999907
7 0.128989 0.871011
7 0.115599 0.884401
7 0.000837701 0.999162
7 0.0643871 0.935613
7 2.61312e-06 0.999997
4 0.989158 0.0108417
7 0.0134043 0.986596
7 0.00197928 0.998021
7 0.000133089 0.999867
7 2.96212e-05 0.99997
4 0.998019 0.00198134
7 0.0761645 0.923836
4 0.99991 9.00808e-05
7 0.130633 0.869367
4 0.997406 0.0025937
7 0.000303531 0.999696
7 0.172233 0.827767
7 0.279132 0.720868
7 0.00615021 0.99385
7 0.170426 0.829574
4 0.738333 0.261667
7 0.0321057 0.967894
7 0.14335 0.85665
4 0.582882 0.417118
7 0.208337 0.791663
7 0.00798524 0.992015
7 0.113959 0.886041
7 0.0405562 0.959444
4 0.998948 0.00105236
7 0.0579417 0.942058
7 0.235236 0.764764
4 0.999885 0.000115178
4 0.65664 0.34336
4 0.999219 0.000781459
4 0.923922 0.0760778
7 0.00299587 0.997004
7 0.0209717 0.979028
4 0.985616 0.0143838
4 0.999637 0.000363274
4 0.963149 0.0368508
4 0.62927 0.37073
7 0.139187 0.860813
4 0.695387 0.304613
7 0.427698 0.572302
4 0.99687 0.0031296
4 0.978089 0.0219113
7 0.053951 0.946049
4 0.546119 0.453881
4 0.799294 0.200706
7 0.00231014 0.99769
4 0.994945 0.00505539
4 0.772354 0.227646
7 0.00404055 0.995959
4 0.937982 0.0620183
4 0.999969 3.11483e-05
7 2.25684e-07 1
7 4.79016e-05 0.999952
7 0.0990536 0.900946
7 0.0339124 0.966088
4 0.980153 0.0198473
7 0.00581709 0.994183
7 0.215301 0.784699
7 0.00349709 0.996503
4 0.775353 0.224647
7 0.00018206 0.999818
7 0.00121519 0.998785
7 0.0343165 0.965683
7 1e-07 1
4 0.939482 0.0605182
7 0.00115296 0.998847
4 0.992622 0.00737767
4 0.999732 0.000267916
4 0.999898 0.000102083
4 0.999963 3.73544e-05
7 0.091046 0.908954
4 0.888752 0.111248
4 0.92507 0.0749299
4 0.978012 0.0219882
4 0.72074 0.27926
7 0.000125217 0.999875
7 0.00649566 0.993504
7 0.000621941 0.999378
7 0.100529 0.899471
7 0.0161924 0.983808
4 0.999943 5.71411e-05
7 0.177765 0.822235
4 0.923366 0.0766337
4 0.965436 0.0345635
4 0.996293 0.00370718
