labels 8 3
8 0.999666 0.000333809
8 0.999732 0.000267595
8 0.990247 0.00975256
3 4.53868e-06 0.999995
3 2.75735e-06 0.999997
8 0.689294 0.310706
8 0.668494 0.331506
3 0.0116776 0.988322
3 3.42105e-05 0.999966
3 2.5369e-07 1
3 0.358883 0.641117
8 0.991524 0.00847599
3 0.000197393 0.999803
8 0.989587 0.0104127
3 0.0225529 0.977447
3 0.3872 0.6128
3 0.000296987 0.999703
3 0.00310756 0.996892
8 0.992136 0.00786432
3 0.0423441 0.957656
8 0.952575 0.0474251
8 0.993579 0.00642082
8 0.9688 0.0312
8 0.969097 0.0309027
8 0.957622 0.0423782
8 0.988202 0.0117979
8 0.780425 0.219575
8 0.984378 0.0156218
3 0.0998014 0.900199
3 0.24943 0.75057
3 4.08222e-07 1
3 2.12196e-05 0.999979
8 0.992849 0.0071507
3 0.000907232 0.999093
3 0.201059 0.798941
3 0.152896 0.847104
8 0.712005 0.287995
8 0.987364 0.0126364
3 5.12829e-06 0.999995
3 0.484746 0.515254
8 0.991467 0.00853349
8 0.912818 0.0871817
8 0.987154 0.012846
8 0.95563 0.0443699
8 0.987469 0.0125306
8 0.993108 0.00689224
8 0.939655 0.0603445
8 0.992703 0.00729672
8 0.953332 0.0466684
8 0.994618 0.00538212
3 0.165735 0.834265
3 0.00492739 0.995073
3 0.000766648 0.999233
8 0.531556 0.468444
8 0.805703 0.194297
8 0.816904 0.183096
8 0.830835 0.169165
8 0.922595 0.0774051
8 0.984137 0.0158628
8 0.996094 0.00390571
8 0.993952 0.00604792
8 0.999333 0.000667345
8 0.950435 0.0495654
3 0.0807873 0.919213
3 0.00198768 0.998012
3 1e-07 1
8 0.996669 0.00333144
8 0.991365 0.00863516
3 1.07172e-06 0.999999
3 4.26729e-05 0.999957
8 0.998986 0.00101413
3 8.97535e-05 0.99991
8 0.850437 0.149563
8 0.964985 0.0350152
3 0.00121229 0.998788
3 0.000676541 0.999323
8 0.990485 0.0095152
8 0.990774 0.00922569
8 0.992612 0.00738837
8 0.990072 0.00992768
8 0.994529 0.00547064
8 0.993255 0.00674519
3 0.000290957 0.999709
8 0.882733 0.117267
3 0.107367 0.892633
8 0.914902 0.0850984
8 0.962214 0.037786
8 0.993517 0.00648344
8 0.998403 0.00159664
8 0.989547 0.0104533
3 0.00572706 0.994273
8 0.953115 0.0468847
3 0.00169836 0.998302
8 0.99793 0.00206954
8 0.961538 0.0384618
3 2.43566e-07 1
8 0.993309 0.00669101
8 0.999354 0.000645921
8 0.920992 0.0790082
8 0.980142 0.0198577
8 0.960926 0.0390735
8 0.957908 0.0420917
3 0.452749 0.547251
8 0.672611 0.327389
8 0.923501 0.076499
3 2.39127e-05 0.999976
3 0.000280162 0.99972
8 0.745752 0.254248
3 0.000110383 0.99989
8 0.955695 0.0443051
8 0.88539 0.11461
3 0.000395913 0.999604
8 0.935416 0.0645844
8 0.863857 0.136143
8 0.966952 0.0330483
8 0.907213 0.0927866
8 0.997404 0.00259574
3 0.00213073 0.997869
8 0.999077 0.000923364
8 0.958912 0.0410883
8 0.988274 0.0117257
8 0.938183 0.0618174
3 0.394683 0.605317
3 0.0200952 0.979905
8 0.989037 0.010963
3 0.490031 0.509969
8 0.989316 0.0106836
8 0.668716 0.331284
8 0.991096 0.00890379
8 0.92145 0.0785501
8 0.632817 0.367183
3 0.00108144 0.998919
8 0.998667 0.00133323
8 0.862992 0.137008
3 0.498263 0.501737
3 0.00341775 0.996582
3 0.19663 0.80337
8 0.989319 0.010681
3 0.000284747 0.999715
3 0.00273684 0.997263
8 0.992822 0.00717818
3 2.57276e-05 0.999974
8 0.620734 0.379266
8 0.998241 0.00175865
8 0.998406 0.00159357
8 0.953126 0.0468739
3 0.000769882 0.99923
8 0.829031 0.170969
3 0.00722202 0.992778
3 0.201464 0.798536
8 0.98721 0.0127897
3 0.112133 0.887867
8 0.907877 0.0921226
8 0.909664 0.0903361
8 0.928375 0.0716254
8 0.994548 0.0054519
8 0.95272 0.0472799
8 0.538401 0.461599
8 0.994017 0.00598265
3 0.00127072 0.998729
3 0.0175507 0.982449
3 0.00143729 0.998563
3 0.000168655 0.999831
8 0.995027 0.00497251
3 0.117383 0.882617
3 0.109804 0.890196
3 1.95972e-06 0.999998
3 3.86149e-06 0.999996
8 0.99449 0.0055099
3 1e-07 1
3 0.000503083 0.999497
8 0.924582 0.0754181
3 0.221868 0.778132
8 0.814128 0.185872
8 0.999695 0.000305001
8 0.991486 0.0085137
3 1.26232e-05 0.999987
3 0.000161554 0.999838
8 0.990545 0.00945459
8 0.983057 0.0169426
3 0.000574561 0.999425
8 0.759852 0.240148
8 0.954064 0.0459362
8 0.984762 0.0152383
3 0.00149322 0.998507
8 0.997878 0.00212181
8 0.976853 0.0231465
8 0.995099 0.00490127
8 0.967349 0.0326515
8 0.901978 0.0980223
8 0.91616 0.0838397
3 0.0321486 0.967851
3 0.468488 0.531512
8 0.981278 0.0187223
8 0.880617 0.119383
8 0.98954 0.0104595
8 0.98142 0.0185796
3 0.00021266 0.999787
8 0.99273 0.00727004
8 0.90017 0.0998302
3 0.027989 0.972011
8 0.865247 0.134753
8 0.972171 0.0278295
8 0.97268 0.0273195
8 0.940625 0.059375
3 0.0312178 0.968782
8 0.998683 0.00131663
8 0.691185 0.308815
8 0.991966 0.00803386
3 0.0603945 0.939606
8 0.896038 0.103962
8 0.999505 0.000494509
8 0.963706 0.0362939
3 2.86739e-05 0.999971
8 0.769937 0.230063
8 0.916067 0.083933
3 2.66979e-05 0.999973
8 0.996443 0.0035572
8 0.991305 0.0086955
8 0.529525 0.470475
3 0.00493058 0.995069
3 1e-07 1
8 0.998547 0.0014531
8 0.999455 0.00054498
8 0.905913 0.0940873
8 0.993673 0.00632719
8 0.993635 0.00636539
8 0.743463 0.256537
3 0.313553 0.686447
8 0.949163 0.0508369
8 0.987543 0.0124575
3 0.000839759 0.99916
8 0.991665 0.00833477
8 0.974824 0.0251764
8 0.790953 0.209047
3 6.57908e-05 0.999934
8 0.961876 0.0381241
8 0.968561 0.0314392
3 0.364757 0.635243
8 0.944307 0.0556928
8 0.926924 0.0730765
8 0.985824 0.0141759
3 0.479047 0.520953
3 0.00321011 0.99679
3 4.7624e-06 0.999995
8 0.97011 0.0298901
8 0.974572 0.0254279
8 0.999755 0.000244874
3 0.00436351 0.995636
8 0.959406 0.040594
8 0.687874 0.312126
3 7.58244e-06 0.999992
8 0.999605 0.000395222
8 0.943837 0.0561628
8 0.989159 0.0108409
8 0.990757 0.00924291
8 0.928021 0.0719786
8 0.929753 0.0702475
3 0.0404899 0.95951
3 0.460236 0.539764
3 0.190247 0.809753
8 0.999591 0.000409151
8 0.603287 0.396713
8 0.965671 0.0343289
3 0.000665281 0.999335
8 0.993755 0.00624486
3 6.5557e-06 0.999993
8 0.998744 0.00125631
8 0.956169 0.0438309
8 0.993969 0.00603065
8 0.996009 0.00399149
3 0.0304315 0.969569
8 0.522688 0.477312
8 0.978519 0.0214806
8 0.795514 0.204486
8 0.593011 0.406989
8 0.992711 0.00728942
8 0.928958 0.0710418
8 0.952273 0.0477268
3 5.25413e-06 0.999995
8 0.872179 0.127821
8 0.765024 0.234976
8 0.603563 0.396437
8 0.862857 0.137143
8 0.994282 0.00571844
8 0.990028 0.0099723
8 0.878978 0.121022
8 0.994576 0.0054242
3 0.000949852 0.99905
8 0.966165 0.0338347
3 2.2652e-05 0.999977
3 0.128397 0.871603
8 0.990243 0.00975702
8 0.668587 0.331413
3 0.0001249 0.999875
8 0.999848 0.000152445
8 0.994848 0.0051524
3 9.47138e-06 0.999991
8 0.930659 0.0693406
3 0.0155075 0.984493
3 1.67804e-05 0.999983
8 0.995109 0.00489073
8 0.979533 0.0204667
8 0.991983 0.00801664
8 0.771689 0.228311
3 0.101847 0.898153
8 0.825109 0.174891
8 0.954533 0.0454672
3 0.0387828 0.961217
3 0.193764 0.806236
8 0.950058 0.0499416
8 0.81823 0.18177
3 0.00131072 0.998689
8 0.99964 0.000360282
8 0.854732 0.145268
8 0.996829 0.00317059
8 0.61141 0.38859
8 0.928115 0.0718846
8 0.997638 0.00236167
8 0.968198 0.0318021
3 4.01924e-05 0.99996
8 0.994654 0.00534634
8 0.929223 0.0707766
3 0.000121328 0.999879
8 0.988631 0.0113688
8 0.890978 0.109022
8 0.890428 0.109572
8 0.996323 0.00367714
8 0.999609 0.000390501
8 0.931607 0.0683934
3 1.54958e-06 0.999998
3 0.0518624 0.948138
8 0.969319 0.0306809
8 0.900292 0.0997076
8 0.995031 0.00496886
8 0.957238 0.0427619
3 0.0048946 0.995105
3 2.85225e-05 0.999971
8 0.872665 0.127335
3 0.230062 0.769938
8 0.998831 0.00116932
3 0.189209 0.810791
8 0.982035 0.0179651
8 0.991938 0.00806158
8 0.966526 0.0334737
3 0.365597 0.634403
3 0.0348787 0.965121
3 0.0739779 0.926022
3 3.52198e-06 0.999996
8 0.999317 0.000683449
3 0.345928 0.654072
8 0.509572 0.490428
3 0.0134465 0.986553
3 0.0178071 0.982193
8 0.937606 0.0623938
8 0.995321 0.00467867
3 0.185165 0.814835
3 0.00298925 0.997011
3 0.269025 0.730975
8 0.999271 0.000728509
3 0.000112799 0.999887
8 0.792312 0.207688
8 0.977059 0.0229407
8 0.928773 0.0712272
3 0.0119574 0.988043
3 0.110932 0.889068
8 0.966967 0.0330333
8 0.960982 0.0390177
8 0.971487 0.028513
8 0.99347 0.0065301
3 0.302825 0.697175
8 0.988008 0.0119917
3 0.0044655 0.995534
8 0.872073 0.127927
8 0.80572 0.19428
8 0.999479 0.000521167
3 0.442569 0.557431
8 0.994647 0.00535271
8 0.996562 0.00343798
3 1.38323e-05 0.999986
8 0.968799 0.031201
3 0.403203 0.596797
8 0.995018 0.00498187
8 0.863559 0.136441
8 0.946366 0.0536343
8 0.896127 0.103873
8 0.979091 0.0209095
8 0.990432 0.00956817
3 0.00611958 0.99388
3 0.232487 0.767513
8 0.989863 0.0101375
8 0.965596 0.0344039
8 0.87321 0.12679
3 0.075273 0.924727
3 0.0876535 0.912347
3 0.1137 0.8863
8 0.882584 0.117416
8 0.92734 0.0726596
8 0.893536 0.106464
8 0.686668 0.313332
8 0.975896 0.0241044
8 0.990675 0.00932504
3 0.216971 0.783029
3 3.02831e-05 0.99997
3 0.385714 0.614286
3 0.000379198 0.999621
3 0.0754665 0.924534
8 0.76912 0.23088
3 0.0999325 0.900067
3 0.00195452 0.998045
3 0.167259 0.832741
3 0.000840368 0.99916
8 0.905896 0.0941036
8 0.820479 0.179521
3 0.000176572 0.999823
3 1e-07 1
8 0.989065 0.0109346
8 0.961798 0.0382023
3 0.288061 0.711939
3 0.000433038 0.999567
8 0.989764 0.0102364
3 0.2982 0.7018
8 0.999298 0.000702267
3 5.74405e-06 0.999994
8 0.996193 0.00380703
3 0.00959914 0.990401
8 0.993052 0.00694764
8 0.949081 0.0509192
3 0.0184335 0.981566
8 0.983958 0.0160419
8 0.998341 0.00165919
3 0.063971 0.936029
3 0.00203547 0.997965
3 0.000268592 0.999731
8 0.995624 0.00437571
3 0.0219886 0.978011
8 0.920208 0.0797923
8 0.998184 0.00181574
8 0.994699 0.00530069
8 0.972291 0.0277092
8 0.733799 0.266201
3 1.68922e-05 0.999983
3 0.000762598 0.999237
8 0.976213 0.0237868
8 0.952362 0.0476378
8 0.838279 0.161721
8 0.960053 0.0399466
3 4.66141e-05 0.999953
3 0.107303 0.892697
8 0.972185 0.0278152
3 0.174022 0.825978
8 0.999673 0.000326713
3 1.72923e-05 0.999983
8 0.996319 0.00368055
8 0.564039 0.435961
3 0.449042 0.550958
8 0.993011 0.00698943
8 0.913629 0.0863707
3 0.0474695 0.95253
3 0.00514367 0.994856
8 0.986729 0.0132714
3 0.000142224 0.999858
3 1e-07 1
8 0.983272 0.0167277
3 0.0157926 0.984207
8 0.939316 0.0606843
3 0.0278665 0.972133
8 0.992646 0.00735365
8 0.974369 0.0256307
8 0.995726 0.00427414
8 0.933291 0.0667094
8 0.993975 0.00602472
3 0.0355344 0.964466
3 0.0845286 0.915471
8 0.889861 0.110139
8 0.996679 0.00332071
3 0.404278 0.595722
3 0.274899 0.725101
8 0.913331 0.0866687
3 9.83652e-05 0.999902
8 0.966531 0.0334688
3 0.362538 0.637462
8 0.889463 0.110537
8 0.926888 0.0731125
3 0.000347744 0.999652
3 0.0489118 0.951088
8 0.999854 0.000146091
3 0.0468401 0.95316
3 1.38582e-05 0.999986
3 7.93923e-05 0.999921
3 2.98583e-05 0.99997
3 0.28479 0.71521
3 0.0129633 0.987037
8 0.93805 0.06195
3 0.00451213 0.995488
8 0.512321 0.487679
3 4.21043e-06 0.999996
3 0.352083 0.647917
3 0.00156428 0.998436
8 0.978173 0.0218271
3 0.000590834 0.999409
3 0.000107691 0.999892
3 4.53531e-05 0.999955
8 0.597266 0.402734
3 0.40296 0.59704
8 0.979846 0.0201542
8 0.844999 0.155001
8 0.994769 0.00523067
3 0.202905 0.797095
8 0.98874 0.0112597
3 0.309215 0.690785
8 0.758994 0.241006
3 0.000470667 0.999529
8 0.94504 0.0549596
8 0.994843 0.0051567
8 0.623234 0.376766
8 0.863901 0.136099
8 0.99193 0.00807012
3 0.00022567 0.999774
8 0.990586 0.00941446
8 0.991103 0.00889721
8 0.989431 0.0105695
3 1e-07 1
8 0.718948 0.281052
8 0.895758 0.104242
8 0.958114 0.0418856
8 0.990101 0.00989943
3 1.98611e-07 1
3 0.0635194 0.936481
8 0.997065 0.0029349
8 0.926095 0.0739047
8 0.969468 0.0305318
8 0.857373 0.142627
3 7.05667e-05 0.999929
3 0.00867071 0.991329
8 0.931383 0.0686165
8 0.989612 0.0103881
8 0.993536 0.00646363
8 0.981226 0.0187736
3 1.78983e-05 0.999982
3 0.190214 0.809786
8 0.991537 0.00846253
8 0.989677 0.0103231
3 0.220227 0.779773
3 0.00367976 0.99632
8 0.934015 0.0659847
8 0.973396 0.0266038
3 1e-07 1
8 0.99212 0.00787974
3 0.00752204 0.992478
8 0.957213 0.0427874
8 0.994061 0.0059391
8 0.946924 0.0530756
8 0.997855 0.00214473
8 0.938673 0.0613265
3 8.71567e-07 0.999999
8 0.939644 0.0603557
8 0.794214 0.205786
8 0.989078 0.0109221
8 0.589146 0.410854
8 0.883771 0.116229
8 0.976742 0.0232576
8 0.991312 0.00868832
8 0.972061 0.0279394
3 6.07001e-05 0.999939
8 0.999479 0.000520722
3 0.278321 0.721679
3 0.0810946 0.918905
3 2.68877e-06 0.999997
3 1e-07 1
3 3.69967e-05 0.999963
8 0.983563 0.0164373
8 0.597338 0.402662
8 0.885276 0.114724
8 0.941282 0.0587179
3 8.53948e-05 0.999915
3 3.09573e-05 0.999969
8 0.908549 0.0914515
3 0.143955 0.856045
3 0.000611209 0.999389
8 0.666131 0.333869
3 0.00873686 0.991263
3 0.00312295 0.996877
8 0.99183 0.00816984
8 0.992672 0.00732757
8 0.866064 0.133936
8 0.987924 0.0120763
8 0.999078 0.000921794
8 0.924306 0.075694
3 0.372702 0.627298
3 6.51577e-07 0.999999
8 0.640676 0.359324
8 0.846907 0.153093
8 0.995135 0.00486523
3 0.00128533 0.998715
8 0.990395 0.00960485
3 0.019227 0.980773
8 0.995972 0.00402795
8 0.999053 0.000947423
3 0.0515221 0.948478
8 0.971837 0.0281635
8 0.97043 0.0295697
8 0.99947 0.000530343
8 0.807072 0.192928
8 0.637503 0.362497
3 0.000123613 0.999876
3 3.94459e-06 0.999996
3 9.74644e-06 0.99999
3 0.388627 0.611373
8 0.992213 0.00778686
8 0.918835 0.0811649
8 0.977795 0.0222053
8 0.93677 0.0632298
8 0.996827 0.00317301
8 0.989042 0.0109578
3 0.0603744 0.939626
8 0.537053 0.462947
3 0.00170862 0.998291
8 0.991073 0.00892705
3 3.86005e-06 0.999996
8 0.997781 0.00221851
3 0.0991487 0.900851
8 0.997688 0.00231211
8 0.99193 0.00807047
8 0.863754 0.136246
8 0.977018 0.0229818
8 0.991246 0.0087539
8 0.966846 0.0331544
3 0.024141 0.975859
8 0.54849 0.45151
3 0.297165 0.702835
8 0.992048 0.00795169
3 9.36652e-07 0.999999
8 0.991766 0.00823384
8 0.752657 0.247343
8 0.99879 0.00120992
8 0.983219 0.0167806
8 0.753427 0.246573
8 0.876076 0.123924
8 0.970282 0.0297178
8 0.999316 0.000684193
8 0.788591 0.211409
8 0.79597 0.20403
3 0.000379898 0.99962
3 0.148519 0.851481
8 0.819701 0.180299
3 0.142921 0.857079
8 0.916735 0.0832646
3 0.000532664 0.999467
8 0.967928 0.032072
8 0.99578 0.00421979
8 0.9684 0.0316
8 0.992309 0.00769117
8 0.969813 0.030187
3 0.324557 0.675443
3 0.000618518 0.999381
3 0.0295632 0.970437
3 0.459023 0.540977
8 0.999779 0.000220993
3 0.38662 0.61338
8 0.999121 0.000878715
3 0.013754 0.986246
8 0.920081 0.0799188
3 0.172851 0.827149
8 0.994073 0.00592677
8 0.990895 0.00910466
8 0.981437 0.0185633
8 0.862159 0.137841
8 0.973949 0.0260506
8 0.998962 0.00103823
8 0.837488 0.162512
8 0.928782 0.0712178
8 0.99733 0.00266964
8 0.995296 0.0047038
8 0.943286 0.0567138
8 0.930899 0.069101
8 0.987671 0.0123294
8 0.921525 0.078475
8 0.990743 0.00925749
8 0.998865 0.00113514
8 0.958273 0.0417266
3 5.80246e-06 0.999994
8 0.720104 0.279896
8 0.945145 0.0548548
8 0.926638 0.0733618
8 0.859281 0.140719
3 0.000146886 0.999853
3 0.00313271 0.996867
8 0.819598 0.180402
8 0.629366 0.370634
3 0.000353314 0.999647
3 0.383715 0.616285
8 0.657022 0.342978
8 0.883618 0.116382
8 0.999201 0.000798835
3 0.233013 0.766987
8 0.95454 0.0454604
3 4.78337e-05 0.999952
8 0.818339 0.181661
3 1.79643e-05 0.999982
3 8.69765e-05 0.999913
8 0.992363 0.00763677
8 0.721717 0.278283
3 0.236103 0.763897
8 0.994814 0.00518607
8 0.989702 0.0102981
8 0.954336 0.0456636
3 0.491939 0.508061
8 0.996448 0.00355212
8 0.814707 0.185293
8 0.99507 0.00493039
8 0.989975 0.010025
8 0.99649 0.00351017
8 0.958219 0.0417812
8 0.988318 0.0116822
8 0.718376 0.281624
8 0.664454 0.335546
3 0.00364695 0.996353
8 0.999043 0.000957355
3 1.13704e-06 0.999999
3 0.0413822 0.958618
8 0.986631 0.0133687
3 0.0359719 0.964028
8 0.955667 0.0443331
3 0.0814583 0.918542
8 0.589121 0.410879
8 0.998855 0.00114533
8 0.931849 0.0681514
8 0.920826 0.079174
8 0.991913 0.00808665
8 0.999408 0.000591517
8 0.92567 0.0743295
8 0.947576 0.0524238
3 1.07785e-07 1
8 0.64698 0.35302
3 0.362368 0.637632
8 0.938532 0.0614685
8 0.992521 0.00747916
8 0.960924 0.0390765
8 0.94933 0.0506699
8 0.966595 0.033405
3 0.361924 0.638076
3 0.00581411 0.994186
8 0.863099 0.136901
8 0.993313 0.00668696
8 0.999413 0.000586507
8 0.529439 0.470561
3 0.004381 0.995619
8 0.928899 0.0711008
8 0.721793 0.278207
8 0.941884 0.0581162
8 0.929234 0.070766
3 0.0444123 0.955588
8 0.955531 0.0444687
3 0.326615 0.673385
8 0.804265 0.195735
3 0.000431036 0.999569
8 0.784586 0.215414
3 0.301391 0.698609
8 0.697181 0.302819
3 0.0172685 0.982732
8 0.943215 0.056785
3 0.0235796 0.97642
8 0.999172 0.000827771
8 0.829305 0.170695
8 0.999706 0.000294154
3 5.01965e-05 0.99995
8 0.991128 0.00887247
8 0.995877 0.00412273
3 1.14679e-05 0.999989
8 0.96879 0.0312102
3 1.03574e-05 0.99999
8 0.991962 0.00803832
3 0.0336484 0.966352
8 0.595721 0.404279
8 0.862294 0.137706
8 0.979547 0.0204534
8 0.981767 0.0182333
3 0.00887717 0.991123
3 0.00757187 0.992428
8 0.953803 0.0461967
8 0.991537 0.00846323
8 0.996206 0.00379355
8 0.796415 0.203585
3 0.0706069 0.929393
8 0.920841 0.0791589
8 0.992638 0.00736211
3 0.00331341 0.996687
8 0.99258 0.00742018
3 0.0208854 0.979115
8 0.931378 0.0686223
8 0.960992 0.0390077
8 0.936933 0.063067
8 0.980655 0.0193451
8 0.999141 0.000858951
8 0.998059 0.00194072
8 0.989005 0.0109945
8 0.933121 0.0668791
8 0.993419 0.00658081
8 0.992296 0.00770395
3 0.20457 0.79543
3 1e-07 1
8 0.955614 0.0443864
8 0.999517 0.000482645
8 0.712466 0.287534
8 0.673595 0.326405
8 0.658919 0.341081
3 0.0267365 0.973263
3 1.91314e-05 0.999981
8 0.991696 0.00830356
3 0.00104628 0.998954
8 0.939801 0.060199
3 0.0689108 0.931089
3 0.00520043 0.9948
3 0.491518 0.508482
8 0.992085 0.00791504
8 0.999409 0.000590686
3 3.89848e-05 0.999961
3 2.10677e-07 1
8 0.992775 0.00722535
8 0.814123 0.185877
8 0.987275 0.012725
8 0.939771 0.0602295
8 0.996492 0.00350831
3 0.00023051 0.999769
8 0.595264 0.404736
3 0.00905021 0.99095
3 0.392225 0.607775
8 0.99025 0.00974958
3 0.00280563 0.997194
8 0.902051 0.0979493
8 0.92151 0.0784902
8 0.930301 0.0696991
8 0.885823 0.114177
8 0.922271 0.0777291
8 0.892035 0.107965
8 0.989012 0.0109875
3 0.0388334 0.961167
8 0.963876 0.0361236
8 0.943882 0.0561178
8 0.989179 0.0108206
8 0.99945 0.000549541
3 0.00935863 0.990641
8 0.990224 0.00977615
3 0.11347 0.88653
8 0.956481 0.0435191
3 0.00198418 0.998016
3 1e-07 1
8 0.599772 0.400228
8 0.843256 0.156744
3 2.87079e-05 0.999971
8 0.962606 0.0373935
3 0.000264728 0.999735
8 0.992531 0.0074685
3 0.000174331 0.999826
8 0.993462 0.00653843
8 0.989191 0.0108088
8 0.921364 0.0786355
8 0.941453 0.0585466
3 1.18083e-05 0.999988
3 3.30603e-05 0.999967
8 0.974399 0.0256013
8 0.937895 0.0621045
8 0.827959 0.172041
8 0.946646 0.0533541
8 0.989124 0.0108759
8 0.943796 0.0562044
3 0.200724 0.799276
8 0.994606 0.00539419
3 0.0258794 0.974121
3 2.17108e-05 0.999978
3 0.0720487 0.927951
3 7.21854e-05 0.999928
3 0.000166391 0.999834
3 1.10875e-07 1
8 0.53086 0.46914
8 0.997473 0.00252717
8 0.94153 0.0584703
8 0.925435 0.0745645
8 0.939232 0.0607677
3 0.237751 0.762249
3 0.00800286 0.991997
3 0.000305742 0.999694
8 0.990009 0.00999109
3 0.129484 0.870516
8 0.988382 0.0116183
8 0.876638 0.123362
3 1e-07 1
3 0.00866571 0.991334
8 0.89084 0.10916
8 0.997476 0.00252442
8 0.999559 0.000441187
3 0.00693888 0.993061
8 0.997944 0.00205599
8 0.997872 0.00212807
8 0.955775 0.0442254
8 0.797652 0.202348
3 0.000301934 0.999698
3 0.0371782 0.962822
8 0.815813 0.184187
8 0.996479 0.00352107
3 0.248771 0.751229
3 0.117503 0.882497
3 4.00612e-06 0.999996
8 0.83709 0.16291
8 0.999275 0.000724825
3 0.382293 0.617707
8 0.511533 0.488467
8 0.989782 0.0102183
8 0.951844 0.0481558
8 0.999946 5.40593e-05
3 1.23603e-05 0.999988
8 0.999813 0.000187026
8 0.584234 0.415766
3 2.28336e-07 1
3 0.0122149 0.987785
3 0.000134486 0.999866
8 0.811541 0.188459
8 0.980212 0.0197882
8 0.684153 0.315847
8 0.999118 0.000882015
8 0.998732 0.00126813
8 0.993956 0.00604364
8 0.896568 0.103432
8 0.997952 0.00204783
8 0.993684 0.00631638
8 0.991707 0.00829308
3 5.59949e-05 0.999944
3 1.58547e-05 0.999984
8 0.619418 0.380582
3 0.0760008 0.923999
8 0.990408 0.00959217
8 0.799916 0.200084
8 0.890856 0.109144
3 2.67985e-06 0.999997
3 0.0800633 0.919937
3 0.000215188 0.999785
3 1.31182e-06 0.999999
3 0.0372781 0.962722
8 0.940475 0.0595252
8 0.996569 0.00343061
3 2.31929e-06 0.999998
3 0.451322 0.548678
8 0.831248 0.168752
3 0.237786 0.762214
8 0.968723 0.0312772
8 0.999794 0.000206486
3 0.00781718 0.992183
3 0.00539261 0.994607
8 0.786533 0.213467
8 0.999668 0.000331961
3 0.215368 0.784632
3 2.2143e-05 0.999978
8 0.894045 0.105955
8 0.991585 0.00841537
3 3.41805e-06 0.999997
8 0.827451 0.172549
8 0.934307 0.0656927
3 0.166209 0.833791
8 0.992641 0.00735865
8 0.506214 0.493786
3 0.43594 0.56406
3 0.199227 0.800773
3 0.102254 0.897746
8 0.923318 0.0766824
8 0.902091 0.0979086
8 0.995796 0.00420362
8 0.551352 0.448648
8 0.931676 0.0683244
3 0.000404157 0.999596
8 0.620519 0.379481
8 0.956956 0.0430441
8 0.992599 0.00740131
8 0.89353 0.10647
3 0.060274 0.939726
8 0.803844 0.196156
8 0.98844 0.0115596
8 0.999283 0.00071735
3 0.251779 0.748221
8 0.993801 0.00619945
8 0.993667 0.00633347
3 0.000933657 0.999066
8 0.990665 0.00933535
8 0.965097 0.0349027
8 0.959815 0.0401854
3 0.031307 0.968693
8 0.991383 0.0086168
8 0.93835 0.0616501
3 5.71354e-05 0.999943
8 0.95904 0.0409596
8 0.599088 0.400912
3 2.30849e-06 0.999998
8 0.995239 0.00476121
8 0.951913 0.0480871
8 0.989219 0.0107812
8 0.996973 0.00302706
3 3.16947e-05 0.999968
3 0.450199 0.549801
3 0.44528 0.55472
8 0.672865 0.327135
3 0.000692286 0.999308
8 0.657809 0.342191
8 0.951873 0.0481275
8 0.941407 0.0585931
3 1.06691e-05 0.999989
8 0.99835 0.00164985
8 0.639327 0.360673
8 0.997872 0.00212845
8 0.988587 0.0114134
8 0.882784 0.117216
8 0.94736 0.0526402
3 0.252349 0.747651
3 1e-07 1
3 2.70025e-05 0.999973
3 0.00114736 0.998853
3 1.80546e-06 0.999998
8 0.990505 0.0094948
3 0.0122843 0.987716
8 0.864286 0.135714
8 0.990601 0.00939877
8 0.989796 0.010204
8 0.992189 0.00781053
8 0.996901 0.003099
8 0.990665 0.00933486
3 0.353885 0.646115
3 0.0754897 0.92451
8 0.76312 0.23688
8 0.989588 0.0104119
8 0.990832 0.00916805
3 1e-07 1
3 8.0123e-05 0.99992
8 0.790631 0.209369
8 0.980475 0.0195248
3 0.00196124 0.998039
3 0.00236808 0.997632
8 0.99902 0.000979803
8 0.675435 0.324565
8 0.688812 0.311188
8 0.919901 0.0800987
3 0.00547535 0.994525
3 0.00067835 0.999322
8 0.988142 0.0118581
8 0.950176 0.0498238
8 0.972424 0.0275765
3 0.415924 0.584076
8 0.950295 0.0497052
3 0.410443 0.589557
3 0.00352197 0.996478
3 0.0518068 0.948193
3 0.494418 0.505582
3 0.0976253 0.902375
3 0.197725 0.802275
8 0.962743 0.0372572
8 0.872976 0.127024
8 0.990964 0.00903557
8 0.90684 0.0931596
3 1.30395e-07 1
3 0.0334621 0.966538
3 0.000199973 0.9998
8 0.992908 0.00709188
3 1e-07 1
8 0.919909 0.0800905
3 4.00052e-05 0.99996
8 0.986424 0.0135758
8 0.799303 0.200697
8 0.993167 0.00683316
8 0.990669 0.00933088
3 3.53827e-06 0.999996
3 0.205413 0.794587
8 0.999791 0.000208897
8 0.87352 0.12648
3 0.0997239 0.900276
8 0.990291 0.00970916
8 0.991213 0.00878728
3 0.345527 0.654473
8 0.995078 0.00492171
3 1e-07 1
8 0.922647 0.0773528
8 0.987682 0.012318
3 0.00058522 0.999415
3 0.097258 0.902742
8 0.70575 0.29425
8 0.97035 0.0296497
8 0.993864 0.00613551
3 0.00384952 0.99615
3 0.0001647 0.999835
8 0.999638 0.000362223
3 0.0593378 0.940662
3 2.86618e-05 0.999971
3 0.00579492 0.994205
8 0.965274 0.0347256
8 0.87347 0.12653
8 0.996364 0.00363563
3 0.0376517 0.962348
8 0.932601 0.0673988
8 0.807452 0.192548
8 0.90677 0.0932304
3 0.0155993 0.984401
3 0.240649 0.759351
8 0.949795 0.050205
8 0.866906 0.133094
3 0.0493539 0.950646
8 0.843814 0.156186
8 0.935684 0.0643157
8 0.995099 0.0049011
3 0.000149916 0.99985
3 0.397545 0.602455
8 0.993205 0.00679474
8 0.964996 0.0350042
3 0.427157 0.572843
3 9.46183e-06 0.999991
8 0.994988 0.00501209
8 0.994907 0.00509264
3 4.42655e-05 0.999956
3 0.222433 0.777567
8 0.954949 0.0450505
8 0.998716 0.00128394
8 0.722803 0.277197
8 0.532261 0.467739
3 0.186328 0.813672
3 0.0502954 0.949705
3 0.407019 0.592981
8 0.910463 0.0895373
3 0.296793 0.703207
8 0.996648 0.00335179
8 0.673932 0.326068
3 2.31528e-06 0.999998
8 0.755533 0.244467
3 0.0011714 0.998829
8 0.999599 0.000401489
3 0.00517219 0.994828
3 1.60474e-06 0.999998
3 7.61739e-07 0.999999
8 0.882733 0.117267
8 0.99938 0.000619677
3 1e-07 1
3 1.41808e-05 0.999986
3 0.00507963 0.99492
8 0.990047 0.00995272
8 0.999419 0.000581053
3 0.105431 0.894569
8 0.69356 0.30644
8 0.826341 0.173659
3 3.70861e-06 0.999996
8 0.915642 0.0843581
8 0.994623 0.00537698
8 0.941544 0.0584561
3 0.252349 0.747651
8 0.91717 0.0828305
8 0.998999 0.00100142
3 0.0586934 0.941307
3 0.436699 0.563301
8 0.999899 0.000100652
8 0.991423 0.00857694
8 0.996053 0.00394674
8 0.928804 0.0711959
3 0.474288 0.525712
3 0.00563477 0.994365
8 0.906398 0.0936017
8 0.994617 0.00538297
8 0.732128 0.267872
8 0.816406 0.183594
3 2.59593e-06 0.999997
3 1.94446e-06 0.999998
3 0.0797367 0.920263
3 3.53641e-06 0.999996
8 0.954586 0.0454138
8 0.999286 0.00071371
8 0.999472 0.00052833
8 0.976751 0.0232494
8 0.991347 0.00865267
8 0.993928 0.00607219
8 0.935696 0.0643039
8 0.518262 0.481738
8 0.939726 0.0602735
8 0.993774 0.00622574
3 0.192632 0.807368
8 0.977427 0.0225726
8 0.933834 0.0661658
8 0.545128 0.454872
3 0.0152533 0.984747
8 0.945106 0.0548937
8 0.959386 0.0406144
8 0.965499 0.0345014
8 0.72551 0.27449
8 0.959186 0.0408142
3 0.00403617 0.995964
8 0.993604 0.0063958
8 0.839866 0.160134
3 0.0901414 0.909859
8 0.951725 0.0482746
8 0.893537 0.106463
8 0.512793 0.487207
3 4.58886e-05 0.999954
8 0.961939 0.0380614
8 0.940985 0.0590151
8 0.998941 0.0010593
3 1.63007e-06 0.999998
3 0.200627 0.799373
8 0.998199 0.00180124
8 0.958062 0.0419377
3 0.231708 0.768292
8 0.66745 0.33255
8 0.884111 0.115889
3 0.00408578 0.995914
8 0.666711 0.333289
8 0.996888 0.00311163
3 1e-07 1
3 0.401935 0.598065
8 0.95078 0.0492196
8 0.998284 0.00171579
8 0.991473 0.00852683
8 0.695103 0.304897
8 0.97298 0.0270196
8 0.894782 0.105218
3 0.138232 0.861768
3 0.419758 0.580242
8 0.940823 0.0591766
8 0.773623 0.226377
3 0.253985 0.746015
8 0.999458 0.000542014
8 0.948784 0.0512159
8 0.766929 0.233071
8 0.987973 0.0120269
3 0.218874 0.781126
8 0.906357 0.0936431
8 0.937413 0.0625865
3 1.53561e-05 0.999985
8 0.850027 0.149973
3 2.40035e-05 0.999976
3 6.49031e-05 0.999935
3 0.000172993 0.999827
3 0.441461 0.558539
8 0.913699 0.0863006
8 0.985685 0.0143148
3 0.00856124 0.991439
8 0.940543 0.0594568
8 0.990128 0.00987158
8 0.960192 0.0398085
3 0.0016704 0.99833
8 0.888815 0.111185
8 0.867457 0.132543
8 0.732458 0.267542
8 0.954389 0.0456113
8 0.999399 0.000600731
8 0.992678 0.00732156
8 0.899866 0.100134
8 0.990589 0.00941141
8 0.987857 0.0121433
8 0.994415 0.00558503
3 2.60061e-05 0.999974
8 0.963383 0.0366174
8 0.888387 0.111613
8 0.98462 0.0153801
8 0.980326 0.0196743
3 0.165882 0.834118
8 0.721407 0.278593
8 0.945314 0.0546861
3 5.12823e-05 0.999949
8 0.950655 0.0493454
3 0.000120453 0.99988
8 0.918179 0.0818213
8 0.938912 0.0610884
3 0.025568 0.974432
8 0.979251 0.0207494
3 1e-07 1
8 0.89405 0.10595
3 8.84978e-05 0.999912
3 0.0006979 0.999302
3 0.0130054 0.986995
8 0.944313 0.0556869
8 0.998104 0.00189551
3 0.0639518 0.936048
8 0.987836 0.0121645
3 0.00534694 0.994653
3 0.000204305 0.999796
3 0.391123 0.608877
8 0.775434 0.224566
3 0.000777731 0.999222
3 5.24743e-05 0.999948
3 0.00198257 0.998017
8 0.767644 0.232356
3 0.000386038 0.999614
8 0.978927 0.0210729
8 0.958931 0.0410687
8 0.892904 0.107096
8 0.988011 0.0119887
8 0.885688 0.114312
8 0.985942 0.0140583
8 0.947996 0.0520042
8 0.911703 0.0882975
3 0.00108951 0.99891
3 0.482125 0.517875
8 0.997792 0.00220803
8 0.968342 0.0316582
3 0.322019 0.677981
8 0.998683 0.00131696
8 0.969056 0.0309444
8 0.999684 0.0003161
8 0.791421 0.208579
3 0.0313347 0.968665
8 0.965947 0.034053
8 0.961727 0.0382728
8 0.693937 0.306063
3 0.000388219 0.999612
8 0.901277 0.0987235
3 0.171575 0.828425
3 1.38742e-07 1
8 0.999288 0.000712493
3 0.000801489 0.999199
8 0.992581 0.00741919
3 0.0179682 0.982032
3 0.122811 0.877189
3 1e-07 1
8 0.992856 0.00714407
3 0.106085 0.893915
8 0.996889 0.0031114
8 0.998888 0.00111173
8 0.956842 0.0431584
8 0.994438 0.00556153
8 0.999248 0.00075195
8 0.988621 0.0113793
3 4.935e-06 0.999995
8 0.937132 0.0628677
8 0.9934 0.00660011
8 0.995435 0.00456516
3 0.00151531 0.998485
8 0.905517 0.0944833
8 0.870488 0.129512
8 0.772689 0.227311
3 0.0185571 0.981443
8 0.971359 0.0286414
8 0.99343 0.0065704
8 0.986063 0.0139368
3 1e-07 1
3 0.321783 0.678217
8 0.918705 0.0812946
3 0.340662 0.659338
3 0.0100264 0.989974
3 0.00333215 0.996668
8 0.987428 0.0125715
8 0.93563 0.0643697
8 0.692132 0.307868
3 1e-07 1
8 0.512186 0.487814
3 0.275192 0.724808
3 0.000320282 0.99968
8 0.862141 0.137859
8 0.993427 0.0065731
8 0.962791 0.0372092
8 0.985872 0.0141282
8 0.946585 0.0534155
3 0.0679302 0.93207
3 3.05966e-06 0.999997
3 0.00152145 0.998479
3 0.0126794 0.987321
3 0.401524 0.598476
8 0.999383 0.000616755
3 0.285641 0.714359
3 0.00241352 0.997586
8 0.993914 0.00608601
8 0.871293 0.128707
8 0.977806 0.022194
8 0.991019 0.00898072
8 0.901156 0.0988445
3 0.00274801 0.997252
8 0.858099 0.141901
8 0.963991 0.0360091
3 4.86812e-05 0.999951
8 0.988631 0.0113694
3 0.146094 0.853906
3 0.447474 0.552526
3 0.0001097 0.99989
8 0.973188 0.0268122
8 0.987144 0.0128564
8 0.524741 0.475259
8 0.971288 0.0287119
3 1.92263e-06 0.999998
3 0.0274947 0.972505
8 0.932964 0.067036
8 0.98769 0.0123098
8 0.955464 0.0445362
8 0.927617 0.0723826
8 0.999965 3.52612e-05
8 0.877782 0.122218
8 0.971335 0.028665
8 0.986134 0.0138662
3 0.408928 0.591072
3 0.00669365 0.993306
8 0.960306 0.0396942
8 0.970157 0.0298429
8 0.525502 0.474498
8 0.988804 0.0111959
8 0.989507 0.0104931
8 0.994799 0.00520063
8 0.980456 0.0195442
8 0.936451 0.0635489
8 0.997514 0.00248631
3 0.15799 0.84201
8 0.963147 0.0368534
3 0.000542902 0.999457
3 0.31816 0.68184
3 0.000143431 0.999857
8 0.994821 0.00517926
8 0.802105 0.197895
8 0.86125 0.13875
8 0.999602 0.000398018
8 0.983308 0.0166924
3 0.00545746 0.994543
8 0.999024 0.000975676
3 0.0153698 0.98463
3 0.229604 0.770396
8 0.999838 0.000161897
8 0.889484 0.110516
3 0.0001958 0.999804
3 0.00537059 0.994629
8 0.990654 0.00934649
3 0.0863249 0.913675
3 0.02993 0.97007
3 0.000489756 0.99951
8 0.998399 0.00160066
8 0.99483 0.00516991
3 0.0143948 0.985605
8 0.928863 0.0711369
8 0.981052 0.0189477
3 0.0333129 0.966687
3 0.414463 0.585537
8 0.680182 0.319818
8 0.938663 0.0613368
3 0.214322 0.785678
3 0.00233669 0.997663
8 0.898864 0.101136
8 0.984583 0.0154172
8 0.995927 0.00407297
3 0.000141524 0.999858
8 0.992523 0.00747711
3 0.05743 0.94257
8 0.986655 0.0133447
8 0.906082 0.0939179
8 0.992349 0.0076508
8 0.979655 0.0203446
8 0.996772 0.0032281
3 0.0226091 0.977391
8 0.948552 0.0514481
3 3.66141e-05 0.999963
8 0.978937 0.0210635
8 0.99281 0.00718977
8 0.990336 0.00966411
8 0.812865 0.187135
3 4.97824e-07 1
3 1.55739e-06 0.999998
8 0.926556 0.0734437
3 0.408036 0.591964
8 0.931204 0.0687964
8 0.996781 0.00321938
3 1.33097e-06 0.999999
3 0.000483042 0.999517
8 0.987863 0.0121367
8 0.989436 0.0105636
8 0.91789 0.0821098
3 0.0728291 0.927171
3 0.0050653 0.994935
3 2.13575e-07 1
3 8.96111e-07 0.999999
8 0.876813 0.123187
8 0.993478 0.00652187
8 0.596506 0.403494
8 0.992158 0.00784158
3 0.0119957 0.988004
8 0.970271 0.0297291
8 0.965518 0.0344824
8 0.837264 0.162736
8 0.853637 0.146363
8 0.874813 0.125187
8 0.738252 0.261748
8 0.930429 0.0695712
3 0.0237028 0.976297
3 1e-07 1
8 0.996938 0.0030622
3 0.0993851 0.900615
8 0.948532 0.051468
8 0.988393 0.0116065
8 0.78271 0.21729
3 1e-07 1
3 0.209527 0.790473
3 0.0230329 0.976967
3 0.178002 0.821998
3 0.155589 0.844411
8 0.99631 0.00368964
3 0.0071893 0.992811
8 0.960846 0.0391539
8 0.953105 0.0468947
8 0.97177 0.0282296
8 0.994608 0.00539188
8 0.947111 0.0528888
8 0.986592 0.0134075
8 0.990634 0.00936615
8 0.985605 0.014395
3 3.97012e-06 0.999996
8 0.918803 0.081197
3 0.00625543 0.993745
8 0.965304 0.0346956
8 0.999952 4.84995e-05
8 0.929045 0.0709545
3 0.339478 0.660522
8 0.654582 0.345418
3 3.17028e-05 0.999968
3 0.00156097 0.998439
3 0.463315 0.536685
8 0.528407 0.471593
8 0.914489 0.0855114
8 0.999616 0.000384121
8 0.566827 0.433173
8 0.773168 0.226832
3 0.0333118 0.966688
3 1e-07 1
3 1.17315e-05 0.999988
3 7.78521e-05 0.999922
8 0.97829 0.0217103
8 0.873936 0.126064
8 0.509341 0.490659
8 0.996201 0.00379874
8 0.874226 0.125774
3 3.0382e-05 0.99997
8 0.863235 0.136765
8 0.986587 0.0134128
3 0.00188996 0.99811
8 0.990701 0.00929878
8 0.999769 0.000230961
8 0.946205 0.0537951
8 0.673131 0.326869
8 0.86141 0.13859
3 0.00231383 0.997686
8 0.961185 0.0388153
8 0.816617 0.183383
8 0.939685 0.0603154
8 0.940591 0.0594094
3 0.000118453 0.999882
8 0.94247 0.05753
8 0.962648 0.0373519
3 0.00175619 0.998244
3 0.000115143 0.999885
3 5.46244e-06 0.999995
3 6.44273e-06 0.999994
3 3.1064e-05 0.999969
8 0.988494 0.011506
8 0.944638 0.0553622
8 0.952934 0.0470655
8 0.937585 0.0624147
8 0.975128 0.0248718
3 1e-07 1
3 0.0168064 0.983194
8 0.992742 0.00725777
8 0.70819 0.29181
3 4.6569e-05 0.999953
8 0.995033 0.00496725
8 0.868492 0.131508
3 0.000659485 0.999341
3 0.0123404 0.98766
3 0.000182522 0.999817
3 0.00185946 0.998141
8 0.99928 0.000720176
3 6.85778e-05 0.999931
8 0.922379 0.0776212
8 0.9358 0.0642002
3 0.0027285 0.997272
8 0.850606 0.149394
3 7.59583e-05 0.999924
8 0.980916 0.0190838
3 0.000516618 0.999483
8 0.744508 0.255492
8 0.660398 0.339602
3 0.295561 0.704439
8 0.993963 0.00603696
8 0.870531 0.129469
8 0.549756 0.450244
3 0.242973 0.757027
8 0.754288 0.245712
3 0.000345034 0.999655
8 0.989732 0.0102684
3 0.0148162 0.985184
3 0.000405848 0.999594
8 0.976694 0.0233059
8 0.980396 0.0196043
3 1e-07 1
8 0.799981 0.200019
8 0.994274 0.00572568
8 0.994618 0.00538229
3 0.038312 0.961688
3 1.632e-05 0.999984
8 0.988773 0.011227
8 0.949171 0.0508291
3 2.78792e-05 0.999972
3 0.00156714 0.998433
8 0.771524 0.228476
3 0.405976 0.594024
8 0.990639 0.00936055
8 0.92975 0.07025
3 2.33938e-05 0.999977
8 0.999564 0.000435853
3 0.371294 0.628706
3 0.000177561 0.999822
8 0.993574 0.0064261
8 0.517554 0.482446
8 0.989149 0.0108506
3 0.000103356 0.999897
8 0.581927 0.418073
8 0.931901 0.0680987
3 1.46005e-07 1
3 1.64259e-05 0.999984
3 0.00555427 0.994446
8 0.911217 0.0887827
8 0.917472 0.0825276
8 0.907051 0.0929488
8 0.964362 0.0356379
8 0.974175 0.0258251
3 0.00236454 0.997635
3 0.000249153 0.999751
8 0.990645 0.00935494
8 0.567522 0.432478
8 0.720593 0.279407
3 0.0354912 0.964509
8 0.77739 0.22261
8 0.957094 0.042906
3 0.406239 0.593761
8 0.958421 0.0415791
8 0.991309 0.00869145
8 0.99947 0.000530141
8 0.859794 0.140206
8 0.973007 0.0269933
8 0.973267 0.0267334
8 0.990276 0.00972401
8 0.985769 0.0142308
8 0.826517 0.173483
3 0.00119227 0.998808
8 0.953355 0.046645
8 0.812259 0.187741
3 0.000238621 0.999761
3 0.0232202 0.97678
8 0.997252 0.00274814
8 0.963743 0.0362569
8 0.928455 0.0715448
8 0.960959 0.0390408
3 0.000888423 0.999112
3 3.46569e-05 0.999965
3 0.187744 0.812256
3 0.0066386 0.993361
8 0.966907 0.0330932
8 0.990489 0.00951122
8 0.934767 0.0652335
3 0.0101145 0.989885
8 0.976499 0.0235007
8 0.696817 0.303183
8 0.992568 0.0074319
8 0.992735 0.00726545
8 0.572828 0.427172
8 0.908188 0.0918121
8 0.991461 0.00853871
3 5.10218e-06 0.999995
3 1.34125e-05 0.999987
8 0.997597 0.00240342
3 0.000100626 0.999899
3 1.75746e-06 0.999998
8 0.797331 0.202669
8 0.566497 0.433503
8 0.980028 0.0199722
3 3.17324e-07 1
3 0.421886 0.578114
8 0.735371 0.264629
8 0.87545 0.12455
8 0.987945 0.0120545
8 0.728104 0.271896
3 0.252846 0.747154
8 0.950171 0.0498288
3 0.383217 0.616783
8 0.942917 0.0570825
3 0.34526 0.65474
3 0.000803908 0.999196
3 0.475241 0.524759
3 0.284268 0.715732
8 0.982024 0.0179764
8 0.821914 0.178086
8 0.835132 0.164868
8 0.970966 0.0290338
3 0.117311 0.882689
8 0.987777 0.012223
3 2.70271e-05 0.999973
8 0.942776 0.0572238
8 0.972216 0.0277843
8 0.998074 0.00192605
8 0.960285 0.0397151
8 0.994966 0.00503425
8 0.997783 0.00221723
8 0.981419 0.0185812
8 0.589722 0.410278
3 0.32818 0.67182
3 0.00771411 0.992286
8 0.818274 0.181726
8 0.998933 0.00106686
8 0.930533 0.0694673
8 0.715955 0.284045
3 0.00120928 0.998791
8 0.991328 0.00867245
3 0.00149631 0.998504
3 2.19021e-07 1
8 0.964569 0.035431
8 0.522327 0.477673
8 0.993705 0.00629537
3 0.0443655 0.955635
8 0.905449 0.0945511
3 0.0210658 0.978934
8 0.924665 0.0753354
3 8.1432e-05 0.999919
8 0.724654 0.275346
8 0.6897 0.3103
8 0.539133 0.460867
8 0.572384 0.427616
8 0.991392 0.00860845
3 7.27933e-05 0.999927
8 0.994115 0.00588529
8 0.935444 0.0645556
8 0.96642 0.0335804
8 0.902745 0.0972547
3 0.409043 0.590957
8 0.9955 0.0045
3 1.29619e-06 0.999999
8 0.667727 0.332273
3 0.436158 0.563842
8 0.505742 0.494258
8 0.962686 0.0373143
8 0.991937 0.00806332
8 0.992922 0.00707777
3 0.000814922 0.999185
8 0.870863 0.129137
3 0.000268326 0.999732
3 0.163054 0.836946
8 0.962099 0.0379007
8 0.994307 0.00569285
8 0.997036 0.00296377
8 0.952942 0.0470578
8 0.955404 0.0445965
3 0.0904808 0.909519
8 0.924837 0.0751629
3 7.59329e-05 0.999924
8 0.972981 0.0270186
8 0.980291 0.0197087
3 4.17822e-05 0.999958
8 0.682895 0.317105
8 0.685571 0.314429
8 0.999187 0.000813116
8 0.59863 0.40137
3 1e-07 1
3 0.00591407 0.994086
8 0.99193 0.00806987
8 0.998454 0.00154619
8 0.759512 0.240488
3 1.16951e-06 0.999999
8 0.970201 0.0297994
3 0.388698 0.611302
8 0.98497 0.0150304
3 0.35716 0.64284
3 0.172794 0.827206
3 1e-07 1
3 0.00230156 0.997698
8 0.700162 0.299838
3 3.7718e-05 0.999962
3 1.40808e-06 0.999999
8 0.983278 0.0167224
8 0.515827 0.484173
8 0.928173 0.071827
8 0.994795 0.00520546
3 6.84082e-06 0.999993
3 1.15275e-05 0.999988
8 0.999945 5.53527e-05
8 0.925238 0.0747624
8 0.800809 0.199191
8 0.986035 0.0139648
8 0.99839 0.00161003
8 0.847538 0.152462
3 1e-07 1
8 0.904568 0.0954322
8 0.527724 0.472276
8 0.989466 0.0105343
8 0.988807 0.0111929
8 0.977234 0.0227661
8 0.859356 0.140644
8 0.990753 0.00924691
3 0.441295 0.558705
3 8.51437e-05 0.999915
8 0.979721 0.0202786
8 0.999831 0.000169316
3 0.0288006 0.971199
3 4.00169e-06 0.999996
8 0.933259 0.0667406
8 0.955576 0.0444238
8 0.854548 0.145452
8 0.94388 0.0561197
3 0.0397344 0.960266
8 0.964391 0.0356095
8 0.776975 0.223025
8 0.99149 0.00850956
8 0.981835 0.0181651
8 0.91883 0.0811701
8 0.989609 0.0103906
3 0.165793 0.834207
3 0.403135 0.596865
8 0.991871 0.00812942
8 0.988215 0.0117851
8 0.662622 0.337378
8 0.594364 0.405636
8 0.999542 0.00045803
8 0.927019 0.0729812
8 0.992835 0.00716476
8 0.845016 0.154984
8 0.963381 0.0366186
3 2.48683e-05 0.999975
8 0.648682 0.351318
8 0.920609 0.0793905
3 0.206426 0.793574
8 0.742229 0.257771
3 0.000139626 0.99986
8 0.994871 0.00512932
8 0.997345 0.00265477
8 0.993887 0.00611325
8 0.829232 0.170768
8 0.759773 0.240227
8 0.986832 0.0131678
8 0.935543 0.0644574
8 0.990224 0.00977612
8 0.992149 0.00785111
8 0.761127 0.238873
8 0.999993 7.10113e-06
8 0.914809 0.0851914
3 0.00792346 0.992077
8 0.992381 0.00761874
8 0.954785 0.0452148
8 0.984574 0.0154261
8 0.985244 0.0147558
8 0.65014 0.34986
3 0.00482627 0.995174
8 0.976063 0.0239367
8 0.989312 0.0106879
3 0.10789 0.89211
8 0.996026 0.00397438
3 5.82377e-06 0.999994
8 0.97946 0.0205396
3 1.06227e-07 1
8 0.989732 0.0102684
8 0.999748 0.000251516
3 0.00727693 0.992723
8 0.940828 0.0591719
8 0.998312 0.00168785
3 0.00121331 0.998787
8 0.987937 0.012063
8 0.953999 0.0460014
8 0.999264 0.000735594
8 0.700006 0.299994
3 0.293323 0.706677
8 0.991785 0.00821459
8 0.865634 0.134366
8 0.893376 0.106624
3 0.0175597 0.98244
3 1.10129e-06 0.999999
3 0.000180252 0.99982
3 0.000126058 0.999874
8 0.960111 0.0398891
8 0.934984 0.0650162
8 0.980764 0.0192355
8 0.590762 0.409238
3 0.000155591 0.999844
3 0.0916922 0.908308
8 0.989257 0.010743
8 0.997376 0.00262364
8 0.674144 0.325856
8 0.628387 0.371613
3 0.0828112 0.917189
8 0.75335 0.24665
3 0.310564 0.689436
3 0.179131 0.820869
3 0.125566 0.874434
8 0.995428 0.00457235
8 0.77241 0.22759
8 0.937319 0.0626808
3 0.00226717 0.997733
3 1.37335e-05 0.999986
8 0.967247 0.0327532
8 0.993643 0.00635652
8 0.93538 0.0646198
3 0.00570229 0.994298
8 0.97088 0.0291196
3 0.000427603 0.999572
3 0.000133183 0.999867
8 0.561206 0.438794
8 0.99435 0.00565032
3 1e-07 1
8 0.926991 0.0730092
3 0.0574191 0.942581
8 0.972022 0.0279777
8 0.971948 0.0280525
8 0.983913 0.0160866
8 0.99594 0.00406024
3 0.000202281 0.999798
3 0.276536 0.723464
3 0.240779 0.759221
8 0.997678 0.00232245
3 0.016514 0.983486
8 0.943407 0.0565931
3 1.23018e-06 0.999999
3 0.285421 0.714579
3 0.0954942 0.904506
8 0.999329 0.000671284
8 0.999817 0.000183426
8 0.997039 0.00296059
8 0.992039 0.00796087
3 0.00308268 0.996917
3 0.000161666 0.999838
3 0.000647316 0.999353
8 0.95306 0.04694
3 0.000186406 0.999814
3 0.0190146 0.980985
3 0.49533 0.50467
8 0.908937 0.0910627
8 0.999603 0.000396711
8 0.961697 0.0383032
3 0.332257 0.667743
3 0.00164728 0.998353
8 0.968322 0.0316776
8 0.709926 0.290074
3 7.80048e-07 0.999999
8 0.980526 0.0194738
8 0.516657 0.483343
8 0.877704 0.122296
8 0.944145 0.0558555
3 0.0693628 0.930637
3 0.327626 0.672374
8 0.941108 0.0588918
8 0.973852 0.0261478
3 0.000456197 0.999544
3 0.414568 0.585432
3 0.0107012 0.989299
3 0.0146209 0.985379
8 0.993638 0.00636152
8 0.999944 5.61635e-05
3 0.00382465 0.996175
8 0.946007 0.0539929
8 0.822996 0.177004
8 0.969438 0.0305618
8 0.65648 0.34352
8 0.992299 0.00770066
8 0.998824 0.00117581
8 0.990074 0.00992648
8 0.984245 0.0157554
3 0.477435 0.522565
3 2.51478e-07 1
3 0.120203 0.879797
3 1.8871e-05 0.999981
3 1e-07 1
3 1.45075e-05 0.999985
8 0.568474 0.431526
3 8.87889e-06 0.999991
3 1.84195e-06 0.999998
8 0.855651 0.144349
8 0.973917 0.0260833
8 0.99897 0.00103046
8 0.68063 0.31937
8 0.795913 0.204087
8 0.860253 0.139747
8 0.988014 0.0119862
8 0.998335 0.0016655
8 0.990211 0.00978895
3 0.390231 0.609769
8 0.993921 0.00607939
8 0.559582 0.440418
3 0.446486 0.553514
8 0.990358 0.00964242
8 0.672881 0.327119
3 0.34764 0.65236
8 0.988433 0.0115675
3 0.457332 0.542668
3 0.000186095 0.999814
3 6.30874e-07 0.999999
8 0.993595 0.00640454
8 0.926982 0.0730183
3 0.00240653 0.997593
8 0.953702 0.0462976
8 0.999955 4.52707e-05
8 0.988782 0.0112179
8 0.966896 0.0331037
8 0.969909 0.0300914
8 0.933755 0.0662452
8 0.98345 0.0165495
8 0.955241 0.0447587
8 0.87678 0.12322
8 0.999241 0.000759482
3 0.0918319 0.908168
8 0.995273 0.00472714
3 0.000117045 0.999883
3 0.206289 0.793711
8 0.964129 0.0358714
8 0.994008 0.00599168
8 0.976942 0.0230577
3 4.60228e-06 0.999995
3 0.0024756 0.997524
3 0.107502 0.892498
3 9.65807e-07 0.999999
8 0.622956 0.377044
8 0.981254 0.0187457
3 0.0408859 0.959114
3 0.00151859 0.998481
8 0.992442 0.00755751
3 0.485517 0.514483
8 0.991286 0.0087135
8 0.94324 0.0567604
8 0.960517 0.0394828
3 1e-07 1
8 0.937741 0.0622593
3 6.73531e-06 0.999993
8 0.50906 0.49094
8 0.993043 0.00695729
8 0.999796 0.000203802
3 2.07175e-05 0.999979
8 0.98864 0.0113598
8 0.990409 0.00959081
3 3.55093e-06 0.999996
8 0.918154 0.0818462
3 1.32312e-05 0.999987
8 0.958751 0.0412494
8 0.955012 0.0449884
8 0.988022 0.0119784
3 0.000215962 0.999784
8 0.990574 0.00942575
8 0.871192 0.128808
8 0.990124 0.0098765
8 0.991305 0.00869472
3 0.148038 0.851962
8 0.999995 4.99145e-06
8 0.91034 0.0896602
8 0.943056 0.0569443
3 0.000104993 0.999895
3 1e-07 1
8 0.526765 0.473235
8 0.992649 0.00735135
8 0.940771 0.0592294
8 0.955588 0.0444115
8 0.831862 0.168138
3 8.62923e-07 0.999999
3 0.00143181 0.998568
3 0.0575801 0.94242
8 0.999217 0.000782658
8 0.972362 0.0276384
3 0.251951 0.748049
3 0.0115821 0.988418
8 0.931102 0.0688977
3 1.42531e-06 0.999999
3 0.000252658 0.999747
8 0.818028 0.181972
8 0.991133 0.00886696
8 0.939852 0.0601481
3 1.66422e-05 0.999983
8 0.660415 0.339585
3 0.00133515 0.998665
8 0.991125 0.00887469
8 0.683909 0.316091
8 0.828632 0.171368
8 0.940441 0.0595591
8 0.996365 0.00363531
8 0.988757 0.0112428
8 0.978548 0.021452
3 0.000153859 0.999846
8 0.961758 0.0382418
8 0.989834 0.0101655
3 0.257037 0.742963
3 1e-07 1
8 0.978642 0.0213581
3 8.40812e-06 0.999992
3 0.169796 0.830204
3 2.53085e-06 0.999997
3 1e-07 1
8 0.989126 0.0108741
8 0.993808 0.00619241
8 0.887466 0.112534
8 0.912297 0.0877035
8 0.947135 0.0528654
3 5.32257e-06 0.999995
8 0.947644 0.0523556
8 0.996164 0.00383559
3 0.251224 0.748776
3 0.260724 0.739276
8 0.90948 0.0905202
3 0.0883076 0.911692
3 2.21349e-06 0.999998
8 0.97911 0.0208904
8 0.875931 0.124069
8 0.853201 0.146799
8 0.85402 0.14598
8 0.999807 0.000193397
8 0.991643 0.00835682
3 0.225455 0.774545
3 0.35354 0.64646
8 0.990988 0.00901188
8 0.995478 0.00452155
3 3.23311e-07 1
3 4.34511e-05 0.999957
8 0.896394 0.103606
8 0.993404 0.00659611
3 3.58977e-05 0.999964
3 5.75908e-05 0.999942
3 0.400277 0.599723
3 0.0506637 0.949336
8 0.861824 0.138176
3 0.000159786 0.99984
8 0.873544 0.126456
3 0.00659524 0.993405
3 0.121963 0.878037
8 0.99129 0.00871038
8 0.958716 0.0412841
8 0.593009 0.406991
8 0.917415 0.082585
8 0.995864 0.00413618
8 0.995962 0.00403777
8 0.968813 0.0311873
8 0.911375 0.0886254
3 0.00314773 0.996852
8 0.973336 0.0266644
8 0.851844 0.148156
3 0.00556683 0.994433
8 0.638098 0.361902
3 0.0291147 0.970885
8 0.999781 0.000218927
3 0.148225 0.851775
3 0.00369612 0.996304
3 0.00202865 0.997971
3 0.113681 0.886319
3 2.05646e-05 0.999979
3 1.04661e-06 0.999999
8 0.989588 0.0104119
8 0.984122 0.0158781
8 0.847022 0.152978
3 0.228341 0.771659
8 0.503912 0.496088
8 0.989909 0.0100914
8 0.63922 0.36078
8 0.994146 0.00585361
3 1e-07 1
3 0.000374517 0.999625
3 2.86649e-05 0.999971
3 0.000350411 0.99965
8 0.990625 0.0093747
8 0.983417 0.016583
3 0.00730933 0.992691
8 0.931827 0.0681729
8 0.692613 0.307387
3 0.0465906 0.953409
8 0.915608 0.0843916
8 0.935829 0.0641711
8 0.991295 0.00870514
8 0.970588 0.029412
8 0.993556 0.0064437
8 0.945223 0.0547771
3 4.8452e-05 0.999952
8 0.992791 0.00720898
8 0.929367 0.0706328
8 0.996337 0.0036626
3 0.257176 0.742824
8 0.938709 0.0612908
3 0.309343 0.690657
8 0.910895 0.0891047
3 0.374383 0.625617
8 0.94313 0.0568701
3 0.40843 0.59157
3 0.0246832 0.975317
8 0.971298 0.0287022
3 0.251003 0.748997
8 0.713141 0.286859
8 0.842072 0.157928
8 0.999322 0.000678227
3 1.26129e-05 0.999987
8 0.983195 0.0168054
3 0.000435194 0.999565
3 0.018396 0.981604
3 0.191246 0.808754
8 0.986918 0.0130818
8 0.993311 0.00668857
3 4.27069e-07 1
8 0.999306 0.000693664
3 6.5298e-05 0.999935
8 0.765864 0.234136
8 0.954124 0.0458757
3 0.00195424 0.998046
8 0.999889 0.000110543
3 0.00851459 0.991485
8 0.729786 0.270214
3 0.00142288 0.998577
3 1e-07 1
8 0.982234 0.0177663
8 0.750184 0.249816
8 0.996976 0.00302356
3 0.000638048 0.999362
3 5.27965e-05 0.999947
3 0.0103624 0.989638
8 0.708345 0.291655
3 0.135173 0.864827
8 0.878088 0.121912
3 0.155365 0.844635
3 0.000227899 0.999772
3 0.174273 0.825727
3 2.74989e-06 0.999997
3 0.0113107 0.988689
8 0.877998 0.122002
8 0.991716 0.00828443
8 0.958113 0.0418865
8 0.785202 0.214798
8 0.97248 0.0275201
3 0.308592 0.691408
8 0.84687 0.15313
3 2.2672e-05 0.999977
8 0.546963 0.453037
3 0.263078 0.736922
3 0.00289563 0.997104
3 1.03805e-05 0.99999
8 0.936792 0.0632076
8 0.995115 0.00488502
3 1e-07 1
8 0.94235 0.0576505
8 0.992835 0.00716523
3 3.43937e-05 0.999966
8 0.970955 0.029045
3 0.4459 0.5541
8 0.915303 0.0846971
8 0.996809 0.00319148
3 1e-07 1
8 0.963859 0.0361408
3 0.00252367 0.997476
8 0.973388 0.0266122
8 0.957466 0.0425337
8 0.999798 0.000202016
8 0.988817 0.0111834
3 0.00152217 0.998478
8 0.999535 0.000464503
3 0.00163135 0.998369
8 0.858536 0.141464
8 0.933039 0.0669611
3 0.000154311 0.999846
8 0.952177 0.0478231
8 0.557477 0.442523
8 0.931238 0.0687623
3 1e-07 1
8 0.912311 0.0876893
8 0.997143 0.00285744
8 0.996325 0.003675
3 0.0237704 0.97623
8 0.984198 0.0158017
3 0.295248 0.704752
8 0.992379 0.00762083
8 0.998616 0.00138372
8 0.942093 0.0579069
8 0.949349 0.0506511
8 0.816557 0.183443
3 0.0334174 0.966583
3 0.000283091 0.999717
8 0.885972 0.114028
8 0.99165 0.00834964
8 0.984162 0.015838
3 1.85747e-05 0.999981
8 0.988032 0.0119676
3 2.00003e-07 1
8 0.998578 0.00142199
8 0.863496 0.136504
8 0.99155 0.00845009
8 0.989389 0.0106106
3 6.45242e-06 0.999994
8 0.743085 0.256915
8 0.946348 0.0536522
3 0.00260016 0.9974
3 0.0768491 0.923151
3 1e-07 1
3 7.80761e-06 0.999992
3 0.122887 0.877113
3 1e-07 1
8 0.995587 0.00441333
8 0.990683 0.00931731
8 0.959189 0.040811
3 1e-07 1
8 0.887207 0.112793
8 0.915033 0.084967
8 0.780143 0.219857
8 0.993346 0.00665441
8 0.763021 0.236979
8 0.991401 0.00859948
3 2.099e-05 0.999979
3 0.151158 0.848842
8 0.967546 0.0324535
8 0.895562 0.104438
3 0.00199262 0.998007
8 0.999475 0.000525325
3 0.00136432 0.998636
8 0.892659 0.107341
8 0.999635 0.000365014
3 0.119626 0.880374
8 0.963474 0.0365257
8 0.983353 0.0166468
8 0.990723 0.00927736
8 0.505426 0.494574
8 0.794456 0.205544
8 0.981324 0.0186758
3 0.289029 0.710971
8 0.964345 0.0356546
8 0.907982 0.0920181
3 0.000107832 0.999892
8 0.797072 0.202928
8 0.998564 0.00143578
8 0.992065 0.00793485
3 0.024053 0.975947
3 0.116128 0.883872
3 0.000114621 0.999885
8 0.91309 0.08691
8 0.995753 0.00424734
3 9.40645e-07 0.999999
3 8.3076e-07 0.999999
8 0.610751 0.389249
3 0.0475377 0.952462
3 0.297343 0.702657
3 1e-07 1
8 0.999871 0.000129141
3 0.229923 0.770077
8 0.999154 0.000846256
3 3.39818e-05 0.999966
3 5.13376e-06 0.999995
8 0.922521 0.077479
8 0.993095 0.00690497
8 0.94485 0.0551501
3 0.240916 0.759084
3 3.07132e-05 0.999969
8 0.809055 0.190945
8 0.960069 0.0399313
8 0.92211 0.0778898
3 0.00556743 0.994433
8 0.967287 0.0327134
8 0.731133 0.268867
8 0.991554 0.00844611
8 0.999813 0.000187324
8 0.979889 0.0201114
8 0.997517 0.00248312
8 0.993409 0.00659067
8 0.994236 0.00576446
3 0.20838 0.79162
3 1e-07 1
3 0.0831483 0.916852
3 0.106058 0.893942
8 0.988568 0.0114315
8 0.682992 0.317008
3 0.00188919 0.998111
8 0.991431 0.00856933
3 1e-07 1
3 0.000442902 0.999557
8 0.76991 0.23009
8 0.877821 0.122179
8 0.943739 0.056261
3 0.0147203 0.98528
8 0.919031 0.0809688
3 0.00294467 0.997055
3 0.0086557 0.991344
8 0.953471 0.0465289
8 0.569218 0.430782
3 0.0286615 0.971338
8 0.989295 0.0107047
3 8.31959e-05 0.999917
8 0.937808 0.0621918
8 0.977297 0.0227034
8 0.867422 0.132578
3 0.0242685 0.975731
8 0.997037 0.00296292
3 0.316112 0.683888
3 2.69683e-06 0.999997
3 0.00165698 0.998343
3 0.381774 0.618226
3 0.00101085 0.998989
3 0.381235 0.618765
3 0.00158873 0.998411
3 0.0253566 0.974643
3 2.80662e-07 1
3 0.0462826 0.953717
8 0.959158 0.0408415
3 0.0481731 0.951827
3 1.71855e-05 0.999983
8 0.917262 0.0827384
3 0.00235846 0.997642
3 0.0839744 0.916026
3 0.11186 0.88814
3 0.0725324 0.927468
3 0.243306 0.756694
8 0.96112 0.0388795
8 0.988842 0.0111582
8 0.979663 0.0203368
8 0.993774 0.00622624
8 0.83003 0.16997
3 0.000843947 0.999156
8 0.987707 0.012293
8 0.989696 0.0103042
8 0.977632 0.022368
8 0.824439 0.175561
8 0.989429 0.0105711
8 0.921531 0.0784688
8 0.999482 0.000518231
8 0.988282 0.011718
8 0.987745 0.0122546
3 0.00087469 0.999125
8 0.711583 0.288417
8 0.949504 0.0504963
8 0.942705 0.0572946
3 0.000206451 0.999794
8 0.947974 0.0520255
3 0.000544454 0.999456
8 0.921593 0.0784066
8 0.940913 0.0590869
8 0.992005 0.00799544
8 0.960487 0.0395127
3 1.28609e-05 0.999987
8 0.984265 0.0157345
3 0.000916753 0.999083
3 1e-07 1
3 0.000475662 0.999524
8 0.943726 0.0562739
8 0.920381 0.0796189
8 0.99447 0.00552969
3 0.00567255 0.994327
3 0.00700515 0.992995
3 0.000872635 0.999127
3 0.00278119 0.997219
8 0.540939 0.459061
8 0.984801 0.0151989
3 0.000197658 0.999802
8 0.955286 0.0447142
3 0.000183373 0.999817
8 0.897281 0.102719
8 0.974129 0.0258713
3 4.21584e-05 0.999958
3 0.000141219 0.999859
8 0.990953 0.00904661
3 0.000495752 0.999504
8 0.994254 0.00574627
8 0.996892 0.00310797
3 0.0121452 0.987855
8 0.989611 0.0103893
8 0.980914 0.0190856
3 2.32065e-05 0.999977
8 0.992513 0.0074872
8 0.878336 0.121664
8 0.957027 0.0429732
8 0.995196 0.00480365
8 0.990993 0.00900737
8 0.775604 0.224396
8 0.988543 0.0114569
3 0.445246 0.554754
8 0.999683 0.000316789
8 0.997623 0.00237692
3 0.0184133 0.981587
8 0.919267 0.0807327
8 0.942965 0.0570354
3 0.107163 0.892837
8 0.917202 0.0827977
8 0.992234 0.00776616
8 0.962953 0.0370466
3 0.0882609 0.911739
3 2.36282e-05 0.999976
8 0.9901 0.00989989
8 0.960592 0.0394081
8 0.910593 0.0894067
3 9.12409e-05 0.999909
8 0.650909 0.349091
3 3.1003e-06 0.999997
8 0.994144 0.00585608
8 0.992193 0.00780653
3 0.0129101 0.98709
3 4.88877e-05 0.999951
8 0.587782 0.412218
8 0.993764 0.00623572
8 0.990274 0.00972603
8 0.935753 0.0642465
8 0.957522 0.0424781
3 0.00483683 0.995163
8 0.929242 0.0707578
3 0.0010699 0.99893
8 0.84816 0.15184
8 0.909892 0.0901079
8 0.754895 0.245105
3 0.0219521 0.978048
8 0.856382 0.143618
3 0.41369 0.58631
3 3.36569e-07 1
8 0.87029 0.12971
8 0.989354 0.0106461
8 0.999107 0.000893029
3 1.17132e-05 0.999988
8 0.971664 0.028336
8 0.994765 0.0052349
8 0.991024 0.00897559
8 0.967165 0.0328348
3 0.0360545 0.963946
8 0.701852 0.298148
8 0.998548 0.00145235
8 0.898333 0.101667
8 0.999142 0.000857741
8 0.981673 0.018327
3 6.84167e-05 0.999932
3 0.000435877 0.999564
8 0.99617 0.00382962
8 0.99287 0.00712983
8 0.999722 0.000278127
8 0.964772 0.0352281
8 0.993743 0.00625692
8 0.990347 0.009653
8 0.840816 0.159184
3 0.000180759 0.999819
8 0.97725 0.0227501
3 9.99311e-05 0.9999
8 0.658098 0.341902
8 0.680303 0.319697
3 0.0286852 0.971315
8 0.998988 0.0010116
3 0.111154 0.888846
3 0.380687 0.619313
3 0.325093 0.674907
8 0.739742 0.260258
8 0.977991 0.0220089
3 0.312278 0.687722
8 0.926943 0.0730568
8 0.57406 0.42594
8 0.668123 0.331877
3 0.429156 0.570844
3 0.193146 0.806854
3 0.0619299 0.93807
8 0.990267 0.00973258
3 0.246546 0.753454
3 0.0247338 0.975266
8 0.947712 0.0522882
8 0.998385 0.00161533
8 0.99778 0.00221967
8 0.962372 0.0376283
8 0.925887 0.0741132
8 0.975411 0.024589
8 0.73609 0.26391
3 1.60452e-06 0.999998
8 0.990994 0.00900551
8 0.961562 0.0384383
8 0.792691 0.207309
8 0.993443 0.00655721
8 0.916888 0.0831122
8 0.901944 0.098056
3 0.00020204 0.999798
8 0.913655 0.0863448
3 0.396846 0.603154
3 0.140784 0.859216
8 0.871068 0.128932
8 0.999946 5.44507e-05
3 1e-07 1
8 0.935949 0.0640515
8 0.982939 0.0170613
8 0.931722 0.068278
3 0.13696 0.86304
3 5.02981e-06 0.999995
8 0.640927 0.359073
8 0.989944 0.010056
8 0.952708 0.0472924
8 0.91225 0.0877496
8 0.95863 0.0413703
3 0.104528 0.895472
8 0.996073 0.00392652
3 4.2756e-07 1
8 0.815245 0.184755
8 0.964682 0.0353181
3 0.393284 0.606716
3 0.153306 0.846694
3 0.187105 0.812895
8 0.645568 0.354432
8 0.996963 0.00303739
8 0.979599 0.0204011
8 0.71246 0.28754
8 0.866756 0.133244
8 0.798408 0.201592
3 9.15042e-07 0.999999
3 0.000109339 0.999891
3 0.011089 0.988911
3 0.0108134 0.989187
8 0.957038 0.0429619
8 0.998233 0.00176697
8 0.957146 0.0428536
3 0.0470166 0.952983
8 0.952759 0.0472413
3 0.062313 0.937687
8 0.99346 0.00654044
8 0.966608 0.033392
8 0.902759 0.0972411
3 0.465269 0.534731
8 0.854009 0.145991
3 0.000259713 0.99974
3 0.00602628 0.993974
3 0.413284 0.586716
3 2.83684e-06 0.999997
3 1.00472e-05 0.99999
8 0.991062 0.00893827
8 0.923531 0.0764692
3 0.00979435 0.990206
8 0.968532 0.031468
8 0.962982 0.0370184
8 0.924741 0.0752595
8 0.989517 0.0104827
8 0.589086 0.410914
3 2.64284e-06 0.999997
3 0.00319105 0.996809
3 5.68095e-05 0.999943
8 0.99436 0.00564029
8 0.998994 0.00100572
8 0.713013 0.286987
8 0.607832 0.392168
8 0.990469 0.00953099
8 0.995227 0.00477256
8 0.997452 0.00254843
8 0.945169 0.0548314
8 0.911658 0.0883419
3 3.32225e-05 0.999967
8 0.976554 0.0234459
8 0.932169 0.0678306
8 0.962899 0.037101
8 0.956016 0.0439838
8 0.961556 0.0384437
8 0.984133 0.0158665
8 0.946048 0.0539523
3 1e-07 1
8 0.990071 0.00992868
8 0.999498 0.00050153
3 0.004004 0.995996
8 0.984404 0.0155957
3 0.000340319 0.99966
3 0.373324 0.626676
8 0.845133 0.154867
8 0.840198 0.159802
3 0.25497 0.74503
8 0.991428 0.00857213
8 0.999194 0.000805673
8 0.89043 0.10957
8 0.998813 0.00118685
3 0.000672591 0.999327
3 0.0203557 0.979644
3 8.84114e-07 0.999999
8 0.944838 0.0551622
8 0.961066 0.0389341
8 0.998084 0.00191604
8 0.993784 0.00621622
8 0.991344 0.00865585
8 0.99465 0.00535043
3 0.00438639 0.995614
8 0.988479 0.0115212
8 0.736886 0.263114
3 6.58122e-07 0.999999
8 0.85573 0.14427
3 3.2025e-07 1
3 6.84153e-06 0.999993
3 0.260732 0.739268
8 0.999257 0.000742655
3 0.000940914 0.999059
3 0.334335 0.665665
8 0.640107 0.359893
8 0.818385 0.181615
3 0.402769 0.597231
3 0.00122098 0.998779
8 0.977518 0.0224822
8 0.971704 0.0282961
3 0.0938124 0.906188
8 0.936428 0.0635723
8 0.990837 0.00916332
8 0.993546 0.00645436
3 0.00411372 0.995886
8 0.969346 0.0306542
8 0.996541 0.00345872
3 0.0028539 0.997146
8 0.989226 0.0107745
3 0.0165707 0.983429
3 0.433967 0.566033
3 0.000345547 0.999654
3 1.95021e-06 0.999998
3 0.00071921 0.999281
8 0.628754 0.371246
3 1.23485e-05 0.999988
3 0.0395857 0.960414
3 1e-07 1
8 0.972054 0.0279462
3 0.264167 0.735833
3 0.339047 0.660953
3 0.347823 0.652177
3 0.00988468 0.990115
3 2.03364e-05 0.99998
8 0.989491 0.010509
8 0.717638 0.282362
8 0.951208 0.0487916
3 0.296164 0.703836
8 0.637364 0.362636
8 0.943272 0.056728
3 0.000151615 0.999848
3 0.00221243 0.997788
3 0.164478 0.835522
3 0.0243356 0.975664
3 0.089297 0.910703
3 0.0581585 0.941841
3 1e-07 1
8 0.999881 0.000118917
3 0.387321 0.612679
8 0.99115 0.00885006
3 0.0755804 0.92442
3 6.59269e-06 0.999993
8 0.801403 0.198597
8 0.731226 0.268774
3 0.18455 0.81545
8 0.746261 0.253739
3 0.36412 0.63588
3 0.0323518 0.967648
8 0.946079 0.0539209
8 0.922459 0.0775412
3 0.000221121 0.999779
3 3.27393e-06 0.999997
8 0.900862 0.0991378
3 0.0942107 0.905789
3 0.0022459 0.997754
8 0.670846 0.329154
3 0.0697396 0.93026
8 0.990187 0.00981253
3 0.00165716 0.998343
3 0.000298971 0.999701
3 1e-07 1
8 0.991392 0.00860838
3 0.446192 0.553808
8 0.609249 0.390751
8 0.99435 0.00564954
3 0.259203 0.740797
3 0.325911 0.674089
3 0.000256966 0.999743
8 0.507425 0.492575
3 1e-07 1
3 3.58293e-05 0.999964
3 0.0398641 0.960136
8 0.980903 0.0190968
8 0.989533 0.0104674
8 0.979229 0.020771
8 0.949478 0.0505217
8 0.976201 0.0237995
3 0.0107325 0.989267
8 0.898795 0.101205
3 0.00175918 0.998241
8 0.993347 0.00665335
8 0.952611 0.0473894
8 0.740349 0.259651
8 0.911474 0.0885258
8 0.98892 0.01108
8 0.985423 0.0145766
8 0.999952 4.76965e-05
8 0.997588 0.0024122
3 9.59173e-05 0.999904
3 0.000202937 0.999797
3 0.0116046 0.988395
8 0.967111 0.0328892
3 0.0105538 0.989446
3 0.414477 0.585523
8 0.839877 0.160123
8 0.944463 0.0555375
8 0.994462 0.00553833
8 0.985533 0.0144675
8 0.990773 0.00922703
8 0.944634 0.0553655
8 0.999194 0.000805823
8 0.991432 0.00856774
8 0.550768 0.449232
8 0.865261 0.134739
3 1e-07 1
8 0.955898 0.0441015
8 0.99959 0.000409871
8 0.585797 0.414203
8 0.907719 0.0922812
8 0.858932 0.141068
8 0.990164 0.00983622
8 0.935218 0.0647822
3 0.0557576 0.944242
3 0.278942 0.721058
8 0.887378 0.112622
8 0.969009 0.0309909
8 0.517475 0.482525
3 0.0956544 0.904346
8 0.978634 0.0213657
8 0.998835 0.00116516
3 1.56457e-05 0.999984
3 0.00188517 0.998115
8 0.918636 0.081364
8 0.934527 0.0654728
3 0.410024 0.589976
3 0.00223117 0.997769
8 0.989048 0.0109517
8 0.997653 0.00234703
3 0.254724 0.745276
8 0.995851 0.00414918
3 0.00810771 0.991892
3 3.69352e-05 0.999963
8 0.992742 0.00725827
8 0.960943 0.0390566
3 9.51192e-05 0.999905
3 0.193785 0.806215
8 0.986189 0.0138108
8 0.998965 0.0010348
8 0.986599 0.0134006
8 0.929734 0.0702656
8 0.999789 0.00021089
8 0.606425 0.393575
8 0.64303 0.35697
8 0.97018 0.0298202
8 0.99964 0.00036047
3 0.0176267 0.982373
8 0.99026 0.00973984
8 0.951731 0.0482687
8 0.98873 0.0112701
8 0.936636 0.0633637
3 0.221085 0.778915
3 0.000777785 0.999222
3 0.399911 0.600089
3 0.113981 0.886019
3 0.118064 0.881936
8 0.823578 0.176422
8 0.883349 0.116651
8 0.526053 0.473947
8 0.998724 0.00127639
3 3.77146e-05 0.999962
8 0.670012 0.329988
8 0.938989 0.0610114
8 0.987455 0.0125448
8 0.999007 0.000992742
8 0.707212 0.292788
8 0.999209 0.000790843
3 0.277133 0.722867
3 0.000277817 0.999722
8 0.981124 0.0188759
3 0.0494672 0.950533
8 0.989508 0.010492
8 0.852542 0.147458
8 0.999398 0.0006017
8 0.991852 0.00814807
3 0.00028275 0.999717
8 0.532585 0.467415
3 9.90699e-06 0.99999
8 0.993835 0.00616521
8 0.909773 0.0902273
8 0.797028 0.202972
8 0.962419 0.0375811
8 0.986551 0.0134492
8 0.686319 0.313681
8 0.992001 0.00799903
3 0.0160763 0.983924
3 0.132204 0.867796
3 7.22461e-06 0.999993
8 0.544451 0.455549
8 0.945515 0.0544854
3 5.94369e-05 0.999941
8 0.739045 0.260955
3 0.285757 0.714243
8 0.928787 0.0712128
8 0.868658 0.131342
8 0.9839 0.0161001
3 0.00013533 0.999865
8 0.955117 0.0448834
3 0.230307 0.769693
8 0.983023 0.0169767
3 0.12409 0.87591
8 0.993351 0.00664855
8 0.987903 0.0120968
3 0.485812 0.514188
3 2.40193e-06 0.999998
8 0.978375 0.0216245
8 0.948691 0.0513091
8 0.987029 0.0129707
3 0.48406 0.51594
8 0.99992 8.02271e-05
8 0.939867 0.060133
8 0.99834 0.00166002
8 0.980327 0.0196732
8 0.908451 0.0915485
3 2.10632e-06 0.999998
8 0.842684 0.157316
8 0.603063 0.396937
3 0.206253 0.793747
3 1e-07 1
3 0.000980003 0.99902
8 0.993127 0.0068735
3 0.00183826 0.998162
8 0.756971 0.243029
8 0.927852 0.072148
3 2.33888e-05 0.999977
3 0.295245 0.704755
8 0.728576 0.271424
8 0.989835 0.0101651
8 0.999685 0.000314562
3 0.000981933 0.999018
8 0.962115 0.0378854
8 0.965332 0.0346685
8 0.999915 8.47104e-05
8 0.944437 0.055563
8 0.764434 0.235566
3 0.000298119 0.999702
8 0.999727 0.000272932
8 0.990157 0.00984296
8 0.998653 0.00134732
8 0.998669 0.00133113
8 0.909663 0.090337
8 0.516142 0.483858
8 0.974156 0.0258437
3 1e-07 1
3 1e-07 1
8 0.999945 5.49711e-05
8 0.787539 0.212461
8 0.992928 0.00707156
3 1.92345e-06 0.999998
8 0.954335 0.045665
3 3.82371e-06 0.999996
8 0.934667 0.0653331
3 0.00144399 0.998556
3 0.070905 0.929095
8 0.988036 0.0119644
8 0.893363 0.106637
8 0.947094 0.0529056
3 1e-07 1
8 0.999767 0.000233252
8 0.98991 0.0100902
8 0.989581 0.0104185
8 0.995123 0.00487733
3 2.59492e-06 0.999997
3 2.01112e-05 0.99998
3 0.000134208 0.999866
8 0.977367 0.0226327
8 0.53747 0.46253
3 0.479913 0.520087
8 0.992002 0.00799779
8 0.910105 0.0898946
3 4.70629e-05 0.999953
3 0.00231335 0.997687
3 0.160801 0.839199
8 0.989684 0.0103158
8 0.952955 0.0470454
3 0.0254236 0.974576
3 7.65996e-06 0.999992
8 0.891697 0.108303
3 8.96431e-06 0.999991
3 0.0443996 0.9556
3 0.00112887 0.998871
8 0.990713 0.00928672
8 0.776311 0.223689
8 0.933565 0.0664346
3 0.00184736 0.998153
8 0.994826 0.00517405
8 0.999976 2.42762e-05
3 0.000251743 0.999748
3 8.35266e-06 0.999992
8 0.933919 0.066081
8 0.557913 0.442087
3 0.000985274 0.999015
8 0.571447 0.428553
3 5.00903e-05 0.99995
8 0.929928 0.0700721
3 0.0145442 0.985456
8 0.994866 0.00513359
8 0.993851 0.00614882
3 0.00146646 0.998534
3 1.0736e-06 0.999999
8 0.962277 0.0377227
3 4.68863e-06 0.999995
3 0.00472298 0.995277
8 0.99849 0.00151042
8 0.966382 0.0336179
3 0.21384 0.78616
3 0.041916 0.958084
8 0.997613 0.00238652
8 0.961671 0.0383286
3 0.318624 0.681376
3 0.000160584 0.999839
3 0.271895 0.728105
8 0.993794 0.00620612
8 0.885609 0.114391
3 0.00723083 0.992769
8 0.990723 0.00927678
8 0.959693 0.0403069
3 1e-07 1
3 1e-07 1
8 0.978828 0.0211719
8 0.999786 0.000213803
8 0.904192 0.0958078
8 0.98913 0.0108697
8 0.960569 0.0394307
3 5.212e-07 0.999999
8 0.98339 0.0166098
8 0.989962 0.0100382
8 0.859623 0.140377
8 0.950208 0.0497922
8 0.99068 0.00931994
8 0.991304 0.00869559
8 0.993759 0.0062407
8 0.871535 0.128465
8 0.991338 0.00866176
8 0.99219 0.00781006
3 1e-07 1
8 0.996205 0.00379456
8 0.815121 0.184879
3 0.00205005 0.99795
8 0.743604 0.256396
8 0.744304 0.255696
8 0.763757 0.236243
3 0.361246 0.638754
8 0.992946 0.0070535
8 0.993908 0.00609227
8 0.999931 6.85608e-05
8 0.989752 0.0102484
3 0.000245389 0.999755
8 0.993028 0.00697162
8 0.952456 0.047544
8 0.996377 0.00362293
8 0.827879 0.172121
8 0.999778 0.00022209
3 0.183727 0.816273
8 0.529609 0.470391
3 0.00273404 0.997266
8 0.579915 0.420085
8 0.977868 0.0221322
8 0.694598 0.305402
8 0.945469 0.054531
3 1.4327e-05 0.999986
3 4.50175e-07 1
3 0.00418768 0.995812
8 0.739128 0.260872
8 0.998977 0.00102339
8 0.995005 0.00499538
8 0.999397 0.000602917
8 0.962445 0.0375553
8 0.969719 0.030281
3 0.000136288 0.999864
8 0.874468 0.125532
3 1.98793e-06 0.999998
3 0.000258321 0.999742
3 0.00799882 0.992001
8 0.660102 0.339898
8 0.854767 0.145233
8 0.977085 0.0229147
8 0.94802 0.0519797
3 0.444067 0.555933
8 0.999554 0.00044561
3 5.91295e-05 0.999941
3 0.00175997 0.99824
3 2.03734e-05 0.99998
8 0.888456 0.111544
3 1.89516e-07 1
8 0.999091 0.000909443
8 0.856012 0.143988
8 0.930579 0.0694214
8 0.657611 0.342389
8 0.999788 0.00021203
8 0.963717 0.0362831
3 3.77938e-05 0.999962
3 0.000621326 0.999379
3 0.00274063 0.997259
8 0.999378 0.000621773
3 0.000391196 0.999609
3 5.77574e-07 0.999999
8 0.991421 0.00857947
3 0.151444 0.848556
8 0.841181 0.158819
3 6.986e-05 0.99993
8 0.989602 0.0103982
8 0.90572 0.0942798
8 0.799339 0.200661
8 0.953078 0.046922
8 0.987501 0.012499
3 0.10062 0.89938
8 0.890031 0.109969
8 0.991355 0.00864486
8 0.855841 0.144159
8 0.999509 0.000490511
3 7.92523e-07 0.999999
3 1e-07 1
3 0.00182898 0.998171
8 0.949375 0.0506246
8 0.99872 0.0012798
8 0.991753 0.00824742
8 0.964589 0.0354107
8 0.914535 0.0854647
3 0.000473297 0.999527
8 0.981572 0.018428
8 0.614798 0.385202
3 4.68398e-07 1
3 0.0856788 0.914321
3 0.376234 0.623766
8 0.997996 0.00200378
3 0.00107191 0.998928
8 0.878806 0.121194
8 0.982531 0.0174688
8 0.982641 0.0173595
8 0.99542 0.00457989
3 0.309623 0.690377
8 0.993849 0.00615055
8 0.893148 0.106852
8 0.880031 0.119969
3 1e-07 1
3 0.34081 0.65919
8 0.986214 0.0137858
8 0.998492 0.00150788
3 2.14639e-06 0.999998
8 0.592259 0.407741
3 5.82269e-06 0.999994
8 0.781715 0.218285
3 2.27239e-05 0.999977
3 0.00436511 0.995635
8 0.945642 0.0543584
3 0.10516 0.89484
8 0.989864 0.010136
3 1e-07 1
8 0.936155 0.0638453
8 0.918021 0.0819787
3 0.000323893 0.999676
3 0.0869352 0.913065
8 0.97576 0.0242402
3 2.50658e-07 1
8 0.988791 0.0112093
8 0.629394 0.370606
3 0.283674 0.716326
3 0.00043595 0.999564
8 0.99388 0.00612001
8 0.738583 0.261417
8 0.91874 0.0812599
8 0.85075 0.14925
8 0.900327 0.0996735
8 0.802089 0.197911
3 3.88579e-07 1
8 0.992187 0.00781278
3 3.72583e-06 0.999996
8 0.997887 0.00211346
8 0.885041 0.114959
8 0.999209 0.000790871
3 0.368275 0.631725
8 0.54512 0.45488
8 0.987421 0.0125786
3 0.119204 0.880796
3 1.35056e-05 0.999986
8 0.593401 0.406599
8 0.918875 0.0811253
3 0.00093645 0.999064
8 0.999994 6.22771e-06
8 0.997803 0.00219694
3 0.400616 0.599384
8 0.773379 0.226621
8 0.999498 0.000501502
3 0.000206541 0.999793
8 0.95067 0.0493299
3 0.426193 0.573807
8 0.751799 0.248201
8 0.921987 0.0780126
3 0.000325687 0.999674
8 0.975588 0.0244123
8 0.897511 0.102489
8 0.961393 0.0386066
8 0.982264 0.0177359
3 7.04377e-05 0.99993
3 0.0715057 0.928494
8 0.995524 0.00447636
3 0.26801 0.73199
3 5.06366e-05 0.999949
3 0.013949 0.986051
3 0.270969 0.729031
3 0.000587756 0.999412
8 0.933511 0.0664886
8 0.937839 0.0621608
8 0.9237 0.0763003
3 0.0283789 0.971621
8 0.785294 0.214706
8 0.950132 0.0498676
8 0.990906 0.00909352
8 0.768045 0.231955
8 0.605213 0.394787
3 0.2863 0.7137
3 0.0051469 0.994853
8 0.992331 0.00766936
8 0.924679 0.0753208
8 0.793226 0.206774
3 3.22323e-05 0.999968
3 0.312883 0.687117
3 8.49322e-07 0.999999
8 0.988498 0.011502
8 0.991107 0.00889345
8 0.992771 0.00722874
8 0.995878 0.00412198
8 0.65659 0.34341
8 0.834372 0.165628
3 0.00995236 0.990048
3 0.00103538 0.998965
3 0.00100005 0.999
8 0.992558 0.00744205
8 0.685643 0.314357
8 0.998557 0.00144281
8 0.978343 0.0216568
8 0.898955 0.101045
8 0.893905 0.106095
8 0.993881 0.006119
3 0.338003 0.661997
3 0.000445734 0.999554
8 0.999539 0.000460995
8 0.992667 0.00733343
3 1e-07 1
8 0.9992 0.000800238
3 0.0507373 0.949263
3 0.000179851 0.99982
8 0.974951 0.0250494
3 0.178675 0.821325
8 0.994728 0.00527223
8 0.990366 0.0096343
8 0.988969 0.0110315
8 0.988997 0.0110035
3 1e-07 1
8 0.90059 0.0994102
8 0.937433 0.0625673
8 0.902517 0.097483
3 0.307057 0.692943
8 0.893738 0.106262
8 0.908069 0.0919312
8 0.586213 0.413787
8 0.999079 0.000920634
8 0.991278 0.00872235
3 6.37133e-05 0.999936
8 0.999929 7.07768e-05
3 1.96133e-06 0.999998
3 0.0550313 0.944969
8 0.905043 0.094957
8 0.991321 0.0086794
8 0.990883 0.0091166
8 0.990524 0.00947634
8 0.945762 0.0542381
8 0.92751 0.0724896
8 0.993713 0.00628673
8 0.650724 0.349276
8 0.906712 0.0932881
3 0.0529646 0.947035
3 0.0247886 0.975211
3 0.00114661 0.998853
3 7.33317e-07 0.999999
3 3.07207e-07 1
8 0.989677 0.0103232
3 0.217635 0.782365
8 0.990073 0.00992693
8 0.948635 0.051365
8 0.991745 0.00825476
8 0.755504 0.244496
8 0.998326 0.0016741
3 0.495355 0.504645
3 0.34265 0.65735
8 0.932954 0.0670463
3 0.000535796 0.999464
8 0.945295 0.0547051
8 0.995748 0.00425214
8 0.99254 0.00745969
3 0.436745 0.563255
8 0.939028 0.060972
8 0.640115 0.359885
8 0.993549 0.00645073
8 0.532368 0.467632
3 0.000541342 0.999459
3 9.79441e-07 0.999999
3 0.00033895 0.999661
8 0.950098 0.049902
8 0.961565 0.0384345
3 0.00613489 0.993865
8 0.916777 0.083223
8 0.604909 0.395091
3 0.0416001 0.9584
8 0.991811 0.00818892
3 4.86668e-06 0.999995
8 0.99847 0.00152987
8 0.834532 0.165468
8 0.533798 0.466202
8 0.987408 0.0125922
8 0.951175 0.0488252
8 0.945313 0.0546866
3 0.000122873 0.999877
3 0.000192161 0.999808
3 0.0116214 0.988379
8 0.952545 0.0474546
8 0.979699 0.0203015
8 0.951859 0.0481407
8 0.74595 0.25405
8 0.998787 0.0012128
3 0.121769 0.878231
3 0.00595324 0.994047
3 0.00634185 0.993658
3 0.00264384 0.997356
3 0.21724 0.78276
8 0.901584 0.0984158
8 0.861463 0.138537
3 8.35518e-05 0.999916
8 0.993449 0.0065509
8 0.990896 0.00910414
3 0.248037 0.751963
8 0.941655 0.0583448
8 0.887771 0.112229
3 0.00241406 0.997586
3 0.000916601 0.999083
8 0.877478 0.122522
8 0.933916 0.0660838
8 0.987816 0.0121844
3 0.00164553 0.998354
8 0.771989 0.228011
3 0.241374 0.758626
3 3.27704e-05 0.999967
8 0.935864 0.0641364
8 0.72665 0.27335
3 4.88253e-06 0.999995
8 0.99798 0.00202034
3 0.227227 0.772773
8 0.77898 0.22102
8 0.907395 0.0926053
8 0.990457 0.00954304
8 0.995328 0.00467245
3 0.0721758 0.927824
8 0.854415 0.145585
8 0.950056 0.0499442
8 0.956227 0.0437732
8 0.989879 0.0101214
8 0.996288 0.00371165
3 0.000202747 0.999797
3 0.0632519 0.936748
8 0.833611 0.166389
8 0.993204 0.00679643
8 0.786508 0.213492
8 0.874437 0.125563
8 0.998839 0.00116129
8 0.909663 0.0903368
8 0.858276 0.141724
8 0.952745 0.0472551
3 0.127386 0.872614
8 0.967243 0.032757
8 0.935685 0.0643145
3 0.221637 0.778363
8 0.976809 0.0231907
8 0.99575 0.00424964
3 0.0698794 0.930121
3 0.00320477 0.996795
8 0.666345 0.333655
3 4.1543e-06 0.999996
8 0.954968 0.0450317
8 0.930575 0.0694254
3 1.47851e-06 0.999999
8 0.990411 0.00958895
8 0.989864 0.0101362
8 0.9934 0.00660039
3 0.000387759 0.999612
3 0.00253477 0.997465
3 0.000484289 0.999516
8 0.5034 0.4966
3 0.223263 0.776737
8 0.863465 0.136535
3 3.77006e-05 0.999962
8 0.573768 0.426232
8 0.799204 0.200796
8 0.913696 0.0863042
3 0.000296223 0.999704
8 0.935318 0.0646823
8 0.904804 0.095196
8 0.526777 0.473223
3 0.474529 0.525471
3 0.00624707 0.993753
3 0.0691242 0.930876
8 0.684706 0.315294
3 1.32519e-05 0.999987
8 0.966868 0.0331321
3 9.24194e-05 0.999908
8 0.682297 0.317703
3 0.00010827 0.999892
8 0.991047 0.00895293
8 0.994997 0.00500297
8 0.821683 0.178317
3 0.00149874 0.998501
3 0.0173092 0.982691
8 0.815246 0.184754
8 0.924318 0.0756819
3 0.000917602 0.999082
3 0.131982 0.868018
8 0.897491 0.102509
3 0.00335436 0.996646
8 0.934658 0.0653415
8 0.987865 0.0121355
3 1.25128e-05 0.999987
8 0.995849 0.00415093
8 0.980158 0.0198423
3 0.236081 0.763919
3 0.000518982 0.999481
3 0.189366 0.810634
3 1e-07 1
8 0.754456 0.245544
3 0.017413 0.982587
8 0.73623 0.26377
8 0.999598 0.000401821
8 0.9037 0.0962999
8 0.827629 0.172371
8 0.998033 0.0019672
3 0.000102869 0.999897
3 0.000231577 0.999768
8 0.914567 0.0854331
8 0.983752 0.0162481
8 0.738441 0.261559
3 0.000265674 0.999734
3 0.265481 0.734519
3 0.00128038 0.99872
8 0.997703 0.00229732
8 0.999629 0.000371168
3 9.08142e-06 0.999991
3 0.000860959 0.999139
3 4.60363e-06 0.999995
3 0.000137295 0.999863
3 0.000675661 0.999324
8 0.96112 0.0388801
8 0.622418 0.377582
8 0.951151 0.048849
3 0.316511 0.683489
8 0.911575 0.0884255
8 0.568445 0.431555
8 0.932912 0.0670878
3 1e-07 1
8 0.99973 0.000270399
8 0.946494 0.0535059
8 0.942245 0.0577549
3 1.20151e-05 0.999988
8 0.841396 0.158604
8 0.995444 0.00455642
8 0.999091 0.000908833
8 0.931465 0.0685355
8 0.980069 0.0199307
3 2.87852e-05 0.999971
3 6.98505e-06 0.999993
8 0.912633 0.0873673
8 0.99705 0.00295029
8 0.551829 0.448171
8 0.858743 0.141257
8 0.982621 0.0173794
3 0.0117429 0.988257
8 0.744829 0.255171
8 0.623724 0.376276
3 0.0107674 0.989233
8 0.994766 0.00523379
8 0.99392 0.00608026
8 0.889288 0.110712
8 0.664092 0.335908
8 0.986745 0.0132546
8 0.963872 0.0361284
8 0.93489 0.0651102
8 0.892214 0.107786
8 0.995167 0.00483282
3 0.00185723 0.998143
8 0.534074 0.465926
8 0.979504 0.0204961
8 0.983471 0.0165287
8 0.99105 0.00895008
3 0.000252747 0.999747
3 1.05434e-05 0.999989
3 6.82107e-07 0.999999
8 0.992344 0.00765606
8 0.95279 0.04721
3 0.399052 0.600948
3 8.17089e-05 0.999918
8 0.642592 0.357408
8 0.99894 0.00105983
3 4.16829e-06 0.999996
8 0.738565 0.261435
8 0.99747 0.00253041
8 0.948013 0.0519866
3 0.000163431 0.999837
8 0.950434 0.0495664
8 0.996573 0.00342722
8 0.939375 0.0606253
8 0.858215 0.141785
8 0.715247 0.284753
8 0.989924 0.0100757
3 0.280493 0.719507
8 0.902079 0.0979213
3 0.431519 0.568481
8 0.81939 0.18061
3 0.0105892 0.989411
3 0.000452877 0.999547
8 0.989319 0.0106806
8 0.988904 0.0110962
3 0.448976 0.551024
8 0.957635 0.0423654
3 1.45067e-07 1
8 0.675605 0.324395
3 0.132859 0.867141
3 5.05112e-05 0.999949
8 0.996805 0.00319461
8 0.598102 0.401898
8 0.957012 0.042988
8 0.992011 0.00798857
8 0.98673 0.0132701
8 0.764075 0.235925
