labels 8 10
8 0.995122 0.00487793
8 0.999868 0.000132415
8 0.999832 0.000168343
10 1e-07 1
10 1e-07 1
10 5.16975e-07 0.999999
10 6.09373e-06 0.999994
10 1e-07 1
10 7.08478e-05 0.999929
10 6.21226e-07 0.999999
10 4.64658e-06 0.999995
10 0.00754646 0.992454
10 1e-07 1
10 0.000449935 0.99955
10 1e-07 1
10 2.41297e-06 0.999998
10 0.00181563 0.998184
10 1e-07 1
10 0.00734616 0.992654
10 1e-07 1
10 0.000681895 0.999318
8 0.897068 0.102932
10 0.000174699 0.999825
10 2.84966e-05 0.999972
10 1.93335e-05 0.999981
10 0.0103126 0.989687
10 1e-07 1
10 0.0013765 0.998623
10 1e-07 1
10 6.11258e-06 0.999994
10 1e-07 1
10 0.000287085 0.999713
10 0.000173495 0.999827
10 1e-07 1
10 1e-07 1
10 1e-07 1
10 1.13683e-05 0.999989
10 0.000396908 0.999603
10 8.26521e-05 0.999917
10 1.55095e-06 0.999998
8 0.99983 0.000170316
10 0.0007982 0.999202
10 0.168264 0.831736
10 6.39315e-06 0.999994
10 0.00023009 0.99977
8 0.999999 9.19834e-07
10 0.000355061 0.999645
8 0.997905 0.00209537
10 3.38127e-06 0.999997
8 0.790164 0.209836
10 1e-07 1
10 1.37087e-05 0.999986
10 1.33699e-06 0.999999
10 1e-07 1
10 0.000119338 0.999881
10 4.74165e-06 0.999995
10 1.72209e-07 1
10 1.25571e-06 0.999999
10 0.000245197 0.999755
8 0.999937 6.27515e-05
10 0.00433581 0.995664
8 0.995538 0.00446204
10 6.23218e-06 0.999994
10 1e-07 1
10 1e-07 1
10 1e-07 1
8 0.999662 0.000338106
10 0.00214612 0.997854
10 1e-07 1
10 0.00158798 0.998412
8 0.9946 0.00540015
10 2.9601e-06 0.999997
10 0.00259917 0.997401
10 0.000407747 0.999592
10 3.33461e-05 0.999967
10 1e-07 1
10 0.0131317 0.986868
8 0.956343 0.043657
10 0.00487879 0.995121
8 0.97138 0.02862
10 0.00246946 0.997531
10 5.12095e-05 0.999949
10 1e-07 1
10 4.28536e-06 0.999996
10 1.02598e-07 1
10 0.000190989 0.999809
10 0.000654229 0.999346
10 0.00144429 0.998556
8 0.999814 0.000185973
10 0.00104283 0.998957
10 1e-07 1
10 3.58044e-05 0.999964
10 0.000390569 0.999609
8 0.99978 0.000220149
10 0.000153192 0.999847
10 1e-07 1
10 0.00198485 0.998015
8 0.999999 1.17409e-06
10 9.64216e-07 0.999999
10 0.00359211 0.996408
10 2.89387e-05 0.999971
10 2.04946e-05 0.99998
10 2.18216e-07 1
10 2.42008e-05 0.999976
10 1.57677e-06 0.999998
10 1e-07 1
10 4.27206e-05 0.999957
10 2.85397e-05 0.999971
10 1.17563e-07 1
10 8.08656e-06 0.999992
10 1.46102e-06 0.999999
10 0.00152236 0.998478
10 2.73718e-06 0.999997
10 3.97016e-06 0.999996
10 2.77963e-05 0.999972
10 9.50286e-05 0.999905
10 9.12751e-06 0.999991
10 7.55505e-06 0.999992
8 0.999028 0.000971619
10 0.000873344 0.999127
10 0.0270607 0.972939
10 1.95685e-07 1
10 1e-07 1
10 0.0022701 0.99773
10 5.13991e-05 0.999949
10 9.58394e-07 0.999999
10 1.364e-05 0.999986
10 2.89782e-07 1
10 0.00358664 0.996413
10 0.000136333 0.999864
10 1e-07 1
10 2.05702e-05 0.999979
8 0.999928 7.15004e-05
10 0.000210489 0.99979
10 8.59203e-06 0.999991
10 1e-07 1
10 1e-07 1
10 0.000556764 0.999443
10 9.0809e-06 0.999991
10 1e-07 1
10 0.00221629 0.997784
10 1e-07 1
10 2.38142e-06 0.999998
10 0.000310593 0.999689
8 0.999909 9.1224e-05
10 5.28586e-05 0.999947
10 1e-07 1
10 0.000389085 0.999611
10 1e-07 1
10 7.90429e-06 0.999992
10 0.000538658 0.999461
10 2.87449e-05 0.999971
10 9.43696e-05 0.999906
10 0.000127104 0.999873
10 2.22281e-05 0.999978
8 0.982562 0.0174376
10 7.65235e-05 0.999923
10 1e-07 1
10 2.01667e-07 1
10 1e-07 1
10 1.6814e-07 1
10 1e-07 1
10 1.32442e-06 0.999999
10 0.00221502 0.997785
10 1e-07 1
10 2.83587e-06 0.999997
10 1e-07 1
10 1e-07 1
10 0.000586343 0.999414
10 1e-07 1
10 0.000459577 0.99954
10 5.77729e-05 0.999942
10 1.3814e-07 1
10 3.00807e-06 0.999997
8 0.999467 0.000533366
10 6.81083e-07 0.999999
10 1.03645e-05 0.99999
10 1e-07 1
10 0.00125068 0.998749
10 0.00103928 0.998961
10 1e-07 1
10 1.76426e-06 0.999998
10 1.64937e-05 0.999984
10 0.0131469 0.986853
10 1e-07 1
8 0.999273 0.000727026
10 0.00323881 0.996761
10 0.00710786 0.992892
10 7.0976e-06 0.999993
10 2.83465e-05 0.999972
10 4.13868e-06 0.999996
10 5.09551e-07 0.999999
10 1.20323e-06 0.999999
10 0.225358 0.774642
10 8.71308e-07 0.999999
10 2.44598e-05 0.999976
10 0.00033311 0.999667
10 1.58801e-07 1
10 0.00544867 0.994551
10 6.7589e-07 0.999999
10 1e-07 1
10 1.08783e-06 0.999999
10 0.0056115 0.994389
10 3.56557e-05 0.999964
10 0.000509278 0.999491
10 6.43375e-06 0.999994
8 0.999992 7.87427e-06
10 3.70569e-05 0.999963
10 0.00979393 0.990206
10 1e-07 1
10 5.94802e-06 0.999994
8 0.999999 1.06113e-06
10 2.65242e-05 0.999973
10 1e-07 1
10 1e-07 1
10 5.79633e-05 0.999942
10 1e-07 1
8 0.99236 0.00763983
10 1.82212e-07 1
10 1.5031e-07 1
10 1e-07 1
10 1e-07 1
8 0.999318 0.000681637
8 0.999943 5.66181e-05
10 1.87807e-05 0.999981
10 0.000541104 0.999459
10 0.00225562 0.997744
10 8.62201e-06 0.999991
10 1e-07 1
10 3.38831e-06 0.999997
10 0.00472298 0.995277
10 1e-07 1
10 0.000498703 0.999501
10 0.00010111 0.999899
10 2.70746e-05 0.999973
10 1e-07 1
10 4.35861e-05 0.999956
10 2.56058e-05 0.999974
10 1e-07 1
10 1.86076e-06 0.999998
10 0.000176885 0.999823
10 0.00589356 0.994106
10 1e-07 1
10 2.63448e-06 0.999997
10 1.23538e-06 0.999999
10 4.20574e-05 0.999958
10 0.000828205 0.999172
8 0.999986 1.35345e-05
10 5.32646e-06 0.999995
10 1.85674e-05 0.999981
10 5.09017e-07 0.999999
10 1e-07 1
8 0.999104 0.000895502
10 1.62942e-05 0.999984
10 0.00363027 0.99637
10 0.00107841 0.998922
10 0.000726616 0.999273
10 8.02189e-07 0.999999
10 1e-07 1
10 4.66258e-06 0.999995
10 1e-07 1
8 0.999958 4.19433e-05
10 4.50921e-06 0.999995
10 3.3872e-06 0.999997
10 1e-07 1
10 0.00119836 0.998802
10 1.58306e-07 1
8 0.896045 0.103955
10 3.10479e-05 0.999969
10 0.000710119 0.99929
8 0.876468 0.123532
10 1e-07 1
10 6.87091e-07 0.999999
10 0.00198621 0.998014
10 3.99498e-07 1
10 1.79516e-06 0.999998
8 0.993198 0.00680224
10 0.000241293 0.999759
10 0.000243238 0.999757
10 4.861e-07 1
10 1.30653e-05 0.999987
10 1.70154e-06 0.999998
10 7.04924e-07 0.999999
10 1.71625e-06 0.999998
10 0.00419661 0.995803
10 0.000999304 0.999001
10 8.14075e-06 0.999992
8 0.982757 0.0172433
10 0.00142948 0.998571
10 0.000302545 0.999697
10 0.000198547 0.999801
10 1e-07 1
10 0.00263651 0.997363
10 1e-07 1
10 8.12516e-05 0.999919
8 0.999868 0.000132287
8 0.977792 0.0222081
10 8.38411e-06 0.999992
10 3.82347e-06 0.999996
10 0.00221329 0.997787
10 1.49324e-06 0.999999
10 1.29776e-07 1
10 0.00301022 0.99699
10 0.00667038 0.99333
10 1.17286e-06 0.999999
10 1e-07 1
10 1.99715e-06 0.999998
10 2.00837e-06 0.999998
10 0.000434162 0.999566
10 1e-07 1
10 2.47678e-06 0.999998
10 1.05114e-07 1
10 0.000122442 0.999878
8 0.99983 0.000170279
10 0.00327414 0.996726
8 0.999986 1.35232e-05
10 1.03169e-07 1
10 1.10655e-05 0.999989
8 0.999998 1.87016e-06
10 0.000535779 0.999464
10 1.13944e-06 0.999999
10 8.71311e-05 0.999913
10 0.000143738 0.999856
10 3.88311e-07 1
10 0.00111941 0.998881
10 1.46683e-05 0.999985
10 3.45599e-06 0.999997
10 1.07301e-06 0.999999
8 0.999722 0.000277591
10 2.2266e-07 1
10 4.53815e-07 1
10 1e-07 1
10 0.000253165 0.999747
10 0.000180915 0.999819
8 0.99999 9.7212e-06
10 1.84865e-05 0.999982
10 2.59286e-07 1
10 3.33515e-07 1
10 8.94388e-06 0.999991
10 2.61934e-07 1
10 6.08052e-07 0.999999
10 1e-07 1
10 0.00263229 0.997368
8 0.999684 0.000315677
10 0.000588149 0.999412
10 1e-07 1
10 1e-07 1
10 1e-07 1
10 1.60082e-07 1
8 0.991797 0.0082032
10 9.16421e-07 0.999999
10 5.11007e-07 0.999999
10 7.98357e-06 0.999992
10 1e-07 1
10 0.000230579 0.999769
10 1e-07 1
10 1e-07 1
10 1e-07 1
10 8.3976e-07 0.999999
8 0.999999 1.25177e-06
10 2.47575e-07 1
10 2.7361e-06 0.999997
10 0.0012422 0.998758
10 0.00086881 0.999131
10 1.5387e-07 1
10 2.45288e-07 1
10 5.53027e-05 0.999945
10 0.000243699 0.999756
10 0.000245009 0.999755
10 0.00492046 0.99508
10 1e-07 1
10 0.00060641 0.999394
10 1e-07 1
10 0.000774783 0.999225
10 6.56798e-05 0.999934
8 0.999056 0.000943842
10 1.96289e-07 1
8 0.759224 0.240776
8 0.999995 5.43837e-06
10 1e-07 1
10 8.0182e-05 0.99992
10 1.44902e-07 1
10 1e-07 1
10 1.08734e-05 0.999989
10 0.000163316 0.999837
10 1.63001e-05 0.999984
10 0.000756802 0.999243
10 0.00869569 0.991304
10 1e-07 1
10 1e-07 1
10 0.000583005 0.999417
10 0.000569473 0.999431
10 3.00247e-07 1
10 1e-07 1
10 5.43039e-07 0.999999
10 1.75847e-07 1
10 2.98551e-05 0.99997
10 1.3732e-06 0.999999
10 1.73727e-06 0.999998
10 1.30664e-05 0.999987
10 0.00148389 0.998516
10 0.00085381 0.999146
10 1e-07 1
10 4.99899e-07 1
10 1e-07 1
10 7.30684e-06 0.999993
10 1e-07 1
10 0.000143153 0.999857
10 2.06786e-06 0.999998
10 1.86504e-06 0.999998
10 1e-07 1
10 2.41433e-05 0.999976
10 0.000322793 0.999677
10 0.000676271 0.999324
10 1e-07 1
10 1e-07 1
10 0.00526614 0.994734
10 0.00109684 0.998903
10 1e-07 1
10 4.70591e-05 0.999953
10 0.000988267 0.999012
10 1e-07 1
8 1 1.89473e-07
10 3.35745e-05 0.999966
8 0.999123 0.000876761
10 3.27692e-07 1
10 0.00499652 0.995003
10 9.24544e-06 0.999991
10 3.79354e-07 1
10 0.0178529 0.982147
8 0.509681 0.490319
10 5.45056e-07 0.999999
10 1e-07 1
10 1e-07 1
8 0.999987 1.25697e-05
10 0.000162057 0.999838
10 9.76342e-05 0.999902
8 0.998889 0.00111073
8 0.962997 0.0370032
10 0.000230776 0.999769
10 1e-07 1
10 1e-07 1
10 0.00175474 0.998245
10 0.000297254 0.999703
10 0.000819036 0.999181
10 4.24134e-07 1
10 6.927e-06 0.999993
10 5.34398e-07 0.999999
10 3.18565e-06 0.999997
10 6.83844e-05 0.999932
10 1e-07 1
8 1 1e-07
10 2.57809e-06 0.999997
10 0.00203695 0.997963
10 3.88555e-05 0.999961
10 1e-07 1
10 0.00436194 0.995638
10 1.434e-06 0.999999
10 1e-07 1
10 1.07001e-06 0.999999
10 0.00109078 0.998909
10 1e-07 1
10 1e-07 1
10 0.0151632 0.984837
10 1e-07 1
10 2.52198e-06 0.999997
10 1e-07 1
10 0.00279796 0.997202
10 0.00164092 0.998359
8 0.999997 2.91769e-06
10 2.50586e-05 0.999975
10 0.18143 0.81857
10 1e-07 1
10 1e-07 1
10 5.58782e-07 0.999999
8 1 4.08751e-07
10 1e-07 1
10 3.94897e-07 1
10 9.35805e-05 0.999906
10 3.61833e-07 1
10 3.31169e-05 0.999967
10 9.59755e-07 0.999999
10 1.56592e-06 0.999998
10 5.96206e-06 0.999994
10 0.000249054 0.999751
10 1e-07 1
8 0.999981 1.8564e-05
10 7.44253e-07 0.999999
10 1.89268e-06 0.999998
10 1.26136e-06 0.999999
10 1e-07 1
10 1.67707e-07 1
10 8.789e-05 0.999912
10 1.17032e-06 0.999999
10 2.10816e-07 1
10 1.27099e-05 0.999987
10 2.24425e-07 1
10 3.41368e-06 0.999997
10 1.71979e-06 0.999998
10 0.000689619 0.99931
10 1e-07 1
10 9.87527e-05 0.999901
10 4.1322e-07 1
10 6.89664e-07 0.999999
10 1e-07 1
10 0.00938599 0.990614
10 8.99785e-05 0.99991
8 0.875602 0.124398
10 4.04328e-07 1
10 0.00220718 0.997793
10 7.40315e-07 0.999999
10 5.07487e-05 0.999949
10 0.000855546 0.999144
10 1.29954e-06 0.999999
8 0.999995 4.63113e-06
10 1e-07 1
10 1.74437e-05 0.999983
10 0.00189471 0.998105
10 6.2913e-06 0.999994
10 2.49656e-06 0.999998
10 0.000858079 0.999142
10 0.00327546 0.996725
10 1e-07 1
10 1e-07 1
10 9.99716e-06 0.99999
10 1.17342e-05 0.999988
10 0.00161827 0.998382
10 1e-07 1
10 1.04846e-06 0.999999
10 0.337907 0.662093
10 1.09728e-05 0.999989
10 0.00167028 0.99833
10 4.67833e-05 0.999953
10 2.67426e-07 1
10 1e-07 1
10 0.00020841 0.999792
10 0.0226072 0.977393
10 0.00554145 0.994459
10 3.31763e-05 0.999967
10 1.62365e-06 0.999998
10 1e-07 1
10 0.0113065 0.988693
10 8.34956e-07 0.999999
10 1e-07 1
10 1.54065e-07 1
10 4.44085e-06 0.999996
10 0.00021072 0.999789
10 1e-07 1
10 6.4469e-05 0.999936
10 1e-07 1
10 5.4808e-05 0.999945
10 0.0102553 0.989745
10 2.81908e-06 0.999997
10 0.0651292 0.934871
10 2.75857e-07 1
10 8.5868e-06 0.999991
10 7.40921e-06 0.999993
10 6.45516e-06 0.999994
10 0.00274867 0.997251
10 1.15318e-05 0.999988
10 5.8395e-06 0.999994
10 0.00119137 0.998809
10 0.00225477 0.997745
10 2.15007e-05 0.999978
10 5.27702e-06 0.999995
8 0.967664 0.032336
10 1e-07 1
10 1e-07 1
10 1e-07 1
10 1e-07 1
10 1e-07 1
10 6.25738e-05 0.999937
10 1e-07 1
10 5.19585e-06 0.999995
10 0.00556112 0.994439
10 7.21363e-06 0.999993
10 8.49121e-05 0.999915
10 0.000189889 0.99981
10 1e-07 1
10 1.28524e-05 0.999987
10 3.28006e-07 1
10 1.06965e-06 0.999999
10 1e-07 1
10 1.08777e-07 1
10 0.00437697 0.995623
10 1.37911e-07 1
10 0.00154057 0.998459
8 1 1e-07
10 0.000256896 0.999743
10 2.53345e-07 1
10 1.50955e-07 1
10 8.10924e-06 0.999992
10 1e-07 1
8 0.999992 7.81191e-06
10 0.00774095 0.992259
10 0.000441286 0.999559
10 2.16668e-07 1
10 0.00045974 0.99954
8 0.999493 0.000507102
10 1e-07 1
10 0.000959034 0.999041
10 4.43368e-05 0.999956
8 0.998966 0.00103439
10 1e-07 1
10 2.93229e-05 0.999971
10 1.73901e-07 1
10 1.37735e-06 0.999999
10 1e-07 1
10 1e-07 1
10 0.277782 0.722218
10 6.36466e-06 0.999994
10 0.002503 0.997497
10 7.06426e-05 0.999929
8 0.997701 0.00229886
10 0.0010669 0.998933
10 1e-07 1
10 2.97238e-07 1
10 1e-07 1
10 0.00943751 0.990562
10 4.68581e-06 0.999995
8 0.999998 2.10785e-06
10 1e-07 1
8 0.999972 2.7623e-05
10 0.0022019 0.997798
10 3.58329e-05 0.999964
10 0.000437034 0.999563
8 0.998959 0.00104106
10 5.22094e-05 0.999948
10 5.66358e-07 0.999999
10 8.15593e-07 0.999999
10 1e-07 1
10 0.000879168 0.999121
10 1.58555e-07 1
10 0.00304859 0.996951
10 9.29876e-05 0.999907
8 0.999351 0.00064921
10 0.000777016 0.999223
10 3.00785e-05 0.99997
10 7.48665e-07 0.999999
10 0.000204859 0.999795
8 0.99981 0.000189909
10 1.30824e-06 0.999999
10 1.88387e-05 0.999981
10 0.000889814 0.99911
10 2.59259e-06 0.999997
10 9.75423e-05 0.999902
10 1e-07 1
10 2.92511e-05 0.999971
10 0.000114295 0.999886
10 8.10246e-06 0.999992
10 1e-07 1
10 0.000115112 0.999885
10 0.0218575 0.978143
10 0.0019978 0.998002
10 1e-07 1
10 4.35615e-06 0.999996
10 1e-07 1
10 1.067e-07 1
8 0.973257 0.0267433
10 2.37428e-06 0.999998
8 0.999997 3.32576e-06
10 1e-07 1
10 3.57684e-07 1
10 2.53128e-07 1
10 0.00906025 0.99094
10 0.00593572 0.994064
10 0.00699785 0.993002
10 1.21689e-05 0.999988
10 0.000911023 0.999089
8 0.999968 3.23883e-05
10 2.0813e-06 0.999998
10 9.95167e-06 0.99999
8 0.999909 9.12657e-05
8 0.933914 0.0660861
10 4.58953e-06 0.999995
10 1.33369e-06 0.999999
10 0.0005249 0.999475
10 8.79349e-05 0.999912
10 3.67048e-07 1
8 0.999864 0.000136055
10 0.00338722 0.996613
10 2.26052e-07 1
10 5.93979e-07 0.999999
10 0.00558954 0.99441
10 8.57299e-06 0.999991
10 0.000155298 0.999845
10 1e-07 1
10 1e-07 1
10 5.6917e-06 0.999994
10 4.81265e-05 0.999952
10 1e-07 1
10 1.05117e-07 1
10 8.79441e-05 0.999912
10 3.27973e-05 0.999967
8 0.99978 0.000219736
10 1.18286e-06 0.999999
10 0.000466002 0.999534
10 2.86012e-06 0.999997
10 8.31362e-05 0.999917
10 0.00024725 0.999753
10 1e-07 1
10 4.05577e-07 1
10 6.76863e-06 0.999993
10 1e-07 1
10 1e-07 1
10 0.00361473 0.996385
10 4.32405e-07 1
10 5.12477e-06 0.999995
10 1e-07 1
10 4.82167e-06 0.999995
10 0.0013341 0.998666
10 0.00018933 0.999811
10 1e-07 1
10 9.37583e-05 0.999906
10 3.71743e-05 0.999963
10 2.45782e-06 0.999998
10 1e-07 1
10 2.70779e-07 1
8 0.998507 0.00149333
10 2.48574e-05 0.999975
10 3.5371e-06 0.999996
10 0.0102189 0.989781
10 6.14073e-06 0.999994
10 2.38227e-05 0.999976
10 1e-07 1
10 1.33772e-06 0.999999
10 0.00130473 0.998695
10 0.000528463 0.999472
10 1.60043e-05 0.999984
10 1e-07 1
8 0.999984 1.60411e-05
10 2.0365e-05 0.99998
10 0.000685205 0.999315
10 1e-07 1
10 3.93383e-06 0.999996
10 3.77672e-07 1
10 5.76343e-05 0.999942
10 0.000114004 0.999886
10 0.00012551 0.999874
10 3.87257e-06 0.999996
10 0.000566286 0.999434
10 3.45809e-06 0.999997
10 6.75515e-07 0.999999
10 1.9495e-05 0.999981
10 0.00420244 0.995798
8 0.999998 1.71791e-06
10 1e-07 1
10 1.08427e-05 0.999989
10 1.87247e-05 0.999981
10 1e-07 1
10 1.63889e-06 0.999998
10 0.000297989 0.999702
10 2.30594e-05 0.999977
10 7.03018e-06 0.999993
10 9.1121e-06 0.999991
10 1.63841e-07 1
10 5.36974e-05 0.999946
10 2.10769e-05 0.999979
10 1.46277e-06 0.999999
10 1e-07 1
10 1e-07 1
10 1.76935e-05 0.999982
10 3.50064e-07 1
8 0.998798 0.00120182
10 1.90051e-06 0.999998
8 0.999994 6.29308e-06
10 4.216e-06 0.999996
10 1.63751e-06 0.999998
10 0.00923108 0.990769
10 7.26565e-06 0.999993
10 2.6252e-05 0.999974
10 1.68717e-07 1
10 0.000369894 0.99963
10 1e-07 1
10 3.17859e-05 0.999968
10 0.000275527 0.999724
10 0.00285383 0.997146
10 0.00599473 0.994005
10 1e-07 1
10 1.45601e-06 0.999999
10 1.36064e-05 0.999986
10 0.00474908 0.995251
8 0.999711 0.000289136
10 0.000125859 0.999874
10 1e-07 1
10 1.72248e-05 0.999983
10 1e-07 1
10 0.00081119 0.999189
10 0.0118231 0.988177
10 2.98981e-06 0.999997
10 1.77063e-06 0.999998
10 1.25402e-05 0.999987
10 7.12197e-07 0.999999
10 0.00264604 0.997354
8 0.999996 3.7294e-06
8 0.99991 9.04679e-05
10 0.000158608 0.999841
10 1.07144e-05 0.999989
8 0.99998 1.96082e-05
10 4.93851e-07 1
10 1e-07 1
10 1e-07 1
10 1.54996e-05 0.999985
8 0.999792 0.000208223
10 1e-07 1
10 1e-07 1
10 1e-07 1
10 2.66958e-07 1
10 7.04935e-07 0.999999
10 0.000470814 0.999529
10 2.2964e-07 1
10 0.000199622 0.9998
10 7.13467e-07 0.999999
10 0.000956646 0.999043
10 1.37833e-07 1
10 1.30524e-06 0.999999
8 0.999687 0.00031343
10 2.67049e-06 0.999997
10 1e-07 1
8 0.999808 0.000192443
10 1.86524e-05 0.999981
10 2.60404e-05 0.999974
10 4.94846e-06 0.999995
10 0.00167191 0.998328
10 0.000319087 0.999681
10 1.98436e-05 0.99998
10 1e-07 1
10 1e-07 1
10 6.19404e-05 0.999938
10 1.9778e-05 0.99998
10 0.00413287 0.995867
10 1.65158e-06 0.999998
10 7.03291e-05 0.99993
10 1.11158e-05 0.999989
10 3.16137e-07 1
10 3.88145e-05 0.999961
10 0.00603768 0.993962
10 2.44256e-07 1
10 0.00297334 0.997027
10 2.04231e-05 0.99998
10 0.00289392 0.997106
8 0.998423 0.00157735
10 1e-07 1
10 6.97659e-05 0.99993
10 1e-07 1
10 3.0974e-06 0.999997
10 1.20682e-05 0.999988
10 1e-07 1
10 1.15031e-05 0.999988
10 7.08627e-05 0.999929
10 5.47686e-07 0.999999
10 0.000219967 0.99978
10 0.000629015 0.999371
10 0.000816222 0.999184
10 1e-07 1
10 0.00316871 0.996831
10 0.00120004 0.9988
10 0.000128416 0.999872
10 1.7402e-05 0.999983
10 3.8869e-05 0.999961
10 1e-07 1
10 0.000235391 0.999765
10 0.000401414 0.999599
10 1e-07 1
10 0.00149011 0.99851
10 0.000462807 0.999537
10 0.000106594 0.999893
10 1.10191e-07 1
10 2.90084e-07 1
10 1e-07 1
10 3.51674e-07 1
10 1e-07 1
10 1e-07 1
10 1.30727e-06 0.999999
10 1e-07 1
10 2.46552e-06 0.999998
8 0.991709 0.00829121
10 1.81233e-05 0.999982
10 1.17427e-05 0.999988
10 0.000640687 0.999359
10 1e-07 1
10 3.42098e-07 1
10 1e-07 1
10 2.61803e-05 0.999974
10 1e-07 1
10 0.000268517 0.999731
10 1.11658e-05 0.999989
10 1e-07 1
10 1e-07 1
10 0.000116099 0.999884
8 0.999992 8.30655e-06
8 0.999942 5.78362e-05
10 1e-07 1
10 0.108926 0.891074
8 0.999992 7.71854e-06
10 0.000412784 0.999587
10 2.21899e-05 0.999978
10 2.66576e-05 0.999973
10 0.000320017 0.99968
10 1.7068e-06 0.999998
10 0.00459844 0.995402
10 2.47389e-06 0.999998
10 1e-07 1
10 6.93523e-07 0.999999
10 1.30332e-05 0.999987
8 0.999988 1.23251e-05
10 1e-07 1
10 4.73979e-06 0.999995
10 6.98637e-07 0.999999
10 9.94715e-05 0.999901
8 0.999999 5.68814e-07
10 1.28713e-05 0.999987
8 0.999999 5.61603e-07
10 1e-07 1
10 3.94003e-07 1
10 4.00083e-07 1
10 2.58985e-07 1
10 6.01577e-05 0.99994
10 0.000154723 0.999845
10 1e-07 1
8 0.999999 1.24157e-06
8 0.971746 0.0282543
10 0.00509866 0.994901
10 1.97782e-06 0.999998
10 0.0018974 0.998103
8 0.999973 2.6744e-05
10 0.00370962 0.99629
10 9.9534e-05 0.9999
10 0.000136025 0.999864
10 5.77686e-07 0.999999
10 1e-07 1
10 0.000688838 0.999311
10 1.13128e-07 1
10 2.43965e-06 0.999998
10 2.00685e-06 0.999998
10 1e-07 1
10 0.000777554 0.999222
10 1e-07 1
10 2.29719e-06 0.999998
10 3.0461e-05 0.99997
10 1.13372e-06 0.999999
10 3.23659e-05 0.999968
10 8.11431e-07 0.999999
10 1e-07 1
10 1e-07 1
10 0.00422079 0.995779
8 0.999723 0.000277016
10 4.7117e-07 1
10 1e-07 1
10 1.76336e-06 0.999998
8 0.999446 0.000553898
10 1e-07 1
10 1e-07 1
10 1.79687e-05 0.999982
10 0.00757829 0.992422
10 2.60144e-07 1
10 8.51891e-06 0.999991
10 4.47491e-07 1
10 1.81318e-06 0.999998
8 0.995087 0.00491312
10 1.1424e-07 1
10 1e-07 1
10 3.02205e-06 0.999997
10 2.06373e-06 0.999998
10 1.18517e-07 1
10 2.35216e-06 0.999998
8 0.988123 0.0118774
10 4.5444e-07 1
10 2.22509e-05 0.999978
10 1e-07 1
10 2.82605e-07 1
10 0.000381439 0.999619
8 0.999971 2.92752e-05
10 1.82871e-06 0.999998
10 1e-07 1
10 0.000736527 0.999263
10 0.292001 0.707999
8 0.999987 1.34568e-05
10 9.91072e-07 0.999999
8 0.998121 0.00187864
8 0.99953 0.00047019
10 0.000555321 0.999445
10 0.00416937 0.995831
10 7.86633e-06 0.999992
10 1.86549e-06 0.999998
10 4.81492e-07 1
10 0.00338763 0.996612
10 9.39686e-06 0.999991
10 5.33884e-06 0.999995
10 2.22197e-05 0.999978
10 2.53241e-06 0.999997
10 1e-07 1
10 0.00777163 0.992228
10 2.82008e-06 0.999997
10 1.79886e-05 0.999982
10 2.08256e-05 0.999979
10 1e-07 1
10 1e-07 1
10 3.74623e-07 1
10 1e-07 1
10 1e-07 1
10 1.76727e-07 1
10 0.00011287 0.999887
10 5.0838e-06 0.999995
10 1.13777e-05 0.999989
10 1.30748e-05 0.999987
10 5.88351e-06 0.999994
8 0.999983 1.6763e-05
10 0.000173934 0.999826
10 1.17052e-05 0.999988
10 1.68572e-05 0.999983
10 1e-07 1
10 1e-07 1
10 0.000155416 0.999845
10 6.26757e-07 0.999999
10 3.11101e-07 1
10 0.0044899 0.99551
10 1e-07 1
10 0.000315074 0.999685
10 0.00346676 0.996533
10 0.00422783 0.995772
10 0.00400956 0.99599
8 0.996061 0.0039392
10 9.62648e-06 0.99999
10 1e-07 1
10 1.20759e-06 0.999999
10 9.13336e-07 0.999999
10 1.75325e-06 0.999998
10 2.03927e-06 0.999998
10 1e-07 1
10 0.000819809 0.99918
10 6.87483e-07 0.999999
10 0.0126687 0.987331
10 1e-07 1
10 1e-07 1
8 0.993583 0.00641701
10 8.95751e-06 0.999991
10 6.59083e-07 0.999999
10 1.46424e-06 0.999999
10 1e-07 1
10 1e-07 1
10 0.000498072 0.999502
10 6.84599e-05 0.999932
10 5.99031e-05 0.99994
10 3.9454e-07 1
10 4.07581e-05 0.999959
10 1.60494e-07 1
10 7.28221e-07 0.999999
10 1e-07 1
10 1e-07 1
10 1e-07 1
10 2.83417e-07 1
10 8.44172e-05 0.999916
10 3.26596e-06 0.999997
10 8.01581e-05 0.99992
10 5.75787e-05 0.999942
10 1e-07 1
10 1e-07 1
10 1e-07 1
10 1e-07 1
10 1.63429e-06 0.999998
10 7.19692e-05 0.999928
10 1e-07 1
10 0.0189128 0.981087
10 1e-07 1
10 0.00843961 0.99156
10 0.00508432 0.994916
10 1e-07 1
10 1.67431e-07 1
8 0.999967 3.28288e-05
10 0.00395904 0.996041
10 1.13233e-07 1
10 0.000437044 0.999563
10 0.000345273 0.999655
10 6.11476e-07 0.999999
8 0.999329 0.000670907
10 1.29659e-07 1
10 6.87172e-05 0.999931
10 0.000227715 0.999772
10 0.000487586 0.999512
10 1.48107e-07 1
10 1e-07 1
10 9.62569e-05 0.999904
10 0.000485298 0.999515
10 2.62996e-07 1
10 1.39391e-06 0.999999
8 0.987978 0.0120219
10 1.59583e-07 1
10 1e-07 1
10 1.45313e-07 1
10 2.39979e-05 0.999976
10 1.78667e-05 0.999982
8 0.93893 0.0610695
10 9.566e-05 0.999904
10 1.15467e-07 1
10 1e-07 1
10 4.88087e-07 1
10 1e-07 1
10 1e-07 1
10 3.07173e-05 0.999969
10 1.47569e-05 0.999985
10 1e-07 1
10 1.87794e-07 1
10 0.00107511 0.998925
8 0.998883 0.00111698
10 4.22264e-06 0.999996
10 2.24836e-06 0.999998
10 0.00320658 0.996793
10 0.000258631 0.999741
10 3.63449e-07 1
10 1e-07 1
10 2.24084e-06 0.999998
10 0.00426966 0.99573
10 2.02093e-07 1
10 1e-07 1
10 3.84479e-06 0.999996
8 0.999987 1.25644e-05
10 2.73032e-06 0.999997
10 1.09969e-07 1
10 1e-07 1
10 1e-07 1
10 8.69391e-06 0.999991
10 1.95522e-07 1
10 1e-07 1
8 0.999999 7.46301e-07
10 6.29497e-07 0.999999
10 1e-07 1
10 6.75963e-06 0.999993
10 1e-07 1
8 0.998732 0.00126821
10 0.000120919 0.999879
10 1e-07 1
10 1e-07 1
10 2.26587e-06 0.999998
8 0.999999 9.85519e-07
10 1e-07 1
10 2.43797e-07 1
10 1.67896e-07 1
10 1.7514e-05 0.999982
8 0.99935 0.000649854
10 1e-07 1
10 1.51328e-05 0.999985
10 0.000325969 0.999674
10 2.82211e-07 1
10 4.88616e-07 1
10 1.01242e-05 0.99999
10 2.25813e-05 0.999977
10 1e-07 1
10 3.67064e-06 0.999996
8 0.978246 0.0217544
10 0.0001781 0.999822
10 1e-07 1
8 0.999956 4.38141e-05
10 0.00341537 0.996585
8 0.999995 5.31057e-06
10 3.35594e-06 0.999997
10 1e-07 1
10 1e-07 1
10 3.15324e-06 0.999997
10 0.0115371 0.988463
10 1e-07 1
10 1.13269e-05 0.999989
10 6.80672e-07 0.999999
10 2.52045e-07 1
10 1e-07 1
10 1e-07 1
10 0.00103965 0.99896
8 0.996338 0.00366244
8 0.999929 7.11176e-05
10 7.31414e-05 0.999927
10 0.00196583 0.998034
10 0.000378703 0.999621
10 1.62891e-05 0.999984
10 1e-07 1
10 0.000228421 0.999772
10 0.00557819 0.994422
10 1e-07 1
10 0.000593284 0.999407
10 0.000196427 0.999804
10 4.17311e-07 1
10 1e-07 1
10 5.34003e-05 0.999947
10 0.00121779 0.998782
10 0.00080239 0.999198
10 1.87838e-06 0.999998
10 1.85037e-05 0.999981
10 1e-07 1
10 0.000289264 0.999711
10 5.9388e-06 0.999994
10 0.0121469 0.987853
10 0.000177106 0.999823
10 1e-07 1
10 0.00123262 0.998767
10 1.10062e-06 0.999999
10 3.35129e-06 0.999997
10 0.000100115 0.9999
8 0.998607 0.00139311
10 9.55942e-05 0.999904
10 1e-07 1
8 1 3.38955e-07
10 4.24652e-06 0.999996
10 1e-07 1
10 6.46648e-07 0.999999
10 4.39073e-05 0.999956
10 1e-07 1
10 1e-07 1
8 1 4.1967e-07
10 1e-07 1
10 2.13368e-06 0.999998
10 8.22999e-05 0.999918
10 0.0938936 0.906106
10 1e-07 1
10 6.66958e-06 0.999993
10 0.000352558 0.999647
10 3.34927e-06 0.999997
10 1e-07 1
10 2.58614e-07 1
10 0.000681571 0.999318
10 1.72433e-07 1
10 1e-07 1
8 0.999999 1.23686e-06
10 0.000834098 0.999166
10 1.22534e-05 0.999988
10 0.00539234 0.994608
10 3.9761e-07 1
10 1.08799e-06 0.999999
10 4.3685e-05 0.999956
10 2.21427e-07 1
10 1.76288e-07 1
10 1e-07 1
10 4.20913e-05 0.999958
10 1.20863e-07 1
10 8.94511e-07 0.999999
10 0.000159276 0.999841
10 0.00168103 0.998319
10 5.55877e-06 0.999994
10 1.42754e-05 0.999986
10 3.09648e-06 0.999997
10 4.46183e-05 0.999955
10 1.02339e-05 0.99999
10 4.49597e-05 0.999955
10 3.21379e-05 0.999968
10 5.36804e-06 0.999995
10 4.32618e-05 0.999957
8 0.998993 0.00100695
10 0.00103565 0.998964
10 5.86468e-05 0.999941
8 0.876475 0.123525
10 0.00421042 0.99579
10 0.000614272 0.999386
10 1e-07 1
10 6.50314e-05 0.999935
10 4.77103e-05 0.999952
10 0.0233067 0.976693
10 0.00234778 0.997652
10 2.2275e-06 0.999998
10 6.58117e-06 0.999993
10 0.000690164 0.99931
10 0.000141948 0.999858
10 0.000233724 0.999766
10 0.000415501 0.999584
10 1.94093e-05 0.999981
10 0.000204589 0.999795
10 1e-07 1
10 0.00119826 0.998802
10 1e-07 1
10 0.000482403 0.999518
10 4.53612e-06 0.999995
10 3.51426e-05 0.999965
10 1e-07 1
10 1.78298e-05 0.999982
8 0.999999 5.60542e-07
10 3.10315e-07 1
10 0.00074002 0.99926
10 1.61997e-07 1
10 0.000125488 0.999875
10 1.64921e-06 0.999998
10 9.29997e-07 0.999999
10 2.0503e-07 1
10 2.10155e-05 0.999979
10 4.53373e-05 0.999955
10 6.95838e-05 0.99993
10 1e-07 1
10 0.000120204 0.99988
10 8.99865e-05 0.99991
10 1.40912e-05 0.999986
10 0.002022 0.997978
10 7.54961e-07 0.999999
10 0.000401516 0.999598
10 4.46902e-06 0.999996
10 1.34841e-07 1
10 0.00494411 0.995056
10 8.70583e-07 0.999999
8 0.998743 0.00125712
10 0.000814709 0.999185
10 1e-07 1
8 0.989011 0.0109894
10 0.000157855 0.999842
8 0.999999 6.85859e-07
10 3.94731e-06 0.999996
10 3.39892e-07 1
10 1.36848e-05 0.999986
10 3.86797e-05 0.999961
10 1.15679e-05 0.999988
10 1e-07 1
10 1e-07 1
10 6.0412e-07 0.999999
10 1e-07 1
8 0.999982 1.76694e-05
10 5.14073e-07 0.999999
10 0.00351722 0.996483
10 1e-07 1
10 8.10894e-07 0.999999
10 1.23533e-07 1
8 0.99996 4.0341e-05
10 6.38758e-06 0.999994
8 0.990417 0.00958307
8 0.998951 0.0010491
10 6.43968e-05 0.999936
10 8.97059e-06 0.999991
8 0.636937 0.363063
10 0.00162164 0.998378
10 8.2421e-07 0.999999
10 0.000534937 0.999465
10 0.0584762 0.941524
10 6.89658e-07 0.999999
10 6.06246e-05 0.999939
10 0.000326263 0.999674
10 9.8339e-06 0.99999
10 9.12993e-06 0.999991
10 1.15791e-06 0.999999
10 5.51118e-05 0.999945
10 3.42735e-07 1
10 0.000520361 0.99948
10 1e-07 1
10 1e-07 1
10 0.000200494 0.9998
10 5.25772e-06 0.999995
10 1.37391e-06 0.999999
10 1e-07 1
10 7.89344e-06 0.999992
10 1.87921e-05 0.999981
10 1e-07 1
10 1e-07 1
10 1e-07 1
10 1e-07 1
10 1e-07 1
10 1e-07 1
8 0.995204 0.00479574
10 0.000122909 0.999877
10 0.015411 0.984589
10 0.00136388 0.998636
10 5.33911e-07 0.999999
10 3.27299e-07 1
10 1e-07 1
10 1e-07 1
10 4.33778e-07 1
8 0.999994 5.57533e-06
10 3.57036e-07 1
10 1e-07 1
10 0.00266378 0.997336
10 2.92331e-06 0.999997
10 6.96857e-05 0.99993
10 0.0002736 0.999726
10 0.000216673 0.999783
10 1e-07 1
10 4.16932e-05 0.999958
10 0.00219717 0.997803
10 0.00179452 0.998205
10 0.000437498 0.999563
10 1.17117e-07 1
10 1.90418e-06 0.999998
10 0.000102675 0.999897
10 1e-07 1
10 0.000186928 0.999813
10 1e-07 1
10 0.000384252 0.999616
10 1e-07 1
10 8.85746e-06 0.999991
10 8.61361e-06 0.999991
10 0.0120436 0.987956
10 2.09321e-05 0.999979
10 5.28818e-05 0.999947
8 0.993719 0.00628134
10 3.95087e-06 0.999996
10 0.00655968 0.99344
10 0.00189071 0.998109
10 1e-07 1
10 1.94673e-07 1
10 7.42847e-05 0.999926
10 0.00199408 0.998006
10 3.38133e-05 0.999966
10 0.00059914 0.999401
10 1.00968e-06 0.999999
8 0.999996 4.13365e-06
10 0.00398305 0.996017
10 0.000453051 0.999547
8 0.999827 0.000172542
10 1.23411e-06 0.999999
10 0.000134244 0.999866
10 1e-07 1
10 7.95377e-07 0.999999
10 4.32333e-05 0.999957
10 0.0113248 0.988675
10 0.000116418 0.999884
10 2.41588e-05 0.999976
8 0.999286 0.000714196
10 1.37325e-06 0.999999
10 0.000937753 0.999062
8 0.999977 2.2944e-05
10 4.25748e-07 1
10 4.9101e-07 1
8 0.999982 1.76854e-05
10 0.000289676 0.99971
10 1e-07 1
10 1e-07 1
10 0.0177931 0.982207
10 1e-07 1
10 1e-07 1
10 7.64087e-05 0.999924
8 0.99929 0.000709772
10 0.00168566 0.998314
10 3.06951e-06 0.999997
10 2.82785e-07 1
10 0.000187335 0.999813
10 1.07146e-07 1
10 1e-07 1
10 9.53769e-07 0.999999
10 0.000281564 0.999718
10 1e-07 1
10 3.83561e-05 0.999962
10 0.000245761 0.999754
10 0.000173849 0.999826
8 0.999996 3.77843e-06
10 3.99672e-06 0.999996
10 0.00139394 0.998606
10 1e-07 1
10 1.03529e-05 0.99999
10 5.42641e-06 0.999995
8 0.997806 0.00219392
10 0.000975501 0.999024
8 0.999879 0.000120868
10 4.50185e-07 1
10 9.49994e-05 0.999905
10 1.68711e-07 1
10 0.000143704 0.999856
10 0.00156996 0.99843
10 0.00125266 0.998747
10 1.93195e-05 0.999981
10 1.08243e-07 1
10 1e-07 1
10 5.8453e-05 0.999942
10 1e-07 1
10 1.96942e-05 0.99998
8 0.660391 0.339609
10 3.26452e-06 0.999997
10 6.17951e-07 0.999999
10 0.00175272 0.998247
10 0.0018483 0.998152
10 1.96421e-05 0.99998
10 1e-07 1
10 7.80519e-06 0.999992
10 1e-07 1
10 1.7327e-07 1
10 1.84022e-07 1
8 0.998852 0.00114776
10 4.9204e-06 0.999995
10 0.00962778 0.990372
10 0.000119622 0.99988
10 0.000270051 0.99973
10 0.00040036 0.9996
10 1.10136e-06 0.999999
10 9.37877e-06 0.999991
10 0.000264939 0.999735
10 2.09435e-05 0.999979
10 0.000262771 0.999737
10 1e-07 1
10 1e-07 1
8 0.968029 0.031971
10 1e-07 1
10 1.585e-06 0.999998
10 0.00497229 0.995028
10 1e-07 1
10 1e-07 1
10 1e-07 1
10 1.1634e-07 1
10 1e-07 1
10 1e-07 1
8 0.996034 0.00396648
10 1e-07 1
10 0.000244256 0.999756
10 8.46726e-06 0.999992
10 5.47115e-06 0.999995
8 0.999054 0.000946062
10 5.71865e-05 0.999943
10 0.00252197 0.997478
10 0.00410801 0.995892
10 0.000282758 0.999717
10 2.6941e-07 1
10 0.000427395 0.999573
10 0.00102477 0.998975
10 3.78221e-05 0.999962
8 0.99998 1.96282e-05
10 0.00427845 0.995722
10 1.33526e-05 0.999987
10 9.48864e-07 0.999999
10 3.25098e-07 1
10 4.80135e-06 0.999995
10 2.01537e-06 0.999998
10 1e-07 1
10 0.000296169 0.999704
8 0.888992 0.111008
10 1e-07 1
10 0.000205125 0.999795
10 1e-07 1
10 1e-07 1
10 1e-07 1
10 6.85619e-06 0.999993
10 9.02193e-05 0.99991
10 3.59217e-06 0.999996
10 1.45305e-06 0.999999
8 0.996961 0.0030392
10 7.59868e-05 0.999924
10 0.000873966 0.999126
10 6.33996e-06 0.999994
10 0.00254263 0.997457
10 1.50611e-07 1
10 2.98045e-06 0.999997
8 0.999921 7.90465e-05
10 0.000199021 0.999801
10 2.16958e-06 0.999998
10 2.19549e-06 0.999998
10 0.000385292 0.999615
10 5.23238e-05 0.999948
10 0.000169674 0.99983
10 0.00117617 0.998824
10 2.92992e-05 0.999971
10 1.46646e-06 0.999999
10 6.39683e-06 0.999994
10 0.00421624 0.995784
10 2.06224e-05 0.999979
10 0.000516171 0.999484
10 9.17544e-07 0.999999
10 7.0087e-07 0.999999
10 5.57931e-07 0.999999
10 0.000884305 0.999116
10 3.25966e-05 0.999967
10 0.000203691 0.999796
10 2.10827e-05 0.999979
10 0.000227353 0.999773
10 1e-07 1
10 1e-07 1
10 0.00210522 0.997895
10 1e-07 1
10 1.57566e-05 0.999984
8 0.999731 0.000268661
10 5.33343e-05 0.999947
10 6.46114e-07 0.999999
10 3.36409e-07 1
10 2.00088e-07 1
10 1.9466e-05 0.999981
8 0.999993 6.8339e-06
10 0.000516385 0.999484
10 0.000307189 0.999693
10 2.05476e-06 0.999998
10 1.16249e-06 0.999999
10 3.57522e-06 0.999996
10 1e-07 1
10 0.0139035 0.986096
10 0.00102996 0.99897
10 3.68873e-05 0.999963
10 1e-07 1
10 1e-07 1
10 0.00053757 0.999462
10 5.21849e-06 0.999995
10 7.01413e-07 0.999999
10 1e-07 1
10 8.38477e-07 0.999999
10 5.46152e-05 0.999945
10 2.12318e-06 0.999998
10 1.59586e-07 1
10 2.8806e-06 0.999997
10 0.0007977 0.999202
10 0.00261987 0.99738
10 1e-07 1
10 8.20321e-07 0.999999
8 0.997631 0.0023688
10 6.02755e-05 0.99994
10 1.3839e-06 0.999999
10 0.0001516 0.999848
10 0.00580944 0.994191
10 7.08484e-05 0.999929
10 1.36905e-05 0.999986
10 6.64432e-05 0.999934
10 1e-07 1
10 2.91623e-06 0.999997
10 0.00343543 0.996565
10 0.000636585 0.999363
10 9.93561e-07 0.999999
8 0.99585 0.00414989
10 1e-07 1
10 6.94198e-07 0.999999
10 0.00228508 0.997715
10 1e-07 1
10 0.0006285 0.999371
10 1e-07 1
10 1e-07 1
10 4.31139e-05 0.999957
10 1e-07 1
10 0.000200372 0.9998
10 1e-07 1
10 1.84155e-07 1
10 1.6596e-05 0.999983
10 0.000316128 0.999684
10 0.000457244 0.999543
10 0.000130901 0.999869
10 1.32391e-06 0.999999
10 2.71043e-06 0.999997
10 1.44849e-07 1
10 1e-07 1
10 6.7078e-05 0.999933
10 1.19382e-05 0.999988
10 1e-07 1
10 3.42166e-05 0.999966
10 1e-07 1
10 2.23919e-05 0.999978
10 0.000215085 0.999785
8 0.99781 0.00219041
10 1.212e-06 0.999999
10 0.000699309 0.999301
10 0.000338214 0.999662
10 0.0111165 0.988884
10 0.0177794 0.982221
10 1.55353e-06 0.999998
10 1e-07 1
10 2.01573e-06 0.999998
10 0.000144134 0.999856
10 1e-07 1
10 0.000818446 0.999182
8 0.999984 1.58253e-05
10 0.000857542 0.999142
10 4.14612e-07 1
10 0.000652614 0.999347
10 1e-07 1
10 9.17133e-07 0.999999
10 1e-07 1
10 1e-07 1
10 0.0121857 0.987814
10 0.0528771 0.947123
10 6.81729e-05 0.999932
10 2.05616e-07 1
10 4.87827e-05 0.999951
10 1.31146e-06 0.999999
10 0.00444849 0.995552
10 2.84164e-07 1
10 1e-07 1
10 1.27544e-06 0.999999
8 0.998959 0.00104075
10 2.28932e-07 1
10 1e-07 1
10 1e-07 1
10 1.78263e-07 1
10 2.20273e-07 1
10 1.40762e-07 1
10 9.59389e-07 0.999999
10 0.00372561 0.996274
10 1e-07 1
10 1e-07 1
10 1.27767e-07 1
10 2.80189e-07 1
10 2.38396e-05 0.999976
10 1.94553e-05 0.999981
10 9.75425e-06 0.99999
10 1.00887e-05 0.99999
10 1.25248e-06 0.999999
10 0.000101682 0.999898
10 1e-07 1
10 2.17193e-07 1
10 4.2458e-07 1
10 1e-07 1
10 2.07627e-05 0.999979
10 2.822e-05 0.999972
10 2.63848e-06 0.999997
10 0.00111314 0.998887
10 1e-07 1
10 0.00142288 0.998577
10 1e-07 1
10 4.54658e-07 1
10 0.000149794 0.99985
8 0.999954 4.62039e-05
10 0.000131034 0.999869
8 0.999871 0.000128643
8 0.997667 0.00233299
10 0.00568449 0.994316
10 1e-07 1
10 1.21821e-07 1
10 1e-07 1
10 0.000252918 0.999747
8 0.996792 0.00320821
10 0.000116736 0.999883
10 1.13219e-06 0.999999
10 0.00101296 0.998987
10 0.00814134 0.991859
10 5.08119e-07 0.999999
10 2.05547e-07 1
10 0.000667446 0.999333
10 1.16625e-05 0.999988
10 0.000681085 0.999319
10 1e-07 1
10 2.08144e-05 0.999979
10 1e-07 1
10 0.000459197 0.999541
10 1e-07 1
10 4.84272e-06 0.999995
10 9.23211e-06 0.999991
10 2.14739e-07 1
10 1.76354e-07 1
10 0.00223678 0.997763
10 1.67516e-07 1
8 0.99883 0.00116998
10 4.78122e-06 0.999995
10 3.40513e-05 0.999966
10 0.000469041 0.999531
10 1e-07 1
8 0.999982 1.80485e-05
10 6.73496e-06 0.999993
10 1e-07 1
10 2.86051e-06 0.999997
10 2.858e-07 1
10 1.9073e-05 0.999981
8 0.998586 0.00141432
10 0.00169363 0.998306
10 1.77163e-06 0.999998
10 0.00194407 0.998056
10 1e-07 1
10 5.50226e-05 0.999945
10 2.13423e-05 0.999979
10 0.000815562 0.999184
10 1e-07 1
10 2.20726e-05 0.999978
10 0.000198967 0.999801
10 1e-07 1
10 1e-07 1
10 2.56568e-07 1
10 0.00089668 0.999103
10 0.000558824 0.999441
10 1e-07 1
10 3.51031e-05 0.999965
10 3.36331e-07 1
8 0.999993 7.05045e-06
10 1.157e-05 0.999988
10 1e-07 1
10 1e-07 1
10 0.00202996 0.99797
8 0.999998 1.84324e-06
10 2.30147e-06 0.999998
10 1e-07 1
10 2.65618e-05 0.999973
10 1e-07 1
10 0.06066 0.93934
10 1e-07 1
10 4.37193e-07 1
10 1e-07 1
10 6.89805e-06 0.999993
10 5.81955e-06 0.999994
10 4.48598e-05 0.999955
10 3.48368e-06 0.999997
10 7.83452e-05 0.999922
10 1e-07 1
10 0.000315368 0.999685
10 7.94812e-07 0.999999
10 8.61761e-05 0.999914
10 1e-07 1
8 0.999953 4.69054e-05
10 3.43128e-05 0.999966
10 3.28854e-06 0.999997
10 0.0198933 0.980107
8 0.99999 9.63992e-06
10 1e-07 1
10 1e-07 1
10 0.00652135 0.993479
10 1e-07 1
10 1.12708e-05 0.999989
10 0.00173708 0.998263
10 0.000764457 0.999236
10 0.0440183 0.955982
10 1.28702e-05 0.999987
10 2.51823e-07 1
10 1.5852e-07 1
10 0.001747 0.998253
8 0.999817 0.000183113
10 1e-07 1
10 2.27031e-07 1
10 0.000104784 0.999895
10 6.40875e-06 0.999994
10 9.19336e-07 0.999999
10 2.49355e-06 0.999998
10 6.12773e-07 0.999999
10 0.000137205 0.999863
10 5.32493e-06 0.999995
10 8.07911e-05 0.999919
10 0.0144899 0.98551
10 1.20611e-06 0.999999
10 6.23761e-06 0.999994
10 1e-07 1
10 1e-07 1
10 0.00806591 0.991934
10 0.0311718 0.968828
10 2.77955e-06 0.999997
10 3.85209e-05 0.999961
8 0.999785 0.000214804
10 5.82512e-06 0.999994
10 0.000180867 0.999819
10 1e-07 1
10 0.000579348 0.999421
10 6.05249e-05 0.999939
10 1.20061e-06 0.999999
10 7.48191e-05 0.999925
10 1e-07 1
10 4.08574e-07 1
10 2.58977e-07 1
10 0.000364251 0.999636
8 0.999493 0.000507119
10 0.00787529 0.992125
10 1.95352e-07 1
10 8.031e-06 0.999992
10 0.00121272 0.998787
10 0.000468934 0.999531
10 0.000126353 0.999874
10 5.91766e-06 0.999994
10 1e-07 1
8 0.999728 0.000272018
10 1.56943e-06 0.999998
10 1e-07 1
10 1e-07 1
10 0.000138789 0.999861
10 0.00779813 0.992202
10 0.000182842 0.999817
10 1e-07 1
10 2.94101e-07 1
10 0.00171248 0.998288
10 0.037457 0.962543
10 1e-07 1
8 0.992235 0.00776454
10 1.50989e-05 0.999985
10 2.09129e-05 0.999979
10 1e-07 1
10 0.00154094 0.998459
8 0.999991 8.8349e-06
10 1e-07 1
10 0.000393645 0.999606
8 0.999733 0.000267443
10 0.0024806 0.997519
10 0.000111859 0.999888
10 6.76604e-06 0.999993
8 0.999932 6.83056e-05
10 6.13894e-06 0.999994
10 1.59427e-06 0.999998
10 0.0034891 0.996511
10 2.28779e-07 1
10 4.25265e-05 0.999957
10 0.00594447 0.994056
10 1e-07 1
10 8.50627e-05 0.999915
10 2.28067e-07 1
10 0.000196537 0.999803
10 0.000324271 0.999676
10 0.00211645 0.997884
10 1e-07 1
10 1.3841e-06 0.999999
10 1.81074e-07 1
10 0.0583405 0.94166
8 0.998842 0.00115803
10 1e-07 1
10 2.44998e-07 1
10 1e-07 1
10 7.69875e-07 0.999999
10 5.08558e-07 0.999999
10 1.54144e-06 0.999998
10 3.71341e-07 1
8 0.999999 9.74067e-07
10 4.05852e-06 0.999996
10 1.04659e-06 0.999999
10 3.50427e-06 0.999996
10 5.21943e-07 0.999999
10 4.34111e-07 1
10 1.34117e-05 0.999987
10 2.04833e-05 0.99998
10 1e-07 1
10 1.77983e-05 0.999982
10 4.90079e-05 0.999951
10 1e-07 1
10 1e-07 1
10 0.00185691 0.998143
10 2.52716e-07 1
10 0.000111557 0.999888
10 1e-07 1
10 0.00112152 0.998878
10 1.56847e-05 0.999984
10 0.00873796 0.991262
10 0.428898 0.571102
10 1.12135e-05 0.999989
10 1e-07 1
10 1e-07 1
8 0.981196 0.0188042
10 1e-07 1
10 3.67944e-05 0.999963
10 1e-07 1
10 1.12694e-07 1
10 0.00860572 0.991394
8 0.997584 0.0024157
8 0.966275 0.033725
10 0.00643705 0.993563
10 1e-07 1
10 0.0280997 0.9719
10 8.95146e-05 0.99991
10 1e-07 1
10 5.0425e-06 0.999995
10 1e-07 1
10 1e-07 1
10 1.08146e-05 0.999989
10 1.2702e-05 0.999987
8 0.999966 3.44031e-05
10 0.000741541 0.999258
10 1e-07 1
10 1e-07 1
10 3.28026e-06 0.999997
10 6.79617e-07 0.999999
10 5.64452e-07 0.999999
10 0.00280099 0.997199
10 1e-07 1
10 1.25209e-06 0.999999
10 2.91546e-06 0.999997
10 1e-07 1
10 1.09282e-06 0.999999
10 4.09247e-05 0.999959
10 0.000125591 0.999874
10 6.25587e-06 0.999994
10 1e-07 1
10 0.0144253 0.985575
10 1.82261e-07 1
8 0.999997 2.89259e-06
8 0.997145 0.00285496
10 1e-07 1
10 1.48397e-07 1
10 0.000231404 0.999769
10 1.89068e-05 0.999981
10 1e-07 1
10 0.00136977 0.99863
8 0.949797 0.0502035
10 1.22818e-05 0.999988
10 0.00101353 0.998986
10 3.11531e-06 0.999997
10 1e-07 1
10 1e-07 1
10 8.5101e-07 0.999999
10 1e-07 1
10 6.62387e-05 0.999934
10 2.23146e-05 0.999978
10 1e-07 1
10 1.27916e-07 1
10 1.64801e-06 0.999998
10 0.000121154 0.999879
8 0.862107 0.137893
10 3.01081e-05 0.99997
10 8.16003e-07 0.999999
10 2.75767e-05 0.999972
10 0.00296988 0.99703
8 0.999964 3.58833e-05
10 3.51978e-06 0.999996
10 1e-07 1
10 1.62177e-07 1
10 8.45901e-06 0.999992
10 1e-07 1
10 2.09902e-05 0.999979
10 1e-07 1
10 1e-07 1
10 0.000119498 0.999881
10 2.39237e-06 0.999998
10 1e-07 1
10 3.10722e-07 1
10 0.00531655 0.994683
10 1.59922e-06 0.999998
10 1e-07 1
10 2.16068e-06 0.999998
8 1 1e-07
10 0.00363595 0.996364
10 5.8251e-05 0.999942
10 0.000139154 0.999861
10 6.23194e-07 0.999999
10 7.46745e-05 0.999925
10 4.48705e-06 0.999996
10 1.20061e-06 0.999999
8 0.99991 8.96429e-05
10 1e-07 1
10 8.33365e-07 0.999999
10 8.03465e-06 0.999992
10 1e-07 1
10 3.31638e-05 0.999967
10 0.00560722 0.994393
10 0.000765245 0.999235
10 5.52176e-06 0.999994
10 1e-07 1
10 1e-07 1
10 1e-07 1
10 1e-07 1
10 0.000205388 0.999795
10 1e-07 1
10 1e-07 1
8 0.999997 3.38646e-06
10 1e-07 1
10 0.000746027 0.999254
10 4.48403e-07 1
10 2.38712e-05 0.999976
10 1e-07 1
10 0.000389679 0.99961
10 1.57487e-06 0.999998
10 2.34058e-07 1
10 0.00539934 0.994601
8 0.999913 8.74085e-05
10 1e-07 1
10 0.00467516 0.995325
10 0.000142745 0.999857
10 7.03183e-06 0.999993
10 1.7794e-05 0.999982
10 0.00010096 0.999899
10 0.000842264 0.999158
10 0.00239074 0.997609
10 0.00236024 0.99764
10 1e-07 1
10 8.27721e-07 0.999999
10 1e-07 1
10 0.0257547 0.974245
10 1.49836e-06 0.999999
10 1e-07 1
8 1 1e-07
10 0.000157208 0.999843
10 0.00081611 0.999184
10 4.3443e-05 0.999957
10 1e-07 1
10 3.31893e-07 1
10 0.000447321 0.999553
10 5.56668e-05 0.999944
10 0.000857266 0.999143
10 3.61079e-06 0.999996
10 1e-07 1
10 1.21784e-07 1
10 1e-07 1
8 0.999575 0.000425039
10 0.000246414 0.999754
10 1e-07 1
10 7.72575e-05 0.999923
10 5.87096e-07 0.999999
10 1e-07 1
10 1e-07 1
10 1.05918e-05 0.999989
10 0.00111627 0.998884
10 1.83988e-05 0.999982
10 4.00818e-07 1
10 1e-07 1
10 1.28314e-06 0.999999
10 0.00153009 0.99847
10 1e-07 1
10 1.53106e-06 0.999998
10 1.75465e-07 1
8 0.999737 0.00026312
10 0.064993 0.935007
10 0.00157317 0.998427
10 1.40584e-06 0.999999
10 1.11515e-05 0.999989
10 0.00399654 0.996003
10 1e-07 1
10 1.84757e-06 0.999998
10 0.00107099 0.998929
10 2.25307e-07 1
10 6.4515e-06 0.999994
10 6.387e-06 0.999994
10 1e-07 1
10 0.000487702 0.999512
8 0.996441 0.00355883
10 2.0846e-05 0.999979
10 6.89423e-07 0.999999
10 8.3711e-06 0.999992
10 1e-07 1
10 3.79338e-06 0.999996
10 6.69022e-05 0.999933
10 5.10995e-07 0.999999
10 9.12765e-07 0.999999
10 0.000224368 0.999776
10 1e-07 1
10 2.67407e-07 1
10 0.000704781 0.999295
10 4.51367e-06 0.999995
10 7.75467e-06 0.999992
10 1e-07 1
8 0.999961 3.86289e-05
10 0.00367183 0.996328
10 1e-07 1
10 1e-07 1
10 9.09742e-06 0.999991
10 1.76681e-06 0.999998
10 1e-07 1
10 1.31178e-07 1
10 4.55793e-07 1
10 0.00722519 0.992775
10 2.0139e-05 0.99998
10 1e-07 1
10 5.6072e-06 0.999994
10 1e-07 1
10 0.00069429 0.999306
10 1e-07 1
10 3.99564e-05 0.99996
10 1e-07 1
10 1.08318e-05 0.999989
10 0.00110262 0.998897
10 1.58766e-05 0.999984
10 7.44574e-06 0.999993
10 2.70739e-05 0.999973
10 1e-07 1
8 0.999984 1.59958e-05
10 0.000227242 0.999773
10 1.15859e-05 0.999988
10 4.11247e-05 0.999959
10 0.000153919 0.999846
10 1e-07 1
10 5.1763e-06 0.999995
10 8.83389e-07 0.999999
10 5.16569e-07 0.999999
8 0.999993 6.9871e-06
10 3.14051e-06 0.999997
10 1e-07 1
10 8.98121e-07 0.999999
10 4.37758e-07 1
10 8.78269e-06 0.999991
10 0.000244508 0.999755
10 0.0157401 0.98426
10 0.037988 0.962012
10 9.52616e-06 0.99999
10 6.8878e-06 0.999993
10 1e-07 1
10 2.1267e-06 0.999998
10 6.0806e-07 0.999999
10 0.000111559 0.999888
10 1e-07 1
10 1e-07 1
10 6.87908e-06 0.999993
10 1.2042e-07 1
8 0.960803 0.0391969
10 0.00020662 0.999793
10 1.40443e-07 1
10 1.33901e-06 0.999999
10 1e-07 1
10 1e-07 1
10 9.03721e-05 0.99991
10 9.06546e-05 0.999909
10 1e-07 1
10 4.36869e-05 0.999956
8 0.999779 0.000221203
10 3.87777e-05 0.999961
10 5.15691e-06 0.999995
10 0.00175645 0.998244
10 0.000145856 0.999854
8 0.99419 0.00580988
10 1e-07 1
10 2.92873e-05 0.999971
10 1e-07 1
10 0.000363696 0.999636
10 6.67611e-07 0.999999
10 5.71532e-05 0.999943
10 1.70658e-06 0.999998
10 1e-07 1
10 4.82466e-05 0.999952
10 1e-07 1
10 1.69714e-06 0.999998
10 4.53377e-07 1
8 0.998359 0.00164065
10 1e-07 1
10 9.23999e-05 0.999908
10 0.00279959 0.9972
10 1e-07 1
10 3.11451e-07 1
10 0.000203344 0.999797
8 0.990346 0.00965405
10 1e-07 1
8 0.967414 0.0325862
10 5.00177e-07 0.999999
10 1e-07 1
10 5.77544e-05 0.999942
10 1e-07 1
8 1 1e-07
10 3.90149e-06 0.999996
10 1.01134e-06 0.999999
10 1.25426e-05 0.999987
10 1e-07 1
10 8.51092e-06 0.999991
10 1e-07 1
8 0.999999 1.41707e-06
10 1e-07 1
10 1e-07 1
10 3.22003e-07 1
10 1e-07 1
10 1e-07 1
10 6.8696e-07 0.999999
10 1e-07 1
10 2.03901e-07 1
10 1e-07 1
10 1.0688e-06 0.999999
10 1e-07 1
10 1.97597e-06 0.999998
10 0.00568466 0.994315
10 1.17918e-05 0.999988
10 0.00181502 0.998185
10 0.00219898 0.997801
10 2.28782e-05 0.999977
10 1.5809e-06 0.999998
10 4.44746e-07 1
10 2.21184e-06 0.999998
10 1e-07 1
10 1e-07 1
10 1e-07 1
10 0.000339774 0.99966
10 4.65842e-05 0.999953
10 1e-07 1
10 0.00080331 0.999197
10 0.00115978 0.99884
10 4.80949e-07 1
10 5.84588e-05 0.999942
10 9.91264e-07 0.999999
10 0.000313245 0.999687
8 0.981659 0.0183408
10 1e-07 1
10 0.000561764 0.999438
10 1e-07 1
10 0.000331749 0.999668
10 3.63668e-06 0.999996
8 0.999998 2.47969e-06
10 0.0141511 0.985849
10 1.31631e-05 0.999987
8 0.999999 9.86525e-07
10 1e-07 1
10 0.00116251 0.998837
10 1.98864e-06 0.999998
10 1.01642e-06 0.999999
10 2.38692e-05 0.999976
10 2.08708e-06 0.999998
10 4.26638e-06 0.999996
10 1e-07 1
10 0.000172962 0.999827
8 0.957481 0.0425193
10 0.0189104 0.98109
10 1.20389e-05 0.999988
10 0.0098522 0.990148
10 1e-07 1
10 0.00477125 0.995229
8 0.99991 9.04127e-05
10 3.29713e-07 1
10 0.000939614 0.99906
10 2.28572e-05 0.999977
10 3.61704e-07 1
10 1.82104e-05 0.999982
10 4.2625e-07 1
8 0.993513 0.00648673
10 0.000465572 0.999534
10 1e-07 1
10 0.000948491 0.999052
10 1e-07 1
8 0.999935 6.46832e-05
10 3.02014e-06 0.999997
10 2.28563e-07 1
10 0.00307026 0.99693
10 3.97973e-07 1
10 3.2621e-05 0.999967
10 0.000266747 0.999733
10 5.94867e-06 0.999994
10 1e-07 1
10 1.97556e-06 0.999998
10 9.23535e-05 0.999908
10 1e-07 1
10 1e-07 1
8 0.92655 0.0734499
10 0.0239729 0.976027
10 0.000241606 0.999758
10 1e-07 1
10 6.2307e-06 0.999994
10 0.000111929 0.999888
10 2.85485e-06 0.999997
10 0.00117347 0.998827
10 6.15941e-06 0.999994
10 0.00618309 0.993817
10 4.00544e-06 0.999996
10 3.90794e-07 1
10 3.27342e-05 0.999967
10 7.43748e-07 0.999999
10 1e-07 1
8 0.999998 1.97325e-06
10 1e-07 1
10 3.40471e-06 0.999997
8 0.999998 1.52345e-06
10 1e-07 1
10 1.4184e-05 0.999986
10 0.016246 0.983754
10 0.000400475 0.9996
10 3.58904e-07 1
10 2.29615e-05 0.999977
10 0.000155984 0.999844
10 1e-07 1
10 0.000660216 0.99934
10 1.37567e-07 1
10 1e-07 1
10 2.06665e-07 1
8 0.999666 0.00033356
10 3.25807e-06 0.999997
10 0.0002653 0.999735
10 1.27222e-07 1
10 4.76871e-06 0.999995
10 4.16808e-06 0.999996
8 0.986459 0.0135414
10 1e-07 1
10 1.03535e-05 0.99999
10 1.3469e-06 0.999999
10 1e-07 1
10 1.4615e-06 0.999999
10 1.25842e-05 0.999987
8 1 1e-07
10 1e-07 1
8 0.998192 0.00180765
10 5.91522e-05 0.999941
10 8.87997e-07 0.999999
10 0.000406973 0.999593
10 0.00170559 0.998294
10 4.36434e-06 0.999996
10 1e-07 1
10 0.000101892 0.999898
10 0.000145739 0.999854
10 0.000643501 0.999356
10 0.000131852 0.999868
10 2.15292e-07 1
10 4.7883e-05 0.999952
10 1e-07 1
8 0.998763 0.00123726
8 1 1e-07
10 0.0195385 0.980461
10 0.00370779 0.996292
8 0.990757 0.00924291
10 8.11217e-05 0.999919
10 2.80962e-06 0.999997
10 1e-07 1
10 1e-07 1
10 9.95455e-06 0.99999
8 0.99974 0.000260085
10 1.64256e-06 0.999998
10 1.13377e-07 1
10 8.6306e-05 0.999914
10 1e-07 1
10 1.29739e-06 0.999999
10 4.92005e-06 0.999995
10 1.14577e-05 0.999989
10 1.76793e-05 0.999982
10 1e-07 1
10 1e-07 1
10 4.50693e-06 0.999995
10 1e-07 1
10 1.1685e-05 0.999988
10 2.18498e-07 1
10 2.9586e-07 1
10 0.0172305 0.98277
10 1e-07 1
10 4.71107e-06 0.999995
10 0.000230269 0.99977
10 7.21403e-05 0.999928
10 1.25471e-07 1
8 0.910918 0.0890822
10 1e-07 1
10 1e-07 1
10 1e-07 1
10 1e-07 1
10 7.06812e-05 0.999929
10 1e-07 1
10 1e-07 1
10 1e-07 1
10 4.83915e-07 1
10 1e-07 1
10 4.39774e-06 0.999996
10 9.8825e-07 0.999999
10 1.50621e-06 0.999998
10 1.40475e-05 0.999986
10 1.24785e-06 0.999999
10 1.07211e-07 1
10 3.10555e-06 0.999997
10 1e-07 1
10 1e-07 1
10 0.00016579 0.999834
10 0.000427939 0.999572
10 0.000966413 0.999034
10 0.000742969 0.999257
10 3.92836e-06 0.999996
10 1e-07 1
10 0.000253173 0.999747
10 2.19021e-06 0.999998
10 0.000739083 0.999261
10 3.60114e-05 0.999964
10 0.00032187 0.999678
10 0.000136268 0.999864
8 0.999373 0.000626819
10 0.00030945 0.999691
10 0.00375376 0.996246
10 1.08789e-06 0.999999
10 2.73449e-06 0.999997
10 2.09657e-05 0.999979
10 0.000365823 0.999634
10 1e-07 1
10 0.000975989 0.999024
10 0.000112159 0.999888
10 0.00019135 0.999809
10 1.94033e-06 0.999998
10 0.000314735 0.999685
10 7.03255e-05 0.99993
10 8.89472e-06 0.999991
10 0.000205051 0.999795
10 1e-07 1
10 1e-07 1
10 1.03082e-05 0.99999
10 1.31989e-05 0.999987
10 1.12741e-07 1
8 0.837524 0.162476
10 4.81315e-07 1
10 1e-07 1
10 1.74721e-06 0.999998
10 0.000144291 0.999856
10 1e-07 1
10 0.00060966 0.99939
10 6.4874e-05 0.999935
10 0.000236212 0.999764
10 7.62682e-06 0.999992
10 2.28249e-07 1
10 0.00026099 0.999739
10 7.81185e-07 0.999999
10 0.000177551 0.999822
10 7.81902e-05 0.999922
10 3.17027e-06 0.999997
10 0.000714591 0.999285
8 0.990965 0.00903462
10 1e-07 1
10 0.00118456 0.998815
10 0.0116701 0.98833
10 9.88787e-06 0.99999
10 0.000817516 0.999182
10 1e-07 1
10 0.000109103 0.999891
10 4.50301e-07 1
10 0.00208581 0.997914
10 1.00071e-05 0.99999
10 4.6136e-05 0.999954
10 2.22889e-05 0.999978
8 0.999601 0.000398757
10 3.23106e-07 1
10 1.6497e-07 1
10 1.82147e-06 0.999998
10 1.85401e-07 1
10 1e-07 1
10 1.55284e-05 0.999984
10 0.00644016 0.99356
10 5.41262e-06 0.999995
10 1e-07 1
10 6.85799e-07 0.999999
10 0.127768 0.872232
10 2.41358e-05 0.999976
10 6.85108e-06 0.999993
10 9.22233e-05 0.999908
10 8.72089e-07 0.999999
10 1e-07 1
10 0.00833379 0.991666
10 0.000398587 0.999601
10 1e-07 1
10 1.31262e-07 1
10 1.01126e-06 0.999999
10 0.011613 0.988387
10 1.17265e-07 1
10 4.21275e-07 1
10 0.00107766 0.998922
10 1.69413e-07 1
10 0.000123672 0.999876
10 7.00837e-07 0.999999
10 3.61204e-06 0.999996
10 4.89247e-07 1
10 2.59956e-06 0.999997
10 1e-07 1
10 3.12739e-07 1
10 3.35349e-07 1
10 1e-07 1
10 2.26626e-06 0.999998
10 0.00380384 0.996196
8 0.999688 0.000311552
10 1.89921e-05 0.999981
10 0.000158429 0.999842
8 0.998294 0.00170588
10 1.93433e-05 0.999981
10 1.10629e-05 0.999989
10 1e-07 1
10 1e-07 1
8 0.999958 4.22709e-05
10 4.26292e-06 0.999996
10 0.00555557 0.994444
10 0.0116909 0.988309
10 0.000476162 0.999524
10 1e-07 1
8 0.999674 0.000326148
10 0.00166195 0.998338
8 0.999993 6.61957e-06
10 0.000392244 0.999608
10 0.000844328 0.999156
10 0.0186197 0.98138
10 0.00013798 0.999862
10 1e-07 1
10 0.00270491 0.997295
10 3.06272e-06 0.999997
10 4.07223e-06 0.999996
10 4.47762e-07 1
10 2.73385e-06 0.999997
8 0.999994 6.36796e-06
10 1e-07 1
10 3.00993e-06 0.999997
10 1e-07 1
10 1e-07 1
10 0.000333328 0.999667
10 6.81367e-07 0.999999
10 3.74039e-06 0.999996
10 1e-07 1
10 1e-07 1
10 1e-07 1
10 1.12034e-07 1
10 1e-07 1
10 0.00331414 0.996686
10 8.89009e-06 0.999991
10 0.113357 0.886643
10 4.08949e-05 0.999959
10 0.00539472 0.994605
8 0.987547 0.0124529
10 0.000237017 0.999763
10 4.0214e-05 0.99996
10 0.00108931 0.998911
10 1.70821e-06 0.999998
10 9.58453e-06 0.99999
10 2.10317e-06 0.999998
10 1.35805e-05 0.999986
10 9.587e-06 0.99999
10 0.00399394 0.996006
10 7.84593e-05 0.999922
10 1.38858e-06 0.999999
10 2.81995e-05 0.999972
10 1.61093e-06 0.999998
10 1e-07 1
10 1e-07 1
10 5.57875e-06 0.999994
8 1 1e-07
10 3.26464e-07 1
10 1.44789e-06 0.999999
10 0.0102442 0.989756
10 2.04633e-06 0.999998
10 1e-07 1
10 4.52126e-06 0.999995
10 3.37309e-07 1
10 0.00256713 0.997433
10 1.49712e-05 0.999985
10 1e-07 1
10 7.0948e-06 0.999993
10 3.71956e-07 1
8 0.958313 0.0416867
10 1e-07 1
10 9.91317e-05 0.999901
10 0.000122713 0.999877
10 4.94844e-06 0.999995
10 1e-07 1
10 1.24017e-07 1
10 4.15858e-07 1
10 1e-07 1
10 0.00271773 0.997282
10 4.87765e-05 0.999951
10 0.000107971 0.999892
10 2.29323e-07 1
10 1e-07 1
10 7.37559e-05 0.999926
10 1e-07 1
10 9.35129e-07 0.999999
10 0.000521766 0.999478
8 0.999994 5.79571e-06
10 3.55526e-05 0.999964
10 0.000309396 0.999691
10 8.70741e-05 0.999913
10 1e-07 1
10 0.0147355 0.985265
10 0.000423965 0.999576
10 0.000116284 0.999884
10 1e-07 1
10 5.02111e-07 0.999999
10 1.41812e-06 0.999999
10 2.81591e-07 1
10 1.08012e-07 1
10 5.46916e-06 0.999995
10 6.67329e-06 0.999993
10 0.00265408 0.997346
10 8.09114e-06 0.999992
10 9.01406e-05 0.99991
10 7.07522e-05 0.999929
10 4.10466e-06 0.999996
10 1.47173e-06 0.999999
10 2.27078e-05 0.999977
10 2.62888e-06 0.999997
10 1.03378e-05 0.99999
10 7.60342e-07 0.999999
10 1e-07 1
10 1.22963e-07 1
8 0.999998 1.54208e-06
10 2.20989e-07 1
10 3.39529e-05 0.999966
10 0.00213138 0.997869
8 0.999981 1.94999e-05
8 0.984808 0.0151918
10 0.000101968 0.999898
10 4.46053e-05 0.999955
10 2.39308e-07 1
10 0.00158963 0.99841
10 0.000220255 0.99978
10 8.788e-05 0.999912
10 8.9064e-06 0.999991
10 5.63465e-05 0.999944
10 0.00381499 0.996185
10 9.6583e-05 0.999903
10 1e-07 1
8 0.999947 5.29503e-05
8 0.982808 0.017192
10 1.28595e-06 0.999999
10 0.000144152 0.999856
10 1e-07 1
10 1e-07 1
10 2.02038e-07 1
10 2.71163e-06 0.999997
10 1e-07 1
8 0.999501 0.000499253
8 0.999952 4.84378e-05
10 2.25511e-05 0.999977
10 0.0656603 0.93434
10 0.00323863 0.996761
10 5.1358e-07 0.999999
10 1e-07 1
10 2.17751e-06 0.999998
10 0.000254422 0.999746
8 0.998326 0.00167367
10 1.44138e-06 0.999999
10 1e-07 1
10 1.89534e-07 1
10 1e-07 1
10 0.0401877 0.959812
10 1e-07 1
10 1e-07 1
10 1.55718e-05 0.999984
10 1e-07 1
10 8.24345e-05 0.999918
10 2.73623e-07 1
10 0.149918 0.850082
10 1e-07 1
10 1e-07 1
10 1e-07 1
10 9.73934e-07 0.999999
10 1e-07 1
10 7.59288e-06 0.999992
10 0.000125294 0.999875
10 0.000258367 0.999742
10 5.41293e-07 0.999999
10 5.85441e-05 0.999941
10 8.36731e-05 0.999916
10 1.87411e-06 0.999998
10 1.23137e-06 0.999999
10 0.000100527 0.999899
10 2.36292e-05 0.999976
10 8.91933e-06 0.999991
10 0.008516 0.991484
10 1.42668e-07 1
10 1e-07 1
10 5.99186e-06 0.999994
10 1e-07 1
10 3.0859e-06 0.999997
10 2.68257e-05 0.999973
10 2.31671e-06 0.999998
10 3.53536e-07 1
10 8.26235e-07 0.999999
10 1.11238e-05 0.999989
10 1.02856e-06 0.999999
10 1e-07 1
10 1e-07 1
10 1e-07 1
10 1e-07 1
10 0.00159136 0.998409
10 8.96727e-06 0.999991
10 0.029082 0.970918
10 9.8447e-07 0.999999
10 1.3698e-06 0.999999
10 9.34856e-06 0.999991
10 1.98934e-05 0.99998
10 5.69921e-07 0.999999
10 2.34823e-07 1
10 6.61539e-07 0.999999
10 1e-07 1
10 2.029e-07 1
10 1e-07 1
8 0.999999 8.21273e-07
10 5.57068e-07 0.999999
10 1e-07 1
10 1e-07 1
10 1.79852e-05 0.999982
10 3.78743e-07 1
10 1.56977e-07 1
10 1e-07 1
10 3.4134e-05 0.999966
10 1.83352e-07 1
10 1e-07 1
10 1.42483e-05 0.999986
10 0.000131635 0.999868
10 0.000527593 0.999472
10 1e-07 1
10 5.43403e-05 0.999946
10 1e-07 1
10 1e-07 1
10 5.67095e-07 0.999999
10 1e-07 1
10 0.00866698 0.991333
10 1e-07 1
10 1e-07 1
10 4.90291e-07 1
10 0.00327206 0.996728
10 1e-07 1
10 7.27558e-06 0.999993
10 1e-07 1
10 1e-07 1
10 3.56484e-05 0.999964
10 1e-07 1
10 4.32612e-06 0.999996
10 1e-07 1
10 1e-07 1
10 2.24993e-07 1
10 0.00472917 0.995271
10 0.0172544 0.982746
10 0.00326657 0.996733
10 5.61437e-07 0.999999
10 0.000838069 0.999162
10 9.86118e-07 0.999999
10 1.61181e-06 0.999998
10 4.83498e-07 1
10 0.0030966 0.996903
10 2.52928e-06 0.999997
10 4.18964e-06 0.999996
10 4.119e-05 0.999959
10 0.00150042 0.9985
10 0.000569515 0.99943
8 0.999958 4.24622e-05
10 0.000986902 0.999013
10 6.61287e-05 0.999934
10 1.06494e-05 0.999989
10 1.675e-06 0.999998
10 0.000172769 0.999827
10 1.59857e-05 0.999984
10 2.9885e-07 1
10 1.33976e-06 0.999999
10 2.91721e-05 0.999971
10 0.000461779 0.999538
10 0.00409131 0.995909
10 0.00238227 0.997618
10 2.81689e-06 0.999997
10 0.249234 0.750766
10 5.97895e-06 0.999994
10 1e-07 1
10 1.55313e-06 0.999998
10 5.49207e-07 0.999999
10 0.000759125 0.999241
8 0.999684 0.000316063
10 1.33407e-07 1
10 2.50135e-05 0.999975
10 6.2453e-06 0.999994
10 1e-07 1
10 1.70815e-06 0.999998
10 1e-07 1
10 1e-07 1
10 0.00123698 0.998763
10 0.000256566 0.999743
10 2.30702e-06 0.999998
10 1e-07 1
10 0.000179969 0.99982
8 0.999219 0.000780915
10 1e-07 1
10 1e-07 1
10 0.000451788 0.999548
10 0.00139506 0.998605
10 1.05214e-06 0.999999
10 0.000406737 0.999593
10 6.35714e-07 0.999999
10 9.35237e-07 0.999999
10 1.98098e-07 1
8 0.999683 0.00031733
10 1e-07 1
10 8.64142e-05 0.999914
10 0.0047001 0.9953
10 5.34053e-05 0.999947
10 1.48087e-05 0.999985
10 1e-07 1
10 0.0414276 0.958572
8 0.698223 0.301777
10 0.022744 0.977256
10 0.000440622 0.999559
8 0.688653 0.311347
10 1.75895e-05 0.999982
10 2.24389e-07 1
10 0.000218533 0.999781
8 0.999905 9.53058e-05
10 3.16713e-07 1
10 0.00537528 0.994625
10 6.7511e-07 0.999999
10 2.14846e-06 0.999998
10 2.47e-06 0.999998
10 1.44013e-06 0.999999
10 0.00128009 0.99872
10 2.28751e-06 0.999998
10 1e-07 1
10 1e-07 1
10 1e-07 1
10 6.93108e-07 0.999999
10 4.80254e-05 0.999952
8 0.999798 0.00020239
10 3.09016e-05 0.999969
10 2.32461e-05 0.999977
10 0.00291928 0.997081
10 0.00126528 0.998735
8 0.999321 0.000678753
10 1e-07 1
8 0.999993 7.15926e-06
10 3.54586e-07 1
10 1e-07 1
10 0.00739612 0.992604
10 1e-07 1
10 0.00330339 0.996697
10 0.000225934 0.999774
8 0.999879 0.000120643
10 0.0211343 0.978866
10 1e-07 1
10 1.18771e-07 1
10 7.54426e-07 0.999999
10 0.00312124 0.996879
10 1.89682e-07 1
10 1.64747e-05 0.999984
10 0.0009547 0.999045
10 0.00668676 0.993313
10 4.66487e-07 1
10 0.00597603 0.994024
10 1.03336e-07 1
10 1e-07 1
10 1e-07 1
10 3.65562e-05 0.999963
10 5.18191e-07 0.999999
10 4.97624e-06 0.999995
10 1.11471e-06 0.999999
10 1.25851e-06 0.999999
10 2.92541e-05 0.999971
10 1.52226e-05 0.999985
10 0.00229518 0.997705
10 3.73875e-07 1
10 9.00597e-05 0.99991
10 8.79306e-07 0.999999
10 0.0110167 0.988983
10 1e-07 1
10 4.56086e-07 1
10 0.00011941 0.999881
10 3.9689e-06 0.999996
10 1.45033e-07 1
10 7.29409e-05 0.999927
10 8.30885e-05 0.999917
10 0.00124185 0.998758
10 1e-07 1
8 0.999957 4.3194e-05
10 5.62808e-06 0.999994
8 0.998966 0.00103449
10 0.000218765 0.999781
10 1.97375e-05 0.99998
10 5.54736e-06 0.999994
10 1.96114e-06 0.999998
10 6.79447e-07 0.999999
10 1e-07 1
10 1e-07 1
10 0.000292403 0.999708
8 0.998753 0.00124718
10 3.06081e-07 1
10 3.78565e-06 0.999996
10 0.000542157 0.999458
10 1.00901e-07 1
10 1e-07 1
10 0.000322088 0.999678
10 0.000266821 0.999733
8 0.999993 7.44749e-06
10 1.24018e-07 1
10 9.91531e-05 0.999901
10 4.53656e-05 0.999955
8 0.999995 4.74064e-06
10 0.00117004 0.99883
10 1.03275e-05 0.99999
10 1.69359e-06 0.999998
8 0.999993 6.72142e-06
10 0.00335153 0.996648
8 0.979243 0.0207565
8 0.998956 0.00104442
10 4.54637e-06 0.999995
10 1e-07 1
10 0.01663 0.98337
10 1.22467e-07 1
10 1e-07 1
8 0.999997 3.42944e-06
10 1e-07 1
10 0.00137592 0.998624
10 3.51442e-07 1
10 1.57694e-05 0.999984
10 0.000133934 0.999866
10 0.00062836 0.999372
10 0.00201628 0.997984
10 3.48426e-06 0.999997
10 0.000654765 0.999345
10 6.07526e-05 0.999939
10 9.28959e-05 0.999907
10 1e-07 1
8 0.999989 1.0534e-05
10 1.476e-06 0.999999
10 9.89135e-05 0.999901
10 1.37672e-07 1
10 6.26266e-07 0.999999
10 2.42617e-07 1
10 1.56252e-06 0.999998
10 0.00054395 0.999456
10 0.000155793 0.999844
10 4.81135e-05 0.999952
8 0.989742 0.0102575
10 8.08442e-06 0.999992
10 1e-07 1
10 1.53342e-07 1
10 1e-07 1
10 0.00175898 0.998241
10 1.61037e-06 0.999998
10 1.29698e-06 0.999999
10 1.03482e-05 0.99999
10 2.70918e-06 0.999997
10 9.91518e-06 0.99999
10 0.00141128 0.998589
10 1e-07 1
10 0.00310315 0.996897
10 5.50983e-07 0.999999
10 1.17514e-05 0.999988
10 4.5348e-07 1
10 1.01313e-07 1
8 0.999976 2.44187e-05
10 1e-07 1
10 1.57602e-07 1
10 8.45772e-05 0.999915
10 1.18128e-06 0.999999
10 5.50512e-06 0.999994
10 1e-07 1
10 1.33416e-07 1
10 0.000307611 0.999692
10 3.92554e-06 0.999996
8 0.88412 0.11588
8 0.998938 0.00106199
10 1.25717e-07 1
10 1e-07 1
10 1.20997e-05 0.999988
10 2.15345e-06 0.999998
10 2.36162e-07 1
8 0.999279 0.000721147
10 0.000963096 0.999037
10 1e-07 1
10 1e-07 1
8 0.999939 6.14549e-05
10 8.98689e-06 0.999991
10 2.04214e-07 1
10 1e-07 1
10 1.88772e-07 1
10 1e-07 1
10 1.31814e-05 0.999987
10 3.90469e-06 0.999996
10 0.000288304 0.999712
10 0.000709392 0.999291
10 1e-07 1
10 1e-07 1
10 0.00376716 0.996233
8 1 3.19796e-07
10 0.000466713 0.999533
10 8.13935e-05 0.999919
10 2.5786e-05 0.999974
10 1e-07 1
10 0.0100316 0.989968
10 0.0654301 0.93457
10 9.0934e-06 0.999991
10 7.79771e-05 0.999922
10 3.24918e-07 1
8 0.995376 0.00462363
8 0.941906 0.0580942
10 1e-07 1
10 0.00166894 0.998331
10 0.00185581 0.998144
10 1e-07 1
8 0.994144 0.00585612
10 1e-07 1
10 7.09719e-05 0.999929
10 2.69446e-07 1
10 7.17007e-05 0.999928
10 6.79177e-07 0.999999
10 1.43337e-07 1
10 1.10513e-05 0.999989
10 1.38685e-06 0.999999
8 0.999994 6.0681e-06
10 0.00502684 0.994973
10 8.35497e-05 0.999916
10 0.00418961 0.99581
10 2.48674e-05 0.999975
10 1e-07 1
10 1e-07 1
8 0.999968 3.17705e-05
10 2.81585e-06 0.999997
10 4.01614e-07 1
10 6.54097e-05 0.999935
10 5.94089e-06 0.999994
10 0.000360012 0.99964
10 1.14191e-07 1
10 5.74146e-05 0.999943
10 1.88401e-05 0.999981
10 2.48207e-06 0.999998
10 1e-07 1
10 1e-07 1
8 1 4.18863e-07
10 0.00419173 0.995808
8 0.999319 0.000680641
10 1.62201e-05 0.999984
10 0.000181994 0.999818
10 5.68515e-07 0.999999
10 2.77343e-06 0.999997
10 1e-07 1
10 1e-07 1
10 3.40886e-06 0.999997
10 1e-07 1
10 1.34749e-05 0.999987
10 0.00193138 0.998069
10 4.8295e-07 1
10 0.000743483 0.999257
8 0.999991 9.38728e-06
10 2.18681e-05 0.999978
10 3.31567e-07 1
10 1.90112e-07 1
10 7.92597e-07 0.999999
10 1e-07 1
8 0.883919 0.116081
10 1.61087e-06 0.999998
10 3.86629e-05 0.999961
10 1e-07 1
8 0.999998 2.30784e-06
10 4.75704e-06 0.999995
10 4.4543e-05 0.999955
10 1.0045e-07 1
10 0.000174682 0.999825
8 0.999995 4.69494e-06
10 1.60892e-05 0.999984
10 2.86272e-06 0.999997
10 8.34175e-05 0.999917
10 1e-07 1
10 2.73769e-05 0.999973
10 1.77988e-07 1
10 0.0114382 0.988562
10 0.000196233 0.999804
10 2.46205e-06 0.999998
10 3.92223e-05 0.999961
10 0.0012876 0.998712
10 1.16134e-05 0.999988
10 0.00012272 0.999877
10 0.00122516 0.998775
10 2.68078e-06 0.999997
8 0.99994 6.01259e-05
10 1.25814e-07 1
10 1e-07 1
10 1e-07 1
10 3.3207e-07 1
8 0.998587 0.00141334
10 8.32787e-07 0.999999
10 1.59936e-05 0.999984
10 4.69612e-07 1
10 0.00137467 0.998625
10 0.000474588 0.999525
10 3.69287e-06 0.999996
10 1.36703e-07 1
10 1.74623e-07 1
10 2.15974e-07 1
8 0.999469 0.000531043
10 9.05549e-06 0.999991
10 1e-07 1
10 0.0123153 0.987685
10 0.00748641 0.992514
8 0.996176 0.00382409
10 1e-07 1
10 0.000614672 0.999385
10 6.70366e-07 0.999999
10 4.474e-05 0.999955
10 1e-07 1
10 3.50934e-07 1
10 0.003644 0.996356
8 0.999779 0.000220822
10 1.79535e-07 1
10 1e-07 1
10 2.64465e-06 0.999997
10 1.50928e-06 0.999998
10 1.18113e-07 1
10 1e-07 1
10 0.000136185 0.999864
10 1e-07 1
10 8.20299e-05 0.999918
10 1e-07 1
10 1.32627e-06 0.999999
10 2.25245e-06 0.999998
10 0.000127737 0.999872
10 1e-07 1
10 0.000849074 0.999151
10 1e-07 1
10 0.00140058 0.998599
10 1.24672e-06 0.999999
10 1.79697e-07 1
10 1e-07 1
10 0.00388484 0.996115
10 1.46896e-05 0.999985
10 7.2801e-07 0.999999
10 1e-07 1
10 2.47769e-06 0.999998
10 1e-07 1
10 1e-07 1
8 0.998392 0.00160837
10 0.000108863 0.999891
8 0.999963 3.68207e-05
10 0.000269444 0.999731
8 0.99958 0.000420169
10 1e-07 1
10 2.25046e-06 0.999998
10 0.0047432 0.995257
10 1e-07 1
10 4.87094e-07 1
10 1e-07 1
10 8.95251e-07 0.999999
10 4.68029e-06 0.999995
8 1 1e-07
8 0.999999 5.29036e-07
10 1e-07 1
10 1e-07 1
8 0.987557 0.0124428
10 1e-07 1
10 0.000115738 0.999884
10 1e-07 1
10 2.29014e-06 0.999998
10 9.08044e-05 0.999909
10 1e-07 1
10 2.36852e-05 0.999976
10 0.000115779 0.999884
10 4.48764e-05 0.999955
10 0.00282541 0.997175
10 1e-07 1
10 1e-07 1
10 0.00102213 0.998978
10 2.38423e-07 1
10 3.95909e-07 1
10 1e-07 1
10 2.99477e-06 0.999997
10 1.32886e-07 1
10 0.000142084 0.999858
10 5.12715e-06 0.999995
10 2.9508e-05 0.99997
10 1.11072e-07 1
10 3.90052e-06 0.999996
10 4.22859e-07 1
10 0.00485528 0.995145
10 5.07013e-07 0.999999
10 1.10311e-05 0.999989
10 1e-07 1
10 0.00264317 0.997357
10 0.00173828 0.998262
10 2.8052e-05 0.999972
10 1.95942e-07 1
10 1.7145e-05 0.999983
10 1e-07 1
10 2.05159e-06 0.999998
10 0.00295763 0.997042
8 0.876905 0.123095
10 0.00129443 0.998706
8 0.972543 0.0274573
10 1e-07 1
10 1.81248e-05 0.999982
10 5.21394e-07 0.999999
10 1e-07 1
10 1e-07 1
8 0.999855 0.000144838
10 1.18195e-05 0.999988
8 0.999856 0.000144152
10 9.38728e-06 0.999991
10 1.11794e-05 0.999989
10 3.82866e-05 0.999962
10 0.00179417 0.998206
10 1.08193e-07 1
10 9.03139e-05 0.99991
8 0.999842 0.000158265
10 0.0152006 0.984799
10 1e-07 1
8 0.999988 1.1849e-05
10 1e-07 1
10 3.74773e-07 1
10 0.000111391 0.999889
10 3.27637e-06 0.999997
10 7.42728e-05 0.999926
10 0.00431054 0.995689
10 0.00128869 0.998711
10 0.0147829 0.985217
10 1e-07 1
10 9.31831e-06 0.999991
10 1.33447e-05 0.999987
10 8.59142e-07 0.999999
10 3.32727e-07 1
10 6.13933e-05 0.999939
10 2.90508e-06 0.999997
10 1e-07 1
8 0.996901 0.0030993
10 0.012782 0.987218
10 7.48186e-07 0.999999
8 0.999999 1.3109e-06
10 5.77761e-06 0.999994
10 6.20699e-06 0.999994
10 3.25453e-05 0.999967
10 0.00445712 0.995543
10 0.00245313 0.997547
8 0.999995 4.74057e-06
10 5.31298e-05 0.999947
10 3.60647e-05 0.999964
10 1e-07 1
10 1e-07 1
10 3.70317e-05 0.999963
10 1e-07 1
10 1e-07 1
10 6.97891e-07 0.999999
10 1e-07 1
10 1e-07 1
10 0.01884 0.98116
10 9.44267e-07 0.999999
8 0.979463 0.0205374
10 0.00047814 0.999522
8 0.939465 0.0605346
10 2.10174e-06 0.999998
8 0.99999 1.02969e-05
10 1e-07 1
10 1.37865e-06 0.999999
10 2.91365e-06 0.999997
10 2.60597e-06 0.999997
10 1.2457e-06 0.999999
8 0.999869 0.000131089
10 1.18701e-05 0.999988
10 1.43026e-06 0.999999
10 1.84127e-05 0.999982
10 1e-07 1
10 4.02751e-07 1
10 3.84314e-06 0.999996
10 7.34859e-07 0.999999
10 1.25007e-06 0.999999
10 1.92598e-07 1
10 0.0013197 0.99868
10 1.94598e-06 0.999998
10 1e-07 1
10 1.00547e-05 0.99999
10 2.53152e-06 0.999997
10 1e-07 1
10 3.1453e-06 0.999997
10 1e-07 1
8 0.957619 0.0423813
10 1e-07 1
10 1e-07 1
10 6.7622e-05 0.999932
10 9.9287e-06 0.99999
10 0.000182121 0.999818
10 2.79057e-07 1
10 1e-07 1
10 1.81979e-06 0.999998
10 0.00158689 0.998413
10 0.000538242 0.999462
10 3.38282e-05 0.999966
10 1e-07 1
8 0.999983 1.6951e-05
10 3.44269e-07 1
10 0.000153461 0.999847
10 0.000765565 0.999234
10 4.60945e-05 0.999954
10 3.91993e-05 0.999961
10 4.99196e-05 0.99995
10 1.05362e-07 1
10 9.1484e-05 0.999909
10 0.00269221 0.997308
8 0.941118 0.0588818
10 1e-07 1
10 2.34135e-06 0.999998
10 1.56553e-06 0.999998
10 1.29979e-07 1
10 1e-07 1
10 0.000122874 0.999877
10 7.18566e-06 0.999993
10 0.000124968 0.999875
10 0.000114697 0.999885
10 7.80423e-06 0.999992
10 6.03717e-07 0.999999
10 0.000138571 0.999861
10 5.60095e-05 0.999944
10 1e-07 1
10 2.09477e-05 0.999979
8 0.998136 0.0018644
10 1.09298e-06 0.999999
10 4.31371e-06 0.999996
10 3.0607e-06 0.999997
10 0.00208867 0.997911
8 0.999972 2.78593e-05
10 1e-07 1
10 0.000101192 0.999899
10 3.85708e-05 0.999961
10 9.59328e-05 0.999904
10 0.000164384 0.999836
8 0.999939 6.07727e-05
10 1.46316e-07 1
10 2.92913e-07 1
10 3.88033e-07 1
10 0.00177706 0.998223
10 7.14045e-06 0.999993
10 3.87073e-06 0.999996
8 0.999792 0.000208294
10 8.48391e-05 0.999915
10 1.70773e-06 0.999998
10 0.000319913 0.99968
10 1e-07 1
10 4.29012e-05 0.999957
10 1.97514e-05 0.99998
10 1e-07 1
10 0.000363059 0.999637
10 8.34428e-06 0.999992
10 2.16814e-07 1
10 1e-07 1
10 1.49494e-06 0.999999
10 1e-07 1
10 5.00272e-05 0.99995
10 1.1784e-06 0.999999
10 1e-07 1
10 4.58435e-06 0.999995
10 6.21368e-07 0.999999
10 0.243976 0.756024
10 1e-07 1
10 1e-07 1
10 1.34741e-06 0.999999
10 2.16638e-05 0.999978
10 1e-07 1
10 2.05387e-06 0.999998
10 7.11677e-05 0.999929
10 4.70015e-07 1
10 7.1222e-05 0.999929
10 2.43978e-05 0.999976
10 7.26576e-06 0.999993
10 3.88758e-07 1
10 5.47282e-05 0.999945
10 3.96652e-07 1
10 7.14464e-07 0.999999
10 1e-07 1
10 1e-07 1
10 1.22835e-07 1
10 2.80162e-05 0.999972
10 5.9332e-05 0.999941
10 1.67104e-06 0.999998
10 1e-07 1
10 3.18347e-07 1
10 0.00013531 0.999865
10 0.00010523 0.999895
10 1e-07 1
10 8.93993e-07 0.999999
10 2.79492e-06 0.999997
10 1.13959e-06 0.999999
10 0.000153386 0.999847
10 4.41429e-06 0.999996
10 1e-07 1
10 1.3837e-05 0.999986
10 4.6761e-07 1
10 7.04145e-05 0.99993
10 4.89773e-05 0.999951
10 2.64776e-06 0.999997
8 0.999563 0.0004374
10 0.00371558 0.996284
10 3.07932e-07 1
10 1e-07 1
10 1e-07 1
10 1e-07 1
10 4.96211e-07 1
10 1e-07 1
10 5.07449e-06 0.999995
8 0.993467 0.00653292
10 4.4049e-06 0.999996
10 3.89141e-05 0.999961
8 0.815269 0.184731
10 0.000660994 0.999339
10 3.34205e-05 0.999967
10 3.58851e-05 0.999964
10 0.00441904 0.995581
10 4.58586e-05 0.999954
10 1e-07 1
10 1.88015e-06 0.999998
10 1e-07 1
8 0.99998 1.96401e-05
8 1 1e-07
10 1.07808e-06 0.999999
10 3.59855e-07 1
10 1e-07 1
10 1e-07 1
10 4.67412e-05 0.999953
10 0.000252871 0.999747
10 2.3977e-06 0.999998
10 3.26914e-06 0.999997
10 1.15923e-06 0.999999
10 0.000123815 0.999876
10 1e-07 1
10 5.22422e-05 0.999948
10 1e-07 1
8 0.99949 0.000510445
10 3.88368e-05 0.999961
10 0.000148899 0.999851
10 1.35935e-05 0.999986
10 3.08099e-06 0.999997
8 0.998533 0.0014674
8 0.989812 0.0101882
10 9.61994e-05 0.999904
10 0.00734039 0.99266
10 4.77701e-05 0.999952
10 1e-07 1
10 0.000551697 0.999448
8 0.993052 0.00694836
10 7.83478e-07 0.999999
10 9.7839e-06 0.99999
10 1.99947e-05 0.99998
10 1e-07 1
10 6.87353e-07 0.999999
10 1.22607e-07 1
10 4.77223e-07 1
10 1e-07 1
10 3.64914e-05 0.999964
10 1.30928e-06 0.999999
10 3.16066e-07 1
10 0.00243843 0.997562
10 0.000215851 0.999784
10 5.83615e-05 0.999942
10 5.90228e-07 0.999999
8 0.999972 2.84169e-05
10 1e-07 1
10 1.47395e-06 0.999999
10 0.109033 0.890967
10 0.0279293 0.972071
8 0.997068 0.00293163
10 0.000118767 0.999881
10 1e-07 1
10 3.10232e-06 0.999997
10 1e-07 1
10 3.61128e-06 0.999996
10 1e-07 1
10 1e-07 1
10 4.47669e-07 1
8 0.999927 7.33055e-05
10 1e-07 1
10 3.16674e-05 0.999968
8 0.999614 0.000385758
10 4.12852e-05 0.999959
10 0.000338275 0.999662
10 3.76131e-05 0.999962
10 0.335008 0.664992
10 4.60148e-05 0.999954
10 0.000109065 0.999891
10 1.31008e-06 0.999999
10 0.00167727 0.998323
10 1.67427e-06 0.999998
10 7.78539e-07 0.999999
10 1e-07 1
10 1e-07 1
10 1e-07 1
10 1.15651e-05 0.999988
10 0.0258853 0.974115
10 0.000448134 0.999552
10 4.26494e-06 0.999996
10 1.50295e-05 0.999985
10 1e-07 1
10 0.000369044 0.999631
10 1e-07 1
10 1e-07 1
10 8.9364e-06 0.999991
10 1e-07 1
10 0.00036399 0.999636
10 0.0100155 0.989985
10 0.00227848 0.997722
10 1e-07 1
