labels 8 5
8 0.99824 0.00176035
8 0.999997 2.87381e-06
8 0.997498 0.00250154
5 1e-07 1
5 7.17228e-05 0.999928
5 0.205075 0.794925
8 0.773053 0.226947
5 0.442137 0.557863
5 9.70297e-06 0.99999
5 1e-07 1
5 0.0050011 0.994999
8 0.996789 0.00321121
8 0.898191 0.101809
8 0.981409 0.0185914
5 0.000321868 0.999678
5 0.0017894 0.998211
5 0.176953 0.823047
8 0.55642 0.44358
8 0.999737 0.000262782
8 0.877482 0.122518
8 0.836868 0.163132
8 0.999063 0.000936518
8 0.995498 0.00450199
8 0.872838 0.127162
8 0.94778 0.0522204
8 0.99238 0.00761991
8 0.957343 0.0426569
8 0.987884 0.0121156
8 0.896639 0.103361
8 0.998179 0.00182109
5 3.35211e-06 0.999997
5 0.0338988 0.966101
5 0.000916203 0.999084
8 0.564284 0.435716
8 0.793797 0.206203
8 0.98094 0.0190596
8 0.990397 0.0096031
8 0.991081 0.00891916
5 1.41704e-07 1
8 0.996168 0.00383193
8 0.993483 0.00651713
8 0.701737 0.298263
5 0.311745 0.688255
8 0.883529 0.116471
8 0.987323 0.0126772
8 0.99938 0.000619589
8 0.990242 0.00975807
8 0.997775 0.00222513
8 0.988358 0.0116417
8 0.999991 9.30415e-06
8 0.996709 0.00329131
5 0.000264353 0.999736
5 4.19651e-05 0.999958
8 0.937681 0.0623193
8 0.995914 0.0040863
8 0.990784 0.00921579
5 0.348218 0.651782
8 0.758014 0.241986
8 0.981533 0.0184669
8 0.999632 0.000367921
8 0.989516 0.0104838
8 0.999296 0.000704345
8 0.961853 0.0381472
8 0.976506 0.0234941
5 0.0053265 0.994673
5 1e-07 1
8 0.995658 0.00434249
8 0.995218 0.0047816
5 0.0146588 0.985341
5 0.0326536 0.967346
8 0.999305 0.000695288
5 0.0683326 0.931667
8 0.998836 0.00116375
8 0.967723 0.032277
5 0.0837245 0.916276
5 2.03803e-06 0.999998
5 0.000810666 0.999189
8 0.996043 0.00395692
8 0.993228 0.00677183
8 0.981318 0.0186822
8 0.999988 1.15231e-05
8 0.999979 2.13649e-05
5 0.000199761 0.9998
5 0.420218 0.579782
5 0.00107534 0.998925
8 0.991025 0.00897455
8 0.984628 0.0153719
8 0.999717 0.00028258
8 0.999997 3.08537e-06
8 0.991616 0.00838379
5 4.04218e-05 0.99996
8 0.994969 0.00503054
5 0.213207 0.786793
8 0.997022 0.002978
8 0.983754 0.0162465
5 1e-07 1
8 0.994154 0.00584609
8 0.999994 6.13966e-06
8 0.977462 0.0225382
8 0.990881 0.00911876
8 0.930555 0.0694451
8 0.995619 0.00438103
8 0.849107 0.150893
8 0.982731 0.0172687
8 0.996351 0.00364935
5 2.65666e-05 0.999973
5 0.000335003 0.999665
8 0.997785 0.00221473
5 0.00195378 0.998046
8 0.752343 0.247657
5 0.423964 0.576036
5 0.168337 0.831663
8 0.999721 0.000279203
8 0.997213 0.00278671
8 0.994217 0.00578272
8 0.999032 0.000968048
5 6.54855e-06 0.999993
5 0.051493 0.948507
8 0.999999 1.4562e-06
8 0.985874 0.0141259
8 0.91881 0.0811901
8 0.901785 0.0982148
5 0.00187307 0.998127
5 0.122698 0.877302
8 0.999222 0.000778235
8 0.996306 0.0036941
5 0.000174202 0.999826
8 0.846538 0.153462
8 0.994283 0.00571666
8 0.991306 0.00869352
5 0.0453057 0.954694
5 0.0249375 0.975062
8 0.999995 4.98999e-06
8 0.989428 0.0105716
8 0.596407 0.403593
5 0.265342 0.734658
8 0.779555 0.220445
8 0.982002 0.0179984
5 7.33767e-06 0.999993
8 0.881353 0.118647
8 0.992122 0.00787761
5 0.0471017 0.952898
8 0.996289 0.00371114
8 1 1e-07
8 0.999666 0.000334014
8 0.983088 0.0169122
8 0.86942 0.13058
8 0.862888 0.137112
8 0.87551 0.12449
5 0.291143 0.708857
8 0.984649 0.0153511
8 0.91049 0.0895103
8 0.96762 0.0323799
8 0.670367 0.329633
8 0.988221 0.0117787
8 0.999961 3.89458e-05
8 0.989265 0.0107347
8 0.911396 0.0886039
5 6.41941e-07 0.999999
8 0.722248 0.277752
5 0.000106939 0.999893
5 0.00015507 0.999845
5 2.92298e-05 0.999971
8 0.999995 5.09004e-06
8 0.981859 0.0181415
5 0.294383 0.705617
8 0.753444 0.246556
5 0.325064 0.674936
8 0.999989 1.09789e-05
5 1e-07 1
5 0.00623439 0.993766
8 0.987707 0.012293
5 0.163812 0.836188
8 0.618435 0.381565
8 0.99934 0.000660122
5 1.86376e-05 0.999981
5 0.0155204 0.98448
8 0.857034 0.142966
5 0.00430257 0.995697
8 0.993663 0.00633721
5 0.000207506 0.999792
5 0.229774 0.770226
8 0.819734 0.180266
8 0.99447 0.00552965
8 0.892319 0.107681
8 0.999833 0.00016706
8 0.989234 0.0107663
8 0.999997 3.15075e-06
8 0.986169 0.0138307
8 0.908692 0.091308
8 0.979611 0.0203889
5 0.000244909 0.999755
8 0.983288 0.0167121
8 0.96299 0.0370104
8 0.985998 0.014002
5 0.000422976 0.999577
8 0.977673 0.0223267
5 0.00195927 0.998041
8 0.991623 0.00837685
8 0.777432 0.222568
5 3.50894e-05 0.999965
8 0.996222 0.00377777
8 0.986112 0.0138885
8 0.993619 0.00638127
8 0.991725 0.00827491
5 0.000141063 0.999859
8 0.999878 0.000121807
8 0.79958 0.20042
8 0.997049 0.0029512
8 0.998719 0.00128103
5 0.429362 0.570638
8 0.999999 1.06798e-06
8 0.968707 0.0312934
5 0.0135815 0.986419
8 0.970781 0.0292195
8 0.987693 0.0123068
5 0.151622 0.848378
8 0.999949 5.09019e-05
5 8.97107e-06 0.999991
8 0.784279 0.215721
8 0.83102 0.16898
5 4.57173e-07 1
8 0.999983 1.72683e-05
8 0.99996 4.01689e-05
8 0.975282 0.0247182
5 0.000368268 0.999632
8 0.999655 0.000344673
8 0.981786 0.018214
8 0.988156 0.0118437
8 0.99799 0.00200968
8 0.996535 0.00346467
5 0.305087 0.694913
8 0.999997 2.60305e-06
8 0.8978 0.1022
8 0.995512 0.00448772
5 0.0154545 0.984546
8 0.955482 0.0445176
8 0.953572 0.0464275
5 0.00526768 0.994732
8 0.853986 0.146014
8 0.99958 0.000419961
8 0.999823 0.000176529
8 0.715145 0.284855
5 0.25247 0.74753
5 0.0136712 0.986329
8 0.871671 0.128329
8 0.986602 0.013398
8 1 1.49621e-07
5 0.00033898 0.999661
8 0.984261 0.0157387
5 0.1084 0.8916
5 0.0105024 0.989498
8 0.999946 5.35793e-05
8 0.983446 0.0165544
5 0.00398167 0.996018
8 0.988637 0.0113634
8 0.998215 0.0017848
8 0.706092 0.293908
5 0.218698 0.781302
8 0.998254 0.00174616
5 0.314052 0.685948
8 0.999999 1.11198e-06
8 0.685494 0.314506
8 0.869631 0.130369
5 0.128786 0.871214
8 0.999427 0.000573407
5 4.76757e-07 1
8 0.99983 0.000170276
8 0.985659 0.0143412
8 0.99521 0.00479022
8 0.999991 9.13638e-06
8 0.720165 0.279835
8 0.970599 0.0294012
8 0.943027 0.0569727
8 0.999248 0.000752106
5 0.170756 0.829244
8 0.998369 0.00163096
8 0.973479 0.0265205
8 0.98401 0.0159899
5 5.78776e-07 0.999999
8 0.978583 0.0214167
8 0.998126 0.00187405
8 0.964271 0.0357287
8 0.984873 0.0151266
8 0.999498 0.000502386
8 0.983334 0.0166657
8 0.996469 0.00353118
8 0.997126 0.00287353
5 0.223653 0.776347
8 0.981344 0.0186559
5 0.111111 0.888889
8 0.996047 0.00395345
8 0.995471 0.00452866
8 0.982956 0.0170436
5 0.0828381 0.917162
8 0.999928 7.19659e-05
8 0.999951 4.87154e-05
5 1.16894e-06 0.999999
8 0.54177 0.45823
5 0.301016 0.698984
5 3.22268e-05 0.999968
5 7.80257e-06 0.999992
8 0.946974 0.0530259
8 0.999199 0.000800591
8 0.925985 0.0740145
5 0.438672 0.561328
8 0.998474 0.00152568
8 0.941467 0.0585326
5 0.149929 0.850071
8 0.938172 0.0618275
8 0.912719 0.0872815
5 0.37079 0.62921
5 0.0924286 0.907571
8 1 2.65631e-07
8 0.999603 0.000397463
8 0.997779 0.00222102
8 0.903815 0.0961847
8 0.575866 0.424134
8 0.999792 0.00020798
8 0.992742 0.00725831
5 0.00570722 0.994293
8 0.999931 6.91329e-05
8 0.999343 0.000657184
5 0.000129662 0.99987
5 0.014159 0.985841
8 0.997177 0.00282308
8 0.997363 0.00263671
5 1.23949e-05 0.999988
8 1 1.82158e-07
8 0.942748 0.0572518
5 0.00327271 0.996727
8 0.937929 0.0620715
8 0.996531 0.00346901
8 0.99366 0.00633952
8 0.999669 0.000330893
8 0.890214 0.109786
5 0.000318297 0.999682
5 8.97658e-06 0.999991
8 0.99979 0.000210364
8 0.997808 0.00219233
5 0.000562131 0.999438
8 0.913455 0.0865445
8 0.986759 0.0132411
8 0.992161 0.00783876
8 0.980291 0.0197091
8 0.76641 0.23359
8 0.999703 0.000296556
8 0.885112 0.114888
5 0.00147016 0.99853
8 0.998814 0.00118595
5 0.418039 0.581961
8 0.994316 0.00568401
5 0.000635754 0.999364
5 0.000409118 0.999591
8 0.992527 0.00747266
5 2.29738e-07 1
5 0.0146413 0.985359
8 0.682648 0.317352
5 6.26843e-05 0.999937
8 0.999996 4.33682e-06
5 0.00254382 0.997456
8 0.97193 0.0280696
8 0.974161 0.0258395
8 0.987551 0.012449
5 0.000443875 0.999556
8 0.997953 0.00204654
8 0.99487 0.0051301
8 0.996962 0.003038
8 0.967879 0.0321212
8 0.994356 0.00564442
8 0.726419 0.273581
8 0.984567 0.0154329
8 0.950545 0.0494553
8 0.942948 0.0570516
8 0.994611 0.0053888
8 0.999803 0.000197354
8 0.83917 0.16083
8 0.996866 0.003134
8 0.999943 5.69122e-05
5 3.99303e-07 1
8 0.983505 0.016495
8 0.913588 0.0864116
5 2.53192e-05 0.999975
8 0.996224 0.00377563
8 0.988325 0.0116753
8 0.789069 0.210931
8 0.948923 0.0510765
8 0.987842 0.0121579
8 0.684517 0.315483
8 0.969503 0.030497
8 0.98479 0.0152099
8 0.997585 0.00241491
8 0.994384 0.00561582
8 0.764097 0.235903
8 0.590835 0.409165
8 0.999404 0.000596416
8 0.579007 0.420993
8 0.969542 0.0304585
8 0.69047 0.30953
8 0.997395 0.00260525
8 0.966096 0.0339042
8 0.999995 5.08314e-06
8 0.984345 0.0156547
5 5.01184e-05 0.99995
5 0.0049465 0.995053
5 0.0126304 0.98737
8 0.519313 0.480687
8 0.957139 0.0428608
8 0.999644 0.000356359
5 0.0707575 0.929243
8 0.968417 0.031583
5 0.00208681 0.997913
8 0.993862 0.00613819
8 0.988218 0.0117818
5 0.000101356 0.999899
5 1e-07 1
8 0.988839 0.0111605
8 0.993414 0.00658607
8 0.756842 0.243158
5 0.0424176 0.957582
8 0.999731 0.000268615
8 0.921503 0.0784974
8 0.999998 1.58179e-06
5 0.0250384 0.974962
8 0.999109 0.000890882
5 0.000555213 0.999445
8 0.991798 0.00820183
8 0.829738 0.170262
5 0.000346505 0.999653
8 0.998714 0.00128627
8 0.999973 2.70171e-05
5 0.000526969 0.999473
8 0.999043 0.000956657
5 0.00146745 0.998533
8 0.999151 0.000848943
5 0.00119719 0.998803
8 0.988821 0.0111793
8 0.999567 0.000432707
8 0.999884 0.000116088
8 0.981817 0.0181832
5 0.190577 0.809423
5 5.42849e-06 0.999995
5 0.332712 0.667288
8 0.954777 0.045223
8 0.990178 0.00982249
8 0.997165 0.0028354
8 0.73218 0.26782
5 1.17653e-05 0.999988
8 0.522861 0.477139
8 0.987138 0.0128622
5 0.00122529 0.998775
8 1 1e-07
5 0.00712412 0.992876
8 0.999999 6.26713e-07
8 0.997807 0.00219265
8 0.789458 0.210542
8 0.999979 2.10895e-05
8 0.684817 0.315183
8 0.679054 0.320946
5 1.89503e-05 0.999981
8 0.993385 0.00661548
5 2.09956e-05 0.999979
5 0.000721332 0.999279
8 0.973202 0.0267976
8 0.990259 0.00974108
8 0.775073 0.224927
5 0.379077 0.620923
8 0.993417 0.00658323
8 0.971735 0.0282651
8 0.998925 0.00107499
8 0.990515 0.00948519
8 0.994967 0.00503312
5 0.0892782 0.910722
5 4.60204e-05 0.999954
5 0.405688 0.594312
8 0.999893 0.000106788
8 0.918472 0.0815276
5 0.0486363 0.951364
8 0.980706 0.0192943
5 0.00586488 0.994135
8 0.89438 0.10562
8 0.993171 0.00682866
8 0.998091 0.00190879
8 0.98198 0.0180202
5 0.0298467 0.970153
5 0.0475875 0.952413
8 1 2.05778e-07
8 0.991742 0.00825845
5 0.00208998 0.99791
5 7.95366e-05 0.99992
8 0.5983 0.4017
5 0.00142989 0.99857
5 0.000954696 0.999045
8 0.889395 0.110605
5 0.00867857 0.991321
8 0.998558 0.00144213
5 0.0230821 0.976918
8 0.77721 0.22279
5 0.000194058 0.999806
8 0.986567 0.0134334
5 8.6932e-06 0.999991
5 2.08554e-05 0.999979
5 0.00140653 0.998593
5 0.0775866 0.922413
8 0.936254 0.063746
8 0.979982 0.0200184
8 0.975853 0.024147
8 0.997796 0.00220369
5 0.000162685 0.999837
8 0.990091 0.00990873
8 0.997448 0.00255182
8 0.89573 0.10427
5 0.000133266 0.999867
8 0.881503 0.118497
8 0.999659 0.00034085
8 0.981611 0.0183888
8 0.999572 0.000428129
8 0.999601 0.000398902
5 1.68272e-06 0.999998
5 0.000275283 0.999725
8 0.985754 0.0142464
8 0.993702 0.00629797
5 1e-07 1
8 0.936602 0.0633977
8 0.997671 0.00232945
8 0.827032 0.172968
8 0.995608 0.00439228
5 4.17601e-06 0.999996
8 0.590637 0.409363
8 0.999928 7.19906e-05
8 0.994958 0.00504218
8 0.980405 0.0195953
8 0.990932 0.00906786
5 1.86233e-06 0.999998
8 0.667902 0.332098
8 0.987744 0.0122558
5 0.21236 0.78764
8 0.998113 0.00188668
8 0.971468 0.0285316
5 2.18545e-07 1
8 0.999667 0.000333476
8 0.999022 0.000977646
5 5.97859e-05 0.99994
8 0.79051 0.20949
5 0.00298909 0.997011
8 0.822946 0.177054
8 0.992258 0.00774163
5 0.0023516 0.997648
8 0.999993 6.87592e-06
5 0.000418053 0.999582
8 0.826256 0.173744
8 0.999439 0.00056135
8 0.983661 0.0163388
8 0.999997 3.37642e-06
8 0.643094 0.356906
5 1.34687e-06 0.999999
8 0.979058 0.0209416
8 0.999706 0.000294012
8 0.993684 0.0063159
5 0.495229 0.504771
8 0.91379 0.0862099
8 0.877423 0.122577
8 0.991589 0.0084113
8 0.992652 0.00734827
5 0.00220028 0.9978
8 0.999929 7.12844e-05
8 0.773459 0.226541
5 0.00246932 0.997531
5 0.0286576 0.971342
5 1e-07 1
5 0.00365034 0.99635
8 0.971975 0.0280246
8 0.792213 0.207787
8 0.990549 0.0094513
8 0.994417 0.00558344
5 0.0124779 0.987522
5 0.108216 0.891784
8 0.996234 0.00376556
8 0.944142 0.0558575
5 0.000110526 0.999889
8 0.976928 0.0230716
5 0.225235 0.774765
5 9.3077e-05 0.999907
5 0.00520241 0.994798
8 0.994924 0.0050759
8 0.973712 0.026288
8 0.984135 0.015865
8 1 2.86193e-07
8 0.997515 0.00248495
8 0.981095 0.0189047
5 0.000910786 0.999089
5 0.00268923 0.997311
8 0.938421 0.061579
8 0.999768 0.000231553
5 0.000719451 0.999281
8 0.999958 4.15917e-05
5 0.18626 0.81374
5 0.00105585 0.998944
8 0.999919 8.06804e-05
5 0.041074 0.958926
8 0.979026 0.0209736
8 0.998847 0.0011529
8 0.999832 0.000167825
5 0.0698944 0.930106
8 0.983214 0.0167865
5 0.00382343 0.996177
5 0.00569286 0.994307
5 0.000745792 0.999254
8 0.911414 0.0885858
8 0.954768 0.0452322
8 0.789459 0.210541
8 0.92482 0.0751804
8 0.999028 0.000971713
8 0.999801 0.000199335
8 0.986038 0.0139618
8 0.996668 0.00333186
8 0.977409 0.0225906
5 0.168828 0.831172
8 0.997355 0.00264454
5 0.000166946 0.999833
8 0.999948 5.1975e-05
5 0.0544049 0.945595
8 0.999882 0.000117895
8 0.996574 0.00342554
8 0.987095 0.0129045
8 0.985174 0.0148259
8 0.99764 0.00235982
8 0.920546 0.0794542
5 0.0188949 0.981105
8 0.99752 0.00247952
8 0.960504 0.0394962
8 0.994941 0.00505883
5 1.23425e-06 0.999999
8 0.99145 0.00854983
8 0.998517 0.00148289
8 0.999901 9.86839e-05
8 0.984114 0.0158861
8 0.990338 0.00966231
8 0.996372 0.00362763
8 0.894234 0.105766
8 0.999961 3.86594e-05
8 0.904821 0.095179
8 0.981444 0.018556
5 0.158211 0.841789
8 0.581559 0.418441
8 0.994892 0.00510845
8 0.713595 0.286405
8 0.997642 0.00235777
5 0.148714 0.851286
8 0.995777 0.00422342
5 1.14591e-05 0.999989
8 0.992687 0.00731329
8 0.999376 0.000623617
8 0.983347 0.0166533
5 0.00185516 0.998145
5 0.000168323 0.999832
8 0.813189 0.186811
8 0.983449 0.0165511
8 0.999298 0.000701917
8 0.994976 0.00502429
8 0.999927 7.30987e-05
8 0.979478 0.0205224
8 0.872528 0.127472
5 0.000761051 0.999239
8 0.999908 9.21974e-05
8 0.986452 0.013548
8 0.892986 0.107014
8 0.999092 0.000907887
8 0.927389 0.0726114
8 0.999947 5.34216e-05
8 0.998353 0.00164676
8 0.980702 0.0192984
8 0.999701 0.000298768
8 0.999984 1.5818e-05
8 0.858648 0.141352
8 0.994426 0.00557406
8 0.983687 0.0163134
8 0.996076 0.00392437
5 3.40293e-05 0.999966
8 0.999993 7.45222e-06
8 0.97754 0.0224598
5 0.000770423 0.99923
8 0.998617 0.00138285
8 0.944264 0.0557358
5 0.316731 0.683269
8 0.998439 0.00156129
5 0.3012 0.6988
5 0.0803969 0.919603
8 0.985951 0.014049
8 0.996159 0.0038412
5 0.0151486 0.984851
8 0.954244 0.0457561
8 0.6408 0.3592
8 0.993587 0.00641321
8 0.999999 7.76608e-07
8 0.571845 0.428155
8 0.98623 0.0137703
5 0.00646536 0.993535
8 0.995758 0.00424204
5 0.0236272 0.976373
5 0.00367738 0.996323
5 7.35269e-05 0.999926
8 0.970992 0.0290078
8 0.95425 0.0457504
5 1.45388e-06 0.999999
8 0.992713 0.00728678
8 0.997278 0.00272176
8 0.845138 0.154862
5 1.57343e-06 0.999998
8 0.999579 0.000420703
8 0.999937 6.30749e-05
5 0.000576604 0.999423
5 1.56351e-06 0.999998
8 0.987181 0.0128193
5 0.000571017 0.999429
8 0.973985 0.0260155
8 0.965009 0.0349909
5 0.00306829 0.996932
8 0.999999 1.39126e-06
5 0.0162001 0.9838
5 0.00187371 0.998126
8 0.998838 0.00116219
5 0.00157132 0.998429
8 0.981617 0.0183829
5 0.000863129 0.999137
5 0.204975 0.795025
8 0.999991 9.27193e-06
8 0.99292 0.00708023
8 0.845935 0.154065
5 1.18284e-05 0.999988
8 0.999999 8.06429e-07
8 0.997718 0.00228158
8 0.986903 0.013097
5 1e-07 1
8 0.925796 0.0742036
8 0.989629 0.0103707
8 0.987591 0.0124095
8 0.999837 0.000162938
8 0.998697 0.00130319
8 0.833512 0.166488
8 0.962751 0.0372487
8 0.705827 0.294173
5 6.74402e-05 0.999933
8 0.997864 0.002136
8 0.998946 0.00105378
8 0.999997 3.0936e-06
8 0.699293 0.300707
5 0.00020625 0.999794
8 0.998073 0.00192738
5 0.00469325 0.995307
8 0.879339 0.120661
8 0.993451 0.00654885
5 0.00588967 0.99411
8 0.982363 0.0176369
5 0.167911 0.832089
8 0.931868 0.0681318
5 0.07717 0.92283
8 0.998765 0.0012351
5 0.0781796 0.92182
8 0.95552 0.0444804
5 0.000221598 0.999778
8 0.915169 0.0848314
8 0.510344 0.489656
8 0.999859 0.000141256
5 0.293974 0.706026
8 1 1.20313e-07
5 0.00878536 0.991215
5 5.89282e-05 0.999941
5 0.0859715 0.914029
5 0.0133355 0.986665
8 0.925569 0.0744314
5 2.77626e-05 0.999972
8 0.994935 0.00506481
8 0.593139 0.406861
8 0.996777 0.00322321
8 0.998362 0.00163751
8 0.954556 0.0454436
8 0.967559 0.0324408
5 1.81217e-05 0.999982
5 5.21339e-05 0.999948
8 0.921816 0.0781836
8 0.999307 0.000692746
8 0.998319 0.00168125
8 0.997161 0.00283871
5 0.332435 0.667565
8 0.993748 0.00625182
5 1.22706e-05 0.999988
5 0.159788 0.840212
8 0.996541 0.00345877
5 0.206773 0.793227
8 0.819122 0.180878
8 0.805005 0.194995
8 0.848654 0.151346
8 0.974331 0.0256687
8 0.999997 3.20598e-06
8 0.999999 1.04957e-06
8 0.991438 0.00856175
8 0.993442 0.00655803
8 0.998615 0.00138528
5 0.000227752 0.999772
5 0.00206983 0.99793
5 1e-07 1
8 0.835268 0.164732
8 1 1.57473e-07
8 0.84575 0.15425
8 0.973936 0.0260638
8 0.934094 0.065906
5 7.43903e-05 0.999926
5 0.0186693 0.981331
5 0.000124947 0.999875
8 0.99693 0.00307028
8 0.767128 0.232872
5 0.0107067 0.989293
5 0.291446 0.708554
8 0.890543 0.109457
5 2.01099e-05 0.99998
8 0.999947 5.3362e-05
5 0.0173283 0.982672
5 1e-07 1
8 0.998383 0.00161743
8 0.993178 0.00682222
5 0.0105887 0.989411
8 0.567716 0.432284
8 0.999979 2.08703e-05
5 0.00662225 0.993378
8 0.710519 0.289481
5 5.23418e-05 0.999948
8 0.986386 0.0136145
5 0.000535982 0.999464
5 0.00227064 0.997729
8 0.975924 0.0240755
8 0.994053 0.00594704
8 0.984838 0.0151622
8 0.971888 0.0281118
8 0.714315 0.285685
8 0.999138 0.000862107
8 0.995043 0.00495749
5 0.000394446 0.999606
8 0.994379 0.00562056
8 0.726463 0.273537
8 0.993371 0.00662931
8 0.995267 0.00473276
5 0.28751 0.71249
5 0.000253394 0.999747
5 0.000470236 0.99953
8 0.998259 0.00174066
5 0.0920474 0.907953
5 1e-07 1
5 0.00385572 0.996144
8 0.992797 0.00720297
5 2.25781e-06 0.999998
8 0.983815 0.0161852
5 0.0829537 0.917046
8 0.999903 9.73961e-05
5 2.42118e-05 0.999976
8 0.997717 0.00228301
8 0.98287 0.0171301
8 0.991795 0.00820495
8 0.983808 0.016192
5 0.00470689 0.995293
8 0.921232 0.0787677
8 0.960931 0.0390691
8 0.884228 0.115772
8 0.783143 0.216857
8 0.994389 0.00561119
8 0.982904 0.017096
8 0.992757 0.00724335
8 0.976439 0.0235611
5 6.14857e-05 0.999939
5 0.0845158 0.915484
5 0.00410156 0.995898
5 0.368845 0.631155
5 0.00798791 0.992012
5 1.9149e-05 0.999981
5 2.87054e-05 0.999971
8 0.705597 0.294403
8 0.999997 3.01368e-06
8 0.987711 0.0122887
8 0.98369 0.0163101
8 0.99387 0.00612975
8 0.771823 0.228177
5 0.000260778 0.999739
5 0.0357631 0.964237
5 0.00125017 0.99875
5 3.8516e-05 0.999961
8 0.983589 0.0164107
8 0.993466 0.0065336
5 3.52924e-07 1
8 0.867214 0.132786
8 0.986222 0.013778
8 0.999996 4.28689e-06
8 0.999998 2.32421e-06
5 0.22049 0.77951
8 0.999997 2.75708e-06
8 0.999899 0.000101461
8 0.970732 0.0292676
8 0.969498 0.0305022
5 0.0528199 0.94718
5 0.0293731 0.970627
8 0.982124 0.0178756
8 0.999994 6.03378e-06
5 0.292712 0.707288
5 0.23694 0.76306
5 0.00837208 0.991628
8 0.949546 0.0504539
8 0.999988 1.19098e-05
5 0.00118742 0.998813
8 0.749476 0.250524
5 0.000544926 0.999455
8 0.984338 0.0156621
8 1 1e-07
5 0.014504 0.985496
8 0.999996 4.35081e-06
8 0.990383 0.00961712
5 8.33964e-05 0.999917
5 0.44178 0.55822
5 0.0489059 0.951094
8 0.995839 0.0041609
8 0.976882 0.0231183
8 0.96176 0.0382397
8 0.999995 5.02005e-06
8 0.999192 0.000808499
8 0.998001 0.0019985
8 0.609439 0.390561
8 1 2.67444e-07
8 0.997691 0.00230919
8 0.988836 0.0111636
5 0.038555 0.961445
5 0.0363101 0.96369
8 0.852107 0.147893
8 0.864721 0.135279
8 0.983699 0.0163014
5 0.414681 0.585319
8 0.981804 0.0181961
5 0.0137508 0.986249
8 0.993438 0.00656183
5 0.226922 0.773078
5 0.00148565 0.998514
5 0.489997 0.510003
8 0.989022 0.0109785
5 0.000125246 0.999875
5 9.09342e-05 0.999909
5 0.0332874 0.966713
8 0.916678 0.0833216
8 0.776062 0.223938
8 0.988023 0.0119774
8 0.99999 1.02629e-05
5 0.00103479 0.998965
5 0.178621 0.821379
5 0.231578 0.768422
8 1 1.80289e-07
8 0.781862 0.218138
8 0.923283 0.0767169
8 0.999668 0.00033177
8 0.99099 0.00901027
5 0.000397478 0.999603
8 0.978787 0.0212133
8 0.716581 0.283419
5 0.00344509 0.996555
8 0.998331 0.00166903
8 0.991163 0.00883745
8 0.956987 0.0430126
5 0.480368 0.519632
5 0.000156418 0.999844
8 0.651063 0.348937
8 0.998005 0.00199455
8 0.999972 2.75579e-05
8 0.998571 0.00142942
8 0.984025 0.0159746
5 1.44607e-07 1
8 0.976507 0.023493
8 0.983907 0.0160931
8 0.998377 0.00162314
8 0.983704 0.0162955
5 0.370396 0.629604
8 0.998797 0.00120294
8 0.751905 0.248095
8 0.999997 2.83729e-06
8 0.88727 0.11273
8 0.906654 0.0933462
8 0.994197 0.00580263
5 0.121833 0.878167
8 0.990699 0.00930121
8 0.887594 0.112406
8 0.894106 0.105894
5 0.000682226 0.999318
8 0.999976 2.38205e-05
8 0.982841 0.0171587
5 0.0376804 0.96232
8 0.81131 0.18869
8 0.987341 0.0126591
5 1e-07 1
8 0.999813 0.000187156
8 0.955183 0.0448173
5 0.000290608 0.999709
5 0.0173257 0.982674
5 0.00336422 0.996636
5 0.471254 0.528746
8 0.99399 0.00601034
8 0.95785 0.0421505
5 0.000165552 0.999834
8 0.992993 0.00700688
8 0.75957 0.24043
8 0.784546 0.215454
5 0.0142867 0.985713
5 0.0135059 0.986494
8 0.863131 0.136869
8 0.999909 9.06541e-05
8 0.979936 0.0200642
8 0.987712 0.0122878
8 0.982447 0.0175531
8 0.502553 0.497447
5 1e-07 1
5 0.0299116 0.970088
5 0.0583874 0.941613
5 0.000539752 0.99946
8 0.990914 0.0090856
8 0.975378 0.0246223
8 0.988245 0.0117547
8 0.990075 0.00992457
5 0.00549942 0.994501
8 0.987937 0.0120626
8 0.999991 8.76982e-06
5 0.000348904 0.999651
8 0.885612 0.114388
5 0.388247 0.611753
8 0.999035 0.000965496
5 0.000257482 0.999743
5 0.000205779 0.999794
5 0.0213531 0.978647
5 0.0531248 0.946875
8 0.991402 0.00859758
8 0.989441 0.0105592
5 7.22847e-06 0.999993
5 0.0966209 0.903379
8 0.998868 0.00113229
8 0.998534 0.00146584
8 0.976213 0.0237871
8 0.782194 0.217806
8 0.580455 0.419545
5 6.8977e-07 0.999999
8 0.985641 0.0143585
8 0.905524 0.0944765
8 0.989405 0.0105945
5 0.379258 0.620742
8 0.985166 0.0148337
8 0.979329 0.0206713
5 0.0537676 0.946232
8 0.561685 0.438315
8 0.892653 0.107347
8 0.957948 0.0420519
5 0.000211079 0.999789
8 0.997944 0.00205583
8 0.989366 0.0106337
8 0.999012 0.000988361
8 0.993263 0.00673668
8 0.544177 0.455823
5 0.348229 0.651771
5 2.78743e-05 0.999972
5 2.35896e-06 0.999998
5 0.000626629 0.999373
8 0.998183 0.00181687
5 0.00685385 0.993146
8 0.99688 0.00311959
5 0.485787 0.514213
8 0.999847 0.000153068
8 0.992989 0.00701103
5 0.237228 0.762772
5 0.330737 0.669263
8 0.999838 0.000162253
8 0.941384 0.0586159
8 0.532944 0.467056
8 0.999974 2.57896e-05
8 0.991047 0.00895329
5 0.00979077 0.990209
8 0.999344 0.000656361
5 3.83655e-07 1
8 0.981981 0.018019
8 0.99854 0.00145984
5 0.224476 0.775524
5 0.000282699 0.999717
8 0.997382 0.00261799
8 0.951905 0.0480947
8 0.999997 2.79785e-06
5 6.58866e-05 0.999934
5 0.000111583 0.999888
8 0.999549 0.000450935
8 0.999761 0.000239442
5 7.90115e-05 0.999921
5 0.00016311 0.999837
8 0.995441 0.00455924
8 0.996152 0.00384791
8 0.978217 0.0217831
5 0.000176203 0.999824
8 0.744244 0.255756
8 0.878451 0.121549
8 0.972486 0.0275137
5 0.464855 0.535145
8 0.948958 0.0510418
8 0.993634 0.00636555
8 0.981733 0.0182667
8 0.998278 0.00172194
5 0.260493 0.739507
8 0.99497 0.00502973
8 0.999883 0.000117415
5 0.0261654 0.973835
5 0.00848634 0.991514
8 0.996979 0.00302091
8 0.982502 0.0174977
5 0.0426597 0.95734
5 1e-07 1
5 0.000627154 0.999373
8 0.997508 0.00249246
5 1.98916e-06 0.999998
8 0.942036 0.0579643
8 0.963135 0.0368654
8 0.999996 4.14264e-06
8 0.975193 0.0248067
8 0.980876 0.0191243
5 0.014087 0.985913
8 0.95085 0.0491504
5 0.355981 0.644019
8 0.556262 0.443738
8 0.854226 0.145774
8 0.999842 0.000157558
8 0.99925 0.000749519
5 1.62618e-05 0.999984
8 0.984848 0.0151524
5 0.16961 0.83039
8 0.999999 8.36609e-07
5 0.00773802 0.992262
5 0.000788663 0.999211
5 0.00643976 0.99356
8 0.984142 0.0158577
8 1 1e-07
5 1e-07 1
5 0.00072883 0.999271
5 0.00851523 0.991485
5 0.00110173 0.998898
8 0.999778 0.000221926
8 0.934138 0.0658622
8 0.804226 0.195774
8 0.931637 0.0683629
5 0.00271074 0.997289
8 0.63163 0.36837
5 3.84406e-05 0.999962
8 0.996525 0.00347501
8 0.991414 0.00858572
8 0.996301 0.00369898
8 0.9987 0.0013005
5 0.112278 0.887722
8 0.997092 0.00290825
8 1 1e-07
8 0.987593 0.0124067
8 0.999559 0.000440807
8 0.663035 0.336965
8 0.866535 0.133465
8 0.521114 0.478886
8 0.852119 0.147881
8 0.999729 0.000271137
8 0.826713 0.173287
8 0.875646 0.124354
5 0.00179695 0.998203
5 0.000929336 0.999071
8 0.982549 0.0174505
5 0.000923236 0.999077
8 0.991583 0.00841705
8 0.999998 1.57791e-06
8 0.999997 3.35307e-06
8 0.915337 0.0846635
5 0.00402598 0.995974
5 0.00164579 0.998354
8 0.993577 0.00642252
5 0.163596 0.836404
8 0.941493 0.0585068
8 0.999463 0.0005375
5 0.000834164 0.999166
8 0.931609 0.0683914
8 0.982837 0.0171632
8 0.995912 0.00408823
8 0.967476 0.0325245
8 0.989656 0.0103441
8 0.98841 0.0115897
8 0.984431 0.0155687
8 0.998447 0.00155285
8 0.910252 0.0897484
5 0.00474037 0.99526
8 0.999999 8.63153e-07
8 0.981007 0.0189927
8 0.680351 0.319649
8 0.983579 0.0164208
8 0.849083 0.150917
8 0.97806 0.0219396
5 0.0304807 0.969519
8 0.994062 0.00593795
8 0.987145 0.0128552
8 0.999624 0.000375869
5 0.0103411 0.989659
5 0.365104 0.634896
8 0.999945 5.53943e-05
8 0.790125 0.209875
5 0.00503548 0.994965
8 0.999326 0.000674333
8 0.980293 0.0197066
5 0.48189 0.51811
8 0.930393 0.0696072
8 0.999981 1.91792e-05
5 1e-07 1
8 0.993605 0.00639516
8 0.985282 0.0147182
8 0.999999 1.10938e-06
5 6.09797e-05 0.999939
8 0.767611 0.232389
8 0.942727 0.0572727
8 0.989528 0.0104721
5 0.101641 0.898359
5 0.0136242 0.986376
8 0.97752 0.0224795
8 0.591483 0.408517
8 0.736817 0.263183
8 0.999999 6.01237e-07
8 0.986235 0.0137654
8 0.997797 0.00220289
8 0.998321 0.00167921
8 0.998617 0.00138346
8 0.658576 0.341424
8 0.986287 0.0137127
5 0.0080529 0.991947
8 0.859006 0.140994
8 0.999648 0.000352328
5 0.0127827 0.987217
5 0.0173788 0.982621
5 0.440544 0.559456
8 0.99618 0.00381988
8 0.989217 0.0107832
5 0.000359582 0.99964
8 0.980073 0.0199274
5 3.0597e-05 0.999969
8 0.924407 0.0755935
5 0.00294963 0.99705
8 0.98862 0.01138
8 0.987624 0.0123763
8 0.982054 0.0179457
8 0.982302 0.017698
8 0.999989 1.10432e-05
8 0.991505 0.00849473
8 0.990249 0.00975057
8 0.998469 0.00153142
8 0.996307 0.00369272
8 0.999975 2.49748e-05
5 5.76804e-06 0.999994
8 0.905618 0.0943817
8 0.987259 0.0127405
8 0.997138 0.00286213
8 0.973599 0.0264011
8 0.998665 0.00133492
8 0.999302 0.000697848
8 0.993117 0.00688344
5 1.18508e-05 0.999988
8 0.972948 0.0270519
5 8.21981e-06 0.999992
8 0.999544 0.000455641
8 0.986351 0.0136492
5 0.140497 0.859503
8 0.984311 0.0156893
5 7.68424e-07 0.999999
8 0.993882 0.00611791
5 0.0099256 0.990074
5 0.086814 0.913186
5 4.18564e-05 0.999958
8 0.983985 0.0160153
8 0.999889 0.000111086
5 0.000150334 0.99985
8 0.985032 0.0149679
5 1.41376e-05 0.999986
5 0.157618 0.842382
8 0.999403 0.00059725
5 0.184574 0.815426
5 0.0102198 0.98978
5 0.00972426 0.990276
5 0.0339889 0.966011
8 0.952914 0.0470858
5 0.0214649 0.978535
8 0.9785 0.0215002
8 0.945124 0.0548755
8 0.985436 0.0145636
8 0.988244 0.011756
8 0.517267 0.482733
8 0.990588 0.00941241
8 0.992083 0.00791654
8 0.636261 0.363739
5 0.220015 0.779985
5 0.0776294 0.922371
8 0.999639 0.000360795
8 0.980733 0.0192674
8 0.965559 0.0344405
8 0.998671 0.00132854
8 0.994645 0.00535549
8 1 1.52812e-07
8 0.998377 0.00162262
5 1.97369e-05 0.99998
8 0.875668 0.124332
8 0.996794 0.00320648
8 0.988555 0.0114447
5 0.145922 0.854078
8 0.779008 0.220992
8 0.997536 0.00246406
5 1e-07 1
8 0.999999 5.95984e-07
5 0.00302374 0.996976
8 0.999463 0.000537218
8 0.905522 0.094478
8 0.520874 0.479126
5 0.000243063 0.999757
8 0.999013 0.00098659
5 0.469963 0.530037
8 0.999999 6.12438e-07
8 0.998058 0.00194202
8 0.99703 0.00297014
5 2.14008e-05 0.999979
8 0.962666 0.0373341
8 0.992882 0.00711833
5 0.000202217 0.999798
8 0.988387 0.0116134
8 0.993943 0.00605708
5 0.000745367 0.999255
5 0.133261 0.866739
8 0.99027 0.00972996
8 0.607383 0.392617
8 0.983758 0.0162417
5 0.258051 0.741949
8 0.940717 0.0592826
5 1.87687e-05 0.999981
8 0.977329 0.0226707
5 3.91552e-07 1
8 0.906268 0.0937323
8 0.977779 0.0222214
8 0.999256 0.000744374
5 0.000149214 0.999851
5 5.85582e-05 0.999941
5 0.00225884 0.997741
8 0.983746 0.0162544
8 0.980533 0.0194667
5 0.00089469 0.999105
8 0.927594 0.0724065
8 0.748304 0.251696
8 0.813812 0.186188
8 0.934577 0.0654234
8 0.96969 0.0303099
8 0.865257 0.134743
8 0.994648 0.00535237
5 0.418255 0.581745
5 0.00140204 0.998598
5 0.000244617 0.999755
5 4.94096e-05 0.999951
8 0.996562 0.00343769
8 0.976084 0.0239161
8 0.999998 1.81637e-06
5 0.486915 0.513085
5 0.00067914 0.999321
8 0.998805 0.00119487
8 0.979769 0.0202312
8 0.963599 0.036401
5 0.00131411 0.998686
8 0.992189 0.00781106
5 0.0516958 0.948304
8 0.849385 0.150615
8 0.983623 0.0163771
5 0.0941945 0.905805
8 0.988714 0.0112858
5 0.343922 0.656078
8 0.99691 0.0030905
5 0.0958292 0.904171
8 0.999094 0.000906338
8 0.989008 0.0109925
8 0.9238 0.0761995
8 0.995832 0.00416767
5 2.16935e-07 1
5 0.00979804 0.990202
8 0.675921 0.324079
8 0.99596 0.00403972
8 0.82246 0.17754
8 0.998223 0.00177682
8 1 1e-07
5 0.374599 0.625401
8 0.995698 0.00430176
8 0.998898 0.0011017
8 0.942955 0.0570452
5 4.86462e-06 0.999995
8 0.998754 0.00124575
8 0.793521 0.206479
8 0.94355 0.0564505
8 0.982859 0.0171408
5 3.96019e-05 0.99996
8 0.999574 0.000425832
8 0.976701 0.0232989
8 0.985108 0.0148922
8 0.999973 2.65801e-05
5 0.230073 0.769927
8 0.996547 0.00345327
8 0.894133 0.105867
5 0.367739 0.632261
5 0.0868378 0.913162
8 0.999551 0.000448729
8 0.995192 0.00480822
8 0.992994 0.00700582
8 0.99993 6.99368e-05
8 0.99802 0.00198007
5 0.247249 0.752751
8 0.999915 8.49607e-05
5 0.0021168 0.997883
5 0.0126891 0.987311
8 1 1e-07
8 0.994703 0.00529744
5 7.02831e-06 0.999993
8 0.914558 0.0854424
5 0.0224492 0.977551
8 0.934739 0.0652611
8 0.801651 0.198349
5 0.0756722 0.924328
8 0.999535 0.000464874
8 0.999993 6.68415e-06
5 0.000682822 0.999317
8 0.593673 0.406327
8 0.97177 0.0282298
5 0.00313347 0.996867
8 0.846799 0.153201
8 0.998276 0.00172399
8 0.975819 0.0241811
5 0.00103287 0.998967
5 0.00146674 0.998533
8 0.995339 0.00466142
8 0.98523 0.0147697
8 0.999917 8.33754e-05
5 0.0143999 0.9856
8 0.988572 0.0114282
8 0.824026 0.175974
8 0.954772 0.0452276
8 0.999196 0.00080447
8 0.999244 0.000756299
8 0.935219 0.0647811
8 0.99965 0.000349835
5 0.000901559 0.999098
8 0.988951 0.0110489
5 0.00203594 0.997964
8 0.96204 0.0379601
8 0.999107 0.000893363
8 0.984824 0.015176
8 0.889041 0.110959
5 1.228e-05 0.999988
5 1e-07 1
8 0.990013 0.00998687
8 0.866027 0.133973
8 0.995111 0.00488911
8 0.999995 4.66631e-06
5 0.00425313 0.995747
5 0.0204022 0.979598
8 0.98923 0.0107698
8 0.998285 0.0017153
8 0.982494 0.0175056
5 0.365719 0.634281
5 2.13507e-05 0.999979
5 2.0379e-07 1
5 0.00139584 0.998604
8 0.996707 0.00329261
8 0.999919 8.10199e-05
5 0.254732 0.745268
8 0.999902 9.8288e-05
5 0.0111041 0.988896
8 0.897669 0.102331
8 0.976453 0.0235474
8 0.980307 0.0196932
8 0.971037 0.0289627
8 0.945041 0.0549586
8 0.995709 0.00429133
8 0.993801 0.00619879
5 0.0504714 0.949529
5 1e-07 1
8 0.999999 1.20407e-06
8 0.899724 0.100276
8 0.941141 0.0588587
8 0.996428 0.00357241
8 0.955192 0.0448081
5 1.51458e-07 1
8 0.952785 0.0472153
5 0.0555074 0.944493
8 0.858778 0.141222
5 0.000540777 0.999459
8 0.999262 0.000737878
8 0.979102 0.0208983
8 0.98131 0.0186895
8 0.8342 0.1658
8 0.989648 0.0103523
8 0.996258 0.00374211
8 0.984614 0.0153862
8 0.998209 0.00179143
8 0.999124 0.000875784
8 0.975873 0.0241268
5 0.00186228 0.998138
8 0.991171 0.00882934
5 0.00113319 0.998867
8 0.971543 0.0284568
8 0.999997 2.9226e-06
8 0.954503 0.0454969
5 0.0441735 0.955826
8 0.997758 0.00224247
5 0.0551464 0.944854
5 7.94745e-06 0.999992
8 0.998442 0.00155761
8 0.883862 0.116138
8 0.983656 0.0163439
8 0.989787 0.0102133
8 0.718253 0.281747
8 0.919969 0.0800315
8 0.878536 0.121464
5 1e-07 1
5 3.49285e-07 1
5 0.102606 0.897394
8 0.961216 0.0387844
8 0.998327 0.00167306
8 0.995806 0.00419425
8 0.999456 0.000543802
8 0.987298 0.0127017
5 0.0173152 0.982685
8 0.984935 0.0150646
8 0.994774 0.00522562
5 0.000549115 0.999451
5 0.0047024 0.995298
8 1 1e-07
8 0.986106 0.0138941
8 0.691447 0.308553
8 0.99851 0.00148979
5 0.118366 0.881634
8 0.847356 0.152644
5 0.0639404 0.93606
8 0.988572 0.0114278
8 0.714866 0.285134
5 0.0233939 0.976606
8 0.784866 0.215134
8 0.992586 0.00741399
5 0.000642483 0.999358
5 6.44915e-06 0.999994
5 1.84052e-07 1
5 9.96872e-07 0.999999
5 0.000575894 0.999424
5 0.0271261 0.972874
8 0.999276 0.000724293
8 0.99529 0.00471017
8 0.994219 0.00578135
8 0.896993 0.103007
5 1e-07 1
8 0.940456 0.0595442
8 0.98944 0.0105605
8 0.936302 0.0636978
5 0.0304026 0.969597
8 0.973899 0.0261008
8 0.993305 0.00669545
5 1.48658e-05 0.999985
5 0.0007222 0.999278
5 3.41645e-05 0.999966
5 0.0188686 0.981131
8 1 1e-07
5 0.233971 0.766029
8 0.983998 0.0160024
8 0.675388 0.324612
5 0.000594569 0.999405
8 0.719818 0.280182
5 0.0366783 0.963322
8 0.970343 0.0296567
5 0.142243 0.857757
8 0.987345 0.012655
8 0.980024 0.0199763
5 0.123387 0.876613
5 0.00154023 0.99846
8 0.965916 0.0340838
8 0.996326 0.00367351
5 0.0323346 0.967665
8 0.999059 0.000940552
5 0.142036 0.857964
5 7.92571e-05 0.999921
5 4.52052e-05 0.999955
5 6.06212e-06 0.999994
8 0.988102 0.0118976
8 0.991788 0.00821215
5 1e-07 1
8 0.978639 0.0213612
8 0.999682 0.000317698
5 0.00113917 0.998861
5 0.000239028 0.999761
5 0.000255069 0.999745
8 0.995549 0.00445098
8 0.986093 0.0139071
5 0.0108341 0.989166
5 0.000725055 0.999275
8 0.987156 0.012844
8 0.992927 0.0070726
8 0.994836 0.00516442
8 0.99654 0.00346039
5 0.00406332 0.995937
8 0.998525 0.00147511
8 0.841534 0.158466
5 0.00382943 0.996171
8 0.999982 1.82074e-05
5 0.0064526 0.993547
8 0.981777 0.0182226
8 0.987468 0.0125317
5 0.228099 0.771901
8 0.985882 0.0141182
5 0.185462 0.814538
5 0.0441381 0.955862
8 0.573357 0.426643
8 0.748672 0.251328
8 0.917135 0.0828652
8 0.994857 0.00514258
8 0.976389 0.0236105
8 0.931739 0.0682605
5 0.0369759 0.963024
5 5.04139e-05 0.99995
5 3.75603e-05 0.999962
8 0.708172 0.291828
8 0.552203 0.447797
5 0.00136675 0.998633
8 0.949018 0.0509822
8 0.910944 0.0890561
5 0.0672003 0.9328
8 0.944812 0.0551884
5 0.00100579 0.998994
8 0.999245 0.000755003
8 0.984458 0.0155424
8 0.976314 0.0236865
8 0.984326 0.0156737
8 0.999368 0.000632254
8 0.994398 0.00560235
8 0.975743 0.0242565
5 0.318934 0.681066
8 0.795581 0.204419
8 0.995577 0.00442262
5 0.00522241 0.994778
5 0.131007 0.868993
8 0.999997 3.25875e-06
8 0.98516 0.0148399
8 0.908457 0.0915431
8 0.995334 0.00466639
5 0.062402 0.937598
5 0.00844099 0.991559
8 0.79798 0.20202
5 0.0557785 0.944222
8 0.983362 0.016638
8 0.89244 0.10756
8 0.984433 0.0155674
8 0.992948 0.00705195
8 0.961379 0.038621
8 0.986158 0.0138421
8 0.999981 1.91941e-05
5 2.35376e-05 0.999976
5 0.048595 0.951405
8 0.569945 0.430055
8 0.997532 0.00246777
5 0.00354352 0.996456
8 0.992855 0.00714491
5 4.12664e-05 0.999959
5 0.0029182 0.997082
5 0.00181922 0.998181
8 0.987573 0.0124275
5 0.29328 0.70672
8 0.987246 0.0127542
5 1e-07 1
8 0.948996 0.0510036
5 0.0650437 0.934956
8 0.517715 0.482285
8 0.975083 0.0249174
8 0.992233 0.00776721
5 0.38196 0.61804
8 0.907566 0.0924337
8 0.998991 0.00100897
8 0.998229 0.00177086
8 0.879489 0.120511
5 4.40036e-06 0.999996
8 0.996575 0.00342456
5 0.00624215 0.993758
8 0.846821 0.153179
8 0.862183 0.137817
8 0.999406 0.000593546
8 0.993435 0.00656512
5 0.201833 0.798167
8 0.990488 0.00951214
5 5.81183e-07 0.999999
8 0.711809 0.288191
8 0.942225 0.0577753
8 0.999956 4.38606e-05
8 0.996384 0.00361584
8 0.986399 0.0136008
8 0.99993 7.0281e-05
8 0.96894 0.0310603
8 0.736145 0.263855
8 0.97935 0.0206504
8 0.679041 0.320959
5 0.0542662 0.945734
8 0.997183 0.00281677
8 0.989846 0.010154
8 0.857384 0.142616
5 0.0665792 0.933421
8 0.999145 0.000855435
5 0.000396134 0.999604
5 0.00124874 0.998751
8 0.982848 0.0171524
8 0.999191 0.000808919
8 0.984354 0.0156456
8 0.790317 0.209683
8 0.983977 0.0160225
8 0.832612 0.167388
8 0.987188 0.012812
8 0.97802 0.0219804
8 0.99547 0.00452951
8 0.886115 0.113885
8 0.870189 0.129811
8 0.872677 0.127323
8 0.988944 0.011056
5 0.0144708 0.985529
8 0.997301 0.00269867
8 0.993056 0.00694433
8 0.992797 0.00720266
8 0.997322 0.00267832
8 0.95337 0.0466299
8 0.997713 0.00228709
5 1e-07 1
8 0.955144 0.0448565
8 0.997208 0.00279234
5 0.0948146 0.905185
8 0.975197 0.0248027
8 0.995194 0.00480604
8 0.995156 0.00484394
5 0.0139199 0.98608
8 0.996762 0.00323822
5 5.77849e-07 0.999999
5 0.334014 0.665986
8 0.833446 0.166554
5 0.00122282 0.998777
5 5.88654e-06 0.999994
8 0.980798 0.0192017
8 0.984786 0.0152141
8 0.913533 0.0864669
8 0.713104 0.286896
5 1.87881e-06 0.999998
8 0.987749 0.0122506
8 0.971222 0.0287776
8 0.83006 0.16994
8 0.550809 0.449191
8 0.785596 0.214404
8 0.999945 5.47783e-05
5 0.0131617 0.986838
5 0.00012486 0.999875
8 0.987554 0.0124462
8 0.995222 0.0047783
8 0.99996 4.04491e-05
8 0.889987 0.110013
5 0.00207424 0.997926
8 0.900065 0.0999347
8 0.916261 0.0837387
8 0.985613 0.0143867
8 0.946916 0.0530837
5 0.0415552 0.958445
5 3.95459e-07 1
5 9.34647e-05 0.999907
8 0.986303 0.0136974
5 0.0158244 0.984176
5 0.000606037 0.999394
8 0.966808 0.0331922
8 0.993848 0.00615188
8 0.998009 0.00199118
5 3.17759e-05 0.999968
5 4.87096e-07 1
8 0.741097 0.258903
8 1 3.57542e-07
8 0.991051 0.00894878
8 0.974618 0.0253821
8 0.998875 0.00112468
8 0.999967 3.32507e-05
8 0.99885 0.00115007
5 2.07947e-07 1
8 0.998928 0.00107244
8 0.850866 0.149134
5 0.000118211 0.999882
8 0.984616 0.0153842
8 0.995311 0.00468907
8 0.972132 0.0278677
5 0.000237796 0.999762
8 0.76603 0.23397
5 0.000675816 0.999324
5 0.392329 0.607671
8 0.999973 2.74823e-05
8 0.940276 0.0597238
5 0.000807638 0.999192
8 0.977351 0.0226488
8 0.89237 0.10763
8 0.993332 0.00666807
8 0.899679 0.100321
5 0.45407 0.54593
8 0.993708 0.00629244
8 0.870535 0.129465
8 0.999958 4.17835e-05
8 0.992044 0.00795564
8 0.675346 0.324654
5 0.000173268 0.999827
8 0.997456 0.002544
8 0.782822 0.217178
8 0.999481 0.00051898
5 0.0620456 0.937954
8 0.998412 0.0015879
8 0.717456 0.282544
8 0.999972 2.82452e-05
8 0.804106 0.195894
8 0.999998 1.94334e-06
8 0.980547 0.0194527
8 0.995632 0.00436849
5 0.0869112 0.913089
5 0.337014 0.662986
8 0.992293 0.00770706
8 0.937238 0.0627621
8 0.916463 0.0835365
5 9.06208e-06 0.999991
8 0.999999 1.37424e-06
8 0.999916 8.41197e-05
8 0.998598 0.00140156
5 0.441394 0.558606
8 0.979979 0.0200215
8 0.991724 0.0082761
8 0.994785 0.00521499
5 0.000329165 0.999671
5 1.79206e-05 0.999982
8 0.950677 0.0493225
8 1 1e-07
8 0.99372 0.00627962
5 2.4722e-05 0.999975
5 5.99269e-06 0.999994
8 0.98077 0.0192295
8 0.994104 0.00589563
8 0.973198 0.0268021
8 0.959066 0.0409341
5 0.0467089 0.953291
8 0.964696 0.0353044
8 0.998933 0.0010667
8 0.856631 0.143369
8 0.999426 0.000573619
5 1.68144e-07 1
8 0.992023 0.00797745
5 0.0142095 0.98579
8 0.981855 0.0181446
8 0.999992 7.71405e-06
8 0.989059 0.0109413
8 0.985226 0.0147738
8 0.999989 1.09577e-05
5 0.300203 0.699797
5 0.00196101 0.998039
8 0.660238 0.339762
8 0.999974 2.62954e-05
8 0.984762 0.0152383
8 0.995361 0.00463884
8 0.991257 0.00874275
8 0.891292 0.108708
8 0.984827 0.0151729
5 0.0792531 0.920747
5 7.65887e-06 0.999992
5 0.0587764 0.941224
5 0.0168834 0.983117
8 0.998524 0.00147636
8 0.999287 0.000712952
8 0.985981 0.014019
5 0.123332 0.876668
5 0.0186838 0.981316
8 0.998367 0.00163293
5 0.384403 0.615597
8 0.997504 0.00249636
8 0.829041 0.170959
8 0.798709 0.201291
5 0.00124047 0.99876
8 0.967577 0.0324229
5 0.25626 0.74374
5 0.016542 0.983458
5 0.000234445 0.999766
8 0.999872 0.000127949
8 0.981316 0.0186836
8 0.801954 0.198046
5 0.000421639 0.999578
5 1e-07 1
8 0.652339 0.347661
5 0.000152726 0.999847
8 0.997981 0.00201868
8 0.656589 0.343411
8 0.90701 0.0929898
5 1.95286e-05 0.99998
8 0.5547 0.4453
8 0.929541 0.0704586
8 0.999418 0.000582068
5 1.00014e-06 0.999999
8 0.990764 0.00923635
5 9.93369e-05 0.999901
8 0.922283 0.0777174
8 0.994648 0.00535206
8 0.996672 0.00332766
8 0.999601 0.000398928
5 0.0546055 0.945394
8 0.794612 0.205388
5 0.000245956 0.999754
8 0.994491 0.00550928
5 0.464431 0.535569
8 0.871531 0.128469
5 0.029024 0.970976
8 0.977525 0.0224753
8 0.580172 0.419828
8 0.999741 0.000258734
8 0.999998 1.83376e-06
8 0.999994 5.68284e-06
5 4.8749e-06 0.999995
5 0.40892 0.59108
5 0.00102859 0.998971
5 0.12387 0.87613
8 0.929649 0.0703514
5 0.086544 0.913456
5 0.00329747 0.996703
8 0.656324 0.343676
8 0.98028 0.0197199
8 0.999898 0.000102307
8 0.993406 0.00659391
8 0.903037 0.0969633
5 0.000501709 0.999498
8 0.951962 0.0480377
8 0.980632 0.0193681
5 0.000931353 0.999069
8 0.979978 0.0200215
8 0.994858 0.00514154
8 0.98599 0.0140098
8 0.999107 0.000893368
5 0.0106663 0.989334
5 0.0355367 0.964463
8 0.990604 0.0093958
8 0.906557 0.093443
5 0.0561626 0.943837
8 0.975475 0.0245249
8 0.502621 0.497379
5 0.26349 0.73651
8 0.999598 0.000402328
8 0.999989 1.11267e-05
5 0.00192399 0.998076
8 0.985225 0.0147748
5 0.432512 0.567488
8 0.968769 0.0312306
8 0.9365 0.0635003
8 0.992898 0.00710236
8 0.999705 0.000295427
8 0.996111 0.0038895
8 0.989362 0.0106377
8 0.999052 0.000947893
5 0.00201765 0.997982
8 0.994107 0.00589311
5 0.0349027 0.965097
5 1e-07 1
5 2.45059e-05 0.999975
8 0.786004 0.213996
5 0.0151485 0.984851
5 0.0018767 0.998123
8 0.977646 0.0223537
8 0.918121 0.0818789
8 0.999889 0.000110587
8 0.988982 0.0110183
8 0.89735 0.10265
8 0.973725 0.0262754
8 0.996497 0.00350349
8 0.998455 0.00154487
5 2.91729e-05 0.999971
8 0.956559 0.0434407
5 3.71953e-05 0.999963
5 0.342043 0.657957
8 0.929951 0.0700489
5 8.93e-05 0.999911
5 0.251166 0.748834
5 0.230173 0.769827
8 0.990987 0.00901293
8 0.758038 0.241962
5 2.23512e-05 0.999978
5 9.66447e-06 0.99999
8 0.999992 8.2586e-06
8 0.63695 0.36305
5 1.55432e-07 1
8 0.961075 0.038925
8 1 1e-07
8 0.998124 0.00187552
8 0.913464 0.0865356
8 0.994154 0.00584555
8 0.687153 0.312847
8 0.973537 0.0264632
8 0.80882 0.19118
8 0.997842 0.00215818
8 0.999995 4.78489e-06
5 0.156328 0.843672
5 8.95778e-06 0.999991
5 3.64698e-06 0.999996
5 0.461325 0.538675
8 0.862246 0.137754
8 0.99776 0.00223991
8 0.92975 0.0702501
5 3.52473e-05 0.999965
5 0.196607 0.803393
5 0.00148468 0.998515
5 1.74088e-05 0.999983
8 0.976729 0.0232709
8 0.999374 0.00062572
5 0.467274 0.532726
8 0.919302 0.0806976
8 0.998994 0.00100582
8 0.974799 0.0252007
5 9.0388e-05 0.99991
8 0.996255 0.00374546
8 0.862594 0.137406
5 2.8278e-06 0.999997
8 0.990899 0.00910054
5 9.13937e-07 0.999999
8 0.994705 0.00529528
8 0.999872 0.000128439
8 0.999999 1.06368e-06
5 4.88151e-07 1
8 0.993117 0.00688255
5 0.00146239 0.998538
5 0.00670266 0.993297
8 0.970389 0.0296111
5 0.0662841 0.933716
8 0.989337 0.0106628
8 0.993391 0.00660935
8 0.99359 0.00641046
5 0.00213179 0.997868
5 8.3193e-05 0.999917
8 0.996178 0.00382176
8 0.989031 0.0109693
5 2.52036e-05 0.999975
5 0.472585 0.527415
8 1 1e-07
8 0.994878 0.00512241
8 0.987093 0.012907
5 0.0482514 0.951749
5 1.23852e-07 1
8 0.765166 0.234834
8 0.988429 0.0115713
8 0.995797 0.0042034
8 0.978558 0.0214421
8 0.995512 0.0044882
5 1e-07 1
5 0.00410066 0.995899
5 0.00170724 0.998293
8 0.99998 1.97836e-05
8 0.95678 0.0432204
5 0.00056315 0.999437
5 0.00214031 0.99786
8 0.628227 0.371773
5 0.00316929 0.996831
5 5.61597e-06 0.999994
8 0.994766 0.00523385
8 0.999072 0.000927633
8 0.985099 0.0149012
5 0.00517893 0.994821
8 0.863906 0.136094
5 0.0141747 0.985825
8 0.988934 0.0110665
8 0.963601 0.0363985
5 0.287822 0.712178
8 0.769919 0.230081
8 0.999788 0.000211898
8 0.962347 0.0376526
8 0.946657 0.0533427
5 0.00874064 0.991259
8 0.90367 0.0963305
8 0.997452 0.00254796
5 0.0019267 0.998073
5 2.79007e-07 1
8 0.939267 0.0607335
5 0.00208134 0.997919
5 0.437854 0.562146
5 6.79974e-06 0.999993
5 0.0204984 0.979502
5 0.00162039 0.99838
8 0.998765 0.00123541
8 0.993433 0.0065668
8 0.979313 0.0206871
8 0.92427 0.0757297
5 0.000107793 0.999892
8 0.795919 0.204081
5 6.20901e-05 0.999938
5 0.428182 0.571818
8 0.999287 0.000712848
8 0.993609 0.00639063
5 0.223374 0.776626
5 0.000744697 0.999255
8 0.965899 0.034101
8 0.924981 0.0750192
8 0.997433 0.00256703
8 0.987933 0.0120666
8 0.999995 4.77345e-06
8 0.990092 0.00990823
8 0.924415 0.0755847
5 0.282997 0.717003
5 4.1143e-05 0.999959
5 1.12777e-05 0.999989
5 3.07911e-07 1
5 1.40567e-06 0.999999
8 0.511529 0.488471
8 0.998703 0.00129748
5 0.00696501 0.993035
5 0.0339404 0.96606
5 0.443852 0.556148
5 0.232811 0.767189
8 0.998598 0.00140194
5 4.93911e-05 0.999951
8 0.993974 0.00602587
5 0.299001 0.700999
5 0.00377336 0.996227
5 0.00565091 0.994349
8 0.882674 0.117326
8 0.999691 0.000308789
8 0.99601 0.00398969
5 1.67166e-06 0.999998
8 0.998542 0.00145761
8 0.995009 0.0049909
8 0.996962 0.00303842
5 0.0554382 0.944562
8 0.994891 0.00510918
8 0.955194 0.0448058
5 0.0001132 0.999887
8 0.833765 0.166235
8 0.998412 0.00158761
8 0.999999 8.6669e-07
5 0.00256253 0.997437
5 0.190517 0.809483
5 0.0094745 0.990525
5 0.00113002 0.99887
5 0.0519347 0.948065
5 0.0275853 0.972415
8 0.998354 0.0016459
8 0.972301 0.0276989
8 0.992756 0.00724424
5 0.3918 0.6082
8 0.813836 0.186164
5 3.39554e-05 0.999966
8 0.916991 0.0830089
8 0.999997 3.25793e-06
5 1e-07 1
8 0.870578 0.129422
5 0.0119348 0.988065
5 0.000297683 0.999702
8 0.998196 0.00180425
8 0.999237 0.000763277
5 0.0671634 0.932837
8 0.980802 0.0191977
5 0.0102831 0.989717
8 0.939922 0.0600776
8 0.940387 0.0596133
8 0.986103 0.0138975
5 2.96885e-05 0.99997
8 0.910519 0.0894813
8 0.999695 0.000304517
8 0.99583 0.00417007
5 0.0435899 0.95641
8 0.992142 0.00785817
8 0.988701 0.0112992
8 0.999962 3.75258e-05
8 0.989084 0.0109161
8 0.997319 0.002681
8 0.991615 0.00838467
8 0.822148 0.177852
8 0.687745 0.312255
8 0.994239 0.0057614
8 0.722572 0.277428
5 0.000326502 0.999673
8 0.987372 0.0126282
5 0.00428902 0.995711
8 0.97626 0.0237401
8 0.997762 0.00223768
8 0.994854 0.00514594
5 2.43954e-06 0.999998
8 0.976599 0.0234013
5 0.101124 0.898876
8 0.938298 0.0617015
8 0.988273 0.0117269
8 0.982828 0.0171718
8 0.999454 0.00054619
5 0.000337976 0.999662
8 0.999943 5.67006e-05
5 5.84194e-07 0.999999
5 0.380857 0.619143
8 0.997423 0.0025775
5 0.00831424 0.991686
8 1 1e-07
5 0.000702332 0.999298
5 0.167857 0.832143
5 0.000261123 0.999739
5 1e-07 1
8 0.969081 0.0309192
8 0.977015 0.0229846
8 0.999892 0.000108229
8 0.725186 0.274814
5 0.00498003 0.99502
5 0.214451 0.785549
8 0.976668 0.023332
8 0.77966 0.22034
5 0.287131 0.712869
8 0.863229 0.136771
5 0.00664129 0.993359
8 0.936481 0.0635192
5 1.67188e-07 1
5 0.449265 0.550735
8 0.878858 0.121142
8 0.988315 0.011685
8 0.924072 0.0759276
8 0.999193 0.000806922
8 0.985922 0.014078
8 0.532123 0.467877
8 0.989544 0.0104556
5 0.040693 0.959307
8 0.65708 0.34292
8 0.927134 0.0728656
5 0.137919 0.862081
8 0.78261 0.21739
8 0.977464 0.0225364
8 0.999967 3.31151e-05
5 1.7359e-06 0.999998
8 0.991113 0.00888718
8 0.993624 0.00637559
5 0.00317898 0.996821
8 0.883966 0.116034
5 0.114469 0.885531
8 0.985034 0.0149665
8 0.99999 9.94514e-06
5 1e-07 1
8 0.983261 0.0167388
8 0.903191 0.0968094
8 0.942663 0.0573368
8 0.81169 0.18831
8 1 1e-07
8 0.99752 0.00248049
5 0.00901563 0.990984
8 1 1.45938e-07
8 0.667472 0.332528
8 0.995642 0.00435752
8 0.654016 0.345984
5 0.0166376 0.983362
8 0.811108 0.188892
8 0.993497 0.00650289
8 0.896172 0.103828
5 1e-07 1
8 0.985705 0.0142947
8 0.999983 1.66129e-05
8 0.999987 1.30929e-05
5 8.37764e-05 0.999916
8 0.997929 0.00207068
8 0.987075 0.0129249
8 0.991752 0.00824769
8 0.999998 2.21564e-06
8 0.943886 0.0561139
8 0.988186 0.0118139
8 0.98845 0.0115502
5 0.286522 0.713478
5 0.0252206 0.974779
8 0.634691 0.365309
8 0.985698 0.0143023
8 0.980213 0.0197874
5 0.00141153 0.998588
5 0.0549826 0.945017
5 1e-07 1
8 0.999981 1.89028e-05
8 0.97908 0.0209198
5 3.50991e-05 0.999965
8 0.983712 0.0162881
5 0.0305349 0.969465
8 0.992106 0.00789413
8 0.99805 0.00194951
5 0.000437228 0.999563
5 0.000484509 0.999515
5 5.90564e-07 0.999999
5 0.000441196 0.999559
5 0.00161972 0.99838
5 1.67002e-07 1
8 0.999986 1.42608e-05
8 0.995773 0.00422684
8 0.988291 0.0117087
5 1e-07 1
8 0.920609 0.079391
8 0.979895 0.0201046
8 0.999286 0.000714019
8 0.98759 0.0124097
8 0.985051 0.0149493
8 0.999591 0.000409361
5 0.000796508 0.999203
8 0.998757 0.00124265
8 0.972533 0.0274674
8 0.574891 0.425109
5 0.219131 0.780869
8 0.999991 9.15491e-06
5 0.000443639 0.999556
8 0.83875 0.16125
8 0.999999 5.56255e-07
8 0.996855 0.00314539
8 0.967215 0.0327854
8 0.984745 0.0152547
8 0.987772 0.0122276
8 0.983167 0.0168335
8 0.990727 0.0092726
8 0.981485 0.018515
5 0.00232926 0.997671
8 0.987918 0.012082
8 0.992413 0.00758712
5 0.000157133 0.999843
8 0.983605 0.0163953
8 0.999895 0.000105447
5 6.66914e-05 0.999933
5 0.00347412 0.996526
8 0.693965 0.306035
5 0.00567553 0.994324
8 0.739565 0.260435
8 0.99998 1.97448e-05
5 0.00226912 0.997731
5 0.00234391 0.997656
8 0.953569 0.0464305
8 0.972926 0.0270736
5 0.406484 0.593516
5 3.33518e-07 1
8 1 1.84869e-07
8 0.903076 0.0969237
8 0.997995 0.00200547
5 0.0118897 0.98811
5 4.74856e-05 0.999953
8 0.988402 0.0115977
8 0.992724 0.00727611
8 0.631566 0.368434
8 0.801498 0.198502
5 1.04232e-05 0.99999
8 0.997659 0.00234119
8 0.985454 0.0145465
8 0.988494 0.0115059
5 0.000321369 0.999679
8 0.994568 0.00543218
8 0.894982 0.105018
8 0.993267 0.0067327
8 1 1e-07
8 0.982568 0.017432
8 0.999999 9.64218e-07
8 0.953883 0.0461171
8 0.999941 5.85688e-05
5 0.0436773 0.956323
5 2.21223e-07 1
8 0.96958 0.0304205
5 0.363713 0.636287
8 0.999537 0.000463017
8 0.955527 0.0444733
5 1.91982e-05 0.999981
5 0.000209928 0.99979
5 1e-07 1
5 2.1607e-05 0.999978
8 0.96545 0.0345499
8 0.998506 0.00149405
8 0.998106 0.00189429
5 2.62174e-05 0.999974
8 0.682406 0.317594
5 0.134374 0.865626
5 3.96527e-05 0.99996
8 0.998342 0.00165819
8 0.98001 0.0199897
5 0.00043723 0.999563
8 0.998593 0.00140663
5 0.000572752 0.999427
8 0.979288 0.0207118
8 0.924793 0.0752073
8 0.994617 0.00538302
5 4.25616e-05 0.999957
8 0.999998 2.27672e-06
8 0.884657 0.115343
5 2.54068e-07 1
5 1.67225e-05 0.999983
8 0.956229 0.0437708
5 0.050217 0.949783
8 0.936004 0.063996
5 0.000616719 0.999383
5 0.309336 0.690664
5 0.00192629 0.998074
8 0.897212 0.102788
8 0.995306 0.0046944
5 0.00252654 0.997473
5 0.00421917 0.995781
8 0.985456 0.0145441
5 5.82168e-05 0.999942
5 0.000242073 0.999758
5 0.30403 0.69597
5 0.000103638 0.999896
8 0.875732 0.124268
8 0.998517 0.00148284
8 0.983782 0.0162177
8 0.993942 0.0060582
8 0.988589 0.011411
5 0.313065 0.686935
8 0.94981 0.0501899
8 0.98525 0.01475
5 4.56306e-05 0.999954
8 0.991836 0.00816356
8 0.979278 0.0207221
8 0.987486 0.0125136
8 0.995794 0.00420634
8 1 3.09814e-07
8 0.994688 0.00531183
8 0.989787 0.0102132
5 0.0238274 0.976173
8 0.976546 0.0234544
8 0.985963 0.0140371
8 0.95298 0.0470201
5 0.0357041 0.964296
8 0.992049 0.00795076
5 0.149109 0.850891
8 0.985501 0.0144989
8 0.834729 0.165271
8 0.993079 0.00692113
8 0.975215 0.0247851
5 0.0224952 0.977505
8 0.97282 0.0271801
5 0.173587 0.826413
5 0.000283965 0.999716
5 0.125545 0.874455
8 0.905141 0.0948586
8 0.992409 0.00759086
8 0.999901 9.85231e-05
5 0.155806 0.844194
5 0.284679 0.715321
5 8.09534e-06 0.999992
5 0.124044 0.875956
8 0.950257 0.0497428
8 0.988872 0.0111278
5 0.042031 0.957969
8 0.996678 0.00332196
5 0.0295658 0.970434
5 0.435193 0.564807
8 0.939543 0.0604568
5 1.55243e-06 0.999998
5 0.000110688 0.999889
5 0.00809543 0.991905
5 0.0219716 0.978028
8 0.996385 0.00361464
8 0.973176 0.0268245
8 0.713727 0.286273
8 0.996721 0.0032791
8 0.963969 0.0360308
5 0.00958736 0.990413
8 0.99468 0.00531996
8 0.984979 0.0150209
8 0.983114 0.0168857
5 4.28778e-06 0.999996
8 0.996135 0.00386458
8 0.923256 0.0767445
5 0.00654583 0.993454
8 0.999489 0.00051144
8 0.999995 5.16649e-06
5 0.000304437 0.999696
8 0.997089 0.00291134
5 0.478795 0.521205
8 0.719131 0.280869
8 0.96327 0.0367296
8 0.858455 0.141545
8 0.999168 0.000831671
8 0.999331 0.00066909
8 0.98826 0.0117398
5 0.00233588 0.997664
5 0.000207772 0.999792
8 0.96459 0.0354105
8 0.976355 0.0236455
5 0.0233823 0.976618
8 0.987841 0.0121589
5 2.44344e-06 0.999998
8 0.999446 0.000554319
8 0.999786 0.000213833
5 0.169531 0.830469
5 5.46472e-05 0.999945
8 0.998802 0.00119818
8 0.993316 0.00668367
5 3.39803e-05 0.999966
8 0.552478 0.447522
8 0.925203 0.0747967
5 0.00067783 0.999322
8 0.955052 0.0449479
5 0.0199287 0.980071
8 0.629271 0.370729
8 0.992524 0.0074756
8 0.896699 0.103301
8 0.958832 0.0411682
8 0.97245 0.0275496
8 0.996842 0.00315759
5 1e-07 1
8 0.992319 0.00768135
8 0.999494 0.00050592
8 0.999967 3.34157e-05
5 0.0163469 0.983653
8 0.912137 0.0878634
8 0.997224 0.00277579
5 0.000188631 0.999811
8 0.992003 0.00799714
5 0.301277 0.698723
8 0.949656 0.0503438
8 0.999869 0.000131241
5 0.45973 0.54027
8 1 2.26541e-07
8 0.995547 0.00445257
5 6.76615e-06 0.999993
5 2.75139e-05 0.999972
8 0.999996 4.40298e-06
8 0.998787 0.00121251
8 1 1e-07
8 0.985691 0.014309
8 0.992473 0.00752705
5 0.0204668 0.979533
8 0.991479 0.0085206
8 0.997242 0.00275827
8 0.941321 0.0586793
5 0.0435467 0.956453
8 0.978477 0.0215233
5 0.25886 0.74114
5 0.000453012 0.999547
8 0.999944 5.55112e-05
8 0.924826 0.0751741
5 0.164426 0.835574
8 0.962309 0.0376906
8 0.998597 0.00140257
8 0.990457 0.009543
8 0.979745 0.020255
8 0.87327 0.12673
8 0.854447 0.145553
8 0.9862 0.0137998
5 0.00388636 0.996114
8 0.925321 0.0746785
5 0.376423 0.623577
8 0.996366 0.00363421
8 0.554205 0.445795
5 0.00454019 0.99546
8 0.998624 0.00137589
8 1 1.35507e-07
8 0.999967 3.29071e-05
8 0.924608 0.0753923
8 0.998352 0.00164841
8 0.94229 0.0577103
8 0.965832 0.0341678
5 0.00336828 0.996632
5 7.84212e-05 0.999922
8 0.88603 0.11397
8 0.996285 0.00371498
8 0.996457 0.0035427
8 0.981398 0.0186019
8 0.666836 0.333164
5 0.0463776 0.953622
8 0.922547 0.0774533
8 0.708092 0.291908
5 0.23594 0.76406
8 0.997044 0.00295558
8 1 1e-07
5 1.66672e-07 1
8 0.571151 0.428849
8 0.983225 0.0167752
8 0.981467 0.0185327
8 0.963081 0.036919
5 0.00618689 0.993813
8 0.975712 0.0242878
8 0.986801 0.0131985
8 0.996569 0.00343103
8 0.549254 0.450746
8 0.949919 0.0500806
5 0.00208184 0.997918
8 0.998378 0.00162241
5 0.00389036 0.99611
8 0.994096 0.00590354
8 0.886292 0.113708
8 0.997044 0.00295628
8 0.945012 0.0549879
8 0.799134 0.200866
8 0.823605 0.176395
5 0.000218727 0.999781
8 0.998733 0.00126732
5 0.0239524 0.976048
8 0.994802 0.00519807
8 0.895625 0.104375
5 0.000921463 0.999079
5 0.0378408 0.962159
8 0.874218 0.125782
5 0.0236978 0.976302
8 0.934185 0.0658152
8 0.999996 3.68262e-06
8 0.966894 0.0331058
5 0.144519 0.855481
8 0.981095 0.0189054
5 9.94495e-05 0.999901
8 0.997558 0.00244162
8 0.979178 0.0208215
8 0.995537 0.00446347
5 0.00107677 0.998923
8 0.981478 0.0185221
5 0.0646993 0.935301
5 0.000193914 0.999806
8 0.505197 0.494803
5 3.49325e-05 0.999965
5 0.0071396 0.99286
8 0.989155 0.0108448
8 0.996874 0.00312603
5 0.106551 0.893449
8 0.889294 0.110706
8 0.710528 0.289472
8 0.810793 0.189207
5 5.46301e-05 0.999945
8 0.985567 0.0144328
5 0.0130975 0.986903
5 0.0277899 0.97221
8 0.978551 0.0214486
5 5.4571e-05 0.999945
8 0.999967 3.34626e-05
8 0.990376 0.00962419
5 0.434692 0.565308
8 0.988325 0.0116754
8 0.999058 0.000942417
8 0.999989 1.07848e-05
8 0.986011 0.013989
8 0.9986 0.00140002
5 0.0073807 0.992619
8 0.979336 0.0206643
8 0.997692 0.00230832
8 0.93625 0.0637501
8 0.804726 0.195274
8 0.955696 0.044304
8 0.992837 0.00716333
8 0.979227 0.0207734
5 0.0109579 0.989042
8 0.998447 0.00155287
8 0.998347 0.00165262
5 5.97791e-05 0.99994
8 0.982931 0.0170691
5 5.35908e-05 0.999946
8 0.946454 0.0535458
8 0.950051 0.049949
5 0.371286 0.628714
8 0.991573 0.0084267
8 0.998746 0.00125366
8 0.999927 7.3318e-05
8 0.975456 0.024544
8 0.999998 1.76854e-06
5 0.000679483 0.999321
5 0.410047 0.589953
5 1.2675e-07 1
8 0.925619 0.0743805
8 0.99943 0.000570221
8 0.999887 0.000112754
5 0.000127941 0.999872
5 7.06853e-06 0.999993
5 1.77547e-05 0.999982
5 5.05222e-05 0.999949
8 0.999437 0.000562521
8 0.655419 0.344581
5 3.03616e-05 0.99997
8 0.984738 0.0152622
5 1e-07 1
5 0.0212346 0.978765
8 0.810271 0.189729
8 0.999998 2.18267e-06
5 0.000572251 0.999428
8 0.786269 0.213731
8 0.774849 0.225151
8 0.978865 0.0211349
8 0.913287 0.0867134
5 7.45203e-05 0.999925
8 0.980718 0.0192823
8 0.896478 0.103522
5 0.368424 0.631576
8 0.980027 0.0199733
5 0.000178432 0.999822
5 0.000204626 0.999795
5 4.16866e-05 0.999958
8 0.998845 0.00115542
5 5.61019e-05 0.999944
5 0.0959905 0.904009
8 0.997983 0.00201686
8 0.99612 0.00388041
5 0.0132872 0.986713
5 0.000197582 0.999802
5 7.85858e-06 0.999992
5 0.001591 0.998409
8 0.942575 0.0574246
5 0.00778903 0.992211
5 0.381356 0.618644
5 0.000737195 0.999263
8 0.991555 0.00844477
5 0.0266486 0.973351
8 0.993591 0.00640921
5 0.443875 0.556125
8 0.525665 0.474335
5 1.9707e-06 0.999998
8 0.991125 0.00887504
8 0.993491 0.00650947
8 0.991113 0.00888694
8 0.565967 0.434033
8 0.999308 0.000692143
8 0.988912 0.0110882
5 0.0209671 0.979033
5 0.0312957 0.968704
8 0.662908 0.337092
8 0.561551 0.438449
5 0.453789 0.546211
8 0.649841 0.350159
5 1.36563e-06 0.999999
8 1 1e-07
5 0.024972 0.975028
5 2.5557e-06 0.999997
8 0.997948 0.00205204
5 0.00360797 0.996392
8 0.986253 0.0137472
8 0.554143 0.445857
5 0.000926953 0.999073
8 0.999341 0.000658872
8 0.824729 0.175271
8 0.937967 0.0620326
8 0.992416 0.00758426
8 0.99426 0.00573955
5 0.000920693 0.999079
5 1.06753e-05 0.999989
8 0.983888 0.0161116
5 0.00189083 0.998109
5 0.390778 0.609222
8 0.994065 0.00593499
8 0.726089 0.273911
8 0.992001 0.00799852
8 0.95348 0.0465196
5 0.0927356 0.907264
5 0.000201854 0.999798
8 0.985294 0.0147062
8 0.851052 0.148948
5 0.0250343 0.974966
5 7.21946e-06 0.999993
8 0.996626 0.00337398
5 0.00148434 0.998516
8 0.849593 0.150407
8 0.997161 0.00283875
5 1e-07 1
5 1.36204e-06 0.999999
5 0.00020985 0.99979
8 0.97364 0.0263598
8 0.996223 0.00377741
8 0.987817 0.012183
8 0.996683 0.00331692
8 0.945832 0.0541683
5 0.00297836 0.997022
8 0.997216 0.00278386
5 5.67572e-06 0.999994
8 0.998092 0.00190818
8 0.781026 0.218974
8 0.990245 0.0097546
8 0.987621 0.0123787
8 0.999382 0.000617568
8 0.990037 0.00996336
8 1 1e-07
8 0.996544 0.00345566
5 0.0274851 0.972515
5 0.00013887 0.999861
5 0.0730739 0.926926
8 0.902326 0.0976743
5 0.000439339 0.999561
8 0.693675 0.306325
8 0.597327 0.402673
8 0.986082 0.0139184
8 0.999974 2.64857e-05
8 0.992429 0.00757116
8 0.999289 0.000710829
8 0.885163 0.114837
8 0.999991 8.80218e-06
5 8.87242e-05 0.999911
8 0.988401 0.0115989
8 0.983059 0.0169414
5 3.54871e-06 0.999996
8 0.990728 0.00927207
8 0.999992 8.12067e-06
8 0.791546 0.208454
8 0.986892 0.0131078
8 0.994899 0.00510096
5 4.07291e-05 0.999959
8 0.781418 0.218582
5 0.102093 0.897907
5 0.274831 0.725169
8 0.995824 0.00417608
8 0.995372 0.00462848
5 0.26345 0.73655
5 0.429927 0.570073
8 0.965374 0.0346258
8 0.999863 0.000136812
5 4.82936e-07 1
5 0.0407241 0.959276
8 0.991383 0.00861694
8 0.99658 0.00341987
8 0.999808 0.000191781
5 0.245029 0.754971
5 0.000196795 0.999803
5 8.10139e-05 0.999919
8 0.991782 0.00821831
8 0.997751 0.00224912
8 0.66577 0.33423
5 0.00971041 0.99029
8 0.995566 0.00443378
8 0.994554 0.00544634
5 0.0603667 0.939633
5 0.000372312 0.999628
8 0.587053 0.412947
8 0.998214 0.00178636
8 0.95174 0.0482595
8 0.989658 0.0103421
8 0.999999 1.14136e-06
8 0.993683 0.0063174
8 0.82386 0.17614
8 0.870958 0.129042
8 0.999998 1.64754e-06
5 5.92729e-05 0.999941
8 0.99093 0.00907049
8 0.943156 0.0568443
5 0.000101959 0.999898
8 0.989682 0.0103184
5 0.185072 0.814928
5 0.130682 0.869318
8 0.707307 0.292693
5 0.00910155 0.990898
5 0.134192 0.865808
8 0.579168 0.420832
5 0.484496 0.515504
8 0.948235 0.0517655
8 0.999999 7.98454e-07
5 0.0406812 0.959319
8 0.994316 0.00568355
8 0.994018 0.00598235
8 0.98828 0.0117204
8 0.999888 0.00011235
8 0.860228 0.139772
8 1 4.60543e-07
5 0.0295619 0.970438
5 0.102111 0.897889
8 0.977142 0.0228579
5 2.1812e-05 0.999978
8 0.996249 0.00375125
5 0.135125 0.864875
8 0.999905 9.46037e-05
8 0.999361 0.000638895
5 0.229951 0.770049
8 0.754194 0.245806
5 0.00235839 0.997642
8 0.991335 0.00866538
8 0.979242 0.020758
8 0.988339 0.0116615
8 0.915979 0.0840211
8 0.852365 0.147635
8 0.977195 0.0228049
8 0.998183 0.00181738
5 7.56504e-05 0.999924
5 0.315075 0.684925
5 1e-07 1
5 0.0317318 0.968268
8 0.954778 0.0452223
5 0.0191427 0.980857
8 0.99578 0.00421978
8 0.535709 0.464291
8 0.932587 0.0674128
8 0.998888 0.00111244
8 0.999322 0.000678113
5 0.00297447 0.997026
8 0.981084 0.0189165
5 0.381859 0.618141
8 0.97238 0.0276199
8 0.98593 0.0140698
5 6.30306e-06 0.999994
5 0.037777 0.962223
8 0.997916 0.00208388
5 1.0718e-06 0.999999
8 0.963774 0.0362263
8 0.985142 0.0148579
5 0.0348388 0.965161
8 0.818951 0.181049
8 1 1e-07
8 0.628257 0.371743
8 0.999828 0.000172293
8 0.993014 0.00698559
8 0.999125 0.000874852
5 2.79224e-06 0.999997
8 0.878251 0.121749
8 0.98204 0.0179597
8 0.732912 0.267088
5 0.0116966 0.988303
5 0.0802899 0.91971
8 0.999998 2.1406e-06
5 0.00594297 0.994057
8 0.976269 0.0237313
8 0.990097 0.00990318
5 0.0084862 0.991514
5 0.270298 0.729702
5 0.0665309 0.933469
5 0.0117914 0.988209
8 0.99993 6.95842e-05
5 2.01703e-05 0.99998
8 0.929076 0.0709236
8 0.943958 0.0560423
8 0.999998 2.18776e-06
8 0.996392 0.00360768
5 0.0128776 0.987122
5 0.041604 0.958396
8 0.999999 5.60815e-07
8 0.986827 0.0131729
8 0.99938 0.000619508
8 0.999969 3.09168e-05
8 0.992988 0.007012
8 0.981518 0.0184821
8 0.982832 0.0171683
5 1.6085e-07 1
5 3.05211e-07 1
8 1 1e-07
8 0.993265 0.00673546
8 0.999998 1.72491e-06
5 0.0030125 0.996987
8 0.997292 0.00270765
5 0.0616293 0.938371
8 0.993821 0.00617885
5 0.330848 0.669152
5 0.100102 0.899898
8 0.988433 0.0115674
8 0.987415 0.0125849
8 0.982383 0.0176166
5 0.0011909 0.998809
8 0.99999 9.5798e-06
5 6.33138e-05 0.999937
8 0.975556 0.0244441
5 5.81428e-06 0.999994
5 0.00390013 0.9961
5 4.64593e-07 1
5 0.00393911 0.996061
8 0.944355 0.0556449
5 0.0105742 0.989426
5 0.0712633 0.928737
8 0.995955 0.00404473
8 0.997746 0.00225429
5 0.0743682 0.925632
5 2.50224e-05 0.999975
8 0.928285 0.0717152
8 0.998767 0.00123264
8 0.74356 0.25644
8 0.618116 0.381884
5 0.0050749 0.994925
8 0.92678 0.0732203
5 0.0134772 0.986523
5 0.0230686 0.976931
8 0.684389 0.315611
8 0.985468 0.0145323
8 0.988197 0.0118028
8 0.984283 0.0157174
5 0.0262726 0.973727
5 4.94851e-06 0.999995
8 0.999999 5.52967e-07
5 6.46345e-07 0.999999
5 0.000920751 0.999079
8 0.986511 0.0134891
5 0.0542669 0.945733
5 0.000929678 0.99907
8 0.808582 0.191418
5 0.00016303 0.999837
8 0.992786 0.00721417
5 0.000133059 0.999867
8 0.999976 2.35974e-05
8 0.999101 0.000899461
5 4.17374e-05 0.999958
5 4.17919e-07 1
8 0.893656 0.106344
5 0.00285822 0.997142
8 0.978582 0.0214182
8 0.998784 0.00121582
8 0.997048 0.00295233
5 0.281699 0.718301
8 0.998183 0.00181702
8 0.999998 2.19861e-06
8 0.929988 0.0700124
8 0.984942 0.0150582
8 0.881868 0.118132
8 0.986458 0.0135417
5 1.31192e-05 0.999987
8 0.981591 0.0184086
5 9.8088e-05 0.999902
8 0.987524 0.0124764
8 0.948977 0.0510228
5 1.94424e-06 0.999998
5 1e-07 1
8 0.980602 0.0193975
8 1 1e-07
8 0.992782 0.00721785
5 0.00137129 0.998629
8 0.996401 0.0035994
5 7.31286e-07 0.999999
8 0.997555 0.00244511
8 0.997682 0.00231763
8 0.988261 0.0117385
8 0.982837 0.0171633
5 9.47269e-05 0.999905
8 0.998555 0.00144486
8 0.999898 0.000102365
8 0.591584 0.408416
8 0.998791 0.00120917
8 0.999999 1.27388e-06
5 6.5356e-07 0.999999
8 0.99997 2.95811e-05
8 0.964292 0.0357082
5 0.2061 0.7939
8 0.908541 0.0914585
5 0.0339557 0.966044
8 0.977708 0.0222918
5 0.406584 0.593416
5 7.0396e-05 0.99993
5 7.60164e-05 0.999924
8 1 1e-07
8 0.990809 0.00919065
5 0.0351613 0.964839
8 0.994292 0.00570821
8 0.903989 0.0960106
5 0.000109508 0.99989
8 0.969256 0.0307444
8 0.999999 5.30939e-07
5 0.42008 0.57992
8 0.98169 0.0183096
5 0.0727536 0.927246
8 0.682912 0.317088
8 0.948691 0.0513088
5 0.22945 0.77055
8 0.960712 0.0392884
5 0.024061 0.975939
5 2.60763e-05 0.999974
5 1.23671e-06 0.999999
8 0.963998 0.0360024
8 0.999999 1.32779e-06
8 0.999969 3.09154e-05
8 0.999976 2.37603e-05
8 0.887982 0.112018
8 0.996147 0.00385251
5 2.48264e-05 0.999975
8 0.996729 0.00327105
5 1e-07 1
5 4.66641e-07 1
5 0.134842 0.865158
8 0.987263 0.0127367
8 0.880889 0.119111
8 0.970314 0.029686
8 0.947328 0.0526723
5 0.00515274 0.994847
8 0.999996 3.88349e-06
5 0.0345254 0.965475
5 3.15299e-06 0.999997
5 0.000116738 0.999883
8 0.991015 0.00898523
5 6.4709e-07 0.999999
8 0.992333 0.00766695
8 0.998296 0.00170422
8 0.994042 0.00595817
8 0.95692 0.04308
8 1 1e-07
8 0.990438 0.00956228
5 0.0340367 0.965963
5 0.000120733 0.999879
5 0.191226 0.808774
8 0.999986 1.39952e-05
5 0.0523205 0.94768
5 0.00474594 0.995254
5 0.00132401 0.998676
8 0.635449 0.364551
8 0.978548 0.0214518
5 7.67909e-06 0.999992
8 0.998914 0.00108608
8 0.924615 0.0753845
8 0.972154 0.027846
8 0.994061 0.00593898
8 0.990371 0.00962856
5 0.000920343 0.99908
8 0.988287 0.0117126
8 0.991244 0.00875575
8 0.668498 0.331502
8 0.999996 3.586e-06
5 1.48468e-06 0.999999
5 1.94586e-06 0.999998
5 1.24605e-05 0.999988
8 0.975344 0.0246562
8 0.999998 2.41547e-06
5 6.22321e-05 0.999938
8 0.969939 0.0300609
8 0.674591 0.325409
5 0.213961 0.786039
8 0.979969 0.0200314
8 0.989059 0.0109408
5 0.00227754 0.997722
8 0.995418 0.00458227
8 0.839141 0.160859
8 0.976055 0.0239448
5 0.00723923 0.992761
8 0.933925 0.0660753
8 0.990202 0.00979762
8 0.992378 0.00762229
8 0.999284 0.000715859
8 0.980823 0.0191775
8 0.98366 0.0163397
5 0.475094 0.524906
8 0.997384 0.00261636
5 1e-07 1
5 0.0265043 0.973496
8 0.998256 0.00174442
8 0.999999 1.16302e-06
5 0.00490005 0.9951
8 0.972535 0.0274654
5 0.0062196 0.99378
8 0.970577 0.0294235
5 5.37649e-07 0.999999
5 2.95507e-05 0.99997
8 0.998518 0.00148198
8 0.947574 0.0524263
5 0.00038562 0.999614
5 1.66855e-07 1
8 0.964645 0.0353551
5 0.450896 0.549104
5 0.000123912 0.999876
8 0.988732 0.011268
8 0.967618 0.0323817
5 1.65115e-07 1
8 0.987789 0.012211
8 0.8668 0.1332
8 0.988093 0.0119066
5 0.086945 0.913055
8 0.999727 0.00027321
8 0.949723 0.0502766
8 0.879946 0.120054
8 0.997591 0.0024093
8 0.991512 0.0084881
8 0.971436 0.0285636
5 1.90156e-07 1
8 0.999956 4.4081e-05
5 2.61101e-07 1
8 0.999573 0.000426651
8 0.999705 0.000294829
8 0.999977 2.28401e-05
5 0.0158233 0.984177
8 0.766643 0.233357
8 0.993793 0.00620694
8 0.952982 0.0470179
5 0.000683903 0.999316
8 0.961133 0.0388671
8 0.99632 0.0036799
5 0.0212905 0.97871
8 1 1e-07
8 0.999732 0.000267996
8 0.782418 0.217582
8 0.898737 0.101263
8 0.999351 0.000648624
5 0.000116091 0.999884
5 0.245803 0.754197
8 0.975535 0.0244654
5 0.252028 0.747972
8 0.997757 0.00224251
5 6.34206e-05 0.999937
8 0.856507 0.143493
8 0.994202 0.0057982
8 0.855625 0.144375
8 0.987559 0.0124409
5 0.000218643 0.999781
8 0.586008 0.413992
8 0.999996 3.80771e-06
5 9.93659e-05 0.999901
5 0.000106779 0.999893
8 0.997835 0.00216454
5 0.00126895 0.998731
5 0.000112634 0.999887
8 0.992102 0.00789804
8 0.710833 0.289167
8 0.998602 0.0013984
5 2.02006e-05 0.99998
8 0.969955 0.0300449
8 0.996651 0.00334944
8 0.99955 0.000449566
8 0.760692 0.239308
8 0.999818 0.000181802
8 0.594912 0.405088
5 0.000889198 0.999111
8 0.9999 0.000100227
8 0.981829 0.018171
8 0.998336 0.0016641
5 0.0352577 0.964742
8 0.900069 0.0999306
5 0.00613199 0.993868
8 0.992145 0.00785506
8 0.999495 0.000505488
5 0.00911331 0.990887
8 0.999976 2.38034e-05
8 0.550856 0.449144
8 0.9851 0.0148996
5 0.00102623 0.998974
8 0.997634 0.00236617
8 0.800923 0.199077
8 0.999607 0.000392673
8 0.984255 0.0157451
8 0.999994 6.21766e-06
8 0.958096 0.0419038
8 0.914455 0.0855447
8 0.997734 0.002266
8 0.999139 0.00086149
8 0.846598 0.153402
5 1.96258e-05 0.99998
8 1 2.18347e-07
8 0.999021 0.000978977
5 0.000664764 0.999335
8 0.999997 2.50927e-06
8 0.955178 0.0448215
5 0.00215653 0.997843
8 0.985137 0.0148629
5 0.24606 0.75394
5 0.000636948 0.999363
8 0.994775 0.00522541
8 0.98483 0.0151698
8 0.998748 0.0012517
5 1e-07 1
8 0.910312 0.0896876
8 0.997578 0.00242175
8 0.660909 0.339091
8 0.997937 0.00206349
8 0.984117 0.0158827
5 0.445652 0.554348
8 0.85989 0.14011
8 0.999852 0.000148265
8 0.998012 0.0019884
5 0.0155612 0.984439
8 1 1e-07
5 0.0124767 0.987523
8 0.998364 0.00163619
8 0.999541 0.000458876
8 0.998513 0.00148736
8 0.996087 0.00391272
8 0.998413 0.00158745
8 0.988913 0.0110874
8 0.996665 0.00333487
5 1.096e-06 0.999999
8 0.915525 0.0844747
8 0.671626 0.328374
5 0.490528 0.509472
5 0.00291986 0.99708
5 0.0996167 0.900383
5 3.30603e-06 0.999997
5 0.00143604 0.998564
8 0.996376 0.00362384
8 0.644478 0.355522
8 0.993519 0.00648139
8 0.990683 0.00931667
8 0.999889 0.00011091
5 0.258274 0.741726
8 0.999409 0.000590579
5 0.138822 0.861178
8 0.705205 0.294795
8 0.811212 0.188788
5 0.00400711 0.995993
8 0.946209 0.0537912
8 0.996839 0.00316083
5 0.000100664 0.999899
8 0.977467 0.022533
8 0.989913 0.0100868
8 0.68339 0.31661
5 2.6825e-05 0.999973
8 0.989035 0.010965
5 0.00466394 0.995336
5 0.01558 0.98442
5 0.0495618 0.950438
8 0.991906 0.00809425
8 0.834898 0.165102
8 0.550231 0.449769
8 0.969348 0.0306521
8 0.99892 0.00108012
5 0.000928904 0.999071
5 0.000321809 0.999678
5 1e-07 1
8 0.999205 0.000795059
5 0.29241 0.70759
5 0.0128472 0.987153
8 0.967405 0.0325947
8 0.894555 0.105445
8 0.995358 0.00464239
5 0.00167462 0.998325
8 0.999276 0.000724018
5 0.0208536 0.979146
8 0.992755 0.00724489
8 0.95309 0.0469098
8 0.974531 0.0254693
8 0.97319 0.0268097
8 1 1.10664e-07
8 0.578452 0.421548
5 0.0949069 0.905093
5 0.112949 0.887051
5 0.000731775 0.999268
8 0.999843 0.000157267
8 0.995544 0.00445644
8 0.971234 0.0287658
5 0.0560825 0.943917
8 0.999305 0.000694808
8 0.99995 4.96085e-05
8 0.860211 0.139789
8 0.997192 0.00280816
8 0.98606 0.0139401
5 0.00116454 0.998835
8 0.888287 0.111713
8 0.990048 0.00995208
8 0.992055 0.00794477
8 0.979051 0.0209494
5 0.0679648 0.932035
8 0.995604 0.00439573
8 0.717725 0.282275
5 0.0198922 0.980108
8 0.986066 0.0139344
8 0.980272 0.0197283
5 0.0102278 0.989772
8 0.999997 3.28618e-06
8 0.657104 0.342896
8 0.985209 0.0147915
8 0.983007 0.0169928
8 0.99156 0.0084401
8 0.999554 0.000446024
8 0.974544 0.0254564
8 0.989078 0.0109223
8 0.98909 0.01091
8 0.987027 0.0129727
8 0.98622 0.0137797
8 0.999701 0.000298573
5 0.0112988 0.988701
5 0.00479447 0.995206
8 0.981369 0.0186311
8 0.996446 0.00355444
8 0.984995 0.0150048
8 0.969742 0.0302578
8 0.999996 4.11946e-06
8 0.989832 0.0101675
8 0.990016 0.009984
8 0.984828 0.0151722
5 0.00775054 0.992249
8 0.885604 0.114396
8 0.98412 0.0158805
8 0.929181 0.0708192
8 0.97989 0.0201097
5 2.57187e-05 0.999974
5 0.000510041 0.99949
8 0.961446 0.0385539
8 0.998884 0.00111629
5 2.41382e-05 0.999976
8 0.997913 0.00208733
8 0.997309 0.00269088
5 0.000248234 0.999752
5 0.00128427 0.998716
5 0.000138608 0.999861
8 0.998521 0.00147914
5 0.226427 0.773573
5 0.0287859 0.971214
5 0.00173781 0.998262
8 0.609672 0.390328
5 0.366809 0.633191
8 0.992613 0.00738686
5 9.47325e-06 0.999991
8 0.801997 0.198003
8 0.813665 0.186335
8 0.772307 0.227693
5 5.34519e-05 0.999947
8 0.767122 0.232878
8 0.994779 0.0052214
8 0.998388 0.00161167
8 0.995827 0.00417293
8 0.884457 0.115543
8 0.950877 0.0491234
5 0.0236708 0.976329
5 0.024946 0.975054
8 0.98217 0.01783
5 8.84487e-06 0.999991
8 0.989415 0.0105849
5 0.0062329 0.993767
5 0.00170736 0.998293
5 0.000400453 0.9996
5 0.362573 0.637427
5 0.0218491 0.978151
8 0.997505 0.00249525
8 0.986514 0.0134864
8 0.995863 0.00413686
5 0.000630288 0.99937
8 0.946949 0.0530514
8 0.99912 0.000879752
5 0.000234822 0.999765
8 0.980047 0.0199532
8 0.993137 0.00686275
5 0.0117262 0.988274
8 0.99897 0.00103018
8 0.968797 0.0312028
8 0.597888 0.402112
8 0.967531 0.0324692
5 0.000864241 0.999136
5 0.00259437 0.997406
8 0.981007 0.0189928
8 0.552604 0.447396
8 0.998786 0.00121393
8 0.99822 0.00178035
5 0.44573 0.55427
8 0.997872 0.00212843
8 0.995591 0.00440893
5 0.0633164 0.936684
5 0.125923 0.874077
8 0.997871 0.00212894
8 0.884853 0.115147
8 0.996744 0.00325626
5 7.58416e-05 0.999924
8 0.755509 0.244491
8 0.74224 0.25776
8 0.999873 0.00012732
8 0.999999 1.16611e-06
5 0.00391368 0.996086
5 0.0545525 0.945447
5 0.00199962 0.998
5 4.95108e-07 1
5 0.136377 0.863623
8 0.996638 0.00336233
8 0.998397 0.00160267
8 0.992243 0.00775694
5 0.372129 0.627871
8 0.991808 0.0081916
8 0.694493 0.305507
8 0.989718 0.0102817
5 1e-07 1
8 0.999952 4.78964e-05
8 0.986442 0.0135576
8 0.981513 0.0184869
5 3.46075e-05 0.999965
8 0.974003 0.0259975
8 0.999439 0.000561347
8 0.999673 0.000326617
8 0.991729 0.0082714
8 0.959908 0.0400916
5 5.36073e-05 0.999946
5 0.0582561 0.941744
8 0.989398 0.0106017
8 0.999972 2.75464e-05
8 0.707413 0.292587
8 0.985386 0.0146144
8 0.996227 0.00377318
5 0.00224914 0.997751
5 0.130277 0.869723
8 0.766486 0.233514
5 0.00041782 0.999582
5 5.0912e-06 0.999995
5 0.000156161 0.999844
8 0.891219 0.108781
8 0.893018 0.106982
8 0.993208 0.00679248
8 0.897376 0.102624
8 0.984167 0.0158328
5 0.447494 0.552506
8 0.998904 0.00109641
8 0.532322 0.467678
8 0.838394 0.161606
8 0.956151 0.0438492
8 0.977696 0.0223044
8 0.995234 0.00476583
5 0.0731486 0.926851
5 2.1071e-07 1
5 5.16403e-06 0.999995
5 1.78535e-06 0.999998
8 0.97865 0.0213503
8 0.929638 0.0703619
8 0.99583 0.00416956
8 0.994416 0.0055838
8 1 4.30982e-07
5 0.00205224 0.997948
5 0.00790298 0.992097
8 0.999946 5.36803e-05
8 0.97932 0.0206803
5 0.0284672 0.971533
8 0.892476 0.107524
8 0.999982 1.83989e-05
8 0.998337 0.00166293
8 0.989814 0.0101857
8 0.997631 0.00236905
8 0.988996 0.0110041
8 0.997071 0.00292875
5 0.428536 0.571464
8 0.763115 0.236885
8 0.969279 0.0307212
5 0.00286657 0.997133
5 0.0712328 0.928767
8 0.990164 0.00983623
8 0.981881 0.0181188
5 0.000831397 0.999169
8 0.828228 0.171772
5 0.0045241 0.995476
8 0.948958 0.0510421
8 0.966621 0.0333787
5 9.9171e-05 0.999901
5 0.00471909 0.995281
8 0.971168 0.0288324
8 0.989973 0.0100267
8 0.999939 6.11403e-05
8 0.994656 0.00534378
8 0.885132 0.114868
