labels 8 2
8 1 1e-07
8 0.999998 1.87936e-06
8 0.983387 0.0166127
8 0.999968 3.16364e-05
8 0.998638 0.00136174
2 0.367418 0.632582
8 0.569282 0.430718
2 0.023193 0.976807
8 1 1e-07
8 0.999991 8.96036e-06
8 0.999993 6.65077e-06
8 0.99995 5.04874e-05
2 4.22353e-07 1
8 0.992075 0.00792547
8 0.926812 0.0731876
8 0.999612 0.00038817
8 0.998608 0.001392
2 0.369456 0.630544
8 0.999997 2.55153e-06
2 0.0855045 0.914496
8 0.7722 0.2278
8 0.99746 0.00253963
2 0.0908776 0.909122
8 0.577521 0.422479
8 0.932362 0.0676384
8 0.998491 0.00150936
8 0.677654 0.322346
8 0.998851 0.00114905
8 0.603891 0.396109
2 0.000199413 0.999801
8 0.99086 0.00914026
8 0.999849 0.000151233
8 0.958005 0.0419947
8 0.945182 0.054818
8 0.958908 0.041092
8 0.705404 0.294596
2 0.00124569 0.998754
8 0.998799 0.00120059
8 1 1e-07
2 0.00134448 0.998656
8 0.985689 0.0143109
8 0.983505 0.0164945
8 0.764755 0.235245
8 0.848783 0.151217
8 0.999563 0.000436532
8 0.992437 0.00756321
2 0.00321444 0.996786
8 0.987558 0.0124425
2 0.130982 0.869018
8 0.999663 0.000336989
2 0.422003 0.577997
8 0.9942 0.00579983
8 0.999825 0.000174573
8 0.934 0.0660004
2 0.00307828 0.996922
2 0.00083802 0.999162
2 0.317417 0.682583
8 0.693167 0.306833
8 0.998502 0.00149782
8 0.99914 0.000859877
8 0.994471 0.00552918
8 1 1e-07
8 0.87663 0.12337
2 6.7694e-05 0.999932
8 0.999994 5.59642e-06
8 0.999732 0.000268396
8 0.985437 0.014563
8 0.999454 0.000545923
8 0.999355 0.000644878
8 0.999879 0.000121404
8 0.999943 5.67857e-05
8 0.99657 0.00343023
2 0.00390693 0.996093
2 0.047548 0.952452
8 0.89639 0.10361
8 0.999547 0.000452872
8 0.967932 0.0320678
8 0.974038 0.0259616
8 0.998841 0.00115945
8 0.899989 0.100011
8 0.999998 1.85555e-06
8 1 3.42204e-07
8 0.99875 0.00125016
2 0.353928 0.646072
8 0.919324 0.0806758
2 0.00371354 0.996286
2 0.0102305 0.989769
8 0.999966 3.41204e-05
8 0.999999 1.04183e-06
8 0.999795 0.000204792
8 1 1e-07
2 0.0186635 0.981337
8 0.984324 0.0156757
8 0.996177 0.00382308
2 0.0073839 0.992616
8 0.999803 0.000196739
8 0.999822 0.000177574
8 1 1e-07
2 0.033225 0.966775
8 0.997458 0.00254229
8 0.916898 0.0831015
2 0.137122 0.862878
8 0.579908 0.420092
2 0.00635721 0.993643
2 0.0192393 0.980761
8 0.998311 0.00168892
8 0.999996 4.23855e-06
2 0.00110994 0.99889
8 0.998795 0.00120466
2 0.313875 0.686125
2 0.280974 0.719026
8 0.996111 0.00388896
2 0.337652 0.662348
2 0.00722834 0.992772
2 0.149791 0.850209
2 0.0116145 0.988386
8 0.999825 0.000174852
8 0.988066 0.0119341
8 1 1e-07
2 0.0124851 0.987515
8 0.95856 0.0414401
8 0.638197 0.361803
8 0.980997 0.0190028
8 0.975241 0.024759
8 0.999628 0.000371728
2 8.82296e-05 0.999912
8 0.940468 0.0595315
8 0.912731 0.0872686
8 0.999676 0.000323879
2 0.0117224 0.988278
8 0.913568 0.0864319
8 0.920575 0.079425
8 1 1.09152e-07
2 0.0169882 0.983012
8 0.519461 0.480539
2 0.176162 0.823838
8 0.736376 0.263624
8 0.992665 0.0073353
8 1 1e-07
2 7.44674e-06 0.999993
8 0.998842 0.00115752
8 0.518854 0.481146
2 0.00013895 0.999861
8 1 1e-07
8 0.999902 9.7945e-05
2 0.00639052 0.993609
2 1.78185e-05 0.999982
8 0.857304 0.142696
2 0.454169 0.545831
8 0.683296 0.316704
8 0.976238 0.0237616
2 0.0522538 0.947746
2 0.0175792 0.982421
8 0.915 0.085
2 0.00272835 0.997272
8 0.998658 0.00134172
2 0.00528228 0.994718
2 0.293669 0.706331
8 0.999215 0.000785135
2 0.360571 0.639429
8 0.999185 0.000814613
8 0.996728 0.00327218
8 0.993566 0.0064344
8 0.999999 6.35558e-07
2 9.11239e-06 0.999991
8 0.694489 0.305511
2 0.00413375 0.995866
2 0.0351564 0.964844
8 1 4.27405e-07
8 0.99999 1.02174e-05
8 0.999996 3.98261e-06
2 0.00233407 0.997666
8 0.962679 0.0373205
8 0.820285 0.179715
8 0.999993 6.69156e-06
8 0.984153 0.0158467
8 0.998633 0.00136702
2 0.26552 0.73448
8 0.939144 0.0608565
8 0.999932 6.80836e-05
8 0.990923 0.00907659
2 0.351228 0.648772
8 0.861983 0.138017
8 0.999732 0.000267791
2 7.28857e-06 0.999993
8 0.999998 2.31294e-06
8 0.885424 0.114576
8 1 4.71675e-07
8 0.745581 0.254419
8 0.54256 0.45744
2 0.00149487 0.998505
8 0.982083 0.0179168
2 0.000565404 0.999435
8 0.58681 0.41319
2 0.00130369 0.998696
8 0.919634 0.0803662
8 0.993838 0.00616156
8 0.962299 0.0377014
8 0.999399 0.000601269
8 0.750894 0.249106
8 0.99545 0.00454972
2 0.0092584 0.990742
2 0.0355886 0.964411
8 0.966315 0.0336846
2 0.00566931 0.994331
8 0.999897 0.000102768
8 1 1.1753e-07
8 0.601841 0.398159
8 0.999938 6.15632e-05
2 8.47606e-05 0.999915
2 0.410106 0.589894
8 1 1e-07
8 0.930652 0.0693484
8 0.972238 0.0277618
2 0.00132499 0.998675
2 0.00244745 0.997553
2 0.0675029 0.932497
8 0.999762 0.000238191
8 0.982149 0.0178509
8 0.62237 0.37763
2 0.288694 0.711306
8 0.99999 1.04405e-05
8 1 1e-07
8 0.99999 1.00656e-05
2 0.00808006 0.99192
8 0.996232 0.0037679
8 0.999323 0.000677224
2 0.000422892 0.999577
2 4.68279e-05 0.999953
2 0.14479 0.85521
8 0.995882 0.00411831
8 0.997429 0.00257134
8 0.999999 7.70173e-07
2 0.444381 0.555619
2 0.000642775 0.999357
8 0.800006 0.199994
8 0.936906 0.0630945
8 0.982683 0.0173174
8 0.960276 0.0397244
8 0.854572 0.145428
2 0.021832 0.978168
8 0.999999 1.16809e-06
8 0.999818 0.00018196
8 0.954602 0.0453978
8 0.998892 0.00110751
2 0.421707 0.578293
2 0.287456 0.712544
8 1 1e-07
8 0.999741 0.0002593
2 0.0065648 0.993435
2 0.481688 0.518312
8 0.964397 0.0356032
8 1 1e-07
2 0.00313126 0.996869
8 0.946009 0.0539911
8 0.998132 0.00186753
2 0.00684016 0.99316
8 0.697343 0.302657
8 0.815139 0.184861
2 0.00142686 0.998573
8 0.957166 0.0428345
8 1 1e-07
8 0.654072 0.345928
2 0.452665 0.547335
8 0.999998 1.5909e-06
8 0.99987 0.000130258
8 0.998903 0.00109701
8 0.997936 0.00206445
2 0.00514923 0.994851
8 0.999899 0.000101218
8 0.999728 0.000271582
2 0.320643 0.679357
2 0.00143299 0.998567
8 0.73717 0.26283
2 0.00156711 0.998433
2 0.398262 0.601738
8 0.995496 0.0045036
2 0.0226547 0.977345
2 0.00703156 0.992968
8 0.999044 0.000955812
2 0.00617435 0.993826
2 0.00293991 0.99706
2 0.000326746 0.999673
2 0.00105114 0.998949
8 0.999956 4.44682e-05
8 0.990365 0.00963513
2 0.00396445 0.996036
8 0.999086 0.000913943
8 0.989919 0.0100812
2 0.0127882 0.987212
8 0.998803 0.00119714
2 0.00017113 0.999829
8 0.999413 0.000586978
2 0.000172871 0.999827
8 0.998648 0.00135233
8 1 1e-07
8 0.99993 7.01819e-05
8 1 1e-07
2 0.335022 0.664978
8 0.947282 0.0527176
8 0.999999 1.2909e-06
8 0.991369 0.00863138
8 0.533093 0.466907
8 0.99991 8.9619e-05
2 0.445929 0.554071
8 0.871952 0.128048
2 0.00146111 0.998539
8 0.870089 0.129911
8 1 1e-07
8 0.701969 0.298031
8 0.922211 0.0777895
8 0.550121 0.449879
8 0.988868 0.0111315
8 1 1e-07
2 0.450942 0.549058
8 0.991591 0.00840919
8 0.919919 0.0800815
8 0.999967 3.33587e-05
8 0.999868 0.000132139
2 0.0270963 0.972904
8 0.999788 0.00021247
8 1 3.70477e-07
2 0.0691033 0.930897
8 0.999979 2.06309e-05
8 0.869825 0.130175
2 0.00751226 0.992488
2 0.019199 0.980801
8 0.998222 0.00177773
8 1 1e-07
8 0.969034 0.0309665
8 0.999642 0.000357749
2 0.212172 0.787828
2 0.157544 0.842456
2 0.00286114 0.997139
8 0.998791 0.00120937
2 0.490497 0.509503
8 0.998785 0.00121492
8 0.997092 0.00290823
2 0.0348097 0.96519
2 0.000447125 0.999553
8 0.999564 0.000436368
2 0.439663 0.560337
8 0.99477 0.00523041
8 0.987004 0.0129959
2 0.0130013 0.986999
8 0.999992 8.06048e-06
2 4.27474e-05 0.999957
8 0.801954 0.198046
8 0.999298 0.000702344
8 0.997791 0.00220934
8 0.818684 0.181316
2 5.51043e-05 0.999945
8 0.998503 0.00149743
8 0.945664 0.0543361
2 0.00517512 0.994825
8 0.994774 0.00522649
8 0.978861 0.0211385
8 0.528151 0.471849
8 0.999962 3.80551e-05
8 1 1e-07
8 0.907002 0.0929981
2 0.00111489 0.998885
2 0.0287774 0.971223
2 0.0153923 0.984608
8 0.988084 0.0119156
2 0.000270731 0.999729
2 0.0951478 0.904852
2 0.0445264 0.955474
8 0.839779 0.160221
8 0.999911 8.94929e-05
8 0.645398 0.354602
8 0.997603 0.00239675
2 0.156897 0.843103
8 0.998415 0.00158461
2 0.00240872 0.997591
8 1 1e-07
8 0.808582 0.191418
8 0.994202 0.00579846
8 0.999701 0.000298692
8 0.999309 0.000691494
2 0.191351 0.808649
2 0.491993 0.508007
8 0.993751 0.00624935
2 0.012643 0.987357
2 0.00321164 0.996788
8 0.990904 0.00909588
2 0.478826 0.521174
8 0.995648 0.00435207
8 0.741302 0.258698
2 0.296921 0.703079
8 0.996558 0.00344158
2 0.0784724 0.921528
8 0.974546 0.0254537
8 0.999963 3.68597e-05
8 0.909627 0.0903727
2 0.0317124 0.968288
8 0.596854 0.403146
8 0.898455 0.101545
8 0.634232 0.365768
2 0.00111111 0.998889
8 0.90724 0.0927602
8 0.999995 5.29059e-06
2 0.0505265 0.949474
8 0.99999 1.0079e-05
8 0.978994 0.021006
8 0.992297 0.00770286
8 0.999682 0.000317719
2 0.333268 0.666732
2 0.000170652 0.999829
8 0.97705 0.02295
2 0.000349307 0.999651
8 0.996283 0.00371687
2 0.00623089 0.993769
8 0.734653 0.265347
8 0.999951 4.91392e-05
8 0.999666 0.000334084
8 0.996496 0.00350435
2 0.00995602 0.990044
8 0.770127 0.229873
8 1 1e-07
8 0.999961 3.93471e-05
8 0.585616 0.414384
8 0.999629 0.000370879
8 0.999068 0.000931597
8 0.999936 6.39826e-05
8 0.999598 0.000402415
8 0.998228 0.00177198
8 0.750739 0.249261
8 0.96404 0.03596
8 0.999952 4.80799e-05
8 0.999713 0.000287366
8 0.999498 0.000501923
2 4.76464e-06 0.999995
8 0.996957 0.00304307
8 0.999227 0.000773163
8 0.999756 0.00024432
2 0.00219173 0.997808
8 0.999993 6.58368e-06
8 0.996352 0.00364815
8 0.993269 0.00673074
8 0.844162 0.155838
8 0.999529 0.00047114
8 0.999736 0.000263727
2 0.488639 0.511361
2 0.00596504 0.994035
2 0.00140154 0.998598
2 0.301167 0.698833
8 0.99902 0.000979915
2 0.157454 0.842546
8 0.70378 0.29622
8 0.93435 0.0656498
8 0.999996 4.46857e-06
8 0.994742 0.0052577
8 1 4.44839e-07
2 0.000513825 0.999486
8 0.740787 0.259213
8 0.999988 1.23397e-05
8 0.671087 0.328913
2 0.238239 0.761761
8 0.999777 0.000222522
8 0.999875 0.000125306
8 0.999119 0.000880795
8 0.99732 0.00267968
2 0.485616 0.514384
2 1.98449e-06 0.999998
8 0.78743 0.21257
8 0.971786 0.0282138
8 0.999509 0.000491343
8 0.908748 0.0912521
8 0.997566 0.0024337
2 0.00313868 0.996861
8 0.809667 0.190333
8 0.954707 0.0452932
8 0.99651 0.00348985
8 0.681377 0.318623
8 0.999406 0.000593946
8 0.587229 0.412771
8 0.912389 0.0876111
2 0.00720178 0.992798
8 0.989207 0.0107926
8 0.813645 0.186355
2 0.00036469 0.999635
2 0.0071777 0.992822
2 0.0640334 0.935967
8 0.998533 0.001467
8 0.955185 0.0448149
8 1 1e-07
2 0.0337621 0.966238
8 0.992034 0.00796601
8 0.999998 2.08562e-06
2 0.0188945 0.981106
8 0.999331 0.000669054
8 0.999546 0.0004543
8 0.947168 0.0528315
8 0.929258 0.0707421
2 0.000359744 0.99964
8 0.998126 0.00187445
8 0.879842 0.120158
8 0.999996 3.58627e-06
8 0.650723 0.349277
8 0.999592 0.000407907
8 1 1e-07
8 0.998498 0.00150197
8 0.530449 0.469551
8 0.674259 0.325741
8 0.925523 0.0744767
2 0.0103799 0.98962
8 0.993128 0.00687225
8 0.99983 0.000169644
8 0.998973 0.00102662
2 0.00144322 0.998557
8 0.887572 0.112428
8 1 1e-07
8 0.890501 0.109499
8 0.999672 0.000328275
2 0.000186186 0.999814
2 0.0081835 0.991816
8 0.999236 0.000764473
8 0.999982 1.84388e-05
8 0.968979 0.0310209
8 0.992593 0.00740748
8 0.999696 0.000304087
8 0.99994 5.95211e-05
8 0.912483 0.0875175
2 0.0100353 0.989965
8 0.679765 0.320235
8 0.999925 7.50812e-05
8 0.999864 0.00013602
2 0.396129 0.603871
8 0.999503 0.000496942
2 0.0096333 0.990367
2 0.0116019 0.988398
2 0.00149741 0.998503
8 0.999911 8.93348e-05
2 0.147775 0.852225
2 0.00319027 0.99681
8 0.892045 0.107955
8 0.999958 4.17103e-05
8 0.986976 0.0130241
8 0.999975 2.5144e-05
2 0.000245021 0.999755
8 0.922138 0.0778616
8 0.95019 0.0498104
2 0.440595 0.559405
8 0.926126 0.0738735
8 0.738561 0.261439
2 0.141938 0.858062
8 0.946505 0.0534954
8 1 1.06134e-07
8 0.999668 0.000332319
2 0.433659 0.566341
8 0.999998 1.74512e-06
2 0.0260945 0.973906
8 0.999922 7.79253e-05
8 0.597311 0.402689
8 0.99992 7.95667e-05
2 0.0029737 0.997026
2 0.0024867 0.997513
8 0.99812 0.0018796
8 0.645008 0.354992
8 0.674782 0.325218
8 0.961663 0.0383369
8 0.999668 0.00033226
2 0.4228 0.5772
8 1 1e-07
8 0.999999 7.46102e-07
8 0.870292 0.129708
8 0.990172 0.00982785
2 0.0821976 0.917802
8 0.999993 7.44132e-06
8 0.992467 0.00753322
2 0.433145 0.566855
8 0.993996 0.00600432
2 0.00151594 0.998484
2 0.0169452 0.983055
8 0.976328 0.0236718
8 0.994154 0.00584644
2 0.00216762 0.997832
8 0.884829 0.115171
8 0.999994 6.34648e-06
2 0.00032622 0.999674
8 0.589754 0.410246
8 0.999989 1.08436e-05
8 0.80971 0.19029
8 0.999514 0.00048649
2 0.0224442 0.977556
8 0.995626 0.0043739
8 0.999696 0.000303594
2 0.00578284 0.994217
2 8.56872e-05 0.999914
8 0.999471 0.00052852
8 0.99815 0.0018502
2 0.49543 0.50457
8 0.999937 6.31904e-05
8 1 1e-07
8 0.999993 6.81997e-06
8 0.976802 0.0231984
8 0.994576 0.00542357
8 1 1e-07
8 0.987221 0.0127788
8 0.946036 0.0539642
2 0.454622 0.545378
8 0.999759 0.000240801
8 0.832657 0.167343
2 0.00418445 0.995816
8 0.996389 0.00361067
8 0.999761 0.000239409
8 0.995998 0.00400234
8 0.582332 0.417668
8 0.977032 0.0229676
8 0.727119 0.272881
2 0.477922 0.522078
2 0.0249624 0.975038
8 0.997861 0.00213902
8 0.996333 0.003667
2 0.000211283 0.999789
2 0.000928369 0.999072
8 0.58714 0.41286
8 0.999991 9.0604e-06
8 0.998834 0.00116621
8 0.999982 1.79078e-05
8 0.999996 3.99022e-06
8 0.999961 3.89485e-05
8 0.99994 5.98861e-05
2 0.00131506 0.998685
8 0.899949 0.100051
8 0.99158 0.00841974
8 0.948628 0.0513719
8 0.540738 0.459262
2 0.00281328 0.997187
8 0.832053 0.167947
8 0.999916 8.37217e-05
8 0.999798 0.000201714
8 0.999001 0.00099856
2 0.00075315 0.999247
8 1 1.06432e-07
8 0.994939 0.00506053
2 0.000525694 0.999474
2 0.0247365 0.975264
8 0.659749 0.340251
8 1 1e-07
8 0.795441 0.204559
2 0.00346744 0.996533
8 0.99654 0.00346034
2 0.323094 0.676906
2 0.0463872 0.953613
8 0.989336 0.0106636
2 0.0112296 0.98877
8 0.99422 0.0057802
2 0.277817 0.722183
8 0.9893 0.0106997
8 0.670117 0.329883
8 0.999993 6.82348e-06
2 0.0161552 0.983845
8 0.925139 0.0748613
8 0.999903 9.74956e-05
8 0.951368 0.048632
2 6.58369e-05 0.999934
8 1 1e-07
2 0.00176979 0.99823
8 0.999653 0.000347094
2 0.000126349 0.999874
8 0.909947 0.0900529
8 0.971811 0.0281891
8 1 3.87999e-07
8 0.998607 0.00139287
8 0.941311 0.0586889
2 0.00499389 0.995006
8 0.753349 0.246651
8 1 1e-07
2 0.00895623 0.991044
2 0.00229864 0.997701
8 0.999972 2.76333e-05
8 0.999796 0.000204407
8 0.927476 0.0725239
2 0.0481389 0.951861
8 0.998888 0.00111189
2 0.0044762 0.995524
8 0.963831 0.0361685
8 0.999945 5.464e-05
2 0.0405384 0.959462
8 0.992582 0.00741844
2 0.00159245 0.998408
8 0.987782 0.0122181
8 0.648046 0.351954
2 0.00581171 0.994188
2 0.0911518 0.908848
2 0.455173 0.544827
2 0.000677768 0.999322
2 0.0112323 0.988768
8 0.969593 0.0304066
2 0.00028379 0.999716
8 0.712269 0.287731
2 0.00706875 0.992931
8 0.999997 3.4173e-06
8 0.715105 0.284895
2 0.00657741 0.993423
8 0.999007 0.000993463
2 0.00155775 0.998442
8 0.998303 0.00169682
2 0.403097 0.596903
8 0.985338 0.0146615
2 0.00480196 0.995198
2 0.488543 0.511457
8 0.997442 0.00255767
8 0.999608 0.000391921
8 0.961396 0.0386045
8 0.881733 0.118267
8 0.997258 0.00274191
2 0.00319838 0.996802
8 0.999999 8.8775e-07
8 0.967884 0.0321163
8 0.995197 0.0048032
2 0.00936343 0.990637
8 0.90488 0.0951204
2 0.00071332 0.999287
8 0.578659 0.421341
8 0.986154 0.0138463
8 0.999999 6.75099e-07
8 0.999888 0.000111777
8 0.997343 0.00265732
8 0.999744 0.0002562
8 0.983317 0.0166831
2 0.0409358 0.959064
8 0.999999 8.4769e-07
2 0.378968 0.621032
8 0.999999 6.38298e-07
2 0.00364395 0.996356
8 0.565309 0.434691
8 0.965106 0.0348943
8 1 1e-07
2 0.0100363 0.989964
2 0.00404345 0.995957
8 0.999776 0.000223887
8 0.852059 0.147941
2 0.00256911 0.997431
2 0.00613359 0.993866
8 0.999994 5.89021e-06
2 0.0558267 0.944173
8 0.832066 0.167934
8 0.938358 0.0616415
8 0.618975 0.381025
8 0.998724 0.00127555
2 0.0214881 0.978512
8 0.99996 4.03016e-05
8 1 1e-07
8 0.97058 0.0294195
8 0.999914 8.58446e-05
2 0.0141974 0.985803
8 0.977841 0.0221588
8 0.863885 0.136115
2 0.00380262 0.996197
8 0.999693 0.000306952
8 0.726481 0.273519
8 0.593589 0.406411
8 0.842766 0.157234
8 0.98984 0.0101598
2 0.0481907 0.951809
2 0.377022 0.622978
2 0.0215086 0.978491
8 0.958728 0.0412721
8 0.852649 0.147351
2 0.36794 0.63206
8 0.999915 8.53612e-05
2 0.368292 0.631708
8 1 1e-07
8 0.992115 0.00788494
8 0.968181 0.0318194
8 0.947989 0.0520106
8 0.998568 0.00143197
8 0.662315 0.337685
8 0.999998 1.75217e-06
8 0.999901 9.925e-05
8 0.815123 0.184877
2 0.00103743 0.998963
2 0.0081468 0.991853
8 0.525702 0.474298
2 0.467843 0.532157
8 0.991038 0.00896234
8 0.990547 0.0094532
8 0.965953 0.0340469
8 0.999884 0.000116163
8 0.99927 0.000730132
2 0.00141356 0.998586
8 0.887486 0.112514
2 0.0219528 0.978047
8 0.978132 0.0218676
8 0.944132 0.0558683
8 0.999851 0.000149395
2 0.434798 0.565202
8 0.640942 0.359058
8 0.60441 0.39559
8 0.879936 0.120064
8 0.891317 0.108683
8 0.999999 6.09974e-07
8 0.999991 8.85202e-06
8 0.675577 0.324423
2 0.00250222 0.997498
8 0.996197 0.00380299
8 0.932757 0.067243
8 0.999996 4.44222e-06
8 0.999997 2.78161e-06
8 0.78064 0.21936
8 1 1e-07
8 0.807879 0.192121
2 0.30975 0.69025
2 0.414016 0.585984
8 0.992146 0.00785369
8 0.995143 0.00485691
8 0.993322 0.00667788
2 0.000658694 0.999341
8 0.930993 0.0690074
8 0.994685 0.00531548
8 0.961357 0.0386434
8 0.68932 0.31068
8 0.989492 0.0105082
8 0.999982 1.81226e-05
8 0.99812 0.00187962
8 0.999954 4.61483e-05
8 0.998129 0.00187076
2 0.00101376 0.998986
8 0.718625 0.281375
2 0.359934 0.640066
8 0.999986 1.38406e-05
8 1 1e-07
8 0.661327 0.338673
8 0.982572 0.0174276
2 6.73315e-05 0.999933
8 0.962614 0.037386
8 0.999999 1.41539e-06
8 0.967149 0.0328515
8 0.983576 0.0164242
2 0.00310331 0.996897
8 0.866568 0.133432
8 0.914045 0.0859554
2 0.0213801 0.97862
8 0.999878 0.000121937
8 0.950924 0.0490758
2 0.0126311 0.987369
2 0.496987 0.503013
8 0.999688 0.000312222
8 0.999982 1.84596e-05
8 0.968826 0.0311738
8 0.971629 0.0283707
8 0.945576 0.0544242
2 0.171858 0.828142
8 0.912532 0.0874675
8 0.999564 0.000435813
8 0.997449 0.00255109
2 0.00378733 0.996213
8 0.999967 3.30541e-05
2 0.00677832 0.993222
8 0.998659 0.00134112
8 0.999972 2.80963e-05
8 0.999321 0.000678539
8 0.999936 6.39363e-05
8 0.963848 0.0361518
2 0.0274565 0.972543
2 0.00257644 0.997424
8 0.999697 0.000302697
2 0.022695 0.977305
8 0.907096 0.0929036
8 0.782496 0.217504
8 0.957473 0.042527
2 0.0153856 0.984614
8 0.970206 0.0297938
2 0.0226799 0.97732
2 0.000412961 0.999587
8 0.990426 0.00957392
8 0.959966 0.0400341
8 0.970375 0.0296254
8 0.999616 0.000384119
8 0.995626 0.00437408
8 0.999999 1.35092e-06
8 0.999512 0.000487796
8 0.777864 0.222136
8 0.99988 0.000120067
2 0.00297633 0.997024
2 0.00198297 0.998017
2 0.00481605 0.995184
8 0.999997 2.92847e-06
8 0.998539 0.00146051
8 0.997398 0.00260202
8 0.952283 0.0477172
8 0.998992 0.00100776
8 0.998644 0.00135587
2 0.00247086 0.997529
8 0.999129 0.000870752
8 0.888706 0.111294
2 0.00201299 0.997987
8 0.999988 1.2263e-05
8 1 1e-07
8 0.794595 0.205405
8 0.999982 1.79193e-05
8 0.999937 6.34377e-05
2 0.0328411 0.967159
2 0.00913735 0.990863
8 0.988033 0.0119669
8 0.999927 7.27785e-05
2 0.000627807 0.999372
8 0.999999 7.19469e-07
8 0.71808 0.28192
8 0.983942 0.0160583
8 0.996493 0.00350663
8 0.838403 0.161597
8 1 1e-07
8 0.979269 0.0207309
8 0.544426 0.455574
8 0.918145 0.0818548
2 0.00482083 0.995179
8 1 1e-07
8 0.998892 0.00110767
8 0.999955 4.46818e-05
2 0.000271363 0.999729
8 0.999334 0.000666018
8 0.837184 0.162816
8 0.953315 0.0466847
2 0.00275898 0.997241
8 0.94099 0.0590103
2 0.19634 0.80366
8 0.999998 1.50873e-06
8 0.996198 0.00380206
8 0.999975 2.52893e-05
8 0.985916 0.0140836
8 1 1e-07
8 0.996858 0.00314204
8 0.997742 0.00225819
8 0.998467 0.00153286
8 0.999425 0.00057465
8 0.662884 0.337116
2 0.13287 0.86713
8 0.993666 0.00633352
8 0.976518 0.023482
2 0.00134939 0.998651
8 0.999738 0.000262472
8 0.743228 0.256772
8 0.997276 0.00272363
8 0.998617 0.00138256
8 0.809615 0.190385
2 0.00509123 0.994909
8 0.995659 0.00434053
8 0.999953 4.70951e-05
8 0.68103 0.31897
2 0.0138724 0.986128
8 0.66416 0.33584
2 0.0173572 0.982643
8 0.99997 2.96532e-05
8 0.983083 0.0169169
8 0.984051 0.0159493
2 0.392645 0.607355
8 1 1e-07
8 0.786741 0.213259
2 0.0295124 0.970488
2 0.020567 0.979433
8 0.996912 0.00308754
8 0.998475 0.00152534
2 0.00419764 0.995802
8 0.610645 0.389355
8 0.995749 0.00425131
8 0.996786 0.00321417
2 0.000255304 0.999745
8 0.690079 0.309921
8 0.592772 0.407228
8 0.999992 8.34225e-06
8 0.749914 0.250086
2 0.00546118 0.994539
8 0.998975 0.00102452
2 0.00012347 0.999877
2 0.00449445 0.995506
8 0.999994 6.00796e-06
2 0.000122711 0.999877
2 0.0080244 0.991976
8 0.999151 0.000849175
2 0.000986983 0.999013
8 0.893303 0.106697
2 0.0028254 0.997175
8 0.872388 0.127612
8 1 1e-07
8 0.970801 0.0291988
8 0.997351 0.00264909
8 0.99705 0.00295003
8 0.992686 0.00731393
8 0.997801 0.00219943
8 0.74971 0.25029
8 0.571972 0.428028
8 0.933997 0.0660028
8 0.999967 3.29697e-05
2 0.00325598 0.996744
8 0.999406 0.000593864
8 0.543652 0.456348
2 0.000722173 0.999278
8 0.999981 1.92099e-05
8 0.999994 5.91846e-06
8 0.897068 0.102932
8 0.934115 0.0658854
8 0.978779 0.0212212
8 0.992828 0.0071716
8 0.937452 0.0625477
2 0.000170272 0.99983
8 0.797318 0.202682
8 0.982302 0.0176977
2 0.000136609 0.999863
8 0.591544 0.408456
8 0.833156 0.166844
8 0.999673 0.000326917
8 0.99795 0.00204958
8 0.545677 0.454323
8 0.999924 7.60164e-05
8 0.994139 0.00586061
2 0.000632129 0.999368
2 0.00476749 0.995233
8 0.997676 0.00232422
8 0.999961 3.90057e-05
8 0.999064 0.000935705
8 0.766407 0.233593
8 0.999427 0.000573107
8 0.998089 0.00191074
2 0.0693813 0.930619
2 0.0128055 0.987194
8 0.998014 0.00198645
8 0.958549 0.0414506
8 0.999398 0.000601603
8 1 3.4537e-07
8 0.970645 0.0293554
8 0.824923 0.175077
8 0.920991 0.0790092
2 0.00397831 0.996022
8 0.944952 0.0550479
8 0.972847 0.027153
8 0.76631 0.23369
8 0.999688 0.000311848
2 0.000501594 0.999498
8 0.506202 0.493798
8 0.993489 0.00651061
8 0.997727 0.00227269
8 1 2.71357e-07
2 0.00172565 0.998274
2 0.000218973 0.999781
8 0.647398 0.352602
8 0.560601 0.439399
8 0.998531 0.00146864
8 0.996966 0.00303411
8 0.57206 0.42794
8 0.695614 0.304386
8 0.886503 0.113497
2 0.00321509 0.996785
2 9.78826e-05 0.999902
8 0.930695 0.0693047
8 1 1e-07
8 0.739925 0.260075
2 3.45498e-05 0.999965
8 0.999999 5.8292e-07
2 0.0886601 0.91134
2 0.000827905 0.999172
8 0.999794 0.000206486
2 0.00272426 0.997276
2 0.00225628 0.997744
8 0.993828 0.00617201
8 0.999999 8.75611e-07
8 0.986436 0.013564
8 0.999979 2.14313e-05
2 0.0174703 0.98253
8 0.995422 0.00457801
8 0.999654 0.000345709
8 0.888699 0.111301
8 0.999977 2.29203e-05
8 0.999739 0.000261026
8 0.964712 0.0352884
8 0.911163 0.0888366
8 0.999997 2.62409e-06
8 0.974572 0.0254276
8 0.823999 0.176001
8 0.999995 5.44076e-06
8 0.998163 0.00183721
8 1 1.99581e-07
8 0.999631 0.000368816
8 0.999801 0.000199244
2 0.00571097 0.994289
2 0.46811 0.53189
8 0.994938 0.00506176
8 0.98902 0.0109804
8 0.975499 0.0245006
8 0.848837 0.151163
8 1 1.39978e-07
8 0.999986 1.40114e-05
8 0.999986 1.40167e-05
8 1 1e-07
2 0.000176041 0.999824
8 1 3.4904e-07
8 0.982359 0.0176409
2 0.17081 0.82919
2 0.00241802 0.997582
8 0.999729 0.000271223
8 0.995957 0.00404347
8 0.732376 0.267624
8 0.604159 0.395841
2 0.0255129 0.974487
2 0.34054 0.65946
2 0.000195758 0.999804
2 0.0296994 0.970301
2 0.000965392 0.999035
2 0.00802963 0.99197
8 0.823957 0.176043
2 0.00570355 0.994296
8 0.999746 0.000254458
8 0.644274 0.355726
8 0.897478 0.102522
8 0.999871 0.000128642
2 0.0124535 0.987546
8 0.545995 0.454005
8 0.999811 0.000189277
8 0.969888 0.0301117
8 0.999971 2.87239e-05
8 0.995285 0.00471544
8 0.873885 0.126115
8 0.862467 0.137533
8 1 1.36557e-07
2 0.00411191 0.995888
2 0.000127461 0.999873
8 0.975039 0.0249614
8 0.539096 0.460904
8 0.720597 0.279403
8 0.85547 0.14453
2 0.0413994 0.958601
8 0.999428 0.000572274
2 0.0041102 0.99589
8 0.998164 0.00183556
2 0.000504617 0.999495
2 0.0316182 0.968382
8 1 1e-07
8 0.999925 7.49623e-05
8 0.990553 0.00944671
8 0.894599 0.105401
2 0.00173339 0.998267
8 1 2.46274e-07
8 0.99946 0.000540361
8 0.998135 0.00186509
8 0.880593 0.119407
8 0.900328 0.0996725
8 0.999907 9.29252e-05
8 0.915263 0.0847368
8 0.50051 0.49949
2 0.293132 0.706868
8 0.998105 0.00189539
8 0.587912 0.412088
8 0.997346 0.00265373
2 0.0381582 0.961842
2 3.10982e-05 0.999969
2 0.00835635 0.991644
8 0.999976 2.40227e-05
8 0.999992 7.63118e-06
2 0.000396436 0.999604
8 1 1e-07
8 0.994849 0.00515104
8 0.998242 0.00175796
8 0.713531 0.286469
8 0.905033 0.0949672
8 0.682983 0.317017
8 0.729075 0.270925
8 0.999998 1.5983e-06
8 0.560857 0.439143
8 0.542666 0.457334
8 0.994554 0.00544565
8 0.999972 2.76125e-05
2 0.014664 0.985336
8 0.999229 0.000771154
2 0.0100489 0.989951
8 0.999998 1.73021e-06
8 1 1e-07
2 0.399243 0.600757
8 0.978707 0.021293
8 0.972016 0.0279838
2 0.00307889 0.996921
8 0.963481 0.0365189
8 0.560584 0.439416
8 0.999963 3.74438e-05
8 1 3.6926e-07
8 0.547557 0.452443
2 0.0026676 0.997332
2 0.000371539 0.999628
2 3.38184e-06 0.999997
2 0.0051654 0.994835
2 0.0120542 0.987946
2 0.0165771 0.983423
2 0.0096988 0.990301
8 0.888426 0.111574
8 0.996655 0.00334481
8 1 1e-07
2 0.00108945 0.998911
8 0.852401 0.147599
2 0.00599591 0.994004
8 0.87198 0.12802
2 0.0247796 0.97522
8 0.991424 0.00857645
2 0.118867 0.881133
2 0.00403068 0.995969
8 1 1e-07
8 0.999976 2.36507e-05
8 0.941971 0.0580292
8 0.999974 2.59102e-05
8 0.708731 0.291269
8 0.851168 0.148832
2 0.000727886 0.999272
2 0.00653349 0.993467
2 0.473612 0.526388
2 0.177927 0.822073
8 0.999984 1.56343e-05
8 0.999789 0.000210884
2 0.0688361 0.931164
2 0.00630935 0.993691
8 0.999991 9.14476e-06
8 0.908613 0.0913868
8 0.501736 0.498264
8 0.764326 0.235674
2 0.00165076 0.998349
8 0.994049 0.00595081
8 0.999999 9.03892e-07
2 0.0230989 0.976901
8 0.848293 0.151707
8 0.90618 0.09382
8 0.999998 2.07677e-06
2 0.00542318 0.994577
2 0.0419741 0.958026
8 0.999923 7.65988e-05
2 0.00110891 0.998891
8 0.945087 0.0549126
2 0.00179227 0.998208
8 0.992832 0.00716848
8 0.546302 0.453698
2 0.471787 0.528213
8 0.997087 0.00291334
8 0.981613 0.0183867
8 0.811511 0.188489
2 0.00152036 0.99848
8 0.998157 0.00184344
8 0.999992 8.01942e-06
2 0.00326621 0.996734
8 0.97321 0.0267897
8 0.681234 0.318766
8 0.999993 6.76015e-06
2 0.00126153 0.998738
2 0.00195255 0.998047
2 0.000326592 0.999673
2 0.015608 0.984392
8 0.999999 1.18224e-06
8 0.997988 0.00201166
2 0.00198323 0.998017
8 0.942219 0.057781
8 0.999975 2.46633e-05
8 0.999999 5.58464e-07
8 0.999603 0.000396597
8 0.850571 0.149429
2 0.00452123 0.995479
8 0.999625 0.000374606
8 0.860834 0.139166
2 8.52978e-05 0.999915
2 0.0238724 0.976128
2 0.00525154 0.994748
8 0.999962 3.77876e-05
2 0.0250414 0.974959
8 1 1e-07
2 0.0295532 0.970447
2 0.00297881 0.997021
8 0.999317 0.000682812
8 0.968551 0.0314493
8 0.999907 9.29838e-05
2 0.00849984 0.9915
8 0.993408 0.0065921
8 0.995676 0.00432414
8 0.979232 0.0207684
2 0.00500032 0.995
8 0.999446 0.000553846
8 0.990904 0.00909619
8 0.998251 0.00174893
8 0.99665 0.0033501
8 0.991879 0.00812065
2 0.00307359 0.996926
2 0.41063 0.58937
8 0.989478 0.0105215
8 0.998375 0.00162518
8 0.898781 0.101219
2 0.278421 0.721579
8 0.976631 0.0233688
8 0.999573 0.000427064
8 0.780458 0.219542
2 0.0029382 0.997062
8 0.998432 0.00156777
8 0.95627 0.0437301
8 0.999423 0.00057703
2 0.0404188 0.959581
8 0.878888 0.121112
8 0.996079 0.0039207
2 0.472604 0.527396
8 0.998333 0.00166677
2 0.0128846 0.987115
8 0.895002 0.104998
8 0.997726 0.00227412
2 0.199739 0.800261
8 1 1.05568e-07
2 0.00809933 0.991901
8 0.997881 0.00211949
8 0.652551 0.347449
2 0.0760248 0.923975
2 0.00537358 0.994626
8 0.830498 0.169502
8 0.905763 0.0942372
2 0.00257811 0.997422
8 0.99996 4.01809e-05
8 0.999997 2.753e-06
8 0.972847 0.0271527
8 0.999993 7.26032e-06
2 0.000251024 0.999749
8 0.650417 0.349583
8 0.999957 4.27306e-05
8 0.973006 0.0269942
2 0.217402 0.782598
8 0.99976 0.000240265
8 0.99432 0.00568012
2 0.0729142 0.927086
8 0.998287 0.00171314
8 1 3.55989e-07
8 0.999688 0.000312036
8 1 1e-07
2 0.00621605 0.993784
8 0.997895 0.00210474
8 0.971628 0.0283722
8 0.996357 0.00364325
2 0.00560926 0.994391
2 0.470512 0.529488
2 0.000550214 0.99945
2 0.169581 0.830419
8 0.706517 0.293483
8 0.98204 0.0179605
8 0.947494 0.0525058
8 0.999984 1.63044e-05
8 0.729176 0.270824
2 0.0116766 0.988323
2 0.000616728 0.999383
8 0.999976 2.43412e-05
8 0.998399 0.00160142
8 0.730708 0.269292
2 0.00349309 0.996507
2 0.00026435 0.999736
8 0.999944 5.59177e-05
8 0.685955 0.314045
8 0.997423 0.00257658
2 0.312879 0.687121
8 0.797608 0.202392
8 0.995383 0.00461672
8 0.921751 0.0782488
8 0.948724 0.0512761
8 0.999179 0.000821262
8 0.925643 0.074357
8 0.999348 0.000651973
8 0.995184 0.0048162
2 0.000104058 0.999896
2 0.000165509 0.999834
8 1 1e-07
8 0.934546 0.065454
8 0.980694 0.0193059
8 0.999809 0.000191285
2 0.0007211 0.999279
8 0.956509 0.0434907
8 0.948412 0.0515877
2 0.00683807 0.993162
8 0.921206 0.0787945
2 0.415293 0.584707
2 0.0197609 0.980239
8 0.99927 0.000729542
8 0.999637 0.0003635
8 0.901344 0.0986558
2 0.00279833 0.997202
8 0.995727 0.00427328
8 0.976094 0.0239063
8 0.99954 0.00046025
2 0.0982654 0.901735
2 0.0916579 0.908342
8 0.99889 0.0011098
8 0.998595 0.00140523
8 0.551694 0.448306
8 0.999209 0.000790913
8 0.916932 0.0830678
2 0.0147108 0.985289
8 1 1e-07
2 0.337954 0.662046
2 0.024716 0.975284
8 0.999186 0.000813986
2 0.213267 0.786733
8 0.999422 0.000578202
2 0.056548 0.943452
8 0.997044 0.00295568
2 0.19815 0.80185
8 0.995392 0.00460782
8 0.945883 0.0541172
8 0.997504 0.00249579
8 0.679064 0.320936
2 0.00328366 0.996716
8 0.999945 5.50593e-05
8 0.848684 0.151316
2 0.0406454 0.959355
2 0.00383144 0.996169
8 0.919892 0.080108
8 0.988849 0.0111505
8 0.999999 7.79179e-07
2 0.00439401 0.995606
2 0.00186715 0.998133
8 1 1e-07
8 0.957862 0.0421383
8 0.937785 0.0622151
8 1 3.93056e-07
8 0.996884 0.00311615
8 0.954526 0.0454736
8 0.999989 1.14447e-05
2 0.00419424 0.995806
8 0.997237 0.002763
2 9.97194e-06 0.99999
8 0.97888 0.0211201
2 0.247873 0.752127
8 0.998648 0.0013516
8 0.9806 0.0193996
8 0.9998 0.000200308
8 0.999959 4.05646e-05
8 0.999976 2.35504e-05
8 0.54727 0.45273
8 0.976129 0.0238711
8 0.701244 0.298756
2 0.496988 0.503012
2 0.0033824 0.996618
2 0.0220342 0.977966
8 0.981562 0.0184375
8 0.999999 6.93979e-07
2 0.0021292 0.997871
8 0.999745 0.000254583
8 0.999864 0.000135957
8 0.988795 0.011205
8 0.994336 0.00566405
2 0.456956 0.543044
8 0.996818 0.00318249
2 0.0257848 0.974215
8 0.997364 0.00263562
2 0.447546 0.552454
8 0.999724 0.000275676
8 0.871564 0.128436
2 0.00793762 0.992062
8 0.998837 0.0011628
8 0.933118 0.0668822
8 0.999997 2.68907e-06
8 0.98955 0.0104496
8 0.671521 0.328479
8 0.999068 0.000931695
8 0.99988 0.000119972
2 0.00262012 0.99738
8 0.895301 0.104699
2 0.0222368 0.977763
8 0.999965 3.47209e-05
8 0.9993 0.000699881
8 0.929329 0.070671
8 0.999187 0.000812838
8 0.999927 7.32647e-05
2 0.00215914 0.997841
8 0.948502 0.0514977
8 1 3.97935e-07
8 0.999901 9.86254e-05
8 0.997875 0.00212487
8 0.991098 0.00890163
8 0.998104 0.0018958
2 0.385936 0.614064
8 1 3.10534e-07
8 0.999982 1.77583e-05
8 0.932318 0.0676816
2 0.0133883 0.986612
2 0.000511128 0.999489
2 0.00484533 0.995155
8 0.929548 0.0704522
2 0.00106876 0.998931
2 0.00369379 0.996306
8 0.999998 2.31691e-06
8 1 1e-07
8 0.999743 0.000257127
8 0.969565 0.0304346
8 0.640653 0.359347
8 0.999914 8.61885e-05
8 0.654501 0.345499
8 0.999759 0.000240862
8 0.909158 0.0908417
8 0.997323 0.00267737
2 0.0739697 0.92603
8 0.988509 0.0114907
8 0.998676 0.00132417
2 1.82765e-06 0.999998
2 0.0103434 0.989657
8 0.708695 0.291305
2 0.335222 0.664778
8 0.991512 0.00848813
2 0.00436597 0.995634
8 0.999577 0.000423391
8 0.999982 1.7844e-05
8 0.975769 0.0242307
8 0.998051 0.00194865
2 0.00925658 0.990743
8 0.999999 1.24609e-06
8 0.963186 0.0368145
8 1 3.24971e-07
8 0.989462 0.0105381
8 0.810743 0.189257
2 0.0033914 0.996609
8 0.988887 0.0111128
8 0.999988 1.20661e-05
2 0.0431922 0.956808
8 0.739017 0.260983
2 0.0154153 0.984585
8 0.999999 9.49683e-07
8 0.939172 0.0608282
8 0.571482 0.428518
8 0.727609 0.272391
8 0.999995 4.77703e-06
8 0.99903 0.000969588
8 0.996972 0.00302825
8 0.820215 0.179785
2 0.00668866 0.993311
2 0.00526842 0.994732
8 0.999996 4.0841e-06
2 0.0117359 0.988264
8 0.999625 0.000375051
2 0.000998103 0.999002
8 0.99806 0.00193984
8 0.999801 0.000199256
8 0.864995 0.135005
8 1 1.76546e-07
2 0.00479895 0.995201
8 0.896048 0.103952
2 0.0040635 0.995936
8 0.96375 0.0362502
8 0.787228 0.212772
8 0.991926 0.00807374
2 0.0107337 0.989266
2 0.445695 0.554305
8 0.997337 0.00266296
8 0.8033 0.1967
2 0.00866443 0.991336
8 0.999951 4.90542e-05
8 0.999997 2.80348e-06
8 0.99989 0.000110344
8 0.999263 0.000737239
8 0.995238 0.00476213
8 0.872082 0.127918
2 0.0429828 0.957017
2 0.00882777 0.991172
2 0.0151014 0.984899
2 0.485841 0.514159
8 0.998978 0.00102216
2 0.0384579 0.961542
8 0.997919 0.00208066
8 0.769975 0.230025
8 0.998631 0.00136899
8 0.999014 0.000986036
2 0.00136947 0.998631
8 0.998448 0.00155181
8 0.998397 0.00160346
8 0.999972 2.84121e-05
8 0.858391 0.141609
8 1 1e-07
8 0.999134 0.00086555
2 0.0109168 0.989083
8 0.794002 0.205998
8 0.999737 0.000262698
8 0.725951 0.274049
8 0.932189 0.0678109
2 0.301914 0.698086
8 0.995945 0.00405499
2 0.000488016 0.999512
8 0.902634 0.0973661
8 0.963463 0.0365369
8 0.984414 0.0155859
8 0.788074 0.211926
2 0.000135405 0.999865
8 0.973359 0.0266406
2 0.00598736 0.994013
8 0.990246 0.00975377
8 0.960702 0.0392976
8 0.991284 0.00871571
8 0.999711 0.000289477
2 0.264756 0.735244
8 0.959252 0.0407479
8 0.999078 0.000921709
2 0.000398841 0.999601
8 0.993236 0.00676365
8 0.956201 0.0437994
8 0.997327 0.00267289
8 1 1e-07
8 0.999753 0.000247088
2 0.00471433 0.995286
8 0.999198 0.000801936
8 0.999959 4.14261e-05
8 0.779591 0.220409
2 0.000625263 0.999375
8 0.999634 0.000365818
2 0.00619871 0.993801
8 0.999035 0.000965015
8 0.997852 0.00214836
2 0.400543 0.599457
8 0.980852 0.0191476
8 0.999999 1.23474e-06
8 0.950025 0.0499754
8 0.995756 0.00424426
2 0.00284563 0.997154
8 0.878881 0.121119
2 0.00382497 0.996175
2 0.448879 0.551121
8 0.999436 0.000564439
8 0.782472 0.217528
8 0.81781 0.18219
2 0.478777 0.521223
2 0.00313315 0.996867
2 0.0183761 0.981624
8 0.571698 0.428302
8 0.734009 0.265991
8 0.999997 3.37755e-06
8 0.95629 0.0437104
8 0.792795 0.207205
8 0.815175 0.184825
8 0.958596 0.0414039
8 0.778219 0.221781
8 0.785222 0.214778
8 0.986523 0.0134767
8 0.986733 0.0132668
8 0.973444 0.0265556
8 1 1e-07
2 0.0012534 0.998747
2 0.0174596 0.98254
8 0.998811 0.00118902
8 0.999994 6.49542e-06
8 0.99984 0.000159579
2 0.0259521 0.974048
8 0.826082 0.173918
8 0.677673 0.322327
2 0.00375091 0.996249
8 0.988612 0.011388
8 0.999999 6.87728e-07
8 0.99997 2.9905e-05
2 0.0112185 0.988781
8 0.942671 0.0573295
2 0.0124239 0.987576
8 0.958666 0.0413339
8 0.986242 0.0137576
2 0.470309 0.529691
8 0.995642 0.00435802
8 0.998414 0.00158584
8 0.961742 0.0382579
2 0.00353861 0.996461
2 0.0041949 0.995805
8 0.673944 0.326056
2 0.000348754 0.999651
8 0.999137 0.000862561
8 0.981483 0.0185168
2 0.444068 0.555932
8 0.903023 0.0969767
8 0.991881 0.00811917
8 0.998885 0.00111535
2 0.0323315 0.967669
8 0.995761 0.00423939
8 0.986758 0.0132424
8 0.999679 0.000320776
2 0.000528654 0.999471
8 0.947767 0.0522334
8 0.918536 0.0814641
8 0.999231 0.000769081
2 0.00106431 0.998936
8 0.550338 0.449662
8 0.831906 0.168094
8 0.998347 0.00165288
2 0.0020143 0.997986
8 0.609951 0.390049
8 0.798083 0.201917
2 0.000103833 0.999896
2 0.0543388 0.945661
8 0.912042 0.0879575
8 1 2.30221e-07
2 0.000190891 0.999809
8 0.983683 0.0163173
8 0.999094 0.000906011
2 0.327506 0.672494
2 0.0265385 0.973462
2 0.0594837 0.940516
8 0.999944 5.60688e-05
8 0.99835 0.00165009
8 0.997972 0.00202826
8 0.634382 0.365618
8 0.810747 0.189253
8 0.999978 2.18297e-05
2 0.0470855 0.952914
8 0.997073 0.00292652
8 0.999994 6.34352e-06
8 0.968497 0.031503
8 0.81724 0.18276
2 0.000134478 0.999866
8 0.586433 0.413567
8 0.99441 0.00559003
8 0.999996 3.52306e-06
2 0.00525098 0.994749
8 0.807873 0.192127
8 0.997007 0.00299279
8 0.99999 1.03621e-05
8 0.995341 0.00465915
8 0.999976 2.41223e-05
2 0.0105343 0.989466
2 0.000143108 0.999857
8 0.99526 0.00474016
8 0.938727 0.0612731
2 0.0024266 0.997573
2 0.422342 0.577658
2 0.00900568 0.990994
2 0.324821 0.675179
2 0.00253384 0.997466
8 0.987988 0.0120117
8 0.660212 0.339788
8 0.744918 0.255082
8 0.996762 0.00323756
8 0.994662 0.00533835
8 0.993974 0.00602641
2 0.00336937 0.996631
2 0.20049 0.79951
2 0.00711159 0.992888
8 0.859998 0.140002
8 0.999146 0.000853694
8 1 1.44505e-07
8 0.597364 0.402636
2 0.000418825 0.999581
2 0.384764 0.615236
8 0.914519 0.0854811
8 0.988158 0.011842
8 0.99985 0.000149586
8 0.993693 0.00630736
2 0.00961058 0.990389
8 0.999942 5.84346e-05
8 0.56208 0.43792
8 0.775851 0.224149
8 0.991339 0.00866099
8 0.996535 0.00346482
2 0.00538983 0.99461
2 0.00876329 0.991237
2 0.231083 0.768917
8 0.760786 0.239214
8 0.998378 0.00162202
8 0.966585 0.0334145
8 0.778414 0.221586
2 0.0359076 0.964092
8 0.611827 0.388173
8 0.803695 0.196305
8 0.999848 0.00015219
8 0.995879 0.00412064
8 0.999706 0.000294313
2 1.19957e-06 0.999999
8 0.999732 0.000268256
8 0.999989 1.11359e-05
8 0.72044 0.27956
8 0.999215 0.000785078
8 0.581164 0.418836
2 0.0940196 0.90598
8 0.594089 0.405911
2 0.397479 0.602521
8 0.973539 0.0264613
8 0.999987 1.29458e-05
8 0.999986 1.38246e-05
2 0.00116373 0.998836
8 0.99921 0.000790486
8 0.999511 0.000489175
8 0.574892 0.425108
2 0.000633921 0.999366
2 0.426852 0.573148
8 0.987791 0.0122093
8 1 1.23729e-07
2 0.355961 0.644039
8 1 1e-07
2 0.00190648 0.998094
2 0.00149905 0.998501
8 0.999913 8.67194e-05
8 1 2.84106e-07
8 0.935376 0.0646243
8 0.999896 0.00010397
2 0.00907358 0.990926
8 0.775264 0.224736
8 0.954118 0.0458816
8 0.998875 0.00112544
8 0.997902 0.00209834
8 0.999812 0.000188125
8 0.9804 0.0196004
8 0.765724 0.234276
8 0.9943 0.00570037
8 0.980007 0.019993
8 0.999988 1.15009e-05
8 0.898095 0.101905
8 0.999716 0.00028429
2 0.0102777 0.989722
8 0.866748 0.133252
2 0.0498102 0.95019
8 0.687244 0.312756
2 0.171923 0.828077
2 0.0545612 0.945439
8 0.690897 0.309103
8 0.999998 2.25519e-06
8 0.934009 0.0659907
8 0.647046 0.352954
8 0.953394 0.0466055
2 0.00023293 0.999767
8 0.531527 0.468473
8 0.924693 0.0753067
8 0.983985 0.0160154
2 0.000789849 0.99921
8 0.734558 0.265442
8 0.999973 2.70893e-05
8 0.638884 0.361116
8 1 2.44663e-07
2 0.10104 0.89896
2 0.0172821 0.982718
8 0.999631 0.000369421
2 0.259762 0.740238
2 0.00363408 0.996366
2 0.00180762 0.998192
2 0.45169 0.54831
8 0.998163 0.00183749
8 1 1.24831e-07
8 0.99999 1.04044e-05
8 0.999982 1.8006e-05
8 0.824558 0.175442
2 0.00337972 0.99662
8 0.999254 0.000745819
2 0.00546742 0.994533
8 0.975185 0.0248155
8 0.997049 0.00295131
2 0.243083 0.756917
8 1 1e-07
2 0.00854224 0.991458
8 0.994376 0.00562414
8 0.979709 0.0202911
2 0.00566879 0.994331
8 0.999594 0.000405652
8 0.97024 0.0297604
8 0.820174 0.179826
8 0.947583 0.0524172
8 0.921775 0.0782245
8 0.99998 1.97206e-05
8 0.767713 0.232287
8 0.999971 2.9452e-05
8 1 1e-07
2 0.444202 0.555798
8 0.966959 0.033041
8 0.992297 0.00770321
8 0.999997 3.09758e-06
8 0.961018 0.0389816
2 0.0109803 0.98902
8 0.999928 7.16612e-05
8 0.999261 0.000739342
8 0.867482 0.132518
2 0.356014 0.643986
8 0.999995 5.14407e-06
2 0.000443547 0.999556
2 0.00167001 0.99833
8 0.999256 0.000743917
8 0.780217 0.219783
2 0.00364996 0.99635
8 0.947268 0.0527323
8 0.998143 0.00185729
8 0.997066 0.0029339
8 0.994049 0.00595063
2 0.109154 0.890846
2 0.0122471 0.987753
8 0.908156 0.0918442
8 0.670663 0.329337
8 0.990748 0.00925154
2 0.00608048 0.99392
8 0.898149 0.101851
8 0.999998 2.13021e-06
8 0.714112 0.285888
8 0.971515 0.0284845
8 1 4.48905e-07
8 0.854433 0.145567
8 0.836753 0.163247
8 0.958164 0.041836
8 0.98854 0.0114602
8 0.999343 0.000656843
2 0.000385199 0.999615
8 0.894918 0.105082
8 0.999775 0.000224747
8 0.999998 1.63548e-06
2 0.284576 0.715424
8 0.978457 0.0215433
2 0.0141029 0.985897
2 0.151533 0.848467
8 0.536607 0.463393
8 0.998257 0.00174306
8 0.990645 0.00935472
2 0.462398 0.537602
8 0.999929 7.05642e-05
8 0.999949 5.08034e-05
2 0.00177988 0.99822
8 0.997386 0.0026145
8 0.89224 0.10776
2 0.479117 0.520883
8 0.999503 0.000496866
8 0.98589 0.0141105
8 0.995646 0.00435383
8 0.900513 0.0994874
8 0.971702 0.0282978
8 0.906724 0.0932761
8 0.800411 0.199589
8 0.903008 0.0969918
8 0.997894 0.00210612
2 3.56912e-05 0.999964
8 0.874009 0.125991
8 0.999999 7.45877e-07
8 0.999999 7.88777e-07
8 0.999996 3.78926e-06
8 0.9729 0.0270996
8 0.994169 0.00583079
8 0.999992 8.38273e-06
8 0.951542 0.0484582
8 0.614597 0.385403
8 0.901673 0.0983271
8 1 1e-07
8 0.627765 0.372235
2 0.00307714 0.996923
8 0.99999 9.76416e-06
2 0.00890804 0.991092
8 0.531268 0.468732
8 0.99441 0.0055895
2 0.424286 0.575714
2 0.00223832 0.997762
8 0.99981 0.000190277
8 0.589878 0.410122
2 8.69411e-05 0.999913
2 0.00119127 0.998809
2 0.280306 0.719694
8 0.990584 0.00941562
8 0.518388 0.481612
2 0.00290356 0.997096
2 0.42438 0.57562
8 0.96404 0.0359603
2 0.000140241 0.99986
8 0.911234 0.0887658
8 0.687885 0.312115
8 0.995013 0.00498728
8 1 1e-07
8 0.998838 0.00116153
2 0.0555802 0.94442
8 0.807763 0.192237
2 0.0918372 0.908163
8 0.926022 0.0739783
8 0.999369 0.000631157
8 0.999077 0.000922694
8 0.839135 0.160865
8 0.999341 0.000659129
2 0.000312571 0.999687
8 0.999224 0.000775903
2 0.000136538 0.999863
8 0.995231 0.0047689
8 0.999786 0.000213978
8 1 1e-07
8 0.791693 0.208307
8 0.98997 0.0100299
8 0.980781 0.0192185
2 0.000638741 0.999361
8 0.55306 0.44694
8 0.999176 0.000824427
2 0.000434922 0.999565
8 0.836562 0.163438
2 0.00704241 0.992958
8 0.996036 0.00396377
8 0.999496 0.00050392
8 0.971403 0.0285967
2 0.442622 0.557378
8 0.985055 0.0149448
8 0.760663 0.239337
2 0.0256844 0.974316
8 0.98027 0.0197302
8 0.999861 0.000139437
8 0.879946 0.120054
8 0.999681 0.000319023
2 0.361234 0.638766
8 0.99999 9.74499e-06
8 1 1e-07
8 1 1e-07
8 0.946722 0.0532776
8 0.999939 6.07904e-05
8 0.919199 0.0808007
8 1 1e-07
8 0.999988 1.19607e-05
8 0.809034 0.190966
2 0.243701 0.756299
8 0.843487 0.156513
8 0.984181 0.0158192
8 0.796614 0.203386
2 0.00831067 0.991689
8 1 1e-07
8 0.975568 0.024432
8 0.998652 0.00134754
8 0.999732 0.000267519
8 0.806972 0.193028
8 0.734589 0.265411
8 0.999979 2.06561e-05
8 0.625495 0.374505
8 0.999815 0.000184847
8 0.999767 0.000233237
8 0.903911 0.0960891
8 0.99947 0.000529832
2 0.000187329 0.999813
2 0.300077 0.699923
8 0.999999 6.96549e-07
2 3.01932e-06 0.999997
8 0.989934 0.0100659
2 0.000153599 0.999846
8 0.988698 0.0113021
8 0.971317 0.0286834
8 0.84234 0.15766
8 1 2.80124e-07
2 0.00406726 0.995933
8 0.999842 0.000157949
2 9.09498e-05 0.999909
8 0.999999 7.90106e-07
8 1 1e-07
8 0.998148 0.00185248
8 0.999659 0.000340619
8 0.933781 0.0662188
8 0.999723 0.000277403
2 0.00203625 0.997964
8 0.999872 0.000127622
2 0.0064363 0.993564
2 0.0101816 0.989818
8 0.999763 0.000236844
8 0.993748 0.00625162
8 0.975446 0.0245539
8 0.969424 0.0305757
8 0.992471 0.00752892
8 0.98042 0.0195801
8 0.890737 0.109263
8 1 1e-07
2 0.00432561 0.995674
2 0.0112006 0.988799
8 0.996609 0.00339091
8 0.999983 1.67867e-05
8 0.772788 0.227212
8 0.992413 0.00758681
2 0.061901 0.938099
2 0.0224599 0.97754
2 0.00433627 0.995664
8 0.999507 0.000492987
8 0.976142 0.0238584
8 0.992761 0.00723933
8 1 1e-07
8 0.914088 0.0859116
8 0.967628 0.0323716
8 0.999347 0.000652573
2 0.486559 0.513441
8 0.997182 0.00281837
8 0.994719 0.00528065
2 0.00761371 0.992386
8 0.999723 0.000277245
2 0.00488236 0.995118
8 0.999372 0.000627922
8 0.890161 0.109839
8 0.994866 0.0051342
8 0.99829 0.00170978
2 0.212686 0.787314
2 0.3952 0.6048
8 0.64386 0.35614
8 0.999629 0.000370864
8 0.980134 0.0198665
8 0.902566 0.0974337
8 0.998986 0.00101351
8 0.790168 0.209832
8 0.999915 8.54132e-05
8 0.969158 0.0308416
8 0.999991 8.69522e-06
8 0.512395 0.487605
8 0.99868 0.00131983
2 0.197596 0.802404
8 0.99983 0.00016984
8 0.535282 0.464718
8 0.949412 0.0505877
8 0.997468 0.00253159
2 0.00246314 0.997537
2 0.0270985 0.972902
8 0.974692 0.0253082
8 0.999259 0.000741305
8 0.885235 0.114765
8 0.99972 0.000280045
8 0.795114 0.204886
2 0.000471957 0.999528
2 0.00370002 0.9963
8 0.999889 0.000110711
8 0.999542 0.000458202
2 0.424993 0.575007
8 0.589837 0.410163
2 0.00338806 0.996612
2 0.151118 0.848882
8 0.999995 4.8707e-06
8 0.998462 0.00153801
8 0.727953 0.272047
8 0.994621 0.0053788
8 0.993458 0.00654175
8 0.996838 0.00316183
8 0.998426 0.00157396
8 1 1.87325e-07
8 0.920138 0.0798618
8 0.999985 1.4685e-05
8 0.999286 0.000713704
2 0.259521 0.740479
8 0.726334 0.273666
8 0.99148 0.00852026
2 0.00383573 0.996164
8 0.990776 0.00922395
2 0.0023717 0.997628
8 0.967781 0.0322185
8 0.99011 0.00988975
8 0.961999 0.0380012
8 0.791648 0.208352
2 0.000991301 0.999009
2 0.0153828 0.984617
8 0.998148 0.00185207
8 0.995023 0.00497714
2 0.0707634 0.929237
2 0.00447638 0.995524
8 0.997644 0.00235575
2 0.203075 0.796925
8 0.685133 0.314867
8 0.999933 6.6775e-05
8 0.620378 0.379622
2 0.0159387 0.984061
8 1 1e-07
8 0.938314 0.0616863
8 0.834913 0.165087
8 0.926935 0.0730649
8 0.996947 0.00305269
8 0.996932 0.00306774
8 0.999845 0.000154602
8 0.999924 7.59645e-05
8 0.939386 0.0606141
2 0.00165055 0.998349
8 0.636189 0.363811
8 0.824571 0.175429
8 0.964191 0.0358095
2 0.445146 0.554854
8 1 1e-07
8 0.999999 5.23297e-07
2 0.348558 0.651442
8 0.993982 0.00601777
8 0.998209 0.00179112
8 0.956144 0.0438564
8 0.996993 0.00300738
8 0.916255 0.0837452
2 0.0388634 0.961137
8 0.908685 0.0913153
2 3.2776e-05 0.999967
8 0.698063 0.301937
2 0.00234832 0.997652
8 0.953084 0.0469156
8 0.663042 0.336958
8 0.998381 0.00161893
2 0.00982928 0.990171
8 0.998879 0.00112115
8 0.999236 0.00076438
2 0.00338793 0.996612
8 0.999576 0.000424332
2 2.79068e-05 0.999972
2 0.0713312 0.928669
2 1.84494e-05 0.999982
8 0.95499 0.0450097
8 0.647437 0.352563
2 0.015719 0.984281
8 0.625211 0.374789
8 0.99537 0.00463038
8 0.926391 0.0736092
8 0.99248 0.00751988
2 0.00043433 0.999566
2 0.0044239 0.995576
8 0.992678 0.00732159
8 0.999857 0.000142575
8 0.998466 0.0015344
8 0.996437 0.00356268
2 0.00378458 0.996215
2 6.17958e-05 0.999938
8 0.983455 0.0165454
8 0.967453 0.0325472
8 0.999102 0.000898294
8 0.999938 6.24858e-05
8 0.999192 0.000807584
8 0.87086 0.12914
2 0.0806759 0.919324
8 0.940783 0.059217
8 0.999999 6.95577e-07
8 0.999873 0.000127126
8 0.957118 0.0428823
8 0.999989 1.07484e-05
8 0.999293 0.00070703
8 0.986505 0.013495
2 0.37142 0.62858
8 0.999459 0.000541261
8 0.943702 0.0562985
2 0.45854 0.54146
2 0.163968 0.836032
2 0.00059533 0.999405
2 0.303411 0.696589
2 0.368156 0.631844
8 0.649561 0.350439
8 0.991186 0.00881391
8 0.846928 0.153072
8 0.99989 0.00011013
8 0.63581 0.36419
8 0.921302 0.0786978
8 0.999354 0.000646245
2 0.493415 0.506585
2 0.00149064 0.998509
2 0.0493714 0.950629
8 0.751247 0.248753
2 0.00028737 0.999713
8 0.994852 0.00514845
8 0.733979 0.266021
8 0.971254 0.0287461
8 0.987957 0.0120426
8 0.810155 0.189845
2 0.0196027 0.980397
8 0.999999 6.87889e-07
8 0.999944 5.57913e-05
2 0.00389132 0.996109
8 0.999861 0.0001389
8 0.995232 0.00476782
2 0.489491 0.510509
2 0.396525 0.603475
2 0.0130058 0.986994
8 0.999847 0.000153163
8 0.999997 3.28108e-06
2 0.0131524 0.986848
2 0.0032969 0.996703
8 0.815325 0.184675
8 0.565352 0.434648
8 1 1e-07
8 0.999948 5.19954e-05
8 1 1.32508e-07
8 1 1e-07
2 0.183198 0.816802
2 0.00934156 0.990658
2 0.240492 0.759508
8 0.953599 0.0464009
8 0.885524 0.114476
2 0.000246774 0.999753
8 0.930922 0.0690782
8 0.999999 8.34733e-07
2 0.0063497 0.99365
8 0.999819 0.000181066
8 0.999771 0.000228586
8 0.999966 3.36233e-05
8 0.999374 0.000626413
2 2.74649e-05 0.999973
8 0.998529 0.00147132
8 1 1.64713e-07
8 0.84678 0.15322
2 0.0108418 0.989158
2 0.00281341 0.997187
8 0.98101 0.0189903
8 0.961456 0.0385437
8 0.872889 0.127111
8 0.965098 0.0349015
8 0.993039 0.00696085
8 0.985643 0.0143569
8 0.767464 0.232536
8 0.999919 8.11179e-05
8 0.999884 0.000116221
2 0.000644349 0.999356
8 0.97679 0.0232103
8 0.998619 0.00138089
8 0.994052 0.0059475
2 0.00310552 0.996894
2 0.0329128 0.967087
8 0.999955 4.48193e-05
8 0.948339 0.0516609
8 0.999997 2.96476e-06
8 1 1e-07
8 0.899443 0.100557
8 1 1e-07
8 0.999373 0.000627063
8 0.99957 0.000429974
2 0.0112349 0.988765
8 0.999983 1.74073e-05
2 0.483669 0.516331
2 0.00983072 0.990169
2 0.00279776 0.997202
8 0.995159 0.00484127
2 0.26187 0.73813
8 1 3.07536e-07
8 0.998663 0.00133718
2 2.65414e-05 0.999973
8 0.937572 0.0624279
8 0.652107 0.347893
8 0.993252 0.00674796
8 1 1e-07
8 0.97868 0.0213202
8 0.639744 0.360256
8 1 1e-07
2 1.43886e-05 0.999986
8 0.92266 0.0773397
8 0.785718 0.214282
8 0.998751 0.00124855
2 8.66246e-05 0.999913
2 0.000773052 0.999227
8 0.993815 0.00618487
8 0.904435 0.0955645
2 0.0181016 0.981898
8 0.773189 0.226811
8 0.98919 0.0108095
2 0.000613365 0.999387
8 1 1.18536e-07
8 0.978339 0.0216608
8 1 1.97621e-07
8 0.85411 0.14589
8 0.959744 0.0402564
8 0.675861 0.324139
8 0.999745 0.000255042
8 0.97466 0.0253399
8 0.99962 0.000379611
2 0.0114717 0.988528
2 2.0069e-05 0.99998
8 0.778303 0.221697
8 0.999976 2.4333e-05
8 1 1e-07
8 0.602621 0.397379
8 0.998243 0.00175713
8 0.997612 0.00238813
8 1 1e-07
2 0.0088668 0.991133
8 0.999044 0.000955829
2 0.326843 0.673157
8 0.617544 0.382456
8 1 2.39337e-07
2 0.00203645 0.997964
2 0.00814423 0.991856
2 0.00361944 0.996381
8 0.997748 0.00225182
2 0.200212 0.799788
8 0.713145 0.286855
8 0.960044 0.0399562
8 1 1e-07
2 0.1941 0.8059
8 1 1e-07
8 0.995071 0.00492928
8 0.999999 7.29712e-07
8 0.998945 0.00105488
8 0.999934 6.55429e-05
2 0.000240633 0.999759
2 0.385353 0.614647
8 0.995067 0.00493273
8 0.889457 0.110543
8 0.991671 0.00832892
8 0.973123 0.0268769
8 0.999976 2.4298e-05
8 1 1e-07
2 0.00322831 0.996772
2 0.0111489 0.988851
2 0.104911 0.895089
8 0.996903 0.00309675
8 0.709757 0.290243
8 0.889724 0.110276
8 0.984487 0.015513
2 0.179452 0.820548
2 0.000106877 0.999893
8 0.957381 0.0426185
8 0.999941 5.92629e-05
8 0.983995 0.0160054
2 0.00292017 0.99708
2 0.486527 0.513473
2 0.00272091 0.997279
8 0.990657 0.0093428
8 0.999405 0.000595309
2 0.102581 0.897419
8 0.99962 0.000379649
8 0.996669 0.00333142
2 0.190433 0.809567
8 0.914541 0.0854586
8 0.632384 0.367616
8 0.998146 0.00185431
8 0.998284 0.00171617
8 0.999768 0.000231519
2 0.230248 0.769752
8 0.962495 0.037505
8 0.980246 0.0197544
8 0.98414 0.0158597
2 0.00259931 0.997401
8 0.992632 0.007368
8 0.982556 0.017444
8 0.783412 0.216588
8 0.999998 1.80353e-06
8 0.8058 0.1942
2 0.0893338 0.910666
8 0.996703 0.00329725
8 0.690013 0.309987
8 0.9975 0.00249997
2 0.420677 0.579323
2 1.99789e-06 0.999998
8 0.997859 0.00214111
8 0.955431 0.0445695
2 0.296854 0.703146
2 0.00195231 0.998048
8 0.999041 0.000958681
2 0.00295297 0.997047
8 1 1e-07
8 0.999896 0.000103697
8 0.997517 0.00248298
8 0.992926 0.0070741
2 0.00216068 0.997839
2 0.00516487 0.994835
8 0.973587 0.0264134
8 0.707939 0.292061
2 0.0136067 0.986393
8 0.988038 0.0119621
2 0.0024527 0.997547
8 0.965043 0.0349572
8 0.999838 0.000161861
2 0.0059958 0.994004
8 0.999044 0.000955926
8 0.927578 0.072422
8 0.787522 0.212478
8 0.999985 1.47912e-05
8 0.978555 0.021445
8 0.631472 0.368528
2 0.0918179 0.908182
8 0.997889 0.00211104
2 0.302436 0.697564
8 0.58248 0.41752
8 0.997845 0.00215498
8 0.901896 0.0981038
8 0.776021 0.223979
8 0.999428 0.000572324
8 0.996437 0.00356298
2 0.049041 0.950959
8 0.99648 0.00351969
8 0.685165 0.314835
8 0.718706 0.281294
8 0.999108 0.00089212
8 1 1.97989e-07
8 0.930039 0.0699607
8 0.939342 0.060658
8 0.999963 3.65682e-05
8 0.99999 9.93881e-06
2 0.347293 0.652707
8 0.999974 2.56991e-05
2 0.29658 0.70342
8 0.995926 0.00407394
8 0.999947 5.32412e-05
2 0.0566487 0.943351
2 0.00534221 0.994658
8 0.997546 0.00245377
8 0.999911 8.90779e-05
8 0.772068 0.227932
8 0.836948 0.163052
2 0.000445836 0.999554
8 0.999888 0.000111502
8 0.997461 0.00253933
2 0.000385289 0.999615
2 0.344523 0.655477
2 0.4102 0.5898
2 0.000388003 0.999612
8 0.791918 0.208082
8 0.999941 5.94741e-05
2 0.072148 0.927852
2 4.19491e-05 0.999958
8 0.989257 0.0107435
8 0.984125 0.0158746
8 0.966143 0.0338572
2 0.00183958 0.99816
8 0.997652 0.00234759
2 0.000121687 0.999878
8 0.995581 0.0044192
8 0.999995 4.80059e-06
8 0.999913 8.74549e-05
8 0.943018 0.0569824
8 0.996542 0.00345832
2 0.000479251 0.999521
8 0.998825 0.00117473
8 0.950192 0.0498085
8 0.540339 0.459661
8 0.981801 0.0181985
8 0.981447 0.0185526
8 0.708907 0.291093
8 0.991059 0.00894085
8 0.803091 0.196909
8 0.905058 0.0949419
8 0.573803 0.426197
2 2.58401e-06 0.999997
2 0.0460064 0.953994
2 0.000102917 0.999897
8 0.999706 0.00029442
2 0.00127337 0.998727
8 0.999954 4.57452e-05
8 0.999977 2.28467e-05
8 0.997954 0.00204611
8 0.77848 0.22152
8 0.999004 0.000996055
8 0.958104 0.0418957
8 0.922237 0.0777632
8 0.997284 0.00271632
2 0.235651 0.764349
8 0.999904 9.64849e-05
2 0.36109 0.63891
8 1 1e-07
8 0.999447 0.000552818
8 0.999993 6.67484e-06
8 0.999562 0.000438288
8 0.999959 4.10035e-05
8 0.999947 5.2981e-05
8 1 1.47766e-07
2 0.0125617 0.987438
8 0.998782 0.00121838
8 0.937729 0.0622714
2 0.00524159 0.994758
2 1.81967e-06 0.999998
8 0.736491 0.263509
8 0.997791 0.00220945
2 0.000326343 0.999674
2 0.287487 0.712513
8 0.970956 0.0290439
8 0.999986 1.42053e-05
8 0.564967 0.435033
8 0.582369 0.417631
2 0.163097 0.836903
2 0.00467774 0.995322
8 0.964419 0.0355809
2 0.000419007 0.999581
8 0.987621 0.0123793
8 0.591878 0.408122
2 0.000569594 0.99943
8 0.916429 0.0835714
2 0.00437938 0.995621
8 0.95338 0.0466201
8 0.999905 9.45715e-05
2 0.327251 0.672749
8 0.999999 9.59224e-07
2 0.0737959 0.926204
8 1 1e-07
8 0.999901 9.8888e-05
8 0.97068 0.0293196
2 0.0227985 0.977202
8 0.842815 0.157185
8 0.863456 0.136544
8 0.999532 0.000467572
8 0.962925 0.0370754
8 0.720857 0.279143
2 0.0163712 0.983629
8 0.999451 0.000549012
2 0.00738093 0.992619
8 0.631054 0.368946
8 0.996465 0.00353525
8 0.876919 0.123081
8 0.901275 0.0987252
8 0.868973 0.131027
2 0.181853 0.818147
8 1 3.33037e-07
8 0.999975 2.50668e-05
2 0.300222 0.699778
8 0.806511 0.193489
2 0.0350419 0.964958
2 2.55317e-05 0.999974
8 0.99962 0.00038036
8 0.924753 0.075247
8 0.997322 0.0026781
2 0.0340934 0.965907
8 0.72258 0.27742
8 0.894701 0.105299
8 0.906845 0.0931553
8 0.997897 0.00210258
8 0.988776 0.0112243
2 0.183945 0.816055
8 0.826545 0.173455
2 0.00156183 0.998438
8 0.639921 0.360079
8 0.716112 0.283888
8 0.720601 0.279399
8 0.993115 0.00688495
8 0.550593 0.449407
8 0.999986 1.35264e-05
2 0.00188925 0.998111
8 0.63741 0.36259
8 0.997897 0.00210317
8 0.998199 0.00180129
8 0.854847 0.145153
8 0.853729 0.146271
8 0.741542 0.258458
8 0.999883 0.000116541
8 0.624102 0.375898
8 0.999999 5.00864e-07
2 0.00496927 0.995031
8 0.976046 0.0239538
8 0.999934 6.61268e-05
2 0.010198 0.989802
2 0.00271355 0.997286
8 0.993338 0.00666228
2 0.000655647 0.999344
8 0.97423 0.0257704
8 0.989811 0.0101895
8 0.984622 0.0153778
8 0.999487 0.000513043
8 0.997855 0.00214541
8 0.997033 0.00296693
2 0.00720903 0.992791
8 0.950101 0.0498989
8 0.712176 0.287824
2 0.341039 0.658961
8 0.7425 0.2575
8 0.977706 0.0222943
2 0.000198335 0.999802
8 0.999702 0.000297558
8 0.980049 0.0199508
2 0.000540045 0.99946
8 0.978698 0.0213019
8 0.999984 1.60548e-05
8 0.973713 0.0262873
8 0.57283 0.42717
8 0.99592 0.00408033
8 0.997246 0.00275355
8 0.999805 0.000195407
2 0.00465961 0.99534
2 0.0228805 0.977119
8 0.997399 0.00260099
8 0.86238 0.13762
2 0.0236294 0.976371
8 0.626417 0.373583
8 0.657476 0.342524
8 0.962845 0.0371552
8 0.993062 0.0069383
2 0.00686933 0.993131
8 0.506212 0.493788
8 0.983432 0.0165676
8 0.999995 5.15905e-06
8 0.99796 0.00204037
8 0.995752 0.00424845
8 0.999798 0.00020177
8 0.581963 0.418037
2 0.151714 0.848286
2 0.330573 0.669427
2 0.000193355 0.999807
8 0.993726 0.00627423
8 1 1.03834e-07
2 0.00132277 0.998677
8 0.999942 5.82316e-05
8 1 1e-07
2 0.133877 0.866123
8 0.998946 0.00105361
8 0.967629 0.032371
2 0.175424 0.824576
8 0.999999 7.81948e-07
8 0.984567 0.0154334
8 0.981235 0.0187646
8 0.983487 0.0165134
8 0.965295 0.0347048
8 0.999991 9.40438e-06
8 0.764477 0.235523
8 0.99935 0.000650284
2 0.00271644 0.997284
8 0.999354 0.000646377
8 0.999742 0.000258056
8 0.631353 0.368647
8 0.999998 1.79454e-06
8 0.757762 0.242238
8 0.851374 0.148626
8 0.943822 0.0561779
2 0.000353147 0.999647
8 0.822846 0.177154
8 0.999995 5.40179e-06
8 0.999235 0.000765367
8 0.682675 0.317325
2 0.299226 0.700774
2 0.00412965 0.99587
8 0.987212 0.0127883
8 0.961686 0.0383139
8 0.998941 0.0010592
2 0.137891 0.862109
8 0.997644 0.00235637
8 0.839014 0.160986
8 0.999991 9.15175e-06
2 0.00181796 0.998182
8 1 1e-07
8 0.98924 0.0107605
8 0.997726 0.00227361
8 0.999996 3.55066e-06
2 0.216063 0.783937
8 0.998744 0.00125562
2 0.132525 0.867475
8 0.999979 2.1449e-05
8 0.880291 0.119709
8 0.580481 0.419519
2 2.75686e-05 0.999972
8 0.999978 2.1646e-05
2 0.00956853 0.990431
8 0.999868 0.000131654
8 0.999406 0.000594252
2 0.00914734 0.990853
8 0.999504 0.000495827
8 0.653537 0.346463
2 0.00545244 0.994548
2 0.00305097 0.996949
8 0.977885 0.0221152
8 0.808052 0.191948
8 0.702794 0.297206
8 0.580533 0.419467
8 0.999799 0.000200982
2 0.0503448 0.949655
8 0.999867 0.000133256
8 1 1e-07
8 0.617207 0.382793
8 0.981911 0.0180889
2 5.19906e-05 0.999948
8 0.999376 0.000623741
2 0.000575126 0.999425
8 0.888097 0.111903
8 1 1e-07
2 0.0957066 0.904293
2 0.436427 0.563573
2 0.446074 0.553926
2 0.00414091 0.995859
2 0.00482602 0.995174
8 0.999999 9.51094e-07
8 0.998799 0.00120091
2 0.00187006 0.99813
8 0.996184 0.00381602
8 0.743801 0.256199
2 0.00077839 0.999222
8 0.569143 0.430857
8 0.997635 0.00236483
2 1.68313e-06 0.999998
8 0.991659 0.00834121
8 0.999986 1.42799e-05
8 0.995905 0.00409531
8 0.793959 0.206041
8 0.995376 0.00462394
8 0.98851 0.0114897
2 0.00019221 0.999808
8 0.996191 0.00380911
2 0.0257612 0.974239
2 0.15699 0.84301
8 0.99993 6.99377e-05
8 0.999077 0.000923342
8 0.988467 0.011533
8 0.957169 0.0428312
8 0.99958 0.000419814
8 0.91566 0.0843399
8 0.97328 0.0267205
8 0.712656 0.287344
8 0.999017 0.000982943
2 0.0509386 0.949061
8 0.999454 0.000545602
8 0.999914 8.5525e-05
8 0.554571 0.445429
2 0.000332206 0.999668
2 0.00255636 0.997444
8 0.999241 0.000759481
8 0.999069 0.000930785
8 1 1e-07
8 0.999995 4.77782e-06
8 0.996895 0.00310477
8 0.999999 8.66944e-07
8 0.908316 0.0916841
8 0.87566 0.12434
8 0.999708 0.000292327
8 0.783226 0.216774
8 0.559497 0.440503
2 0.00408904 0.995911
8 1 3.9348e-07
8 0.999169 0.000831072
8 0.99978 0.000219555
8 0.575311 0.424689
8 0.999837 0.0001632
8 0.986071 0.0139288
2 0.489265 0.510735
2 0.000791333 0.999209
8 0.99999 9.68133e-06
2 0.00847841 0.991522
8 1 3.20949e-07
8 0.958572 0.0414277
2 0.00202448 0.997976
2 0.0060856 0.993914
8 0.927303 0.0726972
8 0.861337 0.138663
8 0.95871 0.04129
8 0.914775 0.0852253
2 0.00856027 0.99144
2 0.115808 0.884192
8 0.831249 0.168751
8 0.997171 0.00282864
8 0.945085 0.0549152
8 0.999999 6.55796e-07
8 0.998561 0.00143896
8 0.999579 0.000421138
2 0.00847187 0.991528
2 0.0141566 0.985843
2 0.0380781 0.961922
8 0.989685 0.0103154
8 0.919208 0.0807917
8 0.998345 0.00165452
2 3.80371e-05 0.999962
8 0.999709 0.000290867
2 0.162886 0.837114
8 0.998863 0.00113652
8 0.999803 0.000196562
2 0.0455958 0.954404
8 0.99675 0.00324985
8 0.96564 0.0343602
8 0.569662 0.430338
8 0.999723 0.000277231
8 0.972742 0.0272581
2 0.00353128 0.996469
8 0.999999 5.4471e-07
2 0.00194116 0.998059
8 0.894151 0.105849
8 0.758272 0.241728
8 1 1e-07
8 0.993543 0.00645675
8 0.99874 0.00125968
8 0.872657 0.127343
8 0.928045 0.0719548
2 0.0585866 0.941413
2 0.453516 0.546484
8 0.992627 0.00737302
8 0.788731 0.211269
8 0.997757 0.00224335
8 0.968435 0.0315654
8 0.982721 0.0172793
8 0.523004 0.476996
2 0.343977 0.656023
8 0.999999 6.52624e-07
8 0.998095 0.00190473
2 0.00254147 0.997459
2 0.0158934 0.984107
8 0.998591 0.0014093
8 1 1e-07
8 0.944667 0.0553326
8 0.999937 6.2926e-05
8 0.539533 0.460467
8 0.887643 0.112357
8 0.965748 0.034252
8 0.994161 0.00583947
8 0.999855 0.000145161
8 0.991679 0.00832067
8 0.999898 0.000101548
8 0.999969 3.07736e-05
8 0.975988 0.0240124
8 0.828946 0.171054
8 0.999395 0.000605263
8 0.998119 0.00188092
2 0.107617 0.892383
2 0.00189961 0.9981
8 0.944743 0.055257
8 0.934429 0.0655708
2 0.000497207 0.999503
8 0.999916 8.41487e-05
8 0.987897 0.0121031
8 0.999991 9.48457e-06
8 0.999996 3.54593e-06
8 0.997882 0.00211825
8 0.884212 0.115788
8 0.999517 0.000482986
2 0.000375664 0.999624
2 0.262414 0.737586
2 0.401328 0.598672
2 0.00339153 0.996608
8 0.999912 8.79971e-05
8 0.974296 0.025704
2 0.00509542 0.994905
8 0.999568 0.000432069
8 0.943607 0.0563934
2 6.21564e-05 0.999938
8 0.997491 0.00250887
8 0.603548 0.396452
2 0.000405586 0.999594
8 0.999287 0.000712779
8 0.88101 0.11899
2 0.00483014 0.99517
8 0.704931 0.295069
8 0.999987 1.26706e-05
8 1 1e-07
2 0.322299 0.677701
8 0.999999 6.5418e-07
8 0.746027 0.253973
2 0.0130239 0.986976
8 0.999897 0.000103198
8 0.539379 0.460621
2 0.000192847 0.999807
8 0.969873 0.0301265
8 0.765944 0.234056
8 0.995359 0.00464131
8 0.9994 0.000600221
8 0.890205 0.109795
2 0.0270516 0.972948
2 0.00674166 0.993258
8 0.993557 0.00644268
8 0.952981 0.0470191
8 0.995817 0.00418338
8 0.862593 0.137407
8 0.999923 7.69903e-05
8 0.998137 0.00186307
8 0.59754 0.40246
8 0.967515 0.0324853
8 0.999986 1.43955e-05
2 0.00741943 0.992581
8 0.99381 0.0061898
8 0.906449 0.0935513
8 1 1e-07
8 0.996624 0.0033764
8 0.999281 0.000719157
8 0.999989 1.13086e-05
2 0.0151476 0.984852
8 0.873325 0.126675
2 0.0312686 0.968731
8 0.999818 0.000181529
8 0.999957 4.3346e-05
8 1 1e-07
2 0.0122737 0.987726
8 0.999999 9.43072e-07
8 0.999789 0.000211245
2 0.108805 0.891195
8 0.999834 0.000165932
2 0.00456053 0.995439
8 0.994721 0.00527919
8 0.612319 0.387681
8 0.998025 0.00197546
2 0.104232 0.895768
2 0.00442563 0.995574
8 0.99672 0.00328007
8 0.999928 7.19916e-05
8 0.948355 0.0516452
8 0.997724 0.0022756
8 0.996357 0.00364309
8 0.999773 0.000226959
8 0.999252 0.000747955
8 0.978624 0.0213757
2 0.484831 0.515169
8 0.999992 7.90949e-06
8 0.999992 8.48719e-06
8 0.978562 0.0214379
2 0.00866596 0.991334
8 0.687738 0.312262
8 0.991863 0.0081366
8 0.831806 0.168194
8 0.999506 0.000494019
8 0.56197 0.43803
8 0.924263 0.0757366
8 0.999282 0.000718155
8 0.610903 0.389097
8 0.99928 0.000719709
8 0.999995 4.97525e-06
2 0.328101 0.671899
8 0.960336 0.0396641
2 0.000199799 0.9998
2 0.00272657 0.997273
8 0.98747 0.0125299
8 0.998358 0.00164194
8 1 3.58487e-07
8 0.99918 0.000820297
8 0.999604 0.000396332
2 0.00285068 0.997149
8 0.953663 0.0463375
8 1 1.09262e-07
8 0.882073 0.117927
8 0.995981 0.00401862
2 0.00481968 0.99518
8 0.99934 0.000660155
8 0.998973 0.00102747
8 0.998535 0.00146522
8 0.999985 1.5435e-05
8 0.998466 0.00153449
8 0.783218 0.216782
8 0.998176 0.0018236
2 0.0137182 0.986282
8 0.998379 0.00162091
2 0.0442864 0.955714
8 0.999995 4.79643e-06
2 0.000987548 0.999012
8 0.999992 8.33871e-06
8 0.920081 0.0799193
2 0.000148099 0.999852
2 3.48713e-07 1
2 0.000250721 0.999749
8 0.975612 0.0243878
2 0.00107395 0.998926
8 0.999943 5.71562e-05
8 0.9985 0.00150032
2 0.454504 0.545496
8 0.999916 8.38229e-05
8 0.999169 0.000830799
8 0.888017 0.111983
8 0.999997 3.17832e-06
2 0.00752348 0.992477
8 0.931726 0.068274
2 0.117937 0.882063
8 0.997813 0.00218703
8 0.725883 0.274117
8 0.960605 0.0393951
2 0.000706502 0.999293
2 0.00319551 0.996804
8 0.949181 0.0508189
8 0.993211 0.00678869
8 0.992392 0.00760837
8 0.950279 0.0497211
8 0.999632 0.000367807
8 0.999999 1.47023e-06
8 0.998844 0.00115566
8 0.999686 0.000314361
8 0.773774 0.226226
8 0.936831 0.0631694
2 0.476313 0.523687
8 0.994944 0.0050558
2 0.00222841 0.997772
8 0.847976 0.152024
8 0.993594 0.00640564
8 0.976148 0.0238524
8 1 1e-07
8 0.999273 0.000727074
8 0.999195 0.000804842
8 0.999658 0.000341704
8 0.884432 0.115568
8 0.992667 0.0073329
2 0.0191951 0.980805
8 1 1e-07
8 0.755653 0.244347
2 0.000489755 0.99951
8 0.933193 0.0668067
8 0.660833 0.339167
8 0.554191 0.445809
8 0.953595 0.0464055
2 0.0338453 0.966155
8 0.999252 0.000747711
8 1 1e-07
8 1 1.28052e-07
2 0.0256625 0.974337
8 0.999933 6.68701e-05
8 1 4.0869e-07
8 1 3.64613e-07
8 0.812736 0.187264
2 0.11156 0.88844
8 0.999752 0.000248355
2 0.0157179 0.984282
8 0.999945 5.49232e-05
8 0.999764 0.000235898
8 0.956326 0.043674
2 0.000277823 0.999722
8 0.667515 0.332485
8 0.889837 0.110163
8 0.876922 0.123078
8 0.999124 0.000875946
8 0.999994 5.53547e-06
8 0.99963 0.000370188
8 0.99876 0.00123961
8 0.999989 1.12721e-05
2 0.082016 0.917984
8 0.999885 0.000115338
8 0.99983 0.00017037
2 0.0551656 0.944834
2 0.0124922 0.987508
2 0.46151 0.53849
8 1 1e-07
8 0.793347 0.206653
8 0.997947 0.00205328
8 0.999944 5.58239e-05
8 0.938535 0.0614653
8 1 2.99795e-07
8 0.949952 0.0500476
8 0.999822 0.000178072
8 0.984373 0.0156265
8 0.938696 0.0613043
2 0.00535264 0.994647
8 0.99262 0.00738006
8 0.999979 2.09484e-05
8 0.726796 0.273204
8 0.86562 0.13438
2 0.00688955 0.99311
8 0.998814 0.00118569
8 0.99998 1.99787e-05
2 0.00533017 0.99467
8 0.998943 0.00105681
8 0.998802 0.00119826
8 1 1e-07
8 0.999693 0.000307249
8 0.999917 8.3379e-05
8 0.982672 0.0173278
8 0.919122 0.080878
8 0.999997 3.22275e-06
8 0.97698 0.02302
8 0.904055 0.0959452
8 0.887003 0.112997
8 0.994251 0.00574944
8 0.982467 0.017533
2 0.000254532 0.999745
8 0.99951 0.000489814
2 0.000386719 0.999613
2 0.455361 0.544639
8 0.99816 0.00183956
8 0.954806 0.0451937
8 0.852202 0.147798
8 0.595424 0.404576
8 0.998636 0.00136441
8 0.999244 0.000755666
2 3.31577e-05 0.999967
8 0.995022 0.00497776
8 0.650868 0.349132
2 0.00301615 0.996984
8 0.999997 2.89694e-06
8 0.634301 0.365699
8 0.999785 0.000215488
8 0.999995 5.43782e-06
8 0.999603 0.000397284
8 0.959757 0.0402432
8 0.992178 0.00782172
2 0.0138625 0.986138
8 0.998833 0.00116659
8 0.994531 0.00546947
2 0.0178489 0.982151
2 0.000262369 0.999738
8 0.967755 0.0322447
8 0.999824 0.0001757
8 0.887815 0.112185
2 0.373547 0.626453
8 0.999999 8.15833e-07
2 4.98607e-06 0.999995
8 0.894063 0.105937
8 0.999253 0.00074683
8 0.998591 0.00140911
2 0.351002 0.648998
2 2.69748e-05 0.999973
8 0.949468 0.0505321
8 0.999996 4.17917e-06
2 0.256208 0.743792
8 0.908948 0.0910516
8 0.86335 0.13665
2 0.00191257 0.998087
2 0.361083 0.638917
8 0.999543 0.000457448
8 0.998481 0.00151851
8 1 1e-07
8 0.999397 0.000603333
2 0.00396028 0.99604
8 0.999991 8.65917e-06
8 0.919442 0.0805582
8 0.614358 0.385642
8 0.998507 0.00149264
2 0.00449876 0.995501
8 0.995558 0.00444201
2 0.000124567 0.999875
2 0.0370849 0.962915
8 0.998768 0.00123201
8 1 1e-07
8 0.999714 0.000285539
8 0.5997 0.4003
8 0.638588 0.361412
8 1 1e-07
8 0.996607 0.00339281
8 0.999333 0.000667273
8 0.798825 0.201175
2 0.34732 0.65268
2 0.0118631 0.988137
8 0.998652 0.00134812
2 0.318123 0.681877
2 0.00264685 0.997353
8 0.677017 0.322983
8 0.81609 0.18391
8 0.991888 0.00811215
8 0.756489 0.243511
8 1 1.22172e-07
8 0.999795 0.000204856
8 0.958151 0.0418492
2 0.000606964 0.999393
8 0.999401 0.000598789
8 0.999971 2.92631e-05
2 0.00208417 0.997916
8 0.858236 0.141764
2 0.0216661 0.978334
8 0.997845 0.00215462
2 0.00262468 0.997375
8 0.958645 0.0413551
8 0.999994 6.31036e-06
8 0.711623 0.288377
2 0.00104876 0.998951
8 0.840246 0.159754
8 1 4.07722e-07
8 0.999998 1.79685e-06
2 0.00238932 0.997611
2 0.00487775 0.995122
8 0.996811 0.00318889
8 0.657085 0.342915
8 0.999852 0.000148263
8 0.999564 0.000435978
8 0.895619 0.104381
8 0.989072 0.0109279
8 0.999518 0.000481593
8 0.91485 0.0851502
2 0.00297977 0.99702
8 0.998228 0.00177155
2 1.33333e-05 0.999987
2 2.71024e-05 0.999973
8 0.999439 0.000560942
2 0.000494606 0.999505
8 1 1.4645e-07
2 0.478201 0.521799
2 0.401761 0.598239
2 0.0553131 0.944687
8 0.999969 3.05638e-05
2 0.434568 0.565432
8 0.999007 0.000993426
8 1 1e-07
8 0.999997 2.8816e-06
8 0.999746 0.000253892
8 1 1e-07
2 0.00043136 0.999569
8 0.97738 0.02262
8 0.684591 0.315409
8 0.833891 0.166109
8 0.985731 0.0142686
8 0.999941 5.9498e-05
8 0.994588 0.00541209
8 0.999794 0.000206038
8 0.999783 0.000216647
8 0.676279 0.323721
2 0.0317412 0.968259
8 0.721563 0.278437
2 0.000198726 0.999801
2 0.0061999 0.9938
2 0.361676 0.638324
8 0.926301 0.0736988
8 0.999984 1.56619e-05
8 0.999802 0.000198005
8 0.962381 0.037619
8 1 1e-07
8 0.999797 0.000202701
2 0.00566482 0.994335
2 0.0244763 0.975524
8 0.999985 1.47055e-05
8 0.999889 0.000110506
8 0.984892 0.0151077
2 0.00486904 0.995131
2 0.0124886 0.987511
8 0.998098 0.00190182
8 0.666459 0.333541
8 0.937202 0.0627982
8 0.930126 0.0698741
8 0.995013 0.00498723
8 0.983423 0.0165768
8 0.998933 0.00106674
8 0.999776 0.000224201
8 0.999598 0.000401948
8 0.829058 0.170942
8 0.966753 0.0332475
2 0.00664628 0.993354
8 0.971682 0.0283183
2 0.334226 0.665774
8 0.999221 0.00077889
8 0.973932 0.0260676
8 0.823079 0.176921
8 0.930198 0.0698019
8 0.999686 0.000314312
8 0.848731 0.151269
8 0.999086 0.00091365
8 0.987649 0.0123506
2 0.00147125 0.998529
2 0.00332424 0.996676
8 0.969311 0.0306892
8 0.989249 0.0107508
2 0.000190104 0.99981
8 0.979146 0.0208537
8 0.998696 0.00130391
8 0.953553 0.0464473
2 0.00919956 0.9908
2 0.49167 0.50833
2 0.329535 0.670465
2 0.00746433 0.992536
2 0.000729535 0.99927
8 0.995325 0.00467516
8 0.981086 0.0189141
8 0.99934 0.000659742
8 0.999972 2.78195e-05
8 0.680445 0.319555
8 0.906173 0.0938271
8 0.977198 0.0228021
8 0.905577 0.0944227
2 0.0395215 0.960478
8 0.977832 0.0221682
2 0.0353827 0.964617
8 0.987864 0.0121362
2 0.00401258 0.995987
2 0.399957 0.600043
2 0.00408811 0.995912
2 0.000309121 0.999691
8 0.999999 9.71691e-07
8 0.697614 0.302386
8 0.889824 0.110176
8 0.862478 0.137522
8 0.999978 2.19158e-05
2 0.0694777 0.930522
2 0.00121574 0.998784
2 0.0437357 0.956264
8 0.998267 0.00173315
8 0.999907 9.29868e-05
8 0.972166 0.0278342
2 0.423516 0.576484
2 0.0659321 0.934068
2 0.0015342 0.998466
8 0.998519 0.00148127
2 5.63187e-05 0.999944
2 0.00515872 0.994841
2 0.0626432 0.937357
8 0.990973 0.0090267
8 0.976972 0.0230279
2 0.000821575 0.999178
8 0.70916 0.29084
8 0.999868 0.000131653
2 0.00306856 0.996931
8 0.682058 0.317942
8 0.99968 0.000320376
8 0.999994 5.74607e-06
2 0.268261 0.731739
2 0.0020666 0.997933
2 0.00143033 0.99857
8 0.999605 0.000394876
8 0.996462 0.00353774
2 5.57225e-06 0.999994
2 0.00482035 0.99518
2 0.00636542 0.993635
2 0.00554056 0.994459
8 0.99848 0.00151957
8 0.999159 0.000840927
8 0.990721 0.00927893
8 0.730447 0.269553
2 0.000847441 0.999153
8 0.999907 9.33127e-05
2 0.000723232 0.999277
2 0.00983089 0.990169
8 1 1e-07
2 0.00308246 0.996918
2 0.00180911 0.998191
2 0.00655348 0.993447
8 0.987077 0.0129234
8 0.701832 0.298168
2 0.00394798 0.996052
2 0.215182 0.784818
2 0.354229 0.645771
8 0.998974 0.00102623
8 0.978974 0.0210257
2 0.0189431 0.981057
2 0.0105389 0.989461
8 0.997629 0.00237145
2 0.0797889 0.920211
2 0.044194 0.955806
8 0.999045 0.000954742
8 0.96289 0.03711
8 0.958177 0.0418234
8 0.786844 0.213156
8 0.91238 0.0876199
8 0.99589 0.00410961
8 0.999331 0.000668671
2 0.471078 0.528922
8 0.799988 0.200012
2 0.00732045 0.99268
8 1 1e-07
8 0.668816 0.331184
2 0.448229 0.551771
8 0.85756 0.14244
8 0.999988 1.22216e-05
8 0.615874 0.384126
2 0.00163548 0.998365
2 0.00145549 0.998545
2 0.000546316 0.999454
2 1.27539e-05 0.999987
2 2.23207e-05 0.999978
8 0.866196 0.133804
8 0.998955 0.00104473
8 0.950651 0.049349
8 0.998934 0.0010664
8 0.703903 0.296097
8 0.998352 0.00164818
8 0.942408 0.0575922
8 0.998913 0.00108743
8 0.926855 0.0731446
8 0.988633 0.0113671
2 0.0221393 0.977861
2 0.000677297 0.999323
2 0.00422313 0.995777
8 0.999856 0.000143845
2 0.321652 0.678348
2 0.0103874 0.989613
8 0.999697 0.000303478
2 0.0104209 0.989579
8 0.725916 0.274084
8 0.99816 0.00183965
8 0.999435 0.000564635
8 0.938702 0.061298
8 0.951035 0.0489647
2 1.26147e-07 1
8 0.994073 0.00592656
8 0.998709 0.00129055
2 0.000244089 0.999756
8 0.982001 0.0179987
2 0.0203308 0.979669
8 1 1e-07
2 0.369955 0.630045
2 0.00110608 0.998894
8 0.99985 0.000150201
8 0.998016 0.00198436
8 0.988587 0.0114128
2 0.0155987 0.984401
8 0.971555 0.0284448
2 0.000600699 0.999399
8 0.997209 0.00279089
8 0.833083 0.166917
8 0.757792 0.242208
8 0.999995 5.16491e-06
8 0.999999 1.09761e-06
8 0.999499 0.00050115
8 0.893727 0.106273
8 0.91129 0.0887102
8 0.99946 0.000540249
8 0.977414 0.022586
2 0.045618 0.954382
2 0.00336174 0.996638
2 0.112833 0.887167
8 0.762118 0.237882
2 0.00296306 0.997037
8 0.936648 0.0633518
2 0.00361198 0.996388
8 0.999884 0.000115665
8 1 1e-07
2 0.00646291 0.993537
2 0.00615169 0.993848
8 1 1e-07
2 0.000847527 0.999152
8 0.999992 8.26167e-06
8 0.999758 0.000242333
2 0.00343596 0.996564
8 0.764296 0.235704
8 0.999001 0.000999447
2 0.429426 0.570574
2 0.0192269 0.980773
8 0.99989 0.000110495
8 0.674514 0.325486
2 0.000987981 0.999012
8 0.94801 0.0519896
8 0.994819 0.00518103
8 0.502163 0.497837
8 0.731805 0.268195
8 0.998173 0.00182681
8 0.989364 0.0106358
8 0.982147 0.0178534
2 0.499382 0.500618
8 0.741924 0.258076
8 0.999597 0.000403386
8 0.862023 0.137977
2 0.00353672 0.996463
8 0.814625 0.185375
8 0.995177 0.00482296
8 1 1e-07
2 0.301115 0.698885
8 0.687919 0.312081
8 0.617398 0.382602
8 0.995568 0.0044316
8 0.98866 0.0113405
8 0.999449 0.000551005
8 0.999887 0.000112796
8 0.990112 0.00988798
8 0.987002 0.0129977
8 0.665707 0.334293
2 0.00751964 0.99248
2 0.00561941 0.994381
8 1 1e-07
8 0.995769 0.00423074
8 0.996688 0.00331241
8 0.999986 1.44491e-05
2 0.00397382 0.996026
8 0.99763 0.00236993
2 0.454368 0.545632
8 0.999708 0.000291856
2 0.0193132 0.980687
2 0.00453842 0.995462
2 0.368835 0.631165
8 0.998341 0.00165885
2 0.000205498 0.999795
8 0.999985 1.52665e-05
8 0.817526 0.182474
8 0.681976 0.318024
8 0.996194 0.00380551
8 0.994297 0.00570269
8 0.993965 0.00603498
8 0.990454 0.00954595
8 0.999686 0.000313931
8 0.819072 0.180928
8 0.977515 0.0224851
2 0.058755 0.941245
2 0.000334836 0.999665
8 0.999916 8.40476e-05
8 0.990753 0.00924656
2 0.264015 0.735985
2 0.00612085 0.993879
8 0.999997 3.13401e-06
8 0.99953 0.000469505
2 0.382313 0.617687
