labels 8 0
8 1 2.09741e-07
8 0.999998 1.86106e-06
8 0.982885 0.0171145
0 0.230675 0.769325
8 0.675915 0.324085
8 0.977333 0.0226673
0 0.00285323 0.997147
8 0.935816 0.0641836
8 0.999995 4.58415e-06
0 0.244745 0.755255
8 0.992924 0.00707571
0 0.00010653 0.999893
8 0.999619 0.000381499
0 0.000630217 0.99937
8 0.948741 0.0512589
0 0.395059 0.604941
8 0.999689 0.000310875
8 0.959543 0.0404567
0 5.64883e-05 0.999944
0 0.00368458 0.996315
8 0.924627 0.0753735
8 0.969426 0.0305743
8 0.988913 0.0110867
8 0.880479 0.119521
0 0.0293453 0.970655
0 0.00258101 0.997419
0 0.0133669 0.986633
0 0.000172637 0.999827
0 0.0300144 0.969986
8 0.99841 0.00158954
8 0.99056 0.00944038
8 0.999962 3.78233e-05
8 0.988773 0.0112271
0 4.16245e-07 1
0 0.397914 0.602086
8 0.988292 0.0117083
8 0.987082 0.0129185
0 0.000724413 0.999276
8 0.999999 5.36318e-07
8 0.997446 0.0025542
8 0.990685 0.00931491
0 0.317626 0.682374
8 0.955418 0.0445819
0 0.106028 0.893972
0 3.87706e-05 0.999961
8 0.999041 0.000958676
8 0.938845 0.0611547
8 0.996446 0.00355424
8 0.999432 0.00056759
8 0.998935 0.00106532
8 0.916617 0.0833829
8 0.911536 0.0884641
8 0.995593 0.00440737
0 0.0325191 0.967481
8 0.988083 0.0119172
8 0.969537 0.0304625
8 0.980406 0.019594
0 0.0763652 0.923635
0 0.000309179 0.999691
8 0.999318 0.000681744
0 0.000739816 0.99926
8 0.999999 1.49812e-06
0 0.047163 0.952837
8 0.997074 0.00292585
0 0.0313808 0.968619
0 0.356324 0.643676
8 0.989533 0.0104672
0 0.000987288 0.999013
8 0.999997 2.82281e-06
8 0.999985 1.53262e-05
8 0.999925 7.51768e-05
8 0.999675 0.00032467
8 0.993581 0.00641858
8 0.910433 0.0895673
8 0.993443 0.00655674
0 0.0698362 0.930164
8 0.994431 0.00556906
8 0.983846 0.016154
0 0.000811524 0.999188
8 0.975221 0.0247789
0 1.31244e-05 0.999987
0 6.47244e-07 0.999999
0 0.0540211 0.945979
8 0.93093 0.0690698
8 0.976627 0.0233732
8 0.972546 0.0274538
8 0.885456 0.114544
0 2.60541e-05 0.999974
8 0.999943 5.67234e-05
0 0.000598957 0.999401
0 0.0703022 0.929698
8 0.980044 0.0199556
8 0.995224 0.00477577
8 0.996537 0.00346306
8 0.846577 0.153423
8 0.995334 0.0046662
0 0.000486226 0.999514
8 0.999929 7.10067e-05
8 0.719567 0.280433
8 0.997726 0.00227386
0 0.155073 0.844927
8 0.9978 0.00219988
0 0.000237834 0.999762
8 0.977635 0.0223647
8 0.995584 0.00441643
8 0.5107 0.4893
8 0.999995 5.46165e-06
8 0.995814 0.0041856
8 0.999957 4.25955e-05
8 0.908002 0.0919976
8 0.944721 0.0552785
8 0.999457 0.000542856
8 0.999842 0.00015805
8 0.990121 0.00987949
8 0.994408 0.00559175
8 0.994388 0.00561188
8 0.999948 5.17975e-05
8 0.991359 0.00864126
8 0.999985 1.4808e-05
8 0.920175 0.0798249
8 0.98069 0.0193095
0 0.214674 0.785326
8 0.930722 0.069278
8 0.996602 0.00339808
0 4.59125e-05 0.999954
8 0.989849 0.0101505
8 0.991804 0.00819556
0 2.10891e-05 0.999979
0 0.00203625 0.997964
8 0.968835 0.0311646
0 0.137437 0.862563
8 0.997165 0.00283527
8 0.999646 0.000354208
8 0.975383 0.0246174
0 0.0962315 0.903769
8 0.868605 0.131395
0 0.00536361 0.994636
0 0.000279181 0.999721
8 1 1e-07
8 0.999496 0.000503825
0 0.00157384 0.998426
8 0.997745 0.00225513
8 0.989679 0.0103207
0 3.79279e-05 0.999962
8 0.999738 0.000261561
8 0.883113 0.116887
8 0.999684 0.000315636
8 0.844393 0.155607
0 0.00126997 0.99873
0 0.175943 0.824057
0 0.000203256 0.999797
8 0.997235 0.00276514
8 0.944715 0.055285
8 0.936482 0.0635176
8 0.915372 0.0846285
8 0.999408 0.000591591
8 0.90339 0.09661
0 0.00445965 0.99554
8 0.999884 0.00011646
8 0.999619 0.000381262
8 0.998417 0.00158267
8 0.995812 0.00418767
8 0.977319 0.0226814
0 2.66942e-05 0.999973
8 0.99419 0.0058099
0 0.197836 0.802164
8 0.999917 8.32913e-05
8 0.999263 0.000737122
0 5.47029e-06 0.999995
8 0.999638 0.000362012
8 0.999975 2.5352e-05
8 0.954951 0.045049
0 0.122377 0.877623
0 0.192177 0.807823
8 0.999991 9.16268e-06
8 0.995011 0.00498867
8 0.999642 0.000357952
8 0.999913 8.7498e-05
8 0.990484 0.00951641
0 0.00012585 0.999874
0 0.229605 0.770395
8 0.964116 0.0358844
8 0.558745 0.441255
0 0.000663813 0.999336
8 0.999058 0.000942483
8 0.998706 0.00129392
8 0.960192 0.0398084
0 6.93248e-05 0.999931
0 0.12864 0.87136
0 0.0530484 0.946952
8 0.924068 0.0759321
8 0.991989 0.00801099
8 0.993028 0.00697185
8 0.610205 0.389795
8 0.954154 0.0458455
8 0.989116 0.0108837
0 0.00019443 0.999806
8 0.999751 0.000249301
0 0.000307311 0.999693
0 0.0410489 0.958951
8 0.987098 0.0129019
8 0.99588 0.00411983
8 0.876394 0.123606
8 0.76672 0.23328
8 0.913771 0.0862293
8 0.990609 0.009391
8 0.997882 0.00211792
8 0.75927 0.24073
0 0.000474801 0.999525
8 0.999706 0.00029383
8 0.929131 0.0708694
8 0.999995 4.65865e-06
0 0.22338 0.77662
8 0.997912 0.00208782
8 0.969994 0.0300057
8 0.940255 0.0597451
8 0.95346 0.0465403
8 0.999789 0.000210837
8 0.997915 0.00208508
0 0.0278911 0.972109
0 2.03856e-05 0.99998
8 0.998392 0.00160769
8 0.999498 0.000502034
8 0.999941 5.92834e-05
8 0.951987 0.0480132
8 0.998252 0.0017481
0 0.000917953 0.999082
8 0.983789 0.0162115
8 0.995706 0.00429387
8 0.999533 0.000466724
8 0.979514 0.0204857
8 0.999998 1.72122e-06
0 7.58681e-05 0.999924
8 0.879629 0.120371
8 0.981891 0.0181091
8 0.999938 6.20557e-05
0 0.0178618 0.982138
8 0.59302 0.40698
8 0.568516 0.431484
0 0.0677779 0.932222
8 0.999885 0.000115277
0 0.000196179 0.999804
8 0.99999 9.57848e-06
8 0.958686 0.0413137
8 0.999714 0.000286041
8 0.773588 0.226412
8 0.640957 0.359043
8 0.999999 6.75421e-07
8 0.998421 0.00157941
8 0.842879 0.157121
8 0.976432 0.0235679
8 0.999308 0.000692213
8 0.999999 5.75184e-07
8 0.892552 0.107448
8 0.994265 0.00573508
0 0.00104167 0.998958
8 0.964723 0.035277
0 0.140607 0.859393
8 0.697944 0.302056
8 0.99927 0.000730381
0 0.00561423 0.994386
8 0.999999 1.44128e-06
0 0.00543705 0.994563
8 0.704738 0.295262
8 1 2.01971e-07
0 0.000132958 0.999867
8 0.98307 0.0169296
8 0.972717 0.0272829
8 0.843911 0.156089
0 0.000351879 0.999648
8 0.999607 0.000392909
0 0.0514569 0.948543
8 0.990798 0.00920194
8 0.83153 0.16847
8 0.998843 0.00115684
8 0.989234 0.0107655
8 0.994996 0.00500391
8 0.958975 0.0410248
8 0.910109 0.0898912
8 0.997309 0.00269136
8 0.965048 0.0349523
8 0.998197 0.00180294
8 0.984594 0.0154064
8 0.949579 0.0504213
0 0.000167157 0.999833
0 0.001154 0.998846
8 0.998525 0.00147484
8 0.940641 0.0593593
8 0.996308 0.00369245
8 0.878531 0.121469
8 0.99984 0.000159939
8 0.997031 0.00296935
0 0.00081095 0.999189
8 0.973693 0.0263069
8 0.999484 0.000516421
8 1 1e-07
8 0.996147 0.00385336
8 1 1e-07
8 0.91664 0.0833596
8 0.988646 0.011354
8 0.999989 1.13439e-05
8 0.999207 0.000792602
8 0.843512 0.156488
0 0.000147573 0.999852
0 0.00597007 0.99403
0 0.0595992 0.940401
8 0.999031 0.000968616
0 0.103055 0.896945
8 0.999998 2.37776e-06
0 8.30017e-05 0.999917
0 0.112147 0.887853
8 0.630592 0.369408
8 0.996764 0.0032364
8 1 3.47939e-07
8 0.999977 2.25853e-05
8 0.998625 0.00137455
0 1.41685e-06 0.999999
8 0.998264 0.00173616
8 0.999928 7.23786e-05
8 0.932052 0.0679484
8 0.999963 3.69878e-05
0 4.90085e-06 0.999995
8 0.999223 0.000776889
8 0.999999 1.2809e-06
8 0.983029 0.0169707
8 0.994693 0.00530691
8 0.997818 0.00218161
8 0.999476 0.000523893
8 0.999608 0.000391965
0 0.0311791 0.968821
8 0.999992 7.75417e-06
0 0.0174088 0.982591
8 0.995245 0.0047549
8 0.967427 0.0325729
8 0.99969 0.000309619
0 0.182467 0.817533
8 0.999802 0.000198347
8 0.98041 0.0195898
8 0.999904 9.56329e-05
8 0.998826 0.00117439
8 0.99994 6.02702e-05
0 0.0312409 0.968759
0 0.000606798 0.999393
8 0.980968 0.019032
8 0.875178 0.124822
8 0.999998 2.38102e-06
8 0.999931 6.9307e-05
0 0.00025551 0.999744
8 0.999955 4.45241e-05
8 0.997686 0.0023144
0 0.00628823 0.993712
8 0.993597 0.00640335
8 0.999911 8.92468e-05
8 0.96002 0.0399797
8 0.942788 0.0572124
8 0.999707 0.000292652
0 0.10045 0.89955
8 0.998869 0.00113101
0 0.0381633 0.961837
8 0.999953 4.69818e-05
8 0.996648 0.00335177
8 0.963146 0.0368541
8 0.798738 0.201262
8 0.956137 0.0438631
8 0.770589 0.229411
8 0.99971 0.000290114
8 0.986832 0.0131685
8 0.986735 0.0132648
8 0.707298 0.292702
0 0.0020097 0.99799
0 0.0468955 0.953105
0 0.000156372 0.999844
8 0.998873 0.00112732
8 0.998579 0.0014206
8 0.989109 0.0108906
8 0.999993 7.30097e-06
0 3.15424e-05 0.999968
8 0.955969 0.0440307
8 0.999718 0.00028205
0 0.0760421 0.923958
8 0.992523 0.00747715
8 0.898233 0.101767
8 0.997432 0.0025676
8 0.999401 0.000599409
8 0.939709 0.0602914
0 0.0184091 0.981591
8 0.830019 0.169981
0 0.00864381 0.991356
8 0.998248 0.00175234
0 0.0136014 0.986399
0 0.00387291 0.996127
8 0.990645 0.00935455
0 0.0802262 0.919774
8 0.999999 9.28286e-07
8 0.990754 0.0092463
8 0.999999 5.15352e-07
8 0.824142 0.175858
0 0.0221197 0.97788
0 0.18181 0.81819
8 0.996033 0.00396655
8 0.911945 0.0880546
0 0.000148546 0.999851
8 0.923944 0.0760564
8 0.999989 1.10778e-05
0 0.347388 0.652612
8 0.999924 7.58344e-05
8 0.999996 3.83745e-06
8 0.997976 0.00202434
8 0.999895 0.000104848
8 0.99276 0.00723976
8 0.989378 0.0106225
8 0.999647 0.000352855
8 0.971909 0.0280906
8 0.999888 0.000112262
8 0.999936 6.40196e-05
0 2.79255e-05 0.999972
0 0.00355504 0.996445
8 0.896354 0.103646
0 0.00933015 0.99067
8 0.999999 5.1792e-07
8 0.999944 5.61334e-05
0 0.00535109 0.994649
8 0.999899 0.000100911
8 0.999938 6.21993e-05
8 0.998649 0.00135086
8 0.85407 0.14593
0 0.000588529 0.999411
0 0.0292283 0.970772
8 0.97969 0.0203096
0 0.000554752 0.999445
8 0.937802 0.0621977
8 0.998732 0.00126751
8 0.999945 5.53368e-05
0 0.0108857 0.989114
8 0.995502 0.00449805
8 0.999966 3.41537e-05
8 0.933871 0.0661289
8 0.999938 6.18721e-05
8 0.99931 0.000690311
0 0.000422431 0.999578
8 0.970511 0.0294888
8 0.999601 0.000399429
8 0.999933 6.69563e-05
8 0.826457 0.173543
8 0.92545 0.0745501
8 0.991231 0.00876914
8 0.891175 0.108825
0 0.0112728 0.988727
8 0.918179 0.0818207
8 0.700264 0.299736
8 0.877631 0.122369
8 0.999997 3.13442e-06
8 0.999931 6.9024e-05
0 0.00447164 0.995528
8 0.998206 0.00179354
0 0.014653 0.985347
0 8.75066e-05 0.999912
0 0.124408 0.875592
0 0.201672 0.798328
8 0.74112 0.25888
0 0.000197323 0.999803
8 0.999994 5.65996e-06
8 1 2.49335e-07
8 0.879566 0.120434
8 0.99744 0.00255951
0 0.0402926 0.959707
8 0.99999 1.02117e-05
0 0.000650634 0.999349
8 0.970185 0.0298154
8 0.999878 0.000122231
8 0.917825 0.0821745
8 0.998877 0.00112282
8 0.896077 0.103923
8 0.933062 0.0669384
8 0.746448 0.253552
8 0.999879 0.000120602
0 0.000245239 0.999755
0 0.102436 0.897564
8 0.952129 0.0478706
8 0.996114 0.00388615
8 0.546395 0.453605
8 0.992996 0.00700362
8 0.999533 0.000466847
8 0.84415 0.15585
8 0.999894 0.000106397
8 0.692306 0.307694
8 1 1e-07
8 0.999988 1.16812e-05
8 0.999869 0.000131101
8 0.999992 8.25118e-06
8 0.996797 0.00320292
8 0.999339 0.000661262
8 0.999943 5.71894e-05
0 0.0218428 0.978157
8 0.999517 0.000483105
8 0.998035 0.00196505
8 0.999983 1.74127e-05
8 0.944149 0.0558512
8 0.999966 3.39092e-05
8 0.754925 0.245075
8 0.995849 0.00415085
8 0.999999 1.0326e-06
8 0.999972 2.83565e-05
8 0.974263 0.0257368
0 0.00142331 0.998577
8 0.939497 0.0605031
8 0.969304 0.0306961
8 0.99884 0.00116005
0 0.185319 0.814681
0 0.000893465 0.999107
8 0.998653 0.00134724
8 0.879446 0.120554
8 0.999997 3.00637e-06
0 0.0465151 0.953485
8 0.9993 0.000699949
8 0.977627 0.022373
8 0.998799 0.00120148
0 0.000709715 0.99929
8 0.973216 0.0267837
8 0.994224 0.00577624
0 0.00264002 0.99736
0 0.000305862 0.999694
8 0.986694 0.0133063
0 0.00185533 0.998145
8 0.999638 0.000361921
0 0.435131 0.564869
0 5.27652e-05 0.999947
8 0.887221 0.112779
8 0.864668 0.135332
8 0.975776 0.0242239
8 0.98889 0.0111101
8 0.853494 0.146506
8 0.976814 0.0231856
8 0.999293 0.000707368
8 0.92235 0.0776499
8 0.949684 0.0503155
8 0.985103 0.014897
0 0.000257712 0.999742
0 1.30536e-05 0.999987
8 0.968717 0.0312831
8 0.999821 0.000178673
8 0.999977 2.31716e-05
8 0.993859 0.00614098
0 0.0218797 0.97812
0 0.263476 0.736524
0 0.086803 0.913197
8 0.990048 0.00995199
8 0.999979 2.0881e-05
0 2.28562e-06 0.999998
8 0.823481 0.176519
8 0.81089 0.18911
0 0.000276232 0.999724
8 0.720002 0.279998
8 0.863087 0.136913
0 0.286176 0.713824
0 0.248429 0.751571
8 0.864766 0.135234
8 0.99848 0.00152017
0 0.000787982 0.999212
0 0.00293249 0.997068
0 0.0108474 0.989153
8 0.902571 0.0974292
0 0.000374571 0.999625
8 0.997643 0.00235668
8 1 1.2815e-07
8 0.999999 9.51419e-07
0 0.00833475 0.991665
0 0.130418 0.869582
8 0.999968 3.22641e-05
8 0.993909 0.00609109
8 0.99894 0.00105954
0 0.00169146 0.998309
0 0.000190062 0.99981
8 0.953459 0.046541
8 0.967955 0.0320447
8 0.998914 0.00108561
8 0.99883 0.00117028
8 0.95897 0.0410299
0 0.000296691 0.999703
8 0.999985 1.48049e-05
8 0.97644 0.0235599
8 0.951063 0.0489367
0 0.257223 0.742777
8 0.966627 0.0333733
0 0.000605526 0.999394
8 0.644814 0.355186
0 0.00150268 0.998497
8 0.999831 0.000169207
8 0.97282 0.0271805
8 0.992682 0.00731761
8 0.999982 1.82097e-05
0 0.265038 0.734962
0 0.0577631 0.942237
8 0.999983 1.70482e-05
8 0.999997 2.67243e-06
0 2.17659e-05 0.999978
8 0.598293 0.401707
8 0.998236 0.00176354
8 0.999979 2.1229e-05
0 0.00348257 0.996517
0 0.00567965 0.99432
8 0.999868 0.000132018
8 0.999945 5.46284e-05
8 0.890356 0.109644
8 0.990495 0.00950509
8 0.999174 0.000826338
8 0.999899 0.000101327
0 0.447516 0.552484
0 0.0138263 0.986174
8 0.991968 0.0080325
8 0.57821 0.42179
8 0.875615 0.124385
8 0.997468 0.00253177
8 0.99636 0.00363981
0 0.000927151 0.999073
8 0.999417 0.000583471
8 0.967106 0.0328939
8 0.999525 0.000475229
0 4.87608e-05 0.999951
0 0.164865 0.835135
8 0.999991 8.6842e-06
0 0.0698251 0.930175
8 0.997691 0.00230887
0 0.000334723 0.999665
8 0.967053 0.0329468
0 0.447138 0.552862
8 0.995507 0.00449273
0 0.00712149 0.992879
8 0.99598 0.00402035
8 0.99934 0.000660483
8 0.771153 0.228847
0 0.000118765 0.999881
0 0.121852 0.878148
0 0.00159717 0.998403
8 0.989057 0.0109435
8 0.999994 5.65124e-06
0 4.65932e-06 0.999995
8 0.990138 0.00986169
8 0.998342 0.00165824
8 0.852996 0.147004
8 0.999994 6.20291e-06
0 0.00119308 0.998807
8 0.978783 0.0212168
8 0.998754 0.00124617
8 0.898092 0.101908
8 0.999436 0.000564342
0 1e-07 1
8 0.988321 0.0116785
8 0.999622 0.000377787
8 0.99917 0.000829788
8 0.999138 0.000862265
0 0.34043 0.65957
0 0.000552185 0.999448
8 0.854035 0.145965
8 0.896663 0.103337
8 0.999951 4.8736e-05
0 0.000118708 0.999881
8 0.98773 0.0122698
8 0.999931 6.93459e-05
8 0.998865 0.00113523
8 0.999807 0.000192917
8 0.99911 0.000889562
0 0.0374137 0.962586
8 0.951442 0.048558
0 4.08241e-05 0.999959
0 0.0183624 0.981638
8 0.94236 0.0576395
8 0.998115 0.00188464
8 0.717055 0.282945
8 0.999833 0.000167297
8 0.999735 0.000264768
8 0.925172 0.0748284
8 0.99985 0.000150107
8 0.998833 0.00116685
0 0.15877 0.84123
8 0.999482 0.000518453
0 0.00037141 0.999629
8 0.954074 0.0459263
8 0.995471 0.00452865
8 0.999483 0.000516881
8 0.911833 0.0881666
8 0.999955 4.52813e-05
8 0.998511 0.00148947
8 0.999325 0.000674629
8 0.592948 0.407052
8 0.995572 0.004428
8 0.978317 0.0216833
8 0.650816 0.349184
8 0.963151 0.0368492
8 0.999694 0.00030614
8 0.999492 0.000508104
8 0.985111 0.0148895
8 0.981368 0.0186321
8 0.982219 0.017781
8 0.999947 5.25192e-05
0 0.00154391 0.998456
8 0.91545 0.0845495
8 0.999916 8.37049e-05
8 0.985017 0.0149833
8 0.999971 2.91021e-05
8 0.989884 0.0101156
8 0.99844 0.00155971
8 0.972758 0.0272416
0 0.264299 0.735701
8 0.999509 0.000490862
0 0.000631183 0.999369
0 0.235925 0.764075
8 0.93685 0.0631497
8 0.999745 0.000255203
8 0.999884 0.000116454
0 0.000494907 0.999505
8 0.994293 0.00570716
8 0.999631 0.000369307
8 0.890506 0.109494
8 0.989353 0.0106468
8 0.982296 0.0177038
0 0.0123885 0.987611
0 0.0844668 0.915533
8 0.865494 0.134506
8 0.999986 1.44213e-05
0 0.200905 0.799095
0 0.000364398 0.999636
8 0.71738 0.28262
8 0.802319 0.197681
0 0.0138647 0.986135
8 0.98656 0.0134396
0 0.000178372 0.999822
8 0.947537 0.0524633
0 0.341791 0.658209
8 0.996813 0.00318699
8 0.998183 0.00181674
8 0.982006 0.017994
8 0.9228 0.0772002
0 0.291224 0.708776
8 0.848045 0.151955
8 0.997912 0.00208835
8 0.914085 0.085915
0 5.73312e-06 0.999994
8 0.998674 0.00132575
0 0.186818 0.813182
0 0.0191577 0.980842
0 0.000650921 0.999349
8 0.788231 0.211769
8 0.999639 0.000361272
0 0.000192986 0.999807
8 0.999987 1.32766e-05
0 0.000528367 0.999472
8 0.998314 0.00168585
8 0.998823 0.00117661
8 0.973197 0.0268031
0 0.268911 0.731089
8 0.945678 0.0543221
8 0.998641 0.00135926
0 0.198728 0.801272
8 0.9939 0.0060997
0 0.0019446 0.998055
8 0.998299 0.00170087
8 0.999405 0.000594904
8 0.979016 0.0209838
8 0.597313 0.402687
8 0.872974 0.127026
0 0.0628872 0.937113
8 0.904314 0.0956856
8 0.999918 8.24803e-05
8 0.95716 0.0428405
8 0.999991 8.92752e-06
8 0.998573 0.00142696
8 0.99479 0.00520975
8 0.996891 0.00310917
8 0.999809 0.000191039
8 0.645213 0.354787
8 0.999999 7.30454e-07
0 0.000255248 0.999745
8 0.983052 0.0169481
8 0.994745 0.00525453
8 0.989745 0.0102547
8 0.820142 0.179858
8 0.900265 0.0997345
8 0.835226 0.164774
8 0.922319 0.0776809
8 0.762547 0.237453
0 8.9128e-05 0.999911
8 0.991921 0.00807886
8 0.989576 0.010424
0 0.0347815 0.965219
8 0.99038 0.00961959
8 0.996487 0.00351282
8 0.99761 0.00238957
0 0.00214778 0.997852
8 0.952796 0.0472041
0 0.239136 0.760864
8 0.813211 0.186789
0 0.0899303 0.91007
8 0.894829 0.105171
8 0.999961 3.91622e-05
8 0.999938 6.16984e-05
0 0.0758073 0.924193
8 0.919038 0.0809618
8 0.998504 0.00149595
8 0.993764 0.00623561
8 0.853243 0.146757
8 0.993202 0.00679827
0 0.332382 0.667618
8 0.999823 0.000176899
0 0.0482244 0.951776
0 0.0711388 0.928861
0 0.285998 0.714002
8 0.915707 0.0842934
8 0.999094 0.000905703
8 0.99888 0.00111983
8 0.999987 1.27849e-05
8 0.884465 0.115535
8 0.995447 0.00455327
8 0.997072 0.0029278
0 3.96075e-05 0.99996
8 0.998247 0.00175315
8 0.999973 2.66789e-05
8 0.999585 0.000415309
8 0.988571 0.0114288
8 0.999308 0.000692489
8 0.979457 0.0205434
8 0.943476 0.0565238
8 0.914861 0.0851388
0 7.79896e-05 0.999922
8 0.999998 1.8809e-06
8 0.710292 0.289708
8 0.986476 0.0135236
8 0.985302 0.0146976
8 0.993754 0.0062458
8 0.999928 7.16028e-05
8 0.832197 0.167803
0 0.104596 0.895404
8 0.9129 0.0871001
8 0.789649 0.210351
0 0.12567 0.87433
8 0.998946 0.00105413
0 0.000269334 0.999731
8 0.940823 0.0591772
8 0.914262 0.085738
8 0.851 0.149
0 0.000674716 0.999325
8 0.999995 4.78121e-06
0 0.320959 0.679041
8 0.995148 0.0048517
8 0.879244 0.120756
8 0.999506 0.000494134
8 0.987022 0.0129782
0 0.00103189 0.998968
0 0.478274 0.521726
8 0.985239 0.0147611
8 0.505043 0.494957
8 0.855029 0.144971
8 0.999928 7.22856e-05
0 3.95001e-05 0.99996
8 0.997808 0.00219187
0 0.000391898 0.999608
0 0.000428328 0.999572
8 0.98164 0.0183597
8 0.872895 0.127105
8 0.99998 2.03861e-05
8 0.999957 4.29058e-05
8 0.722306 0.277694
8 0.573957 0.426043
0 0.0651431 0.934857
8 0.959723 0.0402769
0 4.68137e-05 0.999953
8 0.963829 0.0361706
8 0.995186 0.00481447
8 0.997708 0.00229234
8 0.507066 0.492934
8 0.999791 0.00020874
8 0.783008 0.216992
8 0.999789 0.000211225
8 0.999989 1.05234e-05
8 0.976404 0.0235956
0 0.00496284 0.995037
8 0.9999 0.000100259
8 0.900954 0.0990458
8 0.906371 0.0936289
8 0.938528 0.0614721
8 0.999997 3.38727e-06
8 0.999156 0.000843742
0 0.424369 0.575631
8 0.992468 0.00753209
8 0.986203 0.0137973
0 4.95277e-05 0.99995
8 0.967162 0.0328381
8 0.991071 0.00892922
0 0.00244578 0.997554
8 0.97597 0.0240302
8 0.999889 0.0001114
8 0.999999 7.16652e-07
8 0.766404 0.233596
8 0.579367 0.420633
8 0.999755 0.000244795
8 0.909495 0.0905054
8 0.978748 0.0212517
8 0.999403 0.000597433
8 0.999889 0.000111313
8 0.959573 0.0404272
0 0.000727123 0.999273
0 0.360445 0.639555
0 5.05782e-05 0.999949
8 0.999753 0.000246661
8 0.77624 0.22376
8 0.999987 1.29625e-05
8 0.958884 0.041116
0 0.000495488 0.999505
8 0.98874 0.01126
8 0.888153 0.111847
8 1 1e-07
8 0.999923 7.67981e-05
8 0.999965 3.54157e-05
8 0.993241 0.00675873
8 0.999936 6.37132e-05
8 0.997188 0.00281223
8 0.995486 0.004514
8 0.984278 0.0157218
0 0.000296349 0.999704
0 0.0262422 0.973758
8 0.999757 0.000243234
8 0.999576 0.000424099
0 0.000496607 0.999503
0 0.336656 0.663344
0 0.000760275 0.99924
8 0.999078 0.000921773
0 0.00288124 0.997119
8 0.999563 0.000436575
8 0.999814 0.000186136
0 6.9171e-05 0.999931
0 0.0577006 0.942299
0 0.00023097 0.999769
0 0.332002 0.667998
8 0.939833 0.0601668
8 0.999755 0.00024482
8 0.826772 0.173228
8 0.99822 0.00177974
8 0.999972 2.80126e-05
8 0.994139 0.00586109
8 0.919324 0.0806764
8 0.9996 0.000399704
8 0.742342 0.257658
8 0.990429 0.00957122
8 0.957104 0.0428962
0 0.00434144 0.995659
8 0.8893 0.1107
8 0.997948 0.00205218
8 0.838401 0.161599
0 4.69427e-07 1
8 0.961821 0.038179
8 0.999915 8.52515e-05
0 0.00148626 0.998514
8 0.9998 0.000200338
8 0.999122 0.000877765
0 0.00831348 0.991687
8 0.999976 2.39788e-05
8 0.976853 0.0231466
0 0.136594 0.863406
8 0.999 0.00100009
8 0.995018 0.00498221
8 0.989569 0.010431
0 0.000583021 0.999417
0 0.0497892 0.950211
8 0.703671 0.296329
0 0.223943 0.776057
8 0.988035 0.0119649
8 0.999643 0.000356596
8 0.996863 0.00313736
8 0.907588 0.0924122
8 0.947456 0.0525444
8 0.979237 0.020763
8 0.90261 0.0973902
8 0.998478 0.0015218
8 0.926331 0.0736691
8 0.999996 4.40882e-06
8 0.994085 0.00591492
8 0.983686 0.0163145
8 0.999577 0.000423182
8 0.987753 0.0122472
8 0.993409 0.00659056
8 0.99483 0.00516998
8 0.996441 0.00355869
0 0.000716357 0.999284
8 0.595963 0.404037
8 0.574719 0.425281
8 0.908642 0.0913578
0 0.000162006 0.999838
8 0.888978 0.111022
8 0.99999 1.01309e-05
8 0.679265 0.320735
8 0.985683 0.0143168
0 0.0178176 0.982182
0 0.000359237 0.999641
0 0.0281413 0.971859
8 0.990408 0.00959242
8 0.997907 0.0020928
8 0.999176 0.000824022
8 0.941619 0.0583814
8 0.991751 0.00824873
0 0.0281446 0.971855
0 0.152299 0.847701
8 0.987091 0.0129091
8 0.930408 0.0695919
0 0.176442 0.823558
8 0.999838 0.000162108
8 0.999821 0.000179102
8 0.819082 0.180918
8 0.999978 2.1823e-05
0 0.000137236 0.999863
8 0.957473 0.0425275
8 0.891486 0.108514
8 0.999994 5.55703e-06
8 0.981605 0.0183948
8 0.99994 6.01518e-05
8 0.99112 0.00888042
8 0.999983 1.72679e-05
0 0.00139453 0.998605
8 0.984705 0.0152949
8 0.976863 0.0231371
0 0.00114288 0.998857
8 0.992218 0.00778194
0 0.000879012 0.999121
8 0.903867 0.0961335
8 0.996867 0.00313281
0 0.00584704 0.994153
8 0.988514 0.0114863
8 0.999209 0.000791456
8 0.993547 0.00645282
8 0.995604 0.00439646
8 0.999958 4.21752e-05
8 0.999976 2.37205e-05
8 0.966426 0.0335735
8 0.805224 0.194776
8 0.609065 0.390935
0 0.155354 0.844646
8 0.999992 8.21218e-06
8 0.994672 0.00532831
8 0.976397 0.0236032
0 0.216415 0.783585
8 0.999613 0.000386637
8 0.978918 0.0210823
0 0.00043108 0.999569
0 0.227067 0.772933
0 0.15583 0.84417
0 0.00592702 0.994073
8 0.886853 0.113147
8 0.987656 0.0123444
8 0.98626 0.0137397
8 1 2.10912e-07
0 0.0267084 0.973292
8 0.996523 0.00347687
8 0.845073 0.154927
8 0.998863 0.00113742
8 0.95699 0.0430098
0 2.6559e-05 0.999973
8 0.944557 0.0554431
8 0.999616 0.000383832
0 6.99603e-06 0.999993
8 1 4.38551e-07
8 0.999237 0.000762906
8 0.999996 4.39675e-06
8 0.99822 0.00177957
8 0.999853 0.000146899
0 0.00119222 0.998808
0 0.319353 0.680647
0 0.000277752 0.999722
0 0.000275115 0.999725
8 0.999965 3.46183e-05
0 0.00163247 0.998368
8 0.999999 7.44044e-07
8 0.951699 0.0483015
0 0.00735833 0.992642
0 3.56481e-05 0.999964
0 0.000364547 0.999635
8 0.994657 0.00534302
8 0.999534 0.000466232
0 0.00564651 0.994353
8 0.957572 0.0424276
8 0.999379 0.000620704
8 0.997485 0.00251483
8 0.991656 0.00834404
0 0.359322 0.640678
8 0.666909 0.333091
0 1.20472e-05 0.999988
8 0.999983 1.69091e-05
8 0.9999 9.9944e-05
8 1 3.23284e-07
8 0.99993 6.95675e-05
0 0.322421 0.677579
8 0.939163 0.0608369
8 0.997442 0.00255844
8 0.963834 0.0361659
8 0.999017 0.000982927
8 0.964049 0.0359509
0 0.134765 0.865235
0 0.123881 0.876119
8 0.996301 0.00369901
8 0.990138 0.00986198
8 0.990202 0.00979796
8 0.984664 0.015336
8 0.953018 0.0469816
8 0.999999 5.72397e-07
0 0.0887182 0.911282
8 0.940267 0.0597331
8 0.998861 0.00113945
8 0.999407 0.000592899
8 0.998677 0.00132297
0 0.00184531 0.998155
8 0.869797 0.130203
8 0.988437 0.0115632
0 0.178525 0.821475
8 0.997293 0.00270695
0 0.00109122 0.998909
0 0.201012 0.798988
8 0.986296 0.0137038
0 0.398611 0.601389
8 0.999774 0.000226007
8 0.985866 0.0141339
8 0.983665 0.0163347
8 0.513006 0.486994
8 0.926502 0.0734977
0 0.00213198 0.997868
0 0.122883 0.877117
8 0.839604 0.160396
8 0.999943 5.71043e-05
8 0.999731 0.000269476
0 0.114418 0.885582
8 0.979454 0.0205462
8 0.986581 0.0134187
8 0.999089 0.000910795
8 0.999969 3.05305e-05
8 0.999355 0.000645258
8 0.999936 6.42281e-05
8 0.946323 0.0536765
8 0.999985 1.51183e-05
0 0.00041434 0.999586
8 0.999967 3.27167e-05
0 0.460178 0.539822
8 0.981745 0.018255
8 0.999959 4.10656e-05
0 0.0129208 0.987079
0 0.00474226 0.995258
8 0.988306 0.0116941
8 0.99998 1.96865e-05
0 0.276838 0.723162
8 0.999233 0.000767283
8 0.994188 0.00581247
8 0.99356 0.00644012
8 0.994544 0.00545619
8 0.999982 1.78917e-05
8 0.999926 7.38409e-05
8 0.999822 0.000177595
8 1 1e-07
0 0.00223386 0.997766
8 0.999686 0.000313997
8 0.636802 0.363198
0 0.00393495 0.996065
8 0.999307 0.000693094
8 0.595528 0.404472
0 0.000133348 0.999867
0 0.195067 0.804933
0 0.00135194 0.998648
8 0.999936 6.36856e-05
8 0.999993 6.61899e-06
8 0.99082 0.0091803
8 0.999983 1.6567e-05
8 0.924463 0.0755367
8 0.999999 5.83249e-07
8 0.999992 8.07689e-06
8 0.793177 0.206823
8 0.99517 0.00482966
8 0.993935 0.00606528
8 0.915775 0.0842248
0 0.182706 0.817294
8 0.641267 0.358733
0 0.000263852 0.999736
8 0.922998 0.0770021
8 0.778755 0.221245
8 0.933141 0.0668595
8 0.994256 0.0057439
8 0.99933 0.000669803
8 0.922312 0.0776884
8 0.916385 0.0836146
8 0.890483 0.109517
8 0.999029 0.0009714
8 0.578266 0.421734
8 0.627178 0.372822
0 3.90433e-06 0.999996
8 0.950951 0.0490485
8 0.973521 0.0264788
8 0.893611 0.106389
0 0.139288 0.860712
8 0.993421 0.00657924
8 0.998939 0.00106131
8 0.997729 0.00227144
8 0.91752 0.0824804
8 0.999994 6.17419e-06
8 0.999991 9.02868e-06
0 0.101521 0.898479
8 0.999995 4.96998e-06
8 0.604279 0.395721
8 0.87063 0.12937
8 0.999184 0.000816297
8 0.959409 0.0405911
8 0.999446 0.000554398
8 0.542195 0.457805
8 0.999997 2.68592e-06
8 0.999438 0.000562215
8 0.999983 1.70952e-05
8 0.895743 0.104257
8 0.641374 0.358626
8 0.993126 0.00687403
0 0.0715147 0.928485
8 0.793889 0.206111
8 0.945529 0.054471
0 0.0245063 0.975494
8 0.998044 0.00195558
8 0.93526 0.0647403
0 0.00626425 0.993736
0 0.000962781 0.999037
8 0.999972 2.83896e-05
8 0.928745 0.0712548
8 0.999958 4.18661e-05
0 0.000289821 0.99971
8 0.999987 1.26662e-05
0 0.0535307 0.946469
8 0.927173 0.0728266
8 0.999086 0.00091416
0 0.206799 0.793201
8 0.999995 5.05113e-06
8 0.999671 0.000328641
8 0.998741 0.00125931
0 0.00183976 0.99816
8 0.97237 0.0276304
0 0.00112487 0.998875
8 0.999937 6.3251e-05
8 0.895363 0.104637
8 0.996497 0.00350302
0 0.113547 0.886453
8 0.999998 1.95327e-06
8 0.975271 0.024729
8 0.97657 0.0234299
8 0.980599 0.0194011
8 0.892443 0.107557
8 0.99998 1.96261e-05
0 0.000655428 0.999345
8 0.960396 0.0396044
8 0.991821 0.0081791
0 3.91672e-05 0.999961
0 2.40618e-06 0.999998
0 0.000488656 0.999511
0 0.204737 0.795263
8 0.972541 0.0274588
0 0.00583003 0.99417
8 0.639473 0.360527
8 0.99918 0.00082045
8 0.999986 1.40466e-05
8 0.923932 0.0760683
8 0.999981 1.9039e-05
8 0.95297 0.0470296
8 0.999999 6.823e-07
8 0.997149 0.00285076
8 0.930185 0.0698153
0 1e-07 1
8 0.578862 0.421138
8 0.999928 7.15096e-05
8 0.967846 0.0321539
8 0.998599 0.00140074
8 0.997964 0.00203642
8 0.886421 0.113579
8 0.899138 0.100862
8 0.999823 0.000176585
8 0.991395 0.0086047
0 0.000136627 0.999863
8 0.997009 0.00299087
8 0.998721 0.00127868
8 0.999302 0.000697676
8 0.969761 0.0302387
8 0.999664 0.000336481
8 0.999347 0.000652865
8 0.996558 0.00344197
8 0.997887 0.00211263
8 0.999256 0.000744069
0 1.02304e-05 0.99999
0 0.0895203 0.91048
8 0.943566 0.0564344
0 0.000500423 0.9995
0 0.116383 0.883617
0 0.000202766 0.999797
8 0.998756 0.00124428
0 0.459961 0.540039
8 0.999259 0.000741255
8 0.98119 0.0188098
8 0.999425 0.000574641
8 0.864614 0.135386
0 0.00467739 0.995323
8 0.999541 0.000458672
8 0.996409 0.00359067
8 0.999969 3.0943e-05
8 0.996538 0.003462
8 0.996332 0.00366784
8 0.759747 0.240253
8 0.993974 0.0060261
8 0.99023 0.00977015
0 0.0432939 0.956706
0 0.0409041 0.959096
8 0.999921 7.94831e-05
8 0.861927 0.138073
8 0.999955 4.53921e-05
8 0.999811 0.000188771
0 3.24927e-05 0.999968
8 0.99444 0.00556043
0 0.0166506 0.983349
8 0.999976 2.36774e-05
8 0.967004 0.0329964
8 0.911619 0.0883813
8 0.999863 0.000136538
8 0.993078 0.00692191
8 0.991468 0.00853174
8 0.999626 0.000374365
8 0.999996 3.53971e-06
0 0.000166918 0.999833
8 1 3.06931e-07
8 0.952633 0.0473666
0 0.00456259 0.995437
8 0.997018 0.00298204
8 0.99893 0.00106979
8 0.976342 0.0236576
8 0.968936 0.031064
8 0.980589 0.0194113
8 0.915859 0.0841406
8 0.614809 0.385191
8 0.998409 0.00159089
0 0.000277114 0.999723
8 0.99817 0.0018298
0 3.84173e-05 0.999962
8 0.946865 0.0531349
8 0.999697 0.000303097
8 0.999898 0.000102473
8 0.998286 0.00171387
8 0.95842 0.0415799
8 0.912205 0.0877946
8 0.971404 0.0285955
8 0.999997 3.38079e-06
0 0.0146848 0.985315
0 1e-07 1
8 0.885375 0.114625
0 0.340433 0.659567
8 0.996899 0.00310102
8 0.752574 0.247426
8 0.945625 0.0543746
8 0.996595 0.00340482
8 0.941267 0.0587326
8 0.999977 2.32606e-05
0 0.385429 0.614571
8 0.999876 0.000124211
8 0.993985 0.00601505
8 0.999662 0.000337704
0 3.78214e-06 0.999996
0 0.354763 0.645237
0 0.000524919 0.999475
8 0.944844 0.0551561
0 0.000167431 0.999833
8 0.990754 0.00924583
8 0.97706 0.0229403
0 0.233599 0.766401
0 0.00937216 0.990628
8 0.919328 0.0806723
8 0.999953 4.68093e-05
0 4.19343e-05 0.999958
0 3.65141e-05 0.999963
8 0.99968 0.000320195
8 0.999773 0.000226516
0 0.0561743 0.943826
0 0.00011751 0.999882
0 0.480866 0.519134
8 0.987078 0.0129219
0 0.200038 0.799962
8 0.86516 0.13484
8 0.781568 0.218432
8 0.995102 0.00489815
0 0.00344292 0.996557
8 0.991214 0.0087858
8 0.940755 0.0592447
8 0.926619 0.0733808
8 0.953666 0.0463337
0 0.000298714 0.999701
0 0.0852815 0.914719
8 0.584504 0.415496
8 0.996824 0.0031762
8 0.99297 0.00703003
8 0.99857 0.00142967
0 0.00160443 0.998396
8 0.993899 0.00610129
8 0.998197 0.00180348
8 0.823247 0.176753
8 0.939255 0.0607448
8 0.999509 0.000490699
0 0.0268359 0.973164
8 0.982227 0.0177725
8 0.999956 4.41829e-05
0 0.000459873 0.99954
8 0.999053 0.000946806
0 9.78647e-05 0.999902
8 0.99237 0.00762955
8 0.966333 0.0336673
8 0.999999 7.61004e-07
0 0.0284309 0.971569
8 0.996423 0.00357717
8 0.999996 4.34026e-06
8 0.997546 0.00245422
8 0.99356 0.00643978
8 0.999998 1.82959e-06
8 0.982996 0.0170041
0 0.379485 0.620515
8 0.999209 0.000791381
8 0.995552 0.00444807
0 0.00115269 0.998847
8 0.78081 0.21919
8 0.997345 0.00265464
8 0.999399 0.000600798
0 0.0871518 0.912848
8 0.999995 4.80679e-06
0 0.444328 0.555672
0 0.000231243 0.999769
8 0.997737 0.00226266
0 0.175934 0.824066
8 0.99804 0.00195966
8 0.934448 0.0655521
8 0.901179 0.0988215
8 0.999974 2.61029e-05
8 0.967217 0.0327834
0 8.23121e-05 0.999918
8 0.998717 0.00128255
8 0.997575 0.00242528
0 0.00196014 0.99804
0 0.00235255 0.997647
0 6.9889e-05 0.99993
8 0.99824 0.00175995
8 0.994258 0.00574172
8 0.840978 0.159022
8 0.998826 0.00117429
8 0.979757 0.0202434
8 0.91456 0.0854402
8 0.999839 0.00016123
0 0.000306295 0.999694
0 4.30025e-05 0.999957
0 0.00273333 0.997267
8 0.56022 0.43978
0 0.0156009 0.984399
8 0.611906 0.388094
8 0.936394 0.0636056
0 6.08335e-05 0.999939
8 0.991266 0.00873441
8 0.999871 0.000129418
8 0.999978 2.22835e-05
8 0.998748 0.00125232
0 0.000328433 0.999672
0 4.70052e-05 0.999953
8 0.921729 0.0782709
0 0.00255935 0.997441
8 0.999039 0.000960619
0 0.0993824 0.900618
8 0.999913 8.74695e-05
0 0.370333 0.629667
8 0.998738 0.00126217
8 0.986182 0.0138177
0 4.62079e-05 0.999954
8 0.999969 3.13474e-05
8 0.954252 0.0457481
8 0.89125 0.10875
8 0.931953 0.0680471
8 0.967793 0.0322065
8 0.842289 0.157711
8 0.992872 0.00712809
8 0.940691 0.0593092
8 0.712197 0.287803
8 0.967711 0.0322888
8 0.999906 9.37191e-05
0 0.0471876 0.952812
0 0.0730273 0.926973
0 0.000323132 0.999677
0 0.0178454 0.982155
8 0.966296 0.033704
8 0.955658 0.0443416
0 0.000956799 0.999043
0 0.354394 0.645606
8 0.915989 0.0840113
8 0.996742 0.00325828
8 0.998934 0.00106624
8 0.872726 0.127274
0 0.396304 0.603696
8 0.998773 0.00122724
8 0.99773 0.00227031
8 0.901732 0.0982677
0 0.000497527 0.999502
0 0.00015212 0.999848
0 0.000886044 0.999114
8 0.999886 0.000114048
8 0.967427 0.0325734
8 0.999998 2.1865e-06
0 0.41826 0.58174
8 0.999988 1.16556e-05
8 0.994853 0.00514695
0 0.304479 0.695521
8 0.999394 0.000606305
8 0.999982 1.79879e-05
8 0.994988 0.00501178
8 0.999998 1.87505e-06
0 0.00503099 0.994969
8 0.964244 0.0357563
8 0.999997 2.67653e-06
0 0.0170797 0.98292
8 0.99662 0.00338027
0 0.00269851 0.997301
0 0.00776179 0.992238
0 0.421274 0.578726
8 0.999671 0.000329042
0 0.000925487 0.999075
8 0.998524 0.00147645
8 0.999546 0.000453959
8 0.995699 0.00430144
8 0.986832 0.0131677
8 0.999936 6.3643e-05
8 0.957771 0.0422292
0 0.000786391 0.999214
8 0.999765 0.000235123
8 0.93681 0.0631901
8 1 2.2674e-07
8 0.920534 0.0794656
0 2.2589e-06 0.999998
8 0.999137 0.000863094
8 0.994361 0.00563916
0 0.417539 0.582461
8 0.694232 0.305768
8 0.963744 0.0362561
8 0.919612 0.080388
8 0.998702 0.00129782
0 0.269284 0.730716
8 0.891307 0.108693
8 0.999735 0.000264996
8 0.999996 3.68643e-06
8 0.998972 0.00102791
8 0.926309 0.0736913
0 0.00228588 0.997714
8 0.981387 0.0186126
8 0.997111 0.00288856
8 0.949064 0.0509364
8 0.986925 0.0130746
8 0.826018 0.173982
8 0.929146 0.0708539
0 0.000756177 0.999244
0 0.00127112 0.998729
0 0.00425556 0.995744
8 0.999804 0.000196304
8 0.999729 0.000270966
8 0.981294 0.0187059
8 0.739456 0.260544
8 0.997767 0.00223282
8 0.999892 0.00010848
8 0.995634 0.00436577
8 0.999876 0.000124429
8 0.999426 0.000573589
8 0.959017 0.040983
0 0.172835 0.827165
8 0.999505 0.000495233
0 0.393831 0.606169
8 0.746219 0.253781
8 0.978306 0.0216939
8 0.999289 0.000710688
8 0.986637 0.0133633
0 0.00457899 0.995421
0 0.0014015 0.998599
8 0.994612 0.00538814
8 0.700436 0.299564
8 0.990852 0.00914834
0 0.160405 0.839595
8 0.999664 0.000335993
8 0.996474 0.00352625
8 0.996026 0.003974
8 0.972971 0.0270287
8 0.953856 0.0461443
8 0.531595 0.468405
8 0.650171 0.349829
8 0.997748 0.00225165
8 0.95439 0.0456098
8 0.996214 0.00378643
8 0.993946 0.00605448
8 0.989461 0.010539
8 1 1.35056e-07
0 0.00191378 0.998086
8 0.885077 0.114923
8 0.999946 5.43876e-05
8 0.999994 5.56035e-06
0 0.16357 0.83643
8 0.993428 0.00657224
0 0.000553607 0.999446
8 0.957247 0.0427535
8 0.999842 0.000157514
8 0.999093 0.000906916
0 0.291591 0.708409
8 0.99982 0.000179979
0 6.60849e-06 0.999993
8 0.885203 0.114797
0 0.00119222 0.998808
8 0.999959 4.12692e-05
0 0.0521214 0.947879
8 0.927337 0.0726635
8 0.999813 0.000187386
8 0.999924 7.60291e-05
8 0.99856 0.0014401
0 0.0938401 0.90616
0 0.0525087 0.947491
8 0.981257 0.0187428
8 0.887716 0.112284
8 0.819206 0.180794
8 0.992164 0.0078365
8 0.999972 2.845e-05
8 0.992749 0.00725088
0 0.0590369 0.940963
8 0.99317 0.00682964
8 0.969221 0.0307793
0 0.0487249 0.951275
0 0.102857 0.897143
0 0.00531203 0.994688
0 0.0821793 0.917821
8 0.994666 0.0053341
8 0.999998 2.03019e-06
8 0.957238 0.0427616
8 0.815752 0.184248
0 0.000109373 0.999891
0 0.000140459 0.99986
8 0.999688 0.000312258
8 0.987051 0.0129491
8 0.999487 0.000513117
0 0.411286 0.588714
8 0.982317 0.0176833
8 0.996051 0.00394928
8 0.999993 6.79379e-06
8 0.999948 5.24688e-05
8 0.887366 0.112634
0 0.0352414 0.964759
8 0.962846 0.0371541
0 0.415283 0.584717
8 0.998728 0.00127205
0 0.0189076 0.981092
0 0.209952 0.790048
8 0.991428 0.0085717
8 0.991415 0.00858509
8 0.925115 0.0748855
8 0.999875 0.000125085
0 0.000493097 0.999507
8 0.970206 0.0297943
0 0.132333 0.867667
8 0.997297 0.00270256
8 0.990899 0.00910148
8 0.675134 0.324866
8 0.965426 0.0345736
8 0.999342 0.000658368
8 0.999996 4.32661e-06
8 0.99954 0.000459972
8 0.999922 7.76023e-05
8 0.999987 1.33084e-05
8 0.963713 0.0362871
8 0.521238 0.478762
8 0.791454 0.208546
0 0.288818 0.711182
8 0.99205 0.00794953
8 0.974448 0.0255517
0 0.0934228 0.906577
0 0.000120563 0.999879
8 0.993886 0.00611448
0 0.00397017 0.99603
0 0.056069 0.943931
8 0.999148 0.000852308
8 0.997745 0.0022553
0 0.00106753 0.998932
8 1 1.2052e-07
8 0.997092 0.00290812
0 0.459432 0.540568
8 0.996604 0.00339623
0 0.0144767 0.985523
8 0.999727 0.000272634
8 0.955055 0.0449451
8 0.999995 4.92922e-06
0 0.000322983 0.999677
0 0.0422647 0.957735
0 0.491186 0.508814
8 0.617976 0.382024
8 0.99938 0.000620448
8 0.988057 0.011943
8 0.999449 0.000551041
8 0.99996 3.97531e-05
8 0.845232 0.154768
0 0.0350749 0.964925
8 0.990675 0.00932489
0 0.00106594 0.998934
8 0.748725 0.251275
8 0.999795 0.000204942
8 0.947628 0.0523719
0 0.000223748 0.999776
8 0.999901 9.91777e-05
0 0.000313431 0.999687
8 0.998889 0.00111127
8 0.999997 2.95325e-06
8 0.876603 0.123397
8 0.997003 0.00299669
0 0.00734803 0.992652
8 0.995784 0.00421609
8 0.939846 0.0601543
8 0.997408 0.00259161
8 0.965222 0.034778
8 0.99993 7.00225e-05
8 0.989165 0.0108353
0 0.422678 0.577322
0 0.000146767 0.999853
0 0.000748838 0.999251
0 0.00640952 0.99359
8 0.999342 0.000657632
8 0.997874 0.00212573
8 0.87053 0.12947
8 0.999743 0.000256911
8 0.994534 0.0054664
8 0.947052 0.0529476
8 0.999276 0.000723529
8 0.999998 1.70053e-06
0 0.0189278 0.981072
8 0.996832 0.0031682
8 0.987597 0.0124027
0 0.0477652 0.952235
8 0.997298 0.002702
0 0.000309968 0.99969
8 0.999242 0.000758337
8 0.988686 0.0113141
8 0.871848 0.128152
8 0.874599 0.125401
8 0.90525 0.0947501
8 0.997028 0.00297235
8 0.999736 0.000264072
8 0.886648 0.113352
8 0.899732 0.100268
0 0.000412936 0.999587
0 0.170649 0.829351
0 0.0514359 0.948564
0 0.00389108 0.996109
0 0.000218923 0.999781
8 0.999949 5.07144e-05
0 0.029156 0.970844
0 0.0203945 0.979605
8 0.999789 0.000211148
0 0.492373 0.507627
8 0.999999 7.67971e-07
8 0.998515 0.0014848
0 0.000455214 0.999545
8 0.999984 1.56132e-05
0 0.0245145 0.975485
8 0.999944 5.62115e-05
8 0.789074 0.210926
0 0.267866 0.732134
8 0.900987 0.0990128
0 0.000951187 0.999049
0 7.2176e-07 0.999999
8 0.998603 0.00139681
8 0.999995 4.90291e-06
8 0.989205 0.0107951
8 0.999961 3.87012e-05
8 0.999984 1.59712e-05
0 0.0033147 0.996685
8 0.994585 0.00541477
8 0.999686 0.000314124
8 0.998807 0.00119295
8 0.999993 7.05068e-06
8 0.999215 0.000784724
8 1 1e-07
8 0.918506 0.0814943
8 0.962357 0.0376434
0 0.00133136 0.998669
8 0.999504 0.000495662
0 0.247858 0.752142
0 0.360442 0.639558
8 0.986886 0.0131143
0 0.00182764 0.998172
8 0.99495 0.00505045
0 0.000350973 0.999649
0 0.132353 0.867647
8 0.999179 0.000820975
8 0.997813 0.00218654
0 0.00121026 0.99879
8 0.999943 5.72862e-05
0 0.455173 0.544827
8 0.999982 1.83732e-05
8 0.998821 0.00117908
8 0.999986 1.35747e-05
8 0.957081 0.0429186
0 0.291546 0.708454
8 0.999678 0.000322337
0 0.0953504 0.90465
8 0.9163 0.0837003
8 0.97292 0.0270802
0 0.000213495 0.999787
0 4.8017e-06 0.999995
8 0.959819 0.0401809
0 0.271037 0.728963
8 0.993311 0.00668932
8 0.999854 0.000146424
0 0.0852909 0.914709
8 0.995261 0.00473914
8 0.99771 0.00228953
8 0.999345 0.000654747
8 0.812655 0.187345
8 0.999978 2.18731e-05
0 0.206756 0.793244
0 3.26086e-05 0.999967
8 0.685372 0.314628
8 0.954297 0.0457028
8 0.999864 0.000135737
8 0.973264 0.0267364
8 0.94709 0.0529098
8 0.986484 0.0135156
0 0.0899731 0.910027
8 0.520474 0.479526
0 2.76193e-05 0.999972
8 0.999969 3.05717e-05
0 0.00134525 0.998655
0 0.196811 0.803189
8 0.975116 0.0248842
0 0.000458144 0.999542
8 0.939087 0.0609127
8 0.996415 0.00358512
8 0.999755 0.000244659
0 0.0522391 0.947761
8 0.999961 3.92241e-05
8 0.996811 0.00318908
8 0.966582 0.0334179
8 0.996287 0.00371265
8 0.887238 0.112762
0 0.000351275 0.999649
0 0.000530552 0.999469
0 0.00472955 0.99527
8 0.992546 0.0074538
8 0.906138 0.0938623
0 0.00099414 0.999006
0 0.000606106 0.999394
8 0.999329 0.000671097
8 0.999999 6.50687e-07
8 0.999563 0.0004371
8 0.999999 7.83839e-07
0 0.00260073 0.997399
8 0.999883 0.000117244
8 0.998366 0.00163392
8 0.954327 0.0456732
8 0.999832 0.000168414
8 0.999879 0.000120553
8 0.982129 0.0178714
8 0.901306 0.0986938
8 0.999965 3.48995e-05
8 0.977893 0.0221072
8 0.999759 0.000240681
0 0.00123142 0.998769
0 0.0234168 0.976583
8 0.964631 0.0353691
8 0.99959 0.000410164
8 0.95299 0.0470101
8 0.998846 0.00115429
8 0.999544 0.000456356
8 0.990261 0.00973928
8 0.998219 0.0017811
8 0.616714 0.383286
8 0.788889 0.211111
8 0.997167 0.00283328
8 0.999998 1.8039e-06
8 0.981831 0.0181691
8 0.999925 7.53475e-05
0 0.00958398 0.990416
0 0.00313765 0.996862
0 0.0166873 0.983313
8 0.578618 0.421382
0 0.0939466 0.906053
8 0.995863 0.00413744
8 0.989384 0.0106157
8 0.999941 5.87718e-05
8 0.982905 0.0170951
0 0.0635407 0.936459
8 0.9989 0.00109975
8 0.998146 0.0018536
8 0.923746 0.076254
8 0.995771 0.00422916
8 0.989666 0.0103341
8 0.99965 0.00035048
8 0.833256 0.166744
8 0.990792 0.00920789
0 1.359e-07 1
0 0.028627 0.971373
0 0.000208608 0.999791
8 0.906897 0.0931027
8 0.929649 0.0703515
8 0.889496 0.110504
8 0.859921 0.140079
8 0.999347 0.000652725
0 0.000863386 0.999137
8 0.972426 0.0275737
8 0.997801 0.00219862
0 0.000614669 0.999385
8 0.971124 0.0288764
8 0.989743 0.0102569
8 0.983852 0.0161475
0 0.0731317 0.926868
8 0.999918 8.21002e-05
8 0.994175 0.00582549
8 0.976854 0.0231463
8 0.999996 4.48293e-06
8 0.998599 0.00140052
0 0.00268298 0.997317
8 0.99527 0.00473008
8 0.998239 0.0017614
8 0.999885 0.000114809
0 0.0464009 0.953599
0 0.136997 0.863003
0 0.34631 0.65369
8 0.986513 0.0134871
8 0.819273 0.180727
8 0.953243 0.0467569
8 0.999997 3.00542e-06
8 0.909992 0.0900085
0 0.00737482 0.992625
8 0.99332 0.00668048
0 7.56061e-05 0.999924
8 0.983945 0.016055
8 0.999993 6.93291e-06
8 0.857232 0.142768
8 0.994942 0.00505786
8 0.947909 0.0520908
8 0.999869 0.000131423
0 0.45603 0.54397
8 0.994835 0.00516482
8 0.900968 0.0990319
8 0.788108 0.211892
8 0.995221 0.00477915
8 0.981945 0.0180548
8 0.997128 0.00287238
8 0.773634 0.226366
8 0.999023 0.000977071
8 0.999996 4.28458e-06
8 0.896441 0.103559
8 0.999374 0.000625598
8 0.989345 0.0106547
8 0.917013 0.0829867
0 0.00143782 0.998562
0 0.000644205 0.999356
8 0.995095 0.00490516
0 0.0705839 0.929416
0 0.000578935 0.999421
8 0.999059 0.000941156
8 0.99998 2.00818e-05
8 0.995951 0.00404898
8 0.999759 0.000241256
0 0.435847 0.564153
8 0.999998 1.72411e-06
8 0.908944 0.0910556
8 0.999363 0.000636967
8 0.99989 0.000110085
8 0.94223 0.0577695
8 0.708726 0.291274
8 0.997394 0.00260625
8 0.990764 0.00923593
0 2.76713e-05 0.999972
8 0.964244 0.0357565
0 0.00338434 0.996616
8 0.999951 4.92779e-05
8 0.996475 0.00352527
0 0.00329917 0.996701
8 0.998025 0.00197502
0 0.247476 0.752524
8 0.854519 0.145481
8 0.99782 0.00217953
8 0.999966 3.37669e-05
0 0.168653 0.831347
0 0.000123747 0.999876
0 0.00289101 0.997109
8 0.999977 2.32929e-05
8 1 1e-07
0 2.33808e-05 0.999977
8 0.666749 0.333251
8 0.997318 0.00268168
0 0.0727253 0.927275
8 1 4.50166e-07
0 6.66735e-05 0.999933
0 0.349116 0.650884
8 0.998157 0.00184325
0 0.176965 0.823035
0 6.74911e-05 0.999933
8 0.57202 0.42798
8 0.999692 0.000308093
8 0.999794 0.000205871
0 0.157837 0.842163
8 0.999802 0.000197921
0 0.308261 0.691739
0 0.0741331 0.925867
8 0.517567 0.482433
0 0.000581942 0.999418
8 0.863705 0.136295
8 0.611195 0.388805
0 0.390978 0.609022
8 0.906398 0.0936016
0 0.0248771 0.975123
8 0.975847 0.0241531
8 0.999946 5.42612e-05
8 1 3.39514e-07
8 0.999215 0.00078504
8 0.99772 0.00227986
8 0.980892 0.0191076
8 0.998226 0.00177437
0 0.0330827 0.966917
8 0.602432 0.397568
8 1 1e-07
8 0.939324 0.0606756
8 0.983007 0.0169926
8 0.991824 0.00817574
0 4.37259e-05 0.999956
8 1 3.0164e-07
0 0.0486435 0.951356
0 0.000170368 0.99983
8 0.989955 0.0100453
8 0.999803 0.000197187
8 0.938339 0.0616615
8 0.999948 5.1977e-05
8 0.902927 0.0970729
8 0.893051 0.106949
0 0.000241633 0.999758
8 0.998566 0.00143402
8 0.996186 0.00381436
0 0.178393 0.821607
0 0.029183 0.970817
8 0.996973 0.00302652
0 0.024466 0.975534
8 1 1e-07
8 0.961324 0.0386762
8 0.953488 0.0465122
8 0.998949 0.00105129
8 0.998338 0.00166217
0 2.23689e-05 0.999978
0 0.000679532 0.99932
8 0.99653 0.00347015
8 0.927475 0.0725249
8 0.999092 0.000907624
8 0.642474 0.357526
0 0.400317 0.599683
0 0.086748 0.913252
8 0.999994 5.80878e-06
0 0.320814 0.679186
8 0.792572 0.207428
8 0.999818 0.000181896
8 0.612291 0.387709
8 0.999645 0.000354562
0 0.327896 0.672104
8 0.996815 0.00318518
0 0.000202538 0.999797
8 0.904873 0.095127
8 0.999931 6.90468e-05
0 0.00529969 0.9947
8 0.998844 0.00115639
0 0.00132719 0.998673
0 0.105853 0.894147
8 0.951829 0.0481705
0 0.369689 0.630311
8 0.997703 0.00229677
8 0.97595 0.0240501
8 0.89643 0.10357
8 0.999806 0.000193915
8 0.650423 0.349577
0 0.000219802 0.99978
8 0.853079 0.146921
8 0.59003 0.40997
8 0.849387 0.150613
8 0.999946 5.44597e-05
8 0.881301 0.118699
0 0.0288311 0.971169
8 0.999996 4.28239e-06
8 0.992886 0.00711353
8 0.998986 0.0010139
8 0.965719 0.0342811
8 0.707926 0.292074
0 0.297383 0.702617
8 0.999992 8.3674e-06
8 0.719013 0.280987
8 0.999659 0.000341352
0 0.00427427 0.995726
8 0.999845 0.000155371
8 0.970191 0.0298088
8 0.999998 1.79525e-06
8 0.999987 1.315e-05
8 0.874992 0.125008
0 0.0108349 0.989165
8 0.992989 0.00701086
8 0.757698 0.242302
8 0.999992 7.75216e-06
0 0.00189207 0.998108
0 0.0318678 0.968132
8 0.999989 1.07413e-05
8 0.999446 0.000553768
8 0.999238 0.000761962
0 0.137173 0.862827
8 1 1e-07
0 0.0534792 0.946521
0 0.000383446 0.999617
8 0.999057 0.000942943
8 0.999965 3.54503e-05
0 0.00590552 0.994094
0 4.1179e-07 1
8 0.991445 0.0085546
0 0.191375 0.808625
8 0.968471 0.0315289
0 0.11407 0.88593
8 0.99956 0.000440309
8 0.988079 0.0119211
0 0.419926 0.580074
8 0.999705 0.000294737
8 0.987966 0.0120336
8 0.999342 0.000658068
8 0.999574 0.000425873
8 0.975615 0.0243849
8 0.980589 0.0194107
8 0.999864 0.000136313
8 0.995909 0.00409109
0 0.0129463 0.987054
8 0.994376 0.00562438
0 0.0079371 0.992063
8 0.999992 8.31284e-06
8 0.999999 9.65081e-07
8 0.971086 0.0289136
8 0.999672 0.000328238
8 0.99952 0.000479983
8 0.999409 0.000591174
8 0.999066 0.000933802
8 0.999968 3.2128e-05
0 0.000733442 0.999267
8 0.960039 0.039961
8 0.970093 0.0299068
0 0.010366 0.989634
0 0.000608477 0.999392
8 0.99668 0.0033201
0 0.00298804 0.997012
0 2.91865e-06 0.999997
0 0.0504358 0.949564
8 0.993709 0.00629091
8 0.999832 0.000167587
8 0.999752 0.000247576
8 0.992652 0.00734797
0 0.000315386 0.999685
8 0.988851 0.0111487
8 0.677615 0.322385
8 0.911524 0.0884764
8 0.99476 0.00523974
8 0.766086 0.233914
8 0.932801 0.0671986
8 0.993454 0.0065463
8 0.581468 0.418532
8 0.989331 0.0106687
8 0.996131 0.00386896
8 0.999836 0.000164454
0 0.00077081 0.999229
8 0.949396 0.0506044
8 0.998954 0.00104614
8 0.991172 0.00882769
8 0.997556 0.00244422
8 0.995635 0.00436463
8 0.998922 0.00107772
0 0.00677807 0.993222
8 0.987303 0.0126972
0 0.0037734 0.996227
0 0.063056 0.936944
8 0.651688 0.348312
0 0.0291539 0.970846
8 0.976211 0.0237888
8 0.997977 0.00202323
8 0.998849 0.00115053
8 0.995911 0.00408865
0 4.01034e-05 0.99996
8 0.999905 9.52821e-05
8 0.99971 0.000290286
8 0.997295 0.00270523
0 2.33237e-05 0.999977
8 0.996659 0.00334078
8 0.999958 4.16981e-05
8 0.997677 0.00232312
8 0.873043 0.126957
0 0.216917 0.783083
8 0.99398 0.00602023
0 0.13407 0.86593
8 1 4.63977e-07
8 0.999676 0.000323652
0 0.0191847 0.980815
8 0.999997 3.05996e-06
0 0.000438342 0.999562
0 4.64822e-06 0.999995
0 0.0402201 0.95978
8 0.999155 0.000844669
8 0.999848 0.000152324
8 0.972709 0.0272906
8 0.960336 0.0396642
8 0.963745 0.0362548
0 0.000229519 0.99977
8 0.974807 0.0251933
0 0.000374998 0.999625
8 0.999961 3.86884e-05
0 0.00786215 0.992138
8 0.920263 0.079737
0 0.159208 0.840792
0 0.0820841 0.917916
0 0.000976296 0.999024
0 0.199373 0.800627
8 0.9966 0.00340028
8 0.88308 0.11692
8 0.898132 0.101868
8 0.962678 0.0373216
8 0.999936 6.43066e-05
0 0.00396549 0.996035
0 0.000501114 0.999499
8 0.999982 1.76742e-05
8 0.999991 8.74779e-06
8 0.956603 0.0433968
0 2.51053e-06 0.999997
8 0.999967 3.26619e-05
8 0.930864 0.069136
0 0.000466731 0.999533
8 0.999934 6.5578e-05
8 0.724923 0.275077
8 0.984681 0.0153194
8 0.966364 0.0336365
8 0.999818 0.000181981
8 0.999891 0.000109349
8 0.916302 0.0836984
8 0.990605 0.00939473
0 0.324971 0.675029
8 0.723225 0.276775
8 1 1.90657e-07
0 0.00024177 0.999758
8 0.999996 3.55781e-06
8 0.999995 4.97716e-06
8 0.997303 0.00269666
8 0.98789 0.0121103
8 0.948922 0.0510779
8 0.99762 0.00238002
8 0.533667 0.466333
8 0.986662 0.0133376
0 0.0235586 0.976441
0 0.0734434 0.926557
8 0.965748 0.0342518
8 0.999976 2.37738e-05
0 0.176526 0.823474
8 0.999996 4.27396e-06
0 0.000550649 0.999449
8 0.990514 0.00948649
0 0.00133876 0.998661
8 0.99643 0.0035695
0 0.0356244 0.964376
8 0.937626 0.0623744
8 0.980633 0.0193666
8 0.634361 0.365639
8 0.997182 0.00281783
0 0.233895 0.766105
8 0.990197 0.00980305
0 0.000976914 0.999023
8 0.99717 0.00283021
8 0.940297 0.0597034
8 0.998325 0.00167544
8 0.999869 0.000131323
8 0.940025 0.0599747
8 0.997183 0.00281707
0 0.00152509 0.998475
8 0.999146 0.00085393
8 0.984143 0.0158568
8 0.990778 0.0092218
8 0.999766 0.00023448
8 0.981744 0.0182563
0 0.00567558 0.994324
8 1 2.0835e-07
8 0.860738 0.139262
8 0.999998 1.87942e-06
8 0.999473 0.000526909
0 0.00364649 0.996354
8 0.89916 0.10084
8 0.99849 0.00150994
0 0.0152506 0.984749
8 0.957072 0.042928
8 0.998266 0.00173432
0 7.43795e-05 0.999926
8 0.999897 0.000103485
0 2.90468e-06 0.999997
8 0.999985 1.49085e-05
8 0.999308 0.000692252
0 0.107928 0.892072
0 0.214315 0.785685
8 0.680869 0.319131
8 0.999934 6.57239e-05
0 0.130708 0.869292
0 0.119968 0.880032
8 0.999538 0.000461949
8 0.997051 0.00294914
0 0.0575655 0.942434
8 0.829747 0.170253
0 0.000656538 0.999343
8 0.986472 0.0135279
8 0.98127 0.0187299
0 0.000230035 0.99977
8 0.7885 0.2115
8 0.848348 0.151652
0 0.490544 0.509456
0 0.40212 0.59788
8 0.966657 0.0333426
8 0.999979 2.05554e-05
8 0.995896 0.00410392
8 0.99989 0.000109595
8 0.972786 0.0272138
8 0.99837 0.0016295
0 0.242724 0.757276
8 0.999364 0.000636143
8 0.998995 0.00100527
8 0.999985 1.48305e-05
8 0.982364 0.0176358
8 0.993662 0.0063385
0 0.00453632 0.995464
0 0.0923872 0.907613
8 0.999989 1.0579e-05
0 3.01771e-05 0.99997
8 0.998145 0.00185463
8 0.999905 9.45797e-05
8 0.999999 7.20485e-07
8 0.956127 0.0438733
0 0.00245605 0.997544
8 0.911492 0.0885083
0 0.00151153 0.998488
8 0.999988 1.15465e-05
8 0.993362 0.00663789
8 0.889546 0.110454
8 0.958664 0.0413362
8 0.998237 0.00176314
8 0.99742 0.0025799
0 0.00991922 0.990081
8 0.992714 0.00728648
8 1 1e-07
8 0.950167 0.0498327
0 0.000296211 0.999704
8 0.997603 0.00239659
0 1.86572e-06 0.999998
0 0.0522921 0.947708
8 0.999962 3.77123e-05
8 0.997597 0.00240332
8 0.903975 0.0960249
8 0.984533 0.0154675
8 0.847904 0.152096
8 0.804118 0.195882
8 0.994343 0.00565671
8 0.927676 0.0723239
8 1 1e-07
8 0.973616 0.0263839
8 0.998363 0.00163665
8 0.997483 0.00251747
8 0.994288 0.00571226
0 0.349177 0.650823
8 0.986403 0.0135973
8 0.967173 0.0328275
8 0.999356 0.000643986
8 0.980794 0.019206
8 0.956995 0.0430052
0 0.000822379 0.999178
0 0.312009 0.687991
8 0.869597 0.130403
8 0.715594 0.284406
8 0.966752 0.0332478
8 0.996889 0.00311125
8 0.999925 7.53018e-05
0 0.394283 0.605717
0 0.0756368 0.924363
0 0.204059 0.795941
0 0.0169689 0.983031
8 0.999242 0.000758403
0 0.0067471 0.993253
8 0.988797 0.0112026
8 0.999936 6.41936e-05
8 0.99999 9.59595e-06
0 0.0603622 0.939638
0 0.296175 0.703825
0 0.450747 0.549253
8 0.999793 0.000207305
8 0.934862 0.0651383
8 0.874274 0.125726
8 0.855044 0.144956
8 0.993709 0.00629115
8 0.611785 0.388215
0 0.00066897 0.999331
8 0.99318 0.00681965
0 0.00107038 0.99893
8 0.657952 0.342048
0 0.000885667 0.999114
8 0.940909 0.0590912
8 0.998912 0.00108848
0 0.000752003 0.999248
8 0.995552 0.00444788
8 0.989789 0.0102112
8 0.96976 0.03024
0 0.000298986 0.999701
8 0.956045 0.0439552
8 0.9975 0.0025001
0 0.000936358 0.999064
0 0.00248716 0.997513
8 0.998349 0.00165125
8 0.974599 0.0254009
8 0.897469 0.102531
0 0.169385 0.830615
8 0.612065 0.387935
8 0.94457 0.05543
8 0.996748 0.00325171
8 0.941986 0.0580144
0 0.00965828 0.990342
0 0.000286542 0.999713
8 0.86567 0.13433
8 0.999939 6.119e-05
0 0.000561809 0.999438
0 0.420241 0.579759
8 0.999997 2.64917e-06
8 0.997339 0.00266127
0 0.188728 0.811272
8 0.598512 0.401488
8 0.999369 0.000631081
8 0.932804 0.0671961
8 0.943985 0.0560147
8 0.686465 0.313535
8 0.997493 0.00250704
0 0.00513683 0.994863
0 0.000117634 0.999882
8 0.998666 0.00133389
8 0.988261 0.0117387
8 0.996807 0.00319306
8 0.725883 0.274117
8 0.582061 0.417939
8 0.918662 0.0813384
8 0.999997 2.89236e-06
8 0.990096 0.00990436
8 0.993807 0.0061929
0 0.000189287 0.999811
8 0.9998 0.00020044
8 0.979494 0.0205059
0 5.96506e-05 0.99994
8 0.974791 0.025209
8 0.999866 0.00013397
0 0.000194533 0.999805
8 0.607153 0.392847
8 0.890408 0.109592
8 0.999555 0.000444905
0 0.000182691 0.999817
8 0.786251 0.213749
8 0.973503 0.0264973
8 0.999583 0.000416656
8 0.999984 1.5928e-05
8 0.999743 0.00025739
8 0.999978 2.23725e-05
8 0.934235 0.0657649
8 0.538476 0.461524
8 0.985983 0.0140172
0 0.13629 0.86371
0 0.000199568 0.9998
8 0.999951 4.90094e-05
8 0.993631 0.00636893
8 0.999275 0.000724872
8 0.998979 0.00102139
0 0.0184936 0.981506
8 0.915708 0.0842922
8 0.997968 0.00203173
8 0.983198 0.0168016
8 0.502093 0.497907
0 0.00014563 0.999854
0 2.70466e-05 0.999973
0 0.222833 0.777167
0 0.0198752 0.980125
8 0.997522 0.00247758
0 0.00233174 0.997668
8 0.993046 0.00695443
8 0.792013 0.207987
0 0.152477 0.847523
0 0.314672 0.685328
8 0.644086 0.355914
8 0.997525 0.00247473
0 0.144947 0.855053
0 0.466804 0.533196
0 0.114059 0.885941
8 0.997046 0.00295411
8 0.721526 0.278474
8 0.997069 0.00293071
8 0.93708 0.0629202
8 0.95623 0.0437702
0 0.000186617 0.999813
8 0.998961 0.00103923
8 0.999852 0.00014777
8 0.808546 0.191454
8 0.996181 0.00381861
8 0.992756 0.00724444
0 0.0302136 0.969786
8 0.999999 5.62319e-07
8 0.58903 0.41097
8 0.998723 0.00127702
8 0.938105 0.0618949
0 0.0103584 0.989642
0 0.000853139 0.999147
8 0.999996 4.3408e-06
8 0.998264 0.001736
8 0.999943 5.67577e-05
0 0.000156907 0.999843
8 0.999998 2.2667e-06
8 0.880291 0.119709
0 0.000943589 0.999056
8 0.986607 0.0133929
8 0.983159 0.0168411
8 0.999991 9.49073e-06
8 0.853228 0.146772
8 0.999949 5.05929e-05
8 0.986828 0.0131722
8 0.981411 0.0185887
8 0.94392 0.0560804
8 0.999943 5.67257e-05
0 0.000285443 0.999715
8 0.996182 0.0038183
0 0.0085387 0.991461
8 0.99964 0.000359517
0 0.422945 0.577055
8 0.986505 0.0134955
0 0.125132 0.874868
0 0.116619 0.883381
8 0.979688 0.0203117
8 0.830978 0.169022
8 0.99464 0.00536042
0 0.0121265 0.987874
0 0.000175333 0.999825
8 0.904917 0.0950833
8 0.999994 6.32477e-06
8 0.994802 0.00519752
0 0.00285444 0.997146
8 0.992772 0.00722769
0 0.268169 0.731831
8 0.995218 0.00478192
8 0.90134 0.0986604
8 0.775836 0.224164
8 0.999949 5.09792e-05
8 0.99395 0.00605013
0 0.256512 0.743488
8 0.999143 0.000857313
0 0.00945244 0.990548
8 0.955057 0.0449435
0 0.23693 0.76307
8 0.997187 0.0028133
0 0.197248 0.802752
0 0.006844 0.993156
0 0.458841 0.541159
8 0.999892 0.000108194
8 1 1.57767e-07
0 0.00814007 0.99186
8 0.938361 0.0616387
8 0.662811 0.337189
8 0.779736 0.220264
8 0.994959 0.00504072
8 0.999985 1.54471e-05
8 0.561713 0.438287
0 0.000665603 0.999334
8 0.989625 0.0103748
0 0.143987 0.856013
0 0.0658588 0.934141
8 0.965688 0.0343116
8 0.990598 0.00940246
8 0.999972 2.81985e-05
8 0.999777 0.000222882
0 0.321627 0.678373
8 0.998401 0.00159938
8 0.975221 0.0247794
0 0.00577889 0.994221
0 0.0188719 0.981128
8 0.999258 0.000741685
8 0.999802 0.000198202
8 0.991344 0.0086555
8 0.979668 0.0203317
0 0.0192533 0.980747
8 0.999998 2.32939e-06
8 0.998813 0.00118735
0 0.000128479 0.999872
8 0.998543 0.00145671
0 0.199542 0.800458
8 0.998429 0.0015712
0 0.0900177 0.909982
8 0.999989 1.0538e-05
8 0.876857 0.123143
8 0.956264 0.0437363
0 0.0011063 0.998894
8 0.844147 0.155853
8 0.958374 0.0416259
8 0.981898 0.018102
8 0.935121 0.0648788
8 0.997153 0.0028467
8 0.612936 0.387064
0 2.81979e-05 0.999972
0 0.0649078 0.935092
8 0.99935 0.000650367
0 0.00540216 0.994598
8 0.994545 0.00545462
8 0.978104 0.0218957
0 0.428779 0.571221
8 0.907158 0.0928417
0 0.12721 0.87279
8 0.997815 0.00218458
8 0.991678 0.00832207
8 0.999982 1.84425e-05
8 0.996965 0.00303501
8 0.999853 0.00014713
8 0.997275 0.00272453
8 0.999969 3.1209e-05
0 0.201344 0.798656
0 0.290706 0.709294
0 0.00250769 0.997492
8 0.999528 0.000471818
8 0.999796 0.000203773
8 0.913435 0.0865646
8 0.994205 0.00579548
8 0.999701 0.000298589
8 0.951468 0.0485321
8 0.989564 0.0104361
0 0.136819 0.863181
0 0.48826 0.51174
0 0.0105546 0.989445
8 0.94147 0.0585299
8 0.932194 0.0678062
8 0.999785 0.0002154
8 0.984004 0.0159957
8 0.999823 0.000177324
8 0.916974 0.0830256
0 0.000580142 0.99942
8 0.992215 0.00778518
0 0.000401054 0.999599
0 0.483016 0.516984
8 0.945613 0.0543872
8 0.995976 0.00402448
8 0.991043 0.00895748
8 0.999927 7.34529e-05
8 0.950453 0.0495472
8 0.895608 0.104392
8 0.999995 5.29625e-06
8 0.970286 0.0297142
0 0.277386 0.722614
0 0.0320501 0.96795
8 0.999688 0.000312184
8 0.999968 3.17788e-05
8 0.997605 0.00239484
8 0.998145 0.00185549
8 0.99814 0.00186032
8 0.961091 0.0389091
0 0.00105855 0.998941
0 0.0441413 0.955859
8 0.992469 0.00753091
8 0.97489 0.02511
8 0.926629 0.0733707
8 0.999983 1.71962e-05
8 0.756992 0.243008
0 0.291142 0.708858
8 0.9995 0.000500336
0 0.0015129 0.998487
0 0.151712 0.848288
8 0.95696 0.0430399
0 0.00839091 0.991609
8 0.999962 3.76705e-05
0 2.54873e-05 0.999975
8 0.838791 0.161209
0 0.11825 0.88175
8 0.912926 0.0870742
8 0.997485 0.00251548
8 0.994682 0.00531791
8 0.919041 0.0809595
8 0.999476 0.00052427
8 0.999407 0.000593315
8 0.99271 0.00729037
0 0.000117024 0.999883
8 0.999984 1.63269e-05
0 0.000959733 0.99904
8 0.999712 0.000287958
8 0.924291 0.0757093
8 0.999957 4.32309e-05
8 0.998294 0.00170612
8 0.999974 2.61635e-05
8 0.939692 0.0603082
8 0.999997 3.38202e-06
0 0.115368 0.884632
8 0.995903 0.00409712
8 0.992051 0.00794935
8 0.708573 0.291427
8 0.975798 0.0242019
8 0.998831 0.00116907
0 0.000106194 0.999894
8 0.995995 0.00400459
8 0.999531 0.00046875
0 6.68758e-05 0.999933
8 0.999814 0.000186287
8 0.902831 0.097169
8 0.998252 0.00174813
8 0.985949 0.0140506
8 0.793082 0.206918
8 0.807266 0.192734
8 0.86491 0.13509
8 0.961494 0.038506
8 0.996824 0.00317625
8 0.999933 6.7018e-05
8 0.990106 0.00989372
8 0.998239 0.00176071
8 0.9995 0.000499702
8 0.999905 9.48675e-05
8 0.955221 0.0447791
0 0.0188675 0.981133
8 0.97221 0.0277904
8 0.99999 1.03867e-05
0 0.00964809 0.990352
8 0.957843 0.0421572
8 0.900726 0.0992741
8 0.950583 0.0494174
8 0.999989 1.11422e-05
0 0.311872 0.688128
8 0.951567 0.0484326
8 0.814826 0.185174
8 0.997886 0.00211433
8 0.998403 0.00159686
0 1.31609e-05 0.999987
0 0.00307596 0.996924
8 0.999014 0.000985785
8 0.999864 0.000135601
8 0.999997 3.49849e-06
0 0.00226619 0.997734
0 0.00198135 0.998019
0 0.403857 0.596143
8 0.998919 0.00108061
8 0.999448 0.00055154
0 0.212772 0.787228
8 0.999864 0.000136108
8 0.999986 1.4227e-05
8 0.960863 0.0391374
0 0.0589132 0.941087
8 0.986354 0.013646
8 0.877722 0.122278
0 0.00685407 0.993146
8 0.772251 0.227749
0 0.0770131 0.922987
8 0.767463 0.232537
8 0.999106 0.000893755
8 0.99874 0.0012598
8 0.939665 0.0603353
0 0.000375217 0.999625
8 0.845567 0.154433
8 0.98137 0.01863
8 0.946081 0.0539188
0 0.000318845 0.999681
0 0.000312134 0.999688
8 0.999987 1.34592e-05
0 0.00313935 0.996861
8 0.99943 0.000569991
8 0.999998 1.99775e-06
8 0.997724 0.00227643
8 0.956505 0.0434946
8 0.99998 1.96421e-05
0 0.00190529 0.998095
0 0.461529 0.538471
8 0.913848 0.0861515
0 1.22522e-05 0.999988
0 0.000489881 0.99951
0 0.000242834 0.999757
0 0.156721 0.843279
8 0.952798 0.047202
8 0.997068 0.00293232
8 0.622635 0.377365
8 0.94144 0.0585603
8 0.999978 2.22467e-05
8 0.90774 0.09226
8 0.999996 4.05715e-06
0 9.88921e-07 0.999999
8 0.950088 0.0499116
8 0.996634 0.00336613
8 0.992865 0.00713481
0 0.117149 0.882851
0 0.0594944 0.940506
0 0.129204 0.870796
8 0.987789 0.0122108
8 0.988039 0.0119614
0 0.0165866 0.983413
0 1e-07 1
0 0.000717505 0.999282
8 0.999992 7.73217e-06
8 0.94328 0.0567197
8 1 3.86924e-07
8 0.969485 0.030515
8 0.992232 0.0077682
8 0.999999 1.38193e-06
8 0.998534 0.00146631
8 0.987711 0.0122888
8 0.999819 0.000180928
8 0.99374 0.0062602
8 0.999595 0.000405194
8 0.998401 0.00159941
8 0.999812 0.000187581
0 0.000578434 0.999422
8 0.986821 0.0131786
8 0.9986 0.0014001
8 0.912158 0.0878416
8 0.933803 0.0661969
8 0.999848 0.000152298
8 0.981045 0.0189548
8 0.956663 0.0433366
8 0.951536 0.048464
8 0.993543 0.0064568
0 0.00118531 0.998815
8 0.918755 0.0812453
8 1 2.72399e-07
8 0.996235 0.00376542
0 0.00128121 0.998719
0 0.0612541 0.938746
8 0.990873 0.00912707
8 0.855173 0.144827
8 0.995292 0.00470836
8 0.999677 0.000322591
0 0.0130006 0.986999
0 0.129144 0.870856
0 0.036071 0.963929
0 0.132314 0.867686
8 0.673054 0.326946
8 0.998917 0.00108261
8 0.99998 2.04697e-05
8 0.999503 0.000496621
8 0.990107 0.00989297
8 0.964939 0.0350612
0 0.000255888 0.999744
8 0.999993 6.97523e-06
0 0.103306 0.896694
8 0.999338 0.000661869
8 0.991098 0.00890204
0 0.41921 0.58079
8 0.898954 0.101046
8 0.86164 0.13836
0 0.000329827 0.99967
8 0.573871 0.426129
8 0.999755 0.000245272
0 0.000748051 0.999252
8 0.999315 0.000685098
0 0.00112923 0.998871
8 0.999978 2.20312e-05
0 0.000112503 0.999887
0 0.37379 0.62621
8 0.986336 0.0136643
0 0.403012 0.596988
8 0.982328 0.0176721
8 0.969471 0.0305287
0 0.000587781 0.999412
8 0.973457 0.0265431
8 0.999995 4.79052e-06
8 0.948542 0.0514575
8 0.744612 0.255388
0 0.0282516 0.971748
8 0.999931 6.85303e-05
8 0.977331 0.022669
0 0.008033 0.991967
0 0.170267 0.829733
8 0.990076 0.00992418
0 0.000294376 0.999706
8 0.999853 0.000147205
8 0.881381 0.118619
0 0.48239 0.51761
8 0.916242 0.0837582
8 0.991861 0.00813871
8 0.999518 0.000481697
8 0.931788 0.0682118
8 0.99793 0.00207034
0 0.187951 0.812049
0 0.000648446 0.999352
8 0.899977 0.100023
8 0.953932 0.0460677
8 0.999966 3.4212e-05
8 0.999989 1.05789e-05
8 0.912021 0.0879795
8 0.999983 1.73425e-05
0 0.432221 0.567779
8 0.997047 0.0029535
0 0.0480762 0.951924
0 0.0694731 0.930527
8 0.982597 0.0174032
0 7.66142e-07 0.999999
8 0.998748 0.00125204
8 0.999509 0.000490949
8 0.999914 8.6064e-05
8 0.999416 0.000584231
8 0.995229 0.00477094
8 0.96418 0.0358201
8 0.999454 0.000546018
0 0.000605381 0.999395
8 0.848191 0.151809
8 0.979597 0.0204034
8 0.999978 2.16566e-05
8 0.726223 0.273777
0 0.251974 0.748026
8 0.7105 0.2895
8 0.999952 4.78297e-05
8 0.929282 0.0707177
0 0.0970469 0.902953
8 0.997288 0.00271154
8 0.999999 7.12428e-07
0 0.00183347 0.998167
8 0.991677 0.00832293
8 0.999988 1.1607e-05
8 0.984898 0.0151024
8 0.962735 0.0372654
8 0.876122 0.123878
0 0.0165293 0.983471
0 0.088151 0.911849
8 1 4.13123e-07
8 0.999124 0.000875618
0 0.000332718 0.999667
8 0.999984 1.63148e-05
8 0.996894 0.00310649
8 0.999969 3.0846e-05
8 0.947311 0.0526888
8 0.999213 0.000787184
8 0.99767 0.00232965
0 0.000472855 0.999527
8 0.996531 0.00346865
8 0.918282 0.081718
8 0.999993 6.61804e-06
8 0.999995 4.55595e-06
8 0.994957 0.00504281
0 0.000455207 0.999545
8 0.999574 0.000426259
8 0.999941 5.88798e-05
0 0.155051 0.844949
8 0.996811 0.0031888
8 0.85082 0.14918
8 0.998832 0.0011684
8 0.999061 0.000939171
8 0.986338 0.0136618
8 0.994721 0.00527929
8 0.692169 0.307831
8 0.67906 0.32094
0 0.139395 0.860605
0 0.000201601 0.999798
8 0.604369 0.395631
8 0.945794 0.0542056
8 0.999973 2.66089e-05
0 0.0501885 0.949811
8 0.999811 0.000188584
8 0.999605 0.000394801
8 0.995557 0.00444277
0 0.000417126 0.999583
8 0.968708 0.0312919
8 0.9004 0.0995995
8 0.998563 0.00143728
8 0.999184 0.000815969
8 0.99996 3.99249e-05
8 0.865751 0.134249
8 0.999985 1.50189e-05
8 0.934687 0.0653127
0 0.10273 0.89727
8 0.999993 6.90307e-06
0 0.000229879 0.99977
8 0.93669 0.06331
8 0.954045 0.0459549
8 0.922103 0.0778968
8 0.997991 0.00200934
8 0.99886 0.00113984
8 0.999973 2.68058e-05
0 0.356609 0.643391
0 0.448164 0.551836
8 0.999977 2.33109e-05
8 0.999861 0.000138724
8 0.999775 0.000225204
8 0.975438 0.024562
8 0.999992 8.48728e-06
8 0.999999 7.46814e-07
8 0.999922 7.83183e-05
8 0.508858 0.491142
8 0.989822 0.0101777
8 0.999635 0.000364603
8 0.993675 0.0063246
8 0.997813 0.00218656
8 0.94696 0.0530404
8 0.98428 0.0157199
0 0.00216022 0.99784
8 0.61442 0.38558
8 0.995949 0.00405097
0 0.0277042 0.972296
8 0.920504 0.0794957
8 0.999997 2.62914e-06
8 0.970919 0.0290808
8 0.982436 0.0175636
8 0.999866 0.000133641
0 0.000502977 0.999497
8 0.849134 0.150866
8 0.999812 0.000188347
8 0.964314 0.0356855
8 0.886546 0.113454
8 0.992879 0.00712142
8 0.992268 0.00773226
8 0.995821 0.00417882
0 0.247701 0.752299
0 0.000878618 0.999121
0 0.000556408 0.999444
0 0.316622 0.683378
8 0.999265 0.000735371
0 0.00445717 0.995543
8 0.989646 0.0103543
0 0.000789373 0.999211
8 0.637732 0.362268
8 0.971008 0.0289921
0 0.0925459 0.907454
8 0.998468 0.00153208
8 0.997167 0.00283324
8 1 1e-07
0 0.000384477 0.999616
8 0.999966 3.37665e-05
0 0.00179361 0.998206
0 0.133401 0.866599
8 0.999187 0.000812674
8 0.648718 0.351282
8 0.999999 6.30347e-07
0 0.00599963 0.994
8 0.99014 0.00986011
8 0.993015 0.00698535
0 0.00174599 0.998254
8 0.738431 0.261569
0 0.317114 0.682886
8 0.938396 0.0616042
8 0.999934 6.57175e-05
8 0.999999 9.80077e-07
0 0.192043 0.807957
8 0.606042 0.393958
8 0.999196 0.000803716
0 1.16237e-05 0.999988
8 0.999995 4.93626e-06
8 0.57862 0.42138
8 0.991268 0.00873236
8 0.999903 9.73779e-05
8 0.998324 0.00167591
0 0.330203 0.669797
8 0.966016 0.0339839
8 0.994064 0.0059361
8 0.979107 0.0208933
0 0.000175613 0.999824
0 0.0223767 0.977623
0 0.088103 0.911897
8 0.977572 0.022428
8 0.999998 1.65161e-06
8 0.999705 0.000294964
8 0.978768 0.0212316
8 0.999998 2.46644e-06
8 0.998968 0.00103198
8 0.996987 0.00301302
8 0.999958 4.23832e-05
8 0.999718 0.000281885
8 0.990153 0.00984691
0 0.13894 0.86106
8 0.999998 1.91181e-06
0 0.0960736 0.903926
8 0.998454 0.00154579
8 0.999919 8.10554e-05
8 0.993853 0.0061474
8 0.999997 2.78401e-06
8 0.997672 0.00232803
8 0.999983 1.73075e-05
8 0.991996 0.00800404
0 0.00319358 0.996806
8 0.976849 0.0231511
0 0.446414 0.553586
0 0.000532248 0.999468
8 0.663317 0.336683
8 0.565658 0.434342
8 0.923625 0.076375
0 0.000216178 0.999784
8 0.998635 0.00136512
8 0.97256 0.0274397
0 0.00036825 0.999632
0 0.0155673 0.984433
8 0.999994 5.81741e-06
8 0.904159 0.0958407
8 0.999548 0.00045163
8 0.943847 0.056153
0 0.0390723 0.960928
8 0.999959 4.13146e-05
8 0.996598 0.003402
0 0.0284052 0.971595
0 0.0628194 0.937181
8 0.998762 0.00123771
0 9.68751e-06 0.99999
8 0.989061 0.0109389
8 0.999966 3.37058e-05
8 0.999886 0.000113918
0 0.000330446 0.99967
8 0.999723 0.000277325
8 0.997976 0.00202403
0 0.00429917 0.995701
8 0.885965 0.114035
0 0.00101696 0.998983
8 0.995533 0.00446689
8 0.988078 0.0119218
0 0.00413406 0.995866
8 0.55193 0.44807
8 0.981235 0.0187649
8 0.997331 0.00266897
8 0.987753 0.0122473
0 0.000575556 0.999424
8 0.99999 1.02404e-05
8 0.999862 0.000138399
0 0.00180171 0.998198
8 0.999473 0.000526899
8 0.974466 0.0255341
8 0.760648 0.239352
8 0.982023 0.0179775
8 0.992166 0.00783409
8 0.991645 0.00835527
8 0.996105 0.00389471
8 0.994443 0.00555721
0 0.0226864 0.977314
8 0.935114 0.0648856
8 1 3.50063e-07
8 0.996303 0.00369748
0 0.00855283 0.991447
8 0.946539 0.0534612
0 0.00047172 0.999528
0 0.00232471 0.997675
8 0.99397 0.00603047
0 0.425027 0.574973
0 5.27328e-05 0.999947
8 0.998584 0.00141563
0 0.0409229 0.959077
0 0.192213 0.807787
8 0.946407 0.0535928
0 0.0280997 0.9719
0 0.136718 0.863282
8 0.999057 0.000943452
8 0.999998 2.45322e-06
8 0.999168 0.000832293
8 0.99914 0.000859845
8 0.999826 0.000174332
8 0.949008 0.0509922
0 0.033413 0.966587
0 0.00278137 0.997219
8 0.990534 0.00946598
8 0.999617 0.00038264
8 0.980614 0.019386
8 0.999757 0.000242563
8 0.999877 0.000123416
8 0.999996 4.06585e-06
8 0.999967 3.32723e-05
0 0.0242984 0.975702
0 0.0173436 0.982656
8 0.999999 5.2206e-07
0 0.125072 0.874928
8 0.995832 0.00416773
8 0.504532 0.495468
8 0.954878 0.0451219
8 0.960806 0.0391943
0 0.104346 0.895654
8 0.862311 0.137689
8 0.971436 0.0285641
8 0.559786 0.440214
8 0.676895 0.323105
8 0.93013 0.0698702
0 6.1299e-06 0.999994
0 4.25945e-05 0.999957
0 0.0216522 0.978348
0 0.17662 0.82338
8 0.999969 3.13277e-05
8 0.640765 0.359235
8 0.999956 4.37108e-05
8 0.92337 0.0766304
8 0.704136 0.295864
8 0.993973 0.00602741
8 0.996549 0.00345115
8 0.976728 0.0232718
0 0.0276865 0.972314
0 3.34977e-05 0.999967
0 0.0470613 0.952939
8 0.999798 0.000201827
0 0.0817208 0.918279
8 0.999999 6.14766e-07
0 2.20355e-05 0.999978
8 0.930906 0.0690937
8 0.999111 0.000889061
8 0.998901 0.00109946
0 0.000435212 0.999565
8 0.999989 1.13043e-05
0 0.000250449 0.99975
8 0.983036 0.016964
8 0.995963 0.00403677
8 0.998375 0.00162521
0 0.166881 0.833119
8 0.97252 0.0274805
8 0.997861 0.0021392
8 0.999943 5.69237e-05
8 0.999483 0.000517297
8 0.977629 0.0223713
8 0.98767 0.0123305
8 0.9966 0.0033998
0 0.000352201 0.999648
0 0.119344 0.880656
8 0.999469 0.000530847
0 6.46329e-05 0.999935
0 0.00018938 0.999811
8 0.982125 0.0178751
8 0.998928 0.00107232
0 0.000294926 0.999705
8 0.999999 5.25083e-07
8 0.999023 0.000977169
8 0.997729 0.00227104
8 0.999875 0.000125442
0 0.482123 0.517877
0 0.00258748 0.997413
8 0.997456 0.00254365
0 0.000140702 0.999859
0 0.00192558 0.998074
0 0.000688727 0.999311
8 0.992308 0.00769229
0 0.0378617 0.962138
8 0.995521 0.0044791
0 0.182997 0.817003
8 0.999143 0.00085692
8 0.956045 0.0439554
8 0.933201 0.0667986
0 0.00179155 0.998208
8 0.999986 1.36813e-05
0 0.00656001 0.99344
8 0.999088 0.00091238
8 1 1.46129e-07
8 0.999952 4.78394e-05
8 0.999953 4.67069e-05
8 0.998786 0.00121412
0 9.42229e-05 0.999906
0 0.000511668 0.999488
8 0.99383 0.00616982
8 0.895746 0.104254
8 0.988283 0.0117173
8 0.999764 0.000236215
0 0.0660361 0.933964
0 0.0126805 0.98732
0 0.000111749 0.999888
0 0.131322 0.868678
8 0.999783 0.000217144
0 0.466024 0.533976
8 0.999996 3.59374e-06
0 0.0068562 0.993144
8 0.937294 0.0627064
8 0.978527 0.0214734
8 0.93906 0.0609402
8 0.997248 0.00275156
8 0.958212 0.0417884
8 0.999907 9.27547e-05
0 0.0914615 0.908538
0 0.00267561 0.997324
0 0.187356 0.812644
8 0.999912 8.81194e-05
0 0.0401029 0.959897
8 0.999621 0.000379486
8 0.997589 0.00241145
8 0.995833 0.00416718
8 0.902277 0.0977229
0 0.00121178 0.998788
8 0.994818 0.00518249
8 0.995112 0.00488786
8 0.999792 0.000207982
8 0.999949 5.09336e-05
8 0.993532 0.00646774
8 0.953887 0.0461126
8 0.629003 0.370997
8 0.999819 0.000181018
8 0.93873 0.06127
8 0.998612 0.00138819
0 0.162714 0.837286
8 0.992919 0.00708121
8 0.96998 0.0300199
8 0.998718 0.00128175
0 0.341638 0.658362
8 0.928171 0.0718292
0 0.000654278 0.999346
0 0.0738601 0.92614
8 0.988375 0.0116247
8 0.999878 0.000121906
8 0.999922 7.79893e-05
8 0.998401 0.00159881
8 0.920242 0.0797581
8 0.900371 0.0996295
8 0.878132 0.121868
8 0.964773 0.0352268
8 0.999994 6.11884e-06
8 0.884032 0.115968
8 0.994229 0.00577149
8 0.996261 0.00373918
8 0.999838 0.000162118
8 0.999999 8.28828e-07
8 0.958115 0.0418851
8 0.551212 0.448788
8 0.999566 0.000434157
0 0.00018059 0.999819
8 0.997972 0.00202794
0 0.0731186 0.926881
8 0.999882 0.000117951
8 0.937504 0.0624964
8 0.998241 0.00175908
8 0.999567 0.000433099
8 0.976912 0.0230879
8 0.992015 0.00798482
0 0.00035613 0.999644
8 0.993387 0.00661313
8 0.984355 0.0156447
0 0.0596738 0.940326
8 0.99999 1.04819e-05
8 0.925211 0.0747893
8 0.738211 0.261789
8 0.999985 1.47026e-05
8 0.99998 2.03094e-05
0 0.0133937 0.986606
8 0.972273 0.0277273
8 0.927963 0.0720371
0 0.000104969 0.999895
8 0.998615 0.00138458
8 0.996961 0.00303944
8 0.980056 0.0199439
8 0.900322 0.0996784
8 0.87985 0.12015
0 0.000221803 0.999778
8 0.998854 0.00114572
8 0.999725 0.000274611
8 0.997953 0.00204676
8 0.938372 0.0616278
0 0.000223545 0.999776
8 0.974738 0.0252624
8 0.949265 0.0507354
8 0.988603 0.0113966
8 0.950429 0.0495707
8 0.974742 0.0252577
8 0.918707 0.0812929
0 0.170641 0.829359
8 0.574559 0.425441
8 0.916381 0.0836195
0 0.00094621 0.999054
8 0.776819 0.223181
8 0.999748 0.000251773
8 0.965067 0.0349334
8 0.999412 0.00058787
8 0.99996 3.95674e-05
8 0.998628 0.0013715
8 0.995759 0.00424121
8 0.997315 0.00268516
8 0.999988 1.22171e-05
8 0.99036 0.00963968
8 0.989009 0.0109907
8 0.982024 0.0179756
8 0.978407 0.0215929
0 0.493315 0.506685
8 0.871317 0.128683
0 0.0940212 0.905979
0 0.13243 0.86757
8 0.991767 0.00823254
8 0.999999 1.37853e-06
0 0.0580016 0.941998
8 0.608566 0.391434
0 0.216347 0.783653
8 0.99998 2.04873e-05
0 0.140554 0.859446
8 0.957155 0.0428449
8 0.999889 0.000110523
8 0.995155 0.00484546
8 0.999284 0.000715626
8 0.996834 0.00316585
8 0.869227 0.130773
8 0.999859 0.000141423
0 0.0175964 0.982404
8 0.74718 0.25282
8 0.910781 0.089219
8 0.99949 0.000510342
8 0.993593 0.00640736
8 0.99959 0.000410101
8 0.88305 0.11695
8 0.998361 0.00163917
8 0.99999 1.04097e-05
8 0.957704 0.0422963
8 0.944624 0.0553759
8 0.999848 0.000151806
0 0.000634094 0.999366
8 0.993429 0.00657051
8 0.99832 0.0016796
8 0.938134 0.0618658
0 0.0441789 0.955821
8 0.999558 0.000442176
8 0.997441 0.00255948
8 0.871705 0.128295
0 2.4538e-05 0.999975
8 0.999756 0.000244027
8 0.996226 0.00377364
8 0.999995 5.30109e-06
8 0.975045 0.0249554
0 0.00632763 0.993672
8 0.999964 3.64777e-05
8 0.999999 5.15173e-07
8 0.928366 0.071634
8 0.981799 0.0182014
8 0.999852 0.000148332
8 0.999822 0.000177593
8 0.99819 0.00180987
8 0.992431 0.00756912
8 0.97237 0.0276302
8 0.990059 0.0099407
0 0.0033896 0.99661
0 0.303328 0.696672
8 0.994731 0.0052687
8 0.999226 0.000774009
8 0.999999 5.32087e-07
8 0.999976 2.36342e-05
8 0.985166 0.0148336
8 0.99999 9.93397e-06
0 0.271816 0.728184
8 0.997755 0.00224475
8 0.993195 0.00680521
8 0.997519 0.00248139
8 0.999061 0.000938878
0 0.126985 0.873015
8 0.962772 0.0372276
0 0.00182827 0.998172
8 0.927065 0.072935
0 0.00441176 0.995588
8 1 4.26244e-07
8 0.897951 0.102049
8 0.927904 0.0720964
8 0.999997 2.78549e-06
8 0.958208 0.0417918
8 0.999355 0.000644955
8 0.999923 7.68916e-05
8 0.935045 0.0649549
8 0.895035 0.104965
8 0.904125 0.0958752
8 0.903541 0.0964592
8 0.973206 0.0267941
8 0.998997 0.00100308
0 0.0499332 0.950067
8 0.964278 0.035722
0 0.114424 0.885576
0 0.137307 0.862693
8 0.966448 0.0335515
0 0.016428 0.983572
8 0.995422 0.00457776
8 0.999222 0.000777606
8 0.99693 0.00306962
0 0.165532 0.834468
0 5.22707e-05 0.999948
0 0.000396721 0.999603
8 0.519534 0.480466
8 0.921324 0.0786765
8 0.757679 0.242321
8 0.999298 0.000702252
8 1 1e-07
0 0.00581009 0.99419
8 0.992193 0.00780703
8 0.884199 0.115801
8 0.995379 0.00462125
8 0.999522 0.000478205
0 0.0297384 0.970262
0 0.383226 0.616774
8 0.999116 0.000883815
0 0.0023757 0.997624
0 0.0368158 0.963184
8 0.999999 1.0803e-06
8 0.999051 0.000949395
8 0.99784 0.00215956
8 0.99871 0.00128977
0 0.211927 0.788073
8 0.999925 7.48467e-05
8 0.89659 0.10341
8 0.999764 0.000235843
0 0.36696 0.63304
8 0.999934 6.56904e-05
8 0.992346 0.00765367
8 0.980827 0.0191731
8 0.99999 1.04562e-05
0 0.00143243 0.998568
8 0.997917 0.00208342
8 0.998525 0.00147542
0 0.0696562 0.930344
0 0.00952508 0.990475
0 0.141294 0.858706
8 0.996724 0.00327595
0 0.0260221 0.973978
0 0.000869469 0.999131
0 0.288556 0.711444
0 0.464056 0.535944
8 0.999938 6.18432e-05
8 0.980213 0.0197868
8 0.98551 0.01449
8 0.999928 7.20674e-05
8 0.998842 0.00115755
0 0.0138644 0.986136
8 0.892837 0.107163
0 0.000139533 0.99986
0 0.000450003 0.99955
0 0.243739 0.756261
