labels 8 4
8 0.999998 1.77004e-06
8 0.999969 3.05851e-05
8 0.981779 0.0182208
4 7.99281e-05 0.99992
4 0.00119969 0.9988
8 0.908615 0.0913851
4 0.00131735 0.998683
4 0.00679445 0.993206
8 0.942832 0.0571684
4 0.000458096 0.999542
4 0.0857857 0.914214
8 0.968082 0.0319181
4 0.138214 0.861786
8 0.965911 0.0340888
4 0.302835 0.697165
4 0.0889235 0.911077
8 0.915358 0.0846418
4 0.000299558 0.9997
8 0.914085 0.0859146
4 1.23934e-07 1
8 0.946207 0.0537928
8 0.984309 0.0156912
8 0.939343 0.0606572
8 0.935409 0.0645909
8 0.624106 0.375894
8 0.931637 0.0683629
4 1.57387e-05 0.999984
8 0.872461 0.127539
4 1e-07 1
8 0.9702 0.0297996
4 0.0185442 0.981456
8 0.955944 0.0440556
8 0.989972 0.0100279
4 1e-07 1
4 0.000120857 0.999879
4 0.258194 0.741806
8 0.908626 0.0913742
8 0.730547 0.269453
8 0.92347 0.0765296
8 0.932186 0.0678139
8 0.986462 0.0135377
4 0.399132 0.600868
8 0.9576 0.0423996
8 0.808841 0.191159
8 0.904683 0.0953175
8 0.993043 0.00695738
8 0.913195 0.0868049
8 0.985863 0.0141366
8 0.992868 0.0071323
8 0.998829 0.00117063
4 0.0172356 0.982764
4 0.304649 0.695351
4 0.0195465 0.980454
4 2.50414e-07 1
8 0.915467 0.0845332
8 0.918873 0.0811274
8 0.939263 0.0607366
4 0.315872 0.684128
8 0.766559 0.233441
8 0.996823 0.00317672
8 0.993005 0.00699455
8 0.999994 6.25934e-06
4 0.416596 0.583404
8 0.943811 0.0561888
4 1e-07 1
4 2.86899e-05 0.999971
8 0.991102 0.00889766
8 0.932075 0.0679252
4 0.31686 0.68314
8 0.991414 0.00858571
8 0.999612 0.000388097
8 0.514404 0.485596
8 0.972734 0.0272656
8 0.884139 0.115861
4 0.358238 0.641762
4 6.95288e-05 0.99993
8 0.986832 0.0131681
8 0.990339 0.00966144
8 0.986181 0.0138187
8 0.969962 0.030038
8 0.880742 0.119258
8 0.65654 0.34346
4 2.1714e-07 1
8 0.89769 0.10231
8 0.692332 0.307668
8 0.93959 0.0604105
8 0.889351 0.110649
8 0.795477 0.204523
8 0.999943 5.70188e-05
8 0.916414 0.0835864
4 1e-07 1
8 0.923628 0.0763721
8 0.634542 0.365458
8 0.99635 0.00364983
8 0.758336 0.241664
4 0.0536636 0.946336
8 0.94819 0.0518097
8 0.999936 6.44818e-05
4 0.0289989 0.971001
8 0.967799 0.032201
8 0.807191 0.192809
8 0.983501 0.0164986
4 1.8787e-06 0.999998
8 0.879136 0.120864
8 0.89202 0.10798
4 0.00299079 0.997009
8 0.991096 0.00890388
8 0.962785 0.0372148
8 0.918278 0.0817223
8 0.902018 0.0979824
8 0.917068 0.0829323
8 0.879012 0.120988
8 0.872756 0.127244
8 0.903347 0.0966528
8 0.97117 0.02883
8 0.966217 0.0337827
8 0.999588 0.000412348
4 0.452715 0.547285
8 0.999982 1.76102e-05
8 0.887014 0.112986
8 0.98683 0.01317
8 0.569257 0.430743
4 0.270119 0.729881
8 0.852169 0.147831
4 0.2948 0.7052
8 0.945103 0.0548973
8 0.984731 0.0152694
4 2.16087e-06 0.999998
8 0.939734 0.0602661
8 0.929315 0.0706851
4 0.0229456 0.977054
8 0.642129 0.357871
8 0.999892 0.000108339
8 0.924312 0.0756883
4 0.00144223 0.998558
4 0.000110615 0.999889
4 4.00517e-07 1
8 0.968777 0.0312227
8 0.999661 0.000339001
4 0.0283839 0.971616
8 0.9051 0.0948998
4 4.71414e-05 0.999953
8 0.956243 0.0437571
8 0.993476 0.00652351
8 0.998921 0.00107914
8 0.877428 0.122572
4 0.00562846 0.994372
8 0.890234 0.109766
4 1e-07 1
4 0.000371927 0.999628
8 0.942232 0.0577678
8 0.912973 0.0870274
8 0.877907 0.122093
8 0.915167 0.0848333
8 0.82443 0.17557
8 0.998748 0.00125156
8 0.871317 0.128683
4 2.18041e-05 0.999978
8 0.998091 0.00190894
8 0.54845 0.45155
4 0.350172 0.649828
4 0.203689 0.796311
4 0.125043 0.874957
8 0.949751 0.0502493
8 0.868679 0.131321
4 9.64426e-05 0.999904
4 4.66701e-05 0.999953
4 1.02774e-06 0.999999
8 0.840225 0.159775
4 0.0209583 0.979042
8 0.972075 0.027925
8 0.911265 0.0887353
4 0.0355386 0.964461
4 0.337071 0.662929
8 0.999965 3.48805e-05
8 0.991293 0.00870709
8 0.661641 0.338359
4 0.0318415 0.968158
8 0.985865 0.0141354
4 0.459253 0.540747
4 1.89669e-05 0.999981
8 0.915829 0.0841705
8 0.862478 0.137522
8 0.838366 0.161634
4 0.0210037 0.978996
8 0.999193 0.00080713
8 0.970143 0.0298565
8 0.955676 0.0443239
8 0.598655 0.401345
4 0.00415449 0.995846
8 0.797821 0.202179
8 0.565918 0.434082
8 0.794891 0.205109
8 0.884168 0.115832
8 0.879568 0.120432
8 0.984173 0.0158269
8 0.603951 0.396049
8 0.931933 0.0680674
8 0.992615 0.00738495
4 0.0691075 0.930892
4 0.290475 0.709525
8 0.955245 0.0447548
8 0.879885 0.120115
8 0.944259 0.055741
8 0.821787 0.178213
8 0.737939 0.262061
8 0.998751 0.0012487
8 0.672943 0.327057
8 0.971732 0.0282683
8 0.840137 0.159863
8 0.887694 0.112306
8 0.999972 2.7767e-05
8 0.819374 0.180626
4 0.120771 0.879229
4 0.428307 0.571693
8 0.839153 0.160847
4 8.61249e-07 0.999999
8 0.99962 0.000379662
8 0.992671 0.00732871
4 8.21208e-05 0.999918
4 1e-07 1
4 0.0181506 0.981849
8 0.999744 0.000256343
8 0.999795 0.000204762
8 0.922698 0.0773022
8 0.996868 0.0031318
8 0.914546 0.0854535
8 0.87551 0.12449
8 0.897256 0.102744
8 0.977336 0.022664
8 0.940408 0.0595917
4 3.4879e-05 0.999965
8 0.841979 0.158021
8 0.922433 0.0775666
8 0.940894 0.0591057
8 0.651799 0.348201
8 0.670625 0.329375
8 0.965416 0.0345836
4 0.0635795 0.936421
8 0.634519 0.365481
8 0.993339 0.0066615
8 0.577362 0.422638
4 0.00381565 0.996184
4 0.0292629 0.970737
8 0.552033 0.447967
8 0.894307 0.105693
8 0.732151 0.267849
8 0.999998 2.31963e-06
4 0.165265 0.834735
8 0.757696 0.242304
8 0.908669 0.0913312
4 0.00926628 0.990734
8 0.999993 7.03789e-06
8 0.854867 0.145133
8 0.980386 0.0196144
8 0.961977 0.0380226
8 0.906527 0.0934734
8 0.594952 0.405048
4 1.01258e-05 0.99999
8 0.964582 0.0354177
4 2.17357e-06 0.999998
8 0.999994 6.20329e-06
4 0.00101305 0.998987
8 0.852501 0.147499
4 0.00521336 0.994787
8 0.817334 0.182666
4 0.0198916 0.980108
8 0.998121 0.00187944
8 0.689565 0.310435
8 0.884875 0.115125
8 0.999437 0.0005625
4 1.73307e-05 0.999983
8 0.815521 0.184479
8 0.943677 0.056323
8 0.971337 0.028663
8 0.938915 0.0610854
8 0.989712 0.0102876
8 0.85443 0.14557
8 0.898124 0.101876
4 0.299866 0.700134
8 0.857996 0.142004
8 0.911474 0.0885265
8 0.628954 0.371046
8 0.877472 0.122528
8 0.946532 0.0534682
8 0.971656 0.028344
8 0.980506 0.019494
8 0.991336 0.00866362
8 0.704261 0.295739
8 0.87475 0.12525
8 0.876737 0.123263
4 0.486459 0.513541
8 0.822901 0.177099
8 0.874991 0.125009
8 0.873547 0.126453
8 0.999996 4.02225e-06
8 0.991087 0.00891326
8 0.999938 6.18903e-05
8 0.900658 0.0993416
8 0.684369 0.315631
8 0.640049 0.359951
8 0.996891 0.00310859
8 0.930057 0.0699431
8 0.878168 0.121832
4 0.000284753 0.999715
4 2.80246e-07 1
8 0.955641 0.0443592
8 0.634276 0.365724
8 0.997389 0.00261059
4 1e-07 1
8 0.766282 0.233718
8 0.669282 0.330718
8 0.637479 0.362521
8 0.999999 1.41486e-06
8 0.978346 0.0216544
8 0.993069 0.00693119
4 4.25161e-07 1
8 0.73401 0.26599
8 0.999098 0.00090199
8 0.879925 0.120075
8 0.937623 0.0623768
8 0.662975 0.337025
8 0.99312 0.00688047
8 0.996415 0.00358527
8 0.979131 0.0208695
8 0.933429 0.0665706
8 0.948654 0.0513456
8 0.998518 0.00148197
8 0.999984 1.6416e-05
8 0.564656 0.435344
8 0.951127 0.0488729
4 1e-07 1
8 0.961034 0.0389658
8 0.932024 0.0679758
8 0.995912 0.00408769
8 0.530305 0.469695
8 0.942896 0.0571043
4 0.0447563 0.955244
8 0.954772 0.0452285
8 0.629721 0.370279
8 0.999329 0.000671018
4 1e-07 1
8 0.756679 0.243321
8 0.986521 0.0134788
8 0.872064 0.127936
4 0.108456 0.891544
8 0.673274 0.326726
4 1e-07 1
8 0.837348 0.162652
8 0.998174 0.00182633
4 0.000108587 0.999891
8 0.954152 0.0458479
8 0.989301 0.0106985
4 0.480185 0.519815
8 0.922705 0.0772946
8 0.998236 0.00176371
4 0.000160991 0.999839
4 0.300998 0.699002
4 0.010047 0.989953
8 0.99984 0.000159939
4 0.332228 0.667772
8 0.75061 0.24939
8 0.825927 0.174073
8 0.90165 0.0983496
4 0.0285053 0.971495
8 0.661501 0.338499
8 0.958462 0.0415376
8 0.912102 0.087898
8 0.914198 0.0858021
8 0.955375 0.0446254
4 4.15012e-06 0.999996
8 0.950299 0.0497011
4 0.0512944 0.948706
8 0.955283 0.0447167
8 0.916697 0.0833033
8 0.999985 1.48458e-05
4 6.26378e-07 0.999999
8 0.985918 0.0140816
8 0.997401 0.00259941
4 3.58503e-05 0.999964
8 0.962275 0.0377253
4 0.376805 0.623195
8 0.996384 0.00361622
8 0.986665 0.0133348
8 0.909659 0.0903411
4 0.487757 0.512243
8 0.925548 0.0744518
8 0.975208 0.0247919
4 0.36327 0.63673
4 1e-07 1
8 0.883132 0.116868
8 0.964283 0.0357171
4 0.486664 0.513336
4 5.24774e-05 0.999948
8 0.633017 0.366983
8 0.932457 0.0675435
8 0.864522 0.135478
4 0.213386 0.786614
4 0.323999 0.676001
8 0.928542 0.0714577
8 0.959181 0.0408189
8 0.8365 0.1635
4 0.0168091 0.983191
8 0.914781 0.0852186
4 0.0221768 0.977823
8 0.976666 0.023334
4 0.00339355 0.996606
8 0.976869 0.0231308
8 0.84899 0.15101
4 0.497957 0.502043
8 0.931638 0.0683621
8 0.869666 0.130334
8 0.903592 0.0964079
8 0.993328 0.00667164
8 0.784672 0.215328
4 4.21613e-07 1
8 0.941513 0.0584873
8 0.865725 0.134275
4 1.63633e-06 0.999998
8 0.997306 0.0026941
8 0.985533 0.0144673
4 1e-07 1
8 0.99927 0.00073028
8 0.938819 0.0611812
8 0.998575 0.00142536
4 0.000764955 0.999235
8 0.993832 0.00616835
4 0.344218 0.655782
4 0.45096 0.54904
8 0.850579 0.149421
8 0.99836 0.00163957
8 0.675414 0.324586
8 0.513064 0.486936
4 1e-07 1
8 0.996681 0.00331884
8 0.995221 0.00477916
8 0.800634 0.199366
8 0.99993 7.04427e-05
8 0.998841 0.00115894
4 0.151196 0.848804
8 0.692394 0.307606
4 0.140557 0.859443
8 0.991427 0.00857322
8 0.901506 0.0984935
8 0.909216 0.0907844
8 0.897582 0.102418
8 0.904305 0.0956951
4 0.000113065 0.999887
4 0.122601 0.877399
8 0.863881 0.136119
4 0.390765 0.609235
8 0.999892 0.000107857
8 0.907655 0.0923446
8 0.98974 0.01026
8 0.974583 0.0254168
4 5.54737e-06 0.999994
8 0.872034 0.127966
4 0.312339 0.687661
4 1.12487e-06 0.999999
4 0.00273754 0.997262
8 0.735577 0.264423
8 0.87951 0.12049
4 0.00937443 0.990626
8 0.937473 0.0625274
8 0.916263 0.083737
4 0.434619 0.565381
4 0.0263896 0.97361
8 0.987912 0.0120882
8 0.976901 0.0230991
8 0.996683 0.00331686
8 0.89458 0.10542
8 0.98693 0.0130703
4 7.44107e-05 0.999926
4 0.124086 0.875914
8 0.85568 0.14432
8 0.99797 0.00202986
4 1.04352e-05 0.99999
4 0.000502569 0.999497
8 0.901028 0.0989721
4 0.295403 0.704597
8 0.907756 0.0922438
8 0.853828 0.146172
8 0.9801 0.0199002
4 0.0762941 0.923706
8 0.968809 0.0311911
4 1.3491e-05 0.999987
8 0.999995 4.52934e-06
8 0.975046 0.0249539
8 0.900568 0.0994317
8 0.704 0.296
4 7.33289e-05 0.999927
4 0.418324 0.581676
8 0.992236 0.00776405
4 0.490873 0.509127
8 0.87131 0.12869
8 0.978407 0.0215934
8 0.556376 0.443624
8 0.645341 0.354659
4 0.422022 0.577978
8 0.912822 0.0871784
4 0.0919159 0.908084
8 0.973146 0.0268542
8 0.944619 0.055381
8 0.896106 0.103894
4 1e-07 1
8 0.973603 0.026397
8 0.860428 0.139572
8 0.99816 0.00184006
4 0.0762974 0.923703
8 0.942586 0.057414
8 0.617573 0.382427
8 0.855145 0.144855
8 0.981265 0.0187347
8 0.631829 0.368171
8 0.994878 0.00512235
8 0.869011 0.130989
8 0.863455 0.136545
8 0.807509 0.192491
4 0.0111408 0.988859
8 0.989847 0.0101533
8 0.963941 0.0360593
8 0.941049 0.0589515
4 0.00172321 0.998277
4 6.23477e-07 0.999999
8 0.989239 0.0107608
8 0.837603 0.162397
8 0.882249 0.117751
4 0.00604131 0.993959
4 0.0292098 0.97079
8 0.998275 0.00172494
8 0.932844 0.0671559
8 0.8352 0.1648
8 0.933172 0.0668283
4 0.117914 0.882086
4 4.65502e-05 0.999953
8 0.91319 0.0868105
8 0.981397 0.0186034
8 0.92577 0.0742303
8 0.766107 0.233893
4 0.046265 0.953735
4 0.443693 0.556307
8 0.996053 0.00394653
8 0.986508 0.0134917
4 4.14939e-06 0.999996
4 0.000451383 0.999549
4 0.431948 0.568052
8 0.960272 0.0397282
4 0.000878828 0.999121
8 0.562469 0.437531
4 0.00109058 0.998909
8 0.895097 0.104903
8 0.920027 0.0799728
4 0.09108 0.90892
8 0.99831 0.00169031
8 0.677302 0.322698
4 0.00316179 0.996838
8 0.669965 0.330035
8 0.979512 0.0204876
8 0.794023 0.205977
4 0.00198899 0.998011
4 0.000905235 0.999095
8 0.970412 0.0295882
8 0.966518 0.0334822
8 0.944902 0.055098
8 0.997947 0.00205286
8 0.999989 1.06833e-05
4 2.71839e-07 1
4 0.000146275 0.999854
4 0.102348 0.897652
4 0.00274841 0.997252
4 0.448703 0.551297
8 0.827296 0.172704
4 1e-07 1
8 0.886409 0.113591
8 0.924543 0.0754572
8 0.667752 0.332248
8 0.725269 0.274731
8 0.847602 0.152398
4 1e-07 1
8 0.957767 0.0422327
8 0.875682 0.124318
4 0.0376146 0.962385
4 1e-07 1
8 0.974045 0.0259554
8 0.981549 0.0184514
4 0.00331367 0.996686
8 0.933293 0.0667066
8 0.9995 0.000499686
8 0.950755 0.0492453
8 0.862058 0.137942
8 0.841274 0.158726
4 0.163888 0.836112
4 0.001896 0.998104
8 0.999134 0.000865968
8 0.997599 0.00240098
8 0.5372 0.4628
4 1.74776e-06 0.999998
8 0.997415 0.00258481
8 0.99999 1.04798e-05
4 1.7966e-07 1
4 0.342018 0.657982
8 0.997124 0.00287641
8 0.99939 0.0006101
8 0.723175 0.276825
8 0.691484 0.308516
4 0.322004 0.677996
8 0.733843 0.266157
4 0.00624054 0.993759
4 3.27085e-07 1
8 0.992674 0.00732644
8 0.747569 0.252431
8 0.933054 0.0669462
8 0.908593 0.0914069
8 0.998763 0.00123664
8 0.95459 0.04541
8 0.892537 0.107463
8 0.928217 0.0717828
8 0.722684 0.277316
8 0.978921 0.0210789
4 0.00376003 0.99624
8 0.999642 0.000358228
4 1e-07 1
8 0.999061 0.000938798
8 0.917654 0.0823465
8 0.759607 0.240393
8 0.9134 0.0865999
8 0.99022 0.00978038
8 0.608905 0.391095
8 0.871323 0.128677
8 0.925304 0.0746956
4 0.176385 0.823615
8 0.917617 0.0823833
4 0.000164501 0.999835
8 0.967586 0.0324143
8 0.964455 0.035545
8 0.999987 1.25638e-05
8 0.860519 0.139481
8 0.833083 0.166917
8 0.967924 0.0320765
8 0.935007 0.0649931
8 0.999985 1.46417e-05
4 7.87489e-05 0.999921
8 0.846852 0.153148
8 0.816833 0.183167
4 0.0860417 0.913958
8 0.97316 0.0268398
4 1e-07 1
8 0.942634 0.0573658
8 0.848634 0.151366
8 0.969222 0.0307781
8 0.997174 0.00282599
8 0.713097 0.286903
8 0.925654 0.0743456
8 0.859726 0.140274
4 0.40789 0.59211
8 0.836768 0.163232
4 1e-07 1
8 0.776255 0.223745
8 0.99998 1.99469e-05
8 0.913805 0.0861953
8 0.998593 0.00140708
8 0.905283 0.0947166
4 0.439119 0.560881
8 0.564519 0.435481
8 0.918828 0.0811725
8 0.965282 0.0347175
8 0.977142 0.0228585
8 0.972424 0.0275763
8 0.910957 0.0890432
8 0.999724 0.000275781
8 0.986782 0.0132176
8 0.841718 0.158282
8 0.999104 0.00089571
8 0.99914 0.000859583
8 0.808627 0.191373
8 0.98367 0.01633
8 0.84851 0.15149
8 0.844365 0.155635
8 0.990371 0.00962946
8 0.999673 0.000326579
8 0.878257 0.121743
8 0.854689 0.145311
8 0.858164 0.141836
8 0.981613 0.0183875
4 0.394498 0.605502
8 0.878808 0.121192
4 0.000138329 0.999862
4 0.000826112 0.999174
8 0.891804 0.108196
8 0.987051 0.0129492
8 0.520834 0.479166
4 0.429586 0.570414
8 0.934627 0.0653734
8 0.943235 0.0567649
8 0.999942 5.84537e-05
4 6.79537e-05 0.999932
8 0.905499 0.094501
8 0.940943 0.0590571
8 0.937205 0.0627949
8 0.96885 0.03115
4 0.0673432 0.932657
8 0.994681 0.00531868
8 0.838969 0.161031
4 1e-07 1
8 0.997589 0.00241083
8 0.9518 0.0482004
8 0.649545 0.350455
8 0.796577 0.203423
8 0.998684 0.00131607
8 0.979577 0.020423
8 0.950799 0.049201
8 0.988875 0.0111253
8 0.997975 0.00202459
8 0.885218 0.114782
8 0.979933 0.0200672
8 0.82645 0.17355
4 5.45917e-07 0.999999
4 7.72601e-05 0.999923
8 0.998984 0.00101615
8 0.923735 0.0762652
4 9.91903e-05 0.999901
8 0.833223 0.166777
4 0.0755026 0.924497
4 0.245504 0.754496
4 3.04779e-07 1
8 0.922423 0.0775774
8 0.992283 0.00771732
8 0.875973 0.124027
8 0.506317 0.493683
8 0.993009 0.00699117
8 0.999915 8.52247e-05
8 0.75431 0.24569
8 0.876384 0.123616
4 0.000122157 0.999878
8 0.811302 0.188698
8 0.899889 0.100111
8 0.881558 0.118442
8 0.555236 0.444764
8 0.961812 0.038188
8 0.733938 0.266062
8 0.665284 0.334716
4 3.39965e-05 0.999966
4 0.0158926 0.984107
8 0.986267 0.0137329
8 0.846947 0.153053
8 0.999903 9.68854e-05
4 9.39271e-07 0.999999
4 0.163794 0.836206
8 0.979656 0.0203439
8 0.704607 0.295393
8 0.706633 0.293367
8 0.869022 0.130978
4 0.350517 0.649483
8 0.546687 0.453313
8 0.924069 0.0759309
4 2.23156e-05 0.999978
8 0.748854 0.251146
8 0.991065 0.00893483
8 0.905095 0.0949052
4 0.000207271 0.999793
4 0.196082 0.803918
4 0.430572 0.569428
4 0.00731672 0.992683
8 0.999577 0.000422605
8 0.911176 0.0888238
8 0.99999 9.67311e-06
4 0.493436 0.506564
8 0.989746 0.0102545
8 0.993082 0.00691772
8 0.686029 0.313971
8 0.883074 0.116926
8 0.986733 0.0132674
8 0.854646 0.145354
4 0.248764 0.751236
8 0.95484 0.0451599
8 0.958723 0.0412766
8 0.924829 0.0751711
8 0.940586 0.0594139
4 0.035892 0.964108
4 0.17101 0.82899
8 0.937723 0.0622774
8 0.876298 0.123702
8 0.996601 0.0033986
8 0.959931 0.0400685
4 3.4161e-07 1
8 0.954191 0.0458089
8 0.992499 0.00750117
8 0.747577 0.252423
8 0.934037 0.0659633
4 0.123227 0.876773
8 0.60076 0.39924
8 0.912206 0.0877942
4 0.467382 0.532618
8 0.964353 0.0356472
8 0.999892 0.000108311
8 0.999872 0.000127653
8 0.871803 0.128197
8 0.849732 0.150268
8 0.994338 0.00566188
8 0.990371 0.00962924
4 0.00129745 0.998703
4 0.0006486 0.999351
8 0.773085 0.226915
8 0.999993 6.62158e-06
4 8.84635e-05 0.999912
4 2.25466e-06 0.999998
4 6.15819e-06 0.999994
4 0.205128 0.794872
4 0.431845 0.568155
8 0.994324 0.00567574
4 0.449253 0.550747
8 0.942408 0.0575917
8 0.546011 0.453989
8 0.762988 0.237012
4 1.84125e-06 0.999998
8 0.993978 0.00602156
8 0.999779 0.000221001
8 0.694311 0.305689
4 0.00686271 0.993137
8 0.995821 0.00417918
8 0.931588 0.0684118
8 0.959975 0.0400253
8 0.895944 0.104056
8 0.95784 0.0421597
8 0.994054 0.00594588
8 0.596703 0.403297
4 0.412135 0.587865
8 0.911186 0.088814
8 0.989316 0.0106836
4 0.385295 0.614705
8 0.805319 0.194681
8 0.626477 0.373523
8 0.773494 0.226506
8 0.823269 0.176731
8 0.728234 0.271766
8 0.982178 0.0178223
8 0.912749 0.087251
4 0.353803 0.646197
8 0.900846 0.0991536
8 0.901975 0.0980249
8 0.913265 0.0867348
8 0.999725 0.000274692
4 4.35271e-07 1
8 0.990178 0.00982159
4 0.222091 0.777909
8 0.927704 0.0722963
4 0.288242 0.711758
4 5.72847e-06 0.999994
4 0.261824 0.738176
8 0.89903 0.10097
4 0.000720375 0.99928
8 0.796457 0.203543
8 0.97164 0.0283598
8 0.808383 0.191617
4 0.116717 0.883283
8 0.893928 0.106072
8 0.963893 0.0361068
8 0.938085 0.0619145
8 0.700627 0.299373
8 0.956961 0.0430387
4 0.00818516 0.991815
8 0.935396 0.0646037
8 0.743336 0.256664
4 0.30776 0.69224
8 0.909222 0.0907782
8 0.953901 0.0460985
8 0.921751 0.0782489
8 0.854329 0.145671
8 0.995237 0.00476295
4 8.54307e-06 0.999991
8 0.676627 0.323373
4 7.61086e-07 0.999999
4 0.392036 0.607964
8 0.836263 0.163737
4 0.0091512 0.990849
4 4.18712e-05 0.999958
8 0.999799 0.000201423
8 0.856389 0.143611
8 0.809351 0.190649
8 0.869584 0.130416
4 0.465327 0.534673
8 0.643753 0.356247
4 1e-07 1
8 0.986794 0.0132057
4 0.311081 0.688919
8 0.951566 0.0484343
8 0.885586 0.114414
4 0.0078447 0.992155
4 1e-07 1
8 0.881807 0.118193
8 0.9997 0.000300481
8 0.999991 9.45089e-06
4 2.41469e-05 0.999976
8 0.998896 0.0011037
8 0.999105 0.000894612
8 0.900969 0.0990308
8 0.842651 0.157349
8 0.921633 0.0783668
8 0.950643 0.0493574
8 0.856082 0.143918
8 0.977485 0.0225151
4 0.000620238 0.99938
4 1e-07 1
8 0.633386 0.366614
8 0.792556 0.207444
8 0.999958 4.16327e-05
8 0.575249 0.424751
4 0.00169037 0.99831
8 0.985258 0.0147421
8 0.860057 0.139943
8 1 4.28472e-07
8 0.916283 0.0837166
8 0.999429 0.000570635
8 0.943862 0.0561379
8 0.649331 0.350669
8 0.677662 0.322338
4 0.138466 0.861534
8 0.914678 0.0853219
8 0.718778 0.281222
4 2.27293e-06 0.999998
8 0.99933 0.00067002
8 0.996914 0.00308641
8 0.91833 0.0816698
8 0.884265 0.115735
8 0.995119 0.00488097
8 0.994727 0.00527277
8 0.97575 0.0242497
8 0.84741 0.15259
8 0.83276 0.16724
4 2.83088e-05 0.999972
4 1e-07 1
8 0.976772 0.0232279
8 0.755799 0.244201
8 0.80469 0.19531
4 0.499665 0.500335
4 0.0129918 0.987008
8 0.782736 0.217264
8 0.78286 0.21714
8 0.865405 0.134595
8 0.89142 0.10858
8 0.99805 0.00195026
4 0.0359236 0.964076
8 0.922882 0.0771177
8 0.595126 0.404874
4 2.47349e-05 0.999975
8 0.896662 0.103338
8 0.999269 0.00073112
4 0.0105403 0.98946
4 1e-07 1
8 0.914797 0.0852033
8 0.999997 3.06875e-06
4 1.81862e-07 1
4 8.33212e-05 0.999917
8 0.984468 0.0155321
8 0.970598 0.0294022
8 0.888029 0.111971
8 0.880786 0.119214
8 0.51414 0.48586
8 0.892201 0.107799
8 0.986731 0.0132688
8 0.909325 0.0906751
4 1e-07 1
4 0.000566085 0.999434
4 5.78676e-05 0.999942
8 0.677773 0.322227
8 0.924604 0.0753962
8 0.999464 0.000535598
8 0.966908 0.0330919
8 0.859379 0.140621
4 0.0111937 0.988806
8 0.691335 0.308665
8 0.881349 0.118651
8 0.992238 0.00776194
8 0.858386 0.141614
4 0.0211172 0.978883
8 0.955081 0.044919
8 0.978389 0.0216112
8 0.999958 4.18367e-05
8 0.809581 0.190419
8 0.98653 0.0134702
8 0.993384 0.00661553
8 0.71148 0.28852
8 0.973004 0.0269958
8 0.901831 0.0981693
8 0.774963 0.225037
4 0.28884 0.71116
8 0.783748 0.216252
8 0.747011 0.252989
8 0.940591 0.0594093
8 0.869849 0.130151
8 0.882366 0.117634
4 3.1171e-06 0.999997
8 0.933859 0.0661407
8 0.527863 0.472137
8 0.983962 0.0160378
8 0.994212 0.00578751
4 0.0669423 0.933058
4 0.0565601 0.94344
8 0.908496 0.0915039
4 0.00021364 0.999786
4 0.000129571 0.99987
8 0.943035 0.056965
8 0.947209 0.0527914
8 0.754386 0.245614
8 0.857205 0.142795
8 0.998566 0.00143351
8 0.598679 0.401321
8 0.998937 0.00106297
8 0.956526 0.0434735
8 0.782696 0.217304
8 0.863377 0.136623
8 0.791666 0.208334
4 0.00134733 0.998653
8 0.94017 0.05983
4 0.277929 0.722071
8 0.932672 0.0673278
8 0.974459 0.0255411
4 0.00407617 0.995924
8 0.919834 0.0801659
8 0.959849 0.0401507
8 0.984496 0.0155041
8 0.984161 0.0158389
8 0.998314 0.00168632
8 0.990725 0.009275
4 4.73414e-07 1
8 0.788462 0.211538
8 0.926212 0.073788
8 0.985806 0.0141938
8 0.991291 0.00870856
4 1.74426e-05 0.999983
8 0.982904 0.0170965
8 0.898302 0.101698
8 0.88885 0.11115
4 0.0175884 0.982412
4 1.07421e-07 1
8 0.999978 2.15579e-05
8 0.943871 0.0561288
8 0.776825 0.223175
4 0.487801 0.512199
8 0.72749 0.27251
4 0.0899649 0.910035
8 0.944056 0.0559437
8 0.56969 0.43031
8 0.633401 0.366599
4 4.23583e-05 0.999958
8 0.826848 0.173152
8 0.873239 0.126761
4 0.366401 0.633599
4 0.00136682 0.998633
4 5.44688e-07 0.999999
8 0.658444 0.341556
4 0.000100431 0.9999
8 0.979839 0.0201614
8 0.836888 0.163112
4 0.363863 0.636137
8 0.822214 0.177786
4 6.67943e-07 0.999999
4 1e-07 1
8 0.995744 0.00425628
8 0.996221 0.00377907
8 0.890728 0.109272
8 0.951317 0.0486826
8 0.531556 0.468444
8 0.874532 0.125468
4 0.0322614 0.967739
8 0.825377 0.174623
8 0.972718 0.0272817
4 0.000437121 0.999563
4 8.26831e-06 0.999992
8 0.999915 8.47686e-05
8 0.87461 0.12539
4 0.00429307 0.995707
8 0.556172 0.443828
8 0.957224 0.0427757
4 5.40005e-05 0.999946
8 0.996737 0.00326341
4 4.83746e-05 0.999952
8 0.880915 0.119085
8 0.983245 0.0167548
8 0.744328 0.255672
8 0.689829 0.310171
4 0.209016 0.790984
8 0.904873 0.0951266
8 0.903055 0.0969454
8 0.864896 0.135104
4 0.441058 0.558942
8 0.999992 7.55362e-06
4 0.425807 0.574193
4 1e-07 1
4 0.118196 0.881804
8 0.942688 0.0573121
8 0.773855 0.226145
8 0.998669 0.00133079
4 0.471305 0.528695
8 0.648237 0.351763
4 0.000379804 0.99962
8 0.979581 0.0204189
8 0.514566 0.485434
8 0.61224 0.38776
8 0.951264 0.0487363
8 0.767896 0.232104
8 0.957192 0.0428079
4 0.336659 0.663341
8 0.873471 0.126529
8 0.995015 0.00498495
8 0.76957 0.23043
8 0.972556 0.0274443
8 0.939218 0.0607824
8 0.88075 0.11925
8 0.921098 0.0789018
4 0.00027786 0.999722
8 0.993204 0.00679623
8 0.959203 0.0407965
4 0.00185905 0.998141
8 0.601268 0.398732
8 0.789482 0.210518
8 0.999871 0.000128908
8 0.836388 0.163612
8 0.862318 0.137682
4 0.000812184 0.999188
4 0.0149089 0.985091
4 0.000834868 0.999165
8 0.595702 0.404298
4 0.0010977 0.998902
8 0.997918 0.0020823
8 0.86276 0.13724
4 0.000692892 0.999307
8 0.691123 0.308877
4 0.0228666 0.977133
8 0.999978 2.21786e-05
8 0.962527 0.0374733
4 0.0109864 0.989014
4 0.000169175 0.999831
8 0.864902 0.135098
8 0.999974 2.60416e-05
4 1.47642e-06 0.999999
8 0.91399 0.0860096
4 0.00592947 0.994071
8 0.982856 0.0171445
8 0.999564 0.00043646
4 1e-07 1
4 0.00346918 0.996531
8 0.962646 0.0373543
8 0.927277 0.0727232
8 0.598678 0.401322
8 0.997757 0.00224312
8 0.94087 0.0591303
8 0.909598 0.0904021
8 0.958294 0.0417057
8 0.999868 0.00013197
8 0.964614 0.0353857
8 0.973474 0.0265261
8 1 3.04813e-07
8 0.982598 0.0174023
8 0.996524 0.00347617
8 0.837605 0.162395
4 2.99068e-07 1
8 0.786779 0.213221
8 0.704427 0.295573
8 0.949273 0.0507271
4 0.00197352 0.998026
4 0.00188583 0.998114
8 0.808348 0.191652
8 0.918838 0.0811618
4 0.00386221 0.996138
8 0.929696 0.0703041
8 0.921164 0.0788364
8 0.999995 4.5191e-06
8 0.999983 1.66958e-05
8 0.905758 0.0942416
8 0.992803 0.00719745
8 0.993003 0.00699685
8 0.85102 0.14898
4 0.00503978 0.99496
8 0.830574 0.169426
8 0.898723 0.101277
4 0.000265537 0.999734
8 0.913811 0.086189
8 0.874528 0.125472
8 0.948783 0.0512171
4 0.470687 0.529313
8 0.905052 0.0949477
8 0.905698 0.0943022
8 0.890583 0.109417
8 0.968869 0.0311311
8 0.840632 0.159368
4 2.50832e-05 0.999975
8 0.848078 0.151922
8 0.711245 0.288755
8 0.808786 0.191214
8 0.829635 0.170365
4 0.452944 0.547056
8 0.904022 0.0959776
8 0.541516 0.458484
8 0.979662 0.0203381
8 0.875513 0.124487
8 0.999967 3.26047e-05
8 0.954686 0.0453136
4 2.05737e-05 0.999979
8 0.999509 0.000491261
8 0.87567 0.12433
4 0.493698 0.506302
8 0.972856 0.0271436
8 0.902979 0.0970205
8 0.687406 0.312594
4 0.000359928 0.99964
8 0.999511 0.000489242
4 0.293534 0.706466
8 0.990308 0.00969204
8 0.88583 0.11417
8 0.999139 0.000861334
8 0.98841 0.01159
4 0.00151765 0.998482
8 0.924033 0.0759666
8 0.903546 0.0964536
4 7.3206e-06 0.999993
4 0.0274773 0.972523
8 0.898906 0.101094
4 0.000795873 0.999204
4 1.04304e-07 1
8 0.99992 8.02625e-05
8 0.91685 0.0831501
8 0.994527 0.00547341
8 0.769597 0.230403
8 0.976395 0.0236052
8 0.546353 0.453647
8 0.858571 0.141429
4 0.204451 0.795549
4 0.00497278 0.995027
4 8.69215e-05 0.999913
8 0.758996 0.241004
4 0.30512 0.69488
4 0.00020311 0.999797
8 0.905642 0.0943578
8 0.856351 0.143649
8 0.809357 0.190643
8 0.88228 0.11772
8 0.989539 0.0104608
8 0.605148 0.394852
8 0.997961 0.00203919
8 0.899556 0.100444
8 0.912966 0.0870338
8 0.840194 0.159806
8 0.780843 0.219157
8 0.999965 3.53863e-05
8 0.990515 0.00948497
8 0.921089 0.0789108
8 0.991929 0.00807122
8 0.919945 0.080055
8 0.662655 0.337345
4 2.25076e-07 1
8 0.8008 0.1992
8 0.875084 0.124916
8 0.683324 0.316676
8 0.941287 0.0587134
8 0.978842 0.0211582
8 0.992187 0.00781349
8 0.846608 0.153392
8 0.791166 0.208834
8 0.872055 0.127945
8 0.986173 0.0138267
8 0.969688 0.030312
8 0.863998 0.136002
4 1e-07 1
8 0.952317 0.047683
8 0.717262 0.282738
8 0.907815 0.0921847
8 0.567918 0.432082
8 0.737472 0.262528
4 0.16052 0.83948
8 0.876594 0.123406
8 0.998139 0.00186091
8 0.530345 0.469655
8 0.938444 0.061556
4 0.348599 0.651401
8 0.814291 0.185709
8 0.600954 0.399046
8 0.920663 0.0793369
8 0.850279 0.149721
8 0.628555 0.371445
8 0.724138 0.275862
8 0.976891 0.023109
4 0.355712 0.644288
4 0.354076 0.645924
8 0.583893 0.416107
8 0.865954 0.134046
8 0.935652 0.0643478
8 0.717933 0.282067
8 0.725375 0.274625
8 0.987672 0.0123283
8 0.782343 0.217657
8 0.900848 0.0991519
8 0.913253 0.0867471
8 0.997753 0.00224665
8 0.873685 0.126315
4 5.50535e-07 0.999999
8 0.99772 0.00227984
8 0.96918 0.0308196
8 0.999873 0.000127247
8 0.751887 0.248113
4 0.493374 0.506626
8 0.905998 0.0940018
8 0.929367 0.0706332
8 0.89838 0.10162
4 1e-07 1
4 0.408059 0.591941
8 0.959559 0.0404412
4 0.00178783 0.998212
8 0.999899 0.000100773
8 0.938917 0.0610826
8 0.854082 0.145918
8 0.826191 0.173809
4 3.57504e-05 0.999964
4 0.374835 0.625165
8 0.977612 0.0223883
4 0.115792 0.884208
8 0.999741 0.000258545
8 0.997154 0.00284557
8 0.862939 0.137061
8 0.997964 0.00203602
8 0.999976 2.40903e-05
8 0.93188 0.0681197
8 0.931187 0.068813
8 0.932287 0.0677126
8 0.990953 0.00904691
8 0.99306 0.00694027
8 0.847708 0.152292
8 0.915562 0.0844377
8 0.941133 0.0588672
8 0.72596 0.27404
4 0.0253363 0.974664
8 0.86193 0.13807
8 0.995388 0.00461154
8 0.914158 0.0858418
4 0.00715625 0.992844
4 1e-07 1
8 0.878071 0.121929
8 0.9563 0.0437004
8 0.672957 0.327043
4 0.301589 0.698411
8 0.963925 0.0360751
8 0.895914 0.104086
8 0.873984 0.126016
8 0.770854 0.229146
4 1.49181e-07 1
4 1e-07 1
4 4.80097e-06 0.999995
4 0.0369253 0.963075
8 0.991522 0.00847758
8 0.931919 0.0680806
8 0.920004 0.0799959
8 0.961602 0.0383976
4 0.486598 0.513402
8 0.922243 0.0777575
4 0.000517115 0.999483
8 0.793624 0.206376
8 0.68222 0.31778
8 0.999923 7.6717e-05
4 2.11782e-07 1
4 0.00016795 0.999832
8 0.911837 0.0881627
8 0.782614 0.217386
4 0.320098 0.679902
8 0.987644 0.0123559
8 0.91358 0.0864204
4 1.93341e-05 0.999981
4 0.00807269 0.991927
8 0.920618 0.0793824
8 0.959285 0.0407153
8 0.94938 0.0506201
4 6.22086e-07 0.999999
8 0.974164 0.0258358
8 0.854999 0.145001
4 0.326848 0.673152
8 0.896552 0.103448
4 0.0914516 0.908548
8 0.933289 0.0667109
4 0.00107409 0.998926
4 0.228906 0.771094
8 0.885747 0.114253
8 0.978207 0.021793
4 0.348886 0.651114
8 0.943975 0.0560253
8 0.999923 7.73197e-05
8 0.873206 0.126794
8 0.938088 0.0619123
8 0.5894 0.4106
4 1e-07 1
4 0.00754234 0.992458
8 0.919072 0.0809283
8 0.976771 0.0232289
8 0.976274 0.0237257
8 0.930826 0.069174
8 0.985622 0.0143782
8 0.994606 0.00539448
8 0.930777 0.0692227
8 0.893978 0.106022
8 0.999469 0.000530721
4 2.67478e-05 0.999973
8 0.948059 0.0519413
8 0.896505 0.103495
4 2.10902e-05 0.999979
8 0.616747 0.383253
8 0.950083 0.0499165
8 0.976207 0.0237929
8 0.912708 0.0872921
8 0.999995 5.42805e-06
8 0.838056 0.161944
8 0.809046 0.190954
8 0.999942 5.8328e-05
8 0.555193 0.444807
8 0.953616 0.0463836
8 0.999967 3.34164e-05
8 0.91131 0.0886898
4 0.00074479 0.999255
4 0.0672962 0.932704
8 0.986258 0.0137421
4 1e-07 1
4 2.57983e-06 0.999997
4 0.496776 0.503224
8 0.999204 0.000795724
8 0.980052 0.0199485
8 0.997198 0.00280212
8 0.711743 0.288257
8 0.591885 0.408115
8 0.927071 0.0729289
4 9.4229e-07 0.999999
8 0.894134 0.105866
8 0.886029 0.113971
4 0.170625 0.829375
8 0.872916 0.127084
8 0.874486 0.125514
4 0.470436 0.529564
8 0.998296 0.00170421
8 0.53577 0.46423
8 0.984312 0.0156884
4 1.63249e-07 1
8 0.855977 0.144023
8 0.964001 0.0359993
8 0.988557 0.0114427
8 0.920882 0.0791182
8 0.998412 0.00158751
8 0.581954 0.418046
8 0.89511 0.10489
8 0.847618 0.152382
4 0.475775 0.524225
8 0.852745 0.147255
8 0.961291 0.0387089
8 0.665797 0.334203
4 3.69848e-05 0.999963
4 0.00154807 0.998452
8 0.887426 0.112574
4 1.41908e-07 1
8 0.943752 0.0562475
8 0.999792 0.000207795
8 0.899968 0.100032
4 0.45197 0.54803
8 0.928474 0.0715256
8 0.709601 0.290399
8 0.768119 0.231881
4 1e-07 1
4 0.14078 0.85922
4 6.32282e-05 0.999937
8 0.697715 0.302285
4 0.215214 0.784786
8 0.997384 0.0026161
8 0.928836 0.0711644
8 0.914441 0.0855588
8 0.97643 0.0235702
8 0.973984 0.0260157
8 0.885352 0.114648
8 0.639914 0.360086
8 0.866929 0.133071
8 0.720033 0.279967
8 0.912759 0.087241
8 0.863017 0.136983
4 1e-07 1
4 0.0162197 0.98378
8 0.99983 0.000170001
4 1e-07 1
4 0.32851 0.67149
8 0.880983 0.119017
4 1.50248e-05 0.999985
4 0.000625261 0.999375
4 0.435485 0.564515
4 1e-07 1
4 9.35324e-07 0.999999
4 0.142601 0.857399
8 0.993704 0.00629579
8 0.559259 0.440741
8 0.872723 0.127277
8 0.798095 0.201905
8 0.970297 0.0297026
8 0.991377 0.00862296
8 0.857596 0.142404
8 0.830771 0.169229
8 0.886134 0.113866
8 0.908419 0.0915805
8 0.515331 0.484669
8 0.904736 0.0952643
8 0.998942 0.00105839
8 0.899169 0.100831
8 0.999913 8.69623e-05
8 0.964169 0.0358309
4 0.00498262 0.995017
8 0.94685 0.0531504
8 0.825774 0.174226
4 0.271909 0.728091
8 0.995972 0.00402799
4 1.29173e-05 0.999987
8 0.914349 0.0856505
8 0.999973 2.71122e-05
4 0.000103801 0.999896
8 0.975398 0.0246021
4 1e-07 1
4 1.67511e-05 0.999983
4 4.41676e-05 0.999956
8 0.622628 0.377372
8 0.581913 0.418087
8 0.980975 0.0190252
8 0.9752 0.0247996
8 0.994344 0.00565558
8 0.942182 0.0578177
8 0.959463 0.040537
8 0.905723 0.0942765
8 0.674768 0.325232
8 0.790282 0.209718
8 0.975289 0.0247108
8 0.999997 2.9883e-06
8 0.905122 0.0948777
4 1.74835e-05 0.999983
8 0.974685 0.0253145
8 0.555484 0.444516
8 0.820047 0.179953
8 0.705133 0.294867
8 0.910151 0.089849
8 0.925561 0.0744386
8 0.512513 0.487487
8 0.775006 0.224994
8 0.854873 0.145127
8 0.536508 0.463492
8 0.966515 0.0334847
4 0.291392 0.708608
4 0.0319167 0.968083
4 0.00142269 0.998577
8 0.977 0.0229998
8 0.971091 0.0289089
8 0.92481 0.0751903
8 0.946346 0.0536539
8 0.920351 0.0796491
4 0.00254961 0.99745
4 1e-07 1
8 0.990938 0.00906241
4 4.54811e-06 0.999995
8 0.906323 0.0936768
8 0.996984 0.00301637
8 0.934661 0.0653394
4 0.0202243 0.979776
4 0.320711 0.679289
4 0.387284 0.612716
8 0.564482 0.435518
8 0.999983 1.72045e-05
8 0.818641 0.181359
8 0.897808 0.102192
8 0.616934 0.383066
4 0.463126 0.536874
4 0.446682 0.553318
4 1e-07 1
8 0.949913 0.0500865
8 0.88114 0.11886
8 0.759434 0.240566
4 2.62655e-06 0.999997
4 1.14202e-05 0.999989
8 0.994413 0.00558697
8 0.750771 0.249229
8 0.941938 0.0580618
4 0.000212691 0.999787
8 0.919308 0.0806917
8 0.620939 0.379061
8 0.987511 0.0124892
4 0.122456 0.877544
4 0.0986621 0.901338
8 0.695442 0.304558
8 0.952233 0.0477665
4 0.0177029 0.982297
8 0.81795 0.18205
8 0.996197 0.00380337
8 0.99215 0.00784952
8 0.640585 0.359415
8 0.998939 0.00106132
8 0.859511 0.140489
8 0.844319 0.155681
8 0.970364 0.0296362
8 0.997721 0.0022793
4 0.342133 0.657867
8 0.935965 0.0640354
8 0.936005 0.0639948
8 0.892638 0.107362
8 0.846726 0.153274
8 0.998137 0.00186254
4 0.000146417 0.999854
8 0.915948 0.084052
8 0.842837 0.157163
4 0.415742 0.584258
8 0.915396 0.0846039
4 0.000100278 0.9999
4 0.000810134 0.99919
8 0.885678 0.114322
4 7.66372e-07 0.999999
8 0.896444 0.103556
4 0.465451 0.534549
4 0.489012 0.510988
4 0.00818124 0.991819
8 0.943629 0.056371
8 0.909116 0.0908843
8 0.923885 0.0761147
4 0.41565 0.58435
8 0.617462 0.382538
8 0.988455 0.0115453
4 0.00014458 0.999855
8 0.962869 0.0371307
8 0.580612 0.419388
4 0.00115542 0.998845
8 0.717939 0.282061
4 1.20588e-05 0.999988
8 0.840435 0.159565
8 0.990771 0.00922949
8 0.999993 7.15777e-06
8 0.88153 0.11847
8 0.816571 0.183429
4 0.2702 0.7298
8 0.908823 0.0911773
8 0.989608 0.0103915
8 0.887735 0.112265
8 0.689284 0.310716
8 0.818072 0.181928
8 0.914264 0.0857362
4 0.212083 0.787917
8 0.993899 0.00610116
8 0.999712 0.000288395
8 0.891786 0.108214
8 0.522737 0.477263
8 0.921865 0.0781349
4 1.65915e-06 0.999998
4 0.469379 0.530621
4 1.83399e-06 0.999998
4 3.57029e-07 1
8 0.965115 0.0348849
8 0.99113 0.00886959
8 0.826273 0.173727
8 0.78444 0.21556
8 0.55347 0.44653
8 0.718906 0.281094
8 0.974273 0.0257271
8 0.994466 0.00553367
8 0.935969 0.0640309
8 0.893543 0.106457
8 0.981052 0.0189485
4 0.217836 0.782164
4 0.00184324 0.998157
8 0.9981 0.00189951
8 0.874311 0.125689
8 0.91629 0.0837101
8 0.857961 0.142039
4 0.460942 0.539058
8 0.95024 0.0497596
4 0.000310616 0.999689
8 0.90085 0.0991497
8 0.92465 0.0753495
4 0.338453 0.661547
8 0.707708 0.292292
8 0.978219 0.0217814
4 0.00388351 0.996116
4 0.47809 0.52191
8 0.981863 0.0181366
8 0.979285 0.0207146
4 1e-07 1
8 0.998974 0.00102622
8 0.960546 0.0394539
4 0.0126091 0.987391
8 0.937744 0.0622556
4 0.00840873 0.991591
8 0.942071 0.0579291
8 0.913849 0.0861507
4 0.0097846 0.990215
8 0.931417 0.0685828
4 0.000160931 0.999839
8 0.799662 0.200338
8 0.918534 0.0814657
8 0.999564 0.000436132
8 0.917267 0.0827328
8 0.996405 0.00359546
8 0.999896 0.000104242
8 0.971872 0.0281281
4 4.22721e-05 0.999958
8 0.859757 0.140243
4 1e-07 1
8 0.844955 0.155045
8 0.999628 0.000371949
8 0.916258 0.0837424
4 2.94453e-05 0.999971
8 0.984973 0.0150266
8 0.834136 0.165864
8 0.62188 0.37812
8 0.935577 0.0644234
8 0.886527 0.113473
8 0.979669 0.0203306
8 0.980833 0.0191666
8 0.595218 0.404782
8 0.861216 0.138784
4 0.191806 0.808194
8 0.89974 0.10026
4 0.00120788 0.998792
8 0.935023 0.0649769
4 0.02649 0.97351
4 4.18367e-05 0.999958
4 7.14513e-06 0.999993
8 0.978518 0.0214816
8 0.557796 0.442204
8 0.991728 0.00827183
8 0.72393 0.27607
8 0.994571 0.00542913
8 0.949455 0.0505452
8 0.504367 0.495633
8 0.997127 0.00287278
8 0.821683 0.178317
4 4.98128e-07 1
8 0.974728 0.0252718
8 0.918876 0.0811242
8 0.75603 0.24397
8 0.987685 0.0123153
8 0.899549 0.100451
8 0.855344 0.144656
8 0.944723 0.0552772
4 0.00534703 0.994653
4 0.31166 0.68834
8 0.95289 0.0471097
8 0.996074 0.00392576
8 0.998719 0.00128096
8 0.855611 0.144389
8 0.879567 0.120433
4 1e-07 1
8 0.657194 0.342806
4 0.0004314 0.999569
4 0.393092 0.606908
8 0.758136 0.241864
4 0.0797429 0.920257
4 0.00426668 0.995733
4 0.000129989 0.99987
8 0.999315 0.000685174
4 0.444488 0.555512
8 0.607737 0.392263
8 0.881768 0.118232
8 0.951698 0.0483022
8 0.999659 0.000340774
4 0.000109588 0.99989
8 0.731428 0.268572
8 0.905707 0.0942935
4 2.60711e-06 0.999997
8 0.948793 0.0512072
4 1.44682e-07 1
4 1.95032e-07 1
4 0.0352894 0.964711
8 0.996173 0.00382687
8 0.826404 0.173596
8 0.952819 0.0471811
8 0.928913 0.0710871
8 0.853548 0.146452
8 0.959164 0.0408363
8 0.943169 0.0568309
8 0.996557 0.00344272
8 0.597573 0.402427
4 3.47228e-05 0.999965
8 0.999999 7.26397e-07
8 0.81578 0.18422
8 0.800338 0.199662
8 0.778701 0.221299
8 0.999519 0.000481376
4 0.374955 0.625045
4 4.06223e-05 0.999959
8 0.950081 0.0499194
4 2.97124e-06 0.999997
8 0.986447 0.0135525
8 0.948127 0.0518735
8 0.944628 0.0553721
8 0.988341 0.0116588
8 0.991579 0.00842116
4 5.53691e-06 0.999994
8 0.934266 0.0657336
4 0.430379 0.569621
8 0.999771 0.000229262
4 0.316481 0.683519
8 0.919618 0.080382
8 0.874526 0.125474
8 0.776011 0.223989
8 0.989233 0.0107672
4 0.409883 0.590117
4 0.0383711 0.961629
8 0.933097 0.066903
4 0.000138432 0.999862
4 0.414623 0.585377
8 0.978103 0.0218969
8 0.561869 0.438131
8 0.986809 0.0131908
8 0.884579 0.115421
4 3.0589e-05 0.999969
8 0.929541 0.0704589
8 0.97932 0.0206798
8 0.925877 0.0741226
8 0.695144 0.304856
8 0.999762 0.000238003
4 0.476306 0.523694
8 0.85732 0.14268
4 0.00238755 0.997612
8 0.925629 0.0743705
8 0.864137 0.135863
8 0.929171 0.0708291
8 0.903901 0.0960987
8 0.912856 0.0871439
4 0.000144871 0.999855
4 0.0044986 0.995501
8 0.950539 0.0494607
8 0.999716 0.000283827
8 0.939795 0.060205
4 0.37957 0.62043
8 0.826877 0.173123
8 0.738176 0.261824
8 0.869546 0.130454
8 0.989505 0.0104951
8 0.99672 0.00327975
4 2.99644e-05 0.99997
8 0.999988 1.176e-05
8 0.977877 0.0221227
4 0.114666 0.885334
8 0.99301 0.00699007
8 0.862257 0.137743
8 0.84031 0.15969
8 0.895594 0.104406
4 2.07604e-07 1
8 0.530861 0.469139
8 0.965042 0.0349575
8 0.934843 0.0651574
4 1e-07 1
8 0.998218 0.00178163
8 0.903767 0.096233
8 0.988684 0.0113157
4 0.00480205 0.995198
8 0.963531 0.0364688
8 0.999733 0.000267334
4 0.174753 0.825247
8 0.909501 0.0904994
8 0.999763 0.000237001
8 0.985008 0.0149922
8 0.975093 0.024907
8 0.898798 0.101202
8 0.999776 0.000224177
8 0.838816 0.161184
8 0.874405 0.125595
8 0.972432 0.0275682
4 0.000493329 0.999507
8 0.893666 0.106334
8 0.976586 0.0234144
4 0.0190426 0.980957
8 0.700909 0.299091
8 0.512573 0.487427
8 0.965336 0.0346645
8 0.944845 0.0551549
8 0.942637 0.0573626
8 0.747115 0.252885
4 0.496331 0.503669
8 0.982669 0.0173315
8 0.97594 0.02406
8 0.999894 0.000105965
4 0.000107806 0.999892
4 4.17174e-06 0.999996
4 2.23856e-07 1
8 0.618818 0.381182
4 0.00020628 0.999794
8 0.96534 0.03466
4 0.499385 0.500615
8 0.997528 0.00247197
8 0.755309 0.244691
8 0.586373 0.413627
4 0.240236 0.759764
4 0.0282983 0.971702
8 0.930038 0.0699618
8 0.993552 0.00644801
8 0.870465 0.129535
8 0.656914 0.343086
8 0.916419 0.083581
4 0.470908 0.529092
4 1e-07 1
4 3.15978e-06 0.999997
8 0.890226 0.109774
4 0.0149158 0.985084
8 0.86536 0.13464
4 0.0648534 0.935147
8 0.954263 0.0457366
8 0.975308 0.0246923
8 0.784653 0.215347
8 0.99348 0.00651992
8 0.623652 0.376348
4 9.1874e-07 0.999999
8 0.626862 0.373138
8 0.991821 0.00817861
4 0.137586 0.862414
8 0.693385 0.306615
4 0.0695473 0.930453
8 0.638163 0.361837
8 0.757152 0.242848
8 0.999983 1.71078e-05
8 0.999233 0.000767225
8 0.988581 0.0114185
8 0.992046 0.00795402
8 0.912748 0.0872516
4 0.411706 0.588294
4 1e-07 1
4 0.427612 0.572388
4 1.50003e-06 0.999998
4 1e-07 1
8 0.624372 0.375628
8 0.909506 0.090494
8 0.999772 0.000227568
8 0.871673 0.128327
4 2.19378e-07 1
4 0.0383192 0.961681
8 0.525327 0.474673
8 0.904243 0.0957573
8 0.943737 0.0562631
8 0.927679 0.0723213
8 0.954744 0.0452563
8 0.813545 0.186455
8 0.9685 0.0315003
4 0.00359192 0.996408
8 0.948744 0.0512563
8 0.835507 0.164493
8 0.901391 0.0986086
4 0.270278 0.729722
8 0.774508 0.225492
8 0.888412 0.111588
4 0.0031511 0.996849
8 0.993824 0.00617587
8 0.999998 2.28207e-06
4 3.8289e-05 0.999962
8 0.992256 0.00774416
8 0.967898 0.0321024
8 0.821173 0.178827
4 1.62945e-07 1
8 0.883398 0.116602
8 0.998787 0.00121279
8 0.8453 0.1547
8 0.65037 0.34963
8 0.983284 0.016716
4 0.104875 0.895125
8 0.915604 0.0843961
8 0.696687 0.303313
4 7.93069e-05 0.999921
8 0.977769 0.0222307
8 0.791194 0.208806
4 0.160939 0.839061
8 0.657966 0.342034
8 0.780224 0.219776
8 0.893359 0.106641
8 0.999241 0.000758659
8 0.809908 0.190092
4 2.55252e-05 0.999974
8 0.859932 0.140068
8 0.877303 0.122697
8 0.99836 0.00164023
8 0.989653 0.0103467
4 1e-07 1
8 0.994829 0.00517076
4 0.00219068 0.997809
4 7.3384e-05 0.999927
8 0.990753 0.00924747
8 0.826056 0.173944
4 0.000202152 0.999798
8 0.907459 0.0925413
4 0.00084257 0.999157
8 0.681109 0.318891
8 0.886962 0.113038
8 0.794932 0.205068
8 0.930428 0.0695718
4 0.209475 0.790525
8 0.618301 0.381699
8 0.999989 1.08148e-05
8 0.882572 0.117428
8 0.865282 0.134718
8 0.982139 0.0178614
8 0.733984 0.266016
8 0.838322 0.161678
8 0.834926 0.165074
8 0.990939 0.00906064
8 0.999961 3.9062e-05
4 1.70759e-05 0.999983
8 0.998602 0.00139815
4 0.00849706 0.991503
4 1.12562e-05 0.999989
8 0.86559 0.13441
8 0.933837 0.0661634
8 0.935809 0.0641907
4 0.0431547 0.956845
4 1e-07 1
4 0.459905 0.540095
4 0.00190114 0.998099
8 0.668873 0.331127
8 0.995983 0.00401722
4 0.0370938 0.962906
4 0.130707 0.869293
8 0.991014 0.00898639
8 0.832072 0.167928
8 0.992305 0.00769542
4 0.470701 0.529299
8 0.837231 0.162769
8 0.932739 0.0672607
8 0.914406 0.0855935
4 0.0273586 0.972641
8 0.95553 0.0444704
8 0.84502 0.15498
8 0.999999 1.0525e-06
4 0.000214797 0.999785
8 0.954479 0.0455209
8 0.98584 0.0141596
8 0.611059 0.388941
8 0.85416 0.14584
8 0.902035 0.0979655
8 0.872041 0.127959
8 0.810216 0.189784
8 0.809347 0.190653
4 0.139542 0.860458
8 0.990708 0.00929227
4 0.491273 0.508727
8 0.978306 0.0216936
8 0.99305 0.00695014
4 7.50716e-07 0.999999
8 1 1.1454e-07
8 0.877145 0.122855
8 0.905388 0.0946116
8 0.652331 0.347669
4 0.0826498 0.91735
4 4.53662e-06 0.999995
8 0.989762 0.0102384
8 0.966946 0.0330543
8 0.888938 0.111062
8 0.981543 0.0184568
4 0.000285139 0.999715
4 4.24455e-05 0.999958
4 5.22372e-05 0.999948
8 0.99999 1.0466e-05
8 0.897967 0.102033
4 0.144005 0.855995
8 0.971176 0.028824
8 0.789977 0.210023
4 0.144405 0.855595
4 0.00128844 0.998712
8 0.911109 0.0888914
8 0.566611 0.433389
8 0.867723 0.132277
8 0.864688 0.135312
4 5.31938e-06 0.999995
8 0.782717 0.217283
8 0.954789 0.0452107
4 3.20198e-06 0.999997
8 0.905954 0.0940459
8 0.703563 0.296437
8 0.996923 0.00307705
8 0.988801 0.0111989
8 0.963172 0.036828
8 0.882867 0.117133
8 0.795104 0.204896
8 0.885407 0.114593
4 0.210589 0.789411
4 0.00834296 0.991657
8 0.929781 0.0702194
8 0.889658 0.110342
4 0.444301 0.555699
4 0.00135832 0.998642
4 4.13206e-05 0.999959
8 0.984823 0.0151765
8 0.998491 0.00150886
8 0.87861 0.12139
4 0.0171087 0.982891
8 0.865928 0.134072
8 0.942965 0.0570346
8 0.910938 0.0890623
8 0.999162 0.000838421
4 3.69476e-05 0.999963
8 0.964685 0.0353147
8 0.926199 0.0738012
4 0.0334628 0.966537
8 0.92316 0.0768403
8 0.922339 0.0776608
4 0.000705779 0.999294
8 0.891379 0.108621
4 0.00770392 0.992296
8 0.999862 0.000138322
8 0.973526 0.026474
4 1e-07 1
4 0.132776 0.867224
8 0.994502 0.00549779
8 0.997882 0.00211809
4 8.18365e-06 0.999992
8 0.997532 0.00246763
4 0.448798 0.551202
8 0.947074 0.0529264
8 0.519336 0.480664
4 0.418156 0.581844
4 0.000378483 0.999622
4 1e-07 1
8 0.960726 0.0392741
4 0.000430462 0.99957
8 0.925876 0.0741239
4 1.53399e-07 1
8 0.98626 0.0137401
8 0.989281 0.0107189
8 0.864359 0.135641
8 0.957511 0.0424886
8 0.963889 0.0361114
8 0.997783 0.00221698
8 0.99402 0.00598011
8 0.89352 0.10648
8 0.910189 0.0898112
8 0.988224 0.011776
8 0.967523 0.032477
4 6.57715e-05 0.999934
8 0.549001 0.450999
4 0.000195811 0.999804
8 0.807169 0.192831
8 0.999994 5.91336e-06
8 0.73437 0.26563
8 0.772325 0.227675
8 0.922413 0.0775873
8 0.939236 0.0607644
8 0.593635 0.406365
8 0.905964 0.0940356
8 0.854274 0.145726
8 0.980008 0.0199917
8 0.916583 0.0834165
4 0.000703784 0.999296
4 1.32351e-05 0.999987
8 0.988439 0.0115612
4 0.000115291 0.999885
8 0.803986 0.196014
4 6.86321e-07 0.999999
4 0.000460544 0.999539
8 0.793706 0.206294
8 0.83798 0.16202
8 0.992292 0.0077085
4 0.227143 0.772857
4 0.240843 0.759157
4 0.0276099 0.97239
8 0.609502 0.390498
4 0.326341 0.673659
8 0.865943 0.134057
8 0.890105 0.109895
8 0.989332 0.0106679
8 0.878235 0.121765
8 0.992655 0.00734471
8 0.977815 0.0221845
8 0.680211 0.319789
8 0.986697 0.0133031
8 0.910981 0.0890185
8 0.999102 0.000897971
8 0.918444 0.0815557
8 0.954139 0.0458614
8 0.868862 0.131138
8 0.975264 0.0247356
4 0.000129716 0.99987
8 0.950783 0.0492172
4 0.000514866 0.999485
4 2.41959e-05 0.999976
8 0.912804 0.0871955
4 0.000206276 0.999794
8 0.732249 0.267751
8 0.963552 0.0364479
8 0.99569 0.00431048
4 0.0129978 0.987002
8 0.587291 0.412709
8 0.964137 0.0358632
8 0.946731 0.0532687
8 0.738885 0.261115
8 0.926867 0.0731333
8 0.996962 0.00303849
4 0.440341 0.559659
8 0.999657 0.000342827
4 0.0161138 0.983886
4 0.0458842 0.954116
8 0.897375 0.102625
4 7.65206e-05 0.999923
8 0.99999 1.0393e-05
8 0.800005 0.199995
4 0.0787168 0.921283
8 0.997803 0.00219653
4 2.94688e-06 0.999997
8 0.815215 0.184785
4 3.84051e-06 0.999996
8 0.997763 0.00223689
4 0.12593 0.87407
4 0.00286591 0.997134
4 0.109988 0.890012
8 0.806519 0.193481
4 2.9228e-06 0.999997
8 0.935309 0.0646915
4 1e-07 1
8 0.872176 0.127824
4 1e-07 1
4 0.0230204 0.97698
4 1e-07 1
4 0.234134 0.765866
8 0.988103 0.0118972
4 0.474704 0.525296
8 0.981278 0.0187223
8 0.857192 0.142808
8 0.69672 0.30328
8 0.748544 0.251456
8 0.554033 0.445967
4 0.000610724 0.999389
4 1e-07 1
4 8.26279e-05 0.999917
4 0.0629279 0.937072
8 0.886982 0.113018
8 0.846382 0.153618
8 0.603586 0.396414
8 0.868547 0.131453
8 0.947991 0.0520093
8 0.945965 0.0540347
8 0.893961 0.106039
8 0.910287 0.0897133
8 0.912115 0.0878847
8 0.999675 0.000325071
4 0.175376 0.824624
8 0.902474 0.0975261
4 0.0017494 0.998251
8 0.846863 0.153137
8 0.882036 0.117964
8 0.999998 2.44678e-06
8 0.941318 0.0586816
8 0.980163 0.0198369
8 0.999972 2.78205e-05
4 0.124239 0.875761
8 0.942318 0.0576817
8 0.928769 0.071231
4 0.426427 0.573573
8 0.910466 0.0895343
8 0.926775 0.0732254
4 0.475626 0.524374
4 1.36009e-05 0.999986
8 0.898493 0.101507
8 0.999881 0.000119122
8 0.992001 0.00799911
8 0.998689 0.00131102
8 0.716256 0.283744
8 0.901164 0.0988365
8 0.989112 0.0108881
8 0.999491 0.000509085
4 0.349737 0.650263
8 0.89665 0.10335
8 0.908386 0.0916137
4 6.10775e-05 0.999939
8 0.633053 0.366947
8 0.660631 0.339369
8 0.983149 0.0168515
8 0.859242 0.140758
4 0.211636 0.788364
8 0.962376 0.0376239
4 0.074094 0.925906
8 0.999739 0.000260955
8 0.737661 0.262339
8 0.992688 0.00731164
8 0.95852 0.0414803
4 0.424075 0.575925
8 0.909075 0.0909246
8 0.872674 0.127326
8 0.514965 0.485035
8 0.742658 0.257342
4 4.95239e-05 0.99995
8 0.995035 0.00496462
4 0.397512 0.602488
4 0.383319 0.616681
8 0.999116 0.000883915
8 0.958809 0.0411909
8 0.887262 0.112738
4 0.0158856 0.984114
4 0.00256408 0.997436
8 0.897617 0.102383
8 0.740185 0.259815
8 0.985418 0.0145824
8 0.990402 0.00959785
8 0.935156 0.0648441
8 0.97692 0.0230797
8 0.982308 0.017692
8 0.749613 0.250387
4 0.498084 0.501916
4 8.22618e-07 0.999999
8 0.999714 0.00028601
4 5.21364e-05 0.999948
4 0.0889202 0.91108
8 0.999905 9.46538e-05
8 0.955718 0.0442819
8 0.681253 0.318747
8 0.951369 0.0486308
8 0.965144 0.0348555
8 0.673567 0.326433
8 0.813789 0.186211
8 0.662103 0.337897
4 0.282 0.718
8 0.764613 0.235387
8 0.715669 0.284331
4 8.01356e-05 0.99992
8 0.88643 0.11357
8 0.999942 5.79621e-05
8 0.992026 0.00797438
4 0.422897 0.577103
4 0.430479 0.569521
8 0.617673 0.382327
8 0.556123 0.443877
8 0.999127 0.000872993
4 0.0023662 0.997634
8 0.902492 0.0975085
8 0.870275 0.129725
8 0.753681 0.246319
4 0.000119152 0.999881
4 0.000819899 0.99918
8 0.999995 4.55376e-06
4 1.20122e-06 0.999999
8 0.996864 0.00313587
8 0.886548 0.113452
8 0.842813 0.157187
8 0.889597 0.110403
8 0.953082 0.0469179
8 0.90336 0.09664
4 5.13619e-06 0.999995
8 0.827207 0.172793
8 0.96047 0.0395304
8 0.876878 0.123122
8 0.914155 0.0858452
8 0.551545 0.448455
8 0.96046 0.0395397
4 4.56572e-05 0.999954
8 0.983746 0.0162543
8 0.99999 1.02158e-05
8 0.936871 0.0631292
8 0.993068 0.00693165
8 0.992133 0.00786734
8 0.812252 0.187748
4 0.0770995 0.922901
8 0.59726 0.40274
8 0.777371 0.222629
4 0.188696 0.811304
8 0.984627 0.0153726
8 0.658656 0.341344
4 0.0469043 0.953096
8 0.990481 0.00951883
4 0.000769523 0.99923
8 0.998346 0.00165358
8 0.804322 0.195678
8 0.918089 0.0819105
8 0.935593 0.064407
4 0.494161 0.505839
8 0.65694 0.34306
4 0.364649 0.635351
4 0.284439 0.715561
8 0.989133 0.0108665
8 0.787258 0.212742
4 0.438152 0.561848
8 0.931657 0.0683435
4 1.54507e-06 0.999998
8 0.621347 0.378653
8 0.892185 0.107815
8 0.919158 0.0808418
8 0.640623 0.359377
8 0.99975 0.000250379
4 4.67402e-06 0.999995
4 0.000184512 0.999815
4 0.00197487 0.998025
4 1e-07 1
8 0.819492 0.180508
4 1e-07 1
4 0.0138172 0.986183
4 0.0227487 0.977251
8 0.853087 0.146913
4 1e-07 1
8 0.816407 0.183593
4 0.0174113 0.982589
8 0.731521 0.268479
8 0.867575 0.132425
4 0.117112 0.882888
4 0.193965 0.806035
8 0.887116 0.112884
4 2.35191e-05 0.999976
4 1e-07 1
8 0.965544 0.0344563
8 0.87485 0.12515
8 0.886326 0.113674
8 0.991435 0.00856509
8 0.888979 0.111021
8 0.750877 0.249123
8 0.885697 0.114303
8 0.9876 0.0123999
8 0.968671 0.0313291
8 0.829405 0.170595
8 0.932865 0.0671354
8 0.912716 0.0872837
8 0.999913 8.70252e-05
8 0.544579 0.455421
8 0.896422 0.103578
8 0.717058 0.282942
8 0.893862 0.106138
8 0.860932 0.139068
8 0.832212 0.167788
4 2.73287e-07 1
8 0.914813 0.0851874
8 0.704617 0.295383
8 0.886931 0.113069
4 0.477965 0.522035
8 0.883756 0.116244
8 0.818598 0.181402
8 0.908501 0.0914987
8 0.879073 0.120927
4 1.14038e-06 0.999999
8 0.765362 0.234638
4 0.301747 0.698253
4 0.43789 0.56211
4 0.0261254 0.973875
8 0.998961 0.00103882
4 0.0117755 0.988225
4 0.0190698 0.98093
4 0.0192798 0.98072
8 0.729993 0.270007
4 1e-07 1
8 0.807562 0.192438
8 0.580755 0.419245
8 0.963033 0.0369665
4 0.414256 0.585744
8 0.566395 0.433605
8 0.899788 0.100212
4 0.0587474 0.941253
8 0.977398 0.0226023
8 0.988565 0.0114347
4 0.398995 0.601005
8 0.911655 0.0883455
8 0.999556 0.000443843
4 0.0212992 0.978701
8 0.77698 0.22302
8 0.952779 0.0472212
8 0.900337 0.0996632
8 0.917435 0.0825647
4 0.00629092 0.993709
8 0.868004 0.131996
8 0.998335 0.001665
8 0.904491 0.0955094
8 0.716006 0.283994
8 0.975197 0.0248034
8 0.991386 0.00861367
8 0.999691 0.000309093
8 0.998302 0.00169843
8 0.764356 0.235644
8 0.90906 0.0909403
8 0.755981 0.244019
8 0.895082 0.104918
8 0.523271 0.476729
8 0.828446 0.171554
8 0.993428 0.00657187
8 0.930745 0.0692549
8 0.539815 0.460185
8 0.987954 0.0120458
8 0.729528 0.270472
8 0.736271 0.263729
8 0.556079 0.443921
8 0.842326 0.157674
4 0.000150251 0.99985
8 0.936681 0.0633191
8 0.507866 0.492134
4 1e-07 1
4 2.78113e-05 0.999972
8 0.958915 0.0410852
8 0.990861 0.00913915
8 0.986818 0.0131817
8 0.776156 0.223844
8 0.848553 0.151447
4 0.00111436 0.998886
8 0.831592 0.168408
8 0.564437 0.435563
4 0.389614 0.610386
8 0.76891 0.23109
4 0.000439019 0.999561
8 0.625757 0.374243
4 0.00466032 0.99534
8 0.96742 0.0325804
4 0.00711046 0.99289
8 0.906142 0.0938583
8 0.667084 0.332916
8 0.998895 0.00110494
8 0.79264 0.20736
8 0.939296 0.0607041
8 0.994993 0.0050069
8 0.98862 0.0113803
8 0.50337 0.49663
4 0.154252 0.845748
4 0.000268417 0.999732
8 0.999274 0.000726227
8 0.908786 0.0912136
8 0.999167 0.000833262
8 0.755841 0.244159
8 0.95073 0.04927
4 0.251859 0.748141
8 0.999591 0.00040924
8 0.766831 0.233169
8 0.999992 8.49354e-06
8 0.879637 0.120363
8 0.980176 0.0198241
8 0.982011 0.0179889
8 0.924252 0.0757484
4 0.0249423 0.975058
8 0.942772 0.0572284
8 0.950929 0.0490709
8 0.687966 0.312034
8 0.927602 0.0723984
4 0.358227 0.641773
8 0.999687 0.000312502
4 1e-07 1
8 0.958928 0.0410721
4 1e-07 1
8 0.986877 0.0131231
8 0.936941 0.0630591
8 0.888735 0.111265
8 0.778146 0.221854
4 7.81155e-05 0.999922
4 0.373327 0.626673
4 0.311693 0.688307
8 0.618176 0.381824
4 1e-07 1
8 0.918167 0.0818332
4 0.319627 0.680373
8 0.991907 0.00809317
8 0.971797 0.0282029
8 0.998503 0.00149725
8 0.998406 0.00159354
8 0.86148 0.13852
8 0.962095 0.0379054
8 0.958526 0.0414745
8 0.636562 0.363438
8 0.857324 0.142676
8 0.989574 0.0104256
8 0.654996 0.345004
8 0.975882 0.0241182
8 0.946178 0.0538221
8 0.880847 0.119153
4 0.494853 0.505147
8 0.569313 0.430687
8 0.609054 0.390946
4 2.31157e-06 0.999998
4 0.000197352 0.999803
8 0.985014 0.0149857
8 0.999983 1.65508e-05
4 2.91076e-05 0.999971
8 0.921445 0.0785549
8 0.764019 0.235981
4 0.0508832 0.949117
4 0.379958 0.620042
8 0.968324 0.0316757
4 0.456098 0.543902
8 0.969479 0.0305214
8 0.947286 0.0527143
4 0.412767 0.587233
8 0.630719 0.369281
8 0.676721 0.323279
8 0.99129 0.00870958
4 0.0331403 0.96686
8 0.988947 0.0110528
8 0.831097 0.168903
8 0.985002 0.0149981
4 0.376808 0.623192
4 2.80106e-07 1
4 8.16049e-05 0.999918
8 0.997228 0.00277213
8 0.980652 0.0193484
4 0.231837 0.768163
8 0.932228 0.0677725
4 0.00018111 0.999819
8 0.782143 0.217857
8 0.61171 0.38829
4 1e-07 1
8 0.933243 0.066757
8 0.730662 0.269338
8 0.999079 0.000921235
4 0.292652 0.707348
8 0.993082 0.00691817
8 0.797129 0.202871
4 0.283112 0.716888
8 0.974842 0.0251575
8 0.837145 0.162855
8 0.880953 0.119047
8 0.522904 0.477096
8 0.803595 0.196405
4 0.421688 0.578312
4 0.0143024 0.985698
4 3.04608e-07 1
4 0.000731129 0.999269
8 0.623873 0.376127
8 0.95398 0.0460205
8 0.960466 0.0395336
4 0.438213 0.561787
8 0.870809 0.129191
8 0.909937 0.0900635
4 0.449165 0.550835
8 0.990213 0.00978686
8 0.829667 0.170333
8 0.933349 0.0666508
8 0.676387 0.323613
4 0.000246883 0.999753
8 0.995231 0.00476882
8 0.999661 0.00033928
4 0.41989 0.58011
4 0.0119767 0.988023
8 0.96277 0.03723
8 0.995596 0.0044038
8 0.999782 0.000217661
8 0.865474 0.134526
8 0.968747 0.0312525
8 0.782187 0.217813
8 0.970895 0.0291048
8 0.960207 0.0397926
8 0.637105 0.362895
8 0.824354 0.175646
8 0.71111 0.28889
8 0.989186 0.0108137
8 0.885923 0.114077
4 3.28117e-06 0.999997
8 0.980146 0.0198541
8 0.999823 0.000177237
4 0.105264 0.894736
8 0.813461 0.186539
4 0.0996702 0.90033
4 1e-07 1
4 0.0050036 0.994996
8 0.906587 0.0934125
8 0.954917 0.0450831
8 0.98732 0.0126801
8 0.99982 0.000179824
8 0.820365 0.179635
8 0.999356 0.000644288
8 0.987315 0.0126849
4 0.0676813 0.932319
4 0.000767843 0.999232
8 0.799287 0.200713
8 0.995518 0.00448198
8 0.999931 6.87885e-05
8 0.995451 0.00454884
8 0.992867 0.00713269
8 0.99564 0.00435991
4 0.247192 0.752808
8 0.862261 0.137739
4 0.00135932 0.998641
4 0.0396472 0.960353
8 0.912477 0.0875228
4 0.00914647 0.990854
8 0.949153 0.0508465
4 0.202466 0.797534
8 0.999589 0.000411141
8 0.905072 0.0949276
4 5.6138e-07 0.999999
4 0.00104246 0.998958
8 0.696651 0.303349
4 1.43815e-07 1
8 0.717241 0.282759
4 0.275034 0.724966
8 0.937252 0.0627481
4 0.00269369 0.997306
8 0.833387 0.166613
8 0.99215 0.00784954
8 0.992171 0.00782911
4 0.0629423 0.937058
8 0.981805 0.0181949
8 0.998473 0.00152715
8 0.543099 0.456901
8 0.912036 0.087964
8 0.937161 0.0628394
4 1e-07 1
8 0.75777 0.24223
4 0.00933765 0.990662
8 0.700537 0.299463
8 0.978915 0.0210848
8 0.954009 0.0459909
4 0.0410448 0.958955
8 0.905463 0.0945373
8 0.74833 0.25167
8 0.95451 0.04549
8 0.925817 0.0741827
4 4.81029e-06 0.999995
4 0.0102443 0.989756
4 0.0180299 0.98197
8 0.980436 0.019564
8 0.913798 0.0862024
8 0.987687 0.0123132
4 2.34392e-05 0.999977
8 0.954085 0.0459154
8 0.831197 0.168803
8 0.663907 0.336093
4 0.447545 0.552455
4 0.222522 0.777478
4 0.0104669 0.989533
4 7.8978e-07 0.999999
4 0.107835 0.892165
4 0.013835 0.986165
8 0.999993 6.65064e-06
8 0.919127 0.0808733
8 0.992968 0.00703186
8 0.863344 0.136656
8 0.785449 0.214551
8 0.868773 0.131227
4 0.00039328 0.999607
4 6.35784e-06 0.999994
8 0.994832 0.00516761
4 0.000127093 0.999873
4 0.0152096 0.98479
8 0.824104 0.175896
8 0.912007 0.0879926
8 0.940925 0.0590753
4 0.00120979 0.99879
8 0.784001 0.215999
4 0.0122246 0.987775
4 0.102854 0.897146
8 0.979852 0.0201475
4 3.14159e-07 1
8 0.96017 0.0398304
4 0.437613 0.562387
4 0.172128 0.827872
8 0.823767 0.176233
8 0.978862 0.0211376
4 9.33392e-06 0.999991
4 0.246006 0.753994
8 0.996401 0.00359877
8 0.910302 0.0896975
4 0.00757772 0.992422
4 0.0904658 0.909534
8 0.986329 0.013671
4 0.00010599 0.999894
4 8.46577e-06 0.999992
4 0.475532 0.524468
8 0.976386 0.0236138
8 0.910518 0.0894819
8 0.947697 0.0523028
4 0.494913 0.505087
8 0.921094 0.0789056
8 0.628545 0.371455
8 0.966147 0.0338528
4 0.0891637 0.910836
8 0.863229 0.136771
8 0.901947 0.0980535
8 0.776643 0.223357
8 0.859456 0.140544
8 0.595514 0.404486
8 0.686382 0.313618
8 0.999999 1.43304e-06
8 0.992581 0.00741855
8 0.788224 0.211776
8 0.991171 0.00882908
8 0.872524 0.127476
8 0.970892 0.0291079
8 0.99529 0.00470993
4 4.54964e-05 0.999955
8 0.550279 0.449721
8 0.866435 0.133565
8 0.71868 0.28132
8 0.835069 0.164931
8 0.64757 0.35243
4 0.46414 0.53586
8 0.999165 0.000834677
8 0.992273 0.00772749
4 0.185467 0.814533
8 0.875449 0.124551
8 0.936721 0.063279
8 0.901681 0.0983189
8 0.999972 2.81417e-05
4 4.09112e-07 1
8 0.88783 0.11217
8 0.960723 0.0392773
8 0.987336 0.0126641
8 0.664861 0.335139
4 9.35045e-07 0.999999
4 2.55245e-05 0.999974
8 0.939884 0.0601156
8 0.957351 0.0426486
4 0.000545084 0.999455
4 1e-07 1
8 0.664026 0.335974
8 0.999932 6.80954e-05
4 0.00339987 0.9966
4 0.00188322 0.998117
8 0.906296 0.0937044
8 0.966728 0.0332724
8 0.984426 0.0155735
8 0.909703 0.0902975
8 0.981163 0.0188369
8 0.99895 0.00105042
8 0.929868 0.0701317
8 0.998013 0.001987
8 0.570728 0.429272
8 0.843624 0.156376
8 0.973117 0.0268825
8 0.936534 0.0634663
8 0.661209 0.338791
4 0.376606 0.623394
8 0.94792 0.0520805
8 0.997524 0.00247603
8 0.989145 0.0108545
8 0.922764 0.0772361
8 0.999927 7.27743e-05
8 0.970211 0.0297887
4 6.94845e-06 0.999993
8 0.9332 0.0667996
8 0.999993 6.66821e-06
4 0.488398 0.511602
8 0.962932 0.0370679
8 0.531415 0.468585
8 0.981998 0.0180024
4 0.165425 0.834575
8 0.94351 0.0564902
8 0.929958 0.0700424
4 2.1547e-05 0.999978
4 0.000173142 0.999827
4 8.4576e-07 0.999999
8 0.710634 0.289366
8 0.791971 0.208029
8 0.976646 0.0233545
8 0.999958 4.2188e-05
8 0.72589 0.27411
8 0.931264 0.0687362
8 0.916311 0.0836892
8 0.937814 0.0621862
8 0.999955 4.50692e-05
4 0.000502311 0.999498
8 0.99967 0.000330393
8 0.921365 0.0786346
4 1.60075e-07 1
8 0.97149 0.0285097
4 0.0949442 0.905056
8 0.912423 0.0875775
8 0.692977 0.307023
8 0.999469 0.000530697
8 0.869598 0.130402
4 0.326882 0.673118
4 6.24942e-06 0.999994
8 0.948876 0.051124
8 0.993168 0.00683169
4 0.00492763 0.995072
8 0.90376 0.0962396
8 0.909955 0.0900451
8 0.98453 0.01547
8 0.733469 0.266531
8 0.855617 0.144383
4 0.184123 0.815877
4 0.195023 0.804977
4 0.000181337 0.999819
4 0.421872 0.578128
8 0.508823 0.491177
8 0.945464 0.0545357
8 0.931996 0.0680037
4 0.000973397 0.999027
4 0.0218798 0.97812
8 0.932531 0.0674694
8 0.746959 0.253041
8 0.916664 0.083336
8 0.870508 0.129492
4 6.39053e-05 0.999936
8 0.977654 0.0223458
8 0.860532 0.139468
8 0.997297 0.00270339
8 0.959066 0.0409339
8 0.97239 0.0276099
4 0.000855309 0.999145
4 0.447347 0.552653
8 0.861372 0.138628
8 0.958462 0.0415379
4 0.246677 0.753323
8 1 2.95831e-07
8 0.905117 0.0948835
8 0.999931 6.86701e-05
8 0.866984 0.133016
8 0.969529 0.030471
4 0.000421882 0.999578
4 0.00327799 0.996722
8 0.889262 0.110738
4 1e-07 1
4 1e-07 1
8 0.954815 0.0451855
8 0.999456 0.000544192
8 0.898331 0.101669
8 0.91948 0.08052
8 0.926205 0.0737951
4 0.344641 0.655359
4 5.18992e-06 0.999995
8 0.616706 0.383294
8 0.98123 0.0187701
8 0.999319 0.000681468
4 0.0126651 0.987335
8 0.755297 0.244703
8 0.952778 0.047222
8 0.999786 0.000213588
8 0.86743 0.13257
4 0.35953 0.64047
8 0.503622 0.496378
8 0.999997 2.70828e-06
8 0.965714 0.0342855
8 0.998469 0.00153088
8 0.999928 7.1899e-05
8 0.938622 0.061378
8 0.840067 0.159933
8 0.8931 0.1069
4 0.000102276 0.999898
4 1.37487e-05 0.999986
8 0.999998 2.31432e-06
8 0.983796 0.0162043
8 0.949951 0.0500491
8 0.899396 0.100604
8 0.902471 0.0975285
8 0.92346 0.0765401
8 0.893545 0.106455
8 0.952873 0.047127
8 0.941928 0.058072
8 0.895156 0.104844
8 0.973961 0.0260393
8 0.894645 0.105355
4 0.201318 0.798682
8 0.999652 0.000348489
8 0.986838 0.013162
8 0.813295 0.186705
8 0.997782 0.00221826
8 0.761062 0.238938
4 0.00133301 0.998667
4 0.368856 0.631144
8 0.918785 0.0812147
8 0.882022 0.117978
4 0.3992 0.6008
8 0.982103 0.0178965
8 0.916985 0.0830153
4 1e-07 1
4 0.0365298 0.96347
4 0.0239516 0.976048
8 0.634927 0.365073
8 0.847315 0.152685
4 0.00613744 0.993863
8 0.924347 0.0756526
4 0.00120866 0.998791
8 0.705104 0.294896
8 0.597449 0.402551
4 0.0062128 0.993787
8 0.968428 0.0315715
8 0.91762 0.0823803
8 0.880733 0.119267
8 0.600457 0.399543
8 0.997318 0.00268217
8 0.999901 9.85813e-05
4 0.0128076 0.987192
8 0.943435 0.0565645
8 0.897338 0.102662
4 0.000958604 0.999041
8 0.914881 0.0851189
4 3.33114e-06 0.999997
4 0.00185233 0.998148
8 0.927673 0.0723271
4 0.149299 0.850701
8 0.998507 0.0014934
8 0.993943 0.00605717
8 0.861872 0.138128
4 0.000134983 0.999865
8 0.822937 0.177063
8 0.902805 0.0971949
8 0.769541 0.230459
8 0.999124 0.00087621
8 0.903803 0.0961969
4 0.406439 0.593561
8 0.989116 0.0108844
8 0.999794 0.000206268
8 0.917719 0.0822806
8 0.897574 0.102426
4 0.0874735 0.912527
8 0.910623 0.0893767
8 0.994456 0.00554432
8 0.807433 0.192567
4 0.338879 0.661121
8 0.817225 0.182775
8 0.833408 0.166592
4 0.00709171 0.992908
4 7.04786e-05 0.99993
8 0.961503 0.0384974
8 0.999943 5.73073e-05
8 0.907426 0.0925738
8 0.980326 0.0196744
8 0.994816 0.00518392
4 1.17379e-06 0.999999
8 0.939167 0.0608332
8 0.990887 0.0091135
8 0.865889 0.134111
8 0.871497 0.128503
8 0.988032 0.011968
8 0.986981 0.0130194
8 0.997267 0.00273265
8 0.80364 0.19636
8 0.548238 0.451762
8 0.916769 0.0832306
4 0.000840379 0.99916
8 0.999148 0.000852399
4 2.30225e-06 0.999998
4 0.429646 0.570354
4 6.01349e-05 0.99994
8 0.624624 0.375376
8 0.921579 0.0784206
4 5.19814e-05 0.999948
8 0.996264 0.00373628
8 0.993914 0.00608583
8 1 4.73714e-07
8 0.972947 0.0270528
8 0.986867 0.0131333
8 0.933675 0.0663249
8 0.798584 0.201416
8 0.995981 0.00401874
4 0.00169525 0.998305
8 0.999996 3.98332e-06
4 8.55494e-05 0.999914
8 0.862851 0.137149
8 0.59884 0.40116
4 0.00139848 0.998602
8 0.906087 0.0939125
8 0.681957 0.318043
8 0.835865 0.164135
8 0.848335 0.151665
8 0.964794 0.0352058
4 1e-07 1
4 0.000383484 0.999617
8 0.99954 0.000460365
8 0.936591 0.0634091
8 0.999951 4.93884e-05
8 0.850383 0.149617
8 0.938206 0.0617939
8 0.549909 0.450091
8 0.951632 0.0483678
4 0.000315575 0.999684
4 0.0200407 0.979959
8 0.668184 0.331816
8 0.893231 0.106769
4 0.000532451 0.999468
8 0.650423 0.349577
8 0.596859 0.403141
8 0.864347 0.135653
8 0.999938 6.24918e-05
8 0.810362 0.189638
4 0.0301871 0.969813
8 0.987611 0.0123893
8 0.990141 0.00985936
4 0.150969 0.849031
8 0.999704 0.000296054
8 0.960872 0.0391283
8 0.959173 0.0408266
4 3.7419e-06 0.999996
8 0.999996 3.87925e-06
4 0.462465 0.537535
8 0.531613 0.468387
8 0.775395 0.224605
8 0.62619 0.37381
8 0.999935 6.50297e-05
8 0.585059 0.414941
8 0.817325 0.182675
8 0.98918 0.0108199
4 1e-07 1
8 0.806552 0.193448
4 0.0021482 0.997852
8 0.792859 0.207141
8 0.837729 0.162271
8 0.652647 0.347353
8 0.850726 0.149274
8 0.895579 0.104421
4 0.389362 0.610638
8 0.910443 0.0895572
8 0.978004 0.0219961
4 0.463613 0.536387
8 0.999991 8.65434e-06
4 0.00199482 0.998005
4 0.116597 0.883403
4 0.0856053 0.914395
4 0.481684 0.518316
8 0.99993 7.02784e-05
8 0.992674 0.00732615
8 0.671007 0.328993
4 0.385089 0.614911
8 0.887799 0.112201
8 0.815076 0.184924
8 0.819994 0.180006
8 0.639336 0.360664
8 0.956028 0.0439715
4 0.000241331 0.999759
8 0.997127 0.00287306
8 0.735719 0.264281
4 2.19027e-05 0.999978
8 0.938333 0.0616667
8 0.748956 0.251044
8 0.995279 0.00472129
8 0.848248 0.151752
8 0.973922 0.026078
8 0.752064 0.247936
8 0.92075 0.0792501
4 0.0004984 0.999502
8 0.89855 0.10145
8 0.545358 0.454642
8 0.999945 5.50975e-05
4 0.376646 0.623354
4 5.00115e-07 0.999999
4 0.491241 0.508759
8 0.94288 0.0571195
4 0.00539029 0.99461
4 0.307626 0.692374
8 0.857009 0.142991
8 0.923347 0.0766533
8 0.988347 0.0116532
4 0.0132677 0.986732
4 0.270412 0.729588
8 0.91611 0.08389
8 0.999077 0.000922958
8 0.885348 0.114652
8 0.585744 0.414256
4 0.00455236 0.995448
8 0.96104 0.0389598
4 0.000151002 0.999849
8 0.824699 0.175301
4 6.32887e-07 0.999999
8 0.842569 0.157431
8 0.978935 0.0210653
8 0.519272 0.480728
4 0.373055 0.626945
8 0.889597 0.110403
4 6.8799e-06 0.999993
4 3.26637e-06 0.999997
8 0.997614 0.00238639
8 0.897935 0.102065
8 0.998028 0.00197187
8 0.966749 0.0332513
8 0.999853 0.000146935
8 0.866067 0.133933
4 0.000256698 0.999743
8 0.829988 0.170012
4 0.0463807 0.953619
8 0.629508 0.370492
8 0.798425 0.201575
8 0.988019 0.0119815
8 0.968321 0.0316794
8 0.999996 3.77884e-06
8 0.998774 0.00122567
4 1.34744e-05 0.999987
4 0.000126185 0.999874
8 0.999994 6.20028e-06
4 4.47464e-07 1
8 0.930284 0.0697164
4 0.14133 0.85867
8 0.902705 0.0972954
8 0.884525 0.115475
4 9.13582e-06 0.999991
8 0.899759 0.100241
8 0.907161 0.0928393
8 0.844544 0.155456
8 0.938958 0.0610416
4 0.0156747 0.984325
4 1e-07 1
8 0.952514 0.0474861
4 0.00862637 0.991374
4 0.001579 0.998421
8 0.844946 0.155054
4 0.221636 0.778364
8 0.959006 0.0409935
8 0.892726 0.107274
8 0.873947 0.126053
8 0.970442 0.0295576
4 0.458942 0.541058
8 0.764867 0.235133
8 0.539585 0.460415
8 0.857976 0.142024
4 0.00096317 0.999037
8 0.968288 0.0317119
4 1.66913e-06 0.999998
8 0.99953 0.000470491
8 0.698424 0.301576
8 0.883759 0.116241
8 0.936348 0.0636523
8 0.562965 0.437035
4 1.25747e-06 0.999999
8 0.939177 0.0608228
8 0.962748 0.0372524
8 0.990404 0.00959594
8 0.994271 0.00572911
8 0.998895 0.0011051
4 0.00328396 0.996716
8 0.880804 0.119196
8 0.508012 0.491988
8 0.507934 0.492066
4 0.000336523 0.999663
8 0.993289 0.00671082
8 0.793061 0.206939
8 0.999684 0.000315729
8 0.6317 0.3683
4 0.0254188 0.974581
8 0.959198 0.0408018
8 0.829005 0.170995
4 1.26505e-05 0.999987
4 0.287442 0.712558
8 0.999936 6.36604e-05
8 0.949006 0.0509943
4 0.391212 0.608788
8 0.999614 0.000386138
8 0.937538 0.0624623
8 0.932721 0.0672791
8 0.829074 0.170926
4 4.25548e-05 0.999957
8 0.99569 0.00430981
8 0.966386 0.0336143
8 0.958074 0.0419256
8 0.805033 0.194967
4 0.0135126 0.986487
4 0.00185525 0.998145
8 0.949113 0.050887
4 0.354062 0.645938
8 0.978732 0.0212677
8 0.888208 0.111792
8 0.904332 0.095668
4 4.40268e-07 1
8 0.999924 7.55215e-05
8 0.915499 0.0845012
8 0.579046 0.420954
8 0.999999 5.61495e-07
8 0.798812 0.201188
8 0.816256 0.183744
8 0.857884 0.142116
8 0.875442 0.124558
8 0.889437 0.110563
8 0.985414 0.0145863
8 0.829249 0.170751
8 0.949936 0.0500645
8 0.997657 0.00234257
4 1.183e-05 0.999988
4 0.319745 0.680255
4 1e-07 1
4 3.64765e-06 0.999996
8 0.783772 0.216228
4 3.60866e-05 0.999964
4 0.0693495 0.930651
8 0.874919 0.125081
8 0.608857 0.391143
8 0.968346 0.0316536
8 0.914258 0.0857422
8 0.996479 0.00352104
8 0.909839 0.0901611
8 0.997765 0.00223524
4 0.000951114 0.999049
4 3.87594e-06 0.999996
8 0.717892 0.282108
8 0.963833 0.0361669
4 0.461698 0.538302
8 0.997086 0.00291425
8 0.994056 0.00594432
8 0.782379 0.217621
8 0.828567 0.171433
4 1.68754e-06 0.999998
8 0.994246 0.00575408
8 0.693784 0.306216
8 0.92711 0.0728898
8 0.750438 0.249562
4 0.201049 0.798951
8 0.923978 0.0760221
8 0.830738 0.169262
8 0.722676 0.277324
8 0.900651 0.0993487
8 0.795364 0.204636
4 5.60212e-05 0.999944
8 0.991313 0.0086874
4 0.0260524 0.973948
8 0.997966 0.00203387
8 0.587418 0.412582
8 0.738648 0.261352
8 0.924823 0.0751768
8 0.777116 0.222884
8 0.916228 0.0837722
8 0.912651 0.0873486
4 6.61537e-05 0.999934
8 0.816335 0.183665
8 0.869144 0.130856
8 0.930042 0.0699576
8 0.780685 0.219315
8 0.859826 0.140174
8 0.999968 3.16345e-05
4 0.232372 0.767628
8 0.746416 0.253584
8 0.702418 0.297582
8 0.795428 0.204572
8 0.992981 0.0070189
8 0.901823 0.0981766
4 0.00241611 0.997584
8 0.727598 0.272402
8 0.883827 0.116173
8 0.996834 0.00316599
4 1.22498e-07 1
8 0.994023 0.00597714
8 0.869506 0.130494
4 0.356145 0.643855
4 0.0010018 0.998998
8 0.897316 0.102684
8 0.961477 0.0385232
8 0.927947 0.0720527
8 0.606273 0.393727
8 0.94423 0.0557698
4 0.055345 0.944655
8 0.986138 0.0138623
8 0.884466 0.115534
4 0.480945 0.519055
8 0.943941 0.0560588
8 0.999919 8.11503e-05
4 4.5079e-05 0.999955
8 0.887012 0.112988
8 0.833668 0.166332
8 0.96788 0.0321199
8 0.993891 0.00610921
8 0.638939 0.361061
8 0.924791 0.0752089
8 0.872824 0.127176
8 0.836704 0.163296
8 0.954731 0.045269
8 0.995857 0.00414346
8 0.820004 0.179996
8 0.936621 0.0633793
8 0.631064 0.368936
8 0.890739 0.109261
8 0.846315 0.153685
8 0.896704 0.103296
8 0.999695 0.000304869
8 0.91125 0.0887501
8 0.903566 0.0964345
8 0.907191 0.0928089
4 0.000156352 0.999844
8 0.89339 0.10661
8 0.888004 0.111996
4 1e-07 1
8 0.841594 0.158406
8 0.998824 0.00117633
4 0.315069 0.684931
4 0.0786762 0.921324
8 0.979067 0.0209329
8 0.600948 0.399052
8 0.975622 0.0243779
8 0.974013 0.0259867
8 0.844664 0.155336
8 0.985728 0.0142722
8 0.985034 0.0149658
8 0.963314 0.0366856
4 0.000982658 0.999017
4 1e-07 1
4 0.000760995 0.999239
4 0.00274572 0.997254
4 5.57017e-05 0.999944
8 0.964784 0.0352158
8 0.941955 0.0580445
4 5.42818e-05 0.999946
8 0.614575 0.385425
8 0.659386 0.340614
8 0.753983 0.246017
4 0.475944 0.524056
8 0.911478 0.0885218
8 0.978418 0.021582
8 0.783007 0.216993
4 0.0421889 0.957811
4 0.209518 0.790482
8 0.549432 0.450568
8 0.829414 0.170586
8 0.682702 0.317298
4 0.0116772 0.988323
8 0.58356 0.41644
8 0.617926 0.382074
8 0.989861 0.0101385
8 0.998809 0.0011914
8 0.883495 0.116505
8 0.72656 0.27344
8 0.901482 0.0985176
8 0.889717 0.110283
8 0.844586 0.155414
4 0.478963 0.521037
4 1e-07 1
8 0.954886 0.0451142
4 0.165845 0.834155
8 0.91572 0.0842804
8 0.854196 0.145804
8 0.558348 0.441652
8 0.996732 0.00326788
8 0.966056 0.0339444
4 1.35105e-07 1
4 0.38208 0.61792
8 0.519326 0.480674
4 0.0304354 0.969565
8 0.886692 0.113308
4 1e-07 1
8 0.984366 0.0156345
8 0.999992 7.70457e-06
8 0.897814 0.102186
8 0.95636 0.0436397
8 0.999247 0.000753151
8 0.902135 0.0978647
4 0.482546 0.517454
8 0.956789 0.0432109
8 0.9874 0.0126004
8 0.956463 0.0435374
4 3.4663e-05 0.999965
4 0.202508 0.797492
4 0.00522132 0.994779
8 0.9986 0.0014004
8 0.999906 9.39011e-05
8 0.945997 0.0540033
4 0.111156 0.888844
8 0.753508 0.246492
4 0.00136787 0.998632
8 0.632916 0.367084
8 0.949648 0.0503519
8 0.807881 0.192119
8 0.979743 0.0202568
4 0.00017703 0.999823
8 0.926214 0.0737863
4 6.65402e-06 0.999993
8 0.902469 0.097531
4 5.64841e-06 0.999994
8 0.999997 2.58808e-06
8 0.87184 0.12816
8 0.860867 0.139133
8 0.912255 0.0877452
8 0.820974 0.179026
8 0.999213 0.000787431
8 0.999519 0.000480993
8 0.852669 0.147331
8 0.954849 0.045151
4 0.0745512 0.925449
4 2.66729e-07 1
8 0.913893 0.0861072
8 0.999276 0.000723975
4 0.000124107 0.999876
8 0.889267 0.110733
8 0.837198 0.162802
4 1.46923e-06 0.999999
8 0.888673 0.111327
4 8.92624e-05 0.999911
4 0.209414 0.790586
8 0.997099 0.00290112
8 0.993459 0.00654064
4 0.0126583 0.987342
4 2.8785e-05 0.999971
8 0.904309 0.0956908
8 0.92047 0.0795303
8 0.892598 0.107402
8 0.885946 0.114054
8 0.994278 0.00572231
4 0.00632315 0.993677
4 0.0111238 0.988876
8 0.973317 0.0266831
8 0.947896 0.0521043
8 0.993161 0.00683901
8 0.816362 0.183638
4 0.000129943 0.99987
4 0.00347367 0.996526
8 0.995497 0.00450278
4 0.374321 0.625679
4 2.12533e-07 1
4 0.0317296 0.96827
8 0.943762 0.0562377
8 0.999837 0.000163371
4 0.092837 0.907163
4 0.197524 0.802476
8 0.999747 0.000252827
8 0.885083 0.114917
8 0.878883 0.121117
8 0.594625 0.405375
8 0.999774 0.000226475
8 0.96099 0.0390101
8 0.916446 0.0835535
8 0.988781 0.0112194
8 0.940328 0.0596724
8 0.976543 0.0234569
4 0.138058 0.861942
4 0.000122179 0.999878
4 7.03806e-06 0.999993
4 5.94311e-07 0.999999
4 0.411272 0.588728
8 0.954018 0.0459822
8 0.95811 0.0418898
4 0.102108 0.897892
8 0.875988 0.124012
4 0.00135066 0.998649
8 0.941846 0.0581537
8 0.917857 0.0821433
8 0.687405 0.312595
8 0.996942 0.00305827
4 4.20258e-07 1
8 0.864045 0.135955
8 0.82022 0.17978
8 0.788797 0.211203
4 0.00195351 0.998046
