labels 8 7
8 1 1e-07
8 0.999999 1.41007e-06
8 0.983132 0.0168684
8 0.835416 0.164584
7 0.000240817 0.999759
7 0.333106 0.666894
7 0.278855 0.721145
7 0.0052184 0.994782
8 0.999403 0.000596957
7 0.151386 0.848614
8 0.99016 0.00984017
8 0.997296 0.00270363
7 1.00785e-07 1
8 0.986839 0.0131614
7 0.395021 0.604979
8 0.974469 0.0255314
8 0.600077 0.399923
7 0.0114487 0.988551
8 0.997163 0.00283739
7 0.00114896 0.998851
8 0.805616 0.194384
8 0.983179 0.0168211
7 0.000515358 0.999485
8 0.7818 0.2182
8 0.674348 0.325652
8 0.98557 0.0144302
7 0.167114 0.832886
8 0.986554 0.013446
7 0.00083134 0.999169
7 0.00464062 0.995359
7 0.00911086 0.990889
7 0.456074 0.543926
8 0.941983 0.0580169
7 0.00408545 0.995915
7 0.0849343 0.915066
7 0.196367 0.803633
7 0.0309877 0.969012
8 0.939937 0.0600629
8 0.999797 0.000203474
7 4.13905e-05 0.999959
8 0.988711 0.0112889
8 0.944158 0.0558424
8 0.856223 0.143777
8 0.65405 0.34595
8 0.992544 0.00745597
8 0.994136 0.00586428
7 0.0628776 0.937122
8 0.976609 0.0233914
7 2.02754e-06 0.999998
8 0.99946 0.00054016
7 0.02823 0.97177
8 0.830884 0.169116
7 0.299258 0.700742
8 0.542806 0.457194
7 0.139294 0.860706
7 0.0242037 0.975796
7 0.405824 0.594176
7 0.361901 0.638099
8 0.976447 0.0235532
8 0.997613 0.00238728
8 0.995936 0.00406375
8 1 1e-07
7 0.39731 0.60269
7 0.000170951 0.999829
8 0.704033 0.295967
7 0.00708153 0.992918
8 0.992675 0.00732498
8 0.9887 0.0112997
7 3.62005e-05 0.999964
8 0.905363 0.0946371
8 0.999993 6.9377e-06
7 0.00759105 0.992409
7 0.150987 0.849013
8 0.644547 0.355453
7 0.057915 0.942085
7 0.148804 0.851196
8 0.95994 0.0400597
8 0.983535 0.0164654
8 0.995152 0.00484806
8 0.952662 0.0473383
8 0.999852 0.00014806
8 0.999987 1.34661e-05
7 0.0287964 0.971204
8 0.673922 0.326078
8 0.613174 0.386826
7 0.27771 0.72229
7 0.185726 0.814274
8 0.998954 0.00104636
8 1 1e-07
8 0.991266 0.00873395
8 0.997526 0.00247427
7 0.000824056 0.999176
7 0.227249 0.772751
8 0.9976 0.0024
7 0.245197 0.754803
8 0.769403 0.230597
8 0.996145 0.00385522
8 1 1e-07
7 0.334774 0.665226
7 0.000969517 0.99903
8 0.750308 0.249692
7 3.24535e-05 0.999968
7 0.209407 0.790593
7 0.0950656 0.904934
7 1.78919e-05 0.999982
7 0.00295072 0.997049
8 0.989752 0.0102479
7 0.0784463 0.921554
7 0.0021258 0.997874
8 0.736369 0.263631
8 0.629302 0.370698
8 0.571023 0.428977
7 8.20089e-07 0.999999
7 0.000100311 0.9999
7 0.000219234 0.999781
7 0.000604355 0.999396
8 0.982398 0.0176025
7 0.0782104 0.92179
8 1 1.24912e-07
7 0.462111 0.537889
8 0.992504 0.00749575
7 0.406934 0.593066
8 0.902367 0.0976331
7 0.47745 0.52255
8 0.994734 0.00526613
7 0.000637492 0.999363
8 0.901607 0.0983932
7 0.463331 0.536669
8 0.989364 0.0106361
7 0.0101964 0.989804
8 0.550042 0.449958
7 0.132331 0.867669
8 1 1e-07
7 0.198473 0.801527
7 0.229302 0.770698
7 0.00172568 0.998274
7 0.0325544 0.967446
8 0.988701 0.0112993
8 0.994334 0.00566613
7 1.52527e-05 0.999985
8 0.990472 0.0095276
7 4.5796e-07 1
7 0.00250705 0.997493
8 1 1e-07
8 0.999991 8.6765e-06
7 0.151088 0.848912
7 2.0226e-05 0.99998
8 0.957062 0.0429381
7 0.000111847 0.999888
7 0.162209 0.837791
8 0.97516 0.02484
7 0.00228469 0.997715
7 0.309376 0.690624
7 0.270433 0.729567
7 0.041589 0.958411
8 0.997163 0.00283681
7 0.0892815 0.910718
7 0.0672223 0.932778
7 0.275486 0.724514
7 0.00453285 0.995467
7 0.463026 0.536974
7 0.337568 0.662432
8 0.719729 0.280271
8 0.99999 9.84213e-06
7 0.000231391 0.999769
7 0.0809266 0.919073
7 3.37239e-07 1
7 1e-07 1
8 0.999989 1.11904e-05
7 0.00171545 0.998285
8 0.984716 0.0152842
7 0.0218846 0.978115
7 0.0028791 0.997121
7 0.0872821 0.912718
8 0.999927 7.26012e-05
8 0.941146 0.0588535
7 0.0802552 0.919745
7 0.000316739 0.999683
8 0.835721 0.164279
8 0.988921 0.0110789
7 0.016272 0.983728
8 0.595545 0.404455
8 0.790459 0.209541
8 0.977614 0.0223861
7 6.02414e-06 0.999994
8 0.999995 4.7207e-06
8 0.971911 0.0280891
8 0.999984 1.63322e-05
8 0.691454 0.308546
8 0.551127 0.448873
7 0.0559945 0.944006
8 0.792148 0.207852
7 0.019428 0.980572
8 0.882865 0.117135
7 0.0188507 0.981149
8 0.810996 0.189004
8 0.958324 0.0416762
7 0.0263971 0.973603
8 0.997666 0.00233445
7 0.274209 0.725791
8 0.820444 0.179556
7 9.89536e-06 0.99999
8 0.537655 0.462345
8 0.969944 0.0300563
7 0.095812 0.904188
8 0.997097 0.00290287
8 1 1e-07
8 0.718872 0.281128
8 0.99587 0.00412959
7 1.50966e-07 1
8 0.727376 0.272624
8 1 1e-07
8 0.812602 0.187398
7 0.00284503 0.997155
7 0.0152582 0.984742
7 0.0588214 0.941179
7 4.71299e-05 0.999953
8 0.999565 0.000434917
8 0.606052 0.393948
7 0.0838981 0.916102
7 0.000367238 0.999633
7 0.00183653 0.998163
8 1 1e-07
8 0.999943 5.72432e-05
7 0.20159 0.79841
8 0.987697 0.012303
8 0.997462 0.00253778
7 0.0232949 0.976705
7 6.07704e-05 0.999939
7 8.22924e-06 0.999992
7 0.00313696 0.996863
7 0.000531394 0.999469
8 0.999986 1.42634e-05
8 0.857635 0.142365
7 0.0187375 0.981263
7 0.000302401 0.999698
8 0.714964 0.285036
8 0.947815 0.0521846
8 0.660952 0.339048
7 0.494776 0.505224
7 2.16723e-05 0.999978
8 0.998476 0.00152363
7 0.0202661 0.979734
7 0.0811426 0.918857
7 0.0159996 0.984
8 0.754451 0.245549
8 0.761536 0.238464
8 1 1e-07
7 0.352227 0.647773
7 0.178526 0.821474
8 0.615509 0.384491
7 1.30649e-05 0.999987
8 1 1e-07
7 0.0780365 0.921964
8 0.72456 0.27544
8 0.988728 0.0112716
7 0.0875769 0.912423
7 0.406318 0.593682
7 0.00309435 0.996906
7 2.29629e-05 0.999977
7 0.134876 0.865124
8 1 1e-07
7 0.252265 0.747735
8 0.763939 0.236061
7 0.00088853 0.999111
8 0.999277 0.000722925
8 0.700189 0.299811
8 0.999929 7.11203e-05
7 0.0986901 0.90131
8 0.99785 0.00214984
8 0.998365 0.00163475
7 0.00374261 0.996257
7 0.0413433 0.958657
8 0.920373 0.0796267
7 2.98556e-07 1
7 0.492639 0.507361
8 0.987178 0.0128225
7 0.45697 0.54303
7 0.224103 0.775897
8 0.936561 0.0634388
7 0.248486 0.751514
7 6.35182e-05 0.999936
7 0.0259827 0.974017
7 0.0271384 0.972862
8 0.999269 0.000731494
8 0.986472 0.0135277
7 1.80186e-05 0.999982
8 0.996793 0.00320712
7 0.386864 0.613136
7 0.318969 0.681031
7 0.258571 0.741429
7 6.3145e-06 0.999994
8 0.980894 0.0191057
7 0.0021049 0.997895
7 0.126676 0.873324
8 1 1.67997e-07
8 0.972888 0.0271119
8 0.996965 0.00303477
8 0.721238 0.278762
7 0.294412 0.705588
7 0.361643 0.638357
7 0.402573 0.597427
8 0.870628 0.129372
8 0.998421 0.00157913
7 0.252424 0.747576
7 0.0486291 0.951371
7 7.22173e-06 0.999993
8 0.653987 0.346013
8 0.997959 0.00204071
7 0.00717752 0.992822
8 0.687042 0.312958
7 0.223298 0.776702
7 0.192845 0.807155
8 1 1e-07
7 0.0180934 0.981907
8 0.997403 0.00259667
7 0.473597 0.526403
8 0.974448 0.025552
8 0.99979 0.000209976
7 0.00972406 0.990276
7 0.0311261 0.968874
8 0.999991 8.98962e-06
7 1.68524e-05 0.999983
8 0.509783 0.490217
8 0.741175 0.258825
7 0.000272568 0.999727
7 4.76641e-05 0.999952
8 0.996683 0.00331666
8 1 1e-07
8 0.64223 0.35777
7 0.0197312 0.980269
7 0.00084412 0.999156
7 0.000351069 0.999649
7 0.0586521 0.941348
8 0.99356 0.00644018
7 0.457454 0.542546
7 0.263454 0.736546
7 0.437912 0.562088
7 5.3775e-06 0.999995
7 8.43197e-06 0.999992
8 0.983024 0.0169763
7 0.00383286 0.996167
8 0.951172 0.0488279
8 0.994319 0.00568119
7 0.392695 0.607305
7 0.0732449 0.926755
7 1e-07 1
7 0.0154307 0.984569
7 0.00716628 0.992834
8 0.97812 0.0218803
7 0.1711 0.8289
7 0.00179281 0.998207
8 0.812086 0.187914
7 0.40622 0.59378
7 0.0494792 0.950521
8 0.719817 0.280183
7 0.212597 0.787403
7 0.0156126 0.984387
8 0.99493 0.00506951
8 1 1e-07
7 0.0107147 0.989285
7 0.0594535 0.940547
8 0.555388 0.444612
7 0.464216 0.535784
7 0.39877 0.60123
7 1.55076e-05 0.999984
7 0.00116767 0.998832
7 0.001251 0.998749
8 0.923423 0.0765768
8 0.99839 0.00160964
7 0.138591 0.861409
8 0.989319 0.0106813
7 0.00362484 0.996375
7 0.000706919 0.999293
7 0.197384 0.802616
8 1 1.08284e-07
7 0.334359 0.665641
8 0.986226 0.0137741
8 0.995881 0.00411894
7 0.263685 0.736315
7 0.00149123 0.998509
7 0.329762 0.670238
8 0.972958 0.0270418
7 2.75245e-05 0.999972
7 0.156327 0.843673
7 0.343476 0.656524
8 0.812594 0.187406
8 0.989601 0.0103991
7 0.0423272 0.957673
7 0.00241273 0.997587
8 0.980121 0.0198787
7 0.00252237 0.997478
8 0.964264 0.0357361
7 0.0439079 0.956092
8 0.583741 0.416259
7 1.33739e-06 0.999999
7 0.394974 0.605026
7 0.254921 0.745079
7 0.231489 0.768511
7 0.000448709 0.999551
8 0.971857 0.0281434
8 0.999909 9.12501e-05
7 0.049911 0.950089
7 0.389463 0.610537
8 0.580044 0.419956
7 0.189194 0.810806
7 0.0221832 0.977817
7 0.00207582 0.997924
7 4.83924e-05 0.999952
7 0.0414693 0.958531
7 0.000796285 0.999204
7 0.444201 0.555799
7 0.262331 0.737669
7 0.000252318 0.999748
7 0.101666 0.898334
7 0.0456055 0.954395
8 0.986279 0.0137214
7 0.130611 0.869389
7 0.0219006 0.978099
8 0.996109 0.00389057
7 5.73161e-05 0.999943
7 0.0163959 0.983604
8 0.999972 2.77191e-05
7 0.180145 0.819855
8 0.999934 6.63147e-05
8 0.885165 0.114835
8 0.996509 0.00349058
7 0.47207 0.52793
8 0.550092 0.449908
8 0.969829 0.0301705
8 0.999963 3.7238e-05
7 0.395599 0.604401
7 1e-07 1
7 0.0403738 0.959626
8 0.999782 0.000217741
8 0.961794 0.0382056
7 0.0408727 0.959127
8 0.999997 3.42001e-06
8 0.989792 0.0102084
8 0.870714 0.129286
7 0.244817 0.755183
7 0.0156771 0.984323
8 0.988501 0.0114995
8 0.85357 0.14643
7 0.0783017 0.921698
7 2.80002e-05 0.999972
8 0.752665 0.247335
7 0.0894913 0.910509
7 0.0752489 0.924751
8 0.922055 0.077945
8 0.544854 0.455146
8 0.999999 7.89312e-07
7 0.128301 0.871699
8 0.999998 1.67619e-06
7 0.0225021 0.977498
7 0.0389094 0.961091
8 0.99978 0.000219625
7 0.34052 0.65948
7 0.00500517 0.994995
8 0.964403 0.0355968
8 0.981183 0.0188167
7 0.000104295 0.999896
7 1e-07 1
8 0.895142 0.104858
7 1.04834e-05 0.99999
7 0.457566 0.542434
7 9.27321e-06 0.999991
8 0.996361 0.00363879
8 0.957695 0.0423048
8 0.997733 0.00226665
7 0.0600462 0.939954
7 0.0989428 0.901057
7 0.0159358 0.984064
8 0.911006 0.0889945
7 0.482223 0.517777
8 0.999101 0.000899252
7 0.0388144 0.961186
7 0.304988 0.695012
7 0.304474 0.695526
7 0.0124485 0.987552
8 0.802164 0.197836
7 0.00731616 0.992684
7 1.22903e-06 0.999999
8 0.591518 0.408482
8 0.705103 0.294897
7 0.0377152 0.962285
8 1 1e-07
7 1.52052e-06 0.999998
7 0.0642125 0.935787
8 0.884068 0.115932
7 3.69335e-06 0.999996
8 0.582403 0.417597
8 0.885873 0.114127
8 0.595389 0.404611
7 0.00143683 0.998563
7 0.00272965 0.99727
7 0.00185334 0.998147
8 0.753755 0.246245
8 0.611492 0.388508
8 0.857348 0.142652
7 0.434354 0.565646
8 0.999463 0.000537083
7 0.0250096 0.97499
8 0.600458 0.399542
7 0.0251957 0.974804
8 0.968025 0.031975
7 0.251836 0.748164
8 0.993616 0.00638375
8 0.988073 0.0119272
8 0.98931 0.01069
7 2.07719e-05 0.999979
8 0.929916 0.0700837
8 0.999258 0.000742087
8 0.537362 0.462638
8 0.999953 4.66057e-05
7 0.0011241 0.998876
7 6.32504e-05 0.999937
8 0.990322 0.00967796
8 0.983806 0.0161941
8 0.552426 0.447574
8 0.98488 0.0151199
8 0.989357 0.0106433
7 0.00133066 0.998669
7 0.187387 0.812613
7 8.16267e-06 0.999992
8 0.667837 0.332163
8 0.992036 0.00796352
7 0.00132507 0.998675
7 0.10666 0.89334
8 0.999921 7.85968e-05
7 0.000332533 0.999667
7 0.357405 0.642595
7 0.061861 0.938139
8 0.689998 0.310002
7 0.00834495 0.991655
7 0.195264 0.804736
8 0.718238 0.281762
8 0.998547 0.00145267
8 0.972241 0.0277594
8 0.99567 0.00433033
7 1e-07 1
7 0.0385197 0.96148
8 0.681748 0.318252
7 0.0314231 0.968577
7 0.0247417 0.975258
7 0.40534 0.59466
7 0.000289356 0.999711
7 1e-07 1
8 0.999994 6.10064e-06
7 0.156192 0.843808
8 0.638736 0.361264
8 0.999648 0.000352463
7 0.333933 0.666067
8 0.999989 1.0931e-05
8 0.540223 0.459777
7 0.430412 0.569588
7 0.110039 0.889961
7 5.02885e-06 0.999995
8 0.971292 0.028708
7 0.391308 0.608692
8 0.513398 0.486602
8 0.981976 0.0180244
8 0.995775 0.00422483
7 0.000130348 0.99987
8 0.995237 0.00476326
8 0.999999 1.3488e-06
7 0.0261476 0.973852
7 0.168305 0.831695
7 9.6189e-07 0.999999
7 0.00255033 0.99745
7 0.00166698 0.998333
8 0.892782 0.107218
8 0.593918 0.406082
7 0.0220023 0.977998
7 0.489354 0.510646
7 0.0459865 0.954013
7 0.112261 0.887739
7 0.0206421 0.979358
7 0.00461635 0.995384
8 0.96479 0.03521
7 0.0149922 0.985008
7 0.0391779 0.960822
8 0.876208 0.123792
8 0.613874 0.386126
8 0.993936 0.0060644
7 0.131153 0.868847
8 0.980596 0.0194038
8 0.999992 8.16547e-06
7 0.0188493 0.981151
7 0.00332579 0.996674
7 0.00467464 0.995325
8 0.984197 0.0158034
7 0.192529 0.807471
8 0.999281 0.000719007
8 0.999962 3.83587e-05
8 0.999692 0.000307891
7 0.216173 0.783827
8 0.954694 0.0453065
8 1 1e-07
7 0.0624569 0.937543
8 0.711986 0.288014
7 1.98512e-06 0.999998
8 0.999925 7.52732e-05
8 0.684929 0.315071
7 0.186048 0.813952
7 0.00753399 0.992466
7 0.0563006 0.943699
7 0.00305761 0.996942
7 0.0192864 0.980714
8 0.994424 0.0055759
7 0.201701 0.798299
8 0.866403 0.133597
7 5.49632e-05 0.999945
8 0.995372 0.00462765
8 0.985066 0.0149341
7 1.95741e-07 1
7 0.0148409 0.985159
7 0.00936505 0.990635
8 0.998418 0.00158166
7 0.0294291 0.970571
8 0.999819 0.000180715
8 0.989721 0.0102786
8 0.999986 1.41866e-05
8 0.995287 0.00471287
7 0.0211725 0.978828
8 0.931992 0.0680076
8 0.983011 0.0169886
8 0.845693 0.154307
7 0.155209 0.844791
7 5.53654e-06 0.999994
7 0.422108 0.577892
8 0.994311 0.00568873
7 0.0391029 0.960897
8 0.991189 0.00881146
7 0.018477 0.981523
8 1 1e-07
8 0.987725 0.0122753
7 0.00724247 0.992758
7 1.65745e-05 0.999983
8 0.820616 0.179384
8 1 1e-07
7 0.34906 0.65094
7 0.109802 0.890198
7 0.359125 0.640875
7 0.124432 0.875568
7 0.00759565 0.992404
7 0.324693 0.675307
7 0.000648218 0.999352
7 0.259605 0.740395
7 2.35831e-05 0.999976
8 0.755858 0.244142
8 0.721042 0.278958
8 0.998329 0.00167137
7 0.346216 0.653784
8 0.843648 0.156352
8 0.957389 0.0426111
7 0.00816844 0.991832
7 0.00229033 0.99771
8 1 1e-07
7 6.86131e-05 0.999931
8 0.995216 0.00478384
7 0.0002501 0.99975
7 0.408656 0.591344
8 0.851594 0.148406
8 0.999294 0.00070566
8 0.992312 0.00768803
8 0.983916 0.0160837
7 9.75111e-06 0.99999
8 0.815793 0.184207
8 1 1e-07
7 4.06758e-07 1
7 0.0880028 0.911997
8 0.999572 0.000428138
8 0.999818 0.000181715
8 0.674916 0.325084
7 1.17577e-06 0.999999
8 0.985794 0.0142063
7 0.0439586 0.956041
8 0.740974 0.259026
8 0.999994 6.16478e-06
7 0.496983 0.503017
7 0.0272538 0.972746
7 5.68695e-06 0.999994
7 0.0153118 0.984688
8 0.836427 0.163573
7 0.00267723 0.997323
7 0.000539498 0.999461
7 0.00386579 0.996134
7 0.0200256 0.979974
7 0.0012718 0.998728
7 0.00038628 0.999614
7 0.00725723 0.992743
8 0.653227 0.346773
7 0.00123037 0.99877
8 0.999998 2.48658e-06
7 0.140735 0.859265
7 0.285087 0.714913
7 0.0287925 0.971207
7 0.0625813 0.937419
8 0.857071 0.142929
7 0.000272563 0.999727
7 0.0761976 0.923802
7 0.0639963 0.936004
7 0.00740379 0.992596
7 0.477212 0.522788
8 0.990777 0.00922348
8 0.960197 0.0398026
8 0.838059 0.161941
8 0.919607 0.0803932
7 1.80566e-06 0.999998
8 0.992479 0.00752087
8 0.865155 0.134845
8 0.847534 0.152466
7 0.124493 0.875507
8 0.898484 0.101516
7 0.051912 0.948088
7 0.0823736 0.917626
7 0.0163837 0.983616
8 0.998666 0.00133401
7 0.369229 0.630771
8 0.833475 0.166525
8 0.98794 0.0120596
8 0.551988 0.448012
7 0.490588 0.509412
8 0.996638 0.00336167
7 0.330084 0.669916
8 0.999994 5.65565e-06
7 0.0736228 0.926377
7 0.191817 0.808183
8 0.830446 0.169554
8 1 1e-07
7 0.000214357 0.999786
7 0.122079 0.877921
7 0.148593 0.851407
8 0.854984 0.145016
7 0.0123594 0.987641
7 0.135545 0.864455
8 0.999809 0.000190904
7 0.000287872 0.999712
8 0.566525 0.433475
8 0.641343 0.358657
7 0.175687 0.824313
8 0.837118 0.162882
7 1.06215e-05 0.999989
8 0.998341 0.00165857
8 1 1e-07
7 0.476533 0.523467
8 0.613041 0.386959
7 2.88952e-05 0.999971
8 0.960753 0.0392471
8 0.781328 0.218672
7 0.0649079 0.935092
8 0.825985 0.174015
7 0.398391 0.601609
7 0.367792 0.632208
7 0.276094 0.723906
7 0.0514624 0.948538
7 1.47273e-05 0.999985
7 0.434271 0.565729
7 0.045628 0.954372
7 0.330125 0.669875
7 0.378336 0.621664
7 0.0425996 0.9574
8 0.999993 6.65005e-06
8 0.650153 0.349847
8 1 1e-07
7 0.0476299 0.95237
8 0.909206 0.0907937
7 0.291196 0.708804
7 0.086899 0.913101
8 0.819286 0.180714
8 0.606954 0.393046
8 0.987059 0.012941
7 0.128739 0.871261
7 0.0230958 0.976904
7 0.118315 0.881685
8 0.860677 0.139323
8 0.890939 0.109061
8 0.590384 0.409616
8 0.578997 0.421003
8 0.924582 0.0754184
8 0.997839 0.00216142
8 0.999212 0.000788048
7 0.0227629 0.977237
7 0.035738 0.964262
7 0.0002407 0.999759
8 0.772302 0.227698
7 0.301777 0.698223
8 0.996166 0.00383428
7 0.0631723 0.936828
7 0.322414 0.677586
8 0.778736 0.221264
8 0.600885 0.399115
8 0.953026 0.0469744
8 0.999999 1.1094e-06
8 0.999996 4.18122e-06
8 0.934927 0.065073
7 0.024198 0.975802
8 0.998249 0.00175148
7 0.235358 0.764642
8 0.977514 0.0224858
7 0.00578429 0.994216
8 0.662753 0.337247
8 1 1e-07
7 0.257476 0.742524
7 0.0520191 0.947981
7 0.139746 0.860254
8 0.735302 0.264698
7 0.0102476 0.989752
8 0.932155 0.0678448
7 2.60972e-05 0.999974
8 0.724627 0.275373
7 0.190591 0.809409
7 0.259321 0.740679
7 0.212214 0.787786
8 0.654167 0.345833
8 0.999997 3.05935e-06
7 0.0199732 0.980027
7 0.0356086 0.964391
8 0.993176 0.00682439
7 0.0178337 0.982166
8 0.897863 0.102137
8 0.749421 0.250579
8 0.99617 0.00383046
8 0.997123 0.00287672
8 0.663422 0.336578
8 0.533674 0.466326
7 0.000479543 0.99952
8 0.912669 0.0873314
8 0.967028 0.0329722
7 0.0137006 0.986299
8 0.975952 0.0240477
7 0.0659943 0.934006
8 0.926301 0.0736991
8 0.510283 0.489717
7 1.54805e-05 0.999985
8 0.993897 0.00610346
8 0.537609 0.462391
7 0.134628 0.865372
8 0.64027 0.35973
8 0.990013 0.00998724
8 0.998624 0.00137588
7 0.0566182 0.943382
8 0.937433 0.0625669
8 0.77326 0.22674
7 1.15195e-05 0.999988
7 0.0863194 0.913681
7 0.0938589 0.906141
8 0.977231 0.0227689
7 0.137733 0.862267
8 0.947142 0.0528581
7 0.168948 0.831052
8 0.629877 0.370123
8 0.978068 0.0219318
7 0.0328127 0.967187
8 0.997564 0.0024355
8 0.978846 0.0211536
7 0.0066074 0.993393
7 0.0782036 0.921796
7 0.339058 0.660942
7 1.26834e-05 0.999987
8 0.929327 0.0706726
7 0.28833 0.71167
7 0.127839 0.872161
7 0.239537 0.760463
8 0.982103 0.0178971
7 0.00795459 0.992045
7 0.00246437 0.997536
7 0.156204 0.843796
7 0.0151656 0.984834
7 0.0118371 0.988163
8 0.703707 0.296293
7 0.00067795 0.999322
8 0.5007 0.4993
7 0.000653819 0.999346
7 0.282597 0.717403
8 0.999561 0.000438659
7 0.0758357 0.924164
7 0.0653623 0.934638
7 0.0876579 0.912342
7 0.192947 0.807053
8 0.548246 0.451754
7 0.00959065 0.990409
8 0.910229 0.0897707
8 0.945637 0.0543625
8 0.992339 0.00766129
7 0.0314999 0.9685
7 0.006219 0.993781
7 4.73348e-05 0.999953
7 0.0991495 0.90085
8 0.999997 2.72576e-06
8 1 1e-07
7 0.03211 0.96789
8 0.999993 6.54604e-06
8 0.999754 0.000246168
8 0.533957 0.466043
7 0.180715 0.819285
7 0.157964 0.842036
8 0.993646 0.00635413
7 0.0157595 0.984241
8 0.999995 5.31343e-06
7 0.131008 0.868992
7 0.127066 0.872934
7 0.0188408 0.981159
8 0.887233 0.112767
8 1 1e-07
8 0.902258 0.0977423
7 0.337786 0.662214
8 0.8815 0.1185
7 0.139861 0.860139
8 1 1e-07
7 0.228463 0.771537
8 0.999871 0.000128636
7 0.004527 0.995473
7 0.0283071 0.971693
7 0.161599 0.838401
7 0.00802766 0.991972
7 0.101994 0.898006
8 0.924729 0.0752712
7 0.0434689 0.956531
8 0.999999 5.19076e-07
8 0.999351 0.00064932
8 0.998742 0.00125778
8 0.583629 0.416371
8 0.999999 7.16618e-07
8 0.996886 0.00311382
8 0.991862 0.00813786
7 0.13969 0.86031
7 0.239214 0.760786
7 0.314711 0.685289
7 0.00283197 0.997168
8 0.991518 0.00848209
7 0.117825 0.882175
7 0.0455005 0.9545
7 0.0193864 0.980614
7 0.0648435 0.935157
7 0.313678 0.686322
7 0.00272521 0.997275
7 0.405791 0.594209
7 0.107604 0.892396
8 0.846669 0.153331
7 0.164103 0.835897
8 0.710579 0.289421
7 0.141024 0.858976
7 0.0306067 0.969393
7 0.340984 0.659016
8 0.999632 0.000368486
7 0.136278 0.863722
7 0.021008 0.978992
8 0.625314 0.374686
8 1 1e-07
7 0.025449 0.974551
7 6.38154e-06 0.999994
7 1.78115e-05 0.999982
8 0.992988 0.00701242
7 0.00448854 0.995511
7 0.155861 0.844139
7 0.442436 0.557564
8 0.544059 0.455941
8 0.991496 0.00850429
7 0.00272172 0.997278
7 0.0303669 0.969633
7 0.10757 0.89243
8 0.997491 0.00250853
7 0.486952 0.513048
7 1.15565e-05 0.999988
8 0.983173 0.0168265
7 0.000590784 0.999409
7 0.104241 0.895759
8 0.964945 0.035055
7 0.00615179 0.993848
7 0.303745 0.696255
8 0.999886 0.000113884
7 0.0191476 0.980852
7 0.00029573 0.999704
7 0.115818 0.884182
8 0.508233 0.491767
8 1 1e-07
8 0.88529 0.11471
8 0.998676 0.00132441
8 0.997478 0.00252215
7 0.242675 0.757325
8 0.990795 0.00920517
8 0.749128 0.250872
8 0.787868 0.212132
7 0.439126 0.560874
8 0.999391 0.000608627
7 0.0670943 0.932906
7 0.027858 0.972142
8 0.669727 0.330273
7 0.0248426 0.975157
8 0.538442 0.461558
8 0.999931 6.85995e-05
8 0.535849 0.464151
8 0.883339 0.116661
8 0.898567 0.101433
7 0.000269298 0.999731
7 0.0481517 0.951848
7 0.00432053 0.995679
7 0.146901 0.853099
7 0.0209779 0.979022
7 0.00126487 0.998735
8 0.786305 0.213695
8 0.578099 0.421901
7 0.182659 0.817341
8 0.676638 0.323362
8 0.612844 0.387156
8 0.998823 0.00117662
8 0.987897 0.0121031
7 0.018648 0.981352
7 0.105542 0.894458
7 0.0498802 0.95012
7 0.0419775 0.958022
7 0.440012 0.559988
7 0.0124942 0.987506
7 0.0111081 0.988892
8 0.991223 0.00877673
7 0.00255214 0.997448
7 0.249731 0.750269
8 0.988743 0.0112572
8 0.934794 0.0652061
8 0.996601 0.00339933
8 0.999103 0.000896517
8 0.514842 0.485158
7 0.020667 0.979333
8 0.666446 0.333554
7 2.63065e-06 0.999997
8 0.617703 0.382297
8 0.685712 0.314288
7 1e-07 1
8 0.828314 0.171686
7 0.00609961 0.9939
8 0.888845 0.111155
7 0.178836 0.821164
7 0.110623 0.889377
8 1 1e-07
7 0.000127458 0.999873
7 0.0128682 0.987132
7 0.32401 0.67599
7 0.0164348 0.983565
8 0.500999 0.499001
8 0.983409 0.0165913
7 0.353155 0.646845
8 0.711354 0.288646
7 0.324098 0.675902
7 0.0656649 0.934335
7 0.00454425 0.995456
7 0.0102151 0.989785
7 0.198583 0.801417
7 0.0257965 0.974204
7 0.00105952 0.99894
8 0.998064 0.00193637
7 8.09231e-05 0.999919
7 0.00553292 0.994467
8 0.996661 0.00333855
7 0.0410977 0.958902
7 1e-07 1
7 0.184139 0.815861
7 0.153001 0.846999
7 0.0388924 0.961108
7 0.0347041 0.965296
7 0.00049295 0.999507
7 0.000838176 0.999162
8 0.975358 0.0246425
8 0.631837 0.368163
8 0.999444 0.000556378
8 0.995994 0.00400645
7 6.32043e-06 0.999994
7 0.100924 0.899076
8 0.999919 8.09616e-05
7 0.0145103 0.98549
7 0.172266 0.827734
8 0.999838 0.00016165
8 0.987288 0.012712
8 0.99791 0.00209042
8 0.997256 0.00274359
7 0.016844 0.983156
7 0.323497 0.676503
7 0.00334164 0.996658
7 0.179311 0.820689
8 0.814277 0.185723
8 0.839574 0.160426
8 0.873017 0.126983
8 0.999992 8.43182e-06
7 0.36406 0.63594
7 0.294617 0.705383
8 1 1e-07
7 5.03855e-06 0.999995
8 0.544582 0.455418
7 0.349455 0.650545
7 0.000166958 0.999833
7 0.0201971 0.979803
8 0.999854 0.000145726
8 0.973612 0.0263883
7 0.452201 0.547799
7 0.244375 0.755625
7 5.298e-06 0.999995
7 0.0283889 0.971611
7 0.00642285 0.993577
7 0.000555784 0.999444
7 0.0375521 0.962448
7 3.4963e-07 1
7 0.292932 0.707068
7 0.14283 0.85717
8 0.991599 0.00840109
7 0.0609979 0.939002
8 0.941914 0.0580858
8 0.995568 0.00443181
7 0.203707 0.796293
8 0.571833 0.428167
7 0.068832 0.931168
7 0.404425 0.595575
8 0.999648 0.000352045
8 0.696993 0.303007
8 0.594591 0.405409
8 0.839793 0.160207
8 1 1e-07
7 0.103175 0.896825
7 0.00654384 0.993456
7 0.251668 0.748332
7 0.0230316 0.976968
7 0.339332 0.660668
7 0.433575 0.566425
7 0.00377971 0.99622
8 0.998613 0.00138709
7 2.05231e-06 0.999998
7 0.00504353 0.994956
7 0.0116723 0.988328
7 0.000998397 0.999002
8 1 1e-07
8 0.994251 0.00574935
7 1.05474e-05 0.999989
7 1e-07 1
7 0.0390917 0.960908
8 1 1e-07
7 0.0389494 0.961051
7 0.0154682 0.984532
7 0.0187202 0.98128
8 0.935414 0.0645864
8 0.999957 4.29411e-05
7 0.0318759 0.968124
7 0.277537 0.722463
7 0.0282976 0.971702
7 0.0135121 0.986488
7 0.338318 0.661682
8 0.975024 0.024976
7 0.000311677 0.999688
7 3.31757e-05 0.999967
7 3.84275e-05 0.999962
8 0.999959 4.10994e-05
8 0.963293 0.0367073
7 6.5191e-07 0.999999
8 1 1e-07
8 0.991033 0.0089669
8 0.996763 0.0032367
8 0.571015 0.428985
7 0.151327 0.848673
7 0.0688636 0.931136
7 0.30353 0.69647
8 0.99982 0.00018017
7 0.0970708 0.902929
7 0.463524 0.536476
7 0.0407321 0.959268
7 0.0160291 0.983971
7 0.00709982 0.9929
7 0.00233607 0.997664
7 0.152262 0.847738
8 0.999941 5.92698e-05
8 1 1e-07
8 0.787897 0.212103
8 0.853101 0.146899
8 0.966461 0.0335389
7 0.0409377 0.959062
7 0.437877 0.562123
8 0.892498 0.107502
8 0.999346 0.000654149
8 0.997999 0.00200076
8 0.805326 0.194674
7 0.112825 0.887175
7 2.5099e-05 0.999975
7 3.33354e-05 0.999967
7 0.112549 0.887451
7 0.258877 0.741123
7 0.252666 0.747334
7 4.92066e-06 0.999995
8 0.816033 0.183967
7 0.198908 0.801092
8 0.999998 1.51771e-06
7 0.0425837 0.957416
7 0.495321 0.504679
7 0.164665 0.835335
7 0.304156 0.695844
7 0.108981 0.891019
7 0.00726791 0.992732
7 7.97287e-06 0.999992
7 0.108939 0.891061
8 1 1e-07
8 0.543157 0.456843
7 0.0735794 0.926421
8 0.999786 0.000213887
8 0.725647 0.274353
8 0.587011 0.412989
7 2.55325e-07 1
7 0.223121 0.776879
7 0.00662674 0.993373
7 0.245593 0.754407
8 0.999715 0.000284727
7 0.015817 0.984183
7 1.18898e-06 0.999999
7 0.166073 0.833927
8 0.999997 2.56108e-06
7 0.350487 0.649513
7 0.298905 0.701095
8 0.809565 0.190435
7 0.0240997 0.9759
7 0.106509 0.893491
8 0.988788 0.0112119
7 0.430867 0.569133
7 0.333769 0.666231
7 0.0579523 0.942048
8 0.999998 2.01014e-06
7 0.176062 0.823938
7 1.26009e-06 0.999999
8 0.983826 0.0161737
7 2.18064e-07 1
7 0.350852 0.649148
7 0.0485834 0.951417
7 0.00856094 0.991439
7 0.1427 0.8573
7 8.94715e-06 0.999991
7 0.236738 0.763262
7 0.00158224 0.998418
7 0.211038 0.788962
7 0.0853399 0.91466
8 0.96118 0.0388199
8 0.679133 0.320867
7 0.0973914 0.902609
8 0.902295 0.0977048
8 0.533371 0.466629
8 0.776248 0.223752
7 0.0364512 0.963549
7 0.0987637 0.901236
7 0.0118534 0.988147
7 0.29013 0.70987
8 0.999999 8.95842e-07
8 0.99494 0.00506021
7 0.067897 0.932103
8 0.930627 0.0693726
8 0.995534 0.00446633
8 0.999812 0.000187982
7 0.000628599 0.999371
8 0.740323 0.259677
7 0.148546 0.851454
8 0.981628 0.0183717
8 0.925774 0.0742264
7 0.001036 0.998964
7 1.40879e-06 0.999999
7 0.117557 0.882443
8 0.979082 0.0209176
8 0.571544 0.428456
8 0.999695 0.000305271
7 1.46464e-05 0.999985
7 0.0814547 0.918545
8 0.818852 0.181148
8 0.96169 0.03831
7 0.0233863 0.976614
7 0.251676 0.748324
7 0.0791918 0.920808
7 0.102874 0.897126
7 0.258533 0.741467
7 0.0953491 0.904651
8 0.998901 0.0010993
8 0.844937 0.155063
8 0.989888 0.0101123
8 0.799946 0.200054
7 0.135267 0.864733
7 1.06187e-05 0.999989
8 0.634617 0.365383
7 0.00159044 0.99841
7 0.228674 0.771326
7 0.0883723 0.911628
7 0.00110844 0.998892
7 0.000739889 0.99926
8 0.984798 0.0152018
7 0.483939 0.516061
7 0.0692811 0.930719
8 0.985848 0.0141521
8 0.589371 0.410629
8 0.970872 0.0291278
7 8.58028e-06 0.999991
8 0.552737 0.447263
8 0.641388 0.358612
8 0.541087 0.458913
8 0.999631 0.00036872
7 0.358772 0.641228
7 0.0209403 0.97906
8 0.999777 0.000222994
7 0.000340744 0.999659
8 0.999924 7.64149e-05
7 4.79272e-05 0.999952
8 0.949473 0.0505272
8 0.818709 0.181291
7 0.000146017 0.999854
7 0.000514244 0.999486
7 0.000779185 0.999221
7 0.399778 0.600222
7 6.24072e-06 0.999994
7 0.176843 0.823157
8 1 1e-07
7 0.049409 0.950591
8 0.998356 0.00164388
7 0.000305849 0.999694
7 0.0651549 0.934845
7 0.00118016 0.99882
8 0.976218 0.0237824
7 0.0837641 0.916236
8 0.999047 0.000953077
8 0.999547 0.000452973
7 0.000471061 0.999529
8 0.838311 0.161689
8 1 3.65729e-07
8 0.989965 0.0100352
8 0.955186 0.0448143
7 0.284195 0.715805
8 0.995448 0.00455187
8 0.835114 0.164886
7 0.111246 0.888754
7 0.276639 0.723361
7 0.374566 0.625434
7 0.0217128 0.978287
7 0.0258014 0.974199
8 0.834717 0.165283
7 0.385949 0.614051
8 0.96721 0.0327899
7 0.000522929 0.999477
7 0.0746529 0.925347
7 0.368954 0.631046
7 1.78063e-05 0.999982
8 0.514804 0.485196
7 0.361456 0.638544
8 0.875865 0.124135
7 0.0880565 0.911943
7 0.00246198 0.997538
7 0.00355061 0.996449
7 0.0583874 0.941613
8 0.511345 0.488655
7 0.000138768 0.999861
7 0.482302 0.517698
8 0.980679 0.0193213
8 0.933521 0.0664794
7 0.0321465 0.967853
8 0.990776 0.00922393
8 0.622178 0.377822
7 0.0249455 0.975055
7 0.157504 0.842496
7 1e-07 1
7 0.0119937 0.988006
8 1 1e-07
8 0.566416 0.433584
7 0.0764156 0.923584
8 0.99833 0.0016699
7 0.027542 0.972458
8 0.922934 0.0770657
8 0.917536 0.0824643
7 0.226118 0.773882
7 0.0133488 0.986651
7 0.469706 0.530294
8 0.574891 0.425109
8 0.818093 0.181907
8 0.993767 0.00623258
7 0.157522 0.842478
7 3.2772e-06 0.999997
7 0.374551 0.625449
8 0.949691 0.0503085
8 0.984789 0.0152106
7 0.0767772 0.923223
7 0.00224919 0.997751
7 0.190553 0.809447
8 0.896513 0.103487
8 0.534793 0.465207
7 0.00407334 0.995927
8 0.738265 0.261735
7 0.00016884 0.999831
8 0.999948 5.1632e-05
8 0.673735 0.326265
7 0.0522107 0.947789
8 0.972599 0.0274008
7 0.00894496 0.991055
8 0.95677 0.0432304
7 0.000250644 0.999749
8 0.948298 0.0517015
7 0.000484676 0.999515
8 0.9775 0.0224996
8 0.726425 0.273575
8 0.995105 0.00489535
8 0.918599 0.0814008
7 0.124123 0.875877
8 0.999976 2.44473e-05
7 0.181729 0.818271
7 0.00178262 0.998217
7 1.8254e-05 0.999982
7 0.307923 0.692077
7 0.101149 0.898851
8 0.999849 0.000150711
7 0.107825 0.892175
7 0.053475 0.946525
8 1 1e-07
8 0.983382 0.0166183
7 0.45239 0.54761
8 0.999999 8.3795e-07
7 0.446473 0.553527
7 0.366802 0.633198
8 0.999999 1.49955e-06
7 0.319598 0.680402
7 0.0782367 0.921763
7 5.72864e-05 0.999943
8 0.8954 0.1046
7 0.00034144 0.999659
7 0.24709 0.75291
7 0.134721 0.865279
8 0.999842 0.000157922
8 0.999962 3.81271e-05
8 0.761451 0.238549
7 0.472871 0.527129
8 0.94888 0.0511201
7 0.393233 0.606767
7 0.00863973 0.99136
7 8.16159e-06 0.999992
7 0.465142 0.534858
8 0.849216 0.150784
8 0.996786 0.00321357
7 0.0280006 0.971999
8 0.98784 0.0121598
8 0.99995 4.95613e-05
7 0.0770953 0.922905
8 0.991876 0.00812355
7 0.00369166 0.996308
8 0.985471 0.0145292
7 2.67138e-05 0.999973
8 0.991836 0.00816366
8 0.855352 0.144648
8 0.999921 7.86766e-05
7 0.428553 0.571447
7 0.0960512 0.903949
7 0.0103576 0.989642
8 0.927 0.0729999
8 0.99621 0.00379008
8 0.982364 0.0176362
8 0.796984 0.203016
7 0.00722361 0.992776
7 0.185249 0.814751
7 0.0427817 0.957218
7 0.220908 0.779092
7 0.000184173 0.999816
8 0.999624 0.000375593
7 0.175089 0.824911
7 0.024845 0.975155
8 0.988266 0.0117338
8 0.984144 0.0158556
7 0.0696547 0.930345
7 0.0285783 0.971422
8 0.99924 0.000760077
7 0.113843 0.886157
7 0.0108304 0.98917
8 0.941677 0.058323
8 0.999277 0.000722608
7 0.443124 0.556876
8 0.999548 0.000452003
8 0.996581 0.00341909
8 0.962161 0.0378388
7 0.473114 0.526886
7 0.0167329 0.983267
7 0.20101 0.79899
7 0.00445011 0.99555
7 0.0366336 0.963366
7 0.0593637 0.940636
8 0.981471 0.0185287
7 0.477501 0.522499
8 0.997771 0.00222936
7 0.0593861 0.940614
7 0.415741 0.584259
8 0.989666 0.0103338
7 0.132281 0.867719
7 0.000815313 0.999185
7 0.476826 0.523174
7 0.198632 0.801368
7 0.00628214 0.993718
8 0.878772 0.121228
8 0.987846 0.0121542
7 4.44069e-05 0.999956
7 0.272239 0.727761
8 0.563657 0.436343
7 4.16512e-05 0.999958
8 0.983377 0.0166229
7 0.119736 0.880264
8 0.902052 0.0979483
8 0.981662 0.0183375
8 0.967466 0.0325337
7 0.0167715 0.983228
7 0.400878 0.599122
8 0.998421 0.00157861
8 0.890116 0.109884
8 0.999993 6.89288e-06
7 0.00575229 0.994248
7 0.467358 0.532642
7 3.88062e-06 0.999996
7 0.00163699 0.998363
8 0.996054 0.00394621
7 1.32228e-07 1
7 0.0403697 0.95963
7 0.444022 0.555978
8 0.999999 1.0759e-06
7 0.229193 0.770807
7 0.00876983 0.99123
7 0.00620719 0.993793
7 0.421245 0.578755
7 0.0603461 0.939654
7 0.018952 0.981048
8 0.895017 0.104983
7 1.60908e-05 0.999984
7 6.79425e-06 0.999993
8 0.999991 8.5409e-06
7 0.00282376 0.997176
8 0.789325 0.210675
7 0.042334 0.957666
8 0.949317 0.0506828
7 0.19483 0.80517
8 0.84452 0.15548
8 1 1e-07
7 0.156509 0.843491
8 0.575983 0.424017
7 3.50213e-06 0.999996
7 0.317623 0.682377
8 0.749595 0.250405
8 0.982426 0.0175744
7 0.339181 0.660819
8 0.783266 0.216734
7 0.040759 0.959241
8 0.555292 0.444708
7 0.169061 0.830939
8 0.586188 0.413812
8 0.999409 0.00059074
8 0.98446 0.0155403
8 0.914271 0.0857286
7 0.0343819 0.965618
8 0.762959 0.237041
7 1.50163e-05 0.999985
7 0.0377275 0.962272
7 0.000482868 0.999517
8 0.824095 0.175905
7 0.0298976 0.970102
7 0.000230631 0.999769
8 0.995741 0.0042585
7 0.207134 0.792866
7 0.0311489 0.968851
8 0.997243 0.00275655
7 0.114205 0.885795
8 0.529197 0.470803
7 0.487117 0.512883
8 0.604422 0.395578
7 0.118235 0.881765
8 1 1e-07
7 0.236327 0.763673
7 0.362384 0.637616
8 0.60601 0.39399
7 0.123203 0.876797
7 0.0845519 0.915448
7 0.000605362 0.999395
7 0.00639076 0.993609
7 0.47528 0.52472
7 0.0126121 0.987388
7 0.123284 0.876716
7 0.211112 0.788888
8 0.971397 0.0286034
8 0.884309 0.115691
7 0.000527123 0.999473
7 0.34273 0.65727
7 2.86617e-06 0.999997
7 0.0983755 0.901624
8 0.621309 0.378691
8 0.719296 0.280704
8 0.965841 0.0341589
8 0.713787 0.286213
8 0.974907 0.0250935
7 0.010058 0.989942
7 0.0158953 0.984105
8 0.997174 0.00282577
8 0.556969 0.443031
8 0.916326 0.0836739
8 0.991521 0.00847893
8 0.990429 0.009571
7 0.137799 0.862201
7 0.306894 0.693106
8 0.988031 0.0119688
8 0.811498 0.188502
7 0.0147286 0.985271
8 0.991177 0.00882337
7 0.121564 0.878436
7 0.0113121 0.988688
8 0.971661 0.0283394
7 0.00382892 0.996171
7 0.0337909 0.966209
8 0.99984 0.000160456
8 0.848599 0.151401
8 0.987336 0.0126639
7 2.23029e-06 0.999998
7 0.391971 0.608029
7 0.067907 0.932093
7 2.19825e-07 1
7 0.341719 0.658281
7 0.0560391 0.943961
7 0.34771 0.65229
8 0.532398 0.467602
7 0.260244 0.739756
8 0.508209 0.491791
8 0.813529 0.186471
7 0.0107748 0.989225
7 0.398629 0.601371
8 0.867306 0.132694
7 0.0764269 0.923573
8 0.730733 0.269267
8 0.662228 0.337772
7 0.255226 0.744774
8 0.581737 0.418263
8 0.571762 0.428238
8 0.879779 0.120221
8 0.920799 0.0792009
8 1 1e-07
7 0.0283292 0.971671
7 0.462674 0.537326
8 0.96142 0.0385796
8 0.99265 0.00734991
7 0.0108848 0.989115
7 0.338497 0.661503
7 0.0302657 0.969734
8 0.704526 0.295474
7 0.150973 0.849027
7 0.00344328 0.996557
8 0.999119 0.00088059
8 0.99999 9.84117e-06
7 0.339353 0.660647
7 0.466712 0.533288
7 0.000742271 0.999258
7 0.00493032 0.99507
7 0.0146268 0.985373
7 0.0176087 0.982391
7 0.132818 0.867182
7 0.0181092 0.981891
8 0.993245 0.00675466
7 0.0916503 0.90835
7 1.32447e-06 0.999999
8 0.87038 0.12962
7 0.00855687 0.991443
8 0.999225 0.000774961
8 0.93124 0.06876
8 0.530525 0.469475
8 0.593655 0.406345
8 0.985374 0.0146263
7 0.0130956 0.986904
7 1.80131e-06 0.999998
8 0.806994 0.193006
7 0.00474351 0.995256
7 0.0128925 0.987107
7 0.00422955 0.99577
7 0.0248337 0.975166
8 0.969674 0.0303258
7 0.139375 0.860625
7 0.000316567 0.999683
8 0.627407 0.372593
7 0.255242 0.744758
8 0.981255 0.018745
7 0.083872 0.916128
7 0.320804 0.679196
7 0.445762 0.554238
7 0.00224818 0.997752
7 0.0001238 0.999876
7 0.115987 0.884013
8 0.865979 0.134021
7 0.00335126 0.996649
8 0.680244 0.319756
8 0.949728 0.0502721
7 0.341078 0.658922
7 4.59058e-06 0.999995
7 0.00441634 0.995584
7 0.0179055 0.982094
8 0.981286 0.0187143
8 0.679737 0.320263
8 0.584883 0.415117
8 0.857471 0.142529
8 0.999991 9.00289e-06
7 0.000335773 0.999664
8 0.997842 0.00215801
8 0.999996 3.64362e-06
8 0.985084 0.0149157
7 0.136662 0.863338
7 0.00473552 0.995264
7 0.000390836 0.999609
8 0.99386 0.00613965
8 0.999999 5.86598e-07
7 0.165365 0.834635
7 0.44133 0.55867
8 0.750333 0.249667
8 0.996988 0.00301157
7 0.375332 0.624668
7 0.0232444 0.976756
7 0.23912 0.76088
7 0.00394211 0.996058
8 0.993777 0.00622315
7 0.397968 0.602032
7 0.0602686 0.939731
7 0.0426783 0.957322
7 0.318982 0.681018
7 8.32224e-05 0.999917
7 0.000510758 0.999489
8 0.818139 0.181861
7 0.127994 0.872006
7 0.176585 0.823415
8 0.989885 0.0101154
7 0.00498406 0.995016
8 0.990574 0.00942555
7 0.046787 0.953213
7 7.79362e-06 0.999992
7 0.00510916 0.994891
8 0.588532 0.411468
8 0.999327 0.000673018
8 0.995085 0.00491454
7 0.0748125 0.925187
7 0.00297459 0.997025
7 0.329652 0.670348
8 0.706938 0.293062
8 0.987029 0.0129714
8 0.995679 0.00432068
7 0.0187896 0.98121
7 0.388001 0.611999
8 0.928361 0.0716388
7 0.385365 0.614635
8 0.817469 0.182531
8 0.975971 0.0240294
8 0.967588 0.0324117
7 0.12537 0.87463
7 0.242956 0.757044
7 0.00456504 0.995435
7 0.419249 0.580751
8 0.688855 0.311145
8 0.607889 0.392111
8 0.923176 0.0768238
7 2.72991e-05 0.999973
7 0.476071 0.523929
7 0.191738 0.808262
8 0.999227 0.000772649
8 0.975491 0.024509
7 7.42515e-06 0.999993
7 1.62901e-05 0.999984
8 0.99255 0.0074504
8 0.999949 5.06928e-05
7 0.289979 0.710021
7 0.00253978 0.99746
8 0.817896 0.182104
7 0.0269757 0.973024
8 0.92301 0.0769898
7 0.0173474 0.982653
8 0.732829 0.267171
7 0.00206982 0.99793
8 0.984479 0.0155207
7 0.0535985 0.946402
7 0.308384 0.691616
7 0.259307 0.740693
8 0.891826 0.108174
7 1.63715e-06 0.999998
7 0.00021192 0.999788
7 0.458099 0.541901
8 0.996662 0.00333802
7 5.83141e-06 0.999994
8 0.999995 4.98507e-06
7 0.034095 0.965905
7 0.0463917 0.953608
8 0.989193 0.0108069
8 1 1e-07
8 0.877398 0.122602
7 0.000336156 0.999664
7 0.240917 0.759083
7 0.133493 0.866507
8 0.841357 0.158643
8 0.992648 0.00735161
8 0.98325 0.0167497
7 0.0648947 0.935105
7 0.460397 0.539603
7 0.207679 0.792321
7 0.00818325 0.991817
8 0.992139 0.00786082
8 0.999994 5.70458e-06
7 0.191726 0.808274
7 0.016608 0.983392
7 0.36579 0.63421
8 0.653847 0.346153
7 3.23393e-07 1
7 0.426811 0.573189
7 0.0357934 0.964207
7 0.00222255 0.997777
8 0.505992 0.494008
8 0.999866 0.000133676
8 0.976052 0.0239483
7 0.360057 0.639943
8 0.876918 0.123082
7 1.95296e-06 0.999998
7 0.0305584 0.969442
7 0.00167642 0.998324
8 0.55078 0.44922
7 4.87625e-05 0.999951
8 0.770331 0.229669
8 0.999996 3.53942e-06
7 0.295688 0.704312
8 0.999998 1.8113e-06
8 0.50472 0.49528
7 0.0284068 0.971593
7 0.150655 0.849345
7 0.311182 0.688818
7 0.0980636 0.901936
7 0.00132511 0.998675
7 0.157598 0.842402
8 0.629372 0.370628
8 0.999997 3.0403e-06
8 0.999992 7.89243e-06
8 0.999164 0.000836139
7 0.200004 0.799996
7 0.0736195 0.926381
8 0.985406 0.0145935
7 0.0936221 0.906378
8 0.962243 0.0377568
7 0.410221 0.589779
7 0.0382078 0.961792
8 0.999996 4.22697e-06
7 2.05612e-05 0.999979
8 0.590822 0.409178
8 0.964757 0.0352429
7 0.191718 0.808282
8 0.976749 0.0232508
8 0.96616 0.0338398
7 0.112175 0.887825
7 0.0106951 0.989305
8 0.965524 0.0344758
8 0.994515 0.00548479
7 0.0216322 0.978368
8 0.999941 5.89417e-05
8 0.996602 0.00339824
7 5.67812e-05 0.999943
7 1e-07 1
8 0.98493 0.0150699
8 0.99997 2.95838e-05
7 0.0478559 0.952144
7 0.408283 0.591717
8 0.999909 9.08205e-05
8 0.874181 0.125819
8 0.877199 0.122801
8 0.772595 0.227405
8 0.999999 6.41352e-07
7 0.035059 0.964941
7 0.000610128 0.99939
8 0.992853 0.00714717
7 0.323581 0.676419
7 0.203956 0.796044
8 0.842502 0.157498
7 0.0090713 0.990929
7 0.167658 0.832342
7 0.00351154 0.996488
7 0.00276528 0.997235
7 0.00197647 0.998024
8 0.953528 0.0464717
7 0.0993026 0.900697
7 0.0153195 0.98468
7 1e-07 1
8 0.771975 0.228025
8 1 1.33102e-07
7 0.079617 0.920383
8 0.659162 0.340838
8 0.998101 0.00189901
8 0.853583 0.146417
7 0.194168 0.805832
7 0.305093 0.694907
8 0.900797 0.0992032
8 0.997922 0.00207819
7 0.0239502 0.97605
8 0.542702 0.457298
7 0.224287 0.775713
8 0.99217 0.00782991
8 0.760281 0.239719
8 0.795708 0.204292
7 7.51019e-05 0.999925
7 0.003341 0.996659
8 0.77361 0.22639
8 0.98898 0.0110196
7 0.00131886 0.998681
7 0.068786 0.931214
8 0.998748 0.00125179
7 0.0313344 0.968666
7 0.0302515 0.969749
8 0.898091 0.101909
8 0.955165 0.0448346
7 2.38391e-05 0.999976
8 0.940004 0.0599955
8 0.999243 0.000757219
7 0.0571342 0.942866
7 0.026997 0.973003
8 0.883388 0.116612
8 0.995968 0.00403246
7 0.0722908 0.927709
7 0.499735 0.500265
7 0.001848 0.998152
7 0.00101593 0.998984
8 0.516881 0.483119
8 1 1e-07
8 0.989474 0.0105264
8 0.999958 4.1687e-05
8 0.926373 0.0736267
8 0.799327 0.200673
8 0.597623 0.402377
7 0.0032514 0.996749
7 0.370942 0.629058
7 0.00214036 0.99786
8 0.991691 0.008309
8 0.562022 0.437978
7 0.171545 0.828455
8 0.998348 0.00165218
7 0.0657151 0.934285
7 0.0173509 0.982649
7 0.0161354 0.983865
8 0.843434 0.156566
7 0.0736228 0.926377
7 0.0460493 0.953951
8 0.902587 0.0974134
7 0.000726004 0.999274
7 0.0208159 0.979184
7 2.37418e-06 0.999998
7 0.0738508 0.926149
8 0.63838 0.36162
7 0.0639165 0.936084
8 0.745479 0.254521
7 0.0522692 0.947731
7 0.00181822 0.998182
8 0.543081 0.456919
7 0.0378115 0.962188
8 0.994983 0.00501727
8 1 1e-07
7 0.0311498 0.96885
7 1.03762e-06 0.999999
8 0.684631 0.315369
7 0.393416 0.606584
7 0.198391 0.801609
8 0.989264 0.0107363
8 0.99994 6.04315e-05
8 0.95743 0.0425702
8 0.97706 0.02294
7 0.00276712 0.997233
7 5.85121e-05 0.999941
7 2.46938e-06 0.999998
7 0.00791222 0.992088
7 0.0160245 0.983975
8 0.998762 0.0012384
8 0.83642 0.16358
7 0.000791087 0.999209
7 0.0045089 0.995491
7 0.0291391 0.970861
8 0.843587 0.156413
8 0.999949 5.06014e-05
7 0.00643113 0.993569
8 0.581135 0.418865
7 0.173344 0.826656
8 0.887968 0.112032
8 0.995865 0.00413501
8 0.851895 0.148105
7 0.02717 0.97283
7 0.17243 0.82757
7 0.438722 0.561278
7 0.0834705 0.916529
8 0.639146 0.360854
7 0.0959409 0.904059
7 0.11528 0.88472
8 0.985679 0.0143214
7 0.116227 0.883773
7 0.142274 0.857726
8 0.994045 0.00595478
8 0.999921 7.94376e-05
8 0.698773 0.301227
8 0.873313 0.126687
8 0.745973 0.254027
8 1 2.0949e-07
8 0.993115 0.00688461
8 0.785152 0.214848
7 0.000276402 0.999724
8 0.680193 0.319807
8 0.970666 0.0293344
8 0.803472 0.196528
7 3.513e-07 1
8 1 1e-07
7 0.05748 0.94252
8 0.73757 0.26243
8 0.814515 0.185485
7 0.0444276 0.955572
8 0.745011 0.254989
8 0.998818 0.00118164
8 0.889268 0.110732
7 0.111408 0.888592
7 0.150123 0.849877
7 0.48387 0.51613
7 0.0232669 0.976733
7 0.000798195 0.999202
7 6.33794e-05 0.999937
7 0.0727153 0.927285
7 1.0223e-05 0.99999
8 0.993509 0.00649126
7 0.00394366 0.996056
8 0.964403 0.0355973
8 0.953495 0.0465048
8 0.80977 0.19023
7 0.134821 0.865179
7 0.0568531 0.943147
8 0.981742 0.018258
7 0.00273537 0.997265
8 0.99857 0.0014305
8 1 1e-07
7 0.264063 0.735937
8 0.993215 0.00678472
8 0.775362 0.224638
7 0.0960549 0.903945
7 0.181719 0.818281
7 0.294874 0.705126
7 0.145506 0.854494
7 0.161054 0.838946
8 0.991621 0.00837927
7 0.0006111 0.999389
8 0.898195 0.101805
8 0.940653 0.0593471
8 0.988346 0.0116537
8 0.876758 0.123242
7 0.0275965 0.972404
8 1 1e-07
7 0.0937261 0.906274
8 0.529286 0.470714
7 0.0986778 0.901322
7 0.00949733 0.990503
7 0.325206 0.674794
8 0.992222 0.00777787
7 0.000345269 0.999655
8 0.54187 0.45813
7 7.89223e-06 0.999992
7 0.127508 0.872492
7 0.0130162 0.986984
7 0.191156 0.808844
8 1 1e-07
8 0.894232 0.105768
8 0.82898 0.17102
8 0.953057 0.0469427
7 0.479064 0.520936
7 0.000573434 0.999427
7 0.11002 0.88998
7 0.00015421 0.999846
8 0.989411 0.010589
7 0.0865478 0.913452
7 0.0136834 0.986317
7 0.33946 0.66054
7 0.0505583 0.949442
8 0.988595 0.0114052
7 0.0526441 0.947356
8 0.632903 0.367097
8 0.61828 0.38172
8 0.995886 0.00411358
8 0.995319 0.00468056
8 0.96828 0.0317199
7 0.0409874 0.959013
8 0.8159 0.1841
8 0.98839 0.0116104
8 0.840201 0.159799
7 0.335694 0.664306
8 0.85166 0.14834
7 0.00739428 0.992606
7 0.113584 0.886416
8 0.572618 0.427382
7 1e-07 1
8 0.853723 0.146277
8 0.999204 0.000796434
7 0.0433046 0.956695
7 0.289066 0.710934
8 0.827494 0.172506
7 0.0363518 0.963648
8 0.880637 0.119363
8 0.999712 0.000287724
7 0.148716 0.851284
7 2.43641e-07 1
7 0.19364 0.80636
7 0.00774541 0.992255
7 0.0335224 0.966478
8 0.881553 0.118447
7 0.421499 0.578501
7 0.00011114 0.999889
8 0.679984 0.320016
8 0.999999 1.43613e-06
8 0.991741 0.00825871
7 0.0067789 0.993221
7 0.00282976 0.99717
8 0.526516 0.473484
8 0.993877 0.00612296
7 0.00178304 0.998217
8 0.57296 0.42704
7 0.383879 0.616121
8 0.998392 0.0016076
7 0.163877 0.836123
7 3.32921e-05 0.999967
7 0.262104 0.737896
7 0.418984 0.581016
7 0.16363 0.83637
7 0.00797673 0.992023
7 0.0337508 0.966249
7 0.0482397 0.95176
8 0.777732 0.222268
8 0.98605 0.0139498
8 0.763021 0.236979
7 7.05229e-06 0.999993
7 0.000599371 0.999401
8 0.792969 0.207031
8 0.994036 0.00596415
7 0.00111593 0.998884
7 0.000602194 0.999398
8 0.550801 0.449199
7 0.00015806 0.999842
7 0.125809 0.874191
8 0.990154 0.00984568
7 0.131766 0.868234
7 1.79523e-06 0.999998
8 1 1e-07
8 0.744594 0.255406
7 0.014372 0.985628
7 0.0331147 0.966885
8 0.749077 0.250923
7 0.00909597 0.990904
7 0.484711 0.515289
8 0.992433 0.00756684
8 0.982555 0.0174451
7 0.0423704 0.95763
7 0.211826 0.788174
7 0.0966533 0.903347
8 0.821043 0.178957
7 0.148303 0.851697
8 0.999998 1.87268e-06
7 0.0131004 0.9869
7 0.000178766 0.999821
7 0.11064 0.88936
7 0.111801 0.888199
8 0.964397 0.0356025
8 0.898725 0.101275
7 0.00559089 0.994409
7 0.313518 0.686482
8 0.877253 0.122747
7 0.000111139 0.999889
8 0.919627 0.080373
7 0.058154 0.941846
8 0.84013 0.15987
8 0.787805 0.212195
8 0.992019 0.00798061
7 0.000616081 0.999384
7 0.0191906 0.980809
8 0.995672 0.00432803
7 0.215301 0.784699
8 0.999416 0.000583937
7 0.000954405 0.999046
7 0.000137453 0.999863
7 0.000409312 0.999591
7 0.00436691 0.995633
7 0.086654 0.913346
7 0.00123027 0.99877
7 0.120135 0.879865
7 0.169223 0.830777
8 0.939837 0.060163
8 0.502901 0.497099
7 0.0321328 0.967867
7 1.94984e-06 0.999998
8 0.998964 0.001036
7 0.152134 0.847866
8 0.979226 0.0207743
8 0.827565 0.172435
7 1.05927e-05 0.999989
7 0.00263136 0.997369
8 0.982437 0.0175633
8 0.985871 0.0141291
7 0.00563534 0.994365
8 0.999991 8.87663e-06
8 0.944608 0.0553922
7 0.43556 0.56444
7 0.000240271 0.99976
7 0.00703366 0.992966
8 1 1e-07
7 0.384384 0.615616
7 0.192087 0.807913
8 0.947346 0.0526535
7 0.0266315 0.973368
8 0.975683 0.0243171
7 0.0650352 0.934965
8 0.999483 0.00051653
7 0.00850604 0.991494
7 0.000116223 0.999884
7 0.0110415 0.988959
7 0.00660372 0.993396
7 0.0186055 0.981394
8 0.635721 0.364279
7 0.0188218 0.981178
7 0.00248149 0.997519
7 0.0793788 0.920621
8 0.728935 0.271065
7 0.00175938 0.998241
7 0.0956823 0.904318
8 0.997112 0.00288823
7 0.427623 0.572377
7 0.0108736 0.989126
7 0.0439642 0.956036
8 0.70073 0.29927
7 0.00929649 0.990704
7 0.00171597 0.998284
7 0.174053 0.825947
7 0.206056 0.793944
7 7.3676e-05 0.999926
7 4.36672e-05 0.999956
7 0.457398 0.542602
8 0.999991 9.40286e-06
7 0.00457906 0.995421
7 0.0767087 0.923291
8 0.993562 0.00643772
7 0.0178501 0.98215
8 0.748668 0.251332
7 0.357868 0.642132
7 0.461348 0.538652
8 0.999001 0.000998875
7 0.0523019 0.947698
7 0.351258 0.648742
7 0.000183551 0.999816
8 0.807071 0.192929
8 0.697137 0.302863
8 1 1e-07
8 0.995453 0.00454685
8 0.985858 0.0141422
8 1 2.8301e-07
7 0.00132717 0.998673
7 0.316431 0.683569
8 0.624128 0.375872
7 0.0285133 0.971487
8 0.820888 0.179112
7 0.00988296 0.990117
7 0.451949 0.548051
7 0.00690263 0.993097
7 0.243699 0.756301
8 0.995013 0.00498661
8 0.999901 9.87917e-05
8 0.993656 0.00634407
8 0.969973 0.0300275
7 0.00169344 0.998307
8 0.995357 0.00464305
8 1 1.11637e-07
7 0.436589 0.563411
7 0.313593 0.686407
7 0.0856056 0.914394
7 0.287322 0.712678
7 0.079503 0.920497
7 0.22917 0.77083
8 0.977903 0.0220971
8 0.965647 0.0343533
7 0.0064822 0.993518
8 0.89258 0.10742
8 0.813592 0.186408
8 0.999915 8.45555e-05
7 0.0374716 0.962528
8 0.743049 0.256951
8 0.991991 0.00800915
7 0.00742373 0.992576
7 0.0972018 0.902798
7 0.000959877 0.99904
7 0.335921 0.664079
8 0.621673 0.378327
7 0.0743225 0.925678
8 0.999517 0.000482954
7 0.40023 0.59977
8 0.572163 0.427837
8 0.997981 0.00201897
8 0.994127 0.00587265
7 0.120726 0.879274
7 0.0161271 0.983873
7 0.378609 0.621391
7 0.295005 0.704995
7 2.09484e-05 0.999979
8 0.995668 0.00433225
7 4.13491e-06 0.999996
8 0.999405 0.000595082
8 0.551323 0.448677
7 0.00067643 0.999324
8 0.831725 0.168275
7 0.29059 0.70941
7 0.0349721 0.965028
8 1 1e-07
7 0.0315818 0.968418
7 0.123407 0.876593
8 1 1e-07
7 0.00030123 0.999699
8 0.759539 0.240461
8 0.936043 0.0639569
8 0.992103 0.00789681
7 0.00138103 0.998619
7 0.00716503 0.992835
8 0.945473 0.0545267
8 0.715111 0.284889
7 0.331484 0.668516
8 0.869043 0.130957
7 0.00604327 0.993957
7 0.0083592 0.991641
8 1 1e-07
8 0.90888 0.0911201
8 0.999618 0.000382094
7 0.362021 0.637979
7 0.0551118 0.944888
7 0.256795 0.743205
8 0.9997 0.000299977
7 1.93673e-06 0.999998
7 0.0534144 0.946586
7 0.048811 0.951189
7 0.000355953 0.999644
7 0.171852 0.828148
7 0.193561 0.806439
8 1 1e-07
7 0.0283617 0.971638
8 0.997541 0.00245898
8 0.512633 0.487367
8 0.979873 0.0201267
7 0.315986 0.684014
8 0.99044 0.00955957
8 0.732284 0.267716
7 0.0254902 0.97451
8 0.99951 0.000489976
7 0.0625937 0.937406
7 0.179936 0.820064
7 0.237563 0.762437
8 0.635876 0.364124
7 0.000315965 0.999684
7 0.0966256 0.903374
8 0.979532 0.0204677
8 1 1e-07
7 0.0204252 0.979575
8 0.999999 7.43756e-07
8 0.989156 0.0108437
8 0.999985 1.4738e-05
7 0.0219815 0.978018
7 0.0119155 0.988085
7 0.00101793 0.998982
7 0.15899 0.84101
8 0.988023 0.0119772
8 0.830815 0.169185
8 0.57972 0.42028
8 0.929661 0.0703391
7 0.00446702 0.995533
8 0.537375 0.462625
7 0.10802 0.89198
7 0.000118336 0.999882
7 3.6721e-05 0.999963
8 0.813444 0.186556
8 0.557103 0.442897
7 0.0425713 0.957429
8 0.511236 0.488764
7 5.88138e-06 0.999994
7 0.00231388 0.997686
8 0.588197 0.411803
8 0.989624 0.0103761
7 0.00199455 0.998005
7 0.100438 0.899562
8 0.787952 0.212048
7 0.0409231 0.959077
8 0.820232 0.179768
8 0.979249 0.0207513
7 0.0183012 0.981699
7 0.133887 0.866113
8 0.563193 0.436807
7 0.00766609 0.992334
7 0.336533 0.663467
7 0.034468 0.965532
7 0.116771 0.883229
7 0.00897152 0.991028
7 0.0431522 0.956848
7 0.000480003 0.99952
8 0.976886 0.023114
8 0.713882 0.286118
7 0.0713199 0.92868
7 0.0522207 0.947779
8 0.82889 0.17111
8 0.839356 0.160644
7 0.212556 0.787444
8 0.985026 0.0149742
7 0.0428121 0.957188
7 0.00109738 0.998903
8 0.983425 0.0165754
8 0.924979 0.0750213
8 0.995895 0.00410506
8 0.667059 0.332941
7 1.32944e-06 0.999999
8 0.97053 0.0294704
8 0.882267 0.117733
7 0.00246766 0.997532
7 0.10997 0.89003
8 0.989223 0.0107772
7 0.0434098 0.95659
8 1 1e-07
8 0.970502 0.0294978
8 0.983133 0.0168674
7 0.0237363 0.976264
7 0.057149 0.942851
7 0.0859948 0.914005
7 0.355673 0.644327
7 0.00125653 0.998743
7 0.38512 0.61488
7 0.120778 0.879222
7 0.0711017 0.928898
8 0.660587 0.339413
8 0.9856 0.0144
7 0.274227 0.725773
7 0.0384979 0.961502
8 0.955355 0.0446449
7 0.00280784 0.997192
7 0.000950294 0.99905
7 0.0405203 0.95948
7 0.275462 0.724538
7 0.452519 0.547481
8 0.917429 0.0825712
7 0.0139075 0.986092
7 0.0156354 0.984365
8 0.760704 0.239296
7 0.157989 0.842011
7 0.0786989 0.921301
8 0.981222 0.0187784
7 0.108399 0.891601
7 0.00268676 0.997313
7 0.0757358 0.924264
8 0.672989 0.327011
8 0.876307 0.123693
8 0.572758 0.427242
8 0.995307 0.00469321
8 0.855272 0.144728
7 0.029489 0.970511
8 0.994393 0.00560682
8 0.999988 1.17284e-05
7 0.0107279 0.989272
8 0.992532 0.00746806
7 0.00796125 0.992039
7 0.0838754 0.916125
8 0.994125 0.00587518
7 0.310283 0.689717
7 0.177927 0.822073
8 0.98846 0.01154
8 0.99294 0.00705951
8 0.837471 0.162529
8 0.715755 0.284245
7 0.00458758 0.995412
8 0.999981 1.89286e-05
8 0.860704 0.139296
7 5.31639e-06 0.999995
8 0.698436 0.301564
7 0.488101 0.511899
7 0.000983466 0.999017
7 0.24662 0.75338
8 0.997228 0.00277246
7 2.96712e-06 0.999997
7 9.66015e-05 0.999903
7 0.0206422 0.979358
8 0.988973 0.0110267
8 0.729035 0.270965
7 0.0873669 0.912633
7 0.105045 0.894955
7 0.0031899 0.99681
7 0.00836363 0.991636
8 0.999655 0.000344983
8 0.994092 0.0059079
7 0.0141805 0.985819
7 0.00952023 0.99048
7 6.02391e-06 0.999994
8 0.996673 0.00332654
8 0.765248 0.234752
8 0.69384 0.30616
8 0.698174 0.301826
7 0.158596 0.841404
8 0.921129 0.0788714
7 0.0234701 0.97653
7 0.172768 0.827232
8 0.936347 0.0636534
7 0.176082 0.823918
7 1.64542e-05 0.999984
7 0.301705 0.698295
7 0.000580129 0.99942
7 0.327514 0.672486
7 0.0128656 0.987134
8 0.993489 0.00651063
8 0.998349 0.00165072
7 0.0721653 0.927835
8 0.896955 0.103045
8 0.998359 0.00164078
8 0.887907 0.112093
8 0.745902 0.254098
7 0.000627153 0.999373
8 0.573617 0.426383
8 0.999929 7.10846e-05
8 0.693498 0.306502
8 1 2.20159e-07
8 0.953638 0.0463623
8 0.99803 0.00197001
7 0.472218 0.527782
8 0.999981 1.91586e-05
8 0.996854 0.00314609
8 1 2.81242e-07
7 0.172141 0.827859
8 0.993384 0.00661649
8 0.883063 0.116937
7 0.263037 0.736963
7 1e-07 1
8 0.928603 0.0713974
7 0.0886416 0.911358
7 0.0209853 0.979015
7 0.291444 0.708556
8 0.620131 0.379869
8 0.999902 9.76448e-05
7 0.00554686 0.994453
7 0.415372 0.584628
7 0.0016598 0.99834
7 1e-07 1
8 0.938906 0.0610937
7 0.010154 0.989846
8 0.689053 0.310947
7 0.0116674 0.988333
7 0.0019193 0.998081
8 0.820598 0.179402
7 0.0088255 0.991175
7 0.0136985 0.986301
8 0.991987 0.00801306
7 0.227104 0.772896
8 0.99969 0.000309912
7 0.000461526 0.999538
8 1 1.31801e-07
8 0.999927 7.3165e-05
8 0.835548 0.164452
7 0.000205193 0.999795
8 0.932819 0.0671806
8 0.83539 0.16461
7 0.212834 0.787166
8 0.865212 0.134788
8 0.676702 0.323298
7 1.79762e-05 0.999982
8 0.994861 0.00513904
7 0.295371 0.704629
7 0.275666 0.724334
7 0.0594178 0.940582
7 0.36386 0.63614
7 0.107602 0.892398
7 0.0140128 0.985987
7 3.18565e-06 0.999997
8 1 2.89934e-07
7 0.015988 0.984012
8 0.690069 0.309931
8 0.937968 0.0620316
7 0.395331 0.604669
7 0.000497966 0.999502
7 0.38467 0.61533
8 0.834773 0.165227
8 0.991092 0.00890761
7 7.16095e-05 0.999928
7 0.449863 0.550137
8 0.733161 0.266839
8 0.655915 0.344085
8 0.98211 0.01789
7 1.95365e-06 0.999998
7 7.68816e-05 0.999923
8 0.733562 0.266438
7 0.00163999 0.99836
7 0.248794 0.751206
7 0.0204534 0.979547
7 0.178595 0.821405
8 0.986263 0.0137367
7 0.000989113 0.999011
8 0.995662 0.00433755
7 0.10024 0.89976
7 0.220332 0.779668
7 0.000669115 0.999331
7 0.196983 0.803017
7 0.00119211 0.998808
7 0.0630657 0.936934
7 0.471902 0.528098
8 0.999957 4.34773e-05
7 0.343627 0.656373
8 0.994568 0.00543203
7 0.178149 0.821851
8 0.791187 0.208813
8 0.998421 0.00157941
7 0.352188 0.647812
7 0.0385246 0.961475
8 0.962533 0.0374672
7 0.0126504 0.98735
7 0.0240206 0.975979
7 0.413748 0.586252
8 0.544471 0.455529
7 0.110727 0.889273
7 0.0524229 0.947577
8 0.988085 0.0119146
7 2.74398e-05 0.999973
7 0.140672 0.859328
8 0.761372 0.238628
8 0.788352 0.211648
7 0.353859 0.646141
8 0.57347 0.42653
7 0.00368751 0.996312
7 0.238192 0.761808
7 0.0140306 0.985969
7 9.54908e-07 0.999999
8 0.968202 0.0317982
8 0.999934 6.55022e-05
8 0.928795 0.0712055
7 0.383674 0.616326
8 0.987768 0.0122323
8 0.995659 0.00434123
8 0.997588 0.002412
7 0.111467 0.888533
7 0.000503123 0.999497
7 0.00647191 0.993528
8 0.922185 0.0778151
7 0.00210349 0.997897
8 0.552912 0.447088
8 0.659359 0.340641
8 0.72851 0.27149
8 0.99072 0.00928005
7 0.362823 0.637177
7 1e-07 1
8 0.979879 0.0201206
8 0.999968 3.199e-05
8 0.790247 0.209753
8 0.961653 0.0383467
7 0.401508 0.598492
7 0.0378394 0.962161
7 0.204257 0.795743
8 0.615812 0.384188
7 0.000720555 0.999279
8 0.99123 0.00876967
8 1 1e-07
7 0.119747 0.880253
8 0.999995 4.78843e-06
8 0.999688 0.000312371
7 0.0232004 0.9768
7 0.218119 0.781881
8 0.735615 0.264385
7 6.78282e-05 0.999932
8 1 1.09848e-07
8 0.994167 0.00583277
7 0.167995 0.832005
8 0.974342 0.0256583
7 0.298351 0.701649
8 0.997457 0.00254251
7 0.1704 0.8296
7 0.00147894 0.998521
7 0.111565 0.888435
8 0.552626 0.447374
7 0.327982 0.672018
7 0.269027 0.730973
8 0.999999 8.64236e-07
7 0.171923 0.828077
7 0.0436632 0.956337
7 0.373775 0.626225
7 0.0169837 0.983016
7 0.0250817 0.974918
8 0.667333 0.332667
8 0.972377 0.0276227
8 0.813508 0.186492
7 0.0454461 0.954554
7 0.141996 0.858004
8 0.941027 0.0589726
8 0.865394 0.134606
8 0.819811 0.180189
7 5.64766e-05 0.999944
8 0.99482 0.00518026
7 0.063385 0.936615
8 0.996717 0.00328324
7 5.14623e-06 0.999995
8 0.999984 1.64148e-05
7 0.425709 0.574291
7 0.0063689 0.993631
8 0.501103 0.498897
7 0.00059669 0.999403
7 0.0597737 0.940226
7 0.0247344 0.975266
7 0.0871065 0.912894
8 0.882176 0.117824
8 0.703054 0.296946
7 8.07099e-05 0.999919
8 0.986007 0.0139932
7 0.00194359 0.998056
7 0.0230899 0.97691
8 0.994913 0.00508743
7 0.0001213 0.999879
7 0.00884891 0.991151
7 0.260127 0.739873
7 1.2372e-06 0.999999
7 0.0432682 0.956732
7 0.0584285 0.941571
7 0.113497 0.886503
7 0.200474 0.799526
7 0.0833413 0.916659
8 0.832458 0.167542
7 0.0225611 0.977439
7 0.000293465 0.999707
8 1 1e-07
8 0.660236 0.339764
7 0.296449 0.703551
7 2.06989e-06 0.999998
7 0.187809 0.812191
7 0.0080107 0.991989
7 0.338669 0.661331
8 0.999761 0.000238636
7 6.69663e-06 0.999993
7 0.0666304 0.93337
7 0.0164961 0.983504
7 0.050471 0.949529
7 0.0760715 0.923929
8 0.81 0.19
7 0.00197088 0.998029
7 0.0742655 0.925734
8 0.564564 0.435436
7 0.0112845 0.988716
7 8.57343e-05 0.999914
7 0.0184099 0.98159
8 0.988796 0.0112045
7 1.01881e-05 0.99999
7 0.000977149 0.999023
7 0.132288 0.867712
8 0.992083 0.00791709
7 0.055108 0.944892
8 0.954225 0.0457751
8 0.624171 0.375829
7 2.26829e-06 0.999998
8 0.952275 0.0477248
7 0.000150451 0.99985
7 6.93555e-07 0.999999
7 0.000358309 0.999642
8 0.567937 0.432063
8 0.776537 0.223463
8 0.974583 0.0254168
8 0.987706 0.0122939
8 0.967996 0.0320038
8 0.960586 0.039414
8 0.910185 0.0898148
7 0.143823 0.856177
7 9.9272e-06 0.99999
8 0.952729 0.047271
8 0.997683 0.00231707
8 0.648726 0.351274
7 0.00408735 0.995913
7 0.0387036 0.961296
8 0.973829 0.0261706
8 0.964086 0.0359143
8 1 1e-07
8 0.999002 0.000998098
7 0.19842 0.80158
8 0.98108 0.0189202
7 0.154158 0.845842
8 0.91271 0.0872897
8 0.850597 0.149403
7 0.112806 0.887194
7 0.131936 0.868064
7 0.0994298 0.90057
8 0.999975 2.48817e-05
8 0.97347 0.0265299
8 0.993089 0.00691056
7 0.377631 0.622369
8 0.999987 1.27875e-05
8 0.707968 0.292032
7 0.364305 0.635695
7 0.0216885 0.978312
7 0.0549152 0.945085
7 0.143729 0.856271
8 1 1.00403e-07
8 0.670799 0.329201
7 0.0313772 0.968623
7 0.000219487 0.999781
7 0.48123 0.51877
8 0.512035 0.487965
7 0.0819818 0.918018
7 0.153864 0.846136
7 0.383227 0.616773
7 0.00155213 0.998448
7 0.429898 0.570102
8 0.806388 0.193612
8 0.923698 0.076302
8 1 1e-07
7 0.0406584 0.959342
7 8.18364e-06 0.999992
7 0.396883 0.603117
7 0.0137952 0.986205
7 1e-07 1
7 0.200625 0.799375
8 0.608825 0.391175
8 0.898952 0.101048
7 0.004193 0.995807
8 0.998213 0.00178668
7 0.00874674 0.991253
7 0.402932 0.597068
8 0.995848 0.0041525
7 0.000866889 0.999133
7 0.0501453 0.949855
8 0.816065 0.183935
8 0.597549 0.402451
8 0.628814 0.371186
8 0.993375 0.00662535
7 0.093077 0.906923
8 1 1e-07
7 0.0117981 0.988202
7 0.386119 0.613881
8 0.5602 0.4398
8 1 1e-07
8 0.877624 0.122376
8 0.991081 0.00891949
8 0.624825 0.375175
8 0.845678 0.154322
8 0.601242 0.398758
7 0.197997 0.802003
8 0.539271 0.460729
7 0.130102 0.869898
7 0.305187 0.694813
7 0.140492 0.859508
7 0.237764 0.762236
7 0.31578 0.68422
7 0.000685924 0.999314
8 1 3.76781e-07
7 0.164582 0.835418
7 0.0529713 0.947029
7 0.398763 0.601237
8 0.988585 0.0114148
8 1 2.13297e-07
7 0.356572 0.643428
8 0.999962 3.7965e-05
7 0.489791 0.510209
7 0.00123274 0.998767
8 0.987011 0.0129892
8 0.736361 0.263639
8 0.986484 0.0135163
8 0.980286 0.019714
8 0.99999 1.00192e-05
8 0.998146 0.00185423
7 0.0151695 0.98483
7 0.297969 0.702031
7 0.035836 0.964164
8 0.997336 0.00266396
7 0.226211 0.773789
7 0.0454032 0.954597
8 0.736565 0.263435
8 0.98584 0.0141604
7 0.0143213 0.985679
8 0.994402 0.00559774
8 0.595397 0.404603
7 0.213673 0.786327
8 0.903177 0.0968235
8 0.973584 0.026416
8 0.566281 0.433719
7 0.135567 0.864433
7 0.00279978 0.9972
7 0.120621 0.879379
7 0.417282 0.582718
7 0.000123016 0.999877
8 0.847398 0.152602
7 0.0224214 0.977579
7 0.179862 0.820138
8 0.867758 0.132242
8 0.974896 0.0251042
7 0.00161881 0.998381
8 0.841117 0.158883
8 0.785751 0.214249
7 0.00519438 0.994806
8 0.517445 0.482555
8 0.900786 0.0992143
7 0.130053 0.869947
8 0.906613 0.0933875
8 0.523508 0.476492
8 1 1e-07
8 0.721058 0.278942
8 1 1.94946e-07
8 0.912616 0.0873838
7 1.20861e-05 0.999988
7 0.29135 0.70865
7 0.19866 0.80134
7 0.00879338 0.991207
7 0.30692 0.69308
7 1e-07 1
7 0.259137 0.740863
8 0.999702 0.000298322
7 0.0162187 0.983781
7 0.333333 0.666667
7 0.333764 0.666236
7 0.00212514 0.997875
7 0.250357 0.749643
8 0.979353 0.0206465
8 0.8385 0.1615
8 0.99994 6.03135e-05
7 0.393397 0.606603
8 0.525147 0.474853
8 0.928308 0.0716917
8 0.999987 1.29301e-05
7 0.124797 0.875203
8 0.985475 0.0145253
7 0.0265115 0.973488
8 1 1e-07
8 0.988195 0.0118052
8 0.999923 7.66652e-05
8 0.999991 8.63038e-06
7 0.000415672 0.999584
8 0.767126 0.232874
8 0.535416 0.464584
7 0.0849733 0.915027
7 0.000961155 0.999039
8 1 1e-07
7 1e-07 1
8 0.999995 5.06686e-06
7 0.0207309 0.979269
7 4.37493e-05 0.999956
7 0.45364 0.54636
7 0.0709944 0.929006
8 0.654343 0.345657
7 0.25343 0.74657
8 0.976747 0.0232533
7 0.00033347 0.999667
7 0.224894 0.775106
7 7.80162e-06 0.999992
8 0.999987 1.29792e-05
8 0.811638 0.188362
8 0.988674 0.0113257
8 0.781868 0.218132
7 0.0103248 0.989675
8 0.508921 0.491079
7 0.0237344 0.976266
8 0.857083 0.142917
8 0.99887 0.00112983
8 0.981435 0.018565
8 0.976507 0.023493
7 9.18535e-05 0.999908
7 0.000247067 0.999753
8 0.595057 0.404943
7 0.172313 0.827687
8 0.985984 0.0140157
8 0.642598 0.357402
7 0.225707 0.774293
7 0.111006 0.888994
7 0.495999 0.504001
7 0.0565488 0.943451
8 0.999132 0.000868343
7 0.00158318 0.998417
8 0.982101 0.0178987
7 0.0025161 0.997484
7 0.0612433 0.938757
7 0.0066215 0.993379
8 0.950891 0.0491092
8 0.999989 1.11488e-05
8 0.798871 0.201129
7 0.00488505 0.995115
7 0.0505871 0.949413
8 0.866361 0.133639
8 0.987279 0.0127209
7 0.381015 0.618985
7 0.00889145 0.991109
7 0.0403498 0.95965
8 0.963214 0.0367857
8 0.998363 0.00163672
8 0.993191 0.00680937
8 0.514058 0.485942
7 0.0186463 0.981354
8 0.710579 0.289421
7 0.165163 0.834837
7 0.0146294 0.985371
8 0.999723 0.000276537
7 0.00197462 0.998025
8 0.533052 0.466948
7 1e-07 1
8 0.999993 7.02855e-06
8 0.822678 0.177322
7 0.00341911 0.996581
7 1e-07 1
7 0.00355748 0.996443
8 0.766697 0.233303
7 0.0458308 0.954169
8 0.988721 0.0112792
8 0.985557 0.0144426
8 0.883557 0.116443
7 0.00127476 0.998725
7 0.060069 0.939931
8 0.967031 0.0329691
8 0.99999 1.01376e-05
7 0.313721 0.686279
8 0.949819 0.0501809
7 1.99395e-05 0.99998
7 0.0493552 0.950645
8 0.955256 0.0447437
7 0.0163075 0.983693
7 0.00865309 0.991347
7 0.112282 0.887718
8 0.847022 0.152978
8 0.97494 0.0250602
8 0.97482 0.0251797
8 0.518414 0.481586
8 0.987929 0.0120713
8 0.99999 1.02375e-05
7 0.0315516 0.968448
8 0.999587 0.000412938
7 0.125327 0.874673
7 0.115041 0.884959
7 0.256669 0.743331
8 0.9856 0.0143996
7 0.0750349 0.924965
7 0.182457 0.817543
8 0.982674 0.0173257
8 0.805005 0.194995
8 1 1e-07
8 0.994316 0.00568448
8 0.633918 0.366082
8 0.996286 0.00371355
8 0.54278 0.45722
8 0.82908 0.17092
7 0.0803117 0.919688
8 1 1e-07
7 0.137754 0.862246
7 0.0160935 0.983907
7 0.110306 0.889694
7 0.297203 0.702797
8 0.859767 0.140233
7 0.169411 0.830589
8 0.555749 0.444251
7 0.252578 0.747422
8 0.978441 0.0215589
8 0.997131 0.00286906
7 0.0815131 0.918487
8 0.999992 8.34489e-06
8 0.999889 0.000111275
8 1 1.45555e-07
8 0.802031 0.197969
7 0.000587776 0.999412
8 0.716327 0.283673
7 5.89191e-05 0.999941
8 0.532371 0.467629
7 0.424919 0.575081
7 0.0400309 0.959969
7 0.00281519 0.997185
8 0.620768 0.379232
8 0.802105 0.197895
8 0.647365 0.352635
8 0.996139 0.00386127
8 1 2.59311e-07
7 0.143518 0.856482
8 0.875942 0.124058
7 0.271734 0.728266
7 4.6124e-06 0.999995
7 0.346178 0.653822
8 0.999905 9.4647e-05
7 2.60042e-06 0.999997
7 0.000336323 0.999664
7 0.172767 0.827233
8 1 1e-07
8 0.71327 0.28673
7 0.082983 0.917017
7 0.305744 0.694256
7 0.115738 0.884262
8 0.999976 2.40379e-05
7 0.0544289 0.945571
7 0.134561 0.865439
8 0.756286 0.243714
7 0.0191103 0.98089
7 0.201215 0.798785
7 0.449561 0.550439
8 0.996596 0.00340354
8 0.923398 0.076602
8 0.870788 0.129212
7 0.031346 0.968654
8 0.984839 0.0151608
8 0.992098 0.0079025
7 0.227071 0.772929
8 0.994078 0.00592226
7 0.234736 0.765264
8 1 1e-07
7 0.00924999 0.99075
7 0.000362169 0.999638
7 0.289385 0.710615
8 0.732068 0.267932
8 0.999987 1.27816e-05
8 0.82292 0.17708
8 0.729571 0.270429
8 0.511154 0.488846
7 0.466546 0.533454
8 0.978051 0.0219489
7 0.00287341 0.997127
7 0.00707704 0.992923
7 7.67691e-07 0.999999
7 0.0877145 0.912285
8 0.996983 0.00301656
7 0.155415 0.844585
8 0.52324 0.47676
8 0.931147 0.068853
8 0.935532 0.0644682
8 0.994551 0.00544941
7 0.000321546 0.999678
8 0.993626 0.00637378
7 0.407119 0.592881
7 0.0198875 0.980113
7 0.000730355 0.99927
8 0.562401 0.437599
8 0.981728 0.0182718
8 0.999991 8.8138e-06
7 0.0124315 0.987569
7 0.277657 0.722343
7 0.059605 0.940395
7 0.092647 0.907353
8 0.772785 0.227215
7 0.489319 0.510681
7 0.00145 0.99855
7 0.000269444 0.999731
8 0.786766 0.213234
7 0.00439364 0.995606
7 0.378355 0.621645
8 0.718713 0.281287
8 0.988282 0.0117179
7 0.000146477 0.999854
8 0.825511 0.174489
7 0.114642 0.885358
8 0.989819 0.0101805
7 0.16186 0.83814
7 0.00157624 0.998424
7 0.00304969 0.99695
8 0.999701 0.000299333
7 0.000430845 0.999569
7 0.427449 0.572551
8 0.837799 0.162201
7 0.0211108 0.978889
7 0.0630546 0.936945
7 0.00552614 0.994474
8 0.999755 0.000244785
8 0.998331 0.00166932
8 0.997669 0.00233132
7 4.89016e-05 0.999951
8 0.999937 6.2537e-05
7 0.190547 0.809453
7 0.131702 0.868298
8 0.958788 0.0412115
7 0.00561109 0.994389
7 0.0441383 0.955862
7 0.00602957 0.99397
7 3.24768e-07 1
7 0.125195 0.874805
8 1 1e-07
8 0.999451 0.000548896
7 0.0606989 0.939301
7 0.07096 0.92904
8 1 1e-07
7 0.0124638 0.987536
8 0.991999 0.00800148
7 0.378989 0.621011
8 0.578128 0.421872
7 0.00747953 0.99252
7 0.140973 0.859027
8 0.813179 0.186821
7 0.0294126 0.970587
8 0.637551 0.362449
8 0.938245 0.0617554
7 0.00480438 0.995196
7 0.0456154 0.954385
8 0.999997 2.75307e-06
8 0.987079 0.0129209
7 0.18666 0.81334
7 8.1102e-07 0.999999
8 0.97374 0.0262597
7 0.464734 0.535266
7 0.0209893 0.979011
8 0.637137 0.362863
7 0.000210483 0.99979
8 0.922641 0.0773589
7 0.118989 0.881011
8 0.958813 0.0411869
8 0.992094 0.00790618
7 0.232102 0.767898
7 5.34974e-06 0.999995
7 0.113728 0.886272
8 0.998664 0.00133556
8 0.998732 0.00126781
7 0.0936512 0.906349
7 6.11512e-07 0.999999
7 0.0392291 0.960771
7 0.0181837 0.981816
7 0.0916142 0.908386
8 0.992378 0.0076219
8 0.854925 0.145075
8 0.982138 0.0178623
8 0.999294 0.00070635
7 0.409789 0.590211
7 0.0925394 0.907461
8 0.502051 0.497949
7 1.23138e-07 1
7 8.19518e-06 0.999992
8 0.999629 0.000371438
7 0.0145914 0.985409
8 1 1e-07
8 0.85902 0.14098
7 0.293189 0.706811
7 9.27547e-05 0.999907
8 0.99862 0.00137999
7 0.0780836 0.921916
8 0.922426 0.0775739
8 1 1e-07
8 0.999429 0.00057052
7 3.01973e-06 0.999997
8 1 1e-07
7 0.000471707 0.999528
7 0.0356682 0.964332
8 0.876886 0.123114
7 0.228459 0.771541
8 0.92949 0.0705101
8 0.996499 0.00350063
8 0.982598 0.0174019
8 0.989508 0.0104924
7 0.00919317 0.990807
8 0.545625 0.454375
7 4.75552e-05 0.999952
7 0.340249 0.659751
7 0.00194295 0.998057
7 0.195348 0.804652
8 0.701969 0.298031
7 0.116629 0.883371
8 0.999992 7.71353e-06
8 0.995055 0.00494539
7 0.0154135 0.984586
8 1 1e-07
7 0.05504 0.94496
7 0.000502231 0.999498
7 3.50938e-05 0.999965
8 0.996437 0.00356316
8 0.988416 0.0115841
8 0.989126 0.0108739
7 0.10905 0.89095
7 0.00060088 0.999399
7 0.384821 0.615179
7 0.0558429 0.944157
8 0.501179 0.498821
7 0.0311158 0.968884
7 0.126751 0.873249
7 0.0230891 0.976911
7 0.00085868 0.999141
7 9.2423e-05 0.999908
8 0.993776 0.00622433
8 0.578748 0.421252
8 0.961921 0.0380792
7 0.17604 0.82396
8 0.905838 0.0941623
8 0.575097 0.424903
8 0.997799 0.00220081
8 0.504013 0.495987
7 0.216247 0.783753
8 0.682913 0.317087
7 0.261566 0.738434
7 0.472311 0.527689
8 0.994401 0.00559911
8 0.739747 0.260253
7 0.0252832 0.974717
7 0.0695637 0.930436
7 0.389767 0.610233
8 0.972815 0.027185
7 0.00284268 0.997157
7 0.025797 0.974203
7 0.00992548 0.990075
7 0.00620959 0.99379
7 0.232797 0.767203
8 0.684909 0.315091
7 0.00386109 0.996139
7 0.254868 0.745132
7 3.93829e-05 0.999961
7 0.253708 0.746292
8 0.995829 0.00417101
8 0.592198 0.407802
8 0.990052 0.00994815
7 0.221522 0.778478
8 0.566826 0.433174
8 0.973895 0.0261053
8 0.6181 0.3819
7 0.00158283 0.998417
7 0.0294572 0.970543
7 3.67003e-05 0.999963
7 0.0143757 0.985624
7 0.0670378 0.932962
8 0.87032 0.12968
7 0.237933 0.762067
7 0.00441968 0.99558
8 1 4.12934e-07
7 0.209426 0.790574
7 0.180202 0.819798
7 0.399833 0.600167
8 0.642239 0.357761
7 4.8842e-05 0.999951
7 0.0145679 0.985432
7 0.165098 0.834902
7 0.240486 0.759514
8 0.99809 0.00191003
8 0.941026 0.0589738
7 0.00784799 0.992152
7 1.51397e-07 1
7 0.0233419 0.976658
7 0.096254 0.903746
7 1.71755e-05 0.999983
7 0.262133 0.737867
7 0.000206645 0.999793
8 0.977323 0.0226768
7 0.168159 0.831841
7 0.00504686 0.994953
7 0.28517 0.71483
8 0.643079 0.356921
7 0.0871795 0.912821
8 0.619758 0.380242
7 0.297029 0.702971
8 0.999988 1.19227e-05
7 0.0487474 0.951253
7 0.066487 0.933513
7 0.0404238 0.959576
8 0.995309 0.00469072
8 0.993352 0.00664799
7 0.000115978 0.999884
7 0.208775 0.791225
7 0.103698 0.896302
7 0.171449 0.828551
8 0.990324 0.00967583
8 0.993818 0.00618158
7 0.00173016 0.99827
8 0.584262 0.415738
7 0.015217 0.984783
8 0.993411 0.0065895
7 0.0177014 0.982299
7 0.214184 0.785816
8 1 1e-07
7 0.122019 0.877981
7 0.0598112 0.940189
7 0.221714 0.778286
7 0.226025 0.773975
8 0.809684 0.190316
7 0.0825853 0.917415
7 0.0131102 0.98689
8 0.864622 0.135378
8 0.834762 0.165238
8 0.76244 0.23756
7 0.00160122 0.998399
7 8.27087e-07 0.999999
7 0.0100836 0.989916
7 0.000283727 0.999716
7 4.06113e-06 0.999996
7 0.00127845 0.998722
8 0.943299 0.0567011
8 0.977388 0.0226125
7 0.0613515 0.938648
7 0.00431778 0.995682
7 0.0781144 0.921886
7 0.225523 0.774477
7 0.260167 0.739833
7 0.0557147 0.944285
7 4.87596e-05 0.999951
8 0.998539 0.00146122
7 0.175505 0.824495
8 0.653018 0.346982
7 0.269913 0.730087
8 0.986864 0.0131361
7 0.420482 0.579518
7 0.0184446 0.981555
7 2.32169e-07 1
7 7.71423e-05 0.999923
7 5.51386e-05 0.999945
7 0.000441123 0.999559
8 0.755995 0.244005
7 0.175479 0.824521
8 0.806717 0.193283
8 0.840024 0.159976
8 0.656727 0.343273
7 0.0128139 0.987186
7 0.408528 0.591472
8 0.997611 0.00238917
7 0.172791 0.827209
7 0.0126173 0.987383
7 3.87274e-05 0.999961
7 0.012962 0.987038
7 0.0600998 0.9399
8 0.810025 0.189975
7 0.00202259 0.997977
7 2.91493e-05 0.999971
8 0.598642 0.401358
7 0.35714 0.64286
8 0.944284 0.0557157
7 0.014577 0.985423
8 0.998928 0.00107238
8 0.977241 0.0227593
7 0.218826 0.781174
7 7.21165e-07 0.999999
7 0.283789 0.716211
7 4.97542e-07 1
7 0.0142736 0.985726
7 0.00616951 0.99383
7 5.20063e-06 0.999995
8 1 1e-07
8 0.708181 0.291819
7 0.0126301 0.98737
8 0.99974 0.000260104
8 0.619878 0.380122
7 0.126888 0.873112
7 0.000468571 0.999531
8 0.990454 0.00954588
7 0.0113395 0.98866
7 0.0144624 0.985538
8 0.539228 0.460772
7 0.00210992 0.99789
8 0.999998 2.21887e-06
8 0.999991 9.17621e-06
7 0.0124628 0.987537
7 0.00809804 0.991902
7 0.000299339 0.999701
8 0.902933 0.0970675
7 0.145004 0.854996
7 0.00178714 0.998213
7 6.3099e-05 0.999937
7 1.00303e-05 0.99999
7 0.187097 0.812903
7 0.129725 0.870275
7 0.238167 0.761833
7 0.104402 0.895598
7 0.0107728 0.989227
8 1 1e-07
7 0.12915 0.87085
7 0.28132 0.71868
8 0.989028 0.0109716
7 0.0488744 0.951126
8 0.999283 0.000716931
8 0.999991 9.04897e-06
7 0.049848 0.950152
8 0.933659 0.0663412
8 0.882333 0.117667
7 4.32241e-05 0.999957
7 0.42872 0.57128
8 0.99983 0.000169617
7 0.239151 0.760849
7 0.0308672 0.969133
8 0.977793 0.022207
7 0.0599106 0.940089
8 0.651772 0.348228
7 0.144067 0.855933
8 0.558094 0.441906
8 0.891999 0.108001
8 0.864525 0.135475
7 0.240114 0.759886
7 0.265337 0.734663
8 0.98248 0.0175204
8 0.743052 0.256948
7 0.0896334 0.910367
7 0.486525 0.513475
8 0.992906 0.00709437
8 0.957769 0.0422311
7 0.147024 0.852976
7 0.36924 0.63076
8 0.904888 0.0951116
8 0.989329 0.0106711
7 0.217593 0.782407
7 0.427793 0.572207
7 0.176143 0.823857
8 0.644264 0.355736
8 0.728323 0.271677
7 0.21081 0.78919
7 7.19039e-06 0.999993
7 4.9784e-06 0.999995
8 1 1e-07
7 0.000898512 0.999101
8 0.986095 0.0139052
8 0.999994 6.28786e-06
7 0.155238 0.844762
8 0.555235 0.444765
7 0.333777 0.666223
8 0.965842 0.0341577
7 0.000321759 0.999678
7 0.150678 0.849322
7 3.63909e-07 1
8 0.9836 0.0163997
7 0.00231589 0.997684
8 0.995083 0.00491693
7 0.0595833 0.940417
7 0.172825 0.827175
7 0.047923 0.952077
7 0.0607662 0.939234
8 0.984975 0.0150252
8 0.980677 0.0193228
8 0.988598 0.0114024
8 0.755276 0.244724
7 1.54416e-06 0.999998
7 0.0794712 0.920529
7 0.000357939 0.999642
7 0.0823682 0.917632
8 0.989135 0.0108654
7 0.0425865 0.957413
7 0.0935787 0.906421
8 0.998743 0.00125714
8 0.970559 0.0294412
7 0.0647038 0.935296
