labels 8 6
8 1 1e-07
8 0.999996 3.63253e-06
8 0.965297 0.0347035
8 0.952906 0.0470937
8 0.912363 0.0876366
6 0.0538972 0.946103
8 0.793556 0.206444
8 0.999481 0.000518532
8 0.999999 8.83919e-07
8 0.9758 0.0242
8 0.999103 0.000896902
8 0.992535 0.00746501
8 0.995862 0.00413835
8 0.980362 0.0196384
6 0.00404424 0.995956
8 0.992539 0.00746119
8 0.998843 0.00115735
8 0.999972 2.80501e-05
8 0.990756 0.00924408
6 0.20199 0.79801
6 0.00312076 0.996879
8 0.99482 0.00518026
8 0.632988 0.367012
6 0.00274696 0.997253
6 0.00404727 0.995953
8 0.960462 0.0395376
6 0.00084672 0.999153
8 0.991311 0.00868934
6 0.000979774 0.99902
8 0.934345 0.0656547
8 0.957683 0.042317
8 0.999706 0.000294034
6 0.161005 0.838995
8 0.997896 0.0021036
6 0.0015081 0.998492
8 1 1e-07
8 0.768268 0.231732
8 0.85226 0.14774
8 1 4.5101e-07
8 0.95128 0.0487195
8 0.954518 0.0454822
8 0.948993 0.0510068
6 0.163222 0.836778
6 0.00191505 0.998085
8 0.996604 0.00339624
8 0.994943 0.00505669
6 0.185952 0.814048
8 0.989392 0.0106082
8 0.984543 0.0154574
8 0.998549 0.00145105
8 1 1e-07
6 0.232753 0.767247
8 0.679719 0.320281
6 0.0353449 0.964655
8 0.631661 0.368339
6 0.276424 0.723576
6 0.0214607 0.978539
6 0.00106285 0.998937
8 0.957607 0.0423935
8 0.99961 0.000390141
8 0.99589 0.00410955
8 1 1e-07
6 0.00295804 0.997042
8 0.827988 0.172012
8 0.999996 3.80746e-06
6 0.45353 0.54647
8 0.984079 0.0159214
8 0.978758 0.0212418
8 1 1e-07
8 0.999999 7.21494e-07
8 0.999883 0.000117238
8 0.998252 0.00174841
8 0.571104 0.428896
6 0.402388 0.597612
8 0.942081 0.0579187
6 0.058429 0.941571
6 0.234501 0.765499
8 0.928621 0.0713791
8 0.993741 0.00625912
8 0.869251 0.130749
8 0.987278 0.0127222
8 0.989853 0.0101473
6 0.155379 0.844621
6 0.0181003 0.9819
6 0.00410224 0.995898
6 0.441307 0.558693
6 0.171964 0.828036
8 0.934561 0.0654385
8 0.999993 6.68591e-06
8 0.989768 0.0102323
8 0.999999 7.37684e-07
6 0.428026 0.571974
8 0.949159 0.0508409
8 0.970784 0.0292159
6 0.092224 0.907776
8 0.975544 0.0244561
8 0.975365 0.0246354
8 1 1.07187e-07
6 0.0834461 0.916554
8 0.846577 0.153423
6 0.00323941 0.996761
8 0.893451 0.106549
8 0.939449 0.0605513
8 0.770165 0.229835
8 0.785866 0.214134
8 0.747989 0.252011
8 0.999799 0.000201175
8 0.582928 0.417072
8 0.999409 0.000590525
6 0.0249158 0.975084
6 0.0124857 0.987514
8 0.997575 0.00242471
8 0.999466 0.000533726
8 0.649934 0.350066
8 0.768191 0.231809
8 0.739344 0.260656
8 0.806827 0.193173
8 0.672231 0.327769
8 0.999999 1.07937e-06
6 0.263174 0.736826
6 0.00890155 0.991098
6 0.0010044 0.998996
6 0.00732712 0.992673
8 0.67919 0.32081
8 0.64056 0.35944
8 0.502426 0.497574
6 0.0139169 0.986083
6 0.461958 0.538042
8 0.977424 0.0225764
6 0.486414 0.513586
6 0.000849118 0.999151
8 0.720998 0.279002
8 0.999998 2.31774e-06
8 0.691439 0.308561
6 0.100971 0.899029
8 0.999918 8.19131e-05
6 0.0314166 0.968583
8 0.988336 0.0116637
8 1 1e-07
8 0.997436 0.00256402
8 0.8735 0.1265
8 0.93857 0.0614295
6 0.420646 0.579354
8 0.999945 5.45619e-05
8 0.999922 7.81835e-05
6 0.138398 0.861602
8 0.99943 0.000570254
8 0.997651 0.00234883
6 0.0461159 0.953884
6 0.0754251 0.924575
8 0.965974 0.0340264
8 0.995832 0.00416809
8 0.536858 0.463142
6 0.0666406 0.933359
6 0.0829728 0.917027
8 0.998857 0.00114329
6 0.101177 0.898823
6 0.464442 0.535558
6 0.0499588 0.950041
8 1 1.69157e-07
6 0.428724 0.571276
6 0.203349 0.796651
8 0.862351 0.137649
8 0.996137 0.00386275
8 0.831838 0.168162
6 0.138061 0.861939
8 1 1e-07
8 0.997262 0.00273758
8 0.992012 0.0079879
8 0.996249 0.00375073
8 0.999998 1.91609e-06
6 0.297958 0.702042
6 0.00055428 0.999446
6 0.00162658 0.998373
8 0.999979 2.12233e-05
6 0.0165785 0.983421
8 0.997204 0.00279562
8 1 1e-07
6 0.106518 0.893482
8 0.970154 0.0298456
6 0.0394483 0.960552
6 0.019034 0.980966
6 0.0030244 0.996976
8 0.967119 0.0328805
8 0.995504 0.0044957
8 0.999992 7.69495e-06
6 0.0075222 0.992478
8 0.996858 0.00314175
6 0.00367025 0.99633
6 0.160405 0.839595
6 0.111957 0.888043
6 0.0615599 0.93844
8 0.838445 0.161555
8 0.730368 0.269632
6 0.180727 0.819273
6 0.0209508 0.979049
8 0.807925 0.192075
8 0.936488 0.0635123
8 0.999394 0.000605812
6 0.000594292 0.999406
6 0.0450844 0.954916
8 0.799242 0.200758
6 0.196487 0.803513
6 0.000493049 0.999507
6 0.119641 0.880359
8 0.999927 7.28822e-05
8 0.999997 3.39379e-06
8 0.991962 0.00803763
8 0.996764 0.00323593
8 0.993681 0.00631938
6 0.0206081 0.979392
8 1 1e-07
6 0.0023545 0.997646
8 0.958114 0.0418855
6 0.0868217 0.913178
6 0.14561 0.85439
8 0.999996 3.74002e-06
8 0.999832 0.000168083
6 0.00901946 0.990981
6 0.0266647 0.973335
8 0.687928 0.312072
8 0.999705 0.000295499
8 1 1.48304e-07
8 0.999991 8.63168e-06
8 0.528223 0.471777
6 0.343605 0.656395
8 0.956041 0.0439594
8 0.647053 0.352947
6 0.10155 0.89845
8 0.984795 0.0152048
6 0.47553 0.52447
8 1 1e-07
8 0.994961 0.00503859
6 0.00861527 0.991385
6 0.447195 0.552805
8 0.999984 1.55155e-05
6 0.00524779 0.994752
6 0.00021344 0.999787
6 0.00356859 0.996431
6 0.00136117 0.998639
8 0.999109 0.000891482
8 0.975912 0.0240881
8 1 1e-07
8 0.999893 0.000107051
8 0.998067 0.00193265
6 0.00712774 0.992872
6 0.0317718 0.968228
8 1 1e-07
8 0.873728 0.126272
6 0.054763 0.945237
6 0.0153021 0.984698
8 0.994299 0.00570111
8 1 1e-07
6 0.114037 0.885963
6 0.169921 0.830079
8 0.981391 0.0186088
6 0.0817504 0.91825
6 0.0013263 0.998674
6 0.00196839 0.998032
8 0.991908 0.00809173
6 0.055383 0.944617
8 1 1e-07
6 0.0551704 0.94483
6 0.00408297 0.995917
8 1 1e-07
8 0.951768 0.048232
8 0.923447 0.0765532
8 0.929703 0.0702973
6 0.0733065 0.926694
8 0.980023 0.0199766
8 0.999011 0.000989155
6 0.494314 0.505686
8 0.862983 0.137017
6 0.00777516 0.992225
8 0.862506 0.137494
6 0.0947791 0.905221
8 0.996088 0.00391234
8 0.601309 0.398691
6 0.217998 0.782002
8 0.993382 0.00661805
8 0.661894 0.338106
8 0.917367 0.082633
8 0.658577 0.341423
6 0.266439 0.733561
8 0.982784 0.0172163
8 0.979152 0.0208481
8 0.944218 0.0557825
8 0.995292 0.00470776
8 0.972085 0.0279154
6 0.164579 0.835421
8 0.999661 0.000339287
8 0.758609 0.241391
8 0.84031 0.15969
6 0.381219 0.618781
8 0.979939 0.0200612
8 1 2.81734e-07
8 0.999807 0.000192973
8 1 1e-07
6 0.0159592 0.984041
8 0.757424 0.242576
8 0.999781 0.0002195
6 0.12217 0.87783
6 0.0107627 0.989237
8 0.943633 0.0563675
6 0.311355 0.688645
6 0.00447036 0.99553
8 0.944281 0.0557192
6 0.00140212 0.998598
8 1 1e-07
6 0.0543145 0.945686
6 0.000910116 0.99909
6 0.00227259 0.997727
8 0.947558 0.0524419
8 1 1e-07
8 0.999993 6.88482e-06
8 0.994103 0.00589722
8 0.727996 0.272004
8 0.999878 0.000121708
8 0.999844 0.000155816
6 0.213425 0.786575
8 0.999993 7.49405e-06
8 0.998345 0.00165476
8 0.96493 0.0350698
8 0.999722 0.000278471
6 0.0664209 0.933579
8 0.829936 0.170064
8 0.925894 0.074106
8 0.662324 0.337676
8 1 1e-07
6 0.000274717 0.999725
8 0.999984 1.55392e-05
6 0.0394146 0.960585
8 0.853786 0.146214
6 0.349761 0.650239
8 0.997765 0.00223538
6 0.00472509 0.995275
8 0.563643 0.436357
8 0.940126 0.0598744
8 0.999707 0.000292548
8 0.96676 0.0332396
8 0.980868 0.0191317
6 0.00423259 0.995767
8 0.822455 0.177545
8 0.962243 0.0377575
6 0.159364 0.840636
8 1 1e-07
8 0.998423 0.00157702
6 0.18925 0.81075
8 0.999806 0.00019372
8 0.994023 0.00597706
6 0.023049 0.976951
8 0.718053 0.281947
8 0.999441 0.000558921
6 0.00308681 0.996913
6 0.190849 0.809151
6 0.0912541 0.908746
6 0.00206495 0.997935
8 1 2.07873e-07
8 0.997215 0.00278494
8 1 1e-07
6 0.296765 0.703235
6 0.462135 0.537865
6 0.113508 0.886492
6 0.481565 0.518435
6 0.0406771 0.959323
8 0.998323 0.00167676
8 0.58344 0.41656
8 0.67876 0.32124
6 0.0040777 0.995922
8 0.989146 0.0108544
6 0.0615781 0.938422
8 0.990913 0.00908666
8 1 1e-07
8 0.970682 0.0293183
8 0.851918 0.148082
8 1 1e-07
8 0.933082 0.0669179
8 0.99508 0.00492004
8 0.999792 0.000207701
8 0.53062 0.46938
8 0.780426 0.219574
8 0.999917 8.26967e-05
8 0.659359 0.340641
8 0.98956 0.0104398
6 0.238708 0.761292
6 0.00142915 0.998571
6 0.00903273 0.990967
8 0.984815 0.0151852
8 1 1.17479e-07
6 0.012447 0.987553
8 0.914698 0.0853016
8 0.714587 0.285413
8 0.999996 4.12411e-06
8 1 1e-07
8 0.999997 2.66967e-06
8 1 1e-07
6 0.00524544 0.994755
6 0.00136412 0.998636
6 0.00148552 0.998514
8 0.926961 0.0730393
6 0.00555261 0.994447
8 0.988453 0.011547
8 0.999982 1.8057e-05
8 0.995671 0.00432942
6 0.000753474 0.999247
8 0.998464 0.00153623
8 1 1e-07
8 0.992133 0.00786731
8 0.999748 0.000252347
8 0.715068 0.284932
8 0.876077 0.123923
8 0.711418 0.288582
6 0.434975 0.565025
8 0.999862 0.000137552
8 0.970116 0.0298842
8 0.851378 0.148622
8 0.953693 0.0463073
6 0.104417 0.895583
6 0.00544525 0.994555
8 1 1e-07
8 0.999961 3.89177e-05
6 0.0102365 0.989763
8 0.999279 0.000720846
8 0.99995 4.97376e-05
8 0.999862 0.000137666
8 0.895234 0.104766
8 0.998453 0.00154706
6 0.0021297 0.99787
6 0.0200183 0.979982
8 0.826307 0.173693
8 0.991589 0.00841141
8 0.657612 0.342388
8 0.999146 0.00085431
6 0.0643654 0.935635
8 0.996884 0.00311566
8 0.999782 0.000217889
6 0.137503 0.862497
8 0.999983 1.71232e-05
8 0.996721 0.00327924
6 0.297559 0.702441
6 0.0288066 0.971193
6 0.268644 0.731356
8 0.999999 1.37628e-06
6 0.00719828 0.992802
6 0.202425 0.797575
8 0.537509 0.462491
6 0.0169693 0.983031
6 0.084346 0.915654
8 0.995459 0.00454075
6 0.00403382 0.995966
6 0.0011919 0.998808
8 0.999995 4.67973e-06
8 0.998704 0.00129586
8 0.994107 0.00589326
8 0.914797 0.0852025
6 0.00312982 0.99687
8 0.967198 0.032802
6 0.00126615 0.998734
6 0.206686 0.793314
8 0.77538 0.22462
8 0.941828 0.0581719
8 0.999999 5.48771e-07
8 1 4.88715e-07
6 0.0235048 0.976495
8 0.957656 0.0423437
6 0.00119809 0.998802
8 1 1e-07
8 0.997977 0.00202256
6 0.00148991 0.99851
8 0.999388 0.000611765
6 0.105478 0.894522
8 0.864894 0.135106
6 0.0508297 0.94917
6 0.00666954 0.99333
6 0.00112446 0.998876
8 0.999705 0.000294655
6 0.403524 0.596476
6 0.0144085 0.985592
8 0.507676 0.492324
6 0.4815 0.5185
6 0.00227341 0.997727
8 0.787752 0.212248
8 0.98577 0.0142297
6 0.185519 0.814481
8 0.997536 0.00246384
6 0.0129028 0.987097
8 0.999999 1.21747e-06
8 0.999996 4.18505e-06
8 0.963971 0.0360292
8 0.999994 6.33435e-06
8 1 1e-07
8 0.875707 0.124293
8 0.999793 0.000206777
6 0.00086559 0.999134
8 0.964166 0.0358342
8 0.890229 0.109771
8 0.999995 5.3515e-06
8 0.999941 5.86533e-05
8 0.999857 0.000143124
6 0.00438233 0.995618
6 0.177943 0.822057
8 1 2.07035e-07
8 0.999911 8.91327e-05
6 0.0165196 0.98348
6 0.0274953 0.972505
6 0.00544141 0.994559
8 0.679874 0.320126
8 0.994381 0.00561898
8 0.989513 0.0104866
8 0.989264 0.0107357
8 0.969707 0.0302934
8 0.999513 0.000487434
8 0.999999 5.90033e-07
6 0.000975799 0.999024
8 0.999838 0.000161971
6 0.255112 0.744888
8 0.981443 0.0185573
8 0.866131 0.133869
8 0.995265 0.00473462
6 0.0773806 0.922619
8 0.963292 0.036708
8 0.980329 0.0196714
8 0.998701 0.00129918
6 0.00161569 0.998384
8 0.996374 0.00362591
6 0.00342303 0.996577
8 0.958166 0.0418344
8 0.995041 0.00495872
8 0.999632 0.000368299
8 0.593668 0.406332
8 0.577716 0.422284
6 0.14744 0.85256
6 0.475092 0.524908
8 0.859487 0.140513
8 0.999929 7.11319e-05
6 0.313227 0.686773
6 0.309096 0.690904
8 0.979509 0.0204909
8 0.977634 0.022366
8 0.985981 0.0140185
8 0.994312 0.00568803
8 0.999901 9.90746e-05
6 0.00886931 0.991131
6 0.0725411 0.927459
6 0.012194 0.987806
6 0.00186238 0.998138
8 0.576851 0.423149
8 0.99992 8.03633e-05
8 0.997074 0.00292631
6 0.00515699 0.994843
6 0.00725419 0.992746
8 0.997979 0.00202095
6 0.0748663 0.925134
8 0.963091 0.036909
6 0.00165547 0.998345
8 0.987581 0.0124191
6 0.0775598 0.92244
8 0.758086 0.241914
8 0.586358 0.413642
6 0.0769379 0.923062
6 0.12989 0.87011
6 0.00773588 0.992264
8 0.998032 0.00196802
8 0.957331 0.0426695
8 1 1e-07
8 1 2.53382e-07
6 0.00765185 0.992348
6 0.00105726 0.998943
8 0.999996 4.42179e-06
8 0.999554 0.000446201
8 0.748541 0.251459
6 0.475211 0.524789
6 0.00103993 0.99896
6 0.145162 0.854838
6 0.486518 0.513482
8 0.868055 0.131945
8 0.993097 0.00690349
6 0.0825738 0.917426
6 0.0053516 0.994648
8 0.998939 0.00106115
8 0.53402 0.46598
8 0.999836 0.000164257
8 0.999939 6.06304e-05
6 0.087097 0.912903
8 0.993738 0.00626151
6 0.0554897 0.94451
8 0.958515 0.0414851
8 0.999025 0.000974779
6 0.214729 0.785271
8 0.828122 0.171878
8 0.999203 0.00079695
8 0.962466 0.0375341
6 0.00110993 0.99889
8 0.999962 3.77055e-05
8 1 3.74458e-07
8 0.968314 0.0316858
8 0.99982 0.000179745
8 0.690549 0.309451
8 1 1.15993e-07
6 0.00656406 0.993436
6 0.116985 0.883015
8 0.994803 0.00519668
8 0.99916 0.000840093
6 0.00281424 0.997186
8 0.951595 0.0484049
8 0.949716 0.050284
8 0.998152 0.0018479
8 0.988177 0.0118234
6 0.00585407 0.994146
6 0.0228631 0.977137
6 0.00849458 0.991505
6 0.0114649 0.988535
8 0.923561 0.0764394
8 0.991224 0.00877642
8 0.97702 0.0229802
8 0.989355 0.0106448
8 0.787443 0.212557
8 0.999995 5.06173e-06
8 0.999842 0.000157565
8 0.990401 0.00959857
8 0.999996 4.49624e-06
8 0.999998 1.87456e-06
8 0.999569 0.000430579
8 0.982192 0.0178076
6 0.339238 0.660762
6 0.00626248 0.993738
8 0.992005 0.00799503
6 0.00438313 0.995617
6 0.430467 0.569533
8 0.980402 0.0195983
8 0.999996 4.32846e-06
8 0.98752 0.01248
8 0.819916 0.180084
8 0.984306 0.0156937
6 0.368684 0.631316
8 0.999999 5.27936e-07
8 0.995427 0.00457268
8 0.711327 0.288673
8 0.954387 0.0456135
6 0.00407885 0.995921
8 1 1e-07
6 0.380258 0.619742
8 0.605434 0.394566
8 0.990615 0.0093854
8 0.998137 0.00186321
8 0.999462 0.000538479
8 0.974085 0.0259147
8 0.581871 0.418129
8 0.999204 0.000795717
8 0.986958 0.0130424
6 0.297781 0.702219
6 0.00909659 0.990903
8 0.990774 0.00922578
6 0.134427 0.865573
6 0.00580672 0.994193
8 0.999945 5.50158e-05
6 0.0152758 0.984724
8 0.594827 0.405173
8 1 1.10313e-07
8 0.991504 0.00849607
8 0.998952 0.00104781
8 0.997823 0.00217651
6 0.000549054 0.999451
6 0.00639775 0.993602
8 0.997315 0.00268539
8 0.988144 0.0118556
6 0.00784264 0.992157
8 0.897307 0.102693
6 0.0128685 0.987131
8 1 1.38243e-07
8 0.994949 0.00505088
6 0.194636 0.805364
8 0.999984 1.60999e-05
8 0.998958 0.0010419
6 0.00109949 0.998901
8 0.987198 0.0128024
8 0.952866 0.0471337
6 0.0812716 0.918728
6 0.00501784 0.994982
8 0.99879 0.00121012
6 0.35878 0.64122
8 0.998704 0.00129611
8 0.938986 0.0610135
8 0.978164 0.0218356
6 0.0207522 0.979248
8 0.930922 0.0690781
8 0.999995 4.79278e-06
8 0.999644 0.000356426
6 0.346482 0.653518
8 0.999842 0.00015763
8 0.984751 0.0152487
8 0.652347 0.347653
8 0.983948 0.0160518
8 0.595624 0.404376
8 0.999786 0.000213765
6 0.231238 0.768762
6 0.18448 0.81552
8 0.999661 0.000338593
6 0.484102 0.515898
8 0.999968 3.24109e-05
8 0.99999 9.66018e-06
6 0.11428 0.88572
8 0.658446 0.341554
6 0.0229984 0.977002
6 0.026049 0.973951
8 0.990801 0.00919923
8 0.999984 1.61575e-05
8 0.999927 7.32939e-05
6 0.34952 0.65048
8 0.998832 0.00116843
8 0.938587 0.0614129
6 0.0477857 0.952214
6 0.251063 0.748937
6 0.132423 0.867577
6 0.0300816 0.969918
8 0.742399 0.257601
6 0.00767352 0.992326
6 0.265474 0.734526
8 0.999994 5.95304e-06
8 0.999993 6.97056e-06
6 0.456918 0.543082
8 0.61768 0.38232
6 0.0617772 0.938223
6 0.122579 0.877421
8 0.99999 9.55727e-06
6 0.184856 0.815144
8 0.999498 0.000501948
6 0.154121 0.845879
6 0.00554666 0.994453
6 0.0173282 0.982672
8 0.999998 2.06903e-06
6 0.466591 0.533409
6 0.165918 0.834082
8 0.737607 0.262393
8 0.99984 0.00016041
8 0.995511 0.00448864
6 0.160548 0.839452
8 0.945692 0.0543077
8 0.978437 0.0215629
6 0.00177589 0.998224
6 0.0136955 0.986304
8 0.923211 0.0767885
6 0.324065 0.675935
8 0.996058 0.00394226
8 0.964526 0.0354737
8 1 1e-07
6 0.0838569 0.916143
8 0.892921 0.107079
8 0.966525 0.0334746
6 0.0143102 0.98569
6 0.00158138 0.998419
6 0.175102 0.824898
8 0.99502 0.00497972
6 0.00289989 0.9971
8 0.699003 0.300997
6 0.0604668 0.939533
8 0.965566 0.0344342
8 0.995664 0.00433625
6 0.0488602 0.95114
6 0.0482459 0.951754
6 0.00113758 0.998862
6 0.00317413 0.996826
8 0.99987 0.000130075
8 0.999722 0.000277788
6 0.0140363 0.985964
8 1 1e-07
8 0.922675 0.0773253
6 0.0377466 0.962253
8 0.574312 0.425688
8 0.999068 0.000931978
6 0.00368381 0.996316
8 0.999949 5.05185e-05
8 0.978655 0.0213446
8 0.999998 1.61699e-06
8 0.882889 0.117111
6 0.327516 0.672484
6 0.011054 0.988946
6 0.0228928 0.977107
6 0.00943381 0.990566
6 0.0133567 0.986643
6 0.000460072 0.99954
8 0.885572 0.114428
8 0.993669 0.00633129
8 0.551138 0.448862
6 0.0165577 0.983442
8 0.705737 0.294263
6 0.0158656 0.984134
8 0.970028 0.0299716
8 0.971436 0.0285639
8 0.998331 0.00166927
6 0.00259512 0.997405
6 0.00284452 0.997155
6 0.0010297 0.99897
6 0.00736124 0.992639
8 0.999998 1.52287e-06
8 0.999988 1.22734e-05
8 0.892845 0.107155
6 0.0513952 0.948605
8 0.994847 0.00515336
6 0.0455445 0.954455
8 0.986125 0.0138749
8 0.996905 0.00309479
6 0.00373517 0.996265
8 1 1e-07
6 0.00413075 0.995869
6 0.00608551 0.993914
6 0.0231942 0.976806
6 0.00676603 0.993234
8 0.992259 0.00774058
6 0.130681 0.869319
8 0.999993 7.45757e-06
6 0.00338284 0.996617
8 0.720464 0.279536
8 0.971 0.0290005
8 0.826293 0.173707
6 0.0169061 0.983094
8 0.999946 5.37315e-05
8 0.992382 0.0076179
8 0.860623 0.139377
8 0.998835 0.00116509
6 0.434567 0.565433
6 0.048487 0.951513
6 0.0179552 0.982045
8 0.994119 0.00588068
8 1 1e-07
8 0.993007 0.0069927
6 0.00843696 0.991563
6 0.192053 0.807947
6 0.0411752 0.958825
8 0.999998 1.7299e-06
6 0.210552 0.789448
8 0.999989 1.13803e-05
6 0.130918 0.869082
8 0.999706 0.000294131
6 0.000375645 0.999624
8 0.957539 0.0424612
8 0.976847 0.0231533
6 0.00387866 0.996121
6 0.137597 0.862403
6 0.00430413 0.995696
8 0.979489 0.0205108
8 0.99976 0.00024045
8 0.999988 1.21311e-05
6 0.0357867 0.964213
6 0.00539077 0.994609
8 0.994473 0.00552746
8 0.814573 0.185427
8 0.592767 0.407233
8 0.965776 0.0342237
8 0.680347 0.319653
8 0.988919 0.0110806
6 0.0984091 0.901591
8 0.999347 0.000653279
8 0.911313 0.0886867
6 0.10989 0.89011
8 0.968817 0.0311834
8 0.96306 0.03694
8 0.715836 0.284164
6 0.0861111 0.913889
8 0.999117 0.000882989
8 1 1e-07
6 0.00575627 0.994244
6 0.0448253 0.955175
6 0.0001321 0.999868
6 0.402824 0.597176
8 0.97633 0.0236699
6 0.376559 0.623441
8 0.912781 0.087219
6 0.431496 0.568504
6 0.00504022 0.99496
8 0.976549 0.0234509
8 0.999985 1.50613e-05
8 0.997862 0.00213792
8 0.999192 0.000807833
8 0.988722 0.0112778
6 0.21108 0.78892
8 0.999759 0.000241047
6 0.0701011 0.929899
6 0.0895544 0.910446
6 0.0879772 0.912023
8 1 1e-07
8 0.743423 0.256577
8 0.999998 1.74857e-06
6 0.0990183 0.900982
6 0.00417917 0.995821
8 0.997708 0.00229195
6 0.189105 0.810895
8 0.99782 0.00218013
6 0.00234085 0.997659
8 0.629367 0.370633
8 0.999987 1.28918e-05
8 1 1e-07
8 0.999915 8.53742e-05
8 0.947841 0.0521595
8 0.999744 0.000256183
6 0.368513 0.631487
8 0.775454 0.224546
8 0.982618 0.0173816
8 0.999974 2.6157e-05
6 0.24967 0.75033
8 0.999656 0.000344022
6 0.0407964 0.959204
6 0.0408959 0.959104
8 0.993594 0.00640598
8 0.999422 0.000577701
8 1 1e-07
6 0.0066518 0.993348
8 0.799049 0.200951
6 0.0268356 0.973164
6 0.128344 0.871656
8 1 1e-07
8 0.999745 0.000254639
8 0.999977 2.34705e-05
6 0.369981 0.630019
8 0.990214 0.00978555
8 0.999988 1.16126e-05
8 0.93326 0.06674
8 0.526804 0.473196
8 0.788472 0.211528
6 0.0236234 0.976377
8 0.999996 4.06592e-06
8 0.98521 0.0147902
8 0.987412 0.0125885
6 0.000421228 0.999579
8 0.99942 0.00057985
8 0.995363 0.00463727
8 0.983984 0.0160164
8 0.997383 0.00261716
8 0.998861 0.00113864
8 0.797992 0.202008
6 0.0227762 0.977224
8 0.992374 0.00762648
6 0.000121188 0.999879
6 0.142964 0.857036
8 0.998179 0.00182062
8 1 1e-07
8 0.99296 0.00703961
8 0.999755 0.000244664
8 0.99989 0.000110166
6 0.113535 0.886465
8 0.649266 0.350734
8 0.998782 0.0012175
6 0.0265798 0.97342
8 0.963084 0.0369158
6 0.0416991 0.958301
6 0.163985 0.836015
8 0.999973 2.69418e-05
6 0.247609 0.752391
8 0.881428 0.118572
6 0.0171694 0.982831
8 1 1e-07
6 0.0128323 0.987168
8 1 1e-07
8 0.942702 0.0572979
8 0.974301 0.0256989
8 0.999987 1.33681e-05
8 0.697315 0.302685
6 0.00132746 0.998673
8 0.715698 0.284302
8 0.995965 0.00403506
6 0.246518 0.753482
6 0.030366 0.969634
6 0.142002 0.857998
8 0.988734 0.0112657
6 0.000625743 0.999374
6 0.380655 0.619345
8 0.997449 0.00255059
8 0.778778 0.221222
6 0.174294 0.825706
8 0.999845 0.000154943
6 0.310012 0.689988
6 0.182183 0.817817
8 0.999456 0.00054355
6 0.130113 0.869887
8 1 1e-07
8 0.641984 0.358016
8 0.523513 0.476487
8 1 4.69148e-07
8 0.999999 6.75736e-07
8 0.973622 0.0263777
8 0.989769 0.0102308
8 0.92603 0.0739703
8 0.98397 0.0160302
6 0.00114877 0.998851
6 0.00299676 0.997003
6 0.00517491 0.994825
8 0.897828 0.102172
6 0.0880096 0.91199
8 0.999998 1.54663e-06
6 0.00561061 0.994389
8 0.74325 0.25675
8 0.760295 0.239705
8 0.997472 0.00252805
6 0.00170939 0.998291
6 0.0231056 0.976894
8 0.713085 0.286915
8 0.980201 0.0197993
6 0.287686 0.712314
8 0.657306 0.342694
6 0.0007648 0.999235
6 0.0199384 0.980062
6 0.444129 0.555871
6 0.00275824 0.997242
6 0.00180094 0.998199
8 0.995983 0.00401664
8 0.96877 0.0312304
8 0.997775 0.00222462
8 0.999986 1.36195e-05
8 0.988756 0.0112435
6 0.148945 0.851055
6 0.124417 0.875583
8 1 1e-07
8 0.999143 0.000856688
8 0.999788 0.000212059
8 0.707504 0.292496
8 0.999955 4.50946e-05
8 0.991661 0.00833856
8 1 1e-07
8 0.766677 0.233323
8 0.968399 0.0316011
6 0.127972 0.872028
8 0.998278 0.00172202
8 0.999997 3.15992e-06
6 0.0473821 0.952618
6 0.00963165 0.990368
8 0.999992 8.17431e-06
8 0.980058 0.0199421
6 0.0264776 0.973522
6 0.0640748 0.935925
8 0.999973 2.6757e-05
8 0.999991 8.9216e-06
6 0.22009 0.77991
6 0.0243616 0.975638
6 0.000544261 0.999456
8 0.999996 4.36803e-06
8 0.999999 8.91301e-07
8 0.800224 0.199776
6 0.361925 0.638075
6 0.00214531 0.997855
8 0.999999 5.15701e-07
6 0.00421065 0.995789
8 0.982027 0.0179727
6 0.00699478 0.993005
6 0.0094923 0.990508
6 0.0768866 0.923113
6 0.0934574 0.906543
8 0.801229 0.198771
6 0.494476 0.505524
8 1 1e-07
6 0.00317576 0.996824
8 0.948531 0.0514692
8 0.997045 0.00295525
8 0.969054 0.0309463
6 0.11397 0.88603
8 0.789781 0.210219
6 0.0918117 0.908188
8 1 1e-07
8 0.955998 0.044002
8 0.999984 1.59677e-05
6 0.0185467 0.981453
8 0.999999 1.06348e-06
8 0.973529 0.0264707
8 0.99888 0.00111969
8 0.899356 0.100644
6 0.00778008 0.99222
8 0.978708 0.0212915
8 0.997623 0.0023772
8 1 1e-07
6 0.0123521 0.987648
8 0.999975 2.48301e-05
6 0.431734 0.568266
8 0.999054 0.000945508
8 0.984024 0.0159759
8 0.987757 0.0122426
8 0.999988 1.21521e-05
8 0.999773 0.000226536
8 0.881198 0.118802
6 0.488064 0.511936
8 0.998565 0.00143532
8 0.968808 0.0311923
6 0.0263662 0.973634
8 1 1.32428e-07
6 0.00467745 0.995323
8 0.997932 0.00206769
8 0.997719 0.00228083
8 0.995755 0.00424522
8 1 1e-07
8 0.99971 0.000289689
8 0.999999 5.20857e-07
6 0.0185875 0.981413
8 0.94417 0.0558299
6 0.0459338 0.954066
8 0.999616 0.000384487
6 0.27066 0.72934
6 0.00071092 0.999289
6 0.00551091 0.994489
8 0.912733 0.0872671
8 0.999916 8.44262e-05
8 0.927447 0.0725527
8 0.532615 0.467385
6 0.251848 0.748152
8 1 1e-07
6 0.000424546 0.999575
6 0.160212 0.839788
8 0.999683 0.000316775
8 0.957145 0.0428546
6 0.254094 0.745906
8 0.991468 0.0085323
6 0.151415 0.848585
6 0.0144199 0.98558
6 0.388846 0.611154
6 0.310161 0.689839
8 0.996379 0.00362069
6 0.41075 0.58925
8 0.999999 5.10843e-07
6 0.00127181 0.998728
8 0.999999 1.268e-06
8 0.817132 0.182868
8 0.761582 0.238418
6 0.00350685 0.996493
8 0.999999 7.0673e-07
6 0.102282 0.897718
6 0.000454907 0.999545
6 0.0907949 0.909205
8 0.99984 0.000160485
8 0.99297 0.00702952
8 0.889671 0.110329
6 0.413161 0.586839
8 0.999891 0.000109364
8 1 1e-07
8 0.999985 1.51597e-05
8 0.981014 0.0189856
8 0.996351 0.00364881
6 0.218536 0.781464
8 0.999997 2.64896e-06
6 0.30665 0.69335
8 0.999548 0.000451633
6 0.0423932 0.957607
6 0.0397259 0.960274
8 0.999827 0.000173421
6 0.00282954 0.99717
6 0.328088 0.671912
8 0.932023 0.0679768
8 0.9999 0.000100412
6 0.00180014 0.9982
6 0.250182 0.749818
8 0.808875 0.191125
6 0.103441 0.896559
8 0.736178 0.263822
8 0.999988 1.20459e-05
8 0.999995 4.84639e-06
8 0.997224 0.00277593
8 1 1e-07
8 0.986904 0.0130959
8 0.998695 0.00130474
6 0.00187317 0.998127
6 0.00911763 0.990882
8 0.999997 2.71591e-06
6 0.00221549 0.997785
8 0.997 0.00300039
6 0.00220456 0.997795
6 0.44914 0.55086
8 0.997971 0.00202923
8 0.999997 2.81065e-06
8 0.999999 1.3416e-06
8 0.999995 5.04777e-06
6 0.169208 0.830792
8 0.999997 2.7309e-06
8 1 1e-07
6 0.0100444 0.989956
6 0.220365 0.779635
6 0.330108 0.669892
6 0.0587698 0.94123
6 0.00239311 0.997607
8 0.973951 0.0260491
8 0.9936 0.00639992
8 0.997296 0.00270378
6 0.0122828 0.987717
6 0.238919 0.761081
8 0.771942 0.228058
8 0.972272 0.0277276
6 0.131189 0.868811
6 0.187259 0.812741
6 0.210499 0.789501
8 0.97847 0.0215298
6 0.0039091 0.996091
8 0.620059 0.379941
8 0.999174 0.000825975
6 0.237549 0.762451
8 0.686222 0.313778
6 0.135933 0.864067
6 0.000158862 0.999841
8 0.986449 0.0135512
8 0.976515 0.0234854
8 0.826693 0.173307
6 0.132421 0.867579
8 1 1e-07
8 0.99998 2.0343e-05
6 0.00224928 0.997751
8 0.999992 7.77699e-06
6 0.00194974 0.99805
6 0.00277424 0.997226
8 0.948451 0.0515492
8 0.563907 0.436093
8 0.999998 2.18108e-06
6 0.0479942 0.952006
8 0.999995 5.45635e-06
8 0.898081 0.101919
8 0.999963 3.6908e-05
6 0.141768 0.858232
8 0.978867 0.0211327
6 0.0379819 0.962018
6 0.0541096 0.94589
6 0.00623593 0.993764
6 0.172262 0.827738
6 0.000890579 0.999109
8 0.999859 0.000140764
6 0.451041 0.548959
6 0.00201505 0.997985
6 0.00790434 0.992096
8 0.999979 2.10162e-05
6 0.263438 0.736562
8 0.999759 0.000241121
8 0.832862 0.167138
8 0.999929 7.11146e-05
6 0.000632781 0.999367
6 0.189707 0.810293
8 0.990674 0.00932618
6 0.0033083 0.996692
8 1 1e-07
8 0.989464 0.0105359
8 0.985843 0.014157
6 0.0216611 0.978339
6 0.24897 0.75103
8 0.898482 0.101518
8 0.997027 0.00297317
6 0.165495 0.834505
6 0.00915169 0.990848
6 0.00629744 0.993703
8 0.999998 1.81708e-06
8 0.559936 0.440064
8 0.578516 0.421484
8 0.54655 0.45345
6 0.128534 0.871466
8 0.999906 9.36078e-05
8 0.99677 0.00323028
6 0.323235 0.676765
8 0.923345 0.0766553
8 0.997747 0.00225263
8 0.987159 0.0128414
6 0.0970082 0.902992
6 0.00453809 0.995462
8 0.535794 0.464206
8 0.872352 0.127648
6 0.00909583 0.990904
8 0.965905 0.0340949
8 0.999968 3.1921e-05
6 0.11211 0.88789
8 0.99934 0.000660326
8 0.681004 0.318996
8 0.999999 8.25384e-07
8 0.759624 0.240376
6 0.204947 0.795053
8 0.995272 0.0047275
6 0.00730445 0.992696
8 0.996891 0.00310874
6 0.438395 0.561605
8 0.903702 0.0962982
8 0.976613 0.023387
6 0.0004368 0.999563
6 0.145801 0.854199
8 0.999561 0.000438683
6 0.0547452 0.945255
8 0.993317 0.00668281
6 0.185397 0.814603
8 0.983071 0.0169287
8 0.992961 0.00703902
6 0.0117715 0.988229
8 0.989554 0.0104465
8 0.987308 0.0126921
6 0.445518 0.554482
8 0.993339 0.00666149
8 0.971768 0.0282319
8 0.942079 0.0579208
6 0.00767102 0.992329
6 0.243147 0.756853
8 0.980007 0.0199932
6 0.000367779 0.999632
8 0.92352 0.0764799
8 0.947694 0.0523061
6 0.000273035 0.999727
8 0.995276 0.00472444
6 0.0240821 0.975918
8 0.998487 0.00151268
6 0.138895 0.861105
6 0.00035776 0.999642
8 0.99198 0.00801969
8 0.894752 0.105248
8 1 1e-07
8 0.916195 0.0838054
6 0.197316 0.802684
6 0.00244598 0.997554
8 0.786923 0.213077
8 0.821763 0.178237
8 0.999997 2.99571e-06
6 0.0002431 0.999757
8 0.99988 0.000120071
8 0.914642 0.0853585
8 0.999976 2.38022e-05
8 0.998728 0.00127173
8 0.953565 0.0464354
8 0.98236 0.0176403
6 0.223534 0.776466
8 0.999998 1.69059e-06
8 0.917553 0.0824468
8 0.991708 0.0082925
8 0.999337 0.000662622
8 0.78945 0.21055
8 0.794579 0.205421
6 0.268037 0.731963
8 1 4.01332e-07
8 0.98573 0.0142697
8 1 1e-07
6 0.388184 0.611816
8 0.996854 0.00314585
6 0.365874 0.634126
8 0.992522 0.00747819
8 0.619968 0.380032
8 0.796694 0.203306
8 0.508443 0.491557
8 0.998359 0.00164097
6 0.00643347 0.993567
6 0.0355822 0.964418
8 0.934951 0.0650488
8 0.999207 0.000793255
8 0.853932 0.146068
6 0.484233 0.515767
8 0.997713 0.0022867
8 0.99311 0.00688985
6 0.328007 0.671993
6 0.0542363 0.945764
6 0.169849 0.830151
6 0.180418 0.819582
8 1 1e-07
6 0.00186077 0.998139
8 0.981825 0.018175
8 1 1e-07
6 0.00390156 0.996098
8 0.984822 0.0151777
6 0.00550969 0.99449
6 0.248023 0.751977
8 0.995574 0.00442576
6 0.00700018 0.993
8 0.999904 9.62408e-05
6 0.073634 0.926366
8 0.998667 0.00133301
8 0.892199 0.107801
8 1 1e-07
8 0.967489 0.0325113
6 0.026576 0.973424
8 0.983171 0.0168292
6 0.166694 0.833306
8 0.580264 0.419736
6 0.0939666 0.906033
8 0.507466 0.492534
8 0.999926 7.36076e-05
8 0.64029 0.35971
6 0.292463 0.707537
8 0.999938 6.1728e-05
8 0.99829 0.0017103
6 0.321441 0.678559
8 0.997557 0.00244284
8 0.999615 0.000385223
8 0.999991 8.63014e-06
8 0.990217 0.00978295
8 0.996769 0.00323082
8 0.709094 0.290906
8 0.533796 0.466204
8 0.999804 0.000195608
6 0.00297084 0.997029
8 0.815903 0.184097
6 0.00258229 0.997418
8 0.621602 0.378398
8 1 1e-07
6 0.0230556 0.976944
6 0.32156 0.67844
6 0.307954 0.692046
6 0.00276264 0.997237
6 0.265429 0.734571
8 0.942878 0.0571223
8 0.995292 0.00470806
8 0.994035 0.00596529
8 0.947775 0.0522254
6 0.007986 0.992014
8 0.994329 0.00567133
6 0.0117169 0.988283
6 0.307569 0.692431
8 0.999593 0.000407096
6 0.055146 0.944854
6 0.480456 0.519544
8 0.999973 2.7348e-05
6 0.0846904 0.91531
8 0.996708 0.00329152
8 0.999071 0.000928995
8 0.92886 0.0711399
6 0.380258 0.619742
8 1 1e-07
8 0.999936 6.38544e-05
8 0.944964 0.0550359
8 0.999992 8.03267e-06
8 0.63232 0.36768
6 0.000360559 0.999639
8 0.999959 4.13716e-05
8 0.594815 0.405185
6 0.131412 0.868588
8 0.990818 0.00918203
6 0.479283 0.520717
6 0.0368065 0.963193
8 0.999999 7.80285e-07
8 0.984911 0.0150892
8 0.996041 0.00395873
8 0.964483 0.0355174
8 0.999988 1.16449e-05
6 0.00195553 0.998044
8 0.802395 0.197605
6 0.0492491 0.950751
6 0.00183721 0.998163
8 0.950859 0.0491409
6 0.456226 0.543774
6 0.00491241 0.995088
8 1 3.76462e-07
6 0.148376 0.851624
8 0.952333 0.0476668
8 0.999235 0.000764665
8 0.803095 0.196905
8 0.987321 0.0126787
6 0.212621 0.787379
8 0.983786 0.0162135
8 0.893988 0.106012
8 0.996716 0.00328372
6 0.0134159 0.986584
8 0.998164 0.00183646
6 0.00720041 0.9928
6 0.167716 0.832284
8 0.985352 0.0146485
8 0.615644 0.384356
8 0.989799 0.0102005
8 0.956656 0.0433439
8 0.994223 0.00577734
8 0.876281 0.123719
8 0.602011 0.397989
6 0.190264 0.809736
6 0.438255 0.561745
8 0.676387 0.323613
8 0.999791 0.000209433
8 0.999865 0.000135453
8 0.999935 6.54623e-05
8 0.98957 0.0104301
8 0.923772 0.0762276
6 0.14415 0.85585
6 0.0104887 0.989511
8 0.999897 0.000102672
8 0.966379 0.0336213
8 0.992729 0.00727105
8 0.999998 2.47749e-06
8 0.993433 0.00656684
6 0.209733 0.790267
8 0.995676 0.00432366
8 0.999995 5.17782e-06
6 0.000639645 0.99936
6 0.215332 0.784668
6 0.110918 0.889082
8 0.632696 0.367304
6 0.0831438 0.916856
8 0.731464 0.268536
6 0.147573 0.852427
8 1 1.42712e-07
8 0.999996 4.36132e-06
8 0.999214 0.000785542
6 0.0122324 0.987768
6 0.0026813 0.997319
8 0.981444 0.0185558
6 0.0185745 0.981426
8 0.975217 0.0247835
8 0.999999 7.60778e-07
8 0.966364 0.0336362
6 0.0232722 0.976728
6 0.00711039 0.99289
8 0.998387 0.00161345
8 0.995288 0.004712
6 0.161752 0.838248
6 0.00283774 0.997162
8 0.970709 0.0292908
8 0.992034 0.00796551
6 0.127027 0.872973
8 0.685351 0.314649
8 0.949621 0.0503789
8 0.92731 0.0726896
8 0.998529 0.00147111
6 0.47239 0.52761
8 0.999952 4.84642e-05
6 0.00177152 0.998228
8 1 1e-07
8 0.508824 0.491176
6 0.0742006 0.925799
8 0.980507 0.0194935
8 0.999996 3.70988e-06
8 0.992893 0.00710729
8 0.999998 1.87171e-06
6 0.00476245 0.995238
8 0.596416 0.403584
8 0.999998 2.49632e-06
6 0.00133742 0.998663
8 0.984902 0.0150985
6 0.0253023 0.974698
8 0.999966 3.40923e-05
6 0.275299 0.724701
8 0.998747 0.00125266
8 0.560871 0.439129
8 0.950947 0.0490534
8 0.99575 0.00425007
8 0.999983 1.71789e-05
8 0.800296 0.199704
8 0.999787 0.000213263
6 0.331023 0.668977
6 0.464415 0.535585
8 0.946358 0.0536422
6 0.143099 0.856901
8 0.999999 1.1415e-06
6 0.213997 0.786003
8 0.700851 0.299149
8 0.967405 0.0325953
8 0.96057 0.0394302
6 0.00534259 0.994657
8 0.984264 0.0157362
8 0.548669 0.451331
6 0.00567669 0.994323
8 0.976918 0.023082
6 0.00191776 0.998082
6 0.156913 0.843087
8 0.995716 0.00428368
8 0.999894 0.000105509
8 0.995762 0.00423803
8 0.955537 0.0444633
8 0.860238 0.139762
6 0.0724985 0.927502
8 0.760836 0.239164
6 0.199609 0.800391
8 0.589548 0.410452
6 0.00865042 0.99135
8 0.948771 0.0512295
6 0.284711 0.715289
8 0.99673 0.00326953
6 0.0960322 0.903968
8 0.997866 0.00213383
8 0.99637 0.00363005
8 0.500492 0.499508
6 0.188431 0.811569
8 0.649111 0.350889
8 0.988996 0.0110041
8 0.546132 0.453868
8 0.999999 7.81692e-07
8 0.999053 0.000946788
8 0.533761 0.466239
6 0.00157072 0.998429
8 0.981161 0.0188391
6 0.00373657 0.996263
8 0.999995 5.37303e-06
6 0.377333 0.622667
8 0.99112 0.00888037
8 0.69473 0.30527
6 0.00112605 0.998874
6 0.00163536 0.998365
6 0.386522 0.613478
8 0.999559 0.000440941
8 0.529545 0.470455
6 0.00239402 0.997606
8 0.989956 0.010044
8 0.963581 0.0364192
6 0.0103188 0.989681
6 0.0536803 0.94632
8 0.806042 0.193958
6 0.0333016 0.966698
6 0.00865145 0.991349
8 0.952228 0.047772
6 0.19818 0.80182
8 0.96445 0.0355503
6 0.31125 0.68875
6 0.0726177 0.927382
8 1 1.52158e-07
8 0.962681 0.0373195
6 0.0844199 0.91558
8 0.99997 3.0331e-05
8 0.999908 9.1514e-05
8 0.999979 2.10783e-05
8 0.911102 0.0888977
8 0.97987 0.0201302
6 0.178419 0.821581
8 0.999348 0.000651728
8 0.99408 0.00592017
6 0.000256767 0.999743
8 0.999469 0.000531228
8 0.978833 0.021167
6 0.00748231 0.992518
8 0.973067 0.0269329
8 1 1e-07
6 0.00135056 0.998649
6 0.207403 0.792597
8 1 1e-07
8 0.999857 0.000143244
8 1 2.08232e-07
6 0.000604335 0.999396
6 0.115231 0.884769
8 0.536077 0.463923
6 0.225579 0.774421
6 0.00427475 0.995725
6 0.27318 0.72682
8 0.999174 0.000825697
6 0.0100611 0.989939
6 0.00205056 0.997949
8 0.992074 0.0079265
6 0.0148199 0.98518
6 0.00130537 0.998695
6 0.00525278 0.994747
6 0.000708313 0.999292
6 0.00186704 0.998133
6 0.211494 0.788506
8 1 1e-07
6 0.186464 0.813536
6 0.107286 0.892714
8 0.845624 0.154376
8 0.976154 0.0238465
8 0.99943 0.000570352
8 0.977052 0.0229475
8 1 4.5271e-07
6 0.00213345 0.997867
8 0.550876 0.449124
6 0.399162 0.600838
8 1 1.11759e-07
8 0.99999 1.03118e-05
6 0.135311 0.864689
6 0.000538666 0.999461
6 0.229253 0.770747
8 0.999982 1.7524e-05
8 0.883199 0.116801
6 0.0685224 0.931478
8 0.999867 0.000132658
8 0.926144 0.0738561
6 0.0130774 0.986923
6 0.194395 0.805605
8 0.999667 0.000333184
6 0.496995 0.503005
6 0.272111 0.727889
8 0.547689 0.452311
6 0.0535098 0.94649
6 0.0123663 0.987634
6 0.000372746 0.999627
8 0.963764 0.0362364
8 0.97591 0.0240898
8 1 1e-07
8 0.687126 0.312874
8 0.999923 7.67599e-05
8 0.999967 3.29182e-05
6 0.110391 0.889609
6 0.00129028 0.99871
6 0.0108523 0.989148
8 0.778164 0.221836
8 0.782069 0.217931
6 0.00686795 0.993132
6 0.000549388 0.999451
8 0.944444 0.0555558
8 0.904412 0.0955881
6 0.385979 0.614021
6 0.00255815 0.997442
8 0.967117 0.0328827
8 0.918716 0.0812839
6 0.0285349 0.971465
8 0.999992 7.58251e-06
8 0.914875 0.0851251
6 0.00227937 0.997721
8 0.998362 0.00163831
8 0.608905 0.391095
8 0.9949 0.00510024
6 0.271755 0.728245
8 1 1e-07
8 0.966631 0.0333689
6 0.483109 0.516891
6 0.00134864 0.998651
6 0.00398134 0.996019
8 0.999764 0.000235993
8 0.609641 0.390359
8 0.997835 0.0021649
8 0.999994 6.15985e-06
6 0.0113645 0.988636
6 0.00694486 0.993055
8 0.896772 0.103228
6 0.0621091 0.937891
8 0.990984 0.00901597
8 0.999992 7.80291e-06
6 0.209222 0.790778
6 0.354154 0.645846
8 0.999961 3.90632e-05
8 0.990021 0.00997862
6 0.439934 0.560066
8 1 1.54768e-07
6 0.163985 0.836015
6 0.496164 0.503836
8 0.98095 0.0190501
8 1 1.3822e-07
6 0.224535 0.775465
8 1 1.15817e-07
8 0.559152 0.440848
8 1 1e-07
8 0.728501 0.271499
8 0.999293 0.000706605
8 0.857091 0.142909
6 0.307412 0.692588
8 0.988669 0.0113313
8 0.986177 0.0138234
8 0.996549 0.00345108
6 0.0226798 0.97732
8 0.997834 0.00216593
8 0.914769 0.0852311
8 0.999996 3.59721e-06
8 0.997002 0.00299846
8 0.999974 2.64149e-05
6 0.0173973 0.982603
8 0.714641 0.285359
6 0.050063 0.949937
6 0.0029904 0.99701
8 0.99335 0.00665043
8 0.93993 0.0600696
8 0.984434 0.0155659
8 0.727388 0.272612
8 0.639453 0.360547
8 0.993303 0.00669655
6 0.000712464 0.999288
6 0.427888 0.572112
8 0.603745 0.396255
6 0.142091 0.857909
6 0.156198 0.843802
6 0.277122 0.722878
6 0.000547918 0.999452
6 0.315299 0.684701
6 0.0292722 0.970728
8 0.735646 0.264354
8 1 1e-07
6 0.0864131 0.913587
6 0.0103955 0.989604
8 0.999302 0.000697996
8 0.984531 0.0154686
8 1 1e-07
8 0.990868 0.00913201
8 0.990802 0.00919784
8 0.999961 3.86852e-05
6 0.17691 0.82309
8 0.998896 0.0011043
6 0.00403346 0.995967
6 0.0401599 0.95984
6 0.030976 0.969024
6 0.0886994 0.911301
8 0.873727 0.126273
8 0.999954 4.62621e-05
8 0.998646 0.00135355
8 0.766205 0.233795
8 0.999724 0.00027644
8 0.99928 0.000719528
6 0.470387 0.529613
8 0.764117 0.235883
8 0.974796 0.0252037
6 0.149147 0.850853
8 0.99997 3.01498e-05
8 1 1e-07
8 1 2.73594e-07
6 0.0582355 0.941765
6 0.439982 0.560018
8 0.866937 0.133063
8 0.999999 1.02617e-06
8 1 1.83224e-07
8 0.990466 0.00953374
6 0.406705 0.593295
6 0.0569517 0.943048
6 0.0214438 0.978556
8 0.99291 0.00708955
6 0.0111473 0.988853
8 0.957547 0.042453
6 0.0654917 0.934508
6 0.411665 0.588335
8 0.999956 4.39927e-05
8 0.925715 0.074285
8 0.999976 2.37962e-05
8 1 1e-07
8 0.999922 7.75729e-05
8 0.535687 0.464313
6 0.00198174 0.998018
8 0.997392 0.00260844
6 0.00226852 0.997731
8 0.999272 0.000728363
6 0.376274 0.623726
8 0.709148 0.290852
8 0.979167 0.0208329
6 0.00663002 0.99337
6 0.00211731 0.997883
6 0.0317611 0.968239
8 0.996027 0.0039727
6 0.00520806 0.994792
8 0.843209 0.156791
6 0.490112 0.509888
8 0.985375 0.014625
8 0.996174 0.00382556
8 0.999932 6.837e-05
6 0.00290352 0.997096
8 0.995982 0.00401824
6 0.11911 0.88089
6 0.281667 0.718333
8 0.999879 0.000120853
6 0.0597929 0.940207
6 0.201451 0.798549
8 0.825313 0.174687
6 0.040855 0.959145
6 0.402242 0.597758
8 0.997482 0.00251822
8 0.999998 1.7266e-06
8 0.997343 0.00265714
6 0.000600607 0.999399
8 0.569246 0.430754
8 0.948169 0.0518308
6 0.0768086 0.923191
6 0.166054 0.833946
6 0.0300759 0.969924
6 0.00389502 0.996105
8 1 1e-07
8 0.85973 0.14027
6 0.0152947 0.984705
6 0.0245273 0.975473
6 0.170568 0.829432
8 0.96741 0.0325898
8 0.925562 0.0744376
6 0.00191448 0.998086
8 0.535825 0.464175
6 0.0043182 0.995682
8 0.984291 0.0157089
6 0.0958615 0.904138
8 0.99998 1.9562e-05
8 0.999998 1.89401e-06
8 0.997296 0.00270385
8 1 1.40373e-07
8 0.964204 0.035796
8 0.999999 5.47992e-07
8 1 1e-07
6 0.464395 0.535605
8 0.99963 0.000369656
8 0.999982 1.81567e-05
6 0.0336413 0.966359
6 0.0164121 0.983588
8 0.99999 1.04085e-05
8 0.709421 0.290579
8 0.999584 0.000415602
8 0.985941 0.0140592
6 0.0107804 0.98922
8 0.505587 0.494413
8 0.730288 0.269712
8 0.952768 0.0472321
8 0.988102 0.0118976
8 0.99668 0.00331976
8 0.631908 0.368092
8 0.978879 0.0211209
6 0.00911521 0.990885
6 0.000736443 0.999264
8 0.808876 0.191124
8 0.999999 1.38466e-06
6 0.393432 0.606568
8 0.999995 5.2842e-06
6 0.00340062 0.996599
6 0.15136 0.84864
8 0.999996 4.02148e-06
8 0.999943 5.72188e-05
6 0.0135394 0.986461
6 0.000657686 0.999342
6 0.0655836 0.934416
8 0.999838 0.000162391
8 0.530363 0.469637
6 0.000889687 0.99911
8 0.930905 0.0690947
8 0.999453 0.000547054
6 0.00384315 0.996157
6 0.128414 0.871586
8 0.553776 0.446224
8 0.999999 7.38584e-07
6 0.00306488 0.996935
8 0.941422 0.0585779
8 0.999747 0.000252913
6 0.0661183 0.933882
8 0.98699 0.0130096
8 0.998592 0.00140768
6 0.111074 0.888926
6 0.0102255 0.989775
6 0.00521457 0.994785
8 0.988329 0.0116714
8 0.527854 0.472146
8 0.921511 0.0784895
8 0.929169 0.0708306
6 0.00753056 0.992469
6 0.00265636 0.997344
8 0.696222 0.303778
8 0.999999 1.18704e-06
6 0.0032622 0.996738
8 0.999888 0.000111863
8 0.63988 0.36012
8 0.730344 0.269656
8 0.999998 2.1183e-06
8 0.999998 2.38756e-06
8 0.991752 0.00824814
6 0.00846032 0.99154
8 0.985033 0.0149671
8 0.999422 0.000578431
6 0.0483127 0.951687
6 0.00374994 0.99625
8 0.999999 1.2458e-06
8 1 1.29854e-07
8 0.996317 0.00368347
6 0.368998 0.631002
8 0.999971 2.94152e-05
6 0.120532 0.879468
6 0.00874854 0.991251
6 0.19247 0.80753
6 0.4839 0.5161
8 0.886502 0.113498
8 0.999993 7.33911e-06
6 0.00936186 0.990638
8 0.686112 0.313888
6 0.0855042 0.914496
8 0.998719 0.00128051
6 0.00259882 0.997401
6 0.0303626 0.969637
6 0.0671372 0.932863
6 0.0106236 0.989376
8 0.970934 0.0290662
6 0.454869 0.545131
8 0.959475 0.0405246
8 0.999809 0.000191286
8 0.996512 0.00348777
8 1 1e-07
6 0.0220404 0.97796
8 0.973233 0.0267666
6 0.00765386 0.992346
6 0.243807 0.756193
6 0.000975039 0.999025
8 0.853963 0.146037
8 0.826146 0.173854
8 0.990564 0.00943557
8 0.895805 0.104195
8 0.960538 0.0394615
8 0.999994 5.58382e-06
8 0.868337 0.131663
8 0.998867 0.00113252
6 0.475742 0.524258
8 0.999999 5.98475e-07
8 0.999324 0.000675788
8 0.987799 0.0122008
8 0.987678 0.0123218
6 0.17007 0.82993
6 0.00794496 0.992055
8 0.952419 0.047581
8 0.785497 0.214503
8 0.772596 0.227404
8 0.522235 0.477765
8 0.683485 0.316515
8 0.999253 0.000747022
6 0.00719176 0.992808
6 0.0159766 0.984023
6 0.268817 0.731183
6 0.0399576 0.960042
6 0.184723 0.815277
6 0.0624141 0.937586
8 1 1e-07
6 0.00330065 0.996699
8 0.993575 0.00642549
8 0.801789 0.198211
8 0.996303 0.00369713
8 1 1e-07
8 0.998979 0.00102059
6 0.000174825 0.999825
6 0.047631 0.952369
6 0.00128982 0.99871
8 1 1e-07
8 0.975349 0.0246506
6 0.00436244 0.995638
8 0.959173 0.0408275
6 0.000904095 0.999096
8 0.954725 0.0452754
6 0.00347741 0.996523
8 0.991562 0.00843827
8 1 1e-07
6 0.00146131 0.998539
6 0.400496 0.599504
8 0.776827 0.223173
6 0.00608474 0.993915
6 0.00422332 0.995777
8 0.991521 0.00847875
6 0.0082188 0.991781
8 0.981225 0.0187753
8 0.999999 5.91212e-07
6 0.00173341 0.998267
8 0.987521 0.0124793
6 0.123003 0.876997
8 0.999918 8.23317e-05
8 1 1e-07
8 0.992484 0.00751609
8 0.98495 0.01505
8 0.544819 0.455181
6 0.19294 0.80706
8 0.999949 5.14892e-05
6 0.00646225 0.993538
8 0.999995 5.23398e-06
6 0.197715 0.802285
8 0.9977 0.0022998
8 0.91373 0.0862699
8 0.992974 0.00702592
8 1 1e-07
6 0.125009 0.874991
8 0.995255 0.00474459
6 0.0832075 0.916792
8 0.998042 0.00195798
6 0.316659 0.683341
8 0.999964 3.59935e-05
6 0.117009 0.882991
6 0.103603 0.896397
8 0.962611 0.0373894
8 0.902919 0.0970815
6 0.0278485 0.972152
8 0.999998 2.30591e-06
8 0.976554 0.0234462
6 0.0125677 0.987432
6 0.00159985 0.9984
8 1 1e-07
6 0.083525 0.916475
6 0.444332 0.555668
8 0.989488 0.0105124
8 0.999871 0.000128704
8 0.622856 0.377144
8 0.991616 0.00838414
8 0.887574 0.112426
6 0.388859 0.611141
8 0.977072 0.0229277
8 0.759146 0.240854
6 0.236989 0.763011
6 0.001334 0.998666
8 1 1e-07
6 0.00598043 0.99402
6 0.00455146 0.995449
8 0.939113 0.0608869
6 0.0027505 0.99725
8 0.994727 0.00527289
6 0.0217662 0.978234
8 0.944672 0.0553281
8 0.821129 0.178871
6 0.167593 0.832407
8 0.999247 0.000752609
6 0.0880291 0.911971
8 0.909765 0.0902348
8 0.973351 0.0266493
6 0.0119116 0.988088
6 0.0166092 0.983391
6 0.00112211 0.998878
8 0.999705 0.000294753
6 0.013614 0.986386
6 0.00560859 0.994391
8 0.998073 0.00192712
6 0.00687015 0.99313
8 0.976528 0.0234724
6 0.00648506 0.993515
8 0.996216 0.00378387
6 0.00999326 0.990007
8 0.999786 0.000214228
8 0.959413 0.0405871
8 0.97729 0.0227098
8 1 1.86915e-07
6 0.105141 0.894859
8 0.99789 0.00211027
6 0.114234 0.885766
6 0.0811093 0.918891
6 0.000958935 0.999041
8 0.998292 0.00170807
6 0.00117458 0.998825
8 0.868298 0.131702
6 0.0862813 0.913719
8 0.997394 0.00260634
6 0.339426 0.660574
8 1 1e-07
8 0.999862 0.000137932
6 0.0123585 0.987641
6 0.149938 0.850062
8 0.687927 0.312073
6 0.103919 0.896081
8 0.999985 1.50839e-05
8 0.985559 0.0144411
6 0.00225736 0.997743
8 1 1.74628e-07
6 0.0551521 0.944848
6 0.360222 0.639778
6 0.234023 0.765977
8 0.999999 9.12396e-07
6 0.000451594 0.999548
8 0.99314 0.00685992
8 0.976119 0.0238813
8 0.999999 1.48051e-06
6 0.0668712 0.933129
8 0.998035 0.00196497
6 0.398003 0.601997
6 0.0902874 0.909713
6 0.284986 0.715014
8 0.999994 5.9063e-06
8 0.99741 0.00258999
6 0.326924 0.673076
6 0.00259032 0.99741
8 0.996402 0.00359783
8 0.577965 0.422035
8 0.519733 0.480267
8 0.995147 0.00485271
6 0.430238 0.569762
6 0.428609 0.571391
8 0.999972 2.77835e-05
8 0.825583 0.174417
6 0.00188958 0.99811
8 0.999972 2.8426e-05
6 0.031059 0.968941
8 0.999996 3.63531e-06
8 1 1e-07
6 0.0106355 0.989364
8 0.999994 5.79053e-06
8 0.998111 0.00188891
8 0.686553 0.313447
8 0.980996 0.0190037
8 0.999988 1.19438e-05
8 0.933357 0.0666429
6 0.0120329 0.987967
6 0.266319 0.733681
6 0.281393 0.718607
6 0.0126301 0.98737
6 0.0130694 0.986931
8 0.549125 0.450875
8 0.998509 0.00149122
8 0.999921 7.9102e-05
8 1 1e-07
8 0.996673 0.00332659
8 0.613698 0.386302
8 0.944793 0.0552069
6 0.170838 0.829162
6 0.446379 0.553621
6 0.0723011 0.927699
6 0.00431308 0.995687
8 0.79798 0.20202
8 0.995638 0.00436188
6 0.254304 0.745696
6 0.010165 0.989835
6 0.00484117 0.995159
8 0.996824 0.0031759
8 0.909965 0.0900346
8 0.99961 0.000390034
8 0.996599 0.00340067
6 0.2958 0.7042
8 0.99797 0.0020296
8 0.787726 0.212274
8 0.935284 0.0647155
8 0.922347 0.0776529
8 0.770226 0.229774
6 0.0346654 0.965335
8 0.67079 0.32921
6 0.0700872 0.929913
6 0.00228617 0.997714
6 0.00165024 0.99835
6 0.00072942 0.999271
8 0.503379 0.496621
8 0.864038 0.135962
8 0.992299 0.00770062
8 0.549771 0.450229
8 0.938234 0.0617662
8 0.997836 0.00216442
8 0.999749 0.000251378
8 0.946748 0.0532523
8 0.983657 0.0163433
8 0.972525 0.0274751
8 0.99922 0.00078045
8 0.93049 0.0695096
8 0.868785 0.131215
6 0.00286822 0.997132
8 0.845577 0.154423
6 0.0602201 0.93978
8 0.999997 2.57512e-06
8 0.972608 0.0273917
6 0.000573596 0.999426
8 0.999848 0.000151639
8 0.588473 0.411527
8 0.988846 0.0111544
6 0.00688014 0.99312
8 0.998422 0.00157794
8 1 1e-07
8 0.999976 2.38278e-05
8 0.998667 0.00133279
6 0.242818 0.757182
8 0.966785 0.0332152
6 0.0164288 0.983571
6 0.0987637 0.901236
8 0.999955 4.45352e-05
6 0.230901 0.769099
8 0.959323 0.040677
6 0.0187067 0.981293
6 0.00139982 0.9986
8 0.998191 0.00180929
6 0.00546428 0.994536
8 0.806615 0.193385
6 0.142995 0.857005
8 0.99837 0.00162989
6 0.233312 0.766688
8 0.999817 0.000182672
6 0.0249401 0.97506
6 0.0227704 0.97723
8 1 1e-07
8 1 1e-07
8 0.576894 0.423106
8 0.997484 0.00251565
8 0.999835 0.000164897
6 0.165834 0.834166
8 0.989748 0.0102521
8 0.99813 0.00187029
6 0.00712827 0.992872
6 0.0635126 0.936487
8 0.578394 0.421606
8 0.999682 0.000318229
8 0.999461 0.000538666
6 0.266622 0.733378
8 1 3.54439e-07
6 0.0105389 0.989461
6 0.00242262 0.997577
8 1 1e-07
8 0.984222 0.0157777
8 1 1.4997e-07
8 0.999999 7.19961e-07
8 0.99999 1.01424e-05
8 0.754837 0.245163
6 0.0189397 0.98106
8 0.86987 0.13013
6 0.00149912 0.998501
8 0.632759 0.367241
6 0.00122928 0.998771
8 0.999969 3.06271e-05
8 0.570872 0.429128
8 0.999914 8.59912e-05
8 0.955017 0.044983
8 0.999485 0.000514553
6 0.491033 0.508967
8 0.812518 0.187482
8 0.996755 0.00324506
8 0.999986 1.39517e-05
6 0.000939525 0.99906
6 0.337354 0.662646
8 0.687674 0.312326
8 0.999918 8.17628e-05
8 0.794851 0.205149
6 0.000720872 0.999279
8 0.959771 0.0402294
8 0.938033 0.0619672
6 0.354458 0.645542
6 0.197372 0.802628
8 0.999187 0.000813267
8 0.999452 0.000547599
6 0.164646 0.835354
6 0.0312553 0.968745
8 0.982694 0.0173059
8 0.994652 0.00534751
8 0.71931 0.28069
8 0.783771 0.216229
8 0.991097 0.00890323
6 0.00273167 0.997268
8 0.999807 0.000192544
8 1 1e-07
6 0.00110282 0.998897
8 1 1e-07
8 0.997133 0.00286715
8 0.986096 0.0139044
6 0.161139 0.838861
8 0.999243 0.000757127
6 0.217004 0.782996
8 0.554328 0.445672
8 0.948025 0.0519753
8 0.997312 0.00268847
8 0.999616 0.000384269
8 0.994462 0.00553806
8 0.999915 8.52311e-05
8 0.961031 0.0389685
6 0.00421436 0.995786
6 0.00150926 0.998491
8 0.999998 1.87939e-06
8 1 1e-07
6 0.0130311 0.986969
6 0.0017086 0.998291
8 1 1e-07
8 0.832666 0.167334
6 0.0028541 0.997146
6 0.0117226 0.988277
8 0.994769 0.00523114
6 0.361655 0.638345
6 0.401231 0.598769
8 0.88535 0.11465
6 0.00363688 0.996363
6 0.0983222 0.901678
8 0.99994 5.96912e-05
6 0.125777 0.874223
6 0.207308 0.792692
8 1 1.27104e-07
6 0.0897905 0.91021
8 1 3.96445e-07
8 0.999995 4.98331e-06
8 0.702452 0.297548
6 0.00274299 0.997257
8 0.999069 0.000931062
8 0.990966 0.00903428
8 0.999914 8.62353e-05
8 0.897605 0.102395
8 0.974174 0.025826
6 0.0588927 0.941107
8 0.990407 0.00959307
8 1 1e-07
8 0.660823 0.339177
8 0.995763 0.00423723
8 0.998953 0.00104713
8 1 1e-07
6 0.452109 0.547891
8 0.957598 0.0424015
6 0.0172571 0.982743
6 0.0591544 0.940846
8 0.999997 2.64963e-06
8 0.588587 0.411413
6 0.146919 0.853081
6 0.390759 0.609241
6 0.445539 0.554461
8 0.943892 0.0561076
6 0.00208284 0.997917
8 0.970142 0.0298585
8 1 1e-07
6 0.252054 0.747946
8 0.999627 0.000373297
8 0.989053 0.0109475
8 0.98926 0.0107396
6 0.00087198 0.999128
8 0.997215 0.00278455
8 0.955483 0.044517
8 0.995457 0.00454308
8 0.991079 0.00892149
8 0.99994 5.96807e-05
6 0.0260759 0.973924
6 0.0847853 0.915215
8 0.999497 0.000503033
8 1 1.86046e-07
8 0.638028 0.361972
8 0.955135 0.0448647
8 0.9166 0.0834001
6 0.0477341 0.952266
6 0.000408017 0.999592
8 0.623231 0.376769
6 0.0041059 0.995894
8 0.958516 0.0414839
6 0.306827 0.693173
6 0.00693874 0.993061
8 0.976371 0.0236289
6 0.12806 0.87194
6 0.0773834 0.922617
6 0.0139824 0.986018
6 0.352731 0.647269
6 0.0445363 0.955464
8 0.999182 0.000818061
6 0.0225858 0.977414
6 0.233576 0.766424
6 0.0321407 0.967859
6 0.052224 0.947776
8 0.969169 0.0308314
6 0.0192864 0.980714
6 0.383699 0.616301
8 1 1e-07
8 0.999977 2.2872e-05
6 0.0014071 0.998593
8 0.999955 4.45341e-05
6 0.0692783 0.930722
8 0.988473 0.0115273
6 0.20383 0.79617
6 0.107575 0.892425
6 0.00708054 0.992919
8 0.998842 0.00115791
8 0.928368 0.0716319
6 0.180105 0.819895
8 0.736146 0.263854
8 0.940951 0.0590487
6 0.00697174 0.993028
8 0.996121 0.00387914
6 0.0215232 0.978477
8 0.992837 0.00716294
8 0.947085 0.0529155
6 0.00922228 0.990778
8 0.703084 0.296916
8 0.690348 0.309652
8 0.989106 0.0108942
6 0.175434 0.824566
8 1 1e-07
8 0.952552 0.0474478
8 0.937298 0.0627016
8 0.953307 0.0466932
8 0.685235 0.314765
6 0.124937 0.875063
6 0.006223 0.993777
8 0.999955 4.51404e-05
6 0.254159 0.745841
8 0.961726 0.0382744
6 0.292024 0.707976
6 0.000857505 0.999142
8 0.973464 0.0265357
6 0.1209 0.8791
8 0.999967 3.27869e-05
8 0.881684 0.118316
8 0.999989 1.11492e-05
8 0.999999 1.11834e-06
8 0.979142 0.0208578
6 0.0042447 0.995755
6 0.0412535 0.958747
8 0.99487 0.00512959
8 0.999734 0.000265936
8 0.999979 2.11993e-05
6 0.142837 0.857163
8 0.919012 0.0809878
6 0.0065802 0.99342
8 0.970503 0.0294969
8 0.984245 0.0157547
8 0.674071 0.325929
8 0.930613 0.0693872
6 0.00847032 0.99153
6 0.00719751 0.992802
6 0.385154 0.614846
8 0.999999 1.49308e-06
6 0.238194 0.761806
8 0.517911 0.482089
8 0.985708 0.0142922
8 0.999973 2.72255e-05
8 0.999999 1.37852e-06
8 0.970167 0.0298331
6 0.292454 0.707546
8 0.997144 0.0028561
8 0.990854 0.00914576
6 0.0521907 0.947809
6 0.134632 0.865368
6 0.274106 0.725894
8 0.98099 0.0190096
8 0.999257 0.000742679
6 0.0729914 0.927009
8 0.984379 0.0156205
8 0.999376 0.000623927
8 0.834839 0.165161
8 0.999966 3.40778e-05
6 0.0141586 0.985841
6 0.00336079 0.996639
8 0.939926 0.0600737
6 0.00311907 0.996881
8 0.939945 0.0600554
8 0.999864 0.000136099
8 0.822602 0.177398
8 0.837374 0.162626
8 0.541438 0.458562
6 0.00333559 0.996664
6 0.141527 0.858473
8 0.920434 0.0795662
8 0.535504 0.464496
8 0.513979 0.486021
8 0.996899 0.00310113
8 0.785125 0.214875
6 0.0111468 0.988853
6 0.450337 0.549663
8 0.853187 0.146813
8 0.994457 0.00554318
6 0.00880402 0.991196
6 0.0079905 0.992009
6 0.0103082 0.989692
6 0.0566771 0.943323
8 0.993513 0.00648703
8 0.907833 0.0921671
6 0.0014192 0.998581
8 0.999976 2.37615e-05
6 0.0124966 0.987503
8 0.926564 0.073436
6 0.105192 0.894808
8 0.837005 0.162995
8 0.90007 0.0999298
6 0.0992211 0.900779
8 0.860664 0.139336
8 0.999928 7.17276e-05
8 0.997796 0.00220405
6 0.00342151 0.996578
8 0.998059 0.00194148
6 0.0549142 0.945086
6 0.00470262 0.995297
8 1 1e-07
6 0.104415 0.895585
8 0.999304 0.000695995
6 0.0192163 0.980784
8 0.998426 0.00157437
8 0.769427 0.230573
8 0.999642 0.000357587
6 0.344059 0.655941
8 0.999989 1.09104e-05
8 0.936701 0.0632993
8 1 4.63555e-07
6 0.142458 0.857542
8 0.988363 0.0116372
6 0.263621 0.736379
8 0.703369 0.296631
8 0.999941 5.93629e-05
6 0.00715112 0.992849
8 0.999995 5.01228e-06
8 0.655418 0.344582
6 0.0517506 0.948249
6 0.00805432 0.991946
8 0.999885 0.000114623
6 0.0860117 0.913988
8 0.714442 0.285558
6 0.00320715 0.996793
8 0.978099 0.0219008
6 0.00319992 0.9968
8 0.907577 0.0924226
6 0.000761468 0.999239
6 0.000614807 0.999385
6 0.0358392 0.964161
6 0.0036526 0.996347
8 0.959574 0.040426
6 0.00215898 0.997841
8 0.986639 0.0133614
8 0.994112 0.00588809
8 0.999995 4.7202e-06
8 0.732066 0.267934
8 0.999061 0.000938875
8 0.998941 0.00105945
6 0.00700285 0.992997
8 0.79941 0.20059
6 0.00344632 0.996554
8 0.999909 9.14475e-05
8 0.999391 0.000609044
6 0.0277471 0.972253
6 0.00462248 0.995378
8 0.99481 0.00519036
8 0.991049 0.00895129
6 0.499956 0.500044
6 0.00196225 0.998038
8 0.958037 0.0419632
6 0.00101108 0.998989
6 0.00920909 0.990791
6 0.000995146 0.999005
8 0.999793 0.000206746
8 0.999999 5.58101e-07
8 0.990225 0.00977523
6 0.0115591 0.988441
6 0.180886 0.819114
6 0.106602 0.893398
8 0.765233 0.234767
8 0.999996 4.01423e-06
8 0.999987 1.31524e-05
8 0.9915 0.00849999
6 0.488403 0.511597
6 0.00072771 0.999272
6 0.00220157 0.997798
6 0.00640689 0.993593
8 0.997179 0.00282146
8 0.999974 2.63779e-05
8 0.999292 0.000707926
6 0.00598295 0.994017
8 0.977481 0.0225186
8 0.999999 1.07728e-06
6 0.392804 0.607196
6 0.01888 0.98112
8 0.704888 0.295112
8 0.977439 0.0225607
8 0.999394 0.000606445
6 0.426745 0.573255
6 0.0119893 0.988011
8 1 1e-07
8 0.987835 0.0121651
6 0.115281 0.884719
8 0.741605 0.258395
6 0.0125381 0.987462
8 0.99934 0.000659974
6 0.00701861 0.992981
8 1 2.05012e-07
6 0.10923 0.89077
6 0.00719643 0.992804
8 0.996334 0.0036655
6 0.0990899 0.90091
6 0.0855854 0.914415
6 0.0227989 0.977201
6 0.113226 0.886774
8 0.954561 0.0454388
6 0.0982839 0.901716
6 0.496092 0.503908
8 0.948385 0.0516146
8 0.949321 0.0506787
8 0.962752 0.0372482
8 0.677581 0.322419
6 0.48654 0.51346
6 0.0056141 0.994386
6 0.0136439 0.986356
6 0.00157438 0.998426
6 0.0134914 0.986509
8 0.670203 0.329797
8 0.999995 4.70724e-06
8 0.860357 0.139643
8 1 1e-07
6 0.211687 0.788313
8 0.999913 8.69526e-05
8 0.999998 2.42697e-06
6 0.0498266 0.950173
8 0.979755 0.0202455
8 0.997906 0.00209407
8 0.998746 0.00125413
6 0.16854 0.83146
8 0.740777 0.259223
8 0.992368 0.00763153
6 0.00188997 0.99811
8 0.688348 0.311652
6 0.00872315 0.991277
6 0.00353423 0.996466
6 0.00560902 0.994391
6 0.00101177 0.998988
6 0.312599 0.687401
8 0.998238 0.00176224
8 0.960041 0.0399593
8 0.99996 3.97059e-05
6 0.234736 0.765264
8 0.946513 0.0534871
6 0.200489 0.799511
6 0.0659246 0.934075
6 0.0192514 0.980749
6 0.0211077 0.978892
8 0.521007 0.478993
8 0.989198 0.0108021
8 1 1.30278e-07
6 0.354586 0.645414
8 0.859467 0.140533
8 1 4.44604e-07
8 0.999274 0.000726215
8 0.597027 0.402973
6 0.000725648 0.999274
8 0.994008 0.00599205
8 0.999999 1.27743e-06
6 0.352258 0.647742
6 0.00744674 0.992553
6 0.167104 0.832896
6 0.0027059 0.997294
8 0.985637 0.0143632
6 0.00196912 0.998031
8 0.971786 0.0282136
8 0.580299 0.419701
8 0.979554 0.0204459
8 0.999955 4.47671e-05
8 0.99972 0.000280043
8 0.976889 0.0231106
8 0.599863 0.400137
6 0.00492635 0.995074
6 0.00389817 0.996102
6 0.194099 0.805901
6 0.00477436 0.995226
8 0.998864 0.00113644
8 0.893579 0.106421
6 0.0046008 0.995399
8 0.528059 0.471941
6 0.182163 0.817837
6 0.101439 0.898561
6 0.145079 0.854921
6 0.367858 0.632142
8 0.993215 0.00678471
8 0.650578 0.349422
8 0.654205 0.345795
8 0.990349 0.0096509
8 0.999997 2.92707e-06
8 1 3.26809e-07
8 0.513798 0.486202
8 0.93027 0.0697302
8 0.999989 1.10113e-05
8 0.993773 0.00622747
8 0.999718 0.000282208
8 0.998917 0.00108339
8 0.999998 1.54576e-06
6 0.00269232 0.997308
6 0.0588595 0.941141
6 0.466555 0.533445
8 0.999999 9.06258e-07
8 0.999606 0.000393867
6 0.411792 0.588208
8 0.998735 0.00126546
8 0.893571 0.106429
8 0.977842 0.0221579
8 0.87372 0.12628
8 0.996055 0.00394467
6 0.0694925 0.930507
8 0.827951 0.172049
8 0.999946 5.3858e-05
8 0.999778 0.000221552
8 0.999845 0.000155188
8 0.999996 4.07124e-06
8 0.997968 0.00203224
8 0.931143 0.068857
8 1 1e-07
6 0.0247489 0.975251
6 0.00363031 0.99637
8 0.992023 0.00797701
8 0.998391 0.00160865
6 0.100747 0.899253
6 0.00322148 0.996779
8 0.999992 8.10493e-06
8 0.99999 1.02347e-05
6 0.178543 0.821457
8 1 2.69688e-07
6 0.0490242 0.950976
6 0.234504 0.765496
8 0.999979 2.07089e-05
8 0.919956 0.080044
6 0.30027 0.69973
6 0.00707557 0.992924
8 1 2.18794e-07
8 0.989263 0.0107371
8 0.910294 0.089706
8 0.966429 0.0335715
8 0.996223 0.00377665
8 0.999978 2.22876e-05
8 0.999987 1.26526e-05
8 0.988565 0.0114355
6 0.0136367 0.986363
8 0.965082 0.0349183
6 0.125202 0.874798
8 0.972742 0.027258
8 0.974497 0.025503
8 1 1e-07
8 0.999975 2.51419e-05
8 0.995921 0.00407883
8 0.761355 0.238645
6 0.0861246 0.913875
6 0.00415779 0.995842
8 0.977516 0.0224837
6 0.00887726 0.991123
8 0.999969 3.09234e-05
6 0.00892318 0.991077
8 0.96585 0.0341503
8 0.961897 0.0381033
6 0.429609 0.570391
8 0.937769 0.0622313
6 0.00208375 0.997916
6 0.336926 0.663074
6 0.242716 0.757284
8 0.520434 0.479566
8 0.856369 0.143631
8 1 1e-07
8 0.999918 8.18239e-05
8 0.988143 0.0118573
8 0.999967 3.31763e-05
8 0.999722 0.000278473
6 0.000789499 0.999211
8 0.99913 0.00087027
6 0.0212747 0.978725
6 0.00327477 0.996725
6 0.126428 0.873572
8 0.998279 0.00172114
8 0.859376 0.140624
8 0.779893 0.220107
6 0.0029419 0.997058
8 0.92401 0.0759903
6 0.0789765 0.921023
8 0.999991 8.73343e-06
6 0.209597 0.790403
8 0.999272 0.000728264
6 0.168454 0.831546
8 0.999999 6.03315e-07
8 0.779569 0.220431
6 0.233643 0.766357
8 0.935112 0.0648878
6 0.00535851 0.994641
6 0.0010595 0.998941
6 0.00566463 0.994335
6 0.00468863 0.995311
8 0.720773 0.279227
8 0.638366 0.361634
6 0.02087 0.97913
8 0.994677 0.00532323
8 0.796844 0.203156
8 1 1.54944e-07
6 0.0127122 0.987288
8 1 1e-07
6 0.493667 0.506333
8 0.896766 0.103234
8 0.999999 1.29509e-06
8 0.987921 0.0120789
6 0.0181806 0.981819
8 0.828526 0.171474
8 0.943658 0.0563417
8 0.999339 0.000661189
8 0.999997 3.29564e-06
8 0.994436 0.00556356
8 0.993561 0.00643907
8 0.603983 0.396017
8 0.979234 0.0207655
6 0.00231748 0.997683
6 0.126438 0.873562
8 0.999651 0.000348606
6 0.00131037 0.99869
6 0.277016 0.722984
8 0.99212 0.00787986
8 0.762405 0.237595
6 0.207448 0.792552
6 0.0073054 0.992695
8 1 1e-07
6 0.240951 0.759049
8 0.983118 0.0168817
6 0.000959104 0.999041
6 0.00573618 0.994264
6 0.144155 0.855845
8 0.873586 0.126414
8 0.994295 0.00570489
6 0.248756 0.751244
6 0.00045879 0.999541
6 0.0150559 0.984944
6 7.1536e-06 0.999993
6 0.00233533 0.997665
8 0.996681 0.00331899
8 0.999998 1.64168e-06
8 0.995148 0.0048515
8 0.773725 0.226275
6 0.457575 0.542425
8 0.990955 0.00904527
8 1 1e-07
6 0.00489263 0.995107
8 0.998606 0.00139352
6 0.0270734 0.972927
8 0.999997 3.41812e-06
6 0.0141643 0.985836
6 0.00120764 0.998792
8 0.978977 0.0210231
8 0.980763 0.0192367
8 0.999717 0.000282951
8 0.974016 0.0259842
8 1 1e-07
6 0.26686 0.73314
8 0.99993 6.96368e-05
8 0.998868 0.00113198
6 0.0201378 0.979862
8 0.722274 0.277726
6 0.00636164 0.993638
6 0.00938592 0.990614
6 0.340454 0.659546
8 0.959871 0.0401289
6 0.0212774 0.978723
8 1 1e-07
8 0.997921 0.00207947
8 0.994724 0.00527598
6 0.000997156 0.999003
8 0.999979 2.06695e-05
6 0.162841 0.837159
8 0.905474 0.0945262
6 0.0440532 0.955947
8 0.516907 0.483093
8 0.592171 0.407829
8 0.999475 0.000524696
6 0.14156 0.85844
8 0.99982 0.000179517
6 0.00493463 0.995065
8 0.945519 0.0544812
6 0.0636572 0.936343
6 0.0425252 0.957475
8 0.943991 0.0560091
8 0.747838 0.252162
8 0.574517 0.425483
6 0.128121 0.871879
6 0.179416 0.820584
8 1 1e-07
8 1 1e-07
6 0.017657 0.982343
8 1 3.65631e-07
6 0.00559976 0.9944
8 0.801495 0.198505
8 0.924138 0.0758615
6 0.0141813 0.985819
8 0.675916 0.324084
8 0.94991 0.0500904
8 1 2.56353e-07
8 0.987755 0.0122454
8 0.999892 0.000107719
8 0.998861 0.00113942
8 0.992515 0.00748451
6 0.477745 0.522255
8 0.990392 0.00960805
6 0.0317677 0.968232
8 0.988339 0.0116609
6 0.07241 0.92759
8 0.99986 0.000140395
6 0.0575314 0.942469
6 0.0102696 0.98973
6 0.000815733 0.999184
8 0.99999 1.01657e-05
6 0.0729189 0.927081
8 0.942656 0.0573444
8 0.914661 0.0853395
8 1 1e-07
8 0.973746 0.0262539
8 0.868813 0.131187
8 0.999999 1.04488e-06
8 0.575802 0.424198
8 1 4.58741e-07
6 0.215341 0.784659
8 0.982967 0.017033
8 0.999577 0.000422603
8 1 1e-07
8 0.960527 0.039473
8 0.996042 0.00395847
8 0.999934 6.56653e-05
8 0.924048 0.075952
8 0.999989 1.07352e-05
6 0.167208 0.832792
8 0.993737 0.00626291
8 0.934598 0.065402
8 0.952395 0.0476048
8 0.975965 0.024035
6 0.214028 0.785972
8 1 1.18192e-07
8 0.999827 0.000173071
6 0.00909764 0.990902
8 0.935927 0.064073
6 0.175591 0.824409
8 0.999951 4.86646e-05
6 0.373485 0.626515
6 0.438036 0.561964
6 0.00768323 0.992317
8 0.999757 0.000243333
8 0.999942 5.77571e-05
8 0.976786 0.0232142
8 0.771407 0.228593
8 0.999999 1.10786e-06
6 0.0449106 0.955089
8 0.999959 4.07143e-05
8 0.638933 0.361067
6 0.00246304 0.997537
8 0.999963 3.65709e-05
8 0.999619 0.000380984
6 0.139115 0.860885
8 0.99927 0.00072972
8 0.999998 1.67226e-06
8 1 1e-07
8 0.970406 0.0295936
6 0.240843 0.759157
6 0.125702 0.874298
8 0.973212 0.0267877
6 0.321182 0.678818
8 1 1e-07
6 0.179437 0.820563
8 0.999986 1.42708e-05
6 0.245891 0.754109
6 0.0396575 0.960343
8 1 1.7066e-07
6 0.22033 0.77967
8 0.667772 0.332228
6 0.270208 0.729792
8 0.505052 0.494948
8 0.992283 0.00771699
8 0.999218 0.00078158
8 0.995806 0.00419362
6 0.422005 0.577995
6 0.00313693 0.996863
8 0.999939 6.07527e-05
8 0.999975 2.49143e-05
8 0.993004 0.00699584
6 0.489743 0.510257
8 1 1e-07
8 1 4.68762e-07
8 0.999994 6.1648e-06
6 0.000530807 0.999469
8 0.910266 0.0897345
8 0.994554 0.00544595
8 0.905643 0.0943568
6 0.0706652 0.929335
6 0.215178 0.784822
8 0.999969 3.13359e-05
8 0.937641 0.0623592
8 0.909622 0.0903781
8 0.999998 2.31825e-06
8 0.540439 0.459561
6 0.0062902 0.99371
8 0.999986 1.35831e-05
8 0.532618 0.467382
6 0.0585801 0.94142
8 0.999464 0.000535945
8 0.676392 0.323608
6 0.0173137 0.982686
8 0.989268 0.0107315
6 0.218516 0.781484
6 0.111797 0.888203
6 0.0108748 0.989125
8 0.991438 0.00856238
8 0.970247 0.029753
6 0.000106346 0.999894
8 0.862128 0.137872
8 0.990913 0.00908658
8 0.983238 0.0167621
8 0.999167 0.000833337
6 0.00135276 0.998647
8 0.888596 0.111404
6 0.423201 0.576799
8 0.987423 0.0125769
8 0.765304 0.234696
6 0.00566435 0.994336
6 0.130661 0.869339
6 0.149082 0.850918
8 1 1e-07
8 0.996693 0.00330672
8 0.999988 1.15484e-05
8 0.961323 0.0386775
6 0.00253469 0.997465
6 0.439616 0.560384
6 0.0573784 0.942622
8 1 1e-07
6 0.104604 0.895396
8 0.809653 0.190347
8 0.629817 0.370183
6 0.086309 0.913691
6 0.00887526 0.991125
6 0.000194714 0.999805
8 0.542662 0.457338
8 0.999926 7.40859e-05
8 1 1e-07
8 0.999983 1.67312e-05
6 0.053387 0.946613
8 0.999648 0.000351603
8 0.997583 0.00241739
8 1 2.28763e-07
6 0.00342638 0.996574
8 0.748783 0.251217
8 0.999293 0.000706658
8 0.959566 0.0404339
8 0.749448 0.250552
6 0.0221616 0.977838
8 0.873126 0.126874
6 0.273537 0.726463
8 0.575801 0.424199
6 0.327813 0.672187
6 0.000703375 0.999297
8 0.997796 0.00220409
8 0.999985 1.47773e-05
8 0.997755 0.00224465
8 0.549278 0.450722
8 0.999525 0.000474691
8 0.988728 0.0112723
8 0.999696 0.000304433
8 0.998901 0.001099
8 0.996397 0.00360341
8 0.675347 0.324653
6 0.0295721 0.970428
8 1 1e-07
6 0.00374608 0.996254
8 0.972321 0.027679
8 0.986974 0.0130264
8 0.870798 0.129202
8 0.999996 3.57553e-06
8 0.926251 0.0737492
8 0.999976 2.43916e-05
6 0.159003 0.840997
6 0.00237133 0.997629
8 0.678648 0.321352
6 0.381678 0.618322
8 0.971122 0.0288784
8 0.991239 0.00876096
8 0.999825 0.000174861
6 0.117339 0.882661
8 0.968491 0.0315091
8 0.99711 0.00289001
8 0.593577 0.406423
8 0.995967 0.00403302
6 0.000599836 0.9994
8 1 1e-07
8 0.908867 0.0911334
8 0.999389 0.000611011
6 0.00272035 0.99728
6 0.0007024 0.999298
8 0.999984 1.63703e-05
6 0.0459697 0.95403
6 0.00396051 0.996039
6 0.00053423 0.999466
8 0.988984 0.0110162
8 0.985485 0.0145151
8 0.571122 0.428878
8 0.99998 1.9681e-05
8 0.999381 0.000618954
8 0.753766 0.246234
8 0.992416 0.00758404
6 0.297807 0.702193
6 0.00144271 0.998557
6 0.0202147 0.979785
8 0.851669 0.148331
8 0.999628 0.000372444
6 0.46048 0.53952
8 0.96138 0.0386203
6 0.00144281 0.998557
6 0.116245 0.883755
8 0.999872 0.000128479
6 0.0223905 0.977609
8 0.743794 0.256206
8 0.999999 9.75485e-07
8 0.999325 0.00067531
6 0.000712172 0.999288
8 0.998301 0.00169894
8 0.904855 0.0951454
8 0.612224 0.387776
6 0.00884947 0.991151
8 0.87352 0.12648
8 0.914366 0.0856343
6 0.0551242 0.944876
8 0.999149 0.000850652
6 0.00135265 0.998647
6 0.00869665 0.991303
8 0.999986 1.36878e-05
8 0.903025 0.0969746
6 0.370484 0.629516
8 0.931127 0.0688735
8 0.992552 0.00744819
8 0.830831 0.169169
8 0.77679 0.22321
8 0.999992 7.5863e-06
8 0.995013 0.00498674
8 0.994992 0.00500786
6 0.000799021 0.999201
8 0.999999 1.38584e-06
6 0.0780009 0.921999
6 0.00221986 0.99778
8 0.659362 0.340638
8 0.999187 0.000813143
8 0.99998 1.95823e-05
8 0.996229 0.00377101
8 0.971255 0.0287453
8 0.999894 0.000106423
6 0.000139128 0.999861
6 0.0807768 0.919223
8 0.826936 0.173064
8 0.999991 9.01327e-06
8 0.706668 0.293332
6 0.369714 0.630286
8 0.994554 0.00544636
8 0.999992 8.47643e-06
8 1 1e-07
8 0.999866 0.000134262
6 0.012459 0.987541
6 0.0010888 0.998911
8 1 1e-07
6 0.0306724 0.969328
8 0.993599 0.00640067
8 0.999987 1.29748e-05
6 0.0239957 0.976004
6 0.260265 0.739735
6 0.19321 0.80679
6 0.0227683 0.977232
6 0.159393 0.840607
6 0.00544018 0.99456
6 0.00805658 0.991943
6 0.380901 0.619099
8 0.930021 0.0699793
8 0.999611 0.000388839
8 0.951326 0.0486743
6 0.334687 0.665313
8 0.999967 3.34741e-05
8 0.99353 0.00647031
8 0.969985 0.0300154
6 0.110302 0.889698
6 0.00173525 0.998265
8 0.637632 0.362368
6 0.161628 0.838372
8 0.600681 0.399319
8 0.999948 5.1716e-05
8 0.960941 0.0390589
6 0.00926609 0.990734
8 0.996585 0.00341467
6 0.00289549 0.997105
8 0.999999 1.34403e-06
8 0.974575 0.0254246
6 0.257381 0.742619
8 0.961363 0.0386371
8 0.968859 0.0311413
6 0.0294631 0.970537
8 0.999997 2.51259e-06
8 0.997022 0.0029785
8 0.786428 0.213572
8 0.581319 0.418681
8 0.994401 0.00559913
6 0.00252952 0.99747
8 0.565022 0.434978
8 0.635181 0.364819
8 0.999708 0.000291777
8 0.997001 0.00299911
8 0.997084 0.0029159
8 0.742199 0.257801
8 0.999991 8.9503e-06
6 0.408985 0.591015
6 0.0281351 0.971865
8 0.996204 0.00379604
8 0.955058 0.0449416
8 0.875634 0.124366
8 0.774555 0.225445
8 1 1e-07
8 0.996287 0.00371303
8 1 1e-07
8 1 2.6758e-07
8 0.992203 0.00779681
8 0.998917 0.00108287
6 0.00582986 0.99417
6 0.138247 0.861753
6 0.365093 0.634907
8 0.998715 0.00128468
8 0.971724 0.0282765
8 0.86375 0.13625
8 0.989985 0.0100146
6 0.125763 0.874237
8 0.782533 0.217467
6 0.00141798 0.998582
8 0.984234 0.015766
6 0.442352 0.557648
6 0.0164549 0.983545
6 0.0114847 0.988515
8 0.999991 9.49385e-06
8 0.990362 0.00963774
8 0.945532 0.0544681
8 1 1e-07
8 0.999925 7.48318e-05
8 0.999987 1.27862e-05
8 0.981583 0.0184167
8 0.979485 0.0205146
8 0.974018 0.0259821
8 0.972241 0.0277588
6 0.0711277 0.928872
8 0.609142 0.390858
6 0.0150347 0.984965
6 0.00215377 0.997846
6 0.00208912 0.997911
8 0.520785 0.479215
6 0.00352313 0.996477
8 0.999973 2.70871e-05
8 0.727562 0.272438
8 0.999999 6.51397e-07
8 0.978286 0.021714
8 0.999952 4.81072e-05
8 0.943081 0.0569193
6 0.200126 0.799874
8 0.980319 0.019681
6 0.0237312 0.976269
8 0.99911 0.000890069
6 0.00119868 0.998801
8 0.513681 0.486319
6 0.001196 0.998804
8 0.994801 0.00519901
6 0.00153267 0.998467
8 0.997674 0.00232584
6 0.0701681 0.929832
8 0.904572 0.095428
6 0.0513143 0.948686
6 0.00311445 0.996886
6 0.0986628 0.901337
8 0.800539 0.199461
8 0.999232 0.000767673
8 0.999939 6.05786e-05
8 0.76695 0.23305
6 0.386333 0.613667
6 0.00372483 0.996275
8 0.999997 3.27481e-06
6 0.420693 0.579307
8 0.958748 0.0412521
6 0.00106735 0.998933
6 0.19691 0.80309
8 0.778121 0.221879
8 0.999861 0.000139021
6 0.000405249 0.999595
6 0.00292097 0.997079
8 0.920739 0.0792609
6 0.0018194 0.998181
8 0.70869 0.29131
8 0.999893 0.000107493
8 1 1e-07
8 0.938894 0.0611064
6 0.132327 0.867673
6 0.0214488 0.978551
6 0.129178 0.870822
6 0.343026 0.656974
8 1 2.01846e-07
8 0.999839 0.000160693
6 0.442067 0.557933
8 0.890672 0.109328
8 0.995236 0.00476368
8 1 1e-07
6 0.103263 0.896737
6 0.0397964 0.960204
8 0.998737 0.00126264
8 0.973038 0.0269617
8 0.988865 0.0111349
6 0.00543833 0.994562
8 0.997589 0.00241055
6 0.186902 0.813098
8 0.68071 0.31929
8 0.999938 6.16214e-05
8 0.598977 0.401023
8 0.772873 0.227127
8 0.954987 0.0450131
8 0.730091 0.269909
6 0.367974 0.632026
8 0.996794 0.00320647
8 0.999993 6.56771e-06
6 0.196941 0.803059
8 0.999949 5.08183e-05
8 0.999896 0.00010405
8 0.999997 2.70837e-06
8 0.774643 0.225357
8 0.527942 0.472058
6 0.107187 0.892813
8 0.998606 0.00139385
8 0.994374 0.00562566
8 0.84082 0.15918
8 0.693003 0.306997
6 0.118527 0.881473
6 0.0859701 0.91403
8 0.993059 0.00694123
8 0.998857 0.00114323
8 0.995595 0.0044055
6 0.0586154 0.941385
6 0.0540096 0.94599
8 0.943967 0.0560333
6 0.376158 0.623842
8 0.664778 0.335222
8 0.999996 3.81832e-06
6 0.30877 0.69123
6 0.142351 0.857649
6 0.214243 0.785757
6 0.00252734 0.997473
6 0.00428409 0.995716
6 0.167203 0.832797
6 0.0315239 0.968476
6 0.0165428 0.983457
8 0.510809 0.489191
6 0.0303406 0.969659
8 1 1e-07
8 0.999837 0.000162541
8 0.64419 0.35581
8 0.808019 0.191981
8 0.788934 0.211066
8 0.999859 0.000140559
6 0.0851869 0.914813
6 0.0500184 0.949982
6 0.267065 0.732935
8 0.999987 1.3454e-05
8 0.999973 2.73248e-05
8 0.974723 0.0252768
6 0.118664 0.881336
6 0.00395575 0.996044
8 0.682714 0.317286
8 0.999999 6.74147e-07
6 0.0534013 0.946599
8 0.944834 0.0551664
6 0.00316212 0.996838
8 0.999969 3.06765e-05
6 0.0014015 0.998599
6 0.272722 0.727278
8 0.99812 0.00187991
8 0.76997 0.23003
8 0.993885 0.00611499
8 0.850526 0.149474
6 0.00701198 0.992988
8 0.99935 0.000650021
6 0.00774735 0.992253
8 0.643326 0.356674
8 0.999994 5.87934e-06
8 0.988718 0.0112823
6 0.0645312 0.935469
8 0.925239 0.0747615
6 1.10441e-05 0.999989
8 0.950421 0.0495787
8 0.999998 1.58217e-06
6 0.259424 0.740576
6 0.0547256 0.945274
8 0.999841 0.000158514
6 0.0246899 0.97531
8 0.594263 0.405737
8 0.849585 0.150415
6 0.445667 0.554333
8 0.954727 0.0452733
8 0.992223 0.00777669
8 0.99911 0.000889807
6 0.0092671 0.990733
8 0.698437 0.301563
8 0.996265 0.00373527
6 0.135305 0.864695
8 1 1e-07
8 0.504016 0.495984
6 0.00817581 0.991824
8 0.999949 5.06375e-05
8 1 1e-07
6 0.018353 0.981647
6 0.236515 0.763485
8 0.999945 5.52047e-05
8 0.999179 0.000821226
8 0.994528 0.00547223
8 0.723394 0.276606
6 0.00151198 0.998488
8 0.625483 0.374517
6 0.12899 0.87101
8 0.999236 0.000764133
8 1 1e-07
8 0.999986 1.41262e-05
8 1 2.38698e-07
8 0.999973 2.66173e-05
8 0.690833 0.309167
8 0.999999 1.06892e-06
6 0.369631 0.630369
8 0.986567 0.0134334
8 0.844832 0.155168
8 0.952167 0.0478329
8 0.963999 0.0360012
6 0.039105 0.960895
6 0.244782 0.755218
6 0.00909717 0.990903
6 0.179722 0.820278
8 0.804096 0.195904
8 1 1e-07
6 0.138924 0.861076
6 0.273904 0.726096
8 1 1.97992e-07
6 0.29319 0.70681
8 0.999995 5.03143e-06
8 0.99844 0.00155991
6 0.115486 0.884514
6 0.00822954 0.99177
8 0.982096 0.0179044
8 0.999999 1.22678e-06
8 0.584709 0.415291
8 0.998067 0.00193333
6 0.030952 0.969048
6 0.411465 0.588535
8 0.999474 0.000525652
6 0.00899015 0.99101
6 0.01626 0.98374
6 0.0076779 0.992322
6 0.386133 0.613867
6 0.135884 0.864116
6 0.35109 0.64891
6 0.00585052 0.994149
6 0.415032 0.584968
8 0.978928 0.0210719
6 0.00254629 0.997454
6 0.1896 0.8104
6 0.00035962 0.99964
8 0.997381 0.00261854
8 1 1e-07
8 0.675528 0.324472
8 0.667557 0.332443
6 0.0134149 0.986585
8 0.996271 0.00372936
8 0.996029 0.00397105
6 0.210892 0.789108
8 0.98367 0.0163304
6 0.00290507 0.997095
6 0.0013353 0.998665
6 0.0533483 0.946652
8 1 1e-07
8 0.977719 0.0222808
8 0.999997 2.57286e-06
8 0.925175 0.0748254
8 0.969965 0.0300349
8 0.999995 4.8982e-06
6 0.19131 0.80869
8 0.994267 0.00573276
6 0.00886595 0.991134
8 0.99929 0.000709989
8 0.636438 0.363562
8 0.691647 0.308353
8 0.999996 4.13681e-06
8 0.964816 0.0351844
8 0.841761 0.158239
8 0.999951 4.90195e-05
6 0.000266974 0.999733
6 0.00265487 0.997345
6 0.00266069 0.997339
8 0.959187 0.0408134
8 0.953083 0.0469167
8 0.966225 0.0337753
8 0.990825 0.00917451
6 0.00240203 0.997598
8 0.999987 1.27231e-05
8 0.914107 0.0858929
8 0.897499 0.102501
8 0.96957 0.0304302
8 0.878784 0.121216
6 0.0213352 0.978665
6 0.106448 0.893552
8 0.986897 0.0131026
8 0.886338 0.113662
6 0.00263716 0.997363
