labels 8 1
8 1 1e-07
8 1 1e-07
8 0.991229 0.00877103
1 0.000164535 0.999835
1 7.66889e-05 0.999923
1 0.0147146 0.985285
1 0.0154968 0.984503
1 1.60144e-06 0.999998
1 0.0229667 0.977033
1 0.00860201 0.991398
8 0.997625 0.00237502
8 0.999985 1.51381e-05
1 1e-07 1
8 0.992516 0.00748351
1 0.00198451 0.998015
1 0.146897 0.853103
1 0.0177936 0.982206
1 6.0633e-06 0.999994
8 1 4.20124e-07
1 0.000802853 0.999197
1 0.371989 0.628011
8 0.999397 0.000603114
8 0.561229 0.438771
1 0.146543 0.853457
8 0.768292 0.231708
8 0.999083 0.000916801
1 0.315274 0.684726
8 0.999041 0.000959255
1 0.199657 0.800343
1 5.96953e-05 0.99994
1 1.15275e-06 0.999999
1 0.0530144 0.946986
8 0.970888 0.0291125
1 0.000354814 0.999645
8 0.567379 0.432621
1 6.50513e-06 0.999993
1 0.000194696 0.999805
8 0.999222 0.000777827
1 0.0165503 0.98345
1 0.00595078 0.994049
8 0.993613 0.00638711
8 0.717724 0.282276
8 0.710061 0.289939
1 0.498191 0.501809
8 0.999702 0.000298383
8 0.997373 0.00262673
1 0.00860455 0.991395
8 0.995305 0.00469454
8 0.832351 0.167649
8 0.999777 0.00022293
1 7.59102e-07 0.999999
1 0.00637889 0.993621
1 0.177007 0.822993
1 0.214394 0.785606
1 0.000910822 0.999089
1 0.000963914 0.999036
1 0.0222187 0.977781
1 0.163993 0.836007
8 0.998882 0.00111792
8 0.999862 0.0001384
8 0.994765 0.00523514
8 1 1e-07
8 0.648667 0.351333
1 2.37889e-05 0.999976
1 0.0464055 0.953595
1 1.48733e-05 0.999985
8 0.987282 0.0127182
8 0.999766 0.000234185
1 9.47778e-05 0.999905
1 0.00207636 0.997924
8 0.999995 5.05025e-06
1 0.0388075 0.961193
1 0.003852 0.996148
1 0.0096367 0.990363
1 0.00122916 0.998771
1 0.00113105 0.998869
8 0.974549 0.0254505
8 0.985057 0.014943
8 0.999467 0.000532907
8 0.920375 0.0796247
8 1 1e-07
8 1 1e-07
1 0.0104859 0.989514
1 0.0203234 0.979677
1 0.00459258 0.995407
1 0.00126164 0.998738
1 0.0154197 0.98458
8 0.999996 3.92939e-06
8 1 1.13229e-07
8 0.999923 7.71259e-05
1 0.422052 0.577948
1 0.0985971 0.901403
1 0.0323787 0.967621
8 0.998259 0.00174109
1 0.0172371 0.982763
1 2.1635e-06 0.999998
8 0.999948 5.19676e-05
8 1 1e-07
1 0.0303559 0.969644
8 0.993109 0.00689079
8 0.68567 0.31433
8 0.66143 0.33857
1 0.00536765 0.994632
1 0.000849831 0.99915
1 0.242045 0.757955
1 4.58194e-05 0.999954
8 0.907595 0.0924055
1 0.000373979 0.999626
1 0.0386783 0.961322
1 0.0245509 0.975449
1 0.0156376 0.984362
1 0.0069602 0.99304
8 0.983455 0.016545
1 0.0441559 0.955844
8 0.556997 0.443003
1 0.0744779 0.925522
8 0.999983 1.71652e-05
1 0.0731353 0.926865
8 1 1e-07
1 0.00740416 0.992596
8 0.87405 0.12595
1 0.269613 0.730387
1 0.0300553 0.969945
1 0.0350965 0.964904
8 0.999964 3.58533e-05
1 0.000234365 0.999766
8 0.923865 0.0761352
1 0.0939573 0.906043
8 0.999884 0.000115596
1 0.0164281 0.983572
1 0.0765059 0.923494
1 0.000587224 0.999413
8 1 1e-07
1 0.00351837 0.996482
1 0.0164203 0.98358
1 5.39323e-07 0.999999
1 0.0191097 0.98089
8 0.992424 0.00757632
8 1 1.02103e-07
1 1e-07 1
8 0.999562 0.00043842
1 7.64327e-05 0.999924
1 0.000399738 0.9996
8 1 1e-07
8 0.999989 1.10102e-05
1 0.0088937 0.991106
1 1e-07 1
1 0.00208505 0.997915
1 0.008199 0.991801
1 0.0131226 0.986877
8 0.954143 0.0458569
1 0.00113529 0.998865
1 0.00223548 0.997765
1 0.186992 0.813008
1 0.011245 0.988755
8 0.999759 0.000240845
1 0.0126698 0.98733
1 0.0064919 0.993508
8 0.999781 0.000219337
1 6.97369e-07 0.999999
1 0.366456 0.633544
1 0.0337232 0.966277
1 9.90887e-05 0.999901
8 1 1e-07
1 2.54904e-06 0.999997
1 0.0115479 0.988452
1 1e-07 1
1 6.74686e-06 0.999993
8 1 1e-07
1 2.66967e-07 1
1 0.0337588 0.966241
1 0.0061912 0.993809
1 0.0446954 0.955305
1 0.125883 0.874117
8 1 1e-07
8 0.986655 0.0133455
1 0.00291419 0.997086
1 1e-07 1
8 0.954511 0.0454885
8 0.999959 4.05272e-05
1 0.00473246 0.995268
1 0.0170772 0.982923
1 0.329883 0.670117
8 0.999812 0.000187831
1 1.27186e-07 1
8 1 1e-07
8 0.513504 0.486496
8 1 1e-07
8 0.617203 0.382797
1 0.0688702 0.93113
1 0.00383231 0.996168
1 0.00342354 0.996576
1 6.30091e-05 0.999937
1 0.425515 0.574485
1 0.00187683 0.998123
8 0.90851 0.0914896
8 0.993545 0.00645526
1 0.00144469 0.998555
8 0.999637 0.000363212
1 0.160491 0.839509
1 0.0036204 0.99638
1 0.0753261 0.924674
1 0.0279336 0.972066
8 0.959455 0.0405454
1 0.0204625 0.979538
1 0.00022662 0.999773
8 1 1e-07
1 0.000999084 0.999001
8 0.99998 1.96224e-05
1 0.000467358 0.999533
1 0.0187638 0.981236
8 1 1e-07
8 0.771878 0.228122
1 0.000356544 0.999643
1 0.00153999 0.99846
1 0.00678177 0.993218
1 1e-07 1
8 0.999981 1.93573e-05
8 0.985766 0.0142342
1 0.0349176 0.965082
1 0.000451636 0.999548
1 8.10978e-05 0.999919
8 1 1e-07
8 1 3.19795e-07
1 0.00125846 0.998742
8 0.998274 0.00172623
8 0.999941 5.89853e-05
1 0.000257039 0.999743
1 0.000101999 0.999898
8 0.622242 0.377758
8 0.996814 0.00318584
8 0.997163 0.00283688
8 1 1e-07
1 0.0746253 0.925375
1 0.000851685 0.999148
1 3.0705e-05 0.999969
8 0.807177 0.192823
8 0.960389 0.039611
1 0.0640125 0.935988
1 0.439075 0.560925
8 0.520765 0.479235
8 1 3.00072e-07
8 0.999933 6.69084e-05
1 3.92545e-05 0.999961
1 0.00157206 0.998428
1 0.106333 0.893667
1 0.203144 0.796856
8 1 1e-07
8 0.561097 0.438903
1 0.0173824 0.982618
1 0.00914532 0.990855
1 6.60023e-05 0.999934
8 1 1e-07
1 0.00769644 0.992304
8 0.955286 0.0447142
8 0.998969 0.00103135
1 0.0357375 0.964262
1 0.161851 0.838149
1 0.235053 0.764947
1 0.00759864 0.992401
1 0.0824402 0.91756
8 1 1e-07
1 0.0381545 0.961846
1 0.1137 0.8863
8 0.999731 0.000269496
8 0.999987 1.34023e-05
1 1.65529e-05 0.999983
8 0.999906 9.35239e-05
1 0.0203401 0.97966
8 0.999981 1.94679e-05
8 0.999959 4.11667e-05
1 0.00143872 0.998561
1 0.000100491 0.9999
1 0.338822 0.661178
1 0.0526043 0.947396
1 0.0140109 0.985989
8 0.998523 0.00147674
1 0.00416628 0.995834
1 0.00704354 0.992956
1 1.45272e-05 0.999985
1 0.00068525 0.999315
1 0.00654181 0.993458
1 0.000127169 0.999873
1 0.00108005 0.99892
8 0.999992 8.24959e-06
8 0.990699 0.00930071
1 0.0481227 0.951877
8 0.999796 0.000203939
1 0.0741742 0.925826
1 0.0128155 0.987185
1 0.00195536 0.998045
1 0.000312064 0.999688
8 0.999738 0.000261557
1 0.000214205 0.999786
1 0.0409984 0.959002
8 1 1e-07
8 0.999994 5.8329e-06
8 1 1e-07
1 0.0214218 0.978578
1 0.0642142 0.935786
8 0.814983 0.185017
8 0.997475 0.00252513
1 0.203235 0.796765
8 0.999977 2.33641e-05
1 0.0294782 0.970522
1 0.0762787 0.923721
1 0.0160814 0.983919
8 0.563303 0.436697
8 0.998626 0.00137445
1 0.0269982 0.973002
8 0.687082 0.312918
1 0.0307157 0.969284
1 0.0237205 0.976279
8 1 1e-07
1 0.384681 0.615319
8 0.996576 0.00342441
1 0.0762326 0.923767
8 0.999247 0.000752941
8 0.999988 1.1882e-05
1 0.110484 0.889516
1 0.00191249 0.998088
8 1 1e-07
8 0.754447 0.245553
1 0.0693909 0.930609
8 0.866414 0.133586
1 0.0408269 0.959173
1 0.0611865 0.938814
8 0.99932 0.000680084
8 1 1e-07
8 0.868468 0.131532
1 0.000117372 0.999883
1 0.013788 0.986212
8 0.738625 0.261375
1 0.00398963 0.99601
8 0.999824 0.000175952
1 0.134835 0.865165
1 0.0237571 0.976243
1 6.31461e-05 0.999937
8 0.549745 0.450255
1 0.00107757 0.998922
8 0.999947 5.25347e-05
1 0.0600023 0.939998
8 0.995242 0.00475833
8 0.995184 0.00481626
1 0.012031 0.987969
8 0.99996 4.01168e-05
1 0.000189476 0.999811
1 0.0157844 0.984216
1 0.00248208 0.997518
8 0.999971 2.89921e-05
1 0.0355571 0.964443
1 6.32351e-05 0.999937
1 0.406754 0.593246
1 0.00346934 0.996531
1 0.0100575 0.989943
8 0.99788 0.00212044
1 0.0604198 0.93958
1 6.11611e-07 0.999999
1 0.327502 0.672498
8 1 1e-07
1 0.000145826 0.999854
1 0.000454942 0.999545
1 0.0438569 0.956143
1 0.00353679 0.996463
1 0.0135048 0.986495
1 0.00022984 0.99977
1 0.285055 0.714945
1 0.345059 0.654941
8 0.562297 0.437703
8 0.999979 2.0688e-05
1 0.0208991 0.979101
8 0.998212 0.00178784
1 1.3856e-07 1
8 0.932048 0.0679516
1 0.000216936 0.999783
8 1 1e-07
1 0.0108644 0.989136
8 0.997943 0.00205659
8 0.999965 3.52723e-05
1 0.000282004 0.999718
8 0.500853 0.499147
1 9.3362e-05 0.999907
8 0.998291 0.00170894
1 0.0671991 0.932801
1 0.00325673 0.996743
8 0.879517 0.120483
1 0.176997 0.823003
8 0.997003 0.00299675
1 2.4337e-06 0.999998
1 0.0497502 0.95025
8 0.997855 0.00214542
1 0.333179 0.666821
1 0.000747583 0.999252
8 0.999992 7.70816e-06
1 2.94406e-05 0.999971
1 0.0172408 0.982759
1 0.069495 0.930505
8 0.734381 0.265619
1 0.0924365 0.907563
1 0.00344314 0.996557
8 0.585073 0.414927
8 1 1e-07
1 2.68094e-06 0.999997
1 0.0411677 0.958832
1 0.0798505 0.920149
1 0.00199499 0.998005
8 0.999966 3.40847e-05
1 0.253612 0.746388
1 7.33106e-05 0.999927
1 0.029405 0.970595
1 5.07884e-05 0.999949
1 0.00715662 0.992843
1 0.00292762 0.997072
8 0.844324 0.155676
1 0.11269 0.88731
1 8.82696e-06 0.999991
8 0.997751 0.00224904
1 0.0337385 0.966262
1 0.0443176 0.955682
8 0.98417 0.0158301
8 0.9999 9.95197e-05
1 0.0633763 0.936624
8 0.999978 2.24887e-05
1 0.000494649 0.999505
8 0.999991 8.91186e-06
1 0.44563 0.55437
8 0.998664 0.00133633
1 0.275695 0.724305
1 0.00232145 0.997679
8 0.999975 2.48133e-05
8 0.999998 2.36506e-06
8 0.855273 0.144727
1 2.53727e-06 0.999997
1 0.0216985 0.978302
8 0.99986 0.000140269
8 0.848601 0.151399
1 0.010002 0.989998
8 1 1.50362e-07
8 0.999696 0.000304087
8 0.989796 0.0102044
1 0.264484 0.735516
1 2.32301e-05 0.999977
1 0.000600209 0.9994
1 0.159371 0.840629
1 0.0121965 0.987803
1 0.0118463 0.988154
1 0.0253869 0.974613
1 0.00862754 0.991372
1 5.73634e-05 0.999943
1 0.398866 0.601134
1 0.0112129 0.988787
8 1 1e-07
1 0.000197504 0.999802
8 1 1e-07
1 0.000144328 0.999856
1 0.0512719 0.948728
8 1 4.70096e-07
1 0.121705 0.878295
1 0.00141454 0.998585
1 0.167813 0.832187
8 0.999939 6.14472e-05
1 3.61286e-05 0.999964
1 2.36811e-07 1
1 0.149236 0.850764
1 5.14484e-07 0.999999
1 0.2706 0.7294
1 0.121835 0.878165
8 0.999784 0.000215906
8 0.661759 0.338241
8 0.999378 0.000622019
1 0.0076993 0.992301
8 0.947515 0.052485
1 0.406178 0.593822
1 0.0504437 0.949556
1 0.0772617 0.922738
8 0.999915 8.47285e-05
1 0.0166751 0.983325
1 0.0210105 0.97899
1 0.00125866 0.998741
1 0.000437856 0.999562
1 0.437887 0.562113
1 7.28935e-05 0.999927
1 0.246354 0.753646
1 0.0189768 0.981023
1 0.147937 0.852063
1 0.20696 0.79304
8 1 1e-07
1 0.0071004 0.9929
1 0.000184577 0.999815
1 0.00208217 0.997918
1 1e-07 1
8 0.971756 0.0282438
8 0.769188 0.230812
8 0.712252 0.287748
1 0.0184548 0.981545
1 0.000595173 0.999405
1 0.000303798 0.999696
1 0.000206823 0.999793
8 0.990637 0.0093633
1 0.408879 0.591121
1 0.0892021 0.910798
8 0.869032 0.130968
1 0.00089638 0.999104
1 0.00936025 0.99064
1 0.043426 0.956574
8 0.727688 0.272312
1 0.000951899 0.999048
8 0.999161 0.00083872
1 0.17998 0.82002
8 0.999401 0.00059853
1 0.00380475 0.996195
1 0.00128327 0.998717
1 0.334651 0.665349
8 0.554265 0.445735
8 0.999886 0.000113904
1 0.000247794 0.999752
1 0.117284 0.882716
8 0.999911 8.89961e-05
1 0.0213483 0.978652
8 0.97087 0.0291304
8 0.994346 0.00565367
8 0.999873 0.000127025
1 4.57249e-07 1
1 0.37121 0.62879
1 0.241107 0.758893
1 0.220959 0.779041
8 0.999973 2.70491e-05
1 7.76772e-06 0.999992
1 3.01495e-05 0.99997
8 0.999961 3.88818e-05
1 0.0519649 0.948035
1 0.0237669 0.976233
1 0.00115706 0.998843
1 0.015855 0.984145
1 1.2964e-06 0.999999
1 0.00181221 0.998188
8 0.924341 0.0756589
8 0.999991 9.43816e-06
8 0.980592 0.0194078
1 0.000295475 0.999705
1 0.00108992 0.99891
8 0.894852 0.105148
8 0.943628 0.0563719
1 0.0108568 0.989143
1 0.00626133 0.993739
1 0.240253 0.759747
8 0.643958 0.356042
1 1.43369e-07 1
8 1 1e-07
8 0.657395 0.342605
1 0.0962107 0.903789
8 1 1.81647e-07
1 0.035975 0.964025
8 1 2.97151e-07
1 0.0999232 0.900077
1 0.00477012 0.99523
1 0.00969692 0.990303
1 0.0575214 0.942479
8 0.998824 0.00117636
1 0.0287867 0.971213
1 0.106432 0.893568
8 0.857859 0.142141
8 0.999853 0.000147444
8 0.949818 0.0501815
8 0.993542 0.0064584
8 1 1e-07
1 0.0856541 0.914346
1 0.0604811 0.939519
1 1.40223e-07 1
1 2.66614e-05 0.999973
1 0.00153302 0.998467
1 0.044461 0.955539
8 0.741765 0.258235
1 0.00343144 0.996569
1 0.00784023 0.99216
1 0.000514712 0.999485
1 0.00512376 0.994876
1 0.0188454 0.981155
1 0.132011 0.867989
8 0.920379 0.0796213
1 0.000107625 0.999892
1 2.11315e-05 0.999979
1 0.00641085 0.993589
8 0.8146 0.1854
8 0.999807 0.000193414
1 0.0276498 0.97235
8 0.996773 0.003227
8 0.999987 1.26325e-05
1 0.0176902 0.98231
1 2.28883e-05 0.999977
1 0.000231555 0.999768
1 0.180448 0.819552
1 0.159949 0.840051
8 0.999992 7.50855e-06
8 0.998229 0.0017713
8 1 1.26772e-07
1 0.00152714 0.998473
8 0.998756 0.00124382
8 1 1e-07
1 0.0244985 0.975502
8 0.894892 0.105108
8 0.986602 0.0133975
8 0.999982 1.7586e-05
1 0.0558557 0.944144
1 0.000146617 0.999853
1 0.00145103 0.998549
1 0.0085286 0.991471
1 0.000266578 0.999733
1 0.0973626 0.902637
8 0.959999 0.0400012
1 0.238799 0.761201
1 0.152225 0.847775
1 0.465982 0.534018
8 0.999952 4.77935e-05
8 0.9975 0.00250022
1 0.00108488 0.998915
1 0.00011952 0.99988
1 5.35961e-06 0.999995
8 0.999998 2.04282e-06
1 0.00183146 0.998169
8 0.999999 9.59776e-07
8 0.952575 0.0474254
8 0.999998 2.03957e-06
8 0.999983 1.70449e-05
1 0.00357197 0.996428
8 0.759751 0.240249
8 0.996234 0.00376585
8 0.804517 0.195483
1 0.0018701 0.99813
1 0.00713931 0.992861
1 5.01464e-05 0.99995
8 0.999973 2.67489e-05
1 0.000734383 0.999266
8 0.999518 0.000482128
1 0.0019304 0.99807
8 1 1e-07
8 0.990671 0.0093291
1 0.00122787 0.998772
1 0.0756865 0.924313
1 0.23265 0.76735
8 1 1e-07
1 0.133805 0.866195
1 0.000570345 0.99943
1 0.0476196 0.95238
1 8.50191e-05 0.999915
1 0.0153345 0.984665
1 0.0283341 0.971666
1 0.0444004 0.9556
1 0.00209594 0.997904
8 0.936373 0.0636267
8 0.995973 0.00402673
8 0.634726 0.365274
8 0.999999 1.26272e-06
1 0.0250909 0.974909
1 0.0157644 0.984236
1 4.59862e-05 0.999954
1 0.0718204 0.92818
1 5.05111e-05 0.999949
8 1 1e-07
1 0.00438583 0.995614
8 0.999986 1.43174e-05
1 2.41644e-06 0.999998
8 0.546664 0.453336
1 0.0282753 0.971725
8 1 1e-07
8 0.999309 0.000690652
8 0.786395 0.213605
1 0.0901853 0.909815
1 0.359479 0.640521
8 1 1e-07
1 0.370253 0.629747
1 0.00382212 0.996178
8 0.999996 3.73221e-06
8 0.999877 0.000123174
8 0.636301 0.363699
8 0.707205 0.292795
8 0.999267 0.000733458
1 0.020894 0.979106
8 0.964374 0.0356263
8 0.999998 1.96726e-06
1 0.00879466 0.991205
1 3.21372e-05 0.999968
1 0.0184018 0.981598
8 0.805687 0.194313
1 0.0508519 0.949148
1 0.0182149 0.981785
1 1.2994e-07 1
1 5.25803e-06 0.999995
1 0.00074301 0.999257
1 0.0102663 0.989734
1 0.00316606 0.996834
1 7.80539e-05 0.999922
1 0.00542614 0.994574
1 0.0186003 0.9814
8 1 1e-07
1 0.0157243 0.984276
1 0.00579685 0.994203
1 0.00903622 0.990964
1 0.000991373 0.999009
1 8.21522e-05 0.999918
1 2.13378e-07 1
8 0.994519 0.00548128
1 0.000652588 0.999347
1 0.292002 0.707998
8 0.999185 0.000815163
8 0.999814 0.000185885
1 0.00292524 0.997075
1 0.000323121 0.999677
8 0.99917 0.000830341
1 0.114217 0.885783
8 1 1.05519e-07
8 0.966799 0.0332007
8 0.99839 0.00161015
1 0.0143269 0.985673
8 0.86145 0.13855
1 0.000169025 0.999831
1 0.129657 0.870343
1 0.00674227 0.993258
8 1 1e-07
1 0.00144191 0.998558
1 0.104023 0.895977
8 0.999867 0.000133188
1 0.0356925 0.964308
1 0.0287582 0.971242
1 0.355001 0.644999
1 0.0122459 0.987754
8 1 1e-07
1 0.0143813 0.985619
1 0.113813 0.886187
8 0.969561 0.0304389
8 1 1e-07
1 0.118269 0.881731
1 0.0120428 0.987957
1 5.00969e-06 0.999995
1 0.000554907 0.999445
1 8.27821e-05 0.999917
1 0.00677349 0.993227
8 1 2.34263e-07
8 0.575961 0.424039
1 0.380736 0.619264
8 0.8203 0.1797
1 0.00457641 0.995424
1 0.071719 0.928281
1 0.257195 0.742805
8 0.999993 6.88332e-06
8 1 1e-07
1 0.139531 0.860469
8 0.874714 0.125286
1 0.226946 0.773054
1 0.0468678 0.953132
1 0.453854 0.546146
1 0.0102839 0.989716
1 0.345234 0.654766
8 0.652195 0.347805
1 0.0112004 0.9888
1 0.163256 0.836744
1 0.00587341 0.994127
8 0.57626 0.42374
1 0.00860425 0.991396
1 0.0182161 0.981784
1 0.00535568 0.994644
1 0.485811 0.514189
1 1.40276e-05 0.999986
8 0.999992 8.14046e-06
1 0.0151959 0.984804
8 1 1e-07
1 0.000849015 0.999151
8 0.965946 0.0340539
8 0.989724 0.010276
1 0.000357036 0.999643
1 0.241717 0.758283
1 0.209949 0.790051
8 0.999969 3.10862e-05
1 1.31506e-05 0.999987
1 0.000210494 0.99979
1 0.0078923 0.992108
1 0.210427 0.789573
1 0.107818 0.892182
1 0.00545692 0.994543
1 0.0129896 0.98701
8 0.932797 0.0672031
8 0.999967 3.31754e-05
8 0.999941 5.91341e-05
1 0.00212343 0.997877
1 0.0230122 0.976988
1 0.0887233 0.911277
8 0.983938 0.0160618
1 0.00640409 0.993596
8 0.999959 4.13621e-05
1 4.08324e-05 0.999959
1 0.175179 0.824821
1 0.134615 0.865385
1 0.406797 0.593203
8 0.60226 0.39774
8 1 1e-07
8 1 4.82933e-07
1 0.0324613 0.967539
1 0.0108687 0.989131
8 0.998731 0.00126868
8 0.959999 0.040001
8 0.997947 0.00205286
1 2.56842e-07 1
1 0.282194 0.717806
8 1 1e-07
1 0.297765 0.702235
1 0.148174 0.851826
1 0.137031 0.862969
1 0.0258052 0.974195
1 0.000235858 0.999764
8 0.995396 0.00460449
1 1.89595e-06 0.999998
8 0.525024 0.474976
1 0.451432 0.548568
1 0.00860263 0.991397
1 0.0147153 0.985285
8 0.993002 0.00699834
8 0.999999 9.74588e-07
1 0.00230794 0.997692
1 3.02065e-05 0.99997
8 0.999411 0.000589203
1 0.00119425 0.998806
8 0.581805 0.418195
1 0.0185053 0.981495
8 0.999999 7.5234e-07
8 0.911201 0.0887992
1 0.000789639 0.99921
1 0.00199591 0.998004
1 0.000146256 0.999854
8 0.961947 0.0380529
1 0.42541 0.57459
8 0.814809 0.185191
1 0.0030766 0.996923
1 0.0122783 0.987722
1 0.00133255 0.998667
1 0.487442 0.512558
1 0.268898 0.731102
8 0.99995 4.98582e-05
1 0.00659142 0.993409
1 0.0406077 0.959392
1 0.0889297 0.91107
8 0.999867 0.000133139
8 1 4.39503e-07
1 8.14115e-05 0.999919
8 0.968365 0.0316348
1 0.0110977 0.988902
8 0.898511 0.101489
1 0.00352934 0.996471
1 1.27117e-05 0.999987
1 0.0795264 0.920474
1 0.000658165 0.999342
1 0.00222186 0.997778
1 0.0214934 0.978507
1 0.0151899 0.98481
8 0.999997 2.82074e-06
1 0.00211628 0.997884
8 0.999987 1.28088e-05
8 0.932357 0.0676431
1 0.044761 0.955239
1 0.0101993 0.989801
1 0.00655054 0.993449
1 1e-07 1
8 0.656663 0.343337
1 0.263093 0.736907
8 0.664952 0.335048
1 0.0125769 0.987423
8 0.931628 0.0683719
1 0.0401433 0.959857
1 2.33889e-05 0.999977
8 0.997742 0.00225781
1 0.26133 0.73867
1 1.61524e-05 0.999984
8 0.538543 0.461457
1 0.0107396 0.98926
8 0.900389 0.0996115
1 2.12838e-05 0.999979
1 0.0333629 0.966637
8 0.999995 4.56275e-06
1 0.00825385 0.991746
1 0.00539274 0.994607
1 0.0228393 0.977161
8 0.99991 9.02915e-05
1 0.131559 0.868441
1 7.12749e-05 0.999929
8 0.954509 0.0454907
1 0.168851 0.831149
8 0.998931 0.00106888
1 0.00304702 0.996953
1 7.12277e-07 0.999999
1 0.0940061 0.905994
1 0.00149434 0.998506
8 0.999999 9.47777e-07
8 1 1e-07
1 1.20041e-05 0.999988
8 1 1.56422e-07
8 0.999997 2.93691e-06
1 0.00522774 0.994772
1 0.00097485 0.999025
1 0.0023613 0.997639
1 0.00892474 0.991075
1 0.000745928 0.999254
8 1 1e-07
1 0.0195559 0.980444
1 0.0723664 0.927634
1 0.000153271 0.999847
1 0.00146685 0.998533
8 1 1e-07
1 0.0457155 0.954285
1 0.0101764 0.989824
8 0.911949 0.0880508
1 0.0104894 0.989511
8 1 1e-07
1 0.00160056 0.998399
8 0.999999 1.1571e-06
1 0.000267532 0.999732
1 5.80701e-05 0.999942
1 1.28382e-05 0.999987
1 0.000851888 0.999148
1 0.00113953 0.99886
8 0.894336 0.105664
1 0.0372726 0.962727
8 1 1e-07
8 0.999077 0.00092318
8 0.999996 4.41796e-06
8 0.826109 0.173891
8 1 1e-07
8 0.999132 0.000867768
8 0.998749 0.00125062
1 0.00989955 0.9901
1 0.0185105 0.98149
1 0.0208971 0.979103
1 0.00414467 0.995855
8 0.993495 0.00650524
8 0.630616 0.369384
1 0.00243106 0.997569
1 0.0873045 0.912695
1 3.758e-06 0.999996
1 0.0734812 0.926519
1 7.31104e-05 0.999927
1 7.09291e-05 0.999929
1 0.0080459 0.991954
8 0.998869 0.00113073
1 0.0385444 0.961456
1 0.00850657 0.991493
1 0.000249435 0.999751
1 0.0210869 0.978913
1 0.0233695 0.97663
8 1 4.7497e-07
1 0.00552263 0.994477
1 0.00254632 0.997454
1 0.019072 0.980928
8 1 1e-07
1 0.0282503 0.97175
1 1e-07 1
1 0.311967 0.688033
8 0.998355 0.00164544
1 0.000139517 0.99986
1 0.000467568 0.999532
1 0.121669 0.878331
1 0.381716 0.618284
8 0.999085 0.000914958
1 0.000185488 0.999815
1 0.0671444 0.932856
1 0.00920527 0.990795
8 0.975945 0.0240553
1 0.174654 0.825346
1 0.0766096 0.92339
8 0.999953 4.65921e-05
1 0.00038647 0.999614
1 0.00477962 0.99522
1 8.53205e-05 0.999915
1 0.000237699 0.999762
1 0.00935792 0.990642
8 0.999467 0.0005334
1 0.00246073 0.997539
8 0.953501 0.0464991
1 0.00205163 0.997948
8 0.934128 0.0658719
8 1 1e-07
1 9.26418e-05 0.999907
8 0.995508 0.0044917
8 0.999272 0.000728019
1 0.0660736 0.933926
8 0.998732 0.00126847
1 0.361307 0.638693
1 0.176725 0.823275
1 0.00636123 0.993639
8 0.999999 1.16567e-06
1 0.0105663 0.989434
1 0.00263364 0.997366
1 0.124615 0.875385
1 0.000125749 0.999874
1 0.000286024 0.999714
8 1 4.31528e-07
8 0.683909 0.316091
8 0.912119 0.0878813
8 0.991291 0.00870857
1 0.000185408 0.999815
1 0.399647 0.600353
1 4.88755e-05 0.999951
1 0.44792 0.55208
1 0.00244221 0.997558
1 0.000275819 0.999724
1 0.17028 0.82972
1 0.347565 0.652435
1 0.0188196 0.98118
8 0.999701 0.000298585
1 0.000514945 0.999485
8 0.999994 5.56752e-06
8 0.994392 0.00560762
1 0.00344966 0.99655
1 0.00708082 0.992919
8 0.946544 0.053456
1 2.77932e-07 1
1 0.00556303 0.994437
1 0.000163233 0.999837
1 0.000196378 0.999804
8 0.998818 0.00118248
1 1.11537e-07 1
1 0.0013624 0.998638
8 0.998909 0.00109123
8 0.958172 0.041828
8 0.999739 0.0002606
8 1 1e-07
8 0.977216 0.0227837
1 0.156423 0.843577
1 3.91923e-05 0.999961
1 0.0769638 0.923036
8 0.946687 0.0533133
8 0.980633 0.0193673
1 3.10121e-07 1
1 0.0134402 0.98656
1 0.000910681 0.999089
1 0.317503 0.682497
1 0.00575491 0.994245
1 0.000550324 0.99945
8 1 1e-07
1 0.0062838 0.993716
1 0.000255653 0.999744
1 0.145221 0.854779
1 4.20588e-06 0.999996
1 0.0021938 0.997806
8 0.997639 0.0023612
1 0.191618 0.808382
8 0.604888 0.395112
1 0.0514693 0.948531
1 0.0110746 0.988925
1 2.13761e-05 0.999979
1 0.00538811 0.994612
8 1 2.8718e-07
1 0.147507 0.852493
1 2.64557e-06 0.999997
8 0.999391 0.000608761
8 0.726903 0.273097
1 0.0047079 0.995292
8 0.999984 1.57577e-05
1 0.00859787 0.991402
1 1e-07 1
1 0.0256293 0.974371
8 0.806359 0.193641
8 0.994955 0.00504491
1 0.000674305 0.999326
1 0.120329 0.879671
1 0.00363309 0.996367
8 0.999829 0.00017128
1 0.158171 0.841829
8 0.999998 2.17538e-06
8 0.999901 9.91493e-05
1 2.15503e-06 0.999998
1 0.0403899 0.95961
8 1 1e-07
8 0.710182 0.289818
1 0.000105637 0.999894
8 1 1e-07
8 0.998792 0.00120824
8 0.999979 2.0576e-05
8 0.999938 6.16313e-05
1 0.000263313 0.999737
1 0.00142383 0.998576
8 0.964038 0.0359622
1 0.0777802 0.92222
1 0.00753515 0.992465
1 0.000179514 0.99982
1 0.446721 0.553279
8 1 1e-07
8 0.983023 0.0169775
8 0.83722 0.16278
8 1 1e-07
1 2.50624e-05 0.999975
1 0.0120816 0.987918
1 0.00236903 0.997631
8 0.805719 0.194281
1 0.0109251 0.989075
8 0.999979 2.07805e-05
1 0.0489076 0.951092
1 0.2111 0.7889
1 0.170967 0.829033
1 0.282135 0.717865
1 8.89323e-06 0.999991
1 1.13671e-05 0.999989
1 0.110549 0.889451
1 0.00181814 0.998182
1 0.00748607 0.992514
1 0.105368 0.894632
1 0.0139167 0.986083
8 0.999974 2.59788e-05
1 5.61161e-06 0.999994
1 0.00891346 0.991087
8 0.99997 3.01381e-05
1 0.0172302 0.98277
1 0.00694272 0.993057
1 7.66352e-05 0.999923
8 0.987726 0.0122739
8 0.999995 4.58396e-06
1 0.00017441 0.999826
1 2.95089e-05 0.99997
8 0.605005 0.394995
8 1 1e-07
1 0.000359115 0.999641
1 2.73334e-05 0.999973
1 0.142885 0.857115
1 3.90787e-06 0.999996
1 0.0234557 0.976544
1 0.237952 0.762048
1 0.00900575 0.990994
8 0.99991 8.98283e-05
1 0.0240517 0.975948
1 0.000112233 0.999888
1 0.00110992 0.99889
1 6.29929e-07 0.999999
8 1 1e-07
1 0.00109402 0.998906
1 8.66863e-06 0.999991
1 1.36493e-05 0.999986
1 0.00160905 0.998391
8 1 1e-07
1 1.10843e-05 0.999989
1 0.000297254 0.999703
1 0.00257526 0.997425
8 0.881932 0.118068
8 0.999995 5.41225e-06
8 0.553472 0.446528
1 0.0199886 0.980011
1 0.0666397 0.93336
1 4.63714e-05 0.999954
1 0.0821548 0.917845
8 0.998832 0.00116819
1 0.179699 0.820301
1 0.000100567 0.999899
1 0.0884159 0.911584
8 1 3.72713e-07
8 0.93787 0.0621303
1 0.00117384 0.998826
8 1 1e-07
8 0.996421 0.00357919
8 0.999673 0.000327485
1 0.134984 0.865016
1 0.244936 0.755064
1 5.13796e-06 0.999995
1 0.42414 0.57586
8 1 1.76589e-07
1 0.122271 0.877729
1 0.0396708 0.960329
1 2.26999e-05 0.999977
1 0.0028569 0.997143
1 1.17356e-06 0.999999
1 1.93881e-05 0.999981
1 0.0155602 0.98444
8 1 1e-07
8 1 1e-07
1 0.101649 0.898351
8 0.98638 0.0136202
8 0.98539 0.01461
1 0.00893302 0.991067
1 0.233028 0.766972
1 0.0043991 0.995601
8 0.999994 5.62957e-06
8 0.999727 0.00027349
1 0.195621 0.804379
1 0.00482826 0.995172
1 0.00175633 0.998244
1 4.19548e-07 1
1 0.00850854 0.991491
1 0.0143651 0.985635
1 0.0184647 0.981535
1 0.0674237 0.932576
1 0.425576 0.574424
1 0.0921198 0.90788
8 1 1e-07
1 0.00140167 0.998598
1 0.0542212 0.945779
1 0.00991628 0.990084
8 0.530411 0.469589
1 0.000959021 0.999041
1 0.00108282 0.998917
8 0.703661 0.296339
1 0.00792259 0.992077
8 1 1e-07
1 0.00602203 0.993978
1 0.250196 0.749804
8 0.999998 1.6792e-06
1 0.207932 0.792068
1 0.0117452 0.988255
1 0.0260613 0.973939
1 0.000828721 0.999171
1 6.7755e-06 0.999993
1 0.0409115 0.959088
8 0.999999 6.82955e-07
1 1.12542e-06 0.999999
1 0.1113 0.8887
1 0.00820559 0.991794
8 1 1e-07
8 0.923363 0.0766374
1 0.0358607 0.964139
1 0.348342 0.651658
1 0.0030775 0.996923
1 0.475868 0.524132
8 0.999849 0.000151088
1 0.0033777 0.996622
1 0.120914 0.879086
1 0.0670122 0.932988
8 1 1e-07
1 0.00647087 0.993529
1 0.496365 0.503635
8 0.999971 2.93453e-05
1 0.00635523 0.993645
8 0.519261 0.480739
1 0.00515916 0.994841
1 0.000455686 0.999544
1 0.113964 0.886036
1 1e-07 1
1 0.00679621 0.993204
1 0.000357156 0.999643
1 0.0366957 0.963304
1 0.00228987 0.99771
8 0.998673 0.00132675
8 0.998569 0.0014306
1 0.00508184 0.994918
8 0.965062 0.0349377
1 0.313957 0.686043
8 0.799384 0.200616
1 0.00137848 0.998622
1 0.000628473 0.999372
1 0.000222933 0.999777
1 0.0084038 0.991596
8 1 1e-07
8 0.998524 0.00147587
1 0.00191981 0.99808
8 0.981472 0.018528
8 0.999992 8.39854e-06
8 1 1e-07
1 0.000315219 0.999685
1 0.483474 0.516526
1 0.000968391 0.999032
8 0.999795 0.000204958
8 0.63532 0.36468
1 3.4137e-05 0.999966
1 0.262743 0.737257
1 0.0224436 0.977556
1 0.000444782 0.999555
1 0.00159203 0.998408
1 0.163428 0.836572
1 0.394538 0.605462
1 0.00709314 0.992907
1 0.00745836 0.992542
8 0.906542 0.0934584
1 6.04827e-07 0.999999
1 0.00401268 0.995987
1 0.00239651 0.997603
1 0.11715 0.88285
1 0.00301095 0.996989
1 0.00710162 0.992898
8 0.99994 6.01099e-05
1 0.00430775 0.995692
8 0.998807 0.00119308
1 0.00114988 0.99885
1 0.00432085 0.995679
1 0.0136171 0.986383
1 0.0138098 0.98619
1 0.0299726 0.970027
1 0.00782085 0.992179
1 0.00182757 0.998172
1 0.129177 0.870823
1 0.0150728 0.984927
8 0.999611 0.000388824
1 0.469196 0.530804
1 0.00220558 0.997794
8 0.999078 0.00092243
8 0.503616 0.496384
8 0.999661 0.000339068
1 0.489227 0.510773
1 0.304666 0.695334
1 0.0247951 0.975205
1 0.0100951 0.989905
8 0.999695 0.00030513
1 0.0154761 0.984524
8 0.627474 0.372526
8 0.999496 0.000503844
8 0.758911 0.241089
8 1 1e-07
1 0.0711376 0.928862
1 0.00611078 0.993889
1 0.18778 0.81222
8 0.587876 0.412124
1 0.00888871 0.991111
1 4.08347e-07 1
1 0.471213 0.528787
1 0.0024821 0.997518
1 3.93005e-05 0.999961
8 1 1.8535e-07
1 0.00113376 0.998866
8 0.999998 1.5146e-06
1 3.49703e-06 0.999997
1 0.0119794 0.988021
1 2.39595e-05 0.999976
8 0.988692 0.0113075
1 8.82483e-05 0.999912
8 0.999986 1.4166e-05
8 0.998733 0.00126712
8 0.54166 0.45834
8 0.999565 0.00043528
8 1 1e-07
8 0.999868 0.000132448
8 0.503976 0.496024
1 0.00249005 0.99751
8 0.998865 0.00113481
8 0.983818 0.0161817
1 0.243325 0.756675
1 0.00134748 0.998653
1 0.0184115 0.981589
1 0.000978607 0.999021
1 1.56095e-05 0.999984
1 0.258473 0.741527
8 0.991429 0.00857125
8 0.894759 0.105241
1 1.26926e-06 0.999999
1 0.0171648 0.982835
1 0.00161656 0.998383
1 0.00267355 0.997326
8 0.99048 0.00951982
1 0.0656372 0.934363
8 0.633066 0.366934
1 0.0052346 0.994765
1 0.000487161 0.999513
1 4.94552e-07 1
1 0.165965 0.834035
1 0.184758 0.815242
1 1e-07 1
1 0.297271 0.702729
8 0.998977 0.00102332
8 0.608241 0.391759
8 0.976334 0.0236657
8 0.977353 0.0226469
1 0.0088678 0.991132
1 0.000205993 0.999794
1 0.00550186 0.994498
1 0.000190686 0.999809
1 2.81822e-05 0.999972
8 1 1e-07
1 0.00808057 0.991919
1 0.00783159 0.992168
8 0.999963 3.74112e-05
1 0.00166178 0.998338
8 0.928784 0.0712159
8 0.95222 0.04778
1 0.00234924 0.997651
1 4.29222e-06 0.999996
1 0.0186064 0.981394
1 0.0073611 0.992639
1 0.00337889 0.996621
8 0.999815 0.000184558
1 0.00954405 0.990456
1 0.0127308 0.987269
1 0.000790453 0.99921
1 0.00927391 0.990726
8 0.999757 0.000242913
1 6.88432e-05 0.999931
8 0.529836 0.470164
1 0.000138447 0.999862
1 0.000347189 0.999653
1 0.0999627 0.900037
8 0.998968 0.00103153
8 0.649135 0.350865
1 0.115828 0.884172
8 1 1e-07
1 0.0124347 0.987565
1 0.117566 0.882434
8 0.999583 0.000417318
1 0.180276 0.819724
1 0.074974 0.925026
8 0.608599 0.391401
8 0.972324 0.0276762
1 0.0534919 0.946508
8 0.996718 0.00328215
8 0.932982 0.0670182
8 0.999388 0.000611734
1 0.330142 0.669858
1 0.00442185 0.995578
8 0.999985 1.54943e-05
1 0.0218522 0.978148
1 0.165361 0.834639
1 6.50436e-06 0.999993
1 0.0707541 0.929246
1 0.0020405 0.997959
8 1 1e-07
1 0.00125908 0.998741
1 0.00169221 0.998308
8 1 1e-07
1 0.00265272 0.997347
1 0.00540813 0.994592
8 1 1e-07
1 0.287744 0.712256
1 0.0445941 0.955406
8 1 1e-07
1 0.00121289 0.998787
1 0.000724804 0.999275
1 2.68269e-07 1
8 0.986551 0.0134493
1 0.00598732 0.994013
1 0.0554716 0.944528
1 0.00420148 0.995799
8 0.999893 0.000106626
8 1 2.89077e-07
8 0.838129 0.161871
1 0.070715 0.929285
8 0.966305 0.0336955
1 0.00233063 0.997669
1 0.210719 0.789281
1 0.0298056 0.970194
1 0.00270606 0.997294
1 0.0312795 0.96872
1 0.111808 0.888192
1 0.00962987 0.99037
8 0.999823 0.000177384
8 0.999979 2.10079e-05
1 0.00305878 0.996941
8 0.995748 0.0042516
1 0.00369399 0.996306
8 0.996788 0.00321163
1 0.177868 0.822132
8 0.999274 0.000726017
1 0.129223 0.870777
8 0.999829 0.000170949
1 0.00150281 0.998497
1 0.0116972 0.988303
1 0.00893579 0.991064
8 0.886017 0.113983
8 1 4.01899e-07
8 0.99115 0.00885047
1 0.00142223 0.998578
1 0.0006413 0.999359
1 0.000107436 0.999893
1 0.00505925 0.994941
1 0.0487491 0.951251
1 0.13387 0.86613
8 0.999994 6.48132e-06
1 1.9998e-05 0.99998
1 1.60104e-05 0.999984
8 0.999497 0.000503407
8 0.999975 2.47361e-05
1 0.00485641 0.995144
1 0.0675506 0.932449
8 0.990364 0.00963566
1 6.8238e-05 0.999932
1 4.95747e-05 0.99995
1 0.0199115 0.980089
8 0.998781 0.00121935
1 0.0159883 0.984012
8 1 1e-07
1 0.0113328 0.988667
8 0.790407 0.209593
1 0.00690995 0.99309
1 0.0016294 0.998371
1 0.00072974 0.99927
8 0.557312 0.442688
1 0.000256874 0.999743
1 0.0137619 0.986238
8 0.973598 0.0264024
1 0.00154241 0.998458
8 0.99999 9.99375e-06
8 0.69351 0.30649
1 0.300544 0.699456
8 0.999966 3.44924e-05
1 0.11503 0.88497
1 1.00474e-05 0.99999
1 6.09908e-05 0.999939
1 0.0348212 0.965179
1 0.0108553 0.989145
1 0.0388452 0.961155
8 0.999808 0.000192348
1 1e-07 1
1 0.0113241 0.988676
1 0.223981 0.776019
8 0.913153 0.086847
8 0.997532 0.00246794
1 0.00878685 0.991213
8 0.999735 0.000265453
8 0.999996 4.45516e-06
8 0.97238 0.0276204
1 4.0964e-05 0.999959
1 0.00269224 0.997308
8 0.999311 0.000689453
8 0.863183 0.136817
8 1 1e-07
8 0.908397 0.0916032
1 0.0108309 0.989169
1 0.0193388 0.980661
1 0.000231898 0.999768
1 0.206456 0.793544
1 0.357308 0.642692
1 0.0865037 0.913496
1 0.00174148 0.998259
8 1 1e-07
1 0.364033 0.635967
1 0.173946 0.826054
1 0.017091 0.982909
1 8.45799e-07 0.999999
1 0.000153058 0.999847
1 0.0212471 0.978753
8 0.650805 0.349195
1 0.101392 0.898608
1 0.0213933 0.978607
8 1 1.80003e-07
1 0.00948306 0.990517
1 0.0307689 0.969231
1 0.000865811 0.999134
8 0.998666 0.00133357
1 0.241887 0.758113
8 0.876809 0.123191
8 1 1e-07
1 0.00551535 0.994485
1 0.0472575 0.952742
1 0.0915468 0.908453
1 0.00797175 0.992028
1 0.290097 0.709903
1 0.0398452 0.960155
1 0.00319676 0.996803
1 0.0612002 0.9388
1 0.0310014 0.968999
1 0.300155 0.699845
1 0.0268752 0.973125
8 0.98318 0.0168204
1 0.00952418 0.990476
1 9.21303e-06 0.999991
1 6.92545e-06 0.999993
1 0.00264219 0.997358
8 0.849219 0.150781
1 0.490631 0.509369
1 0.0230258 0.976974
1 0.0673962 0.932604
1 0.13677 0.86323
1 9.86678e-07 0.999999
1 0.000304883 0.999695
8 0.99858 0.00142039
1 0.0876496 0.91235
1 0.0138479 0.986152
8 0.999846 0.000154239
1 0.000601314 0.999399
1 0.00406712 0.995933
1 0.282466 0.717534
8 0.633592 0.366408
1 0.000686609 0.999313
8 1 1e-07
1 0.188893 0.811107
1 0.0017709 0.998229
1 0.204997 0.795003
8 0.915104 0.0848961
1 0.135005 0.864995
1 2.74254e-06 0.999997
8 0.738465 0.261535
1 0.00997101 0.990029
1 0.000397988 0.999602
8 0.644024 0.355976
1 0.067976 0.932024
8 0.992582 0.00741761
1 0.00102255 0.998977
1 0.000337305 0.999663
1 0.122119 0.877881
1 0.0276936 0.972306
1 0.0141042 0.985896
8 0.960594 0.0394055
1 0.00213069 0.997869
1 0.00238881 0.997611
1 0.226254 0.773746
8 0.908603 0.0913968
1 1.63963e-07 1
1 0.000712368 0.999288
8 0.996387 0.00361273
8 0.984706 0.0152943
1 0.406752 0.593248
8 0.999057 0.000943186
8 0.999892 0.00010767
1 0.0110819 0.988918
1 0.00156204 0.998438
8 0.74745 0.25255
1 0.000138537 0.999861
1 7.21284e-05 0.999928
8 0.99984 0.000160016
1 0.0136474 0.986353
1 0.00347134 0.996529
8 0.999949 5.0535e-05
1 0.228947 0.771053
1 0.000295402 0.999705
8 1 1e-07
1 0.0352727 0.964727
8 0.996438 0.00356177
1 1e-07 1
1 0.107348 0.892652
1 0.0052071 0.994793
1 1e-07 1
1 0.000968131 0.999032
1 2.1382e-06 0.999998
1 0.282491 0.717509
1 0.0719091 0.928091
1 0.00139066 0.998609
1 0.0060753 0.993925
1 0.200154 0.799846
1 0.000233405 0.999767
8 0.972948 0.0270515
8 0.951515 0.048485
1 0.131528 0.868472
1 0.0104004 0.9896
1 0.0215205 0.97848
1 0.366377 0.633623
1 0.425565 0.574435
1 0.217701 0.782299
8 0.930193 0.0698066
8 0.977586 0.0224142
8 1 1e-07
1 0.00172929 0.998271
1 0.0304752 0.969525
8 0.998795 0.0012053
8 0.999998 1.72508e-06
8 0.997288 0.00271212
1 0.000837048 0.999163
1 1.8797e-06 0.999998
1 0.207795 0.792205
1 0.00145177 0.998548
1 0.00577014 0.99423
1 0.43863 0.56137
8 0.999998 2.22078e-06
1 0.0127632 0.987237
8 0.746246 0.253754
1 0.12566 0.87434
1 8.91427e-06 0.999991
1 0.000473439 0.999527
1 0.013281 0.986719
1 0.00180073 0.998199
8 0.988341 0.0116589
8 0.882779 0.117221
1 0.00660325 0.993397
1 0.00167535 0.998325
1 0.377152 0.622848
1 0.000511899 0.999488
8 0.99998 2.01129e-05
8 0.985643 0.0143571
1 0.00842121 0.991579
1 0.336593 0.663407
8 0.99723 0.0027702
1 0.00290153 0.997098
1 1e-07 1
8 0.999106 0.000893816
1 0.000177722 0.999822
1 0.000190801 0.999809
1 0.00111152 0.998888
1 0.135855 0.864145
8 0.744475 0.255525
1 3.49098e-05 0.999965
1 0.000287777 0.999712
1 0.0213089 0.978691
1 0.172737 0.827263
8 0.99874 0.00125976
1 0.000508423 0.999492
1 0.00864046 0.99136
1 0.391339 0.608661
1 6.24736e-05 0.999938
1 0.401961 0.598039
1 0.19296 0.80704
8 0.999364 0.000636026
1 8.45881e-05 0.999915
1 0.0872307 0.912769
8 0.997446 0.00255445
1 0.0149677 0.985032
1 0.182446 0.817554
1 0.214009 0.785991
8 0.999818 0.000182182
8 0.999005 0.000995226
1 0.000192016 0.999808
1 0.12924 0.87076
1 0.479711 0.520289
8 0.999994 5.81052e-06
1 0.38815 0.61185
8 0.999275 0.000725282
8 1 4.16908e-07
8 0.914732 0.0852683
1 0.12686 0.87314
1 1.64835e-05 0.999984
1 0.00219069 0.997809
1 0.0354651 0.964535
8 1 1.44034e-07
1 0.00474451 0.995255
1 0.0523371 0.947663
1 0.00722303 0.992777
8 0.999998 1.80723e-06
1 0.00505979 0.99494
1 2.44332e-05 0.999976
1 0.0155892 0.984411
1 0.000438344 0.999562
8 0.997401 0.00259905
1 1.73621e-05 0.999983
1 0.00274833 0.997252
1 1.12558e-06 0.999999
1 0.00211275 0.997887
1 1e-07 1
1 0.00378111 0.996219
1 0.0670833 0.932917
1 0.0235811 0.976419
1 0.0402502 0.95975
8 0.997921 0.00207918
1 0.00372863 0.996271
8 0.998135 0.00186473
1 0.0134694 0.986531
8 0.92365 0.0763505
1 0.0273199 0.97268
1 9.46135e-05 0.999905
8 0.999854 0.000145518
1 0.00335768 0.996642
1 0.099935 0.900065
1 0.000601134 0.999399
1 0.00850088 0.991499
8 0.818679 0.181321
8 0.994882 0.00511775
8 0.999957 4.25569e-05
1 0.0428805 0.95712
1 0.00297546 0.997025
1 0.00806874 0.991931
1 0.000238032 0.999762
1 0.320858 0.679142
8 0.996406 0.00359373
8 0.999208 0.000791899
1 0.00880769 0.991192
1 0.00969685 0.990303
1 0.00298625 0.997014
1 0.223209 0.776791
1 0.00091903 0.999081
8 0.938466 0.0615341
1 0.464436 0.535564
1 1e-07 1
1 0.0374906 0.962509
1 0.104766 0.895234
8 0.999997 3.16292e-06
1 0.0260372 0.973963
1 6.06163e-07 0.999999
1 1e-07 1
8 0.999892 0.00010822
8 1 4.22784e-07
1 0.0858535 0.914146
1 0.00018668 0.999813
1 0.146091 0.853909
1 0.010227 0.989773
1 0.225533 0.774467
1 0.0202085 0.979792
1 0.00569826 0.994302
1 2.17817e-07 1
8 0.910419 0.0895809
1 0.000197459 0.999803
1 0.00729291 0.992707
1 0.000256042 0.999744
1 0.304234 0.695766
1 0.00455908 0.995441
8 0.654675 0.345325
8 0.996114 0.0038856
1 0.0344887 0.965511
1 1e-07 1
8 1 1e-07
1 0.0104539 0.989546
1 0.000635153 0.999365
8 0.999964 3.62163e-05
8 1 1e-07
1 7.1555e-05 0.999928
1 7.55507e-06 0.999992
1 0.0106166 0.989383
1 0.0584524 0.941548
8 0.945467 0.0545332
8 0.999365 0.00063483
8 0.995884 0.00411565
8 0.991928 0.00807232
8 0.9851 0.0148995
1 0.0201175 0.979882
1 0.00045726 0.999543
1 0.497922 0.502078
8 1 4.99961e-07
1 1.43677e-06 0.999999
1 0.000571406 0.999429
1 0.00268264 0.997317
1 0.478496 0.521504
8 0.726079 0.273921
1 0.251327 0.748673
1 2.39167e-05 0.999976
1 0.177995 0.822005
1 0.0449423 0.955058
8 1 1e-07
8 0.793747 0.206253
1 0.116898 0.883102
8 0.944221 0.0557788
1 0.000164189 0.999836
1 0.0345612 0.965439
8 0.990432 0.00956801
8 0.99311 0.00689004
1 0.00350608 0.996494
1 0.000730011 0.99927
8 0.999998 1.65238e-06
1 0.146314 0.853686
8 1 1e-07
1 0.0372739 0.962726
1 0.0593082 0.940692
1 0.0288335 0.971166
1 0.0233649 0.976635
1 0.0039685 0.996032
1 0.000296656 0.999703
1 0.0467925 0.953208
1 0.000712899 0.999287
8 1 1e-07
8 1 2.98872e-07
8 0.999997 2.77895e-06
1 0.130381 0.869619
1 0.000553938 0.999446
8 0.999483 0.00051726
1 0.0220916 0.977908
8 0.969557 0.0304434
8 0.998683 0.00131662
1 0.0542098 0.94579
8 1 1e-07
1 0.061697 0.938303
1 0.00340594 0.996594
8 0.983591 0.0164086
1 0.00899252 0.991007
8 0.999744 0.00025595
8 0.958729 0.0412708
1 0.318533 0.681467
1 0.0277648 0.972235
8 0.654265 0.345735
8 0.999994 6.09986e-06
1 0.0370095 0.96299
8 0.999999 1.14722e-06
1 0.00176231 0.998238
8 0.977954 0.0220462
1 3.92668e-05 0.999961
8 0.994147 0.00585273
8 1 1.09357e-07
1 9.98928e-07 0.999999
1 0.00264717 0.997353
8 0.999995 4.57851e-06
1 0.0255694 0.974431
8 0.797196 0.202804
1 0.0203557 0.979644
8 1 3.1007e-07
1 9.72803e-05 0.999903
1 0.00038301 0.999617
8 0.999685 0.000315418
1 0.163509 0.836491
1 0.000823785 0.999176
1 0.0632079 0.936792
1 1.49898e-05 0.999985
1 0.00750957 0.99249
1 0.00476885 0.995231
1 0.332249 0.667751
1 0.106882 0.893118
8 0.768215 0.231785
1 0.0147153 0.985285
1 0.00246393 0.997536
1 0.014319 0.985681
8 0.93609 0.0639099
8 1 3.07532e-07
1 0.0680918 0.931908
1 0.172139 0.827861
8 0.830544 0.169456
1 0.000440989 0.999559
1 0.0380572 0.961943
1 0.037792 0.962208
1 0.00505368 0.994946
8 0.999893 0.000107009
1 0.000497857 0.999502
1 0.459715 0.540285
8 0.570345 0.429655
1 0.000596089 0.999404
1 0.0208777 0.979122
8 0.990234 0.00976605
1 0.209317 0.790683
1 1.60242e-06 0.999998
1 0.138933 0.861067
1 0.00099358 0.999006
1 0.000334586 0.999665
1 0.0315023 0.968498
8 0.999991 9.10318e-06
1 0.000552031 0.999448
1 0.00909796 0.990902
1 0.164853 0.835147
8 0.524418 0.475582
8 0.973121 0.0268786
8 0.99965 0.000349836
8 0.998267 0.00173332
1 0.0298818 0.970118
1 0.107633 0.892367
1 0.0121289 0.987871
8 0.942247 0.0577533
1 6.30922e-06 0.999994
8 0.559764 0.440236
1 0.00104123 0.998959
1 3.79502e-05 0.999962
1 0.052937 0.947063
8 1 1e-07
8 1 1e-07
8 1 1e-07
8 0.975381 0.0246185
1 0.239946 0.760054
8 0.937108 0.0628921
1 0.0128489 0.987151
1 0.24205 0.75795
1 5.50611e-07 0.999999
8 0.999998 1.60657e-06
1 0.000526015 0.999474
1 0.000972076 0.999028
8 1 1.19159e-07
1 0.0370597 0.96294
1 0.0304841 0.969516
1 0.00353085 0.996469
1 0.0743188 0.925681
1 0.000158066 0.999842
1 8.4904e-05 0.999915
1 0.267176 0.732824
1 0.000141041 0.999859
1 0.00283049 0.99717
8 0.91844 0.0815599
1 0.202094 0.797906
1 0.00791687 0.992083
1 0.0109441 0.989056
1 0.115746 0.884254
1 0.00217146 0.997829
1 7.14758e-05 0.999929
1 0.0201141 0.979886
1 1.55732e-05 0.999984
8 0.998513 0.00148705
8 1 1e-07
8 0.545632 0.454368
8 0.674676 0.325324
1 0.193357 0.806643
1 0.0136668 0.986333
1 0.426799 0.573201
8 0.999757 0.000243422
8 0.999872 0.000127857
1 0.0240707 0.975929
8 0.999559 0.000441068
1 0.00032284 0.999677
1 3.22338e-05 0.999968
1 0.00041434 0.999586
1 0.00133219 0.998668
1 4.46282e-06 0.999996
8 0.85039 0.14961
1 0.000436569 0.999563
1 0.000196673 0.999803
1 4.97951e-06 0.999995
1 0.00126828 0.998732
1 0.200513 0.799487
8 0.999965 3.51475e-05
1 0.000239131 0.999761
1 0.0647063 0.935294
1 0.00112855 0.998871
8 0.996675 0.00332529
8 0.999954 4.56287e-05
8 0.967528 0.0324721
1 0.0357778 0.964222
8 0.994844 0.00515607
1 0.0375095 0.96249
1 0.00993787 0.990062
8 0.982862 0.0171377
8 0.99433 0.00567
1 0.0575825 0.942418
8 0.999842 0.000157549
1 0.00669578 0.993304
8 0.892828 0.107172
8 0.994051 0.00594897
8 1 1e-07
8 0.610299 0.389701
1 0.016815 0.983185
8 0.707742 0.292258
8 1 1e-07
8 0.999996 3.71053e-06
1 0.453344 0.546656
8 0.829793 0.170207
1 0.310142 0.689858
8 0.979622 0.0203783
1 0.292436 0.707564
1 0.335975 0.664025
8 1 1e-07
1 0.290065 0.709935
8 0.999661 0.000339216
1 0.00897374 0.991026
1 0.03474 0.96526
1 0.275762 0.724238
8 0.999997 3.45245e-06
1 0.188003 0.811997
1 0.01418 0.98582
1 0.00862742 0.991373
1 0.0068428 0.993157
1 0.000154863 0.999845
1 0.000595236 0.999405
8 0.976655 0.0233451
8 0.999998 1.6579e-06
1 1e-07 1
8 0.995639 0.00436098
1 6.88941e-05 0.999931
8 0.991095 0.00890531
1 0.00682927 0.993171
1 0.322142 0.677858
1 4.28436e-05 0.999957
1 0.00760385 0.992396
1 2.15761e-05 0.999978
1 3.21035e-05 0.999968
8 1 1e-07
8 1 1e-07
1 0.000243901 0.999756
8 0.999842 0.000157891
8 0.942867 0.0571326
1 0.0154656 0.984534
1 0.00134912 0.998651
1 0.0119654 0.988035
1 0.0213471 0.978653
1 0.053772 0.946228
8 0.99987 0.000130129
1 0.000977826 0.999022
8 0.975034 0.0249659
1 0.000556798 0.999443
8 0.994871 0.00512903
8 0.981687 0.0183132
1 0.0866517 0.913348
8 1 1e-07
1 0.0134738 0.986526
1 0.00276415 0.997236
1 0.0135691 0.986431
1 2.42654e-07 1
1 0.0166854 0.983315
8 0.991229 0.00877112
1 0.268073 0.731927
1 0.00507903 0.994921
1 0.0551066 0.944893
1 7.24018e-06 0.999993
1 0.0106542 0.989346
1 0.0468321 0.953168
8 1 1e-07
8 0.714914 0.285086
1 0.0223133 0.977687
8 0.566792 0.433208
1 0.0568655 0.943134
1 8.93652e-05 0.999911
1 0.000693135 0.999307
1 0.0448808 0.955119
8 0.999946 5.37048e-05
1 0.00655868 0.993441
1 0.000683369 0.999317
1 0.121075 0.878925
1 0.0616804 0.93832
8 0.999047 0.000952881
1 0.0565177 0.943482
1 0.0171532 0.982847
1 0.147174 0.852826
8 0.999928 7.15533e-05
8 0.94357 0.0564298
8 0.654337 0.345663
1 0.0309467 0.969053
1 0.228895 0.771105
8 0.999967 3.26506e-05
1 0.0449288 0.955071
1 0.010923 0.989077
1 0.164038 0.835962
1 0.00146266 0.998537
1 0.000185917 0.999814
1 0.00491761 0.995082
1 1e-07 1
8 0.933549 0.0664506
8 0.999401 0.000598507
1 0.00439028 0.99561
1 0.0317839 0.968216
8 0.854891 0.145109
1 0.000491774 0.999508
8 0.60998 0.39002
8 0.999889 0.000111291
1 0.0221884 0.977812
1 0.0082497 0.99175
1 0.00213691 0.997863
8 0.999915 8.47352e-05
1 0.000421444 0.999579
1 0.103894 0.896106
1 0.0779943 0.922006
1 0.0263235 0.973677
1 0.0358261 0.964174
8 1 1.78041e-07
8 0.999207 0.000792912
1 0.434673 0.565327
8 0.999765 0.000235456
8 0.995975 0.00402511
8 0.998248 0.00175152
1 1.42091e-05 0.999986
8 0.992268 0.00773192
1 0.331372 0.668628
8 0.999997 2.70302e-06
1 0.0270247 0.972975
1 1.97494e-06 0.999998
1 0.0266975 0.973303
1 0.00244421 0.997556
1 0.00324468 0.996755
1 0.000484646 0.999515
1 0.00337411 0.996626
1 3.53986e-05 0.999965
1 0.150057 0.849943
8 0.964944 0.0350562
1 0.361669 0.638331
1 0.0193506 0.980649
1 0.0588014 0.941199
8 0.999609 0.000390876
8 0.998591 0.00140946
1 0.41814 0.58186
1 0.0235062 0.976494
1 0.000694007 0.999306
8 0.843375 0.156625
1 0.197298 0.802702
1 0.000106168 0.999894
1 0.0401201 0.95988
1 0.00121449 0.998786
8 1 1e-07
1 0.0154072 0.984593
1 4.46742e-05 0.999955
1 0.00116787 0.998832
1 0.238784 0.761216
1 0.0150898 0.98491
1 0.00200488 0.997995
8 0.99997 3.02047e-05
8 0.775403 0.224597
1 0.00159602 0.998404
1 0.009284 0.990716
1 0.0852988 0.914701
8 0.95892 0.0410795
1 0.0146069 0.985393
8 1 1e-07
1 7.60621e-07 0.999999
1 1e-07 1
1 0.000256616 0.999743
1 0.00358573 0.996414
8 0.984092 0.0159081
8 0.999066 0.000934003
1 0.0224193 0.977581
1 0.0419976 0.958002
1 0.0189244 0.981076
1 6.76284e-06 0.999993
1 0.00267323 0.997327
1 0.00519514 0.994805
8 0.953005 0.0469947
1 0.250974 0.749026
8 0.999601 0.000398535
1 0.0715547 0.928445
1 0.0365426 0.963457
8 0.999648 0.000351598
1 0.00204904 0.997951
8 0.999901 9.88448e-05
1 1.07168e-05 0.999989
1 0.338479 0.661521
1 5.42303e-06 0.999995
8 0.549845 0.450155
1 0.0236153 0.976385
1 0.059806 0.940194
1 0.0232678 0.976732
1 0.0220715 0.977929
8 0.831541 0.168459
1 0.265739 0.734261
1 0.00025822 0.999742
1 0.0597077 0.940292
8 0.99668 0.00331961
1 0.00555201 0.994448
8 0.998784 0.00121642
1 0.0094785 0.990522
1 0.000123345 0.999877
1 8.57975e-06 0.999991
8 0.969884 0.030116
8 0.9945 0.00549992
1 1.83742e-05 0.999982
8 0.999997 2.62118e-06
1 8.32918e-05 0.999917
1 0.15 0.85
8 0.581607 0.418393
1 0.00480939 0.995191
8 1 1e-07
8 0.932082 0.0679181
1 0.211163 0.788837
8 0.969605 0.0303952
1 4.67965e-06 0.999995
8 0.976577 0.023423
1 0.147417 0.852583
8 0.999923 7.66473e-05
1 3.85555e-07 1
1 3.5443e-07 1
1 1.44765e-05 0.999986
1 0.000294729 0.999705
1 0.00114944 0.998851
1 0.0167291 0.983271
1 0.0126806 0.987319
1 0.00322772 0.996772
1 0.0472336 0.952766
1 0.000790408 0.99921
1 0.0101515 0.989848
8 0.57957 0.42043
8 0.999702 0.000297827
1 0.166201 0.833799
1 0.00452527 0.995475
1 0.0987167 0.901283
1 0.000255849 0.999744
1 0.00138837 0.998612
1 0.00124369 0.998756
1 0.0472913 0.952709
1 0.154523 0.845477
8 0.968269 0.0317314
1 1e-07 1
1 0.00314369 0.996856
8 1 1e-07
1 4.22781e-07 1
1 0.0151644 0.984836
8 0.999956 4.40537e-05
1 0.000236411 0.999764
1 0.139404 0.860596
1 0.0108697 0.98913
1 0.00171574 0.998284
8 0.999991 8.99908e-06
1 1.75778e-05 0.999982
1 0.007525 0.992475
1 1e-07 1
1 0.485919 0.514081
1 0.126654 0.873346
8 1 1e-07
8 0.999981 1.87695e-05
8 0.771222 0.228778
8 1 1e-07
1 1.30538e-06 0.999999
1 0.0021355 0.997864
1 0.0263704 0.97363
1 0.000240641 0.999759
1 0.495821 0.504179
1 0.000155142 0.999845
8 0.657205 0.342795
1 4.08055e-07 1
1 0.00141208 0.998588
8 0.999997 3.0929e-06
8 0.999998 1.61863e-06
8 0.967341 0.0326594
8 0.999563 0.000436761
1 8.11528e-06 0.999992
8 0.999161 0.00083923
8 1 1e-07
8 0.541133 0.458867
1 0.0065349 0.993465
1 0.000510532 0.999489
1 0.000909092 0.999091
1 0.000883782 0.999116
1 0.318217 0.681783
8 0.980495 0.0195046
8 0.993192 0.00680801
1 0.000228741 0.999771
8 0.700215 0.299785
1 4.20611e-06 0.999996
8 0.999991 8.78855e-06
1 0.00149387 0.998506
8 0.982047 0.0179529
8 0.999204 0.000795963
1 0.000821471 0.999179
1 0.000572897 0.999427
1 0.308631 0.691369
8 0.882004 0.117996
1 0.00547177 0.994528
1 0.0145148 0.985485
8 0.999629 0.000371462
1 0.00700371 0.992996
1 0.00261843 0.997382
8 0.999847 0.000152778
8 0.999819 0.000181451
1 0.0165173 0.983483
1 1.38541e-07 1
1 0.058692 0.941308
1 0.00173299 0.998267
1 0.0336558 0.966344
8 0.993812 0.00618792
8 0.651504 0.348496
8 1 1e-07
1 0.000103312 0.999897
1 1.93178e-05 0.999981
8 0.800171 0.199829
1 0.0827262 0.917274
1 0.000371191 0.999629
8 1 1e-07
1 0.00602242 0.993978
1 0.125462 0.874538
8 1 1e-07
1 1.38317e-05 0.999986
8 0.752716 0.247284
8 0.553867 0.446133
8 0.999128 0.000872229
1 0.000178934 0.999821
1 0.00235955 0.99764
8 0.993758 0.00624166
1 0.0172456 0.982754
1 0.0386173 0.961383
1 0.000436265 0.999564
1 0.00147447 0.998526
1 0.000878778 0.999121
8 1 1e-07
8 0.983418 0.0165816
8 0.997337 0.00266342
1 4.65543e-05 0.999953
1 0.000306646 0.999693
1 0.125654 0.874346
8 0.999921 7.93902e-05
1 2.00956e-06 0.999998
1 0.000640669 0.999359
1 0.000675249 0.999325
1 8.63562e-07 0.999999
1 0.0243123 0.975688
1 0.0177322 0.982268
8 1 1e-07
1 0.00827404 0.991726
8 0.999815 0.000185383
1 0.000477793 0.999522
1 0.0297482 0.970252
1 0.0029304 0.99707
8 0.99963 0.000370372
1 0.0199219 0.980078
1 0.0123965 0.987603
1 0.0122642 0.987736
1 0.0012817 0.998718
1 0.0142757 0.985724
1 0.00149095 0.998509
1 0.121229 0.878771
8 0.760604 0.239396
1 0.117032 0.882968
8 0.975387 0.0246132
8 1 1e-07
1 0.376451 0.623549
8 1 1e-07
8 0.998663 0.00133675
8 1 1e-07
8 0.511066 0.488934
1 9.84508e-07 0.999999
1 1.15349e-05 0.999988
1 0.000115122 0.999885
8 0.998234 0.00176595
1 0.000465049 0.999535
1 0.00135129 0.998649
8 0.978366 0.0216339
1 4.51104e-07 1
8 0.999993 7.20925e-06
1 0.000340596 0.999659
1 0.0512403 0.94876
8 0.607828 0.392172
1 0.00629517 0.993705
1 0.138866 0.861134
1 0.00147278 0.998527
1 0.00343103 0.996569
8 0.851419 0.148581
1 0.000159093 0.999841
1 0.0064793 0.993521
8 0.999983 1.73649e-05
1 0.0022317 0.997768
1 0.00870433 0.991296
1 0.153044 0.846956
1 0.003378 0.996622
1 0.00169126 0.998309
8 0.999988 1.23314e-05
1 0.0252479 0.974752
1 0.000247323 0.999753
1 0.0127421 0.987258
1 0.0163109 0.983689
1 7.04079e-05 0.99993
1 0.0448213 0.955179
1 0.122207 0.877793
8 0.987547 0.0124528
1 1.1945e-05 0.999988
1 0.0896569 0.910343
1 0.00270815 0.997292
1 0.0818292 0.918171
1 3.06598e-05 0.999969
1 0.00377109 0.996229
1 0.00253545 0.997465
1 0.0405933 0.959407
1 0.000702205 0.999298
8 0.995382 0.00461758
1 0.0266178 0.973382
1 0.381473 0.618527
8 0.997586 0.00241365
8 0.532771 0.467229
8 0.998269 0.00173118
1 0.0183321 0.981668
1 1e-07 1
8 0.99858 0.00142046
8 0.945698 0.0543023
8 0.734861 0.265139
1 0.000398059 0.999602
8 0.999432 0.000568414
1 0.00831785 0.991682
8 1 1e-07
8 0.999964 3.57254e-05
8 0.99827 0.00173002
1 0.0373182 0.962682
1 0.000233631 0.999766
1 0.00941059 0.990589
8 0.886906 0.113094
1 9.74815e-07 0.999999
1 0.0088502 0.99115
1 0.0108971 0.989103
1 0.00398793 0.996012
8 0.758443 0.241557
8 0.999942 5.75848e-05
1 0.0130776 0.986922
1 0.000432334 0.999568
8 0.877377 0.122623
1 1.35178e-06 0.999999
1 0.000326093 0.999674
1 0.00517636 0.994824
1 0.218065 0.781935
1 0.071535 0.928465
8 0.999871 0.000128565
1 9.85466e-06 0.99999
1 4.7289e-06 0.999995
1 0.00520631 0.994794
1 0.00140006 0.9986
1 0.192474 0.807526
8 0.999664 0.000336476
1 0.0167864 0.983214
1 0.16981 0.83019
1 0.0275547 0.972445
1 0.0759707 0.924029
1 0.358963 0.641037
1 0.000549512 0.99945
1 0.0229895 0.977011
8 0.938426 0.0615737
1 0.00143727 0.998563
8 0.999993 7.34236e-06
8 0.999999 7.40836e-07
1 1.08897e-06 0.999999
8 0.999992 7.57412e-06
8 0.613167 0.386833
1 0.000513287 0.999487
8 0.999985 1.54904e-05
1 0.0488291 0.951171
1 0.0111287 0.988871
8 0.998778 0.00122156
8 0.99997 3.01103e-05
1 0.000905136 0.999095
8 0.78833 0.21167
1 0.000422584 0.999577
8 0.999995 4.99501e-06
8 0.999453 0.000547233
1 9.21844e-05 0.999908
1 0.0168026 0.983197
1 0.0593338 0.940666
1 2.15466e-05 0.999978
1 0.325551 0.674449
8 0.999987 1.32394e-05
8 0.909 0.0909998
1 2.10119e-05 0.999979
1 0.000135043 0.999865
8 0.985208 0.0147918
8 0.892034 0.107966
1 0.00290167 0.997098
1 0.0813817 0.918618
1 0.000192673 0.999807
1 2.31908e-05 0.999977
8 0.999999 6.44315e-07
8 0.999992 8.06276e-06
1 0.1113 0.8887
1 0.00121669 0.998783
1 0.00450173 0.995498
8 0.999525 0.00047537
8 0.943785 0.0562148
1 0.0593382 0.940662
8 0.897983 0.102017
1 0.00989971 0.9901
1 0.00323666 0.996763
1 0.0886437 0.911356
1 0.156476 0.843524
1 0.000661947 0.999338
1 0.0872656 0.912734
1 2.92315e-07 1
1 0.0253103 0.97469
1 0.00014243 0.999858
1 1.67422e-05 0.999983
1 0.00239677 0.997603
8 0.999989 1.06764e-05
8 0.999999 6.63328e-07
1 0.000339013 0.999661
1 0.331824 0.668176
8 0.999819 0.000180563
8 0.962553 0.0374466
8 0.878953 0.121047
8 0.986136 0.0138639
1 0.0370506 0.962949
8 0.999997 2.63071e-06
1 0.0229205 0.977079
8 1 1e-07
8 0.999588 0.000411543
1 0.00144973 0.99855
1 0.0596316 0.940368
8 0.999996 4.0202e-06
8 0.999991 9.02292e-06
8 1 1e-07
1 0.0199635 0.980036
8 0.999473 0.000526679
8 0.960003 0.0399975
1 0.000722239 0.999278
1 1e-07 1
1 0.334939 0.665061
1 0.000254818 0.999745
1 0.00023473 0.999765
1 0.0139965 0.986003
1 0.0131469 0.986853
8 1 2.68959e-07
1 0.0121341 0.987866
1 0.0144764 0.985524
1 0.0194592 0.980541
1 0.145948 0.854052
8 0.93488 0.0651201
1 2.68388e-05 0.999973
8 0.887131 0.112869
1 0.152836 0.847164
1 0.00127181 0.998728
1 0.0210916 0.978908
1 9.46932e-05 0.999905
1 0.0506496 0.94935
8 0.999965 3.47464e-05
1 0.000163269 0.999837
8 0.832848 0.167152
1 0.301598 0.698402
8 1 1e-07
8 0.999999 1.26525e-06
8 0.829437 0.170563
1 0.144527 0.855473
1 0.484719 0.515281
1 0.000537684 0.999462
1 0.000769564 0.99923
8 0.964298 0.0357022
1 0.241436 0.758564
1 0.193694 0.806306
8 0.999833 0.000166574
1 0.00132924 0.998671
1 0.0890477 0.910952
1 0.135192 0.864808
8 0.697248 0.302752
1 0.133663 0.866337
1 0.169967 0.830033
8 0.797235 0.202765
8 1 1e-07
1 0.00039608 0.999604
1 0.0196404 0.98036
1 0.495813 0.504187
1 0.0288477 0.971152
1 9.85689e-06 0.99999
1 2.32494e-05 0.999977
1 0.000277475 0.999723
8 0.998138 0.00186157
1 0.265518 0.734482
1 0.117436 0.882564
8 0.620675 0.379325
1 0.00892368 0.991076
8 0.999664 0.000336261
1 7.69479e-06 0.999992
1 0.484782 0.515218
1 0.419547 0.580453
1 0.00154474 0.998455
1 1.52859e-05 0.999985
1 0.0303161 0.969684
1 0.0590303 0.94097
8 0.997331 0.00266879
8 0.831256 0.168744
8 0.997973 0.00202724
1 0.00105759 0.998942
1 0.0876989 0.912301
1 2.55536e-06 0.999997
1 0.031454 0.968546
1 0.0380465 0.961953
1 0.00847674 0.991523
1 0.383792 0.616208
8 0.999995 4.89603e-06
1 0.352521 0.647479
8 0.967244 0.0327557
1 0.0106088 0.989391
1 0.00590665 0.994093
8 0.999985 1.5451e-05
1 0.0217256 0.978274
1 0.011073 0.988927
1 0.0739157 0.926084
1 0.00131771 0.998682
1 0.000673873 0.999326
1 0.00778916 0.992211
1 0.120136 0.879864
1 0.00277246 0.997228
1 0.00253412 0.997466
8 0.998284 0.00171565
1 0.0934166 0.906583
1 0.0905536 0.909446
1 0.31428 0.68572
1 0.0178052 0.982195
1 0.227881 0.772119
8 0.979052 0.0209478
1 0.000256626 0.999743
1 0.000576281 0.999424
1 0.048653 0.951347
1 1e-07 1
8 0.988184 0.0118165
8 1 4.1847e-07
1 0.000373419 0.999627
1 0.0245526 0.975447
8 0.997072 0.00292811
8 0.999411 0.000589311
8 0.999996 4.12387e-06
1 0.00845634 0.991544
1 0.100548 0.899452
1 0.00376191 0.996238
8 0.62814 0.37186
1 0.0900232 0.909977
1 0.295526 0.704474
1 0.175341 0.824659
8 0.883871 0.116129
8 0.991788 0.00821159
1 0.00243125 0.997569
1 4.00864e-07 1
8 0.992189 0.0078108
8 1 1e-07
1 0.0112822 0.988718
8 0.996139 0.0038614
1 0.34164 0.65836
1 0.0319848 0.968015
1 0.0656626 0.934337
1 0.0194753 0.980525
1 0.000272922 0.999727
8 0.997787 0.00221349
8 1 1e-07
1 0.00110442 0.998896
8 1 1.14879e-07
8 0.985851 0.0141492
1 1.31555e-05 0.999987
1 1.46929e-05 0.999985
8 0.874024 0.125976
8 0.910415 0.0895853
8 1 1e-07
8 0.989016 0.0109842
8 0.988315 0.0116852
8 0.990242 0.00975754
1 0.00146658 0.998533
8 0.999997 2.52808e-06
1 0.0914997 0.9085
1 7.85064e-06 0.999992
1 0.000479771 0.99952
1 3.97737e-06 0.999996
1 0.00308257 0.996917
1 0.000128997 0.999871
8 1 1e-07
1 0.000313042 0.999687
1 0.0592436 0.940756
1 0.313962 0.686038
1 0.000900075 0.9991
1 0.107985 0.892015
8 0.990437 0.0095631
8 0.999267 0.000732541
1 0.268503 0.731497
1 0.000781054 0.999219
1 0.00627428 0.993726
8 0.986834 0.0131664
8 0.975544 0.0244563
1 0.0161021 0.983898
8 0.899751 0.100249
8 0.999197 0.000803347
1 0.000638155 0.999362
8 0.999998 2.43087e-06
1 0.000134114 0.999866
8 0.999756 0.000244418
1 0.000150198 0.99985
1 1.34724e-05 0.999987
8 0.916577 0.083423
1 0.0787334 0.921267
1 0.00024028 0.99976
1 1.45952e-05 0.999985
1 2.54994e-05 0.999975
8 0.81045 0.18955
1 0.00860477 0.991395
1 7.18646e-05 0.999928
8 0.762648 0.237352
1 1.14079e-06 0.999999
1 0.000445487 0.999555
8 0.999602 0.000398093
1 0.0349076 0.965092
8 0.995807 0.00419309
1 0.00334737 0.996653
1 0.0440571 0.955943
1 0.0105915 0.989408
1 0.00123662 0.998763
1 1.00044e-05 0.99999
1 0.000109078 0.999891
1 2.68493e-05 0.999973
8 0.749895 0.250105
1 1.19464e-05 0.999988
1 1.72491e-05 0.999983
8 1 1e-07
1 0.00630941 0.993691
8 0.985553 0.0144471
1 0.000115108 0.999885
1 0.0014921 0.998508
1 0.00121214 0.998788
1 0.119153 0.880847
8 0.999997 2.92949e-06
8 0.581292 0.418708
1 0.0126829 0.987317
1 2.04881e-06 0.999998
1 0.0150329 0.984967
1 0.00618302 0.993817
8 0.999137 0.000862613
1 8.87082e-06 0.999991
1 0.00350576 0.996494
1 0.21364 0.78636
1 8.34904e-07 0.999999
1 0.00212483 0.997875
1 0.00174419 0.998256
8 0.998653 0.00134693
1 1e-07 1
1 0.00217272 0.997827
1 9.00186e-05 0.99991
8 0.99739 0.00260986
1 0.0855646 0.914435
1 0.144252 0.855748
8 0.995237 0.00476268
1 0.000262063 0.999738
1 0.0121498 0.98785
1 1e-07 1
8 0.568884 0.431116
1 7.85229e-07 0.999999
1 0.000662211 0.999338
1 0.00563668 0.994363
8 0.858002 0.141998
8 0.999821 0.000179446
8 0.765842 0.234158
1 0.00721367 0.992786
1 0.319981 0.680019
8 0.596633 0.403367
1 0.224328 0.775672
1 0.0106851 0.989315
8 0.999981 1.90707e-05
1 0.0839397 0.91606
1 0.00110859 0.998891
1 0.00470664 0.995293
8 0.999774 0.000226146
8 0.999387 0.000613253
8 1 1e-07
8 0.999999 5.53524e-07
1 0.00713123 0.992869
8 0.986867 0.0131328
1 0.000205738 0.999794
8 0.543873 0.456127
8 0.771647 0.228353
1 0.0477255 0.952274
1 0.0395607 0.960439
1 0.00904944 0.990951
8 1 1e-07
8 0.999473 0.000527171
8 0.999946 5.37907e-05
1 0.173236 0.826764
8 1 4.8019e-07
8 0.990322 0.00967782
1 3.18239e-05 0.999968
1 0.00123009 0.99877
1 7.91358e-05 0.999921
1 0.0131976 0.986802
8 1 1e-07
1 0.0675834 0.932417
1 0.00381244 0.996188
1 0.0276544 0.972346
8 0.934485 0.0655146
1 0.39165 0.60835
1 0.0507746 0.949225
1 0.119549 0.880451
1 0.00209127 0.997909
1 0.458572 0.541428
1 0.0498205 0.950179
1 0.0203776 0.979622
8 0.912834 0.0871662
8 1 1e-07
1 0.000103 0.999897
8 0.988052 0.0119478
1 0.00252381 0.997476
1 0.0365627 0.963437
8 0.588914 0.411086
1 0.0224541 0.977546
8 0.904179 0.0958214
8 0.999708 0.000291776
1 4.68713e-06 0.999995
8 0.999968 3.16301e-05
1 1.55997e-06 0.999998
1 0.00552699 0.994473
8 0.999933 6.71417e-05
1 0.222071 0.777929
1 0.040163 0.959837
1 0.0198331 0.980167
8 0.524867 0.475133
8 0.999872 0.000128269
8 0.963192 0.0368084
1 0.00517049 0.99483
8 1 1e-07
1 0.00143219 0.998568
1 0.0896378 0.910362
8 0.549551 0.450449
8 1 1e-07
1 0.00196925 0.998031
8 0.999335 0.000665127
8 0.572456 0.427544
8 0.89421 0.10579
1 0.021021 0.978979
1 0.00691947 0.993081
1 0.00632582 0.993674
1 0.0396946 0.960305
1 0.358107 0.641893
1 0.0458972 0.954103
8 0.834713 0.165287
1 0.0397837 0.960216
1 0.100858 0.899142
8 1 1e-07
1 0.0120666 0.987933
1 0.000611433 0.999389
1 0.00827745 0.991723
8 0.999034 0.000966335
8 1 1e-07
1 0.422628 0.577372
8 0.999999 6.66148e-07
1 0.00709513 0.992905
1 1.15267e-06 0.999999
8 0.87956 0.12044
1 0.0215995 0.9784
8 0.999941 5.93155e-05
1 0.116971 0.883029
8 0.999992 8.15142e-06
8 0.999993 6.92994e-06
1 1.34329e-06 0.999999
1 0.0277585 0.972241
1 0.0003181 0.999682
8 0.998212 0.00178769
1 0.0855482 0.914452
1 0.000475438 0.999525
8 0.763205 0.236795
8 0.774633 0.225367
1 0.000348627 0.999651
8 0.999979 2.08827e-05
1 0.00268822 0.997312
8 0.999878 0.000122028
1 0.00031963 0.99968
1 0.0602448 0.939755
8 0.673138 0.326862
1 0.00213859 0.997861
1 0.00115869 0.998841
1 0.000898151 0.999102
1 0.0844149 0.915585
1 0.0265141 0.973486
8 0.999964 3.62364e-05
1 0.00018175 0.999818
1 0.00821005 0.99179
8 0.69698 0.30302
8 0.850996 0.149004
1 4.18422e-06 0.999996
8 0.998799 0.00120121
8 0.50569 0.49431
1 0.000196613 0.999803
1 0.000130785 0.999869
8 0.761069 0.238931
1 0.00844252 0.991557
8 0.58266 0.41734
8 0.999944 5.64873e-05
8 1 1e-07
1 0.0233336 0.976666
8 1 1e-07
8 0.625844 0.374156
1 0.22495 0.77505
1 0.00977269 0.990227
1 0.0667582 0.933242
1 6.18576e-05 0.999938
1 0.0379616 0.962038
1 1e-07 1
1 0.0658459 0.934154
8 0.999901 9.87169e-05
1 0.000512449 0.999488
1 0.00098461 0.999015
1 0.001959 0.998041
1 0.0019427 0.998057
1 0.0572369 0.942763
1 0.140343 0.859657
8 0.861712 0.138288
8 0.999995 4.50337e-06
1 0.00419299 0.995807
1 0.270505 0.729495
8 0.870185 0.129815
8 1 1.47558e-07
1 0.0371487 0.962851
1 0.24999 0.75001
1 0.000144888 0.999855
8 1 1e-07
8 0.997964 0.0020358
8 0.999864 0.000135678
8 1 1.03949e-07
1 0.0420976 0.957902
1 7.93772e-05 0.999921
1 0.0249173 0.975083
1 0.000109678 0.99989
1 3.38968e-05 0.999966
8 1 1e-07
1 0.20743 0.79257
8 1 1e-07
1 0.000229065 0.999771
8 0.797197 0.202803
1 0.00352259 0.996477
1 0.0120111 0.987989
1 0.044398 0.955602
1 0.00449527 0.995505
8 0.998665 0.00133531
1 0.311216 0.688784
1 0.00342972 0.99657
1 4.98794e-07 1
8 0.999997 3.10075e-06
8 0.942556 0.0574437
8 0.998337 0.0016626
8 0.998833 0.00116741
1 0.00318158 0.996818
1 0.0010665 0.998933
1 0.00132178 0.998678
1 0.161147 0.838853
8 0.996714 0.00328643
8 0.998647 0.00135262
8 0.989214 0.0107856
1 0.0864539 0.913546
1 1.76451e-07 1
1 0.00222181 0.997778
1 6.79565e-05 0.999932
8 0.999854 0.000145904
1 0.116688 0.883312
1 0.000316347 0.999684
1 0.00180296 0.998197
1 0.0949793 0.905021
1 0.000485382 0.999515
8 0.826101 0.173899
1 2.11686e-07 1
8 0.882709 0.117291
1 0.000714692 0.999285
1 0.00528431 0.994716
1 0.033081 0.966919
8 0.999384 0.00061643
8 1 1e-07
1 0.00101875 0.998981
1 0.00100289 0.998997
1 0.00489996 0.9951
1 0.0417732 0.958227
1 0.127985 0.872015
1 0.0442011 0.955799
1 0.00831771 0.991682
1 0.00928527 0.990715
1 0.333444 0.666556
8 0.99956 0.000439522
8 0.999643 0.000356629
8 0.900118 0.0998824
1 1.58448e-05 0.999984
1 0.349556 0.650444
1 2.40624e-05 0.999976
1 2.09279e-05 0.999979
8 0.999876 0.000123739
1 0.358562 0.641438
8 0.999994 6.37259e-06
1 0.00193372 0.998066
8 1 3.34769e-07
8 0.72362 0.27638
1 1.87342e-05 0.999981
1 1e-07 1
1 2.5413e-05 0.999975
8 0.98569 0.0143099
1 0.00214804 0.997852
1 0.000149317 0.999851
8 0.999216 0.000783931
1 0.00695255 0.993047
1 3.11773e-07 1
1 9.13979e-06 0.999991
8 0.572201 0.427799
8 1 1e-07
1 0.0023525 0.997647
8 0.909432 0.0905678
8 0.812781 0.187219
1 3.95142e-05 0.99996
8 0.562412 0.437588
8 0.982323 0.0176772
1 0.0028762 0.997124
1 0.00867437 0.991326
8 0.945903 0.0540974
8 0.997096 0.00290407
8 0.998934 0.0010658
8 0.638099 0.361901
8 0.999935 6.51178e-05
8 1 1e-07
1 4.43148e-06 0.999996
8 0.999928 7.20112e-05
1 0.345745 0.654255
1 0.00864883 0.991351
1 0.0241427 0.975857
1 0.0466105 0.95339
1 0.000207908 0.999792
1 0.0759325 0.924067
8 0.995681 0.00431895
8 0.988195 0.0118053
8 1 1e-07
8 0.99961 0.000389754
1 0.00103707 0.998963
8 0.999895 0.000105061
8 0.564607 0.435393
8 0.99619 0.00381047
1 0.0208268 0.979173
8 1 1e-07
1 0.0223058 0.977694
1 6.5752e-05 0.999934
1 0.00296245 0.997038
1 0.0385826 0.961417
1 0.214866 0.785134
1 0.259092 0.740908
1 0.00382352 0.996176
1 0.000542333 0.999458
8 0.974799 0.0252015
1 0.0462278 0.953772
1 0.021211 0.978789
8 0.999998 2.46839e-06
8 1 1e-07
8 1 1e-07
1 0.308756 0.691244
8 0.67143 0.32857
1 1.09428e-05 0.999989
1 0.0525968 0.947403
1 0.000167481 0.999833
1 0.00583855 0.994161
1 0.0406506 0.959349
1 0.000349543 0.99965
1 0.0534185 0.946582
8 0.799066 0.200934
8 0.606394 0.393606
1 0.0281 0.9719
8 1 1.37903e-07
1 0.117522 0.882478
1 0.000917634 0.999082
1 0.0226463 0.977354
8 0.725008 0.274992
1 1.54676e-05 0.999985
8 0.999992 8.29207e-06
1 0.380926 0.619074
1 0.070587 0.929413
1 0.100928 0.899072
8 1 1e-07
8 0.681645 0.318355
1 0.0171494 0.982851
8 0.632755 0.367245
1 0.00645674 0.993543
8 1 1e-07
1 0.00173846 0.998262
1 0.000285686 0.999714
8 0.992544 0.00745604
1 0.0814752 0.918525
1 0.000816928 0.999183
1 0.000218179 0.999782
8 0.999994 6.4005e-06
1 0.00322617 0.996774
1 0.000785697 0.999214
1 0.0181629 0.981837
8 0.999167 0.000832872
8 0.970807 0.0291926
1 0.000995573 0.999004
8 0.99937 0.000630206
8 0.971786 0.028214
8 1 1e-07
1 0.000621262 0.999379
1 1e-07 1
1 0.00105401 0.998946
8 0.781444 0.218556
8 1 1.29036e-07
8 0.982908 0.0170922
8 0.763914 0.236086
1 0.297364 0.702636
1 0.006945 0.993055
8 0.955475 0.0445247
1 0.000478292 0.999522
1 4.44461e-06 0.999996
1 0.00062024 0.99938
1 0.00745231 0.992548
8 0.999683 0.000316753
1 0.000892476 0.999108
1 0.378296 0.621704
1 0.237007 0.762993
8 0.998605 0.00139481
8 0.999821 0.000178527
1 3.88236e-05 0.999961
8 0.997365 0.00263456
1 0.0692495 0.93075
1 0.00769331 0.992307
1 6.0496e-07 0.999999
1 0.00596503 0.994035
8 0.999903 9.71798e-05
8 1 1e-07
1 0.00145387 0.998546
8 0.753047 0.246953
1 2.43852e-05 0.999976
1 0.00152416 0.998476
1 0.00011837 0.999882
1 0.00503245 0.994968
1 0.198911 0.801089
1 3.33382e-05 0.999967
8 0.96859 0.0314097
1 2.02015e-07 1
8 0.666798 0.333202
1 0.0256002 0.9744
8 0.997783 0.00221737
1 1.20312e-06 0.999999
8 0.804291 0.195709
1 2.70558e-06 0.999997
8 0.999182 0.000818368
1 0.00757035 0.99243
1 1.23284e-05 0.999988
1 5.28048e-06 0.999995
8 1 4.18878e-07
1 0.108222 0.891778
8 0.590575 0.409425
1 7.35007e-05 0.999926
1 0.00381075 0.996189
1 0.150025 0.849975
1 3.92743e-05 0.999961
8 0.99922 0.00078023
8 0.934058 0.0659424
8 0.999971 2.90547e-05
1 0.124012 0.875988
8 0.999999 6.72419e-07
1 0.0285924 0.971408
1 0.0391832 0.960817
8 0.999112 0.000887787
1 9.29356e-07 0.999999
1 0.000164994 0.999835
1 0.000135353 0.999865
8 0.744536 0.255464
1 0.000951303 0.999049
8 1 1e-07
8 0.999975 2.51108e-05
1 0.031925 0.968075
1 0.0871029 0.912897
8 1 1e-07
1 0.00429001 0.99571
8 0.98562 0.0143801
1 7.71824e-05 0.999923
1 0.016322 0.983678
1 0.0269639 0.973036
1 0.00719884 0.992801
1 0.0255999 0.9744
1 0.00988953 0.99011
1 0.216675 0.783325
8 0.613148 0.386852
1 0.00180633 0.998194
1 0.00265531 0.997345
8 1 1e-07
8 0.542685 0.457315
1 0.000121586 0.999878
1 0.000139793 0.99986
1 0.0295616 0.970438
1 0.213165 0.786835
1 0.0107033 0.989297
1 0.271092 0.728908
1 0.130597 0.869403
1 0.00480184 0.995198
1 0.000291117 0.999709
1 0.00301806 0.996982
8 0.999999 1.29632e-06
1 0.0781348 0.921865
1 0.0256974 0.974303
1 0.224165 0.775835
8 0.999777 0.000222689
8 1 1.52872e-07
1 0.00290174 0.997098
1 0.113 0.887
1 0.00599602 0.994004
1 0.0255978 0.974402
1 0.000324084 0.999676
8 0.99977 0.000230406
8 0.974585 0.0254153
8 0.992196 0.00780443
8 0.999816 0.000183975
1 0.221492 0.778508
1 0.000549737 0.99945
1 0.195121 0.804879
1 1.211e-06 0.999999
1 3.62077e-07 1
8 0.99984 0.000160234
1 0.000207615 0.999792
8 1 1e-07
1 0.171691 0.828309
1 0.0674621 0.932538
1 0.42833 0.57167
8 0.999996 4.4668e-06
1 0.0051437 0.994856
1 0.005791 0.994209
8 1 1e-07
8 1 4.46586e-07
1 1.94461e-06 0.999998
8 1 1e-07
1 3.02064e-05 0.99997
1 0.000368889 0.999631
1 0.498219 0.501781
1 0.0199893 0.980011
8 0.993557 0.0064433
8 0.999982 1.78745e-05
8 0.996059 0.00394107
8 0.999923 7.73675e-05
1 8.95966e-07 0.999999
1 0.122321 0.877679
1 0.292845 0.707155
1 0.136725 0.863275
1 4.06262e-05 0.999959
1 0.00150155 0.998498
1 0.0205999 0.9794
1 0.173307 0.826693
8 1 2.09594e-07
8 0.999945 5.50304e-05
1 6.94553e-05 0.999931
8 1 1e-07
1 0.000704452 0.999296
1 0.000157816 0.999842
1 0.461643 0.538357
8 0.999997 3.41545e-06
8 0.999963 3.73607e-05
8 0.992127 0.00787332
1 0.0153966 0.984603
1 0.0568773 0.943123
8 0.999344 0.000656395
1 0.303272 0.696728
8 0.537357 0.462643
1 0.0161646 0.983835
1 0.0943112 0.905689
1 0.000597299 0.999403
1 0.000115152 0.999885
1 0.000807695 0.999192
8 0.999808 0.000191873
1 0.00011619 0.999884
8 0.98144 0.0185596
1 0.00651361 0.993486
8 0.995879 0.00412076
1 0.0167724 0.983228
8 0.999896 0.000104004
1 0.217781 0.782219
1 0.0217657 0.978234
8 0.518671 0.481329
1 0.0470372 0.952963
8 0.564358 0.435642
8 0.999876 0.000123835
8 0.992997 0.00700275
1 9.92996e-05 0.999901
1 0.0113434 0.988657
1 0.299034 0.700966
8 0.993886 0.00611374
1 0.000303669 0.999696
1 0.00118771 0.998812
1 0.000265878 0.999734
1 0.000669911 0.99933
1 0.00679037 0.99321
1 0.102086 0.897914
1 1.51928e-05 0.999985
1 0.00130722 0.998693
1 0.00355589 0.996444
1 0.140502 0.859498
8 0.978046 0.0219535
1 5.39693e-05 0.999946
8 0.999999 7.01127e-07
1 0.0473346 0.952665
1 0.0616269 0.938373
8 0.976794 0.023206
8 0.608978 0.391022
1 0.173699 0.826301
1 0.00010737 0.999893
1 1e-07 1
1 0.30978 0.69022
1 0.0235998 0.9764
1 0.0594908 0.940509
1 0.00921076 0.990789
1 0.000301862 0.999698
8 1 1e-07
1 7.67613e-05 0.999923
1 0.00428122 0.995719
1 0.000793992 0.999206
8 0.986635 0.0133649
1 0.0850926 0.914907
1 0.00640696 0.993593
1 0.0423455 0.957655
1 0.0164986 0.983501
8 0.999984 1.63232e-05
8 0.995188 0.00481243
1 0.0514721 0.948528
8 0.919803 0.0801967
1 0.00225673 0.997743
1 0.0318422 0.968158
1 1e-07 1
1 0.000945027 0.999055
1 0.20285 0.79715
8 0.99227 0.00772957
1 0.0128859 0.987114
1 0.00180309 0.998197
1 0.000292339 0.999708
1 0.00631976 0.99368
1 0.00527681 0.994723
1 0.000195937 0.999804
1 0.000261782 0.999738
8 1 1.77283e-07
1 0.00201827 0.997982
1 0.000401359 0.999599
1 0.00301696 0.996983
8 0.999797 0.00020309
8 0.999171 0.000828566
1 2.36811e-06 0.999998
1 0.000623557 0.999376
1 0.00916507 0.990835
1 0.0132001 0.9868
8 0.998814 0.00118604
8 0.999871 0.000128854
1 0.0024095 0.99759
1 0.00324331 0.996757
1 0.00256855 0.997431
8 0.999974 2.553e-05
1 0.000831592 0.999168
1 0.000766547 0.999233
8 1 1e-07
1 0.00270938 0.997291
1 0.00171388 0.998286
1 0.0071699 0.99283
1 0.0904522 0.909548
1 0.278297 0.721703
1 0.00510892 0.994891
1 0.00503558 0.994964
1 0.137546 0.862454
8 0.999799 0.000201417
1 0.00724408 0.992756
1 1e-07 1
1 0.0589977 0.941002
1 1.52819e-05 0.999985
1 0.398326 0.601674
1 0.45144 0.54856
1 5.17413e-05 0.999948
8 0.967922 0.0320775
8 0.942111 0.0578891
8 0.972229 0.0277709
1 7.08446e-06 0.999993
1 0.000373485 0.999627
1 0.051235 0.948765
1 0.016506 0.983494
1 0.0422936 0.957706
1 0.0338623 0.966138
1 0.00443528 0.995565
1 0.0488179 0.951182
1 0.0019984 0.998002
1 0.289127 0.710873
1 0.000803045 0.999197
1 0.132694 0.867306
1 0.00298238 0.997018
1 0.0245683 0.975432
1 0.00178889 0.998211
1 2.79189e-07 1
1 4.68066e-06 0.999995
1 0.0342513 0.965749
1 0.000926104 0.999074
8 0.889388 0.110612
1 0.00088718 0.999113
1 9.4456e-05 0.999906
1 0.0396729 0.960327
8 0.962434 0.0375663
8 0.999398 0.000602391
8 0.582465 0.417535
1 0.0347483 0.965252
1 0.000755583 0.999244
1 0.000858925 0.999141
1 0.0200061 0.979994
1 0.000568998 0.999431
1 0.00634606 0.993654
1 0.1313 0.8687
1 0.164695 0.835305
1 0.00184455 0.998155
1 0.0193227 0.980677
1 0.000710965 0.999289
8 0.999921 7.91834e-05
8 0.81998 0.18002
1 0.0275195 0.97248
1 1e-07 1
1 0.41325 0.58675
1 1.75339e-07 1
1 0.000159954 0.99984
1 0.154354 0.845646
1 0.295582 0.704418
8 1 1e-07
1 0.0214508 0.978549
1 0.00343603 0.996564
8 0.999994 6.15185e-06
1 0.00181134 0.998189
1 0.00708569 0.992914
1 0.0658329 0.934167
8 0.928965 0.071035
1 0.000848403 0.999152
1 0.00403906 0.995961
1 0.000291907 0.999708
1 1.9371e-07 1
8 1 3.66709e-07
8 1 1e-07
1 0.00293732 0.997063
1 0.000584711 0.999415
1 1.66399e-06 0.999998
1 0.000778434 0.999222
1 0.00492602 0.995074
1 0.280239 0.719761
1 0.0142193 0.985781
8 0.727555 0.272445
1 0.0245836 0.975416
1 0.00237225 0.997628
1 0.150663 0.849337
1 0.0046335 0.995366
1 2.44635e-06 0.999998
8 1 1e-07
1 0.00780613 0.992194
1 0.00375052 0.996249
1 0.0117572 0.988243
1 0.00079146 0.999209
8 0.999999 1.08883e-06
8 0.999972 2.76828e-05
1 0.0147229 0.985277
1 0.394268 0.605732
1 0.00182018 0.99818
1 1e-07 1
1 0.00322352 0.996776
8 0.999963 3.66976e-05
1 0.0411263 0.958874
1 0.000957136 0.999043
1 0.0172189 0.982781
1 0.0305729 0.969427
1 0.00825739 0.991743
1 0.0670931 0.932907
1 0.24694 0.75306
8 0.994613 0.00538671
8 0.991644 0.00835625
1 0.101274 0.898726
1 0.0417679 0.958232
8 0.999767 0.000233041
8 0.560635 0.439365
1 0.00487845 0.995122
1 0.182931 0.817069
8 0.99876 0.00123953
8 1 1.0346e-07
1 0.00685149 0.993149
8 0.633066 0.366934
1 0.329813 0.670187
8 0.998106 0.00189359
1 0.00286992 0.99713
1 0.000376747 0.999623
1 0.00550228 0.994498
8 0.993395 0.00660516
8 0.950347 0.0496525
1 0.0430146 0.956985
1 1e-07 1
1 0.0147912 0.985209
8 1 1e-07
1 0.000147274 0.999853
1 0.179151 0.820849
8 0.999999 6.13825e-07
1 0.00508396 0.994916
1 0.0204154 0.979585
1 0.106178 0.893822
8 0.99999 9.55194e-06
1 0.132726 0.867274
1 0.000736802 0.999263
8 0.692394 0.307606
8 0.999047 0.000953336
1 0.000167549 0.999832
8 0.999637 0.000363391
1 0.26124 0.73876
1 0.281665 0.718335
1 0.0637142 0.936286
1 0.0428108 0.957189
8 0.995672 0.0043277
8 0.991711 0.0082892
1 0.213419 0.786581
1 0.356989 0.643011
1 1.2329e-06 0.999999
1 0.00553407 0.994466
1 5.20565e-05 0.999948
1 0.00581558 0.994184
8 0.997111 0.00288905
1 0.0373614 0.962639
1 0.0194421 0.980558
8 1 3.29526e-07
8 0.999741 0.000259398
1 0.115541 0.884459
