labels 2 9
2 0.992929 0.00707091
2 0.991965 0.00803499
2 0.977616 0.022384
9 1e-07 1
9 4.88016e-06 0.999995
2 0.907349 0.092651
2 0.548364 0.451636
2 0.948071 0.0519286
9 4.99244e-06 0.999995
9 1e-07 1
9 0.00238827 0.997612
2 0.879149 0.120851
2 0.999963 3.65287e-05
2 0.889796 0.110204
9 0.100859 0.899141
9 2.86411e-05 0.999971
9 0.30968 0.69032
2 0.669998 0.330002
2 0.89274 0.10726
2 0.927845 0.0721548
2 0.932966 0.0670344
2 0.960365 0.0396352
2 0.997974 0.00202595
2 0.971412 0.0285879
2 0.936269 0.063731
2 0.93076 0.0692401
2 0.939931 0.0600692
2 0.827043 0.172957
2 0.918114 0.0818862
2 0.999877 0.000122679
9 6.60135e-05 0.999934
9 0.109015 0.890985
2 0.987523 0.0124773
9 0.0113448 0.988655
9 0.427356 0.572644
2 0.843292 0.156708
2 0.99905 0.000949591
2 0.929996 0.0700038
9 5.19429e-07 0.999999
2 0.999887 0.000113379
2 0.980421 0.019579
9 0.0434511 0.956549
2 0.988155 0.0118449
2 0.941649 0.058351
2 0.800409 0.199591
2 0.971435 0.0285653
2 0.996585 0.00341491
2 0.965977 0.0340228
2 0.999422 0.000577696
2 0.99164 0.00836011
2 0.872025 0.127975
9 0.00341583 0.996584
9 0.00167393 0.998326
2 0.77725 0.22275
2 0.99888 0.00112047
2 0.998035 0.00196477
2 0.922397 0.0776029
2 0.938099 0.0619009
2 0.902924 0.0970765
2 0.944078 0.0559222
2 0.661993 0.338007
2 0.992717 0.00728348
2 0.94531 0.0546902
2 0.999203 0.000796651
9 3.06382e-07 1
9 1e-07 1
2 0.986249 0.0137509
2 0.933207 0.0667934
9 0.0246233 0.975377
9 0.0190858 0.980914
2 0.987411 0.0125889
9 0.210414 0.789586
2 0.998783 0.00121734
2 0.994029 0.00597072
2 0.602028 0.397972
9 7.89631e-07 0.999999
2 0.984011 0.0159888
2 0.99231 0.00769032
2 0.921584 0.0784156
2 0.979156 0.0208438
2 0.973032 0.0269678
2 0.964517 0.0354835
9 2.09019e-05 0.999979
2 0.917707 0.0822933
9 0.242909 0.757091
2 0.997536 0.00246361
2 0.995136 0.00486414
2 0.960736 0.0392638
2 0.989377 0.010623
2 0.899278 0.100722
9 1e-07 1
2 0.997498 0.00250205
2 0.521265 0.478735
2 0.977824 0.0221758
2 0.995634 0.00436633
9 1.06681e-06 0.999999
2 0.939529 0.060471
2 0.991113 0.00888732
2 0.989043 0.0109566
2 0.860185 0.139815
2 0.943307 0.0566926
2 0.998622 0.00137838
9 0.445393 0.554607
2 0.998943 0.00105704
2 0.999019 0.000980517
9 9.95119e-06 0.99999
9 0.00101185 0.998988
2 0.999021 0.000979414
9 0.0553929 0.944607
2 0.953372 0.0466281
2 0.934318 0.0656823
9 0.427462 0.572538
2 0.999915 8.50144e-05
2 0.999294 0.00070621
2 0.997516 0.00248442
2 0.998868 0.00113189
2 0.99017 0.00983028
9 0.252336 0.747664
2 0.991584 0.00841594
2 0.995719 0.00428052
2 0.90225 0.0977497
2 0.953924 0.0460763
9 0.0692022 0.930798
2 0.774738 0.225262
2 0.978368 0.0216317
2 0.999496 0.000504069
2 0.984557 0.0154425
9 0.365346 0.634654
2 0.930714 0.0692861
2 0.997719 0.00228116
9 0.410223 0.589777
2 0.664924 0.335076
2 0.972246 0.0277545
2 0.998044 0.00195582
2 0.613101 0.386899
2 0.588988 0.411012
2 0.601137 0.398863
2 0.822004 0.177996
9 1.13577e-06 0.999999
2 0.999714 0.000286492
2 0.962219 0.0377812
2 0.547851 0.452149
2 0.99902 0.000979649
2 0.971069 0.0289309
2 0.972585 0.027415
2 0.995415 0.00458484
2 0.999815 0.000185466
2 0.673868 0.326132
2 0.808335 0.191665
9 0.296192 0.703808
2 0.821816 0.178184
2 0.999059 0.000941266
2 0.996695 0.00330515
2 0.921739 0.0782612
2 0.996438 0.00356185
2 0.995555 0.00444483
2 0.996068 0.00393215
2 0.951267 0.0487332
2 0.971569 0.0284309
2 0.972935 0.0270652
9 0.0260105 0.97399
9 0.0253999 0.9746
9 0.00056743 0.999433
2 0.97522 0.0247804
2 0.999718 0.00028202
9 0.382564 0.617436
2 0.984107 0.015893
2 0.907537 0.0924634
2 0.966605 0.033395
9 2.04973e-07 1
9 0.000640028 0.99936
2 0.996499 0.0035008
2 0.736382 0.263618
2 0.902766 0.097234
2 0.992489 0.0075105
2 0.984894 0.0151057
9 0.0571579 0.942842
2 0.964325 0.0356745
2 0.987441 0.0125585
2 0.832403 0.167597
9 0.000115898 0.999884
2 0.889513 0.110487
2 0.945985 0.0540152
2 0.840871 0.159129
2 0.99983 0.000170312
2 0.993467 0.0065333
2 0.963453 0.0365472
2 0.973094 0.0269057
2 0.970817 0.0291825
2 0.907185 0.0928147
2 0.996659 0.003341
9 0.0283174 0.971683
2 0.999484 0.000516211
2 0.930528 0.0694719
2 0.99672 0.00327983
2 0.986084 0.0139162
2 0.919085 0.0809154
9 0.341392 0.658608
2 0.660994 0.339006
2 0.926951 0.0730487
9 0.00367802 0.996322
2 0.999259 0.00074144
2 0.993709 0.00629068
2 0.943584 0.0564155
2 0.996232 0.00376768
9 8.88928e-06 0.999991
2 0.964717 0.0352829
2 0.815415 0.184585
2 0.868473 0.131527
2 0.999994 5.8465e-06
2 0.9045 0.0954996
2 0.99113 0.00886966
2 0.949367 0.0506334
9 0.220494 0.779506
2 0.993034 0.00696649
2 0.996674 0.00332636
9 0.349137 0.650863
2 0.995233 0.00476689
2 0.981092 0.0189077
2 0.798412 0.201588
2 0.549268 0.450732
9 1e-07 1
2 0.989567 0.0104332
2 0.994999 0.00500112
2 0.996546 0.00345378
2 0.989311 0.0106893
2 0.982377 0.0176229
2 0.99841 0.00158983
2 0.996882 0.00311766
2 0.999226 0.000773678
2 0.905368 0.0946321
9 0.000536304 0.999464
2 0.98334 0.0166598
2 0.971448 0.0285523
2 0.998723 0.00127697
2 0.666293 0.333707
2 0.93559 0.0644097
2 0.915344 0.084656
9 0.237803 0.762197
2 0.932611 0.0673885
2 0.999951 4.93412e-05
2 0.842072 0.157928
9 0.00105808 0.998942
9 0.0539051 0.946095
9 0.0605354 0.939465
2 0.972927 0.0270729
2 0.984521 0.015479
2 0.99118 0.00882026
9 0.0204113 0.979589
2 0.995781 0.00421872
2 0.79141 0.20859
9 0.151862 0.848138
2 0.993846 0.00615418
2 0.9961 0.00390015
2 0.983444 0.0165561
2 0.924871 0.0751287
2 0.99708 0.0029198
2 0.940517 0.0594831
9 0.470419 0.529581
2 0.999953 4.65039e-05
9 0.143497 0.856503
2 0.992314 0.00768569
2 0.569347 0.430653
2 0.968453 0.0315472
9 1.26778e-06 0.999999
2 0.975587 0.0244129
9 1.79751e-05 0.999982
2 0.9456 0.0543998
2 0.996487 0.00351342
2 0.95743 0.0425699
2 0.993545 0.00645488
2 0.753833 0.246167
2 0.999483 0.000516597
2 0.968447 0.0315528
2 0.999644 0.000355924
2 0.863135 0.136865
2 0.960246 0.0397536
2 0.996942 0.00305775
2 0.995391 0.00460914
9 2.54982e-05 0.999975
2 0.998539 0.00146107
2 0.999668 0.000332024
2 0.99829 0.00170975
2 0.997317 0.0026829
2 0.953386 0.0466138
2 0.900151 0.0998487
2 0.999611 0.000388959
2 0.969245 0.0307547
2 0.510537 0.489463
2 0.994284 0.00571615
9 0.251113 0.748887
2 0.999937 6.30487e-05
2 0.944374 0.0556261
2 0.998493 0.0015067
9 0.319773 0.680227
2 0.973592 0.0264078
2 0.915349 0.0846513
9 1e-07 1
2 0.93441 0.0655903
2 0.772966 0.227034
9 0.000281773 0.999718
2 0.985269 0.0147306
2 0.974846 0.025154
2 0.938291 0.0617085
2 0.916241 0.0837586
9 0.412947 0.587053
2 0.999673 0.000326854
2 0.944817 0.055183
9 0.000260884 0.999739
2 0.81547 0.18453
2 0.931915 0.0680852
2 0.919381 0.0806187
9 0.437595 0.562405
2 0.994718 0.00528229
2 0.997491 0.00250937
2 0.961506 0.0384944
9 0.342597 0.657403
9 0.0459709 0.954029
2 0.960922 0.0390784
2 0.996018 0.00398199
9 0.0267609 0.973239
2 0.980511 0.0194885
2 0.999481 0.000519281
9 0.00537191 0.994628
2 0.988521 0.0114793
2 0.999242 0.000758002
2 0.999194 0.000806067
2 0.989704 0.0102956
2 0.979557 0.0204433
2 0.905085 0.0949152
9 0.0883463 0.911654
2 0.938684 0.0613163
2 0.998501 0.00149875
2 0.997492 0.00250845
2 0.96129 0.03871
2 0.96501 0.0349901
9 0.0754722 0.924528
9 6.66989e-05 0.999933
2 0.999974 2.6055e-05
2 0.999962 3.75518e-05
2 0.990288 0.00971246
2 0.912861 0.0871392
2 0.922042 0.0779581
2 0.982397 0.0176031
2 0.994335 0.00566485
9 0.000119079 0.999881
2 0.999998 1.94534e-06
2 0.58348 0.41652
9 0.0323337 0.967666
2 0.988385 0.0116147
9 0.295791 0.704209
2 0.999301 0.000698503
9 0.0151642 0.984836
9 0.149029 0.850971
2 0.996819 0.00318145
2 0.991293 0.00870713
9 0.092557 0.907443
2 0.952934 0.0470656
9 5.34239e-07 0.999999
2 0.992942 0.00705801
9 0.451784 0.548216
2 0.997504 0.00249618
2 0.993077 0.00692348
2 0.996408 0.00359244
9 0.00570098 0.994299
2 0.999978 2.16713e-05
2 0.996545 0.00345516
2 0.998314 0.00168636
2 0.957874 0.0421261
2 0.948503 0.0514974
2 0.707927 0.292073
2 0.867538 0.132462
2 0.931947 0.0680534
2 0.816601 0.183399
2 0.996617 0.00338291
2 0.993163 0.00683715
9 0.215658 0.784342
2 0.949146 0.0508538
2 0.94156 0.0584395
9 3.46577e-07 1
2 0.997355 0.00264536
2 0.866641 0.133359
2 0.98899 0.0110103
2 0.999648 0.000351833
2 0.996738 0.00326195
2 0.818564 0.181436
2 0.979056 0.0209437
2 0.929211 0.0707894
2 0.828468 0.171532
2 0.968385 0.031615
2 0.954538 0.0454618
2 0.997194 0.00280587
9 0.108033 0.891967
9 7.08248e-05 0.999929
2 0.602832 0.397168
2 0.99999 9.72663e-06
2 0.949667 0.0503325
2 0.945444 0.0545561
2 0.934241 0.0657593
2 0.999855 0.000144677
2 0.951364 0.0486362
2 0.98646 0.0135396
2 0.990161 0.00983913
9 0.00352805 0.996472
9 0.165887 0.834113
9 0.463059 0.536941
9 4.51526e-05 0.999955
2 0.997724 0.00227591
2 0.999998 2.43541e-06
9 0.364266 0.635734
2 0.99958 0.000420252
9 0.281248 0.718752
2 0.997739 0.00226051
2 0.999202 0.000797946
9 0.00741856 0.992581
9 1e-07 1
2 0.945515 0.0544851
2 0.996196 0.00380401
2 0.711549 0.288451
9 1.11802e-05 0.999989
2 0.893719 0.106281
2 0.872362 0.127638
2 0.982092 0.0179076
9 0.114588 0.885412
2 0.991967 0.00803314
9 0.000331891 0.999668
2 0.69132 0.30868
2 0.94061 0.0593897
9 0.0588596 0.94114
2 0.87427 0.12573
2 0.97927 0.0207301
9 0.06246 0.93754
2 0.999999 5.9234e-07
9 0.000141463 0.999859
2 0.980365 0.0196347
9 0.00504569 0.994954
2 0.996876 0.003124
2 0.994197 0.0058031
2 0.994891 0.00510947
2 0.91775 0.0822496
2 0.762484 0.237516
9 0.0080042 0.991996
9 0.079325 0.920675
2 0.971875 0.0281249
2 0.996306 0.00369445
2 0.999151 0.0008489
2 0.956697 0.0433034
9 1.83412e-06 0.999998
2 0.893779 0.106221
2 0.969371 0.0306295
9 0.197703 0.802297
2 0.961779 0.0382207
9 0.301596 0.698404
2 0.980206 0.0197939
2 0.999488 0.000512245
2 0.785834 0.214166
2 0.976467 0.0235333
2 0.935353 0.0646474
2 0.820474 0.179526
9 6.76051e-05 0.999932
2 0.887191 0.112809
9 0.00799496 0.992005
9 0.0381988 0.961801
2 0.980162 0.0198385
2 0.999974 2.63527e-05
2 0.936729 0.0632705
9 0.000103391 0.999897
2 0.864485 0.135515
2 0.949312 0.0506884
2 0.936268 0.0637316
2 0.99631 0.00368952
2 0.983312 0.016688
9 0.314818 0.685182
9 0.00699172 0.993008
2 0.941688 0.0583117
2 0.957626 0.0423744
2 0.813753 0.186247
9 0.130928 0.869072
2 0.997384 0.00261591
9 0.196828 0.803172
2 0.958193 0.0418074
2 0.999792 0.000208391
2 0.999819 0.000180512
2 0.986043 0.0139569
9 0.263829 0.736171
9 0.292561 0.707439
2 0.968801 0.031199
2 0.999973 2.7234e-05
9 0.228557 0.771443
9 0.000223988 0.999776
2 0.943984 0.0560164
9 0.021912 0.978088
9 0.00958065 0.990419
2 0.918516 0.081484
9 0.398029 0.601971
2 0.999498 0.000502386
9 0.184046 0.815954
2 0.630761 0.369239
9 0.000634519 0.999365
2 0.975935 0.024065
9 0.00246315 0.997537
9 2.81824e-06 0.999997
9 0.0805569 0.919443
2 0.747115 0.252885
2 0.880728 0.119272
2 0.95784 0.04216
2 0.998139 0.00186088
2 0.995689 0.0043114
9 6.02562e-06 0.999994
2 0.897779 0.102221
2 0.99993 7.00716e-05
2 0.684695 0.315305
9 3.23739e-05 0.999968
2 0.931878 0.0681217
2 0.990326 0.00967377
2 0.99751 0.00249009
2 0.999868 0.000132192
2 0.980831 0.019169
9 2.16717e-06 0.999998
2 0.987242 0.0127584
2 0.942997 0.0570028
2 0.898809 0.101191
9 1e-07 1
2 0.83179 0.16821
2 0.999888 0.000112001
2 0.957397 0.0426026
2 0.888743 0.111257
9 1.3278e-06 0.999999
2 0.693678 0.306322
2 0.962413 0.0375875
2 0.998562 0.00143817
2 0.994951 0.00504905
2 0.997476 0.0025242
9 0.000436695 0.999563
2 0.810769 0.189231
2 0.997264 0.00273587
2 0.988738 0.0112619
2 0.934816 0.0651838
2 0.814659 0.185341
9 1.3645e-06 0.999999
2 0.999991 9.18047e-06
2 0.993045 0.00695478
2 0.982824 0.0171762
2 0.776287 0.223713
9 0.00326749 0.996733
2 0.945045 0.0549548
2 0.997429 0.00257113
9 0.256424 0.743576
2 0.974165 0.0258354
9 0.00539097 0.994609
2 0.97066 0.0293403
2 0.916199 0.0838007
2 0.992022 0.00797765
2 0.980046 0.0199535
2 0.951093 0.0489067
9 1e-07 1
2 0.996678 0.00332156
2 0.999557 0.000442651
2 0.949373 0.0506274
9 0.331366 0.668634
2 0.887538 0.112462
2 0.910488 0.0895125
2 0.85345 0.14655
2 0.998929 0.00107127
9 1.30783e-07 1
2 0.997266 0.00273377
2 0.655275 0.344725
9 0.0342345 0.965765
2 0.984463 0.0155367
9 1e-07 1
9 0.164461 0.835539
2 0.818865 0.181135
9 0.459296 0.540704
2 0.996695 0.00330514
2 0.997178 0.00282176
9 0.429232 0.570768
2 0.506218 0.493782
2 0.997634 0.00236587
2 0.731727 0.268273
9 0.00143188 0.998568
2 0.998204 0.00179571
9 0.427796 0.572204
9 1e-07 1
2 0.985464 0.0145356
2 0.910404 0.0895959
2 0.989838 0.0101618
2 0.931385 0.0686145
2 0.98677 0.0132302
2 0.997635 0.00236475
2 0.999326 0.000674388
9 0.0650291 0.934971
9 0.000163552 0.999836
2 0.951719 0.0482809
2 0.880359 0.119641
9 1.37097e-05 0.999986
2 0.976995 0.0230054
9 0.00562113 0.994379
2 0.989237 0.0107626
2 0.992813 0.00718699
9 0.0270319 0.972968
2 0.946534 0.0534655
2 0.999444 0.000555616
2 0.986171 0.0138292
2 0.690561 0.309439
2 0.996253 0.00374729
9 0.0931475 0.906853
9 0.0364223 0.963578
9 3.15809e-05 0.999968
2 0.902701 0.0972991
2 0.90569 0.0943095
2 0.951446 0.048554
2 0.974244 0.0257557
2 0.999456 0.000543735
2 0.995713 0.00428714
2 0.91935 0.0806497
2 0.999986 1.44205e-05
2 0.999468 0.000531509
2 0.943984 0.0560158
2 0.71419 0.28581
9 3.79136e-06 0.999996
2 0.882306 0.117694
9 1.65255e-06 0.999998
2 0.976123 0.0238771
2 0.925357 0.0746434
2 0.998039 0.00196134
2 0.967463 0.0325366
2 0.964121 0.0358788
2 0.936629 0.0633714
2 0.714911 0.285089
2 0.999891 0.000109141
2 0.667455 0.332545
2 0.901391 0.0986092
9 1.11521e-07 1
2 0.925833 0.0741671
2 0.999067 0.000933214
2 0.99425 0.00574967
2 0.555385 0.444615
2 0.998886 0.00111377
2 0.999306 0.000694352
2 0.967918 0.0320816
2 0.993725 0.0062751
2 0.817272 0.182728
2 0.998411 0.0015889
9 0.362623 0.637377
2 0.805915 0.194085
2 0.99987 0.000130354
9 0.0099459 0.990054
2 0.998368 0.00163164
9 0.373329 0.626671
2 0.999361 0.000638713
2 0.988576 0.0114243
2 0.978621 0.0213794
2 0.907281 0.0927191
2 0.994485 0.00551506
9 0.141551 0.858449
9 0.00162259 0.998377
9 0.244736 0.755264
2 0.999356 0.000643994
2 0.990459 0.0095408
2 0.999921 7.93808e-05
2 0.96839 0.0316102
2 0.999986 1.38224e-05
2 0.917349 0.0826514
9 0.0957419 0.904258
2 0.888496 0.111504
2 0.932515 0.0674846
2 0.930191 0.0698092
2 0.999582 0.000417768
2 0.966745 0.0332553
2 0.985852 0.0141479
2 0.999917 8.30062e-05
2 0.995989 0.00401101
2 0.844407 0.155593
2 0.990409 0.00959062
2 0.925072 0.0749275
2 0.99968 0.000319696
2 0.917574 0.0824263
2 0.996781 0.00321899
2 0.986364 0.0136365
2 0.987996 0.0120037
2 0.994007 0.00599275
9 0.163023 0.836977
2 0.999836 0.000163517
2 0.923005 0.0769946
2 0.827624 0.172376
2 0.999675 0.000324699
2 0.784614 0.215386
9 0.174894 0.825106
2 0.998229 0.00177056
2 0.999881 0.000118856
9 0.366447 0.633553
2 0.998588 0.00141188
2 0.916689 0.0833114
2 0.998673 0.001327
2 0.989733 0.010267
9 0.251891 0.748109
2 0.995775 0.00422497
9 0.076829 0.923171
2 0.998692 0.00130783
9 0.159021 0.840979
2 0.588436 0.411564
2 0.986977 0.0130226
2 0.999006 0.00099402
2 0.917695 0.0823051
2 0.980437 0.0195625
2 0.892142 0.107858
9 0.30091 0.69909
2 0.664159 0.335841
2 0.989333 0.010667
2 0.999974 2.61859e-05
2 0.788838 0.211162
2 0.986852 0.0131484
2 0.98859 0.01141
2 0.995153 0.00484715
2 0.983221 0.0167791
2 0.998463 0.00153721
2 0.950193 0.0498075
9 0.000129253 0.999871
2 0.839285 0.160715
9 0.0365116 0.963488
9 0.00195422 0.998046
2 0.921675 0.0783248
9 0.0102701 0.98973
2 0.991662 0.00833807
9 1e-07 1
2 0.895037 0.104963
2 0.97386 0.0261404
2 0.996924 0.00307584
2 0.956524 0.043476
2 0.988198 0.0118022
2 0.961695 0.0383054
2 0.998878 0.00112246
2 0.996499 0.00350083
9 1e-07 1
2 0.721735 0.278265
2 0.999883 0.000116558
2 0.996231 0.00376948
2 0.969851 0.0301491
2 0.999437 0.000562549
2 0.943225 0.0567745
2 0.936257 0.0637431
9 0.248623 0.751377
9 0.000367384 0.999633
2 0.999876 0.000123664
2 0.951056 0.0489443
2 0.995393 0.00460737
9 0.300149 0.699851
9 0.00938669 0.990613
2 0.999583 0.0004169
9 0.0975898 0.90241
2 0.935587 0.0644128
2 0.996769 0.00323124
9 0.0115 0.9885
2 0.970901 0.0290988
2 0.871844 0.128156
2 0.834359 0.165641
9 0.462309 0.537691
2 0.99985 0.000150456
2 0.837048 0.162952
2 0.986027 0.0139728
9 0.0803787 0.919621
2 0.942849 0.0571514
2 0.588967 0.411033
2 0.985018 0.0149815
2 0.900751 0.0992488
2 0.984772 0.0152276
9 0.159662 0.840338
2 0.984691 0.0153087
2 0.988333 0.0116667
9 0.0806011 0.919399
2 0.969093 0.0309073
9 0.00046702 0.999533
2 0.917765 0.0822349
2 0.592757 0.407243
2 0.999713 0.000287057
2 0.998356 0.00164406
2 0.976031 0.0239693
2 0.979416 0.0205844
9 0.00120204 0.998798
9 0.00652358 0.993476
2 0.891821 0.108179
2 0.94065 0.0593499
2 0.984618 0.0153825
2 0.998679 0.00132088
9 0.259585 0.740415
2 0.998577 0.00142294
2 0.980149 0.0198515
2 0.784803 0.215197
2 0.94479 0.0552096
2 0.720627 0.279373
2 0.952522 0.0474777
2 0.96436 0.0356401
2 0.934909 0.0650915
2 0.965776 0.0342239
2 0.996156 0.00384356
2 0.994589 0.0054112
2 0.773705 0.226295
2 0.996828 0.00317177
2 0.974312 0.0256878
2 0.987934 0.0120656
9 0.00108592 0.998914
9 1e-07 1
2 0.950332 0.0496677
2 0.985387 0.0146129
2 0.831621 0.168379
2 0.971282 0.028718
2 0.960821 0.0391795
9 0.0107392 0.989261
9 0.0952659 0.904734
2 0.983777 0.0162234
2 0.999994 6.16374e-06
2 0.929992 0.0700082
9 0.240378 0.759622
2 0.71829 0.28171
9 0.43872 0.56128
2 0.983688 0.0163118
2 0.98514 0.01486
9 0.132969 0.867031
9 1e-07 1
2 0.942172 0.0578279
2 0.998073 0.00192741
2 0.984986 0.015014
2 0.929045 0.070955
2 0.96142 0.0385801
9 1.54199e-05 0.999985
2 0.733142 0.266858
9 0.0284722 0.971528
2 0.998549 0.00145149
2 0.987951 0.0120493
9 0.000222289 0.999778
2 0.945497 0.0545026
9 0.0978318 0.902168
2 0.996144 0.00385576
2 0.766799 0.233201
2 0.910788 0.0892121
2 0.999626 0.000374108
2 0.887956 0.112044
9 0.110813 0.889187
2 0.996031 0.00396914
2 0.960546 0.039454
2 0.913055 0.086945
2 0.960059 0.0399408
9 0.00555956 0.99444
2 0.986774 0.0132264
9 0.0508335 0.949167
2 0.999566 0.000434036
2 0.519768 0.480232
9 1e-07 1
9 0.000271645 0.999728
2 0.99834 0.00165999
9 1.33529e-06 0.999999
2 0.995972 0.00402755
9 0.412557 0.587443
2 0.9624 0.0375998
9 0.0115854 0.988415
2 0.952201 0.0477993
2 0.781617 0.218383
2 0.998268 0.00173228
2 0.997093 0.00290718
9 0.0930996 0.9069
2 0.981654 0.0183459
2 0.960245 0.0397546
2 0.957637 0.0423633
2 0.879973 0.120027
2 0.997082 0.0029177
2 0.658379 0.341621
2 0.997293 0.00270674
2 0.999761 0.000239396
2 0.981614 0.0183858
9 0.241868 0.758132
2 0.519246 0.480754
9 0.000562941 0.999437
9 0.103873 0.896127
9 0.000569364 0.999431
9 5.07185e-06 0.999995
2 0.519005 0.480995
2 0.995136 0.00486372
2 0.996421 0.00357929
2 0.996692 0.00330769
2 0.996926 0.0030738
9 0.000142048 0.999858
9 0.0208774 0.979123
9 0.000114977 0.999885
2 0.985194 0.0148064
9 0.00451178 0.995488
2 0.742401 0.257599
2 0.996501 0.00349859
9 1.58851e-06 0.999998
2 0.745502 0.254498
2 0.9982 0.00180016
2 0.995496 0.00450376
2 0.995449 0.00455088
9 0.0413235 0.958677
2 0.981531 0.0184687
2 0.968729 0.0312708
2 0.994265 0.00573535
2 0.998518 0.00148236
9 0.478029 0.521971
9 0.0142689 0.985731
2 0.997768 0.00223235
2 0.983988 0.0160119
2 0.516788 0.483212
9 0.0287361 0.971264
9 0.161673 0.838327
2 0.743882 0.256118
2 0.977169 0.0228308
9 0.0947076 0.905292
9 0.356218 0.643782
2 0.98586 0.0141403
2 0.995778 0.00422193
2 0.99137 0.00862967
9 0.108968 0.891032
2 0.953447 0.046553
2 0.99677 0.00323029
9 0.00928551 0.990714
2 0.869173 0.130827
9 0.374606 0.625394
2 0.998837 0.00116282
2 0.935581 0.0644186
2 0.97447 0.0255304
2 0.990586 0.00941355
2 0.985201 0.0147988
2 0.941877 0.0581229
2 0.858405 0.141595
2 0.973631 0.0263689
2 0.972946 0.0270536
2 0.928425 0.0715749
9 0.101143 0.898857
9 0.105825 0.894175
2 0.533706 0.466294
2 0.940673 0.0593269
2 0.779715 0.220285
2 0.827898 0.172102
2 0.996367 0.00363305
9 0.0271224 0.972878
2 0.748943 0.251057
9 0.305908 0.694092
9 0.113789 0.886211
2 0.911199 0.0888007
2 0.995727 0.00427304
2 0.988861 0.0111388
9 1.09574e-06 0.999999
2 0.566208 0.433792
2 0.980305 0.0196952
2 0.59923 0.40077
2 0.994729 0.00527146
2 0.945199 0.0548007
9 0.00344647 0.996554
9 0.00445666 0.995543
2 0.882125 0.117875
2 0.983627 0.0163735
2 0.573608 0.426392
2 0.967284 0.0327155
2 0.999405 0.000595042
2 0.956593 0.0434068
9 0.0146357 0.985364
2 0.998722 0.0012776
2 0.945979 0.0540208
9 0.101787 0.898213
2 0.962554 0.0374456
2 0.998624 0.0013759
2 0.900887 0.0991135
9 0.385381 0.614619
9 0.000106888 0.999893
2 0.931942 0.0680583
2 0.998743 0.00125686
2 0.996075 0.00392502
2 0.999468 0.000532198
2 0.996215 0.00378453
9 1e-07 1
2 0.998752 0.00124767
2 0.995061 0.00493931
2 0.973644 0.0263558
2 0.997433 0.00256651
9 6.82736e-05 0.999932
2 0.999222 0.000777718
2 0.992163 0.00783687
2 0.978383 0.0216171
2 0.505164 0.494836
2 0.9296 0.0703999
2 0.978629 0.0213708
9 0.492613 0.507387
2 0.925823 0.0741773
2 0.959252 0.0407479
2 0.955502 0.0444976
9 0.110168 0.889832
2 0.978426 0.0215743
2 0.995944 0.00405556
9 0.19138 0.80862
2 0.966342 0.0336576
2 0.999379 0.000620525
9 1e-07 1
2 0.961308 0.0386922
2 0.938169 0.061831
2 0.985334 0.0146661
2 0.988871 0.0111289
9 0.101074 0.898926
2 0.829172 0.170828
2 0.999614 0.000386026
2 0.89354 0.10646
9 0.000115498 0.999885
2 0.998544 0.0014561
2 0.959561 0.0404387
2 0.930512 0.0694878
9 0.0800043 0.919996
2 0.991976 0.00802406
2 0.859629 0.140371
2 0.865701 0.134299
2 0.83842 0.16158
2 0.997859 0.00214096
2 0.995716 0.00428376
9 0.00276287 0.997237
9 1e-07 1
9 0.17861 0.82139
2 0.718703 0.281297
9 0.017876 0.982124
2 0.905971 0.0940294
2 0.970245 0.0297547
2 0.998224 0.00177597
2 0.935466 0.0645341
2 0.986003 0.0139973
2 0.833633 0.166367
2 0.716782 0.283218
2 0.985916 0.0140837
2 0.761403 0.238597
2 0.563327 0.436673
2 0.999894 0.000105953
2 0.984187 0.0158127
2 0.986393 0.0136066
9 0.463043 0.536957
9 0.136366 0.863634
2 0.998419 0.00158053
2 0.978528 0.0214718
9 0.00169403 0.998306
9 0.000156412 0.999844
2 0.990449 0.00955082
2 0.999679 0.000320583
2 0.998581 0.00141932
2 0.94834 0.0516604
2 0.94582 0.0541797
9 0.00094616 0.999054
2 0.899906 0.100094
2 0.963377 0.0366231
2 0.975492 0.0245079
9 0.229404 0.770596
2 0.996612 0.00338777
2 0.999328 0.000671641
9 0.337586 0.662414
9 1.20357e-05 0.999988
2 0.885631 0.114369
2 0.999599 0.000401231
9 0.000146153 0.999854
2 0.999383 0.000617159
2 0.997325 0.00267514
2 0.979244 0.0207564
2 0.996982 0.0030184
2 0.986965 0.0130347
9 0.00439177 0.995608
9 0.000509672 0.99949
2 0.98743 0.0125703
9 0.000937422 0.999063
2 0.999615 0.000384668
9 0.136261 0.863739
2 0.9093 0.0906998
2 0.745647 0.254353
2 0.964669 0.0353306
2 0.867545 0.132455
9 0.405497 0.594503
9 0.189248 0.810752
2 0.95907 0.0409296
2 0.929353 0.0706472
9 0.0439154 0.956085
2 0.98311 0.0168902
2 0.910967 0.0890326
9 0.000394045 0.999606
2 0.918553 0.0814471
9 1e-07 1
2 0.997483 0.00251655
2 0.999553 0.000446683
2 0.508407 0.491593
9 0.0321634 0.967837
9 0.232093 0.767907
2 0.962665 0.037335
2 0.972413 0.0275865
9 0.00238162 0.997618
9 0.00234481 0.997655
2 0.996049 0.00395078
2 0.999999 1.26041e-06
9 1e-07 1
9 0.0181662 0.981834
2 0.998931 0.00106942
2 0.997261 0.00273863
2 0.995292 0.00470838
9 0.00404186 0.995958
2 0.936356 0.0636441
2 0.914949 0.0850509
2 0.999122 0.000878031
2 0.951098 0.0489015
2 0.999225 0.00077534
2 0.997557 0.00244268
2 0.997671 0.00232859
2 0.999984 1.56963e-05
2 0.872868 0.127132
2 0.996617 0.00338302
2 0.940411 0.0595895
2 0.914289 0.0857114
9 0.152328 0.847672
2 0.944069 0.0559311
2 0.994522 0.00547768
2 0.703328 0.296672
9 1e-07 1
2 0.986744 0.0132556
2 0.951717 0.0482827
9 1.26764e-05 0.999987
2 0.75364 0.24636
2 0.95074 0.0492595
2 0.979278 0.0207224
2 0.999138 0.000861985
2 0.999128 0.000872474
9 0.17643 0.82357
2 0.847395 0.152605
9 0.172007 0.827993
2 0.913924 0.0860755
2 0.962927 0.0370725
2 0.935341 0.0646588
2 0.999922 7.82708e-05
9 3.01418e-06 0.999997
2 0.998583 0.0014173
2 0.955068 0.0449318
2 0.968619 0.0313812
9 0.0137237 0.986276
9 0.070411 0.929589
9 0.243608 0.756392
2 0.996933 0.00306693
2 0.984679 0.0153212
9 1e-07 1
9 0.0607751 0.939225
9 0.00778079 0.992219
2 0.986157 0.0138433
2 0.987505 0.0124945
2 0.721 0.279
2 0.691831 0.308169
2 0.994919 0.0050807
9 0.180361 0.819639
2 0.94264 0.0573601
2 0.988289 0.0117108
2 0.998709 0.00129067
2 0.998357 0.00164289
2 0.998859 0.0011412
2 0.996677 0.0033234
9 0.00295421 0.997046
2 0.999941 5.9426e-05
2 0.996012 0.00398786
2 0.912871 0.0871295
2 0.962034 0.0379661
2 0.944928 0.0550721
2 0.625304 0.374696
2 0.967671 0.0323288
2 0.94249 0.0575097
2 0.917001 0.0829994
2 0.93373 0.0662703
2 0.762975 0.237025
9 0.173814 0.826186
9 0.00661737 0.993383
2 0.990393 0.00960688
9 0.0670046 0.932995
2 0.995654 0.00434593
2 0.997759 0.00224062
2 0.98925 0.0107501
2 0.979022 0.0209783
2 0.99 0.00999999
2 0.987547 0.0124525
2 0.996949 0.00305051
9 0.491034 0.508966
2 0.882743 0.117257
2 0.945832 0.0541682
9 7.00214e-05 0.99993
2 0.975168 0.0248319
2 0.996372 0.00362798
2 0.999716 0.000283784
2 0.999843 0.000157451
2 0.995674 0.00432621
2 0.995075 0.00492544
2 0.994693 0.0053075
2 0.999803 0.000197105
2 0.950861 0.0491388
9 0.0016779 0.998322
2 0.978046 0.0219538
2 0.997811 0.00218901
2 0.914872 0.085128
2 0.99582 0.00418011
2 0.9178 0.0821997
2 0.998705 0.00129457
9 0.251979 0.748021
2 0.998407 0.00159323
2 0.99618 0.00382022
2 0.992399 0.00760112
9 0.0196508 0.980349
2 0.52912 0.47088
2 0.88768 0.11232
2 0.95789 0.0421098
9 0.417396 0.582604
2 0.999869 0.000131177
2 0.997677 0.00232314
2 0.94445 0.0555505
2 0.937739 0.062261
2 0.897878 0.102122
9 2.22231e-05 0.999978
2 0.999886 0.000113953
2 0.995625 0.00437515
2 0.978419 0.0215807
2 0.988057 0.0119435
2 0.800002 0.199998
2 0.964837 0.0351635
2 0.996848 0.00315191
9 0.195253 0.804747
9 0.00117555 0.998824
2 0.995418 0.00458219
2 0.695535 0.304465
2 0.506442 0.493558
2 0.983628 0.0163718
2 0.995772 0.00422751
2 0.999885 0.000114614
2 0.923209 0.0767912
2 0.999963 3.688e-05
2 0.881136 0.118864
2 0.997345 0.00265504
9 0.0917534 0.908247
2 0.94719 0.0528101
2 0.859211 0.140789
9 0.219048 0.780952
9 0.221183 0.778817
9 0.300058 0.699942
2 0.998329 0.00167123
2 0.919975 0.080025
9 0.00542831 0.994572
2 0.995893 0.00410735
2 0.983188 0.0168121
2 0.960183 0.0398166
9 0.0057259 0.994274
2 0.998298 0.00170211
2 0.997842 0.00215835
2 0.99819 0.00181016
2 0.993811 0.00618946
2 0.988853 0.0111472
2 0.80354 0.19646
2 0.997446 0.00255356
2 0.994035 0.00596488
2 0.779389 0.220611
2 0.94059 0.05941
9 1e-07 1
2 0.950671 0.0493288
2 0.997643 0.00235713
2 0.922915 0.0770853
2 0.967724 0.0322765
2 0.999885 0.000114823
2 0.999975 2.48637e-05
2 0.996796 0.00320411
9 0.00105433 0.998946
2 0.990947 0.00905269
9 1.41589e-05 0.999986
2 0.999143 0.000856737
2 0.996342 0.00365752
9 4.75076e-05 0.999952
2 0.956446 0.0435536
9 4.62003e-05 0.999954
2 0.998011 0.0019892
9 0.186523 0.813477
9 0.198936 0.801064
9 0.0342924 0.965708
2 0.995829 0.00417125
2 0.960897 0.0391028
9 0.0161024 0.983898
2 0.835406 0.164594
9 0.00240447 0.997596
2 0.55529 0.44471
2 0.99998 1.97256e-05
2 0.853977 0.146023
9 0.218666 0.781334
9 0.0805865 0.919413
2 0.780816 0.219184
2 0.998 0.00200043
9 0.304929 0.695071
2 0.814082 0.185918
2 0.958985 0.041015
2 0.996975 0.00302456
2 0.91201 0.0879901
2 0.863773 0.136227
2 0.909858 0.0901419
2 0.999217 0.000783468
2 0.922128 0.0778721
9 0.445504 0.554496
2 0.774568 0.225432
2 0.984565 0.0154346
2 0.994508 0.00549162
2 0.81075 0.18925
2 0.985375 0.0146252
2 0.998557 0.00144286
2 0.810665 0.189335
2 0.999775 0.000225248
9 0.00172663 0.998273
2 0.965105 0.0348954
2 0.998475 0.00152495
2 0.999346 0.000653795
9 0.00803325 0.991967
2 0.907288 0.0927118
2 0.999982 1.82863e-05
9 1e-07 1
2 0.978858 0.0211423
9 0.268222 0.731778
2 0.911494 0.0885057
2 0.999852 0.00014811
9 0.358586 0.641414
9 0.000180521 0.999819
2 0.980808 0.0191919
2 0.856097 0.143903
2 0.995864 0.00413636
2 0.896006 0.103994
2 0.998663 0.00133674
2 0.987405 0.0125953
2 0.996544 0.00345564
2 0.893763 0.106237
9 1.44666e-06 0.999999
2 0.997162 0.00283796
2 0.9075 0.0925003
2 0.986691 0.0133092
9 0.338529 0.661471
2 0.997475 0.0025247
2 0.942387 0.0576126
2 0.998602 0.00139807
2 0.763197 0.236803
2 0.968414 0.0315859
2 0.9877 0.0123004
2 0.838492 0.161508
9 3.00512e-07 1
2 0.683629 0.316371
2 0.996533 0.00346717
2 0.999986 1.3644e-05
9 0.00606343 0.993937
9 0.0170941 0.982906
2 0.981305 0.0186951
2 0.996056 0.00394398
2 0.996998 0.00300205
9 0.00756495 0.992435
2 0.926083 0.0739166
9 0.0243148 0.975685
9 0.299394 0.700606
2 0.893377 0.106623
2 0.977649 0.0223511
2 0.937487 0.062513
2 0.95893 0.0410697
9 0.18069 0.81931
9 0.180329 0.819671
9 0.00931518 0.990685
9 8.91974e-05 0.999911
2 0.999994 6.31116e-06
2 0.999342 0.000658487
2 0.9888 0.0112
9 0.0171514 0.982849
9 0.00143703 0.998563
2 0.962406 0.0375939
2 0.997611 0.00238919
2 0.934779 0.0652213
2 0.985859 0.0141412
2 0.997062 0.00293755
9 0.00303082 0.996969
2 0.747528 0.252472
2 0.994915 0.00508543
9 0.210726 0.789274
2 0.802178 0.197822
9 0.0587347 0.941265
2 0.999954 4.60723e-05
9 0.353629 0.646371
9 0.149253 0.850747
2 0.868802 0.131198
2 0.958308 0.0416921
2 0.997983 0.00201678
9 5.00553e-07 0.999999
9 0.00013052 0.999869
2 0.95592 0.0440802
2 0.831661 0.168339
2 0.917695 0.082305
2 0.998757 0.00124296
2 0.883488 0.116512
2 0.902059 0.0979412
2 0.996237 0.00376253
2 0.950884 0.0491161
2 0.964788 0.035212
9 4.18722e-05 0.999958
2 0.999277 0.000723278
9 0.427379 0.572621
2 0.998052 0.0019483
2 0.93592 0.06408
2 0.98316 0.0168396
2 0.973419 0.0265805
2 0.973533 0.0264674
2 0.9966 0.00339994
2 0.990004 0.00999556
9 0.172086 0.827914
2 0.996835 0.00316454
2 0.999938 6.2228e-05
9 0.0923549 0.907645
9 0.341241 0.658759
2 0.877507 0.122493
2 0.998947 0.00105319
2 0.997981 0.00201879
2 0.989339 0.0106612
9 0.144927 0.855073
2 0.768004 0.231996
2 0.979081 0.0209194
9 0.0741911 0.925809
2 0.554448 0.445552
2 0.988196 0.0118042
2 0.998315 0.00168484
9 1.412e-05 0.999986
2 0.999763 0.000237062
2 0.984335 0.0156651
2 0.941697 0.0583034
9 0.00227685 0.997723
9 0.309893 0.690107
2 0.975665 0.0243346
2 0.984998 0.0150022
9 0.00373108 0.996269
2 0.952164 0.0478364
2 0.927584 0.0724159
9 0.3408 0.6592
2 0.942947 0.0570535
2 0.999845 0.000155274
2 0.99558 0.00441973
9 0.052438 0.947562
9 0.000101249 0.999899
2 0.997463 0.00253729
2 0.877237 0.122763
2 0.973923 0.0260772
9 0.271219 0.728781
2 0.909683 0.0903169
2 0.676976 0.323024
2 0.839028 0.160972
2 0.999305 0.00069481
2 0.961765 0.0382352
2 0.976638 0.0233623
2 0.984314 0.0156861
9 0.295608 0.704392
2 0.996018 0.00398163
9 0.0629943 0.937006
2 0.935108 0.0648917
2 0.900488 0.0995117
2 0.940304 0.0596964
2 0.772273 0.227727
9 2.37599e-07 1
9 1e-07 1
2 0.996619 0.00338093
9 0.425932 0.574068
2 0.99868 0.00132017
2 0.993578 0.00642169
9 0.0882438 0.911756
9 0.316464 0.683536
2 0.88903 0.11097
2 0.889426 0.110574
2 0.997138 0.00286162
9 0.20885 0.79115
9 9.09534e-06 0.999991
9 1e-07 1
9 0.0975023 0.902498
9 0.10155 0.89845
2 0.988899 0.0111015
2 0.904367 0.0956332
2 0.873859 0.126141
9 0.00304067 0.996959
2 0.916838 0.0831618
2 0.994373 0.00562708
2 0.998087 0.00191295
2 0.997984 0.00201626
2 0.940601 0.0593994
2 0.999308 0.000691923
2 0.996607 0.00339272
9 3.0506e-06 0.999997
9 1e-07 1
2 0.995982 0.0040175
2 0.57523 0.42477
2 0.961108 0.0388921
2 0.881773 0.118227
2 0.941535 0.0584646
9 1.23677e-07 1
2 0.617435 0.382565
9 0.00344167 0.996558
2 0.93428 0.0657196
9 0.029999 0.970001
2 0.956535 0.0434645
2 0.999976 2.38425e-05
2 0.994764 0.00523583
2 0.950341 0.0496592
2 0.998794 0.00120628
2 0.967309 0.0326913
2 0.995846 0.00415389
2 0.940064 0.0599362
2 0.916584 0.0834156
2 0.932861 0.0671386
9 0.0880959 0.911904
2 0.997126 0.00287417
9 0.000700439 0.9993
2 0.9438 0.0562002
2 0.859235 0.140765
2 0.888908 0.111092
9 0.112996 0.887004
2 0.999901 9.9017e-05
9 0.444222 0.555778
9 1.55022e-05 0.999984
2 0.999955 4.47785e-05
2 0.801312 0.198688
2 0.996457 0.00354267
2 0.994617 0.00538273
2 0.633048 0.366952
2 0.99332 0.00667962
2 0.735148 0.264852
9 1e-07 1
9 3.09458e-07 1
9 0.27587 0.72413
2 0.943305 0.0566949
2 0.999571 0.000429471
2 0.999919 8.06305e-05
2 0.989826 0.0101739
2 0.998421 0.00157889
9 0.0588445 0.941156
2 0.997682 0.00231794
2 0.945156 0.054844
9 0.0214007 0.978599
2 0.978205 0.0217947
2 0.994302 0.00569807
2 0.995833 0.00416675
9 0.108235 0.891765
2 0.999744 0.000256255
9 0.462209 0.537791
2 0.951095 0.0489045
9 0.00282502 0.997175
2 0.996862 0.00313823
2 0.958106 0.041894
9 0.0831062 0.916894
2 0.941622 0.0583778
2 0.996108 0.00389239
9 0.00794237 0.992058
9 0.000177512 0.999822
9 6.11013e-06 0.999994
9 1.35838e-05 0.999986
9 1.36126e-05 0.999986
2 0.987675 0.0123252
2 0.998782 0.00121782
2 0.996204 0.00379602
2 0.998082 0.00191767
2 0.974606 0.0253941
9 4.02864e-07 1
2 0.950784 0.0492161
2 0.816137 0.183863
2 0.862194 0.137806
9 0.16515 0.83485
2 0.972686 0.0273141
2 0.998379 0.001621
9 7.80795e-05 0.999922
9 0.0471636 0.952836
9 0.00162993 0.99837
2 0.704984 0.295016
2 0.985827 0.0141727
9 0.152521 0.847479
2 0.996837 0.0031627
2 0.929917 0.0700835
9 0.0213231 0.978677
2 0.936653 0.0633466
9 0.00397456 0.996025
2 0.994962 0.00503789
9 0.434265 0.565735
2 0.99849 0.0015101
2 0.85637 0.14363
9 0.139587 0.860413
2 0.98855 0.0114497
2 0.768339 0.231661
2 0.999496 0.000504199
9 0.151105 0.848895
2 0.999818 0.000181746
9 0.362366 0.637634
2 0.983871 0.0161294
9 0.00449939 0.995501
9 5.96826e-05 0.99994
2 0.986885 0.0131151
2 0.962228 0.0377718
9 3.05566e-06 0.999997
2 0.998123 0.00187741
2 0.989687 0.0103135
2 0.987347 0.0126534
9 0.045933 0.954067
9 5.28383e-05 0.999947
2 0.930056 0.0699435
2 0.996056 0.00394442
9 0.0732759 0.926724
9 0.0024511 0.997549
9 0.455047 0.544953
2 0.999653 0.000346531
2 0.918389 0.0816111
2 0.996607 0.00339302
9 0.0317035 0.968297
2 0.984359 0.0156415
2 0.852978 0.147022
9 0.287344 0.712656
2 0.926704 0.073296
9 0.197819 0.802181
2 0.92482 0.0751796
2 0.995932 0.00406841
2 0.553421 0.446579
2 0.996628 0.00337241
2 0.661677 0.338323
9 0.121757 0.878243
2 0.855091 0.144909
2 0.929558 0.0704422
2 0.93549 0.0645103
2 0.997725 0.00227453
2 0.994686 0.00531369
2 0.973651 0.0263486
2 0.812311 0.187689
9 0.000908643 0.999091
2 0.986504 0.0134957
2 0.807687 0.192313
2 0.884377 0.115623
9 0.144502 0.855498
2 0.902555 0.0974445
2 0.951471 0.0485289
9 0.182097 0.817903
2 0.905197 0.0948033
2 0.985655 0.0143452
2 0.99559 0.00441032
2 0.996044 0.0039555
2 0.994031 0.00596888
2 0.872462 0.127538
2 0.872734 0.127266
2 0.770104 0.229896
2 0.998349 0.00165127
2 0.901079 0.098921
2 0.954119 0.0458808
2 0.998726 0.00127439
9 0.173562 0.826438
9 0.00185645 0.998144
2 0.997499 0.00250118
2 0.994779 0.00522108
2 0.91824 0.0817598
2 0.997399 0.00260132
9 0.00497477 0.995025
9 0.263024 0.736976
2 0.799829 0.200171
9 0.000350032 0.99965
2 0.890791 0.109209
2 0.888464 0.111536
2 0.996035 0.00396504
2 0.999988 1.16677e-05
2 0.93704 0.06296
2 0.998902 0.00109765
2 0.985719 0.014281
2 0.98863 0.0113698
2 0.762274 0.237726
2 0.915353 0.0846474
2 0.979811 0.0201885
9 0.0363652 0.963635
2 0.997126 0.00287443
2 0.987086 0.0129142
9 0.242847 0.757153
9 0.0492421 0.950758
2 0.997218 0.00278213
2 0.831627 0.168373
2 0.964781 0.0352192
9 2.32091e-07 1
2 0.996106 0.00389399
2 0.818609 0.181391
2 0.90819 0.09181
2 0.923343 0.0766566
2 0.998738 0.00126239
9 0.181929 0.818071
2 0.951187 0.0488127
2 0.999718 0.000281842
2 0.9991 0.000899907
2 0.583313 0.416687
9 4.36066e-05 0.999956
2 0.999361 0.000638877
9 0.112264 0.887736
9 0.20665 0.79335
2 0.826112 0.173888
2 0.999832 0.000167584
2 0.996149 0.00385068
9 5.94846e-05 0.999941
2 0.918916 0.0810845
9 1.51157e-06 0.999998
2 0.955008 0.0449925
2 0.965009 0.0349912
2 0.987924 0.0120756
2 0.998317 0.00168319
2 0.968939 0.0310612
2 0.994911 0.00508897
2 0.943159 0.056841
2 0.73548 0.26452
2 0.9996 0.000399662
2 0.538271 0.461729
9 0.00414031 0.99586
2 0.986203 0.013797
2 0.995711 0.00428936
2 0.551515 0.448485
9 0.349833 0.650167
2 0.911301 0.0886986
9 0.0797777 0.920222
9 0.00424182 0.995758
2 0.994766 0.00523365
2 0.999494 0.0005063
2 0.949616 0.0503841
2 0.578603 0.421397
2 0.996998 0.00300156
2 0.907651 0.0923491
2 0.996986 0.00301387
2 0.934347 0.0656533
2 0.999338 0.000661679
9 0.0322822 0.967718
2 0.646411 0.353589
2 0.758099 0.241901
2 0.919922 0.0800782
9 0.169421 0.830579
2 0.959761 0.0402392
2 0.996769 0.00323093
2 0.999694 0.00030626
2 0.999521 0.000478755
2 0.717912 0.282088
2 0.974593 0.0254067
9 1.6302e-06 0.999998
2 0.942888 0.0571116
2 0.99943 0.000570441
2 0.843163 0.156837
2 0.948417 0.0515828
2 0.961007 0.038993
2 0.947233 0.0527669
9 0.152397 0.847603
2 0.998319 0.00168113
9 6.27357e-06 0.999994
2 0.573864 0.426136
2 0.956914 0.0430861
2 0.989467 0.0105333
2 0.991224 0.00877605
2 0.995508 0.00449226
2 0.995034 0.00496559
2 0.899702 0.100298
2 0.932481 0.0675194
9 3.40621e-06 0.999997
2 0.944298 0.0557021
2 0.876801 0.123199
2 0.996019 0.00398144
2 0.508746 0.491254
2 0.777896 0.222104
2 0.98301 0.0169895
9 0.000691493 0.999309
9 0.00464281 0.995357
2 0.99999 1.0427e-05
2 0.908354 0.0916458
2 0.956276 0.0437238
2 0.842986 0.157014
9 0.0518034 0.948197
2 0.969842 0.0301583
2 0.973501 0.0264995
2 0.980097 0.0199026
2 0.923968 0.0760317
9 0.000498374 0.999502
9 1.84526e-07 1
9 0.00107182 0.998928
2 0.999329 0.000670837
9 0.169053 0.830947
9 0.0304462 0.969554
2 0.948956 0.0510438
2 0.999681 0.000319398
2 0.993661 0.00633943
2 0.988542 0.0114577
9 7.54512e-06 0.999992
2 0.704499 0.295501
2 0.995918 0.00408206
2 0.996962 0.00303801
2 0.997378 0.00262222
2 0.916786 0.0832144
2 0.986655 0.0133447
9 0.384101 0.615899
9 1e-07 1
2 0.998635 0.00136549
2 0.6922 0.3078
2 0.983481 0.0165189
2 0.883771 0.116229
2 0.919621 0.0803791
2 0.780172 0.219828
2 0.984526 0.0154741
2 0.572858 0.427142
9 0.12944 0.87056
9 0.0331025 0.966897
2 0.968292 0.0317076
2 0.699562 0.300438
9 0.027921 0.972079
2 0.996728 0.00327207
2 0.945694 0.054306
2 0.999876 0.00012381
2 0.95329 0.0467095
2 0.801172 0.198828
2 0.996687 0.00331291
2 0.599308 0.400692
2 0.977512 0.022488
2 0.961651 0.0383491
2 0.947954 0.0520462
2 0.984514 0.0154856
2 0.99997 2.99782e-05
2 0.822247 0.177753
2 0.983895 0.0161045
2 0.98568 0.0143202
2 0.999892 0.000107522
2 0.719634 0.280366
2 0.981011 0.0189888
2 0.948793 0.0512069
2 0.978141 0.0218587
2 0.974279 0.0257212
2 0.996113 0.0038874
9 0.0863514 0.913649
2 0.937851 0.0621489
2 0.997126 0.00287398
2 0.998504 0.00149624
2 0.931825 0.0681755
9 5.23535e-05 0.999948
2 0.975364 0.0246365
2 0.997176 0.00282396
2 0.937339 0.0626608
2 0.911581 0.0884191
2 0.99854 0.00145971
2 0.914385 0.0856151
2 0.996851 0.0031486
2 0.982754 0.0172457
2 0.981142 0.0188577
2 0.975383 0.0246174
2 0.700657 0.299343
2 0.998905 0.00109526
9 0.003728 0.996272
2 0.986175 0.0138249
2 0.995578 0.00442157
2 0.860278 0.139722
2 0.904205 0.0957953
2 0.905267 0.0947326
2 0.508451 0.491549
2 0.953543 0.046457
2 0.87979 0.12021
2 0.58165 0.41835
2 0.995843 0.00415659
9 1.95083e-06 0.999998
2 0.999639 0.000360987
9 0.086548 0.913452
2 0.932305 0.0676946
2 0.833402 0.166598
2 0.503769 0.496231
2 0.996503 0.00349737
2 0.994691 0.00530856
9 0.279895 0.720105
2 0.984719 0.0152809
2 0.940505 0.0594952
2 0.978186 0.0218139
2 0.998871 0.00112937
2 0.999891 0.000108834
2 0.925283 0.0747166
2 0.898653 0.101347
2 0.997921 0.0020788
2 0.894762 0.105238
9 2.24561e-05 0.999978
9 0.145224 0.854776
9 0.171735 0.828265
2 0.997284 0.00271558
2 0.999749 0.00025068
2 0.969177 0.0308225
2 0.880904 0.119096
9 0.221163 0.778837
2 0.999986 1.41078e-05
2 0.988613 0.0113875
2 0.992451 0.00754914
2 0.833173 0.166827
9 0.401815 0.598185
9 1e-07 1
2 0.578893 0.421107
9 0.388821 0.611179
2 0.623539 0.376461
9 0.013759 0.986241
2 0.928145 0.0718549
2 0.998752 0.00124832
2 0.921955 0.078045
9 0.0195186 0.980481
9 4.41988e-07 1
2 0.954088 0.0459124
2 0.986457 0.0135425
2 0.998895 0.0011049
2 0.977649 0.0223514
2 0.973346 0.0266536
9 0.00035607 0.999644
9 0.0101991 0.989801
2 0.928709 0.0712914
2 0.964196 0.0358037
9 1e-07 1
2 0.997131 0.00286901
9 0.00791862 0.992081
2 0.950476 0.0495242
2 0.999322 0.000677674
2 0.923517 0.0764827
2 0.978323 0.0216773
9 0.222296 0.777704
9 0.499714 0.500286
9 0.0770897 0.92291
2 0.915802 0.0841981
2 0.572428 0.427572
2 0.921099 0.0789014
9 0.10759 0.89241
2 0.999386 0.000614311
2 0.87972 0.12028
2 0.991795 0.00820536
2 0.938695 0.0613048
2 0.973403 0.026597
2 0.985321 0.0146786
2 0.627075 0.372925
9 0.00346965 0.99653
9 0.0536578 0.946342
2 0.960215 0.0397855
9 0.00733444 0.992666
9 1.56427e-07 1
2 0.760376 0.239624
2 0.996621 0.00337942
2 0.940251 0.0597494
2 0.996437 0.00356337
2 0.868774 0.131226
9 0.0558514 0.944149
2 0.884904 0.115096
2 0.999384 0.000616202
9 0.0161836 0.983816
2 0.974571 0.0254286
2 0.999092 0.00090831
2 0.996759 0.00324058
2 0.999802 0.000197826
9 0.1629 0.8371
2 0.728432 0.271568
2 0.996691 0.00330901
2 0.976832 0.0231678
9 0.267897 0.732103
2 0.998892 0.00110797
2 0.923848 0.0761519
9 0.123037 0.876963
2 0.969096 0.0309039
2 0.993822 0.00617824
9 0.0158067 0.984193
2 0.999119 0.000881248
2 0.92576 0.0742401
2 0.989474 0.0105257
2 0.850797 0.149203
2 0.955113 0.0448873
2 0.896824 0.103176
2 0.568628 0.431372
2 0.913883 0.0861171
2 0.999611 0.000389176
9 0.0210522 0.978948
2 0.999938 6.21951e-05
9 0.251465 0.748535
9 1e-07 1
9 4.02942e-06 0.999996
2 0.760172 0.239828
9 0.180442 0.819558
9 0.417153 0.582847
2 0.997698 0.00230209
2 0.968326 0.0316739
2 0.92242 0.0775796
2 0.99876 0.00123952
2 0.512616 0.487384
2 0.997443 0.00255732
2 0.961179 0.0388209
2 0.943786 0.0562138
2 0.983623 0.016377
2 0.929743 0.0702566
2 0.985821 0.0141793
2 0.542067 0.457933
2 0.970927 0.0290729
2 0.982031 0.0179691
9 7.11723e-05 0.999929
2 0.506581 0.493419
2 0.858491 0.141509
2 0.655374 0.344626
9 0.00133055 0.998669
9 1e-07 1
2 0.933716 0.0662841
2 0.908025 0.0919748
9 0.000109105 0.999891
2 0.941359 0.0586415
2 0.843495 0.156505
2 0.880067 0.119933
2 0.958512 0.0414876
2 0.998986 0.00101423
2 0.928572 0.0714278
2 0.889204 0.110796
2 0.951022 0.0489779
2 0.999836 0.000164307
2 0.978731 0.0212693
9 0.314387 0.685613
2 0.985402 0.0145977
9 1.4122e-06 0.999999
2 0.541413 0.458587
2 0.958379 0.0416205
2 0.938801 0.0611992
2 0.970396 0.0296039
9 2.65796e-06 0.999997
9 5.30457e-05 0.999947
9 0.257626 0.742374
9 8.15326e-07 0.999999
2 0.996809 0.00319125
2 0.999949 5.1322e-05
9 1.49237e-05 0.999985
2 0.999925 7.46888e-05
2 0.976186 0.0238144
2 0.99878 0.00122039
2 0.981508 0.0184921
9 0.130413 0.869587
2 0.951577 0.0484231
9 0.000340763 0.999659
2 0.996732 0.00326842
9 5.36129e-06 0.999995
2 0.999825 0.000174616
2 0.912957 0.0870432
2 0.984507 0.0154926
9 1.26504e-06 0.999999
2 0.860957 0.139043
2 0.985794 0.014206
9 0.0249203 0.97508
2 0.996095 0.00390542
9 0.0499761 0.950024
2 0.996248 0.00375168
2 0.996299 0.00370053
2 0.890276 0.109724
9 0.0932076 0.906792
2 0.984806 0.0151942
9 0.217825 0.782175
2 0.953672 0.046328
2 0.987697 0.0123033
2 0.549799 0.450201
2 0.838688 0.161312
2 0.996588 0.00341213
2 0.996656 0.00334372
9 0.212765 0.787235
9 3.35821e-07 1
9 0.294156 0.705844
2 0.741466 0.258534
2 0.998734 0.00126604
2 0.995279 0.00472098
2 0.999702 0.000297647
9 2.39156e-07 1
9 0.000913407 0.999087
9 0.0167994 0.983201
2 0.988765 0.0112347
2 0.954041 0.0459591
9 0.0426447 0.957355
9 0.0440138 0.955986
2 0.956554 0.0434461
9 0.0444524 0.955548
9 5.61912e-05 0.999944
2 0.999676 0.000323525
2 0.96433 0.0356699
2 0.996137 0.00386287
9 0.0808467 0.919153
2 0.734263 0.265737
9 0.161444 0.838556
2 0.931917 0.0680831
2 0.978917 0.0210834
2 0.889944 0.110056
2 0.956002 0.0439976
2 0.927125 0.0728751
2 0.915346 0.0846543
2 0.951338 0.0486625
9 0.0623418 0.937658
2 0.9602 0.0398
2 0.899331 0.100669
9 0.0938724 0.906128
9 1e-07 1
2 0.976332 0.023668
9 0.0625502 0.93745
2 0.933646 0.0663539
9 2.68565e-07 1
2 0.603992 0.396008
2 0.984766 0.0152336
2 0.994521 0.00547943
2 0.996634 0.00336619
2 0.989953 0.0100466
2 0.921816 0.078184
9 0.0268139 0.973186
2 0.912014 0.0879858
2 0.989803 0.0101968
9 0.202244 0.797756
2 0.999984 1.61098e-05
2 0.9978 0.0022003
9 3.59162e-05 0.999964
9 0.0399755 0.960025
2 0.977807 0.0221927
2 0.903311 0.0966886
2 0.999413 0.000587026
2 0.959677 0.0403232
2 0.964215 0.0357846
2 0.924458 0.0755417
2 0.890725 0.109275
9 0.000184132 0.999816
2 0.981316 0.0186845
2 0.989152 0.0108481
9 1e-07 1
9 1.95131e-05 0.99998
2 0.874439 0.125561
2 0.929145 0.0708554
9 0.036722 0.963278
2 0.923884 0.0761159
9 0.284866 0.715134
9 0.000910135 0.99909
2 0.99877 0.0012296
9 2.06436e-05 0.999979
2 0.997678 0.00232153
9 0.00339946 0.996601
9 0.0960693 0.903931
2 0.987152 0.012848
2 0.95563 0.0443703
2 0.999984 1.56632e-05
2 0.998291 0.00170895
2 0.974303 0.0256971
2 0.962725 0.0372747
2 0.997315 0.00268467
2 0.998263 0.00173659
9 0.16501 0.83499
2 0.99844 0.00155978
2 0.938122 0.0618778
9 4.07907e-06 0.999996
2 0.774046 0.225954
2 0.999994 6.07468e-06
2 0.988881 0.0111187
9 0.253573 0.746427
2 0.834572 0.165428
2 0.551884 0.448116
9 0.0407777 0.959222
9 0.290912 0.709088
9 0.029365 0.970635
2 0.906089 0.0939107
2 0.951572 0.0484283
2 0.997772 0.00222848
9 0.198065 0.801935
2 0.570004 0.429996
2 0.979244 0.0207562
2 0.873834 0.126166
2 0.975216 0.0247845
9 1e-07 1
2 0.78987 0.21013
9 0.33286 0.66714
9 0.0777284 0.922272
2 0.993924 0.00607591
2 0.969725 0.0302749
2 0.568406 0.431594
2 0.99059 0.00941026
9 0.334033 0.665967
2 0.999515 0.000485264
2 0.838013 0.161987
2 0.996339 0.00366098
2 0.984021 0.0159792
2 0.967564 0.0324361
2 0.962866 0.0371342
2 0.999167 0.000833301
9 0.110236 0.889764
2 0.880906 0.119094
2 0.99716 0.00283969
2 0.992617 0.00738311
2 0.999737 0.000262555
2 0.999145 0.000855162
2 0.999828 0.000171783
2 0.931623 0.0683774
2 0.549592 0.450408
2 0.998013 0.00198654
2 0.5561 0.4439
9 0.00512022 0.99488
2 0.957567 0.0424327
9 0.105737 0.894263
2 0.99845 0.00155
2 0.999457 0.000542733
2 0.987072 0.0129284
9 0.000247626 0.999752
2 0.897234 0.102766
2 0.648964 0.351036
2 0.999884 0.000116469
2 0.999857 0.000143454
2 0.749954 0.250046
2 0.995114 0.00488609
9 0.0333169 0.966683
2 0.886161 0.113839
9 7.27421e-06 0.999993
2 0.770838 0.229162
2 0.998958 0.00104154
9 0.00240718 0.997593
2 0.986239 0.0137612
9 0.0274409 0.972559
2 0.752975 0.247025
9 0.00123589 0.998764
9 1e-07 1
2 0.719823 0.280177
2 0.972668 0.0273319
2 0.975954 0.0240459
2 0.637269 0.362731
9 0.36078 0.63922
2 0.886417 0.113583
2 0.997602 0.00239804
2 0.57292 0.42708
2 0.897849 0.102151
2 0.64949 0.35051
9 0.162097 0.837903
2 0.709569 0.290431
9 3.53343e-07 1
2 0.583225 0.416775
2 0.924814 0.0751858
2 0.828501 0.171499
2 0.967937 0.0320631
2 0.999273 0.000727374
2 0.994447 0.0055526
2 0.676659 0.323341
2 0.998902 0.00109798
9 0.296165 0.703835
2 0.571772 0.428228
2 0.633845 0.366155
9 9.73751e-05 0.999903
2 0.945221 0.0547793
2 0.996908 0.00309196
2 0.970077 0.0299228
9 1.59347e-05 0.999984
2 0.996791 0.00320912
2 0.91094 0.0890604
9 0.238675 0.761325
2 0.973275 0.0267253
2 0.864727 0.135273
2 0.996548 0.00345211
2 0.994947 0.00505316
9 1e-07 1
2 0.995259 0.00474096
2 0.993123 0.00687662
2 0.962069 0.037931
2 0.9644 0.0355996
2 0.982531 0.0174686
2 0.877087 0.122913
9 0.000166867 0.999833
2 0.971704 0.0282965
2 0.974347 0.0256528
2 0.998399 0.00160087
2 0.955335 0.044665
9 0.445957 0.554043
2 0.93785 0.0621498
2 0.999253 0.000746927
2 0.923412 0.0765879
9 1e-07 1
2 0.997602 0.00239837
2 0.997512 0.00248815
2 0.987183 0.0128169
9 0.000298018 0.999702
2 0.915738 0.0842616
2 0.999627 0.000373018
2 0.86293 0.13707
2 0.958697 0.0413029
2 0.943557 0.0564431
2 0.996213 0.0037874
2 0.998381 0.00161902
9 0.00612889 0.993871
9 0.467711 0.532289
2 0.916926 0.0830742
2 0.976887 0.0231134
2 0.92789 0.0721104
9 0.148218 0.851782
2 0.985039 0.0149612
9 2.57107e-07 1
2 0.994209 0.00579097
2 0.998065 0.0019352
2 0.985792 0.0142079
2 0.920285 0.079715
9 0.188575 0.811425
2 0.998937 0.00106341
2 0.998968 0.00103238
9 0.0108718 0.989128
9 0.203136 0.796864
9 1e-07 1
9 1e-07 1
9 0.275952 0.724048
9 1e-07 1
2 0.992757 0.00724255
2 0.92868 0.0713204
2 0.995406 0.00459448
9 1e-07 1
2 0.924193 0.0758074
2 0.997418 0.002582
2 0.999853 0.000146577
2 0.50499 0.49501
2 0.99961 0.000390024
2 0.753381 0.246619
9 0.0272995 0.9727
2 0.999813 0.000187081
2 0.948358 0.0516424
2 0.925485 0.0745155
9 0.00269627 0.997304
2 0.986429 0.0135715
9 0.000438451 0.999562
2 0.955538 0.0444625
2 0.973981 0.0260192
2 0.999816 0.000184383
2 0.948286 0.0517141
2 0.974796 0.0252045
2 0.858349 0.141651
2 0.999167 0.000833127
2 0.998591 0.00140877
2 0.915964 0.0840363
9 0.176242 0.823758
2 0.994963 0.00503666
2 0.73639 0.26361
9 4.77331e-05 0.999952
2 0.996509 0.00349115
2 0.993412 0.00658826
2 0.984725 0.0152751
9 4.64875e-05 0.999954
2 0.587073 0.412927
9 0.368715 0.631285
2 0.936768 0.063232
2 0.992254 0.00774621
9 0.13775 0.86225
9 0.0419667 0.958033
2 0.998646 0.00135361
2 0.999902 9.75123e-05
9 0.265664 0.734336
9 1e-07 1
2 0.98231 0.01769
2 0.660736 0.339264
2 0.965492 0.0345082
9 0.194545 0.805455
9 1.63515e-06 0.999998
2 0.997062 0.00293777
2 0.957405 0.0425945
2 0.941157 0.0588426
2 0.644903 0.355097
9 8.34778e-06 0.999992
2 0.998844 0.00115626
2 0.995493 0.00450711
2 0.997523 0.00247666
9 0.0357576 0.964242
2 0.998716 0.00128361
2 0.878563 0.121437
2 0.973333 0.0266671
2 0.806315 0.193685
2 0.993954 0.00604568
2 0.978109 0.0218906
2 0.975145 0.0248553
2 0.953124 0.0468758
9 0.368552 0.631448
9 1.82492e-05 0.999982
2 0.999845 0.000155016
2 0.761709 0.238291
2 0.968039 0.0319609
2 0.700424 0.299576
9 0.00154267 0.998457
2 0.985687 0.0143129
9 1e-07 1
9 6.02391e-05 0.99994
2 0.997827 0.00217264
2 0.999551 0.000448689
2 0.999104 0.000895548
9 0.00478391 0.995216
2 0.946534 0.0534661
2 0.62743 0.37257
9 0.0214771 0.978523
2 0.998821 0.00117906
2 0.998756 0.00124418
9 0.091675 0.908325
2 0.913241 0.0867594
9 9.32819e-05 0.999907
2 0.996616 0.0033844
2 0.976479 0.0235209
2 0.99821 0.00178983
9 0.0113986 0.988601
2 0.996054 0.00394619
2 0.938774 0.0612265
9 3.68582e-07 1
9 0.000102488 0.999898
2 0.973856 0.026144
2 0.791044 0.208956
2 0.893996 0.106004
9 0.0194233 0.980577
9 0.000472057 0.999528
9 0.0356266 0.964373
2 0.931725 0.068275
9 0.373012 0.626988
9 0.0127545 0.987245
9 0.343754 0.656246
2 0.996091 0.00390914
9 0.00207538 0.997925
9 0.0223324 0.977668
2 0.87569 0.12431
9 0.000186394 0.999814
2 0.526846 0.473154
2 0.997576 0.00242443
2 0.94088 0.0591202
2 0.974654 0.0253464
2 0.792866 0.207134
2 0.884032 0.115968
2 0.999984 1.5647e-05
2 0.927371 0.0726291
2 0.981125 0.0188754
2 0.996867 0.00313302
2 0.998165 0.0018354
2 0.885984 0.114016
2 0.996879 0.00312149
2 0.97332 0.0266797
2 0.932212 0.0677876
2 0.941099 0.0589008
9 0.200328 0.799672
2 0.998763 0.00123748
2 0.995713 0.00428667
2 0.892976 0.107024
9 0.0194154 0.980585
2 0.996283 0.0037166
9 0.453084 0.546916
2 0.997007 0.00299333
2 0.903256 0.0967436
2 0.915483 0.0845165
2 0.995284 0.00471636
9 0.112178 0.887822
2 0.916662 0.0833378
9 0.0255455 0.974454
9 0.00347296 0.996527
9 0.389431 0.610569
2 0.960574 0.039426
2 0.983925 0.016075
2 0.995551 0.00444945
2 0.509519 0.490481
2 0.565976 0.434024
9 8.18481e-05 0.999918
2 0.813869 0.186131
2 0.883428 0.116572
2 0.887563 0.112437
9 0.203444 0.796556
2 0.997511 0.00248937
9 0.101724 0.898276
2 0.874291 0.125709
2 0.967371 0.0326285
9 2.89062e-05 0.999971
9 8.62538e-05 0.999914
2 0.989733 0.0102673
2 0.529196 0.470804
2 0.92416 0.0758396
2 0.994823 0.00517656
2 0.847371 0.152629
2 0.882525 0.117475
2 0.99435 0.0056503
9 0.198581 0.801419
2 0.893964 0.106036
2 0.983225 0.0167748
2 0.995538 0.00446198
2 0.989803 0.0101968
2 0.905215 0.0947852
2 0.772577 0.227423
2 0.986545 0.0134555
2 0.999615 0.00038545
2 0.984657 0.0153433
2 0.988538 0.0114621
2 0.999986 1.42988e-05
2 0.924756 0.0752442
2 0.966937 0.0330634
2 0.999834 0.000166185
2 0.944205 0.0557951
2 0.940477 0.0595227
2 0.999961 3.91559e-05
2 0.999831 0.000168529
9 0.218509 0.781491
2 0.978166 0.0218341
2 0.922607 0.0773927
2 0.99654 0.00346037
9 0.205015 0.794985
2 0.999182 0.000818445
9 2.74531e-06 0.999997
2 0.919571 0.0804291
2 0.971253 0.0287469
9 0.347239 0.652761
9 2.38424e-06 0.999998
2 0.999817 0.000182842
2 0.926746 0.0732539
2 0.982011 0.0179895
2 0.926846 0.0731539
2 0.883096 0.116904
9 0.00104831 0.998952
2 0.827993 0.172007
9 0.198895 0.801105
2 0.911006 0.0889942
2 0.544669 0.455331
2 0.912351 0.0876494
2 0.999735 0.000265228
2 0.984588 0.0154119
2 0.999605 0.000395254
9 1.55236e-07 1
2 0.997659 0.00234098
2 0.942776 0.0572244
2 0.955097 0.0449031
9 0.20794 0.79206
2 0.963174 0.0368263
2 0.968753 0.0312469
2 0.985548 0.0144516
2 0.958225 0.0417749
9 9.88867e-05 0.999901
2 0.93571 0.0642903
2 0.977598 0.0224018
2 0.91993 0.0800696
2 0.977751 0.022249
2 0.887985 0.112015
9 0.00085461 0.999145
9 0.00370298 0.996297
2 0.994496 0.0055036
2 0.956855 0.0431454
2 0.99623 0.00377015
2 0.994857 0.00514261
2 0.934533 0.0654666
2 0.987398 0.0126019
2 0.998404 0.00159554
2 0.999999 5.13878e-07
2 0.964197 0.0358026
9 0.196207 0.803793
2 0.998747 0.00125255
2 0.922565 0.0774351
9 0.063701 0.936299
2 0.966939 0.0330615
2 0.750974 0.249026
2 0.828325 0.171675
2 0.97564 0.0243602
2 0.999767 0.000233371
2 0.959018 0.0409823
2 0.9998 0.000199788
2 0.882876 0.117124
2 0.947445 0.052555
2 0.994164 0.005836
9 0.227126 0.772874
2 0.999418 0.000581539
9 0.31693 0.68307
2 0.882765 0.117235
2 0.872324 0.127676
9 0.00476482 0.995235
2 0.997984 0.00201588
2 0.982618 0.0173822
2 0.989907 0.0100926
2 0.923051 0.0769495
2 0.998741 0.00125899
2 0.958893 0.0411074
2 0.719615 0.280385
9 0.0395339 0.960466
2 0.985609 0.0143915
2 0.959952 0.0400481
2 0.999903 9.68161e-05
2 0.960044 0.0399564
2 0.997361 0.00263867
2 0.934137 0.0658633
9 0.104023 0.895977
2 0.932825 0.0671754
2 0.511557 0.488443
2 0.58588 0.41412
2 0.999944 5.6041e-05
2 0.966379 0.0336205
9 1e-07 1
2 0.942617 0.0573832
2 0.978017 0.0219831
2 0.990257 0.00974313
2 0.99941 0.000589551
9 0.0308207 0.969179
9 0.488128 0.511872
2 0.891 0.109
2 0.997886 0.0021136
2 0.932631 0.0673688
2 0.946248 0.0537518
9 0.293828 0.706172
2 0.96015 0.03985
9 0.121533 0.878467
2 0.999691 0.000308948
2 0.953266 0.0467337
2 0.999608 0.000392479
2 0.850339 0.149661
2 0.745274 0.254726
2 0.776257 0.223743
2 0.989503 0.0104966
2 0.993947 0.00605277
9 0.0056511 0.994349
2 0.998377 0.00162285
2 0.908052 0.0919481
9 0.0572125 0.942787
9 0.101686 0.898314
9 0.385835 0.614165
2 0.658876 0.341124
2 0.954713 0.0452871
2 0.986886 0.0131143
2 0.966845 0.0331554
9 0.000972298 0.999028
2 0.995895 0.00410513
9 0.0179168 0.982083
2 0.922144 0.0778562
2 0.994856 0.00514412
2 0.997133 0.00286693
9 0.0224543 0.977546
2 0.997475 0.00252542
9 0.35287 0.64713
9 0.00100377 0.998996
9 0.0483228 0.951677
9 1.25872e-06 0.999999
9 0.119542 0.880458
2 0.952015 0.0479854
2 0.998709 0.00129063
2 0.637143 0.362857
2 0.963633 0.0363669
2 0.948589 0.0514109
2 0.946778 0.0532218
2 0.984136 0.0158644
2 0.999006 0.000994469
9 0.0531681 0.946832
9 0.349144 0.650856
2 0.997198 0.00280169
2 0.988635 0.011365
2 0.968709 0.0312913
9 0.174112 0.825888
2 0.604226 0.395774
2 0.932025 0.067975
2 0.964717 0.0352828
2 0.995934 0.0040665
2 0.99577 0.00423031
2 0.998647 0.0013527
9 0.114957 0.885043
2 0.963912 0.0360879
2 0.998415 0.00158496
2 0.965843 0.0341574
2 0.957481 0.0425186
2 0.91754 0.0824605
2 0.928934 0.0710663
2 0.995434 0.00456642
2 0.523346 0.476654
2 0.977798 0.0222019
2 0.9779 0.0220997
9 0.000848029 0.999152
2 0.925888 0.074112
9 0.0028174 0.997183
2 0.883979 0.116021
2 0.969828 0.0301722
2 0.916285 0.0837147
2 0.998626 0.00137398
2 0.972894 0.0271057
2 0.985057 0.0149434
2 0.997148 0.00285214
2 0.972032 0.0279679
9 2.17094e-05 0.999978
2 0.904893 0.0951067
9 8.03406e-07 0.999999
2 0.910066 0.0899337
2 0.999517 0.000483073
2 0.992819 0.00718095
2 0.988467 0.0115335
2 0.980974 0.0190262
2 0.987977 0.0120227
9 0.0397408 0.960259
2 0.871726 0.128274
2 0.803506 0.196494
9 8.63944e-05 0.999914
2 0.997955 0.00204485
9 7.88194e-07 0.999999
9 0.125576 0.874424
2 0.741643 0.258357
2 0.960819 0.039181
9 0.202039 0.797961
2 0.597562 0.402438
2 0.696648 0.303352
2 0.998372 0.00162752
2 0.866591 0.133409
9 0.00110852 0.998891
2 0.854931 0.145069
2 0.969402 0.030598
2 0.709698 0.290302
2 0.995556 0.00444423
2 0.98433 0.0156697
2 0.987032 0.0129676
9 0.000350182 0.99965
2 0.999683 0.000316949
2 0.988817 0.0111828
2 0.782075 0.217925
2 0.840094 0.159906
2 0.999993 6.97772e-06
9 1e-07 1
9 0.185063 0.814937
9 1.35403e-05 0.999986
9 0.000209023 0.999791
2 0.997813 0.00218728
9 0.202849 0.797151
2 0.878118 0.121882
9 0.00263792 0.997362
2 0.968491 0.031509
2 0.601293 0.398707
2 0.999492 0.000507926
9 0.000166127 0.999834
2 0.979338 0.0206624
9 0.00078234 0.999218
2 0.74356 0.25644
2 0.999663 0.000336762
2 0.807034 0.192966
9 0.121054 0.878946
2 0.999954 4.62445e-05
2 0.99656 0.00344009
9 0.471282 0.528718
9 0.372339 0.627661
2 0.628705 0.371295
9 0.432894 0.567106
9 0.000507204 0.999493
2 0.97982 0.0201801
9 5.21201e-06 0.999995
2 0.969313 0.0306868
2 0.568593 0.431407
2 0.98271 0.0172898
2 0.999989 1.06258e-05
9 0.0485573 0.951443
2 0.997255 0.002745
2 0.68331 0.31669
9 1.04523e-05 0.99999
2 0.999963 3.74925e-05
2 0.806361 0.193639
2 0.845459 0.154541
2 0.996405 0.00359498
2 0.996807 0.00319257
9 0.00198868 0.998011
9 3.02527e-06 0.999997
2 0.997739 0.00226079
9 0.0737457 0.926254
2 0.786807 0.213193
2 0.999887 0.000112858
9 0.347209 0.652791
2 0.943598 0.0564015
2 0.999975 2.53885e-05
9 0.161833 0.838167
9 0.00132372 0.998676
2 0.907273 0.0927274
2 0.66445 0.33555
9 0.001053 0.998947
2 0.988196 0.0118038
2 0.99995 4.95742e-05
9 2.70717e-05 0.999973
2 0.985231 0.0147688
2 0.999917 8.33309e-05
9 1e-07 1
9 1.82356e-06 0.999998
9 0.0163264 0.983674
2 0.956527 0.0434726
2 0.934799 0.0652008
2 0.963408 0.0365917
9 0.148707 0.851293
2 0.967448 0.032552
9 0.0794431 0.920557
2 0.999299 0.000701161
9 0.000131709 0.999868
2 0.955483 0.0445175
2 0.965607 0.0343931
2 0.998751 0.00124945
2 0.997556 0.00244385
2 0.962869 0.0371313
2 0.919039 0.0809606
2 0.953694 0.0463062
2 0.813317 0.186683
9 0.208209 0.791791
9 0.000267395 0.999733
2 0.687113 0.312887
2 0.947154 0.0528462
9 0.00769368 0.992306
9 0.448569 0.551431
2 0.934857 0.065143
2 0.995668 0.00433179
2 0.980235 0.0197654
2 0.909271 0.0907289
2 0.958579 0.0414212
2 0.960212 0.0397877
2 0.954023 0.0459773
2 0.984157 0.0158433
2 0.854859 0.145141
2 0.997719 0.00228126
9 1.28792e-05 0.999987
2 0.995747 0.00425257
2 0.988386 0.0116144
9 0.11043 0.88957
2 0.996452 0.00354849
2 0.999568 0.000432126
2 0.987506 0.0124944
2 0.935974 0.0640263
9 0.108614 0.891386
9 0.405056 0.594944
2 0.998332 0.00166781
2 0.997274 0.00272641
9 0.337621 0.662379
9 0.00314492 0.996855
2 0.9253 0.0747004
2 0.992439 0.00756143
9 0.000218238 0.999782
9 3.34393e-06 0.999997
2 0.997153 0.00284715
2 0.999206 0.000794304
2 0.999996 4.01089e-06
2 0.590194 0.409806
2 0.983273 0.0167269
2 0.988546 0.011454
2 0.99992 7.98161e-05
2 0.967626 0.0323741
2 0.98151 0.0184905
9 0.126866 0.873134
2 0.909295 0.0907047
2 0.997516 0.00248441
9 0.193484 0.806516
9 0.0914848 0.908515
2 0.989192 0.0108084
2 0.924119 0.075881
2 0.887669 0.112331
2 0.996355 0.00364519
2 0.892388 0.107612
2 0.999114 0.00088646
2 0.574145 0.425855
2 0.95334 0.0466601
2 0.997394 0.00260609
9 0.00415033 0.99585
2 0.923569 0.0764315
2 0.94399 0.0560097
2 0.98288 0.01712
2 0.985884 0.0141158
2 0.89582 0.10418
2 0.637798 0.362202
2 0.616858 0.383142
9 0.0631821 0.936818
9 0.135351 0.864649
2 0.810443 0.189557
2 0.945077 0.054923
2 0.998129 0.00187071
2 0.994287 0.00571281
9 0.176791 0.823209
2 0.999191 0.000808953
2 0.997096 0.00290396
2 0.888037 0.111963
2 0.995847 0.00415344
2 0.756205 0.243795
2 0.987439 0.0125608
2 0.678654 0.321346
9 0.00708366 0.992916
2 0.944592 0.0554085
9 0.0100053 0.989995
2 0.895626 0.104374
9 0.00621754 0.993782
2 0.978122 0.0218782
2 0.928801 0.0711987
9 0.465433 0.534567
2 0.533886 0.466114
9 0.0599473 0.940053
2 0.513553 0.486447
2 0.984181 0.0158191
2 0.998928 0.00107227
2 0.923469 0.0765312
2 0.904185 0.0958149
2 0.998319 0.0016806
2 0.939339 0.0606607
9 0.0121353 0.987865
9 0.000242658 0.999757
9 1e-07 1
9 0.000855772 0.999144
2 0.939211 0.0607885
9 0.0376515 0.962349
2 0.998732 0.00126803
9 0.437304 0.562696
2 0.9612 0.0387995
2 0.998978 0.00102198
2 0.931391 0.0686094
9 0.353703 0.646297
2 0.995627 0.00437253
9 0.000547613 0.999452
2 0.956462 0.0435377
2 0.999926 7.40304e-05
2 0.985568 0.0144315
2 0.986746 0.0132537
2 0.999432 0.000567692
9 2.91302e-06 0.999997
2 0.941141 0.058859
2 0.995946 0.00405444
2 0.984158 0.0158418
9 0.00221218 0.997788
2 0.983022 0.0169775
2 0.943139 0.056861
2 0.994094 0.00590558
2 0.976275 0.0237247
2 0.999215 0.000784601
9 1e-07 1
2 0.919439 0.0805605
2 0.998804 0.00119599
9 0.0722941 0.927706
9 0.0205942 0.979406
9 0.421616 0.578384
2 0.996475 0.00352501
2 0.562046 0.437954
2 0.997191 0.00280882
2 0.997606 0.00239432
9 0.0916533 0.908347
9 0.103775 0.896225
9 0.00396877 0.996031
2 0.989063 0.0109367
2 0.966588 0.0334124
9 0.000239162 0.999761
2 0.965322 0.0346779
2 0.935241 0.0647589
2 0.95745 0.0425498
2 0.996911 0.00308904
9 0.00085344 0.999147
2 0.630317 0.369683
2 0.991216 0.00878386
2 0.93427 0.0657302
2 0.901681 0.0983186
2 0.997436 0.00256389
2 0.998332 0.00166794
2 0.64974 0.35026
2 0.993534 0.00646647
9 1e-07 1
9 1e-07 1
2 0.978262 0.0217378
2 0.999535 0.000465384
2 0.980705 0.0192947
9 0.0464937 0.953506
2 0.999177 0.000822621
9 0.0721084 0.927892
2 0.996728 0.00327231
2 0.629132 0.370868
2 0.86068 0.13932
2 0.924403 0.0755973
2 0.999373 0.000626979
2 0.995723 0.00427661
9 0.0709258 0.929074
2 0.981439 0.018561
2 0.980971 0.0190286
2 0.939711 0.0602886
2 0.983192 0.0168075
9 0.00846184 0.991538
9 1.00483e-06 0.999999
9 0.275763 0.724237
2 0.972576 0.0274245
9 0.00130583 0.998694
9 0.00999354 0.990006
2 0.970576 0.029424
2 0.999186 0.000813859
9 0.0291242 0.970876
9 0.000604074 0.999396
9 0.355423 0.644577
2 0.96047 0.0395299
2 0.961282 0.0387179
9 0.246047 0.753953
9 0.127726 0.872274
2 0.934503 0.0654968
9 0.0324927 0.967507
9 0.000457733 0.999542
2 0.85193 0.14807
2 0.555194 0.444806
2 0.998326 0.00167368
2 0.99625 0.0037496
9 0.288045 0.711955
2 0.9794 0.0206
2 0.908664 0.0913364
9 2.49765e-05 0.999975
9 0.0315509 0.968449
2 0.996361 0.00363896
9 0.111689 0.888311
9 3.58745e-05 0.999964
2 0.513048 0.486952
9 6.21751e-05 0.999938
2 0.997027 0.00297305
9 0.00144403 0.998556
2 0.991091 0.00890929
2 0.940112 0.0598878
9 0.00160103 0.998399
9 8.47341e-07 0.999999
2 0.958285 0.0417149
9 0.10334 0.89666
2 0.999957 4.33396e-05
2 0.991985 0.00801529
2 0.997993 0.00200718
9 2.72011e-05 0.999973
2 0.99999 9.64339e-06
2 0.996037 0.00396305
2 0.944408 0.0555919
2 0.999744 0.000255507
2 0.999951 4.92525e-05
2 0.999828 0.000172026
2 0.987122 0.0128775
2 0.997654 0.00234644
9 1.61089e-06 0.999998
2 0.955608 0.0443924
2 0.921518 0.0784819
9 2.89857e-07 1
9 1e-07 1
2 0.959525 0.0404754
2 0.980509 0.0194907
2 0.998072 0.00192798
2 0.985255 0.0147452
2 0.999871 0.000128705
9 1.13908e-07 1
2 0.98065 0.0193503
2 0.987244 0.0127563
2 0.997331 0.00266947
2 0.996209 0.00379069
2 0.983329 0.0166708
2 0.961956 0.0380441
2 0.994474 0.00552636
2 0.854504 0.145496
2 0.971546 0.0284544
2 0.984413 0.0155868
9 5.40459e-07 0.999999
2 0.992611 0.00738929
2 0.938828 0.0611719
2 0.595761 0.404239
2 0.886346 0.113654
9 0.00169899 0.998301
2 0.998947 0.00105301
2 0.612878 0.387122
2 0.988202 0.0117976
2 0.985326 0.0146745
2 0.998287 0.00171287
2 0.855207 0.144793
9 0.177301 0.822699
2 0.955158 0.0448418
2 0.930414 0.0695863
2 0.985187 0.0148127
2 0.990086 0.00991373
2 0.988023 0.0119773
9 0.198316 0.801684
2 0.999515 0.000485051
2 0.623884 0.376116
9 0.450328 0.549672
2 0.974494 0.025506
2 0.769911 0.230089
2 0.994114 0.00588615
9 0.0839385 0.916062
9 1e-07 1
9 1e-07 1
2 0.985077 0.0149228
2 0.983122 0.0168778
2 0.932117 0.0678832
2 0.99086 0.00913963
2 0.956482 0.0435178
2 0.99838 0.00162029
9 0.00126457 0.998735
2 0.999498 0.000501704
9 1e-07 1
9 0.000114526 0.999885
2 0.574586 0.425414
2 0.997751 0.00224876
2 0.609853 0.390147
2 0.957855 0.0421449
2 0.940907 0.0590925
9 0.000447258 0.999553
2 0.983331 0.0166688
9 0.0620631 0.937937
9 0.000124368 0.999876
9 0.00401421 0.995986
2 0.999608 0.000392262
9 1.33022e-06 0.999999
2 0.992181 0.00781891
2 0.999864 0.000136362
2 0.9986 0.0014004
2 0.958449 0.0415514
2 0.995222 0.00477785
2 0.971275 0.0287247
9 0.166531 0.833469
9 0.00522388 0.994776
2 0.702498 0.297502
2 0.937528 0.0624723
2 0.603485 0.396515
9 0.0315902 0.96841
2 0.987596 0.0124042
9 0.462987 0.537013
2 0.998351 0.00164909
9 7.13371e-05 0.999929
2 0.896451 0.103549
2 0.804795 0.195205
2 0.648324 0.351676
2 0.996366 0.00363422
2 0.904773 0.0952273
9 0.00221124 0.997789
2 0.997892 0.00210813
2 0.865431 0.134569
2 0.690468 0.309532
2 0.993498 0.0065024
9 6.10955e-07 0.999999
9 4.27773e-06 0.999996
9 0.00943623 0.990564
2 0.943399 0.0566013
2 0.993847 0.00615333
2 0.987271 0.0127295
2 0.947769 0.0522306
2 0.912985 0.0870147
9 0.490796 0.509204
2 0.649936 0.350064
2 0.999083 0.000916506
9 0.0306233 0.969377
2 0.999977 2.33045e-05
2 0.68717 0.31283
2 0.965905 0.0340948
2 0.590243 0.409757
2 0.920151 0.0798489
2 0.978948 0.0210523
2 0.883035 0.116965
2 0.911043 0.0889574
2 0.999096 0.000904294
2 0.961257 0.0387428
2 0.934116 0.0658839
2 0.997005 0.00299528
9 1e-07 1
2 0.57601 0.42399
2 0.931965 0.0680346
2 0.997751 0.00224883
9 0.0224482 0.977552
2 0.813173 0.186827
9 0.0920417 0.907958
2 0.998099 0.00190096
9 8.76589e-06 0.999991
9 0.0114823 0.988518
2 0.999261 0.000739421
2 0.99913 0.000870305
2 0.982326 0.0176739
9 7.41179e-07 0.999999
2 0.941778 0.0582219
2 0.922972 0.0770285
9 0.000234126 0.999766
2 0.999881 0.000119056
2 0.95354 0.0464596
9 3.00873e-06 0.999997
2 0.883709 0.116291
2 0.760724 0.239276
2 0.999705 0.000294951
9 0.00404196 0.995958
2 0.930061 0.0699393
2 0.998037 0.00196328
2 0.916432 0.0835684
9 0.467862 0.532138
2 0.996898 0.00310173
2 0.976763 0.0232373
9 1e-07 1
2 0.994229 0.00577094
9 1.13508e-06 0.999999
2 0.982063 0.017937
2 0.999878 0.000122073
2 0.989341 0.0106594
2 0.66937 0.33063
2 0.791884 0.208116
2 0.939323 0.0606768
2 0.986364 0.0136359
9 0.141331 0.858669
2 0.998087 0.00191273
2 0.999826 0.000173667
9 0.0589166 0.941083
2 0.777825 0.222175
2 0.949991 0.0500086
2 0.782148 0.217852
2 0.915066 0.084934
2 0.996449 0.00355137
9 4.57716e-05 0.999954
9 0.0660873 0.933913
2 0.670265 0.329735
2 0.895632 0.104368
2 0.997864 0.00213618
9 1.63027e-05 0.999984
2 0.965621 0.0343788
2 0.996729 0.0032714
2 0.958905 0.0410955
2 0.974968 0.0250319
9 0.000238823 0.999761
9 0.123999 0.876001
2 0.97922 0.0207801
9 3.29631e-06 0.999997
9 0.000568135 0.999432
2 0.999995 4.54003e-06
9 2.75677e-05 0.999972
9 0.00466661 0.995333
2 0.997115 0.0028847
2 0.940424 0.0595757
2 0.998474 0.00152649
9 0.00186907 0.998131
2 0.998133 0.0018668
9 0.159786 0.840214
2 0.890493 0.109507
2 0.82538 0.17462
2 0.999981 1.85391e-05
2 0.699284 0.300716
9 0.00023833 0.999762
2 0.940017 0.0599825
2 0.996914 0.00308555
2 0.999822 0.000177655
9 0.229281 0.770719
2 0.73643 0.26357
9 0.0225941 0.977406
2 0.836443 0.163557
2 0.994172 0.00582799
2 0.986657 0.013343
2 0.990086 0.00991398
2 0.675549 0.324451
2 0.998021 0.00197888
9 0.0484713 0.951529
2 0.999999 9.12187e-07
2 0.999115 0.000885238
2 0.976946 0.0230538
2 0.998574 0.00142644
2 0.967565 0.0324352
2 0.931971 0.0680291
2 0.950586 0.0494144
2 0.999856 0.000143926
2 0.954981 0.0450193
2 0.646023 0.353977
9 0.000169794 0.99983
2 0.97797 0.0220303
2 0.899976 0.100024
9 0.00905702 0.990943
2 0.990216 0.00978431
2 0.99976 0.000239987
9 0.277496 0.722504
2 0.970841 0.0291589
9 0.0789412 0.921059
2 0.988212 0.0117881
2 0.829 0.171
2 0.923684 0.0763163
2 0.930712 0.0692884
9 3.76081e-07 1
2 0.897134 0.102866
2 0.998969 0.00103147
2 0.936737 0.0632631
2 0.999632 0.000368352
2 0.997318 0.00268233
2 0.919476 0.0805243
2 0.709545 0.290455
2 0.996363 0.00363746
2 0.949203 0.050797
2 0.51119 0.48881
2 0.985697 0.0143034
9 0.0297507 0.970249
2 0.999985 1.46524e-05
2 0.999824 0.000175657
2 0.898145 0.101855
2 0.910176 0.0898236
2 0.977789 0.0222114
2 0.995843 0.0041568
2 0.9983 0.00170037
2 0.977687 0.0223125
2 0.920144 0.0798558
2 0.865974 0.134026
9 0.112356 0.887644
9 0.0168934 0.983107
9 0.271884 0.728116
9 1.23736e-07 1
9 0.0100277 0.989972
2 0.928981 0.0710194
2 0.602837 0.397163
2 0.976753 0.0232474
2 0.996175 0.00382472
2 0.99499 0.00500951
2 0.897532 0.102468
2 0.95488 0.0451202
9 0.435946 0.564054
9 0.401163 0.598837
2 0.919328 0.0806719
9 0.0496536 0.950346
2 0.942621 0.0573791
2 0.969956 0.0300443
2 0.985952 0.0140483
2 0.999585 0.000415073
2 0.996287 0.0037127
2 0.543462 0.456538
2 0.988896 0.0111039
2 0.999341 0.000658919
9 0.317371 0.682629
9 0.193197 0.806803
9 0.383627 0.616373
2 0.996279 0.00372064
2 0.970597 0.0294026
2 0.968782 0.0312184
2 0.995776 0.00422386
2 0.999923 7.70958e-05
9 0.0190901 0.98091
2 0.98681 0.0131896
9 1.9945e-06 0.999998
2 0.951386 0.0486137
2 0.907807 0.0921931
2 0.539798 0.460202
2 0.939261 0.0607385
2 0.920937 0.0790627
2 0.998503 0.00149737
9 0.235156 0.764844
2 0.988758 0.0112424
9 0.246589 0.753411
2 0.99684 0.00316007
2 0.975824 0.0241762
2 0.996012 0.00398764
2 0.997392 0.00260816
2 0.997669 0.00233139
2 0.646456 0.353544
2 0.82097 0.17903
2 0.825036 0.174964
9 0.0131784 0.986822
2 0.999988 1.22589e-05
2 0.997522 0.00247844
2 0.985575 0.0144248
9 0.137642 0.862358
2 0.958807 0.0411926
2 0.995647 0.0043535
2 0.915828 0.0841724
2 0.999859 0.000141172
2 0.997224 0.0027757
9 0.0543324 0.945668
2 0.999503 0.000496928
2 0.998034 0.00196598
2 0.998087 0.00191329
2 0.926927 0.0730732
9 0.486303 0.513697
2 0.998652 0.00134783
9 0.273695 0.726305
9 0.0733574 0.926643
2 0.996056 0.00394354
2 0.834482 0.165518
9 0.130518 0.869482
2 0.99642 0.00358002
2 0.770584 0.229416
2 0.99856 0.00144
2 0.996833 0.00316665
2 0.821117 0.178883
2 0.972805 0.0271945
2 0.999681 0.000319415
2 0.998138 0.00186233
2 0.995784 0.00421578
2 0.996024 0.003976
2 0.846559 0.153441
2 0.959902 0.0400985
9 0.304656 0.695344
9 0.34376 0.65624
2 0.996538 0.00346238
2 0.936016 0.0639838
2 0.998258 0.00174201
2 0.997942 0.00205787
2 0.955695 0.0443049
2 0.997056 0.00294401
2 0.995405 0.00459523
2 0.995336 0.00466382
9 0.0567619 0.943238
2 0.964732 0.0352682
2 0.996126 0.0038735
2 0.931232 0.0687678
2 0.979355 0.0206448
2 0.989221 0.0107786
9 0.0280169 0.971983
2 0.995386 0.00461436
2 0.999972 2.82958e-05
9 0.00166372 0.998336
2 0.997975 0.00202539
2 0.998721 0.0012786
9 0.0463394 0.953661
2 0.984438 0.015562
2 0.982344 0.0176561
2 0.982941 0.017059
9 0.0853248 0.914675
9 0.00026045 0.99974
9 0.000945453 0.999055
2 0.64807 0.35193
2 0.522893 0.477107
2 0.998983 0.00101748
9 1.70834e-05 0.999983
2 0.829269 0.170731
2 0.861937 0.138063
2 0.906427 0.0935729
9 0.000405115 0.999595
2 0.948554 0.051446
2 0.99774 0.00225975
2 0.999964 3.6361e-05
2 0.999806 0.000193529
2 0.99959 0.000410256
2 0.99951 0.000490361
2 0.528614 0.471386
9 0.131719 0.868281
2 0.945461 0.0545388
9 7.06928e-05 0.999929
2 0.878872 0.121128
9 0.0726372 0.927363
2 0.988858 0.011142
2 0.991548 0.00845177
2 0.825278 0.174722
9 0.2472 0.7528
2 0.999988 1.22066e-05
2 0.998136 0.00186351
2 0.997042 0.00295794
9 0.00324505 0.996755
2 0.926302 0.0736976
2 0.998961 0.001039
9 0.00881982 0.99118
2 0.996864 0.00313603
2 0.672145 0.327855
9 0.0850213 0.914979
2 0.963713 0.0362868
2 0.951492 0.0485078
9 0.068264 0.931736
2 0.999986 1.41718e-05
9 0.175189 0.824811
9 0.0385616 0.961438
2 0.998595 0.00140456
9 0.29527 0.70473
2 0.999957 4.27727e-05
2 0.987812 0.0121884
2 0.919119 0.0808814
2 0.998451 0.00154912
2 0.996395 0.00360512
9 0.252794 0.747206
9 0.249025 0.750975
2 0.998551 0.00144909
2 0.898408 0.101592
2 0.9989 0.00110019
9 2.01023e-06 0.999998
9 0.356191 0.643809
2 0.595123 0.404877
2 0.981436 0.0185644
2 0.872792 0.127208
9 0.0515345 0.948465
9 0.438079 0.561921
9 0.476723 0.523277
9 4.99842e-06 0.999995
9 0.477196 0.522804
2 0.998526 0.00147434
2 0.999884 0.000116463
2 0.999278 0.00072164
9 0.454201 0.545799
2 0.997216 0.00278404
2 0.533708 0.466292
2 0.996402 0.00359795
9 1e-07 1
2 0.99459 0.00540954
2 0.995777 0.0042234
2 0.996132 0.00386757
9 6.38468e-06 0.999994
2 0.997255 0.00274476
2 0.736098 0.263902
2 0.987063 0.0129372
2 0.996378 0.00362171
2 0.96795 0.03205
9 6.79428e-05 0.999932
9 0.054487 0.945513
2 0.996789 0.00321108
2 0.988421 0.0115791
2 0.71107 0.28893
2 0.998004 0.00199627
9 0.28798 0.71202
9 0.0109612 0.989039
2 0.784257 0.215743
2 0.781996 0.218004
9 0.0498855 0.950115
2 0.989707 0.010293
2 0.982298 0.0177017
2 0.944225 0.0557751
2 0.656005 0.343995
2 0.890663 0.109337
2 0.94783 0.05217
2 0.996181 0.00381923
2 0.916356 0.0836441
2 0.959475 0.0405247
9 4.01483e-05 0.99996
2 0.838641 0.161359
2 0.978946 0.0210542
2 0.977574 0.0224261
2 0.9492 0.0508005
2 0.53094 0.46906
9 5.02234e-07 0.999999
9 3.10147e-07 1
2 0.983733 0.0162672
2 0.905159 0.0948412
2 0.890293 0.109707
2 0.995661 0.00433861
2 0.999816 0.000183943
2 0.968077 0.031923
9 0.0528833 0.947117
9 0.00030177 0.999698
2 0.995353 0.00464714
2 0.995607 0.00439318
9 0.330211 0.669789
2 0.9665 0.0335002
2 0.996155 0.00384531
2 0.998142 0.00185826
2 0.998555 0.00144527
2 0.999986 1.43203e-05
2 0.92911 0.0708897
2 0.99955 0.000450374
9 0.00699107 0.993009
2 0.771931 0.228069
2 0.943378 0.056622
9 0.0113166 0.988683
9 0.170487 0.829513
2 0.954484 0.0455159
2 0.932363 0.0676373
9 1.98094e-05 0.99998
2 0.951794 0.0482058
9 0.0791545 0.920845
2 0.997473 0.00252671
2 0.999691 0.000309008
9 0.009634 0.990366
2 0.990367 0.0096331
2 0.968766 0.031234
2 0.996182 0.00381795
2 0.924253 0.0757467
2 0.909322 0.090678
2 0.951115 0.0488848
