labels 9 3
3 0.320408 0.679592
3 0.0801681 0.919832
3 0.164372 0.835628
9 1 1e-07
9 0.999968 3.15678e-05
3 0.17712 0.82288
9 0.598726 0.401274
3 0.231464 0.768536
9 0.999902 9.80793e-05
9 1 1e-07
9 0.992624 0.0073758
3 0.106107 0.893893
3 0.00172228 0.998278
3 0.353545 0.646455
9 0.824211 0.175789
9 1 1e-07
3 0.000427003 0.999573
9 0.686983 0.313017
3 0.038259 0.961741
9 0.65623 0.34377
3 0.21563 0.78437
3 0.189192 0.810808
3 0.0554093 0.944591
3 0.170809 0.829191
3 0.272305 0.727695
3 0.15969 0.84031
3 0.456142 0.543858
3 0.360477 0.639523
3 0.0126144 0.987386
3 0.0112185 0.988782
9 0.999599 0.000400641
3 0.000248058 0.999752
3 0.177576 0.822424
9 0.993703 0.00629696
9 0.951813 0.0481867
9 0.755538 0.244462
3 0.0464783 0.953522
3 0.0850006 0.914999
9 0.999985 1.49807e-05
3 0.00387989 0.99612
3 0.175755 0.824245
9 0.999977 2.31981e-05
3 0.172898 0.827102
3 0.297384 0.702616
3 0.374609 0.625391
3 0.217161 0.782839
3 0.104529 0.895471
3 0.248656 0.751344
3 0.0225547 0.977445
3 0.254934 0.745066
9 0.987603 0.0123967
9 0.998965 0.00103522
9 0.806535 0.193465
9 0.94345 0.0565496
3 0.0522647 0.947735
3 0.0698547 0.930145
3 0.266259 0.733741
3 0.121206 0.878794
3 0.148531 0.851469
3 0.34399 0.65601
9 0.64512 0.35488
3 0.238675 0.761325
3 0.199719 0.800281
3 0.0245535 0.975446
9 1 1e-07
9 1 1e-07
3 0.280005 0.719995
3 0.119578 0.880422
3 0.000244219 0.999756
3 0.000250766 0.999749
3 0.154092 0.845908
3 0.00236593 0.997634
3 0.0651801 0.93482
3 0.129416 0.870584
3 0.00550608 0.994494
9 1 1.41625e-07
3 0.208333 0.791667
3 0.169126 0.830874
3 0.251129 0.748871
3 0.19966 0.80034
3 0.134509 0.865491
3 0.394166 0.605834
9 0.999986 1.35328e-05
3 0.300045 0.699955
9 0.722043 0.277957
3 0.080692 0.919308
3 0.118719 0.881281
3 0.14068 0.85932
3 0.242401 0.757599
3 0.197704 0.802296
9 1 1e-07
3 0.0789201 0.92108
3 0.00161452 0.998385
3 0.336384 0.663616
3 0.118239 0.881761
9 0.999999 9.69191e-07
3 0.13179 0.86821
3 0.382566 0.617434
3 0.26328 0.73672
3 0.000197402 0.999803
3 0.255552 0.744448
3 0.0515439 0.948456
9 0.911637 0.0883634
3 0.0407068 0.959293
3 0.0251094 0.974891
9 0.999995 5.02508e-06
9 0.88803 0.11197
3 0.0549728 0.945027
3 0.00161776 0.998382
3 0.304812 0.695188
3 0.265112 0.734888
3 0.000372136 0.999628
3 0.000885789 0.999114
3 0.0238409 0.976159
3 0.0805659 0.919434
3 0.0443087 0.955691
3 0.152189 0.847811
3 0.0166571 0.983343
3 0.259629 0.740371
3 0.108818 0.891182
9 0.60195 0.39805
3 0.268813 0.731187
9 0.984588 0.0154123
3 0.00145768 0.998542
3 0.190498 0.809502
3 0.0235936 0.976406
3 0.194576 0.805424
9 0.882877 0.117123
3 0.131933 0.868067
3 0.0752739 0.924726
9 0.895689 0.104311
3 0.000846906 0.999153
3 0.366649 0.633351
3 0.0732279 0.926772
9 0.729333 0.270667
9 0.994231 0.00576852
9 0.651565 0.348435
3 0.474288 0.525712
9 0.999968 3.15215e-05
3 0.0129166 0.987083
3 0.132413 0.867587
3 0.00145738 0.998543
3 0.0369428 0.963057
9 0.795537 0.204463
3 0.333162 0.666838
3 0.119117 0.880883
3 0.0109857 0.989014
9 0.586684 0.413316
3 0.0398549 0.960145
9 0.75188 0.24812
9 0.501287 0.498713
3 0.00875438 0.991246
3 0.0906636 0.909336
3 0.0118212 0.988179
3 0.0994261 0.900574
3 0.184849 0.815151
3 0.11375 0.88625
3 0.366907 0.633093
3 0.292325 0.707675
3 0.00206114 0.997939
9 0.737214 0.262786
3 0.438486 0.561514
9 0.999619 0.000380869
3 0.317369 0.682631
3 0.0172652 0.982735
3 0.313103 0.686897
3 0.195108 0.804892
3 0.000640761 0.999359
3 0.406502 0.593498
9 0.999511 0.000489137
9 0.993482 0.00651829
3 0.0948719 0.905128
3 0.00108075 0.998919
3 0.0412846 0.958715
3 0.0937465 0.906253
3 0.190353 0.809647
3 0.00148579 0.998514
3 0.0286427 0.971357
3 0.183939 0.816061
3 0.145163 0.854837
9 0.999844 0.00015613
3 0.257462 0.742538
3 0.222567 0.777433
3 0.103688 0.896312
3 0.00529373 0.994706
3 0.203151 0.796849
3 0.434308 0.565692
3 0.272101 0.727899
3 0.303166 0.696834
3 0.471083 0.528917
3 0.0925248 0.907475
9 0.930325 0.0696755
3 0.0238515 0.976149
9 0.702854 0.297146
3 0.106177 0.893823
3 0.188555 0.811445
3 0.159564 0.840436
3 0.00240953 0.99759
9 0.626019 0.373981
3 0.10251 0.89749
9 0.990712 0.00928797
3 0.0286069 0.971393
3 0.139044 0.860956
9 0.553991 0.446009
3 0.109337 0.890663
9 1 1e-07
9 0.788739 0.211261
9 0.509767 0.490233
3 0.0971629 0.902837
3 9.5882e-05 0.999904
3 0.35315 0.64685
9 0.516612 0.483388
3 0.287393 0.712607
3 0.000830595 0.999169
3 0.254219 0.745781
3 0.103407 0.896593
9 0.999851 0.000148543
3 0.156112 0.843888
3 0.225147 0.774853
3 0.301694 0.698306
9 0.564579 0.435421
9 0.999999 8.89875e-07
3 0.407368 0.592632
3 0.143822 0.856178
3 0.110236 0.889764
3 0.168947 0.831053
3 0.140068 0.859932
3 0.0630091 0.936991
3 0.143966 0.856034
3 0.028942 0.971058
3 0.00153031 0.99847
9 0.99996 3.99776e-05
3 0.455766 0.544234
3 0.253992 0.746008
3 0.0491998 0.9508
3 0.000223425 0.999777
3 0.269379 0.730621
3 0.396512 0.603488
9 0.836707 0.163293
3 0.254084 0.745916
3 0.000848772 0.999151
3 0.124771 0.875229
9 0.999792 0.000207504
9 0.757394 0.242606
3 0.000242858 0.999757
3 0.206886 0.793114
3 0.248265 0.751735
3 0.351478 0.648522
3 0.232237 0.767763
3 0.118916 0.881084
3 0.380583 0.619417
3 0.000712462 0.999288
3 0.241532 0.758468
3 0.100815 0.899185
3 0.218559 0.781441
3 0.203591 0.796409
3 0.125816 0.874184
3 0.196356 0.803644
9 0.845565 0.154435
3 0.000865904 0.999134
9 0.862037 0.137963
3 0.396502 0.603498
9 0.564652 0.435348
3 0.281965 0.718035
9 0.999995 4.96498e-06
3 0.183647 0.816353
9 0.999966 3.36038e-05
9 0.791243 0.208757
3 0.0950996 0.9049
3 0.136965 0.863035
3 0.228939 0.771061
9 0.52603 0.47397
3 0.0189897 0.98101
3 0.268651 0.731349
3 0.0154774 0.984523
3 0.189077 0.810923
3 0.263431 0.736569
3 0.0845752 0.915425
3 0.115119 0.884881
9 0.999994 5.87414e-06
3 0.0542908 0.945709
3 0.0126305 0.987369
3 0.0569272 0.943073
3 0.0829583 0.917042
3 0.137342 0.862658
3 0.349982 0.650018
3 0.0147525 0.985247
3 0.153853 0.846147
3 0.00134553 0.998654
3 0.129687 0.870313
3 4.00988e-05 0.99996
3 0.00116629 0.998834
3 0.106894 0.893106
3 0.0549273 0.945073
3 8.59459e-05 0.999914
3 0.131335 0.868665
3 0.159162 0.840838
9 0.999968 3.16773e-05
3 0.314657 0.685343
3 0.00363979 0.99636
9 0.538293 0.461707
3 0.199977 0.800023
3 0.221822 0.778178
3 0.178545 0.821455
9 0.523872 0.476128
9 0.699532 0.300468
3 0.0135997 0.9864
3 0.32146 0.67854
9 0.996147 0.00385269
9 0.736182 0.263818
3 0.324732 0.675268
3 0.164539 0.835461
3 0.00385454 0.996145
3 0.248275 0.751725
3 0.00156916 0.998431
3 0.246409 0.753591
9 0.94695 0.0530495
9 0.923011 0.0769886
3 0.222762 0.777238
3 0.0987756 0.901224
3 0.000628665 0.999371
3 0.314407 0.685593
3 0.0180031 0.981997
3 0.00513374 0.994866
3 0.172925 0.827075
3 0.0291663 0.970834
3 0.0305793 0.969421
3 0.153715 0.846285
9 0.661087 0.338913
3 0.429636 0.570364
3 5.51508e-05 0.999945
3 0.157367 0.842633
3 0.0453553 0.954645
3 0.0835553 0.916445
3 0.255981 0.744019
3 0.128704 0.871296
3 0.0438791 0.956121
9 0.999955 4.47358e-05
3 0.000373363 0.999627
3 0.00050281 0.999497
3 0.106564 0.893436
3 0.0840479 0.915952
3 0.149452 0.850548
3 0.212224 0.787776
3 0.130513 0.869487
9 0.999928 7.16552e-05
3 3.33056e-05 0.999967
9 0.959164 0.0408359
3 0.000555446 0.999445
3 0.10039 0.89961
9 0.720122 0.279878
3 0.0257944 0.974206
9 0.769147 0.230853
9 0.623838 0.376162
3 0.101245 0.898755
3 0.149191 0.850809
9 0.928728 0.0712724
3 0.0197303 0.98027
9 1 1e-07
3 0.414221 0.585779
3 0.000555153 0.999445
3 0.0786415 0.921358
3 0.13661 0.86339
3 0.103211 0.896789
9 0.991086 0.00891424
3 0.000625037 0.999375
3 0.111703 0.888297
3 0.045956 0.954044
3 0.379778 0.620222
3 0.143408 0.856592
9 0.72444 0.27556
3 0.321405 0.678595
3 0.37705 0.62295
3 5.30687e-05 0.999947
3 0.119616 0.880384
3 0.21624 0.78376
9 0.966948 0.0330522
3 0.27604 0.72396
3 0.196439 0.803561
9 1 3.15121e-07
3 0.0741098 0.92589
9 0.64302 0.35698
3 0.154981 0.845019
3 0.0148201 0.98518
3 0.0954668 0.904533
3 0.100676 0.899324
3 0.173421 0.826579
3 0.289835 0.710165
3 0.0743126 0.925687
3 0.0640658 0.935934
3 0.159822 0.840178
3 0.0894816 0.910518
9 0.995484 0.00451639
9 0.999998 2.27846e-06
3 0.340744 0.659256
3 0.000804066 0.999196
3 0.0979847 0.902015
3 0.144329 0.855671
3 0.0804955 0.919505
3 0.00548875 0.994511
3 0.456014 0.543986
3 0.32103 0.67897
9 0.515119 0.484881
3 0.0234768 0.976523
9 0.953136 0.0468635
3 0.00105428 0.998946
9 0.999992 7.97985e-06
3 0.0114695 0.98853
3 6.77412e-05 0.999932
3 0.00592921 0.994071
3 0.00791642 0.992084
3 0.00302523 0.996975
3 0.0809357 0.919064
3 0.00453248 0.995468
3 0.0293156 0.970684
9 1 1e-07
3 0.199552 0.800448
3 0.111897 0.888103
3 0.176854 0.823146
9 0.999995 5.37345e-06
3 2.37953e-06 0.999998
3 0.429819 0.570181
3 0.0883298 0.91167
3 0.00018607 0.999814
3 0.194138 0.805862
9 0.999854 0.000146454
9 0.638984 0.361016
3 0.142163 0.857837
9 0.863238 0.136762
3 0.0355508 0.964449
9 0.758755 0.241245
9 0.567235 0.432765
3 6.77182e-06 0.999993
9 0.999849 0.000151324
3 0.151189 0.848811
9 0.906395 0.0936049
3 0.0940118 0.905988
3 0.172779 0.827221
3 0.146947 0.853053
3 0.108432 0.891568
3 0.358724 0.641276
3 0.00708496 0.992915
3 0.00221394 0.997786
3 0.275334 0.724666
3 0.110717 0.889283
3 0.0327214 0.967279
3 0.278997 0.721003
9 0.999999 9.49022e-07
3 0.179104 0.820896
3 0.418599 0.581401
9 0.826387 0.173613
3 0.0881581 0.911842
3 0.000149859 0.99985
9 0.758709 0.241291
3 0.0336639 0.966336
3 0.282174 0.717826
3 0.208143 0.791857
3 0.102054 0.897946
9 0.627472 0.372528
9 0.999959 4.13563e-05
3 0.0778804 0.92212
3 7.26099e-05 0.999927
3 1.8001e-07 1
3 0.231432 0.768568
3 0.00216235 0.997838
3 0.160654 0.839346
9 0.999888 0.000111793
3 0.348773 0.651227
3 0.352713 0.647287
3 0.397777 0.602223
3 0.102784 0.897216
3 0.00155389 0.998446
9 0.539546 0.460454
9 0.997225 0.002775
3 0.147722 0.852278
3 0.214978 0.785022
9 0.50481 0.49519
9 0.933607 0.0663929
3 0.0844346 0.915565
3 0.000340354 0.99966
3 0.234046 0.765954
3 0.0104779 0.989522
3 0.00529001 0.99471
3 0.378215 0.621785
3 0.00307683 0.996923
3 0.48629 0.51371
3 0.124004 0.875996
3 0.00012037 0.99988
3 0.000120102 0.99988
9 0.913511 0.0864887
3 0.451005 0.548995
9 0.95696 0.0430398
9 0.889848 0.110152
3 0.290461 0.709539
3 0.00244632 0.997554
3 0.0269488 0.973051
3 0.000119261 0.999881
9 0.563381 0.436619
9 0.844036 0.155964
3 0.244503 0.755497
9 0.911655 0.0883453
9 0.999917 8.26586e-05
3 0.000488503 0.999511
3 0.383335 0.616665
9 0.61575 0.38425
3 0.334147 0.665853
3 0.0628596 0.93714
3 0.126451 0.873549
9 1 1e-07
3 0.260683 0.739317
3 0.000925619 0.999074
9 0.608476 0.391524
9 0.999811 0.000189054
3 0.279945 0.720055
3 0.311356 0.688644
3 0.0951267 0.904873
3 0.00300654 0.996993
3 0.108175 0.891825
9 0.999999 1.15482e-06
3 0.185964 0.814036
3 0.20105 0.79895
3 0.145301 0.854699
9 1 2.77675e-07
9 0.639757 0.360243
3 0.0029158 0.997084
3 0.23319 0.76681
3 0.107225 0.892775
9 0.999935 6.53305e-05
3 0.469873 0.530127
9 0.772178 0.227822
3 0.0519072 0.948093
3 0.114797 0.885203
3 0.0823434 0.917657
9 0.985315 0.0146854
9 0.998081 0.00191853
3 0.0829955 0.917004
3 0.179469 0.820531
3 0.13854 0.86146
3 0.386884 0.613116
9 0.999999 5.49083e-07
3 0.000100708 0.999899
3 2.79292e-05 0.999972
3 0.210065 0.789935
9 0.609959 0.390041
9 0.996026 0.00397351
3 0.130013 0.869987
3 0.0771863 0.922814
3 5.31559e-06 0.999995
3 0.466881 0.533119
9 0.982977 0.0170232
3 0.149889 0.850111
3 0.128143 0.871857
3 0.201493 0.798507
9 0.860741 0.139259
3 0.23972 0.76028
9 1 1e-07
3 0.0850653 0.914935
3 0.0203995 0.979601
3 0.11819 0.88181
9 0.839932 0.160068
3 0.416935 0.583065
9 0.565714 0.434286
3 0.194687 0.805313
3 0.0217853 0.978215
9 0.999998 1.61398e-06
3 0.110647 0.889353
3 0.379673 0.620327
9 0.928116 0.0718838
3 9.78787e-06 0.99999
9 1 1e-07
3 0.000267634 0.999732
9 0.639014 0.360986
9 0.962827 0.0371727
3 0.102583 0.897417
3 0.0902814 0.909719
3 0.000228603 0.999771
3 3.11986e-05 0.999969
3 0.101241 0.898759
3 0.250975 0.749025
9 0.910034 0.0899661
3 0.0712048 0.928795
3 0.338997 0.661003
9 1 1e-07
3 0.17247 0.82753
3 0.176786 0.823214
3 0.198316 0.801684
3 0.164964 0.835036
3 0.112912 0.887088
3 0.0854869 0.914513
3 0.0331304 0.96687
3 3.12068e-05 0.999969
9 1 1.28925e-07
3 0.400622 0.599378
3 0.400788 0.599212
9 0.999915 8.48642e-05
3 0.221905 0.778095
9 0.999893 0.000106518
3 0.168528 0.831472
3 0.218519 0.781481
9 0.987739 0.0122614
3 0.104363 0.895637
3 0.0224587 0.977541
3 0.0781752 0.921825
9 0.655622 0.344378
3 0.162757 0.837243
3 0.0017018 0.998298
3 0.000206494 0.999794
9 0.999996 4.42037e-06
3 0.0819832 0.918017
9 0.501239 0.498761
3 0.0494553 0.950545
3 0.220453 0.779547
3 0.0166181 0.983382
3 0.135453 0.864547
3 0.225523 0.774477
3 0.000310771 0.999689
3 0.0181237 0.981876
3 0.00143114 0.998569
3 0.285657 0.714343
9 1 3.44416e-07
3 0.4705 0.5295
9 1 1e-07
3 0.22198 0.77802
3 0.0889568 0.911043
3 0.0693071 0.930693
3 0.315223 0.684777
3 0.257399 0.742601
3 0.220524 0.779476
3 0.025798 0.974202
3 0.00303997 0.99696
9 0.938744 0.0612565
3 0.131714 0.868286
9 1 1e-07
3 0.150036 0.849964
3 0.0428602 0.95714
3 0.187678 0.812322
9 0.738989 0.261011
3 0.0419391 0.958061
3 0.0268237 0.973176
3 0.191489 0.808511
3 0.237212 0.762788
3 0.198016 0.801984
3 0.0613167 0.938683
3 0.00118398 0.998816
3 0.412502 0.587498
3 0.00162884 0.998371
9 0.997651 0.00234932
3 0.0622669 0.937733
3 0.001507 0.998493
3 0.0144203 0.98558
3 0.173126 0.826874
3 0.230152 0.769848
3 0.0926403 0.90736
3 0.128359 0.871641
9 0.959444 0.040556
9 0.963767 0.0362328
9 0.739319 0.260681
3 0.0243352 0.975665
3 0.145568 0.854432
3 0.00191492 0.998085
3 0.155654 0.844346
3 0.000795378 0.999205
3 0.259222 0.740778
9 0.95847 0.0415304
3 0.0616712 0.938329
3 0.252501 0.747499
9 0.50931 0.49069
3 0.0172851 0.982715
3 0.178925 0.821075
3 0.39743 0.60257
3 0.00247244 0.997528
3 0.0967557 0.903244
3 0.212517 0.787483
3 0.254157 0.745843
3 0.264685 0.735315
3 0.00895919 0.991041
3 0.152184 0.847816
3 0.12301 0.87699
3 0.188194 0.811806
3 0.13952 0.86048
3 0.131789 0.868211
3 5.8177e-05 0.999942
3 0.00394732 0.996053
3 8.12139e-05 0.999919
9 0.654065 0.345935
3 0.00975181 0.990248
3 0.359957 0.640043
9 0.974247 0.0257534
3 0.0640127 0.935987
3 0.00563193 0.994368
3 0.000610429 0.99939
3 0.0486464 0.951354
3 0.0601433 0.939857
3 0.0496734 0.950327
3 0.151288 0.848712
9 0.896197 0.103803
3 0.111513 0.888487
3 0.000415753 0.999584
3 0.0562459 0.943754
3 0.000116273 0.999884
3 0.0281203 0.97188
3 0.199348 0.800652
3 0.0264979 0.973502
3 0.351912 0.648088
3 0.225157 0.774843
3 0.141141 0.858859
9 0.989925 0.0100752
9 0.547565 0.452435
3 0.165146 0.834854
3 0.00054284 0.999457
3 0.143386 0.856614
3 0.185305 0.814695
3 0.159478 0.840522
3 0.126118 0.873882
3 0.199324 0.800676
3 0.0571384 0.942862
3 0.37886 0.62114
9 0.999975 2.47057e-05
3 0.0452515 0.954748
3 8.85357e-05 0.999911
9 0.994444 0.00555626
3 0.122016 0.877984
9 0.993508 0.00649184
3 0.206727 0.793273
9 1 1e-07
3 0.149866 0.850134
9 0.574619 0.425381
3 0.105015 0.894985
3 0.0593608 0.940639
3 0.172637 0.827363
9 0.633084 0.366916
3 0.0296413 0.970359
3 0.100661 0.899339
9 1 1e-07
9 0.728731 0.271269
3 0.00536032 0.99464
3 0.107377 0.892623
3 0.26839 0.73161
3 0.0155265 0.984474
3 0.212789 0.787211
3 0.159166 0.840834
9 0.864116 0.135884
9 0.999778 0.000221845
3 0.00172335 0.998277
3 0.127023 0.872977
3 0.343573 0.656427
9 0.947846 0.0521544
9 0.670772 0.329228
3 0.0145703 0.98543
9 0.983653 0.0163468
3 0.435212 0.564788
3 0.109452 0.890548
9 0.833031 0.166969
3 0.183055 0.816945
3 0.0509544 0.949046
3 0.4808 0.5192
3 0.000142809 0.999857
3 0.00514473 0.994855
3 0.142015 0.857985
3 0.201074 0.798926
9 0.798932 0.201068
3 0.12075 0.87925
9 0.651726 0.348274
3 0.142229 0.857771
3 0.294184 0.705816
9 0.768751 0.231249
3 0.000880791 0.999119
3 0.198026 0.801974
3 0.158169 0.841831
3 0.000293773 0.999706
3 0.256236 0.743764
3 0.0867847 0.913215
3 0.101801 0.898199
9 0.610706 0.389294
3 0.0172748 0.982725
3 0.0812631 0.918737
3 0.21685 0.78315
3 0.243568 0.756432
9 0.999711 0.000289184
9 0.997712 0.00228843
3 0.496561 0.503439
3 0.160614 0.839386
3 0.178316 0.821684
3 0.0554914 0.944509
9 0.784769 0.215231
3 0.0509525 0.949047
3 0.22264 0.77736
3 0.00168154 0.998318
3 0.127702 0.872298
3 0.0860295 0.913971
3 0.145882 0.854118
3 0.214816 0.785184
3 0.273193 0.726807
3 0.272224 0.727776
3 0.256057 0.743943
3 0.249033 0.750967
9 0.828711 0.171289
3 0.0968909 0.903109
3 0.203492 0.796508
3 0.182909 0.817091
9 0.996919 0.00308095
9 1 1e-07
3 0.199266 0.800734
3 0.461593 0.538407
9 0.508965 0.491035
3 0.197805 0.802195
3 0.294619 0.705381
9 0.994099 0.00590088
3 0.000300293 0.9997
3 0.216772 0.783228
3 4.44953e-05 0.999956
3 0.120565 0.879435
3 0.0793316 0.920668
3 0.00182566 0.998174
9 0.940647 0.0593531
3 0.210542 0.789458
3 0.12105 0.87895
3 0.000202455 0.999798
9 1 1.76123e-07
3 0.35278 0.64722
3 0.0702748 0.929725
3 0.182727 0.817273
3 0.342143 0.657857
3 0.0727564 0.927244
9 0.999624 0.000376093
9 0.647283 0.352717
9 0.911643 0.0883569
3 0.0678832 0.932117
3 0.175525 0.824475
9 0.978259 0.0217412
3 0.0014213 0.998579
9 0.996541 0.00345911
3 0.096269 0.903731
9 0.805585 0.194415
3 0.28074 0.71926
3 0.0176117 0.982388
3 0.151388 0.848612
9 0.863554 0.136446
3 0.112943 0.887057
3 0.167744 0.832256
3 0.153668 0.846332
3 0.180282 0.819718
9 0.99997 2.99144e-05
3 0.183812 0.816188
9 0.982422 0.0175777
3 0.00696017 0.99304
3 0.00590027 0.9941
9 1 1e-07
9 1 3.55134e-07
3 0.0705259 0.929474
9 0.999994 5.5577e-06
3 0.105396 0.894604
3 0.000185257 0.999815
3 0.0295849 0.970415
3 0.03547 0.96453
3 0.110816 0.889184
9 0.575719 0.424281
3 0.0539341 0.946066
3 0.0770483 0.922952
3 0.000176604 0.999823
3 0.0508778 0.949122
3 0.291597 0.708403
3 0.0243145 0.975686
3 0.142103 0.857897
3 0.0869329 0.913067
9 0.683602 0.316398
3 0.0840922 0.915908
3 0.0124053 0.987595
3 0.213331 0.786669
9 0.594075 0.405925
3 3.05827e-05 0.999969
9 0.999987 1.26321e-05
3 0.00137447 0.998626
9 0.660158 0.339842
9 0.999949 5.10882e-05
9 0.64978 0.35022
3 0.161467 0.838533
3 0.102883 0.897117
3 0.0952068 0.904793
3 0.112027 0.887973
9 0.99951 0.000490306
9 0.657936 0.342064
9 1 4.02145e-07
3 0.190676 0.809324
9 0.998886 0.00111406
3 0.436104 0.563896
3 0.124737 0.875263
9 0.999996 3.81481e-06
3 0.00389988 0.9961
3 0.0538792 0.946121
3 0.301507 0.698493
3 0.253912 0.746088
9 0.999923 7.68292e-05
9 0.73225 0.26775
3 0.17581 0.82419
3 0.132 0.868
3 0.0490672 0.950933
3 0.000183242 0.999817
9 0.857297 0.142703
3 0.0856005 0.914399
3 0.413592 0.586408
3 0.31451 0.68549
9 0.991291 0.00870943
3 3.46641e-05 0.999965
9 0.784876 0.215124
9 0.566705 0.433295
9 0.971522 0.0284782
9 0.852093 0.147907
3 0.182398 0.817602
3 0.105861 0.894139
3 0.26256 0.73744
3 0.000211579 0.999788
3 0.0686319 0.931368
3 0.122096 0.877904
3 0.00200918 0.997991
3 0.00718337 0.992817
3 0.000658896 0.999341
3 0.0494263 0.950574
3 0.185315 0.814685
3 0.277369 0.722631
3 0.22455 0.77545
3 0.089949 0.910051
3 0.133598 0.866402
3 0.150965 0.849035
9 0.719832 0.280168
3 0.226443 0.773557
3 0.18484 0.81516
3 0.000412549 0.999587
3 0.000371038 0.999629
9 0.778013 0.221987
3 0.368408 0.631592
9 0.504888 0.495112
3 0.0822 0.9178
3 0.101923 0.898077
3 0.0016705 0.99833
9 0.962293 0.0377067
3 0.000531824 0.999468
3 4.15501e-05 0.999958
3 0.00564548 0.994355
3 0.119154 0.880846
3 0.160981 0.839019
9 1 1e-07
3 0.47857 0.52143
9 0.546932 0.453068
9 0.530418 0.469582
3 0.129799 0.870201
3 0.111964 0.888036
9 0.9842 0.0157998
9 0.986173 0.0138271
3 0.286779 0.713221
3 0.44889 0.55111
9 0.639942 0.360058
3 0.253087 0.746913
3 0.0235841 0.976416
3 0.205296 0.794704
3 0.00183487 0.998165
3 0.0503585 0.949641
3 0.196611 0.803389
9 0.519744 0.480256
3 0.277955 0.722045
3 0.0752254 0.924775
9 0.646988 0.353012
9 0.824815 0.175185
9 0.999983 1.7047e-05
3 0.274487 0.725513
3 0.0410585 0.958941
3 0.136461 0.863539
3 0.0204356 0.979564
3 0.10799 0.89201
9 1 1e-07
3 0.0451351 0.954865
3 0.122107 0.877893
9 0.619413 0.380587
3 0.0819707 0.918029
9 0.999984 1.62389e-05
3 0.0429044 0.957096
3 0.151333 0.848667
9 0.524187 0.475813
9 0.536953 0.463047
9 0.725998 0.274002
3 0.215526 0.784474
3 0.000864257 0.999136
3 0.223957 0.776043
3 0.231693 0.768307
3 0.409195 0.590805
9 0.883224 0.116776
3 0.214812 0.785188
3 0.0973998 0.9026
3 0.000519243 0.999481
3 0.186282 0.813718
3 0.0282836 0.971716
9 1 1e-07
3 0.244167 0.755833
3 0.294833 0.705167
3 0.191161 0.808839
3 0.134545 0.865455
3 0.000306642 0.999693
3 0.0238888 0.976111
3 0.0216463 0.978354
9 0.794858 0.205142
9 0.9997 0.000299692
3 0.0485651 0.951435
3 0.171461 0.828539
3 0.269369 0.730631
3 0.000325386 0.999675
3 0.0933437 0.906656
9 0.537421 0.462579
9 0.517989 0.482011
3 0.397287 0.602713
3 0.0825086 0.917491
3 0.118467 0.881533
9 0.998683 0.0013172
9 1 1e-07
3 0.000282138 0.999718
3 0.000756316 0.999244
3 0.000450888 0.999549
3 0.290274 0.709726
9 0.789602 0.210398
3 0.0658127 0.934187
3 0.180809 0.819191
3 0.192859 0.807141
3 0.370911 0.629089
3 0.0692618 0.930738
3 0.20062 0.79938
3 0.119395 0.880605
3 0.176436 0.823564
3 0.00272589 0.997274
3 0.202583 0.797417
3 0.185634 0.814366
3 3.96123e-05 0.99996
3 0.000792646 0.999207
3 0.0590517 0.940948
3 0.293245 0.706755
9 0.997867 0.00213287
9 0.999996 4.15766e-06
3 0.218914 0.781086
3 0.0166847 0.983315
3 0.0499963 0.950004
3 0.133473 0.866527
3 0.00765955 0.99234
9 0.996277 0.00372348
3 0.261052 0.738948
3 0.0922254 0.907775
3 0.262479 0.737521
9 0.940502 0.0594981
3 0.0986528 0.901347
3 0.0313366 0.968663
3 0.0101905 0.98981
9 0.999991 8.94851e-06
3 0.166629 0.833371
3 0.0206278 0.979372
9 0.999908 9.24408e-05
3 0.019549 0.980451
3 0.0859696 0.91403
3 0.155134 0.844866
3 0.11038 0.88962
3 0.110819 0.889181
9 0.9827 0.0173
3 0.0485339 0.951466
3 0.194255 0.805745
3 0.000840087 0.99916
3 0.0120609 0.987939
3 0.000910835 0.999089
3 0.0804592 0.919541
9 0.750703 0.249297
3 0.169133 0.830867
3 0.229165 0.770835
3 0.00359809 0.996402
9 0.662304 0.337696
3 0.133187 0.866813
3 0.0011597 0.99884
9 0.999691 0.000308892
3 0.251613 0.748387
3 0.242652 0.757348
9 0.999746 0.000254289
3 0.426203 0.573797
9 1 1e-07
3 0.0795521 0.920448
3 0.00767681 0.992323
3 0.000310693 0.999689
9 0.924427 0.0755734
9 0.995506 0.00449379
3 0.250695 0.749305
3 0.404197 0.595803
9 0.765762 0.234238
3 0.338187 0.661813
3 0.117525 0.882475
3 9.07489e-06 0.999991
9 1 1e-07
9 0.870067 0.129933
3 0.0248551 0.975145
3 0.131891 0.868109
3 0.140658 0.859342
9 0.999595 0.000404808
3 0.29917 0.70083
3 0.335105 0.664895
3 0.0228956 0.977104
3 0.022691 0.977309
3 0.0353126 0.964687
3 0.0851843 0.914816
3 0.0792241 0.920776
3 0.000865611 0.999134
3 0.17916 0.82084
3 0.116024 0.883976
3 0.221884 0.778116
3 1.86371e-05 0.999981
9 0.843457 0.156543
3 0.120982 0.879018
3 0.127718 0.872282
3 0.34281 0.65719
9 1 1e-07
3 0.177608 0.822392
3 0.18481 0.81519
9 0.999994 6.04828e-06
9 0.703636 0.296364
3 0.413431 0.586569
3 0.4384 0.5616
3 0.0306159 0.969384
3 0.0382473 0.961753
9 0.836298 0.163702
9 0.899363 0.100637
9 0.876795 0.123205
3 0.215713 0.784287
3 0.14393 0.85607
3 0.295388 0.704612
3 0.00154779 0.998452
9 0.999998 1.97727e-06
3 0.0508555 0.949145
3 0.0394932 0.960507
9 0.696006 0.303994
9 0.687449 0.312551
3 6.73926e-05 0.999933
3 9.84306e-05 0.999902
3 0.100298 0.899702
3 0.238312 0.761688
9 1 1e-07
3 0.000233251 0.999767
9 0.995768 0.00423159
3 0.181436 0.818564
3 0.0720875 0.927912
9 0.739193 0.260807
9 0.684548 0.315452
3 0.0303974 0.969603
3 3.72507e-05 0.999963
3 0.176158 0.823842
3 0.175894 0.824106
3 0.0431425 0.956858
3 0.0858421 0.914158
3 0.037826 0.962174
3 0.0943783 0.905622
9 0.994857 0.00514297
3 0.00204165 0.997958
3 0.243556 0.756444
3 0.302673 0.697327
3 0.236559 0.763441
3 0.184677 0.815323
9 0.795488 0.204512
3 0.00172048 0.99828
3 0.144899 0.855101
3 0.154298 0.845702
3 0.241012 0.758988
9 0.598365 0.401635
3 4.64128e-05 0.999954
3 0.000270407 0.99973
9 0.729539 0.270461
3 1.91445e-05 0.999981
3 0.122742 0.877258
3 0.0986443 0.901356
3 0.429524 0.570476
3 0.184126 0.815874
3 0.167182 0.832818
3 0.176722 0.823278
3 0.102123 0.897877
9 0.869203 0.130797
9 0.544359 0.455641
3 0.195656 0.804344
9 0.999994 5.50292e-06
3 0.183165 0.816835
3 0.101906 0.898094
3 0.0121969 0.987803
3 0.0110517 0.988948
3 0.117357 0.882643
3 0.131374 0.868626
3 0.120768 0.879232
3 0.00876319 0.991237
3 0.24271 0.75729
9 0.996053 0.00394705
3 0.464186 0.535814
3 0.075785 0.924215
3 0.00427609 0.995724
3 0.119602 0.880398
3 0.304951 0.695049
3 0.0276734 0.972327
3 0.000169961 0.99983
3 0.0545035 0.945496
3 0.110792 0.889208
3 0.308444 0.691556
3 0.000143828 0.999856
9 0.635303 0.364697
3 0.296 0.704
3 0.227158 0.772842
9 0.655844 0.344156
3 0.00615677 0.993843
3 0.0806506 0.919349
3 0.0058424 0.994158
9 0.648778 0.351222
3 0.406284 0.593716
9 0.995791 0.00420928
3 0.00111182 0.998888
3 0.117248 0.882752
9 0.844127 0.155873
3 0.175495 0.824505
9 0.518033 0.481967
3 0.183111 0.816889
3 0.0942228 0.905777
9 0.826022 0.173978
9 0.998221 0.00177854
3 0.115357 0.884643
3 0.415944 0.584056
9 0.655664 0.344336
3 0.0945617 0.905438
3 0.110128 0.889872
3 0.00256949 0.997431
3 0.0549768 0.945023
3 0.00143686 0.998563
3 0.181202 0.818798
3 0.0711593 0.928841
3 0.000873072 0.999127
3 0.057518 0.942482
9 0.872185 0.127815
3 0.000683885 0.999316
3 0.000808043 0.999192
9 0.764268 0.235732
3 0.0685128 0.931487
3 0.104075 0.895925
9 0.867987 0.132013
3 0.103549 0.896451
3 0.207756 0.792244
3 0.179708 0.820292
3 0.0501219 0.949878
3 0.0530178 0.946982
3 0.0767074 0.923293
3 0.0810309 0.918969
3 0.170348 0.829652
3 0.135759 0.864241
9 0.503744 0.496256
3 0.0827745 0.917226
3 0.150013 0.849987
3 0.164515 0.835485
3 0.160127 0.839873
9 1 1e-07
3 0.217174 0.782826
3 0.0860447 0.913955
3 0.124728 0.875272
3 0.248613 0.751387
3 0.0102268 0.989773
3 0.000246332 0.999754
3 0.109106 0.890894
9 0.946969 0.053031
3 0.249519 0.750481
9 0.999744 0.000256254
3 0.0296525 0.970347
3 0.108103 0.891897
9 0.999999 1.38097e-06
3 0.314264 0.685736
9 0.966969 0.0330309
3 0.0697744 0.930226
3 0.00126603 0.998734
3 0.00623691 0.993763
9 0.907706 0.0922943
3 0.111807 0.888193
3 0.214625 0.785375
9 0.965946 0.0340544
3 0.362605 0.637395
9 0.985319 0.0146814
3 7.43957e-05 0.999926
3 0.000171013 0.999829
3 0.330581 0.669419
3 0.0014608 0.998539
3 0.00368347 0.996317
3 0.000621188 0.999379
3 0.0137302 0.98627
3 0.00274677 0.997253
3 0.208843 0.791157
3 0.14004 0.85996
3 0.101696 0.898304
3 0.188568 0.811432
3 0.281623 0.718377
3 0.122393 0.877607
3 0.0297032 0.970297
3 0.235434 0.764566
3 0.00108642 0.998914
3 0.272248 0.727752
3 0.180187 0.819813
3 0.127687 0.872313
9 0.762766 0.237234
3 0.108709 0.891291
3 0.0455135 0.954487
3 0.0690815 0.930919
3 0.0043136 0.995686
9 0.997786 0.00221392
3 0.251163 0.748837
3 0.0436317 0.956368
3 0.0227746 0.977225
9 0.999992 8.087e-06
3 0.322816 0.677184
3 0.000213326 0.999787
9 1 1e-07
3 0.181957 0.818043
3 0.00597778 0.994022
3 0.0957474 0.904253
3 0.00195382 0.998046
9 0.696491 0.303509
3 0.00413798 0.995862
3 0.128772 0.871228
3 0.1911 0.8089
3 0.151773 0.848227
9 0.726736 0.273264
3 0.0340113 0.965989
3 0.181852 0.818148
3 0.132993 0.867007
3 0.168037 0.831963
9 0.998811 0.00118939
3 0.081547 0.918453
3 0.301532 0.698468
3 0.169908 0.830092
3 0.00571938 0.994281
3 0.0865895 0.913411
3 0.18819 0.81181
3 0.043143 0.956857
3 0.218833 0.781167
3 0.258887 0.741113
3 0.186174 0.813826
9 0.5127 0.4873
9 0.999426 0.000573846
9 0.686667 0.313333
3 0.0964318 0.903568
3 0.00028894 0.999711
9 0.81632 0.18368
9 0.650106 0.349894
3 0.20281 0.79719
3 0.104308 0.895692
3 0.103599 0.896401
3 2.90251e-05 0.999971
3 0.357615 0.642385
9 0.984786 0.0152139
9 0.998278 0.00172224
9 0.665405 0.334595
3 0.219656 0.780344
3 0.382313 0.617687
3 0.0181304 0.98187
9 0.932499 0.0675008
9 0.822026 0.177974
3 0.00197396 0.998026
9 0.999896 0.000103794
3 7.64711e-05 0.999924
3 0.0338722 0.966128
9 0.560313 0.439687
9 0.9934 0.00660024
9 0.996863 0.00313678
3 0.150993 0.849007
3 0.0800242 0.919976
3 0.18374 0.81626
3 0.190663 0.809337
3 0.10641 0.89359
9 0.999956 4.37361e-05
3 0.489632 0.510368
3 0.11475 0.88525
3 0.000303881 0.999696
3 0.289096 0.710904
9 0.984818 0.0151825
3 0.00106914 0.998931
3 0.000221497 0.999779
9 0.997952 0.00204763
3 0.219809 0.780191
9 0.879713 0.120287
3 0.0494315 0.950568
9 1 1.97743e-07
9 0.999998 1.73379e-06
3 0.155558 0.844442
3 0.000411102 0.999589
3 0.228706 0.771294
3 0.0453451 0.954655
3 0.00724962 0.99275
3 0.355967 0.644033
3 0.109086 0.890914
3 0.114896 0.885104
3 0.0762845 0.923715
9 0.999996 3.55925e-06
3 0.014962 0.985038
9 0.662916 0.337084
3 0.0144992 0.985501
3 0.166276 0.833724
3 0.209363 0.790637
3 0.157161 0.842839
3 0.285613 0.714387
3 0.0987152 0.901285
3 0.340548 0.659452
9 0.807926 0.192074
3 0.106183 0.893817
3 0.000372068 0.999628
9 0.95449 0.0455096
3 0.000789279 0.999211
3 0.182444 0.817556
3 0.0321749 0.967825
3 0.0665929 0.933407
3 0.415729 0.584271
9 0.994168 0.00583161
3 0.00176036 0.99824
3 0.143623 0.856377
3 0.380429 0.619571
3 0.070512 0.929488
3 0.0694326 0.930567
3 0.0663392 0.933661
9 0.999973 2.68067e-05
3 0.00885474 0.991145
3 0.221721 0.778279
3 0.0786792 0.921321
9 0.999968 3.19489e-05
3 0.00672065 0.993279
9 0.521607 0.478393
9 0.718853 0.281147
3 0.210996 0.789004
3 0.185535 0.814465
3 0.203609 0.796391
3 0.239576 0.760424
3 0.0279669 0.972033
3 0.0046299 0.99537
3 0.112069 0.887931
9 0.981082 0.0189176
9 0.994076 0.00592373
3 0.106569 0.893431
3 0.159508 0.840492
3 0.192347 0.807653
3 0.000918947 0.999081
3 0.324019 0.675981
9 0.783826 0.216174
3 0.387392 0.612608
3 0.028118 0.971882
3 0.252401 0.747599
3 0.221409 0.778591
3 0.412107 0.587893
3 0.474249 0.525751
3 0.108626 0.891374
3 0.000949552 0.99905
3 0.222965 0.777035
3 0.0341812 0.965819
3 0.204714 0.795286
9 0.770002 0.229998
9 0.999999 5.79838e-07
9 1 1e-07
3 0.105685 0.894315
9 0.88744 0.11256
3 0.0455997 0.9544
3 0.216423 0.783577
3 1.88856e-05 0.999981
3 0.0106073 0.989393
3 0.160939 0.839061
3 0.0874871 0.912513
3 0.088017 0.911983
3 0.408147 0.591853
9 0.999986 1.37728e-05
9 1 1.44657e-07
3 2.13104e-05 0.999979
9 0.997198 0.00280222
3 0.255285 0.744715
3 0.129972 0.870028
3 0.0698092 0.930191
9 0.989572 0.0104284
3 0.423154 0.576846
3 0.124414 0.875586
3 0.0582086 0.941791
3 0.065161 0.934839
3 0.00190823 0.998092
3 0.0383905 0.96161
3 0.102803 0.897197
9 1 1e-07
9 1 1e-07
3 0.150206 0.849794
9 0.925269 0.074731
3 0.207223 0.792777
3 0.0969789 0.903021
3 0.238751 0.761249
9 0.999999 1.00667e-06
9 0.863272 0.136728
9 0.812963 0.187037
3 0.396649 0.603351
9 0.990515 0.009485
3 0.201983 0.798017
3 0.0021595 0.99784
3 0.124201 0.875799
3 0.219476 0.780524
3 0.0313902 0.96861
3 0.263329 0.736671
3 0.110369 0.889631
3 0.014391 0.985609
3 0.0194051 0.980595
3 0.205149 0.794851
3 7.51456e-05 0.999925
3 0.0927999 0.9072
9 0.99094 0.00905973
3 0.311004 0.688996
3 0.0719008 0.928099
3 0.000438115 0.999562
9 0.956916 0.0430838
3 0.00231573 0.997684
3 0.000259038 0.999741
9 0.999995 5.40004e-06
3 0.00121039 0.99879
3 0.156557 0.843443
3 0.106526 0.893474
3 0.0914944 0.908506
9 0.74849 0.25151
3 0.0254895 0.97451
9 0.79602 0.20398
9 1 1e-07
9 1 2.67109e-07
3 0.0006058 0.999394
3 0.243401 0.756599
3 0.0163771 0.983623
3 0.00207043 0.99793
3 0.262466 0.737534
3 0.0642642 0.935736
3 0.00878734 0.991213
3 0.0745412 0.925459
3 0.0950064 0.904994
3 0.0691464 0.930854
3 0.220389 0.779611
3 0.0977269 0.902273
3 0.113192 0.886808
9 0.957473 0.042527
3 0.00945465 0.990545
3 0.0132821 0.986718
3 0.228773 0.771227
9 0.999997 3.03984e-06
3 0.0967321 0.903268
3 0.2264 0.7736
3 0.00628154 0.993718
3 0.199824 0.800176
3 0.113384 0.886616
9 0.714612 0.285388
9 0.996808 0.00319232
9 0.999996 3.88875e-06
9 0.999982 1.78637e-05
9 1 4.05505e-07
3 0.178647 0.821353
3 0.0443907 0.955609
3 0.113756 0.886244
3 0.0681459 0.931854
3 0.207004 0.792996
9 0.999999 9.8538e-07
9 0.638635 0.361365
3 0.498332 0.501668
9 0.596662 0.403338
3 0.000196556 0.999803
3 0.252813 0.747187
3 0.0589109 0.941089
9 0.999969 3.05661e-05
3 0.423348 0.576652
9 0.687806 0.312194
3 0.00214684 0.997853
3 0.272403 0.727597
3 0.00220563 0.997794
3 0.0952107 0.904789
3 0.236154 0.763846
3 0.270971 0.729029
3 0.0293494 0.970651
9 0.999974 2.55081e-05
3 0.120714 0.879286
3 0.000344525 0.999655
3 0.0726371 0.927363
9 0.834043 0.165957
9 0.903852 0.0961483
3 0.173061 0.826939
9 0.804761 0.195239
3 0.0239931 0.976007
9 0.952 0.0479997
3 0.00592329 0.994077
3 0.000719657 0.99928
3 0.208803 0.791197
9 0.988937 0.011063
9 0.99998 1.98166e-05
3 0.211259 0.788741
3 0.390936 0.609064
9 0.999963 3.66149e-05
3 0.0626359 0.937364
3 0.200913 0.799087
3 0.17991 0.82009
9 0.967087 0.032913
9 0.882954 0.117046
3 0.111431 0.888569
3 0.10821 0.89179
3 0.000440779 0.999559
9 0.750659 0.249341
9 0.974039 0.0259607
3 0.0224358 0.977564
3 0.133814 0.866186
3 0.121361 0.878639
3 0.00106484 0.998935
3 0.102578 0.897422
9 0.620932 0.379068
3 0.000769382 0.999231
3 0.234848 0.765152
9 0.944824 0.0551763
3 0.28751 0.71249
3 0.155443 0.844557
9 0.653802 0.346198
3 0.100006 0.899994
3 0.0199032 0.980097
3 0.000158338 0.999842
3 0.035322 0.964678
3 0.217172 0.782828
3 0.408307 0.591693
3 0.0750819 0.924918
3 0.114994 0.885006
3 0.196595 0.803405
3 0.000503593 0.999496
9 0.737127 0.262873
3 0.183056 0.816944
3 0.0691164 0.930884
3 0.0925191 0.907481
9 0.843529 0.156471
9 0.741449 0.258551
3 0.218278 0.781722
9 0.974821 0.0251792
3 0.348389 0.651611
3 0.197028 0.802972
3 0.208377 0.791623
3 0.113653 0.886347
3 0.126335 0.873665
3 0.120434 0.879566
3 0.0348411 0.965159
3 1.78013e-05 0.999982
3 0.1379 0.8621
3 0.00140871 0.998591
3 0.30839 0.69161
3 0.0559949 0.944005
3 0.00143241 0.998568
9 0.94868 0.0513204
3 0.217577 0.782423
3 0.127233 0.872767
3 0.3014 0.6986
3 0.0790572 0.920943
9 0.999831 0.000168745
3 0.000226644 0.999773
3 0.187464 0.812536
9 0.999997 3.18799e-06
3 0.000276805 0.999723
9 0.580688 0.419312
3 0.107547 0.892453
3 2.02251e-05 0.99998
3 0.326156 0.673844
3 0.0422122 0.957788
9 0.510987 0.489013
3 0.16878 0.83122
3 0.434772 0.565228
3 0.18278 0.81722
3 0.158825 0.841175
3 0.000436143 0.999564
3 0.00123576 0.998764
3 0.159969 0.840031
3 0.00018659 0.999813
3 6.03482e-05 0.99994
3 0.100396 0.899604
3 0.0114054 0.988595
3 0.38347 0.61653
9 1 1.41461e-07
3 0.223961 0.776039
3 0.397714 0.602286
3 0.105757 0.894243
3 0.187892 0.812108
3 0.0633747 0.936625
9 0.948332 0.0516685
3 0.137428 0.862572
3 0.014776 0.985224
3 0.0358921 0.964108
9 0.904738 0.0952618
9 0.989691 0.0103091
3 0.0267639 0.973236
9 0.967709 0.0322915
9 0.866991 0.133009
9 0.549357 0.450643
3 0.00482187 0.995178
3 0.101048 0.898952
9 0.999982 1.76141e-05
3 0.17378 0.82622
9 0.999999 5.73645e-07
3 0.219029 0.780971
3 0.236558 0.763442
3 0.389897 0.610103
3 0.051378 0.948622
3 0.29489 0.70511
3 0.174609 0.825391
3 0.458832 0.541168
3 0.424437 0.575563
3 0.022049 0.977951
3 0.311998 0.688002
9 0.999998 2.31665e-06
3 0.228561 0.771439
3 0.127136 0.872864
9 0.871172 0.128828
3 0.000765059 0.999235
3 0.0901803 0.90982
3 0.0759862 0.924014
3 0.000176523 0.999823
3 0.121778 0.878222
3 0.027518 0.972482
3 0.25778 0.74222
9 0.50371 0.49629
3 0.0971545 0.902846
3 0.274821 0.725179
3 0.0927418 0.907258
3 0.406526 0.593474
3 0.0281823 0.971818
9 0.999448 0.00055184
3 0.481843 0.518157
9 0.535446 0.464554
3 0.277693 0.722307
3 0.000551361 0.999449
3 0.31191 0.68809
3 0.108378 0.891622
3 0.0057857 0.994214
3 0.0165807 0.983419
9 0.799248 0.200752
3 0.203362 0.796638
9 0.999873 0.000126945
3 0.3586 0.6414
3 0.020371 0.979629
3 0.192929 0.807071
3 0.310822 0.689178
3 0.317511 0.682489
3 0.120874 0.879126
3 0.00290001 0.9971
3 0.073665 0.926335
9 0.999996 4.1812e-06
3 0.253266 0.746734
3 0.182136 0.817864
3 0.168046 0.831954
3 0.138482 0.861518
3 0.110863 0.889137
3 0.129268 0.870732
9 0.776977 0.223023
3 0.288161 0.711839
9 0.999999 8.29344e-07
3 0.0929743 0.907026
3 0.497415 0.502585
3 0.00208295 0.997917
9 0.76496 0.23504
3 0.229487 0.770513
3 0.0991709 0.900829
9 1 2.20375e-07
3 3.79949e-05 0.999962
3 0.000887579 0.999112
3 0.152952 0.847048
3 0.185503 0.814497
3 0.302302 0.697698
3 3.70007e-05 0.999963
3 0.229987 0.770013
3 0.280774 0.719226
3 0.244571 0.755429
3 0.451063 0.548937
9 0.999905 9.54793e-05
9 0.999985 1.49192e-05
9 0.973768 0.0262318
3 0.0271856 0.972814
3 0.000369064 0.999631
3 0.00057855 0.999421
3 0.263348 0.736652
3 0.014661 0.985339
3 0.000272162 0.999728
3 0.177733 0.822267
9 0.998309 0.00169107
9 0.753152 0.246848
3 0.0659815 0.934018
3 0.0905009 0.909499
3 0.0871042 0.912896
3 0.0924689 0.907531
9 0.536873 0.463127
9 0.993518 0.00648221
9 1 1e-07
3 0.064595 0.935405
9 0.660293 0.339707
3 0.205656 0.794344
3 0.249051 0.750949
3 0.385701 0.614299
3 1.86438e-05 0.999981
3 0.214506 0.785494
9 0.764903 0.235097
3 0.00250452 0.997495
9 0.999704 0.000296499
3 0.0434851 0.956515
9 0.646722 0.353278
3 0.000171543 0.999828
3 0.0927647 0.907235
3 0.2325 0.7675
3 0.0023611 0.997639
3 0.190456 0.809544
3 0.335136 0.664864
3 0.0962649 0.903735
9 0.622893 0.377107
3 0.275057 0.724943
3 0.39591 0.60409
3 0.123866 0.876134
3 0.196633 0.803367
3 0.000627115 0.999373
3 0.261901 0.738099
3 0.00151692 0.998483
3 0.211974 0.788026
3 0.00262393 0.997376
9 0.517644 0.482356
3 0.125453 0.874547
3 0.0985128 0.901487
9 0.670227 0.329773
9 0.583594 0.416406
3 0.112417 0.887583
3 0.000541976 0.999458
3 0.0920063 0.907994
3 0.0899715 0.910029
3 0.0171936 0.982806
3 0.277439 0.722561
9 0.999928 7.19861e-05
9 0.582438 0.417562
3 0.172783 0.827217
3 0.14433 0.85567
3 0.0742778 0.925722
3 0.0544218 0.945578
3 0.153751 0.846249
3 0.114953 0.885047
3 0.212272 0.787728
3 0.240023 0.759977
3 0.0680069 0.931993
3 0.0462023 0.953798
3 0.0468274 0.953173
9 0.983272 0.0167275
3 0.181563 0.818437
3 0.106259 0.893741
3 0.130947 0.869053
3 0.332428 0.667572
9 0.514784 0.485216
3 0.00660094 0.993399
3 0.373462 0.626538
3 0.0684474 0.931553
9 0.950009 0.0499914
3 0.1613 0.8387
9 0.999887 0.000112626
3 0.00755999 0.99244
3 6.50281e-05 0.999935
3 0.247638 0.752362
3 0.166888 0.833112
9 0.855113 0.144887
3 0.101043 0.898957
3 0.280121 0.719879
3 0.00241421 0.997586
3 0.190261 0.809739
3 0.326708 0.673292
3 0.212117 0.787883
3 0.0486406 0.951359
3 0.00664758 0.993352
3 0.169426 0.830574
3 0.330976 0.669024
3 0.0714317 0.928568
3 0.00151217 0.998488
9 0.999976 2.44636e-05
3 0.00196521 0.998035
3 0.00136496 0.998635
3 0.0876441 0.912356
3 0.0075144 0.992486
3 0.301972 0.698028
3 0.0755919 0.924408
3 0.00064071 0.999359
3 0.000169712 0.99983
3 0.182207 0.817793
3 0.195685 0.804315
3 0.172394 0.827606
9 0.910745 0.0892552
9 1 1e-07
9 0.918713 0.0812869
9 0.561172 0.438828
3 0.0214643 0.978536
9 0.984426 0.015574
3 0.331161 0.668839
3 0.0351831 0.964817
3 0.264949 0.735051
3 0.141973 0.858027
9 0.999997 3.08842e-06
3 0.32698 0.67302
3 0.188015 0.811985
3 0.0305818 0.969418
3 0.0210505 0.97895
3 0.190095 0.809905
9 0.999968 3.21839e-05
9 0.982709 0.0172914
3 0.378189 0.621811
3 0.1312 0.8688
9 1 1e-07
3 0.0857855 0.914215
9 0.997647 0.00235278
3 0.376469 0.623531
3 0.0165259 0.983474
3 0.0419908 0.958009
9 0.64086 0.35914
3 0.0016058 0.998394
3 0.184489 0.815511
9 0.970612 0.0293882
9 0.692823 0.307177
9 0.581121 0.418879
3 0.20945 0.79055
3 0.00036711 0.999633
3 0.0263308 0.973669
3 0.0095861 0.990414
3 0.17427 0.82573
3 0.0307221 0.969278
3 0.484576 0.515424
3 0.187472 0.812528
3 0.00149637 0.998504
3 0.170097 0.829903
9 0.829529 0.170471
3 0.17289 0.82711
9 0.999052 0.000947502
9 1 1e-07
9 0.500033 0.499967
3 0.0970511 0.902949
3 0.200801 0.799199
3 0.106294 0.893706
3 0.336245 0.663755
3 0.0155521 0.984448
9 0.607801 0.392199
3 0.0305642 0.969436
3 0.000218535 0.999781
3 0.285811 0.714189
3 0.0321667 0.967833
3 0.104094 0.895906
3 0.00425673 0.995743
3 0.426417 0.573583
3 0.253974 0.746026
3 0.0980411 0.901959
3 0.16983 0.83017
3 0.0129037 0.987096
3 0.0523901 0.94761
3 0.000439132 0.999561
9 0.994228 0.00577173
3 0.204325 0.795675
3 0.0766021 0.923398
9 0.931585 0.0684151
3 0.0313341 0.968666
3 0.0479335 0.952067
3 0.249583 0.750417
9 0.599388 0.400612
3 0.119616 0.880384
9 0.869435 0.130565
9 0.947465 0.0525353
3 0.122504 0.877496
3 0.0207344 0.979266
3 0.000196696 0.999803
3 0.00182699 0.998173
3 0.000223788 0.999776
9 1 1e-07
9 0.998941 0.0010585
3 0.397041 0.602959
3 0.000149205 0.999851
3 4.79374e-06 0.999995
3 0.0712184 0.928782
3 0.289905 0.710095
9 0.886854 0.113146
3 0.0715955 0.928405
9 0.864561 0.135439
3 0.0812403 0.91876
3 0.018801 0.981199
3 0.29242 0.70758
3 0.20569 0.79431
3 0.482749 0.517251
3 0.192891 0.807109
9 0.640275 0.359725
3 0.432746 0.567254
3 0.226438 0.773562
9 0.999911 8.89226e-05
9 0.591117 0.408883
3 0.229257 0.770743
9 0.515076 0.484924
9 0.575723 0.424277
9 0.999999 7.62186e-07
3 0.109799 0.890201
3 0.212513 0.787487
9 0.999175 0.000824764
3 0.364488 0.635512
3 0.0438646 0.956135
3 0.0371726 0.962827
3 0.246828 0.753172
3 0.0333098 0.96669
3 0.347095 0.652905
3 0.285514 0.714486
3 0.29091 0.70909
3 0.00645164 0.993548
9 0.535565 0.464435
9 0.882972 0.117028
3 0.205256 0.794744
9 1 1.429e-07
3 0.2948 0.7052
3 0.22841 0.77159
3 0.130045 0.869955
3 0.243631 0.756369
9 1 1.39503e-07
9 1 1e-07
9 0.701668 0.298332
9 1 1e-07
3 0.106282 0.893718
3 0.00044646 0.999554
9 0.999993 7.12753e-06
3 0.00360499 0.996395
3 0.179211 0.820789
3 0.0528862 0.947114
3 0.226982 0.773018
9 0.9973 0.00269992
3 0.232855 0.767145
3 9.5957e-05 0.999904
3 0.108264 0.891736
9 0.999984 1.64316e-05
3 0.0108425 0.989158
3 0.0494037 0.950596
3 0.483902 0.516098
9 0.999999 5.67517e-07
3 0.26639 0.73361
3 0.19291 0.80709
3 0.00111433 0.998886
3 0.0998404 0.90016
3 0.000381939 0.999618
3 0.109705 0.890295
3 0.134883 0.865117
3 0.172505 0.827495
3 0.000776368 0.999224
3 0.194236 0.805764
9 0.99266 0.00734024
3 0.218072 0.781928
3 0.178246 0.821754
3 0.0931914 0.906809
3 0.0331828 0.966817
3 0.132369 0.867631
3 0.0964545 0.903545
3 0.00174402 0.998256
9 0.999382 0.000617668
9 0.961579 0.0384208
9 0.594644 0.405356
3 0.0471595 0.95284
3 0.113798 0.886202
3 0.0105334 0.989467
9 1 4.84089e-07
9 0.998117 0.00188276
9 0.978771 0.021229
3 0.30758 0.69242
3 0.294198 0.705802
9 0.990219 0.00978103
9 0.747446 0.252554
3 0.185304 0.814696
3 0.000146342 0.999854
9 0.999921 7.92644e-05
3 0.00612362 0.993876
3 0.114832 0.885168
3 0.105595 0.894405
3 7.77072e-05 0.999922
9 0.651869 0.348131
3 0.00566912 0.994331
3 0.179297 0.820703
3 0.160334 0.839666
3 0.305095 0.694905
3 0.30027 0.69973
3 0.206106 0.793894
9 0.606835 0.393165
3 0.407277 0.592723
3 0.00142881 0.998571
3 0.258465 0.741535
3 0.0598957 0.940104
9 0.967869 0.0321307
9 1 1e-07
3 0.200126 0.799874
3 0.000405051 0.999595
3 0.0493708 0.950629
9 1 1e-07
3 9.6845e-06 0.99999
3 0.200677 0.799323
3 0.147518 0.852482
3 0.127766 0.872234
3 0.238189 0.761811
3 0.290416 0.709584
3 0.000478727 0.999521
3 0.451374 0.548626
3 0.160238 0.839762
9 0.935818 0.064182
3 0.000504169 0.999496
3 0.078965 0.921035
9 0.999982 1.84835e-05
3 0.000420585 0.999579
3 0.266935 0.733065
3 0.464161 0.535839
3 0.0200324 0.979968
9 0.798351 0.201649
3 0.0577095 0.942291
3 0.181865 0.818135
3 0.148416 0.851584
9 0.999866 0.000134478
3 0.236828 0.763172
3 0.165399 0.834601
9 1 2.52105e-07
9 0.981364 0.0186363
3 0.219168 0.780832
3 0.0807854 0.919215
3 0.007681 0.992319
3 0.00085407 0.999146
9 0.775091 0.224909
9 0.999856 0.000144045
3 0.0630902 0.93691
9 0.999986 1.38743e-05
3 0.081592 0.918408
9 0.99999 1.01821e-05
3 0.476741 0.523259
3 0.179074 0.820926
3 0.249914 0.750086
3 0.000392441 0.999608
3 0.0642123 0.935788
3 0.248062 0.751938
3 0.248593 0.751407
3 0.0739602 0.92604
3 0.0581752 0.941825
3 0.000553729 0.999446
3 0.0448025 0.955198
3 0.253318 0.746682
9 1 1e-07
3 0.414306 0.585694
3 1.19268e-05 0.999988
3 0.420629 0.579371
9 0.83937 0.16063
3 0.00630091 0.993699
3 0.00304118 0.996959
9 0.745753 0.254247
3 5.02218e-05 0.99995
3 0.000279875 0.99972
3 0.114508 0.885492
3 0.399764 0.600236
3 0.0801741 0.919826
9 0.943037 0.056963
3 0.487251 0.512749
3 0.230647 0.769353
9 0.630853 0.369147
9 0.520629 0.479371
9 1 1e-07
9 0.858026 0.141974
3 0.000106291 0.999894
3 0.0073188 0.992681
3 0.151529 0.848471
3 0.106737 0.893263
3 0.00571048 0.99429
3 0.201531 0.798469
9 0.912431 0.0875692
3 0.0206441 0.979356
9 0.593613 0.406387
3 0.0927076 0.907292
3 0.197256 0.802744
3 0.233879 0.766121
3 0.160137 0.839863
3 0.0286901 0.97131
3 0.00226456 0.997735
3 0.325694 0.674306
3 0.0848278 0.915172
3 0.269822 0.730178
3 0.0154997 0.9845
3 0.028174 0.971826
3 0.0078721 0.992128
3 0.000190624 0.999809
9 0.505596 0.494404
3 0.0689026 0.931097
9 0.569356 0.430644
9 0.971396 0.0286042
3 0.441905 0.558095
9 0.931595 0.068405
3 0.0524077 0.947592
3 0.0228262 0.977174
3 0.136411 0.863589
9 0.959224 0.0407764
3 0.172805 0.827195
3 8.85907e-05 0.999911
3 0.00312638 0.996874
3 0.00810556 0.991894
9 0.528583 0.471417
3 0.13988 0.86012
3 8.11205e-05 0.999919
9 0.910781 0.0892191
9 0.999998 1.64211e-06
9 0.555199 0.444801
3 0.0294693 0.970531
9 0.998069 0.00193099
3 0.0737027 0.926297
3 0.419348 0.580652
3 0.0656046 0.934395
9 0.71194 0.28806
9 1 1e-07
3 0.490851 0.509149
3 0.210584 0.789416
3 0.121867 0.878133
3 0.0537417 0.946258
3 0.22295 0.77705
3 0.0419485 0.958051
3 0.103081 0.896919
9 0.808838 0.191162
3 0.355053 0.644947
9 0.781159 0.218841
3 0.000966711 0.999033
9 0.896912 0.103088
9 1 1e-07
3 0.141788 0.858212
3 0.0458038 0.954196
3 0.441713 0.558287
3 0.147782 0.852218
3 0.0365377 0.963462
3 0.119197 0.880803
3 0.33962 0.66038
3 0.0249426 0.975057
3 0.000218802 0.999781
3 0.291576 0.708424
9 0.944152 0.0558479
9 0.999973 2.66335e-05
3 0.000188757 0.999811
3 0.0947814 0.905219
3 0.439543 0.560457
9 0.755005 0.244995
3 0.101883 0.898117
3 0.118589 0.881411
3 0.000114579 0.999885
3 0.193745 0.806255
3 0.128953 0.871047
3 0.105098 0.894902
3 0.177529 0.822471
9 0.999947 5.25018e-05
3 0.113224 0.886776
9 0.547745 0.452255
3 0.212205 0.787795
3 0.206307 0.793693
3 0.0919235 0.908076
3 0.0850785 0.914921
9 0.989111 0.010889
3 0.0970829 0.902917
3 0.00598853 0.994011
3 0.0711894 0.928811
3 0.266997 0.733003
3 0.000395731 0.999604
3 0.288737 0.711263
3 0.0332421 0.966758
3 0.16513 0.83487
9 1 1e-07
3 0.079564 0.920436
3 0.0993177 0.900682
9 0.566312 0.433688
9 0.994514 0.00548568
3 0.116982 0.883018
3 0.0196587 0.980341
3 0.399824 0.600176
9 0.531014 0.468986
3 0.29874 0.70126
3 0.102447 0.897553
3 0.062675 0.937325
9 0.999918 8.17528e-05
3 0.000805672 0.999194
3 0.122346 0.877654
3 0.218699 0.781301
3 0.130344 0.869656
3 0.000265022 0.999735
3 0.18816 0.81184
9 1 1.5292e-07
3 0.265741 0.734259
3 0.0531917 0.946808
3 0.192592 0.807408
3 0.157926 0.842074
3 9.69759e-05 0.999903
3 0.0462836 0.953716
3 0.0316019 0.968398
3 0.257095 0.742905
9 0.758074 0.241926
9 1 1e-07
9 1 1.6653e-07
9 0.724132 0.275868
9 0.999828 0.00017245
3 0.179583 0.820417
3 0.156026 0.843974
3 0.120767 0.879233
9 0.999973 2.69459e-05
3 0.367864 0.632136
3 0.0792149 0.920785
3 0.00329972 0.9967
9 0.707693 0.292307
3 0.00320598 0.996794
3 0.0574377 0.942562
3 0.00208741 0.997913
3 0.0108684 0.989132
3 0.322674 0.677326
3 0.171835 0.828165
9 0.999848 0.000151698
9 0.818578 0.181422
9 0.999432 0.000568235
3 0.0101643 0.989836
9 0.680369 0.319631
3 0.0112359 0.988764
3 0.294946 0.705054
3 0.251704 0.748296
3 0.370849 0.629151
3 0.0347011 0.965299
3 0.0588825 0.941118
3 0.176964 0.823036
9 0.950865 0.0491355
3 0.147679 0.852321
9 0.948553 0.0514473
9 0.999892 0.000107776
3 0.110215 0.889785
3 0.273141 0.726859
3 0.198101 0.801899
9 0.99983 0.000169687
9 0.633978 0.366022
3 0.00114516 0.998855
3 0.130479 0.869521
3 0.248831 0.751169
3 6.65407e-05 0.999933
3 0.000217098 0.999783
3 0.054026 0.945974
3 0.00839641 0.991604
9 0.737604 0.262396
9 1 1e-07
9 0.843348 0.156652
9 0.746308 0.253692
3 0.169558 0.830442
3 0.000440016 0.99956
9 0.99548 0.0045196
3 0.0890814 0.910919
3 0.108097 0.891903
3 0.306223 0.693777
9 0.600773 0.399227
9 0.999729 0.000270521
3 0.0578399 0.94216
3 0.120639 0.879361
3 0.077024 0.922976
9 0.647024 0.352976
3 0.0337627 0.966237
3 0.140298 0.859702
3 0.244131 0.755869
3 0.138631 0.861369
3 0.138629 0.861371
9 0.621905 0.378095
3 0.237261 0.762739
3 0.449497 0.550503
3 0.00405655 0.995943
9 0.769627 0.230373
3 0.00721288 0.992787
3 0.170648 0.829352
3 0.138445 0.861555
9 0.823291 0.176709
9 0.999057 0.000943369
3 0.192851 0.807149
9 1 1e-07
9 0.988622 0.0113779
3 0.0722237 0.927776
3 0.0149096 0.98509
3 0.0254679 0.974532
9 0.978538 0.0214619
3 0.300289 0.699711
3 0.00132701 0.998673
9 0.951755 0.0482445
3 0.0115459 0.988454
3 0.0578177 0.942182
9 0.878137 0.121863
3 0.0426773 0.957323
9 0.999947 5.30706e-05
3 0.0918837 0.908116
3 0.188925 0.811075
3 0.0634153 0.936585
9 0.977715 0.0222849
3 0.130214 0.869786
3 0.351379 0.648621
9 1 3.53027e-07
9 0.999965 3.46789e-05
3 0.214685 0.785315
3 0.000249516 0.99975
9 0.520538 0.479462
3 0.153254 0.846746
9 0.999955 4.53771e-05
3 1.03359e-05 0.99999
3 0.0156573 0.984343
9 0.977807 0.0221928
9 0.993515 0.00648457
3 8.70853e-05 0.999913
3 0.109992 0.890008
9 0.99855 0.00144975
9 0.994525 0.00547492
3 0.0244147 0.975585
9 0.999661 0.000339472
9 0.937228 0.0627717
3 0.0838678 0.916132
3 0.193424 0.806576
3 0.373439 0.626561
3 0.49735 0.50265
3 0.328189 0.671811
3 0.000473328 0.999527
3 0.135626 0.864374
3 0.215636 0.784364
3 0.0844881 0.915512
3 0.0658273 0.934173
3 0.271166 0.728834
3 0.0965739 0.903426
9 0.696781 0.303219
3 0.067289 0.932711
3 0.152632 0.847368
3 0.00436547 0.995635
3 0.0481213 0.951879
3 0.114809 0.885191
3 0.133007 0.866993
9 0.999922 7.82685e-05
3 0.10891 0.89109
3 0.000381918 0.999618
3 0.0878474 0.912153
3 0.261451 0.738549
3 0.112624 0.887376
3 0.103996 0.896004
3 9.25531e-05 0.999907
3 0.278522 0.721478
9 0.999938 6.15638e-05
3 4.72796e-05 0.999953
3 0.00261515 0.997385
3 0.0883964 0.911604
3 0.446808 0.553192
3 0.144964 0.855036
3 0.283264 0.716736
9 0.736861 0.263139
9 0.999982 1.83441e-05
3 0.000658898 0.999341
9 0.660878 0.339122
3 0.150576 0.849424
3 0.00199919 0.998001
3 0.0831121 0.916888
3 0.00663729 0.993363
9 0.520005 0.479995
3 0.297785 0.702215
9 0.999994 6.15458e-06
9 0.995733 0.00426712
3 0.164177 0.835823
3 0.000758956 0.999241
3 0.0941131 0.905887
3 0.151264 0.848736
9 0.702757 0.297243
3 0.0733827 0.926617
3 0.133741 0.866259
3 7.12021e-05 0.999929
3 0.112143 0.887857
3 0.393006 0.606994
3 0.103494 0.896506
3 0.161949 0.838051
3 0.111757 0.888243
9 0.705354 0.294646
3 0.183686 0.816314
3 0.0230676 0.976932
3 0.0689215 0.931079
3 0.141592 0.858408
3 0.0002944 0.999706
3 0.321531 0.678469
3 0.180116 0.819884
3 0.00486 0.99514
3 0.0721856 0.927814
3 0.135426 0.864574
3 0.000657145 0.999343
3 0.00631365 0.993686
3 0.000213344 0.999787
3 0.251211 0.748789
3 0.309522 0.690478
3 0.106954 0.893046
3 0.000834629 0.999165
3 0.0258411 0.974159
9 0.999996 4.46502e-06
3 0.14851 0.85149
3 0.105037 0.894963
3 0.253402 0.746598
9 0.999977 2.34487e-05
3 0.00999154 0.990008
3 0.223265 0.776735
3 0.212482 0.787518
3 0.38138 0.61862
3 0.196407 0.803593
9 0.998176 0.00182386
9 0.667122 0.332878
3 0.0145467 0.985453
3 0.0696277 0.930372
9 0.959122 0.0408779
3 0.088746 0.911254
3 0.0203771 0.979623
3 0.338824 0.661176
3 0.0195624 0.980438
9 1 1e-07
3 0.0893373 0.910663
3 0.0872216 0.912778
3 0.0987602 0.90124
3 4.18864e-05 0.999958
3 0.260706 0.739294
3 0.255712 0.744288
3 0.192437 0.807563
3 0.339815 0.660185
9 0.999894 0.000106052
9 0.834889 0.165111
3 0.186374 0.813626
3 0.300865 0.699135
9 0.84514 0.15486
3 0.07958 0.92042
9 0.950484 0.0495163
9 0.777151 0.222849
3 0.319459 0.680541
3 0.105523 0.894477
3 0.328872 0.671128
3 0.126596 0.873404
3 0.190045 0.809955
3 0.185793 0.814207
3 0.0647242 0.935276
3 2.82809e-05 0.999972
3 0.313422 0.686578
3 0.000447549 0.999552
3 0.0443625 0.955637
3 0.139609 0.860391
9 0.937547 0.0624526
3 0.185696 0.814304
9 0.883348 0.116652
3 0.113032 0.886968
3 0.0393425 0.960658
3 0.00880272 0.991197
3 0.310355 0.689645
3 0.00722534 0.992775
3 0.211868 0.788132
3 0.0199011 0.980099
3 0.21046 0.78954
9 0.935265 0.0647352
3 0.0246959 0.975304
9 0.590064 0.409936
3 0.111652 0.888348
3 0.173891 0.826109
9 0.962381 0.0376186
3 0.074748 0.925252
9 0.802075 0.197925
3 0.166417 0.833583
3 0.206752 0.793248
3 0.048051 0.951949
3 0.293879 0.706121
9 0.838117 0.161883
3 0.000148219 0.999852
3 0.191751 0.808249
3 0.18899 0.81101
3 0.00165488 0.998345
3 0.132825 0.867175
3 0.0870465 0.912954
3 0.139327 0.860673
3 0.0117543 0.988246
3 0.221833 0.778167
9 0.709628 0.290372
9 0.55154 0.44846
3 0.000237607 0.999762
3 0.0755553 0.924445
9 1 1e-07
3 0.298704 0.701296
3 0.231122 0.768878
3 0.259838 0.740162
3 0.0243208 0.975679
3 0.000326957 0.999673
9 0.952947 0.0470529
3 0.29237 0.70763
3 0.0697566 0.930243
3 0.231475 0.768525
3 0.305521 0.694479
9 0.714379 0.285621
3 0.19223 0.80777
3 4.93766e-05 0.999951
3 0.00259843 0.997402
3 0.200234 0.799766
3 0.0189356 0.981064
9 0.725077 0.274923
3 0.0469597 0.95304
3 0.442653 0.557347
3 0.135269 0.864731
3 0.000141282 0.999859
9 0.994212 0.00578815
3 0.0639206 0.936079
3 0.243898 0.756102
3 0.000288696 0.999711
3 0.00451114 0.995489
9 0.671422 0.328578
3 0.00696799 0.993032
3 0.15819 0.84181
3 0.0968749 0.903125
3 0.141481 0.858519
9 0.99479 0.00520972
3 0.112556 0.887444
9 0.993078 0.00692223
3 0.169107 0.830893
3 0.113852 0.886148
3 0.107808 0.892192
9 0.995839 0.00416056
3 0.0917112 0.908289
3 0.000523889 0.999476
9 0.999198 0.000802112
9 0.986003 0.013997
9 0.999998 2.10932e-06
3 0.000167795 0.999832
3 0.17788 0.82212
3 0.0474487 0.952551
3 0.0145913 0.985409
3 0.224688 0.775312
3 0.318305 0.681695
3 0.140846 0.859154
3 0.20661 0.79339
3 0.0438282 0.956172
3 0.000168783 0.999831
3 0.00608642 0.993914
3 0.296405 0.703595
3 0.165695 0.834305
3 0.138298 0.861702
9 0.990287 0.00971261
9 0.647284 0.352716
3 0.244963 0.755037
3 0.258135 0.741865
3 0.144363 0.855637
3 0.108019 0.891981
3 0.053035 0.946965
3 0.000616826 0.999383
3 0.247502 0.752498
3 0.0574065 0.942593
3 0.172737 0.827263
3 0.219577 0.780423
3 0.287034 0.712966
3 0.459232 0.540768
3 0.117279 0.882721
3 8.0659e-05 0.999919
3 0.165251 0.834749
3 0.0896724 0.910328
9 0.99968 0.000320408
3 0.118101 0.881899
9 0.873976 0.126024
9 0.810304 0.189696
3 0.263534 0.736466
3 0.258832 0.741168
3 0.0387294 0.961271
3 0.181737 0.818263
3 0.381511 0.618489
3 0.0806944 0.919306
9 0.897855 0.102145
9 0.999651 0.000348934
3 0.156599 0.843401
9 0.999999 6.85048e-07
3 0.383079 0.616921
3 0.0186513 0.981349
3 0.212812 0.787188
3 0.166235 0.833765
3 0.231986 0.768014
3 0.172421 0.827579
9 0.887914 0.112086
3 0.125918 0.874082
3 0.217113 0.782887
9 0.987499 0.0125006
3 0.0791358 0.920864
9 0.999999 6.12787e-07
3 6.07048e-05 0.999939
9 0.81786 0.18214
9 0.837989 0.162011
3 0.0454852 0.954515
9 0.534177 0.465823
9 0.830987 0.169013
3 0.0437336 0.956266
3 0.125409 0.874591
9 0.932328 0.0676724
3 0.153016 0.846984
3 0.174208 0.825792
3 0.330217 0.669783
3 0.108826 0.891174
3 0.204786 0.795214
3 0.181426 0.818574
9 0.999798 0.00020245
3 0.00876516 0.991235
3 0.171439 0.828561
3 0.000593837 0.999406
3 0.0883857 0.911614
3 0.000198249 0.999802
9 1 1e-07
3 0.0116378 0.988362
9 0.999995 5.27727e-06
9 0.99868 0.00132027
3 0.0185156 0.981484
3 7.61456e-05 0.999924
3 0.279566 0.720434
3 8.30297e-05 0.999917
3 0.398018 0.601982
3 0.334008 0.665992
3 0.0235523 0.976448
9 1 4.59142e-07
3 0.106684 0.893316
3 0.215685 0.784315
3 0.497528 0.502472
3 0.00852265 0.991477
3 3.52404e-05 0.999965
9 0.956266 0.0437344
3 0.00103844 0.998962
3 0.0988009 0.901199
3 0.000247212 0.999753
3 0.0238004 0.9762
9 0.84749 0.15251
9 0.780662 0.219338
9 0.999984 1.63416e-05
3 0.0699693 0.930031
9 0.986497 0.0135026
9 0.768708 0.231292
3 0.463219 0.536781
3 0.221331 0.778669
3 0.00022889 0.999771
3 0.000883318 0.999117
3 0.0987816 0.901218
3 0.439582 0.560418
9 0.999999 5.61829e-07
3 0.00045758 0.999542
9 0.57029 0.42971
9 0.888683 0.111317
3 0.1048 0.8952
3 0.101818 0.898182
9 0.828511 0.171489
9 0.999999 1.4405e-06
3 0.0637743 0.936226
9 0.927286 0.0727136
3 0.0874789 0.912521
3 0.0050579 0.994942
9 0.872914 0.127086
3 0.188335 0.811665
3 0.00185932 0.998141
3 0.00637907 0.993621
3 0.000351658 0.999648
3 0.294324 0.705676
3 0.287298 0.712702
9 1 3.82916e-07
3 0.174088 0.825912
3 0.00116854 0.998831
9 1 4.12511e-07
3 0.0240953 0.975905
3 0.000461101 0.999539
9 1 1e-07
9 0.999996 4.17582e-06
9 0.976629 0.0233706
3 0.303854 0.696146
3 0.114161 0.885839
3 0.395327 0.604673
9 0.995642 0.00435848
3 0.317021 0.682979
3 0.0859113 0.914089
3 0.0257006 0.974299
9 0.999958 4.19335e-05
3 0.131525 0.868475
3 0.153 0.847
3 0.0543422 0.945658
3 0.0763106 0.923689
3 0.109976 0.890024
3 0.118074 0.881926
9 0.84098 0.15902
3 0.106086 0.893914
3 0.00151131 0.998489
9 0.957183 0.0428173
3 0.00743054 0.992569
3 0.257478 0.742522
9 0.752742 0.247258
9 0.636065 0.363935
3 0.0766566 0.923343
3 0.105835 0.894165
3 0.236502 0.763498
3 0.117388 0.882612
3 0.13475 0.86525
3 0.150592 0.849408
9 0.909665 0.090335
3 0.206803 0.793197
9 0.931721 0.0682787
3 0.0739468 0.926053
3 0.398397 0.601603
3 0.120356 0.879644
3 0.196083 0.803917
9 0.990761 0.009239
3 0.104751 0.895249
3 0.017107 0.982893
3 0.179083 0.820917
3 0.192949 0.807051
9 0.940226 0.0597738
9 0.819954 0.180046
3 0.070508 0.929492
3 0.0773161 0.922684
9 0.727141 0.272859
9 0.999934 6.58901e-05
3 0.248204 0.751796
3 0.312866 0.687134
9 0.968172 0.0318276
9 0.999997 3.19504e-06
3 0.0931566 0.906843
3 0.0286375 0.971362
3 4.67846e-05 0.999953
3 0.000296494 0.999704
3 0.204922 0.795078
3 0.15964 0.84036
3 0.0062862 0.993714
3 0.281507 0.718493
3 0.0117406 0.988259
3 0.000709526 0.99929
3 0.168169 0.831831
3 0.0748829 0.925117
3 0.0014076 0.998592
9 0.967291 0.0327093
3 0.16638 0.83362
3 0.000488017 0.999512
9 0.580161 0.419839
3 0.114725 0.885275
9 0.970493 0.0295066
3 0.018383 0.981617
9 0.788784 0.211216
3 0.0790322 0.920968
3 0.24135 0.75865
9 0.985554 0.0144456
3 0.172054 0.827946
3 0.348865 0.651135
3 0.203739 0.796261
3 0.423959 0.576041
3 0.0476853 0.952315
3 0.000257845 0.999742
3 0.147419 0.852581
9 0.974729 0.0252707
9 0.959293 0.0407067
3 0.273727 0.726273
3 0.14166 0.85834
3 0.00725068 0.992749
3 0.234229 0.765771
3 0.000457797 0.999542
3 0.039627 0.960373
3 0.09154 0.90846
3 0.18401 0.81599
3 0.178964 0.821036
9 0.855846 0.144154
3 0.121065 0.878935
3 0.260388 0.739612
9 0.999978 2.23733e-05
3 0.493331 0.506669
9 0.99332 0.00668028
3 0.0750477 0.924952
9 0.999997 3.14531e-06
3 0.0975894 0.902411
3 0.153656 0.846344
3 0.0140622 0.985938
9 0.917954 0.0820456
3 0.000114092 0.999886
9 0.728868 0.271132
3 0.199235 0.800765
3 0.0433611 0.956639
3 0.209491 0.790509
9 0.549474 0.450526
3 0.0645818 0.935418
3 0.106683 0.893317
9 0.956379 0.0436212
9 0.9998 0.000200062
9 1 2.77521e-07
9 0.999999 1.1173e-06
3 0.370592 0.629408
3 0.00127076 0.998729
3 0.050923 0.949077
9 0.743379 0.256621
3 0.173908 0.826092
3 0.0410196 0.95898
3 0.0118319 0.988168
3 0.000752708 0.999247
3 0.111506 0.888494
9 0.999989 1.05183e-05
3 0.307543 0.692457
3 0.00497753 0.995022
3 0.197265 0.802735
3 0.17533 0.82467
3 0.0291382 0.970862
9 0.999994 6.47258e-06
3 0.229818 0.770182
3 0.115528 0.884472
3 0.187124 0.812876
9 0.997297 0.00270301
9 0.715194 0.284806
3 0.28833 0.71167
3 0.236555 0.763445
3 0.345785 0.654215
3 0.0285971 0.971403
9 1 1e-07
3 0.140231 0.859769
3 0.0526388 0.947361
9 0.933545 0.0664553
3 0.361831 0.638169
3 0.00058692 0.999413
3 0.215036 0.784964
3 0.00464553 0.995354
3 0.235103 0.764897
3 0.0777351 0.922265
3 0.00202793 0.997972
9 0.970155 0.0298447
9 0.999996 4.46234e-06
3 0.166606 0.833394
3 0.105138 0.894862
9 0.999772 0.000228447
3 0.1865 0.8135
3 0.328769 0.671231
3 0.10201 0.89799
3 0.117253 0.882747
9 1 1.58748e-07
3 0.000333877 0.999666
9 0.54665 0.45335
3 0.20969 0.79031
9 0.821387 0.178613
3 0.123268 0.876732
3 0.0575302 0.94247
9 0.877974 0.122026
3 0.136855 0.863145
9 1 1e-07
9 1 1e-07
3 0.0853375 0.914663
3 0.0167883 0.983212
9 0.574776 0.425224
3 2.8369e-05 0.999972
3 0.0180646 0.981935
3 0.000116339 0.999884
3 0.112733 0.887267
3 0.000506284 0.999494
3 0.0123356 0.987664
3 0.152521 0.847479
3 0.00614675 0.993853
3 0.108405 0.891595
3 7.18242e-06 0.999993
3 0.069829 0.930171
3 0.2187 0.7813
3 0.201896 0.798104
3 0.209521 0.790479
3 0.000847666 0.999152
9 1 2.06512e-07
3 0.00113997 0.99886
3 0.244628 0.755372
9 0.999577 0.000423457
9 0.917166 0.0828345
3 0.218844 0.781156
3 0.027849 0.972151
9 0.999744 0.000255712
9 0.999794 0.000206415
9 0.993104 0.00689647
3 0.108678 0.891322
3 0.222835 0.777165
9 0.659174 0.340826
3 0.000118638 0.999881
3 0.368655 0.631345
3 0.000689891 0.99931
9 0.996192 0.0038078
3 0.388385 0.611615
9 0.770418 0.229582
3 0.0607671 0.939233
3 0.105351 0.894649
3 0.00357068 0.996429
3 0.225622 0.774378
3 0.0142908 0.985709
9 0.999992 8.46917e-06
3 0.000184702 0.999815
3 0.105016 0.894984
9 0.991661 0.00833889
9 0.99812 0.00188014
9 0.931702 0.0682981
9 0.999913 8.71643e-05
3 0.0952556 0.904744
9 0.99953 0.000469715
3 0.261699 0.738301
3 0.371441 0.628559
9 0.70586 0.29414
9 0.999997 2.79855e-06
3 0.228201 0.771799
3 0.000132239 0.999868
3 0.00146058 0.998539
3 0.107662 0.892338
3 0.0520426 0.947957
9 0.999967 3.33065e-05
3 0.000419283 0.999581
3 0.222482 0.777518
3 0.277068 0.722932
3 0.01703 0.98297
3 0.00192693 0.998073
3 0.00924064 0.990759
3 0.18153 0.81847
3 0.0722566 0.927743
9 1 1e-07
3 0.150208 0.849792
3 0.452424 0.547576
9 0.999981 1.936e-05
9 1 1e-07
3 0.400319 0.599681
3 0.0443015 0.955698
3 0.0649667 0.935033
3 0.18597 0.81403
3 0.00236049 0.99764
9 0.999999 5.48672e-07
3 0.362692 0.637308
3 0.000166982 0.999833
3 0.0806204 0.91938
3 0.0974276 0.902572
3 0.201491 0.798509
3 0.206363 0.793637
3 0.162063 0.837937
3 0.370651 0.629349
3 0.109191 0.890809
9 0.56563 0.43437
9 0.999993 6.60947e-06
3 0.25439 0.74561
3 0.212464 0.787536
3 0.00244967 0.99755
9 0.687092 0.312908
9 0.999999 7.36575e-07
3 0.0514013 0.948599
3 0.215673 0.784327
3 0.171955 0.828045
3 0.192824 0.807176
3 0.173618 0.826382
3 0.325769 0.674231
3 0.000316912 0.999683
3 0.149951 0.850049
3 0.258819 0.741181
3 0.175382 0.824618
3 0.17315 0.82685
3 0.378941 0.621059
9 0.741729 0.258271
3 0.0198058 0.980194
3 0.00225573 0.997744
9 0.765593 0.234407
3 0.252317 0.747683
3 0.171419 0.828581
3 0.161949 0.838051
3 0.000412154 0.999588
9 0.999999 1.01669e-06
9 1 1e-07
3 0.264996 0.735004
3 0.0973982 0.902602
3 0.10957 0.89043
3 0.194497 0.805503
3 0.254231 0.745769
3 0.0397484 0.960252
9 0.953793 0.046207
3 0.0163022 0.983698
9 1 1e-07
9 0.997286 0.00271387
3 0.00463051 0.995369
3 0.0832899 0.91671
9 0.76149 0.23851
3 0.108285 0.891715
3 0.379151 0.620849
9 0.999999 1.01784e-06
3 0.0881644 0.911836
3 0.0032869 0.996713
9 0.999563 0.000436745
3 0.00198333 0.998017
3 0.0137834 0.986217
9 0.999999 5.67722e-07
3 0.099376 0.900624
3 0.00286239 0.997138
3 0.0520868 0.947913
3 0.350434 0.649566
3 0.335935 0.664065
3 0.30817 0.69183
3 0.00022076 0.999779
3 0.281173 0.718827
3 0.00125923 0.998741
3 0.26438 0.73562
3 0.000670428 0.99933
3 6.24645e-05 0.999938
3 0.169421 0.830579
3 0.359033 0.640967
3 0.0558643 0.944136
9 0.999904 9.61922e-05
3 0.129932 0.870068
9 0.626186 0.373814
9 0.903968 0.0960315
3 0.11626 0.88374
3 0.175587 0.824413
9 0.992647 0.00735262
3 0.0736062 0.926394
3 0.333696 0.666304
3 0.0632479 0.936752
3 0.31518 0.68482
9 0.999999 7.86116e-07
9 0.987315 0.0126851
9 0.965653 0.0343475
3 0.451905 0.548095
3 0.27172 0.72828
3 0.180465 0.819535
3 0.338943 0.661057
3 0.19407 0.80593
3 0.000222467 0.999778
9 0.668283 0.331717
3 0.0409335 0.959066
3 1.28501e-05 0.999987
3 0.000452869 0.999547
9 0.670705 0.329295
3 0.226003 0.773997
3 0.00102799 0.998972
9 0.712919 0.287081
3 0.297936 0.702064
3 0.0974372 0.902563
3 0.366927 0.633073
3 0.0499772 0.950023
3 0.208714 0.791286
3 0.180885 0.819115
3 0.132185 0.867815
9 1 1e-07
3 0.415281 0.584719
3 0.100962 0.899038
3 0.148131 0.851869
3 0.000277799 0.999722
9 0.929265 0.0707347
3 0.00030833 0.999692
3 0.0639 0.9361
9 0.999996 4.06484e-06
9 0.898226 0.101774
3 0.0156024 0.984398
3 0.0237791 0.976221
3 0.218095 0.781905
9 0.999958 4.19609e-05
3 0.212395 0.787605
3 0.313582 0.686418
9 0.963354 0.0366461
3 0.00830976 0.99169
3 0.122331 0.877669
9 0.999981 1.88352e-05
3 0.25001 0.74999
9 0.622876 0.377124
3 0.0153873 0.984613
9 0.999977 2.30498e-05
3 0.183622 0.816378
3 0.0136205 0.986379
3 0.264782 0.735218
9 0.993526 0.00647411
3 0.108241 0.891759
3 0.152821 0.847179
9 1 1.15269e-07
3 0.260807 0.739193
9 0.999879 0.000121413
3 0.133136 0.866864
3 0.00468012 0.99532
3 0.333145 0.666855
3 0.104788 0.895212
3 0.144781 0.855219
3 0.0972486 0.902751
9 0.789556 0.210444
3 0.000155096 0.999845
3 0.0725838 0.927416
3 0.00500831 0.994992
3 0.00296772 0.997032
3 0.00494643 0.995054
3 0.299469 0.700531
3 0.349387 0.650613
3 0.10844 0.89156
3 0.158583 0.841417
9 0.999949 5.05652e-05
9 0.991298 0.00870177
9 0.967115 0.0328847
3 0.254242 0.745758
3 0.0676972 0.932303
9 0.999992 7.79589e-06
3 0.279023 0.720977
3 0.116291 0.883709
3 0.186675 0.813325
3 0.272637 0.727363
9 0.999507 0.000492774
9 0.890888 0.109112
3 0.41608 0.58392
9 1 1e-07
9 0.997047 0.00295272
3 3.52153e-05 0.999965
9 1 1e-07
3 0.157385 0.842615
3 0.0899664 0.910034
3 0.151096 0.848904
3 0.0603091 0.939691
9 0.994784 0.00521572
3 0.0728846 0.927115
9 0.994516 0.00548362
3 0.032613 0.967387
3 0.274005 0.725995
3 0.000810227 0.99919
3 0.365828 0.634172
9 0.99297 0.00702977
3 0.070188 0.929812
3 0.0822817 0.917718
3 0.00443155 0.995568
3 8.95711e-05 0.99991
3 0.444984 0.555016
3 0.000114995 0.999885
3 0.302653 0.697347
3 0.151512 0.848488
3 0.191351 0.808649
3 0.27252 0.72748
9 0.884785 0.115215
3 0.0763455 0.923655
3 0.386184 0.613816
3 1.03028e-05 0.99999
3 0.017995 0.982005
3 0.200446 0.799554
3 0.0693992 0.930601
9 0.546587 0.453413
3 0.3953 0.6047
3 0.130634 0.869366
3 0.00416773 0.995832
3 0.119602 0.880398
9 0.747494 0.252506
9 0.999964 3.63114e-05
9 0.768455 0.231545
3 0.100675 0.899325
3 9.15791e-06 0.999991
9 0.524671 0.475329
3 0.0108336 0.989166
3 0.0017871 0.998213
3 0.3731 0.6269
9 0.930465 0.0695346
3 0.177408 0.822592
3 0.187559 0.812441
3 0.232687 0.767313
3 0.116937 0.883063
9 0.999999 6.87277e-07
3 0.390509 0.609491
3 0.0346561 0.965344
3 0.122967 0.877033
3 0.0220369 0.977963
3 0.085449 0.914551
3 0.323106 0.676894
9 0.618445 0.381555
3 0.113945 0.886055
3 0.112347 0.887653
3 8.38435e-05 0.999916
3 0.492148 0.507852
3 0.000137827 0.999862
3 0.000235421 0.999765
3 0.00376787 0.996232
3 0.0856836 0.914316
3 0.102236 0.897764
3 0.169681 0.830319
3 0.109102 0.890898
3 0.0629238 0.937076
3 0.250481 0.749519
3 0.204009 0.795991
3 0.162314 0.837686
9 0.533856 0.466144
9 0.923745 0.0762546
3 0.00361179 0.996388
9 1 1e-07
3 0.00595062 0.994049
3 0.194666 0.805334
9 0.59179 0.40821
3 0.188913 0.811087
3 0.116485 0.883515
3 0.150238 0.849762
3 0.243108 0.756892
3 0.221041 0.778959
9 0.931108 0.0688917
9 0.650124 0.349876
3 0.253788 0.746212
3 0.00404146 0.995959
3 0.285646 0.714354
3 0.2457 0.7543
3 0.195199 0.804801
3 0.0174095 0.98259
3 0.104272 0.895728
9 0.900881 0.0991188
3 0.159444 0.840556
3 0.0243819 0.975618
3 0.00173376 0.998266
3 3.114e-05 0.999969
3 0.000507351 0.999493
3 0.108223 0.891777
3 0.213752 0.786248
3 0.00675197 0.993248
3 0.114907 0.885093
3 0.0015323 0.998468
9 0.913931 0.0860687
3 0.176958 0.823042
9 1 2.43148e-07
3 0.154364 0.845636
3 0.186645 0.813355
9 0.544125 0.455875
3 0.219697 0.780303
3 0.335186 0.664814
3 0.0488066 0.951193
3 0.00217888 0.997821
9 0.608914 0.391086
3 0.0195544 0.980446
3 0.095217 0.904783
3 0.273926 0.726074
3 0.0902686 0.909731
3 0.0827696 0.91723
3 0.227143 0.772857
9 0.715625 0.284375
3 0.000799222 0.999201
3 0.00168715 0.998313
3 0.484913 0.515087
3 7.65293e-05 0.999923
3 0.0857091 0.914291
3 0.226828 0.773172
3 0.00264773 0.997352
3 0.119346 0.880654
3 0.141052 0.858948
3 0.102205 0.897795
3 0.00434277 0.995657
3 0.0870982 0.912902
3 0.0351478 0.964852
3 0.0165226 0.983477
3 0.0732181 0.926782
3 0.0612801 0.93872
3 0.217337 0.782663
3 0.00223812 0.997762
3 0.0551329 0.944867
9 0.992135 0.00786542
3 0.000376206 0.999624
3 0.102574 0.897426
9 0.881657 0.118343
3 1.43264e-05 0.999986
3 0.168795 0.831205
3 0.227562 0.772438
3 0.0571608 0.942839
3 0.0993229 0.900677
3 0.274974 0.725026
3 0.132235 0.867765
3 0.018611 0.981389
3 0.0761038 0.923896
3 0.121985 0.878015
3 0.110762 0.889238
3 0.378637 0.621363
3 0.189346 0.810654
3 0.000383757 0.999616
3 0.310594 0.689406
3 0.113354 0.886646
3 0.0962409 0.903759
3 0.0709017 0.929098
3 0.0873522 0.912648
9 0.638292 0.361708
3 0.0867178 0.913282
3 0.152724 0.847276
3 0.116782 0.883218
9 0.949223 0.0507772
3 0.246717 0.753283
3 0.110322 0.889678
9 0.824299 0.175701
3 0.313542 0.686458
3 0.173106 0.826894
9 0.944189 0.0558112
3 0.0390539 0.960946
3 0.000470945 0.999529
9 0.585278 0.414722
3 0.0721294 0.927871
3 0.0434808 0.956519
3 2.59299e-05 0.999974
3 0.186584 0.813416
3 0.200782 0.799218
3 0.0374145 0.962586
9 0.844463 0.155537
9 0.999999 7.76792e-07
9 0.777599 0.222401
9 0.588292 0.411708
3 0.384504 0.615496
3 0.0406886 0.959311
9 0.997317 0.00268339
3 0.283854 0.716146
9 0.553733 0.446267
3 0.167769 0.832231
9 0.975049 0.0249509
3 0.201993 0.798007
3 0.0829015 0.917099
3 0.000769631 0.99923
3 0.00546968 0.99453
3 0.0169453 0.983055
3 0.0199094 0.980091
9 0.720923 0.279077
3 0.000160445 0.99984
3 0.317724 0.682276
9 0.999902 9.82652e-05
9 0.857978 0.142022
3 0.00536239 0.994638
3 0.178585 0.821415
3 0.150283 0.849717
3 0.127248 0.872752
3 0.0034217 0.996578
3 3.28692e-05 0.999967
3 0.0667779 0.933222
3 0.117201 0.882799
9 0.85354 0.14646
9 0.539196 0.460804
3 0.0362221 0.963778
9 0.557821 0.442179
3 0.0951095 0.904891
9 0.883618 0.116382
3 0.000175974 0.999824
3 0.29157 0.70843
3 0.423627 0.576373
9 0.919789 0.0802106
3 0.00126728 0.998733
3 0.498868 0.501132
3 1.00344e-06 0.999999
3 0.0454868 0.954513
3 0.241287 0.758713
3 0.000567268 0.999433
3 0.42975 0.57025
3 0.323442 0.676558
3 0.0605765 0.939423
3 0.128057 0.871943
3 0.000326868 0.999673
3 0.0022514 0.997749
3 0.0554922 0.944508
9 0.560224 0.439776
3 0.0444852 0.955515
9 0.999999 7.98275e-07
9 0.950637 0.049363
9 0.885796 0.114204
3 0.33716 0.66284
3 0.213645 0.786355
3 0.000225744 0.999774
3 0.00162728 0.998373
3 6.08055e-05 0.999939
9 0.999999 1.05945e-06
3 0.00184141 0.998159
3 0.0429627 0.957037
3 0.00335531 0.996645
3 0.0229016 0.977098
9 0.667432 0.332568
3 0.0945984 0.905402
9 0.608532 0.391468
3 0.105169 0.894831
9 1 1e-07
3 0.232241 0.767759
3 0.116887 0.883113
3 0.104901 0.895099
9 0.998755 0.00124495
3 0.0908543 0.909146
3 0.344299 0.655701
3 0.122877 0.877123
3 0.102335 0.897665
3 0.277183 0.722817
9 0.999958 4.19637e-05
9 0.999535 0.000464772
3 0.10935 0.89065
3 0.312391 0.687609
9 0.59145 0.40855
3 0.0658679 0.934132
9 0.98449 0.0155098
9 0.874854 0.125146
3 0.428375 0.571625
3 0.300947 0.699053
9 0.533291 0.466709
3 0.164812 0.835188
3 0.213712 0.786288
3 0.129267 0.870733
9 0.786303 0.213697
3 0.0883607 0.911639
3 0.207974 0.792026
3 0.111513 0.888487
3 0.182786 0.817214
3 0.290883 0.709117
9 0.999373 0.000627485
3 0.478624 0.521376
3 0.00916445 0.990836
3 0.221047 0.778953
3 0.342295 0.657705
3 0.000420118 0.99958
9 1 1.80955e-07
9 1 1.51104e-07
3 0.211929 0.788071
3 0.311765 0.688235
9 0.819962 0.180038
3 0.00911435 0.990886
3 0.0050901 0.99491
3 0.453877 0.546123
3 0.000158248 0.999842
9 1 3.07493e-07
3 0.195495 0.804505
3 0.107079 0.892921
3 0.000567627 0.999432
3 0.0983537 0.901646
3 0.128123 0.871877
3 0.0684238 0.931576
3 0.0599905 0.94001
3 4.99097e-05 0.99995
3 0.146 0.854
3 0.0157572 0.984243
9 0.99928 0.000720128
9 0.723166 0.276834
3 0.407877 0.592123
9 0.936529 0.0634713
3 0.00729734 0.992703
3 0.18693 0.81307
3 0.196875 0.803125
9 1 1e-07
3 0.227808 0.772192
3 0.000859761 0.99914
3 0.0187832 0.981217
3 0.00856772 0.991432
3 0.00757103 0.992429
3 0.132809 0.867191
3 0.359281 0.640719
3 0.107704 0.892296
3 0.118735 0.881265
3 0.0940988 0.905901
3 0.114691 0.885309
