labels 6 9
6 0.975495 0.0245046
6 0.988264 0.0117355
6 0.99376 0.00624005
9 1e-07 1
9 3.35634e-07 1
6 0.929414 0.0705856
9 0.174702 0.825298
9 0.000268811 0.999731
9 1e-07 1
9 1e-07 1
9 0.00262386 0.997376
6 0.989903 0.0100969
9 0.0881627 0.911837
6 0.966433 0.0335668
6 0.650916 0.349084
9 1.07912e-05 0.999989
9 0.0331315 0.966868
9 2.92601e-06 0.999997
6 0.995924 0.00407623
9 0.0271255 0.972875
6 0.994803 0.00519712
6 0.990019 0.00998091
6 0.99342 0.00657953
6 0.997698 0.00230173
6 0.998108 0.00189151
6 0.989943 0.0100566
6 0.977782 0.022218
6 0.96056 0.0394397
6 0.539412 0.460588
6 0.970505 0.0294947
9 5.2861e-07 0.999999
9 0.00821695 0.991783
6 0.994945 0.00505546
9 1.60448e-07 1
6 0.774802 0.225198
9 5.1282e-07 0.999999
6 0.982 0.0180005
6 0.988014 0.0119862
9 1e-07 1
6 0.977249 0.0227507
6 0.99412 0.00587952
9 0.0443339 0.955666
6 0.994917 0.00508258
6 0.998596 0.00140392
6 0.949932 0.050068
6 0.993322 0.0066783
6 0.993473 0.0065271
6 0.991289 0.00871138
6 0.989653 0.0103472
6 0.996041 0.00395901
9 1e-07 1
9 0.00881928 0.991181
9 0.0020728 0.997927
6 0.52238 0.47762
6 0.986269 0.0137312
6 0.990794 0.00920615
6 0.954894 0.0451064
6 0.998139 0.00186102
6 0.981054 0.0189464
6 0.990827 0.00917294
6 0.871176 0.128824
6 0.989646 0.0103541
6 0.997468 0.00253188
6 0.925415 0.0745847
9 1e-07 1
9 1e-07 1
6 0.989327 0.0106729
6 0.988 0.0119998
9 2.97807e-07 1
9 4.39146e-05 0.999956
6 0.98916 0.0108403
9 0.0113342 0.988666
6 0.988467 0.0115332
6 0.987238 0.0127624
9 0.0769905 0.923009
9 1.16922e-06 0.999999
6 0.994161 0.00583863
6 0.995936 0.00406404
6 0.983835 0.0161645
6 0.993376 0.00662355
6 0.998003 0.00199726
6 0.997137 0.00286287
9 1.46914e-06 0.999999
6 0.973761 0.026239
6 0.822478 0.177522
6 0.989101 0.0108986
6 0.994526 0.00547449
6 0.996414 0.00358649
6 0.99524 0.00476016
6 0.982714 0.0172862
9 1e-07 1
6 0.993769 0.00623081
9 0.279985 0.720015
6 0.988139 0.0118608
6 0.994229 0.00577136
9 1e-07 1
6 0.991284 0.00871576
6 0.988983 0.0110172
6 0.974794 0.0252058
6 0.966776 0.0332244
6 0.998687 0.00131294
6 0.993026 0.0069743
9 0.00852438 0.991476
6 0.981206 0.0187937
6 0.98852 0.0114802
9 1.6425e-06 0.999998
9 0.000139937 0.99986
6 0.984382 0.0156179
9 0.0113065 0.988694
6 0.986268 0.0137319
6 0.976793 0.0232067
9 0.043991 0.956009
6 0.912841 0.0871589
6 0.99124 0.00875964
6 0.993543 0.00645672
6 0.992257 0.0077433
6 0.993878 0.00612162
9 0.341031 0.658969
6 0.995459 0.00454078
6 0.993396 0.00660353
6 0.989724 0.0102759
6 0.997318 0.00268157
6 0.534677 0.465323
6 0.720808 0.279192
6 0.995225 0.00477457
6 0.98816 0.0118399
6 0.994254 0.00574586
9 0.143681 0.856319
6 0.988771 0.0112286
6 0.993595 0.0064047
6 0.967914 0.0320864
9 0.319044 0.680956
6 0.992103 0.00789734
6 0.988901 0.0110986
9 0.460965 0.539035
9 1.52524e-06 0.999998
9 0.17087 0.82913
6 0.93967 0.0603299
9 3.33349e-07 1
9 0.0222506 0.977749
6 0.993077 0.0069231
9 0.000422771 0.999577
6 0.986232 0.0137683
6 0.998439 0.00156098
6 0.980699 0.0193013
6 0.994531 0.00546893
9 0.0021997 0.9978
9 0.0451731 0.954827
9 0.00577868 0.994221
9 0.203235 0.796765
6 0.932149 0.0678509
6 0.54082 0.45918
6 0.985951 0.0140487
6 0.989941 0.010059
6 0.992801 0.00719932
6 0.993422 0.00657829
6 0.994504 0.00549597
9 0.256936 0.743064
6 0.988198 0.0118019
9 1.38281e-05 0.999986
9 0.0515413 0.948459
9 0.0721067 0.927893
9 5.54793e-05 0.999945
6 0.998179 0.00182124
6 0.94637 0.0536304
9 0.141544 0.858456
9 1e-07 1
9 1.32049e-05 0.999987
6 0.997273 0.00272663
9 1e-07 1
9 5.23671e-06 0.999995
6 0.991173 0.0088275
6 0.997921 0.00207928
6 0.997549 0.00245113
6 0.993187 0.00681306
6 0.993379 0.00662144
9 0.00591922 0.994081
9 1e-07 1
6 0.994424 0.00557636
6 0.988914 0.0110859
9 3.88291e-05 0.999961
6 0.947808 0.0521923
6 0.998557 0.00144326
6 0.986363 0.0136367
9 0.0433904 0.95661
6 0.988492 0.0115076
6 0.994144 0.0058558
6 0.998157 0.00184269
6 0.997214 0.00278559
6 0.89152 0.10848
6 0.99175 0.00824992
9 0.123853 0.876147
6 0.951231 0.0487686
6 0.852499 0.147501
6 0.991645 0.0083549
6 0.99447 0.00553001
6 0.988585 0.0114145
9 0.0545674 0.945433
6 0.881091 0.118909
6 0.998064 0.00193553
9 0.0391693 0.960831
6 0.990913 0.0090868
6 0.994556 0.00544407
6 0.99697 0.0030299
6 0.992631 0.0073688
9 1e-07 1
6 0.967091 0.0329087
9 0.0619621 0.938038
6 0.982349 0.0176505
6 0.90814 0.09186
6 0.971718 0.0282823
6 0.97178 0.0282199
6 0.998537 0.00146346
9 0.0241799 0.97582
6 0.969917 0.0300833
6 0.991215 0.008785
9 1e-07 1
6 0.99419 0.00581025
6 0.99272 0.00727974
6 0.699508 0.300492
9 0.00121502 0.998785
9 1e-07 1
6 0.987481 0.0125191
6 0.987306 0.0126944
6 0.986126 0.0138739
6 0.995183 0.00481687
6 0.996114 0.0038864
6 0.976264 0.023736
6 0.967562 0.0324381
6 0.98462 0.0153804
6 0.988479 0.0115213
9 1e-07 1
6 0.995997 0.00400294
6 0.995267 0.00473265
6 0.989961 0.010039
9 0.000411674 0.999588
6 0.998004 0.00199561
6 0.998728 0.00127248
6 0.937146 0.062854
6 0.998658 0.00134201
6 0.965864 0.034136
6 0.997249 0.00275088
9 2.24666e-06 0.999998
9 1.35472e-05 0.999986
9 0.00653366 0.993466
6 0.996976 0.00302424
6 0.994127 0.00587331
6 0.986745 0.0132547
9 0.0218677 0.978132
6 0.99475 0.00524981
6 0.907689 0.0923114
9 0.000487864 0.999512
6 0.97222 0.0277805
6 0.99403 0.00597026
6 0.993725 0.00627493
6 0.982782 0.0172177
6 0.992475 0.0075254
6 0.998535 0.00146489
9 0.393424 0.606576
6 0.955411 0.0445892
9 0.103451 0.896549
6 0.980774 0.0192263
6 0.680785 0.319215
6 0.996776 0.00322377
9 1e-07 1
6 0.996048 0.00395214
9 1.09267e-06 0.999999
6 0.97682 0.0231797
6 0.994343 0.00565666
6 0.992023 0.00797749
6 0.995468 0.0045322
9 0.0324956 0.967504
6 0.927849 0.0721512
6 0.99692 0.00308001
6 0.989628 0.0103716
6 0.82602 0.17398
6 0.990658 0.00934242
6 0.979156 0.0208444
6 0.993735 0.00626527
9 1.31818e-07 1
6 0.972493 0.0275067
6 0.982604 0.0173959
6 0.946423 0.0535772
6 0.991086 0.00891409
6 0.996655 0.00334451
6 0.970347 0.029653
6 0.987814 0.012186
6 0.99045 0.0095504
9 0.243867 0.756133
6 0.994303 0.00569686
9 0.00889975 0.9911
6 0.960966 0.0390337
6 0.99304 0.00696013
6 0.986493 0.013507
9 0.225664 0.774336
6 0.990953 0.00904695
6 0.988326 0.0116745
9 1e-07 1
6 0.981703 0.0182968
6 0.667308 0.332692
9 5.85144e-05 0.999941
6 0.993531 0.00646898
6 0.996424 0.00357581
6 0.995333 0.00466701
6 0.624114 0.375886
9 0.234692 0.765308
6 0.98215 0.0178505
6 0.99844 0.00155958
9 1.21405e-05 0.999988
9 0.0475608 0.952439
6 0.998671 0.00132922
6 0.996061 0.00393932
9 0.162412 0.837588
6 0.989716 0.010284
9 0.0277206 0.972279
6 0.990049 0.0099513
9 0.0505629 0.949437
9 0.0170918 0.982908
6 0.992593 0.00740676
6 0.994875 0.00512467
9 0.000443202 0.999557
6 0.995465 0.00453504
6 0.990444 0.00955645
9 0.000720188 0.99928
6 0.994832 0.0051679
6 0.989213 0.0107867
6 0.987475 0.0125255
6 0.993168 0.00683151
6 0.990699 0.00930128
6 0.99869 0.00131004
9 0.000526652 0.999473
9 0.0429143 0.957086
6 0.992077 0.0079227
6 0.991857 0.00814291
6 0.993634 0.00636648
6 0.997315 0.00268466
9 0.106927 0.893073
9 2.49781e-06 0.999998
6 0.892642 0.107358
6 0.915065 0.0849348
6 0.990038 0.00996162
6 0.529401 0.470599
6 0.989198 0.0108023
6 0.994895 0.00510484
6 0.99426 0.0057398
9 1.72506e-07 1
6 0.796353 0.203647
9 0.00442325 0.995577
9 0.00179092 0.998209
6 0.990487 0.00951321
9 0.459467 0.540533
6 0.9775 0.0225005
9 0.00562392 0.994376
6 0.802083 0.197917
6 0.99438 0.00561991
6 0.992936 0.00706449
6 0.542994 0.457006
9 5.75008e-06 0.999994
9 3.31453e-07 1
6 0.976226 0.0237738
9 0.278127 0.721873
6 0.97916 0.0208403
6 0.994692 0.00530817
6 0.990226 0.00977385
9 0.0304166 0.969583
6 0.564899 0.435101
6 0.994398 0.00560186
6 0.991893 0.00810733
6 0.996662 0.00333761
6 0.992029 0.00797143
9 0.279947 0.720053
6 0.966288 0.0337121
9 1e-07 1
6 0.933607 0.0663934
6 0.964835 0.0351654
6 0.990303 0.00969744
9 0.00520301 0.994797
6 0.984822 0.0151783
6 0.989979 0.010021
9 1.50978e-07 1
6 0.99286 0.00713995
9 0.000455457 0.999545
6 0.990795 0.00920489
6 0.981354 0.018646
6 0.993501 0.00649868
6 0.99904 0.000959588
6 0.997307 0.00269319
6 0.98266 0.0173398
9 2.32218e-06 0.999998
9 0.42974 0.57026
6 0.99013 0.00987036
6 0.993559 0.00644074
9 1.20332e-05 0.999988
9 1e-07 1
9 4.37015e-05 0.999956
9 0.00262778 0.997372
6 0.997066 0.00293423
6 0.997159 0.00284074
6 0.997208 0.00279176
6 0.979907 0.0200927
6 0.99504 0.00495999
6 0.996205 0.0037946
9 3.24247e-05 0.999968
9 0.00139758 0.998602
6 0.931474 0.068526
9 0.0232046 0.976795
9 1e-07 1
6 0.945604 0.0543957
9 0.479423 0.520577
9 0.433446 0.566554
6 0.954759 0.0452408
9 0.203127 0.796873
6 0.990181 0.00981928
6 0.872993 0.127007
9 0.00802348 0.991977
9 1e-07 1
6 0.990439 0.00956051
6 0.994772 0.00522813
6 0.610074 0.389926
9 1e-07 1
6 0.642357 0.357643
9 0.338893 0.661107
6 0.993599 0.00640143
9 0.00120753 0.998792
6 0.992476 0.00752359
9 6.62017e-05 0.999934
6 0.892854 0.107146
6 0.998484 0.00151628
9 0.344687 0.655313
6 0.996776 0.00322415
6 0.982273 0.0177268
9 0.12452 0.87548
9 0.418666 0.581334
9 1.06203e-05 0.999989
6 0.994239 0.00576139
9 0.001164 0.998836
6 0.990859 0.00914138
6 0.995309 0.00469093
6 0.995498 0.00450219
6 0.991349 0.00865092
6 0.942073 0.0579268
9 0.00870245 0.991298
9 0.000167409 0.999833
6 0.995891 0.00410907
6 0.99438 0.00561962
6 0.991284 0.00871642
6 0.988857 0.0111432
9 3.0861e-06 0.999997
9 0.00774325 0.992257
6 0.995975 0.00402546
6 0.907104 0.0928958
6 0.993172 0.00682823
9 0.00814011 0.99186
6 0.997015 0.00298491
6 0.966076 0.0339239
6 0.790235 0.209765
6 0.997565 0.00243465
6 0.997903 0.00209706
9 0.0294123 0.970588
9 0.000174928 0.999825
6 0.988515 0.011485
9 1.51735e-05 0.999985
9 1e-07 1
6 0.995546 0.00445363
6 0.922723 0.0772767
6 0.998964 0.00103561
9 1e-07 1
6 0.965912 0.0340883
6 0.995347 0.00465257
6 0.987531 0.0124685
6 0.994309 0.00569062
6 0.978771 0.0212291
9 0.166723 0.833277
9 0.167493 0.832507
6 0.998277 0.0017228
6 0.992034 0.00796595
9 0.187292 0.812708
9 0.393086 0.606914
6 0.987072 0.0129279
9 0.226632 0.773368
6 0.998477 0.00152299
6 0.975238 0.0247616
6 0.97978 0.0202202
6 0.968466 0.0315337
9 0.0296609 0.970339
9 0.236582 0.763418
6 0.995768 0.00423154
9 0.163747 0.836253
9 0.0319555 0.968044
9 1.97505e-06 0.999998
9 1e-07 1
9 0.0233518 0.976648
9 0.00310955 0.99689
6 0.998918 0.0010821
9 0.209286 0.790714
6 0.972127 0.0278728
9 7.94969e-05 0.999921
9 0.000602895 0.999397
9 0.000331934 0.999668
6 0.997394 0.00260633
9 0.0173606 0.982639
9 1e-07 1
9 0.00162915 0.998371
6 0.891492 0.108508
9 0.279389 0.720611
6 0.996207 0.00379336
6 0.981613 0.0183866
6 0.994117 0.00588348
9 3.51339e-06 0.999996
6 0.978954 0.0210464
6 0.913632 0.0863683
9 0.00881122 0.991189
9 2.36585e-07 1
6 0.998856 0.00114409
6 0.980542 0.0194583
6 0.984931 0.0150687
6 0.962794 0.0372056
6 0.996385 0.00361491
9 2.55222e-07 1
6 0.994702 0.0052982
6 0.984441 0.0155591
6 0.987546 0.0124537
9 1e-07 1
6 0.918529 0.0814711
6 0.97602 0.0239799
6 0.998153 0.0018469
6 0.991243 0.00875716
9 1e-07 1
9 0.000231847 0.999768
6 0.990814 0.00918645
6 0.99263 0.00737045
6 0.994122 0.00587752
6 0.987636 0.012364
9 0.000225915 0.999774
9 1.24878e-06 0.999999
6 0.992226 0.00777402
6 0.994709 0.00529057
6 0.994 0.00600009
6 0.92774 0.0722602
9 3.0234e-07 1
6 0.829271 0.170729
6 0.542716 0.457284
6 0.993621 0.00637927
9 0.202439 0.797561
9 0.00304825 0.996952
6 0.997957 0.00204323
6 0.994257 0.0057428
9 2.88436e-06 0.999997
6 0.995856 0.00414381
9 0.134512 0.865488
6 0.997055 0.0029451
6 0.993237 0.00676255
6 0.985947 0.0140528
6 0.9856 0.0143997
6 0.998547 0.00145282
9 1e-07 1
6 0.993126 0.00687421
6 0.99234 0.00766027
6 0.994384 0.00561636
6 0.53488 0.46512
6 0.890724 0.109276
6 0.994259 0.0057411
6 0.966437 0.0335634
6 0.986997 0.0130028
9 1e-07 1
6 0.983712 0.016288
9 0.469191 0.530809
9 0.441849 0.558151
9 4.42511e-05 0.999956
9 1e-07 1
9 0.165063 0.834937
6 0.88853 0.11147
6 0.843149 0.156851
6 0.99172 0.00827953
6 0.991643 0.00835651
9 0.15562 0.84438
9 0.125218 0.874782
6 0.991441 0.0085585
9 0.203779 0.796221
9 0.00050607 0.999494
6 0.981388 0.0186125
9 8.08971e-05 0.999919
9 1e-07 1
6 0.992417 0.00758349
6 0.984212 0.0157885
6 0.957373 0.0426271
6 0.985732 0.0142679
6 0.994883 0.00511726
6 0.994463 0.00553659
6 0.949954 0.0500464
9 0.0024736 0.997526
9 0.000146232 0.999854
6 0.990283 0.00971662
6 0.989128 0.0108716
9 2.2763e-06 0.999998
6 0.995086 0.0049145
9 5.98394e-07 0.999999
6 0.994564 0.00543642
6 0.994222 0.00577788
9 0.0311054 0.968895
6 0.992424 0.0075765
6 0.989848 0.0101517
6 0.98956 0.0104405
6 0.979373 0.0206267
6 0.765676 0.234324
9 0.0251514 0.974849
9 0.00739256 0.992607
9 8.49171e-07 0.999999
6 0.771637 0.228363
6 0.987501 0.012499
6 0.995225 0.00477505
6 0.995526 0.00447397
6 0.984962 0.0150381
6 0.996701 0.00329853
6 0.980472 0.0195278
6 0.952263 0.0477371
6 0.967545 0.0324551
9 0.000488657 0.999511
6 0.966938 0.0330623
9 1e-07 1
6 0.989607 0.0103925
9 1e-07 1
6 0.995328 0.00467232
6 0.991895 0.00810468
6 0.985915 0.0140852
6 0.997941 0.00205947
6 0.991291 0.00870929
6 0.999122 0.000877656
9 0.316492 0.683508
6 0.974228 0.0257724
9 1.31113e-05 0.999987
6 0.986715 0.013285
9 1e-07 1
6 0.985199 0.0148005
6 0.991006 0.00899371
6 0.995079 0.00492107
6 0.780189 0.219811
6 0.971033 0.0289673
6 0.987366 0.0126335
6 0.997477 0.0025231
6 0.989125 0.0108753
6 0.649981 0.350019
6 0.982123 0.0178773
9 0.113359 0.886641
9 0.00213421 0.997866
6 0.757615 0.242385
9 0.000125922 0.999874
6 0.993435 0.00656476
9 0.0140559 0.985944
6 0.981116 0.0188835
6 0.993021 0.00697924
6 0.996292 0.00370818
6 0.99498 0.00502037
6 0.994665 0.00533536
6 0.70807 0.29193
9 9.27835e-06 0.999991
9 0.0179336 0.982066
6 0.967991 0.0320087
6 0.979378 0.0206222
6 0.922143 0.0778571
6 0.993073 0.00692739
6 0.624248 0.375752
6 0.998674 0.00132574
6 0.658902 0.341098
6 0.996272 0.00372826
6 0.983438 0.0165623
6 0.99383 0.00617031
6 0.990122 0.00987823
6 0.99797 0.00202954
6 0.973817 0.0261834
6 0.979189 0.020811
6 0.99159 0.00841023
6 0.982604 0.0173961
6 0.996294 0.00370601
6 0.998808 0.00119244
6 0.983182 0.0168176
6 0.986791 0.0132093
6 0.991557 0.00844278
6 0.994125 0.00587484
6 0.996938 0.00306199
6 0.992647 0.00735315
9 0.00186681 0.998133
6 0.973774 0.0262256
6 0.934526 0.0654735
6 0.982196 0.0178035
6 0.97696 0.02304
9 2.10144e-07 1
9 1.19053e-05 0.999988
6 0.989934 0.0100661
6 0.594642 0.405358
9 0.05124 0.94876
6 0.922004 0.0779956
6 0.541761 0.458239
6 0.993322 0.00667849
6 0.997182 0.00281803
9 0.0879362 0.912064
6 0.994105 0.00589455
9 0.00911531 0.990885
6 0.988916 0.0110838
9 0.00051169 0.999488
9 4.34643e-05 0.999957
6 0.994033 0.00596714
6 0.982957 0.0170428
6 0.56598 0.43402
6 0.989359 0.0106408
6 0.982774 0.0172261
9 9.00124e-05 0.99991
9 0.00128318 0.998717
6 0.992308 0.00769191
6 0.946221 0.0537789
6 0.9985 0.0014997
6 0.994513 0.00548678
6 0.991821 0.0081785
6 0.994746 0.00525357
6 0.994155 0.00584477
6 0.952721 0.0472792
6 0.873469 0.126531
9 1.06325e-05 0.999989
6 0.972729 0.0272708
9 0.000244845 0.999755
9 0.00424969 0.99575
6 0.997252 0.00274753
9 0.0476657 0.952334
6 0.988045 0.0119552
9 1e-07 1
6 0.841525 0.158475
6 0.993521 0.00647948
6 0.991947 0.00805264
6 0.996022 0.00397769
6 0.994428 0.00557228
6 0.991012 0.00898751
6 0.99094 0.00905997
6 0.992947 0.00705346
9 1e-07 1
9 0.00249918 0.997501
6 0.617608 0.382392
6 0.994087 0.00591258
6 0.996459 0.00354112
6 0.979615 0.0203849
6 0.998854 0.00114646
6 0.997352 0.00264796
9 0.010403 0.989597
9 0.00127568 0.998724
6 0.974893 0.0251073
6 0.994675 0.00532505
6 0.976188 0.0238123
9 0.273472 0.726528
9 0.0136565 0.986343
6 0.98556 0.0144398
6 0.547045 0.452955
6 0.997269 0.00273124
6 0.992351 0.00764885
9 0.00240777 0.997592
6 0.9964 0.00359973
6 0.635342 0.364658
6 0.807439 0.192561
9 0.18764 0.81236
6 0.986452 0.0135477
6 0.854087 0.145913
6 0.877267 0.122733
6 0.812254 0.187746
6 0.997552 0.00244771
9 2.99401e-05 0.99997
6 0.989463 0.0105369
6 0.963951 0.0360489
6 0.955087 0.0449134
9 0.0546875 0.945313
6 0.994427 0.00557257
6 0.993514 0.00648551
9 0.00267401 0.997326
6 0.997766 0.00223385
9 4.77258e-05 0.999952
6 0.986224 0.0137765
9 9.06717e-06 0.999991
6 0.984073 0.0159272
6 0.991536 0.00846397
6 0.996659 0.00334119
6 0.995092 0.0049076
9 0.0130939 0.986906
9 0.079282 0.920718
6 0.996133 0.00386706
6 0.996405 0.00359517
6 0.995343 0.00465742
6 0.988107 0.0118934
9 0.075769 0.924231
6 0.993272 0.00672811
6 0.991956 0.00804354
9 0.177926 0.822074
6 0.992967 0.0070326
9 0.00258224 0.997418
6 0.997237 0.00276337
6 0.997543 0.00245658
6 0.99879 0.00120999
6 0.997365 0.00263479
6 0.989815 0.0101851
6 0.991909 0.00809087
6 0.525006 0.474994
6 0.994461 0.00553917
6 0.993814 0.00618586
6 0.994468 0.00553158
9 0.00349781 0.996502
9 1e-07 1
6 0.998602 0.00139815
6 0.991121 0.00887864
6 0.945794 0.0542061
6 0.926451 0.073549
6 0.886679 0.113321
9 0.235662 0.764338
9 0.0100475 0.989952
6 0.993728 0.00627225
9 0.0027917 0.997208
6 0.998066 0.00193407
9 0.386688 0.613312
9 0.256694 0.743306
9 0.0191005 0.980899
6 0.992902 0.00709828
6 0.988669 0.0113311
9 0.0271326 0.972867
9 1e-07 1
6 0.988168 0.0118316
6 0.98878 0.0112199
6 0.994488 0.00551186
6 0.980827 0.0191728
6 0.997504 0.00249561
9 5.08997e-07 0.999999
9 0.042815 0.957185
9 0.277468 0.722532
6 0.985263 0.0147372
6 0.994913 0.00508717
9 3.13703e-06 0.999997
6 0.993503 0.00649728
9 5.30213e-05 0.999947
6 0.990978 0.00902246
9 0.00409915 0.995901
6 0.998983 0.00101712
6 0.990219 0.00978109
6 0.991975 0.00802467
6 0.734427 0.265573
6 0.994782 0.00521779
6 0.996599 0.00340128
6 0.987911 0.0120888
6 0.989899 0.0101009
9 1e-07 1
6 0.994673 0.00532748
9 0.451405 0.548595
6 0.961167 0.0388327
9 0.211519 0.788481
9 1e-07 1
9 0.000179059 0.999821
6 0.985682 0.0143179
9 3.06189e-07 1
6 0.994347 0.00565314
9 0.0275284 0.972472
6 0.997244 0.00275606
9 0.0601678 0.939832
6 0.994063 0.00593736
6 0.91615 0.0838496
6 0.992269 0.00773094
6 0.993481 0.00651863
9 0.00473647 0.995264
9 1e-07 1
6 0.997957 0.00204329
6 0.994387 0.00561276
6 0.998451 0.00154918
6 0.99274 0.00726045
6 0.846309 0.153691
6 0.994273 0.00572725
6 0.954409 0.045591
6 0.988497 0.0115035
9 0.285595 0.714405
9 0.0379881 0.962012
9 1e-07 1
9 0.00700763 0.992992
9 0.000214701 0.999785
9 1.74129e-07 1
9 0.316093 0.683907
6 0.995586 0.00441412
6 0.994374 0.00562587
6 0.993217 0.00678331
6 0.992889 0.00711098
9 3.46753e-07 1
9 0.0305871 0.969413
9 1e-07 1
6 0.994256 0.00574396
9 0.10278 0.89722
6 0.904803 0.0951975
6 0.990394 0.00960567
9 1e-07 1
9 0.0459707 0.954029
6 0.980646 0.0193543
6 0.989554 0.0104463
6 0.967503 0.0324967
9 3.54245e-07 1
6 0.996279 0.00372099
6 0.99361 0.0063901
6 0.990932 0.00906826
6 0.963368 0.0366318
9 0.158946 0.841054
9 0.00025404 0.999746
6 0.98992 0.0100804
6 0.993913 0.00608683
9 0.488117 0.511883
9 0.0218816 0.978118
9 0.0160372 0.983963
9 0.00673086 0.993269
6 0.979551 0.0204486
6 0.647893 0.352107
9 0.0807962 0.919204
6 0.994273 0.00572691
6 0.994019 0.00598125
6 0.974103 0.025897
9 0.00368898 0.996311
6 0.987937 0.012063
6 0.970885 0.0291152
9 0.000905032 0.999095
9 0.000509482 0.999491
9 0.0697088 0.930291
6 0.98878 0.0112204
6 0.980631 0.0193688
6 0.807574 0.192426
6 0.97902 0.0209804
6 0.992781 0.00721865
6 0.993825 0.00617464
6 0.999325 0.000674719
6 0.997605 0.00239517
6 0.993509 0.00649143
6 0.983416 0.0165841
9 0.0164894 0.983511
9 0.0117829 0.988217
9 0.0839087 0.916091
9 0.102271 0.897729
6 0.92049 0.07951
6 0.998891 0.00110927
6 0.990012 0.00998769
9 0.0080381 0.991962
9 1e-07 1
9 0.128666 0.871334
9 0.00180604 0.998194
9 0.0106896 0.98931
6 0.994024 0.00597562
6 0.994099 0.00590125
9 1e-07 1
6 0.714756 0.285244
9 0.381235 0.618765
9 0.343676 0.656324
6 0.994693 0.0053072
6 0.976908 0.0230918
9 0.00182376 0.998176
9 2.61719e-05 0.999974
6 0.952297 0.0477035
6 0.988699 0.0113013
9 0.234008 0.765992
9 1e-07 1
6 0.990101 0.00989946
6 0.991101 0.00889902
9 7.96777e-05 0.99992
6 0.97467 0.0253303
6 0.998182 0.00181838
9 0.18219 0.81781
6 0.99229 0.00771044
6 0.984714 0.0152857
9 0.290868 0.709132
9 0.181038 0.818962
9 9.81107e-05 0.999902
6 0.99857 0.00142962
6 0.993682 0.0063175
6 0.996519 0.00348146
6 0.978995 0.0210048
6 0.993616 0.00638356
9 1e-07 1
6 0.975714 0.0242857
6 0.99353 0.00646983
6 0.977148 0.0228518
6 0.993492 0.00650838
9 1e-07 1
6 0.986675 0.0133252
6 0.995346 0.00465406
6 0.993508 0.0064917
9 2.04128e-05 0.99998
6 0.937734 0.0622657
6 0.994503 0.00549668
9 0.372314 0.627686
6 0.986313 0.0136871
6 0.99851 0.00148983
6 0.995887 0.00411282
6 0.682272 0.317728
6 0.997115 0.00288465
6 0.99277 0.00723007
9 0.000130954 0.999869
6 0.997788 0.00221239
6 0.978428 0.0215715
9 1e-07 1
6 0.996203 0.00379735
6 0.998124 0.00187644
6 0.994599 0.00540135
6 0.992256 0.00774447
9 0.00497107 0.995029
6 0.869038 0.130962
6 0.983781 0.0162191
6 0.980296 0.0197042
9 0.000147793 0.999852
6 0.986645 0.0133547
6 0.99585 0.00414958
6 0.998377 0.00162291
9 0.0282473 0.971753
6 0.991761 0.00823925
9 0.015147 0.984853
6 0.979228 0.0207722
6 0.945053 0.0549474
6 0.989296 0.0107045
6 0.994354 0.00564617
9 5.78208e-06 0.999994
9 1e-07 1
9 0.00426791 0.995732
9 0.270877 0.729123
9 0.000249898 0.99975
6 0.97827 0.02173
9 1e-07 1
6 0.986303 0.0136969
6 0.989001 0.0109986
6 0.994275 0.00572531
6 0.954636 0.0453642
6 0.970021 0.0299793
6 0.994368 0.00563206
6 0.638262 0.361738
9 0.000258756 0.999741
6 0.971862 0.0281376
6 0.993869 0.00613118
6 0.99377 0.00622999
9 3.48968e-07 1
9 0.000940154 0.99906
6 0.991904 0.00809622
6 0.994419 0.00558103
9 0.124848 0.875152
9 1e-07 1
6 0.993221 0.00677935
6 0.99057 0.00943
6 0.979577 0.0204227
6 0.997449 0.00255135
9 5.79346e-05 0.999942
9 0.032841 0.967159
6 0.975471 0.0245288
6 0.996054 0.00394594
6 0.996579 0.00342082
9 0.211154 0.788846
6 0.994455 0.00554462
6 0.959206 0.0407942
9 0.335097 0.664903
9 1e-07 1
6 0.821953 0.178047
6 0.705296 0.294704
9 0.000193915 0.999806
6 0.987062 0.0129383
6 0.990389 0.00961073
6 0.994594 0.00540622
6 0.991982 0.00801783
9 1e-07 1
9 8.65795e-05 0.999913
9 0.00018076 0.999819
6 0.993543 0.00645656
9 4.57442e-06 0.999995
6 0.979622 0.0203777
9 0.00581578 0.994184
6 0.991716 0.00828375
6 0.976031 0.0239685
6 0.996385 0.00361489
6 0.976469 0.0235307
9 1e-07 1
9 0.359675 0.640325
6 0.9901 0.00989994
6 0.985983 0.0140173
9 4.79991e-05 0.999952
6 0.995018 0.0049817
6 0.975655 0.0243451
9 1.36922e-05 0.999986
6 0.987491 0.0125088
9 1e-07 1
6 0.984906 0.0150941
6 0.957619 0.0423813
9 0.354848 0.645152
9 0.274742 0.725258
9 4.55056e-07 1
6 0.998198 0.00180214
6 0.996502 0.00349833
9 0.00159675 0.998403
9 0.00157956 0.99842
6 0.972348 0.0276518
9 0.289617 0.710383
9 1e-07 1
9 0.225721 0.774279
6 0.986508 0.0134922
6 0.990205 0.00979483
6 0.991413 0.00858733
9 0.012976 0.987024
6 0.99852 0.00147962
6 0.960416 0.0395842
6 0.991661 0.00833887
9 0.00197206 0.998028
6 0.764375 0.235625
6 0.994195 0.00580501
6 0.987958 0.0120424
9 0.00542602 0.994574
6 0.998959 0.0010409
6 0.992676 0.00732352
6 0.989737 0.0102634
9 0.119022 0.880978
9 0.0765216 0.923478
6 0.989277 0.0107234
6 0.994707 0.00529309
6 0.825766 0.174234
9 1e-07 1
6 0.993856 0.00614439
6 0.994033 0.00596739
9 8.04916e-06 0.999992
9 7.89639e-06 0.999992
6 0.997379 0.002621
6 0.989306 0.0106939
6 0.952295 0.0477046
6 0.966347 0.0336525
6 0.585806 0.414194
9 8.34702e-07 0.999999
9 0.287825 0.712175
6 0.99915 0.000849947
6 0.639785 0.360215
6 0.988929 0.0110705
6 0.94327 0.0567296
9 2.52066e-07 1
6 0.976906 0.0230936
9 0.000144271 0.999856
6 0.988443 0.0115567
9 6.69195e-05 0.999933
9 0.000971089 0.999029
9 2.79584e-05 0.999972
6 0.991629 0.00837062
6 0.993755 0.00624512
9 1e-07 1
9 0.00160303 0.998397
9 0.0073011 0.992699
6 0.99469 0.00530965
6 0.985916 0.014084
9 0.366241 0.633759
9 0.473404 0.526596
6 0.96613 0.0338703
9 0.00165297 0.998347
6 0.998051 0.0019494
6 0.994722 0.00527755
6 0.99093 0.00907041
6 0.980602 0.0193983
6 0.991083 0.00891698
6 0.982613 0.0173867
9 0.000279291 0.999721
6 0.938714 0.0612862
6 0.988903 0.0110969
6 0.976294 0.0237058
6 0.992155 0.00784464
6 0.998169 0.00183055
6 0.569841 0.430159
9 0.000371617 0.999628
6 0.994649 0.00535087
6 0.996134 0.00386645
6 0.982145 0.0178552
6 0.592987 0.407013
9 0.00361948 0.996381
9 0.000111146 0.999889
9 3.09418e-06 0.999997
9 0.000251732 0.999748
6 0.994569 0.00543122
6 0.996102 0.0038978
6 0.987544 0.0124556
6 0.997289 0.00271069
6 0.995237 0.00476275
6 0.994515 0.00548471
6 0.99495 0.00505014
6 0.95608 0.0439204
9 0.246234 0.753766
6 0.993217 0.00678335
9 8.12355e-05 0.999919
6 0.997479 0.00252137
6 0.991651 0.00834904
6 0.989248 0.010752
9 0.499236 0.500764
6 0.994171 0.00582894
6 0.99402 0.00598012
6 0.994435 0.0055648
6 0.985307 0.014693
6 0.998463 0.00153705
9 0.000122685 0.999877
6 0.996789 0.00321087
6 0.98707 0.0129296
6 0.908051 0.0919494
6 0.993716 0.00628437
6 0.997733 0.00226694
6 0.51465 0.48535
9 0.0660867 0.933913
6 0.992864 0.0071364
6 0.993594 0.00640646
6 0.982389 0.0176106
9 0.000391252 0.999609
6 0.812046 0.187954
6 0.987438 0.0125617
6 0.998374 0.00162618
6 0.947171 0.052829
6 0.98579 0.0142098
6 0.98698 0.0130198
9 0.000190666 0.999809
6 0.757663 0.242337
6 0.990285 0.00971459
9 3.31316e-06 0.999997
6 0.698834 0.301166
6 0.994456 0.00554388
6 0.991914 0.00808624
6 0.994216 0.00578415
6 0.783502 0.216498
6 0.997978 0.00202182
6 0.993054 0.00694644
6 0.821006 0.178994
9 0.000331578 0.999668
6 0.991334 0.00866628
6 0.977717 0.022283
9 0.370034 0.629966
6 0.995018 0.00498232
6 0.993339 0.00666125
6 0.921545 0.0784546
6 0.995194 0.00480589
6 0.630559 0.369441
6 0.999185 0.000814843
6 0.993225 0.00677459
9 0.00786756 0.992132
6 0.987679 0.0123209
9 1e-07 1
9 0.0257431 0.974257
9 0.0146813 0.985319
6 0.571908 0.428092
6 0.992327 0.00767311
6 0.988076 0.0119244
9 0.00529838 0.994702
6 0.993932 0.00606794
6 0.993986 0.00601448
6 0.996893 0.00310687
9 0.000593065 0.999407
6 0.987762 0.0122381
6 0.986423 0.0135768
6 0.980962 0.0190375
6 0.992688 0.00731239
6 0.9973 0.00270012
6 0.936226 0.0637742
6 0.992028 0.00797211
6 0.995784 0.00421613
6 0.979874 0.020126
6 0.997541 0.00245863
9 1e-07 1
6 0.998659 0.00134123
6 0.988242 0.011758
6 0.993136 0.00686381
6 0.998048 0.00195202
6 0.957116 0.0428841
6 0.797038 0.202962
6 0.99297 0.00703047
9 3.93412e-06 0.999996
6 0.969815 0.0301847
9 1e-07 1
6 0.993641 0.0063589
6 0.992149 0.00785085
9 2.88277e-07 1
6 0.998239 0.00176103
9 3.08661e-06 0.999997
6 0.991315 0.00868487
9 0.0831225 0.916877
9 0.144226 0.855774
6 0.74919 0.25081
6 0.99427 0.00572994
6 0.992442 0.00755807
9 0.121809 0.878191
6 0.953316 0.0466841
9 0.00810963 0.99189
9 0.210202 0.789798
6 0.877536 0.122464
6 0.941863 0.058137
9 0.102898 0.897102
9 0.014682 0.985318
6 0.649953 0.350047
6 0.944799 0.0552006
9 0.0569611 0.943039
6 0.985456 0.0145441
6 0.996883 0.00311738
6 0.991836 0.00816406
6 0.985096 0.0149035
6 0.998874 0.00112638
6 0.987819 0.0121812
6 0.989743 0.0102575
6 0.998903 0.00109658
9 0.0879323 0.912068
6 0.859522 0.140478
6 0.98475 0.0152499
6 0.994624 0.00537611
6 0.932182 0.0678176
6 0.992276 0.00772351
6 0.991707 0.00829296
6 0.979254 0.0207464
6 0.976228 0.0237717
9 0.00655075 0.993449
6 0.997714 0.0022862
6 0.991182 0.00881813
6 0.986352 0.0136476
9 1e-07 1
6 0.99848 0.00152045
6 0.56295 0.43705
9 1e-07 1
6 0.993092 0.00690824
9 0.00982444 0.990176
6 0.996659 0.0033413
6 0.651265 0.348735
9 0.0744726 0.925527
9 3.43933e-07 1
6 0.994188 0.00581155
9 0.0117919 0.988208
6 0.996015 0.00398497
6 0.969233 0.0307667
6 0.989503 0.0104968
6 0.99341 0.00658963
6 0.982301 0.0176987
6 0.985482 0.0145182
9 1e-07 1
6 0.99106 0.00894028
6 0.978069 0.0219312
6 0.99321 0.00678991
9 0.164425 0.835575
6 0.986638 0.0133625
6 0.913934 0.0860662
6 0.973169 0.0268313
9 0.000884775 0.999115
6 0.997839 0.00216122
6 0.994582 0.0054178
6 0.938348 0.0616525
9 1e-07 1
9 0.0164028 0.983597
6 0.989196 0.0108044
6 0.907449 0.0925511
9 0.00445679 0.995543
9 0.046451 0.953549
6 0.993559 0.00644063
6 0.993916 0.00608364
6 0.986274 0.0137259
9 5.27258e-07 0.999999
6 0.878636 0.121364
9 0.000818515 0.999181
9 1e-07 1
6 0.987405 0.0125955
6 0.993374 0.00662638
6 0.996894 0.00310605
6 0.990767 0.00923315
9 0.159321 0.840679
6 0.76548 0.23452
9 0.000144105 0.999856
9 0.000106245 0.999894
6 0.683787 0.316213
6 0.848801 0.151199
6 0.988473 0.0115267
9 0.000653279 0.999347
9 0.00144664 0.998553
6 0.994107 0.00589306
6 0.9902 0.00979959
6 0.986613 0.013387
6 0.994642 0.00535845
6 0.988021 0.011979
9 1e-07 1
6 0.534064 0.465936
6 0.992786 0.00721423
9 0.00276961 0.99723
6 0.95102 0.0489802
9 0.00946095 0.990539
6 0.951509 0.0484907
9 0.00847782 0.991522
9 3.76627e-05 0.999962
6 0.971474 0.0285257
9 0.00485024 0.99515
6 0.992302 0.00769786
9 1.0933e-07 1
9 1.28858e-06 0.999999
6 0.997474 0.00252566
6 0.984662 0.015338
6 0.998831 0.00116902
6 0.993331 0.00666885
6 0.965736 0.0342645
6 0.965289 0.0347115
6 0.994348 0.0056524
6 0.99712 0.00287977
6 0.830194 0.169806
9 0.000315419 0.999685
6 0.983314 0.0166862
6 0.576688 0.423312
6 0.919473 0.0805273
6 0.98524 0.0147602
6 0.993988 0.0060121
6 0.99321 0.0067899
6 0.996335 0.00366525
6 0.991943 0.00805675
6 0.993799 0.00620085
9 0.142096 0.857904
6 0.994389 0.00561094
9 0.0167061 0.983294
9 0.124162 0.875838
9 0.0233967 0.976603
6 0.993294 0.00670595
6 0.959049 0.0409509
6 0.991029 0.00897054
6 0.977368 0.022632
9 0.000234424 0.999766
9 0.368548 0.631452
6 0.992859 0.00714136
9 0.149446 0.850554
6 0.981068 0.0189324
6 0.992021 0.00797881
6 0.987158 0.0128418
9 1.18319e-05 0.999988
9 0.112143 0.887857
6 0.993931 0.00606892
9 0.136519 0.863481
9 1e-07 1
9 0.0347099 0.96529
6 0.987841 0.0121587
6 0.993706 0.00629398
9 0.000862536 0.999137
6 0.998444 0.00155595
6 0.984097 0.0159026
9 0.246772 0.753228
6 0.89586 0.10414
6 0.978774 0.0212262
6 0.990268 0.00973235
6 0.515209 0.484791
9 1.39245e-06 0.999999
6 0.990652 0.00934756
6 0.986668 0.0133317
6 0.994913 0.00508716
9 0.194603 0.805397
6 0.972418 0.0275821
9 0.0207866 0.979213
6 0.940309 0.0596908
6 0.989833 0.0101671
6 0.992531 0.00746877
6 0.996128 0.0038718
6 0.991875 0.00812463
6 0.78943 0.21057
6 0.994444 0.00555644
9 0.0352673 0.964733
6 0.985678 0.0143219
6 0.993399 0.00660106
6 0.983539 0.0164614
9 0.0402412 0.959759
9 1e-07 1
9 1e-07 1
6 0.993239 0.00676116
9 0.0558003 0.9442
6 0.992803 0.0071968
6 0.996561 0.00343896
9 0.000738884 0.999261
9 0.000166832 0.999833
6 0.98151 0.0184895
6 0.989266 0.0107342
6 0.991759 0.00824075
9 0.145974 0.854026
9 3.09729e-06 0.999997
9 1e-07 1
9 0.00828638 0.991714
9 1.15364e-05 0.999988
6 0.992505 0.00749525
6 0.844823 0.155177
6 0.997294 0.00270576
9 2.9382e-05 0.999971
6 0.995567 0.0044333
6 0.993502 0.00649814
6 0.989615 0.0103854
6 0.974175 0.0258247
6 0.992575 0.00742452
6 0.98313 0.0168696
6 0.992148 0.00785205
9 1e-07 1
9 1e-07 1
6 0.997064 0.00293578
9 0.339932 0.660068
6 0.996248 0.00375177
6 0.987531 0.0124691
6 0.905652 0.0943477
9 1e-07 1
9 6.33683e-06 0.999994
9 0.00020691 0.999793
9 0.27781 0.72219
9 0.34215 0.65785
6 0.988511 0.0114891
9 0.246311 0.753689
6 0.994377 0.00562346
6 0.998271 0.00172915
6 0.986403 0.0135967
6 0.992061 0.00793892
6 0.99363 0.00636959
6 0.996486 0.00351421
6 0.9948 0.00520023
6 0.980565 0.0194353
9 0.00218336 0.997817
6 0.989892 0.0101081
9 0.000120604 0.999879
6 0.998528 0.00147153
6 0.960012 0.0399882
6 0.984801 0.0151994
9 0.237015 0.762985
6 0.974532 0.0254683
9 0.000103064 0.999897
9 1.39778e-05 0.999986
9 0.438836 0.561164
6 0.85084 0.14916
6 0.988028 0.0119723
6 0.982812 0.0171879
6 0.961388 0.0386118
6 0.934489 0.0655106
9 0.0150763 0.984924
9 1e-07 1
9 1.23654e-07 1
9 0.0165454 0.983455
6 0.980785 0.0192147
6 0.98702 0.0129804
6 0.966322 0.0336776
6 0.977416 0.0225843
6 0.990051 0.00994873
9 0.00199042 0.99801
6 0.990852 0.00914798
6 0.994073 0.00592674
9 0.0321937 0.967806
6 0.990655 0.00934471
6 0.995378 0.00462153
6 0.993792 0.00620777
9 0.0555645 0.944435
6 0.982068 0.0179325
9 0.0820333 0.917967
6 0.99829 0.00171011
9 0.000848192 0.999152
6 0.989365 0.0106354
6 0.992993 0.00700661
9 0.0420775 0.957923
6 0.998665 0.00133484
6 0.994306 0.00569436
9 0.00586015 0.99414
9 7.95862e-07 0.999999
9 1e-07 1
9 8.3711e-07 0.999999
9 1.6097e-06 0.999998
6 0.994884 0.00511591
6 0.993103 0.00689711
6 0.994485 0.00551548
6 0.993289 0.0067105
6 0.996924 0.00307598
9 1e-07 1
9 0.0120714 0.987929
6 0.941668 0.0583322
6 0.601766 0.398234
9 0.0359654 0.964035
6 0.993493 0.00650658
6 0.988522 0.0114782
9 0.000173646 0.999826
9 0.0819873 0.918013
9 0.00137582 0.998624
9 0.354872 0.645128
6 0.996139 0.00386085
9 0.0303222 0.969678
6 0.989186 0.0108142
6 0.998681 0.00131882
9 0.021329 0.978671
6 0.995113 0.00488671
9 1e-07 1
6 0.994712 0.00528773
9 0.11419 0.88581
6 0.973039 0.0269615
6 0.952176 0.0478241
6 0.700969 0.299031
6 0.994873 0.00512703
9 0.00426179 0.995738
6 0.988316 0.0116844
6 0.571098 0.428902
6 0.965499 0.0345007
9 0.188527 0.811473
6 0.993784 0.00621613
9 0.0356104 0.96439
9 6.43825e-05 0.999936
6 0.994899 0.00510113
6 0.997403 0.00259699
9 1e-07 1
6 0.98912 0.0108799
6 0.99515 0.00484998
6 0.994173 0.00582652
9 0.319711 0.680289
9 3.00247e-06 0.999997
6 0.992162 0.00783786
6 0.99434 0.00566007
9 0.00130877 0.998691
9 0.000128807 0.999871
9 4.53007e-05 0.999955
6 0.971837 0.0281629
6 0.988513 0.0114873
6 0.992155 0.00784541
9 0.00394878 0.996051
6 0.990705 0.00929537
6 0.921649 0.0783512
9 0.00592693 0.994073
6 0.998245 0.0017548
6 0.810294 0.189706
6 0.982419 0.0175807
9 1e-07 1
6 0.951225 0.0487754
6 0.993551 0.00644857
9 1e-07 1
9 0.00197662 0.998023
9 6.50959e-06 0.999993
6 0.99846 0.00154031
6 0.934841 0.0651587
6 0.988178 0.011822
6 0.99285 0.00715045
6 0.997554 0.00244598
6 0.607708 0.392292
9 0.000389397 0.999611
6 0.994232 0.00576802
6 0.95124 0.0487596
9 0.416927 0.583073
6 0.595739 0.404261
6 0.985797 0.0142027
6 0.997554 0.00244626
6 0.851816 0.148184
6 0.998932 0.00106832
6 0.994605 0.00539525
6 0.980967 0.0190329
6 0.989162 0.0108378
6 0.99453 0.00547029
6 0.986621 0.0133792
6 0.996379 0.00362113
6 0.869585 0.130415
6 0.699257 0.300743
9 4.53408e-05 0.999955
6 0.997917 0.00208309
6 0.988061 0.0119386
9 0.28948 0.71052
9 1.97196e-05 0.99998
6 0.987407 0.0125925
6 0.994527 0.00547256
6 0.99842 0.0015802
6 0.995094 0.00490643
9 1e-07 1
9 0.097441 0.902559
9 0.235591 0.764409
9 1e-07 1
6 0.981238 0.0187617
6 0.984806 0.0151935
6 0.991608 0.00839161
9 0.494959 0.505041
6 0.973054 0.0269464
6 0.984662 0.015338
6 0.996529 0.0034714
6 0.994671 0.00532864
6 0.839671 0.160329
6 0.998715 0.00128505
6 0.994326 0.00567361
9 0.0126527 0.987347
9 1e-07 1
6 0.990026 0.00997382
9 0.00215368 0.997846
9 0.000647365 0.999353
6 0.990598 0.0094025
6 0.996833 0.00316727
6 0.9967 0.00330029
9 1e-07 1
6 0.950618 0.0493816
6 0.952705 0.0472954
6 0.998833 0.00116717
6 0.982455 0.0175447
6 0.958175 0.0418249
9 0.125444 0.874556
6 0.99839 0.00160975
6 0.956372 0.0436283
6 0.991555 0.00844494
9 0.187258 0.812742
9 2.62112e-05 0.999974
6 0.963172 0.0368279
6 0.812774 0.187226
9 0.177013 0.822987
9 0.499843 0.500157
6 0.96579 0.0342103
6 0.99506 0.00494012
9 1e-07 1
6 0.987434 0.0125662
9 9.87072e-07 0.999999
6 0.998464 0.00153558
6 0.998183 0.00181714
6 0.994203 0.0057967
6 0.992405 0.00759457
6 0.993044 0.0069563
6 0.993045 0.00695538
6 0.996305 0.0036949
6 0.832939 0.167061
6 0.919613 0.0803866
9 0.00319606 0.996804
9 0.000772021 0.999228
6 0.979867 0.0201325
6 0.992584 0.00741618
9 0.280448 0.719552
9 0.00508255 0.994917
6 0.991003 0.00899713
9 0.0945203 0.90548
9 4.50731e-06 0.999995
6 0.994494 0.00550582
6 0.986226 0.0137736
6 0.984092 0.0159084
9 2.53724e-06 0.999997
6 0.991983 0.00801716
9 1.14678e-06 0.999999
6 0.989054 0.0109463
9 1e-07 1
6 0.991411 0.00858898
9 0.000162618 0.999837
9 0.0946157 0.905384
9 0.301805 0.698195
6 0.977256 0.0227438
9 0.0481253 0.951875
6 0.990129 0.00987082
6 0.995105 0.00489451
6 0.982804 0.0171957
6 0.984121 0.0158785
9 3.27899e-05 0.999967
6 0.993533 0.00646721
9 1e-07 1
6 0.764123 0.235877
6 0.978475 0.021525
6 0.840552 0.159448
6 0.997928 0.00207203
6 0.989209 0.0107905
6 0.993363 0.00663684
9 0.114709 0.885291
6 0.985542 0.0144579
9 1.5409e-05 0.999985
9 0.0135576 0.986442
6 0.998085 0.00191491
6 0.995123 0.00487718
6 0.990885 0.00911478
6 0.994038 0.00596215
6 0.993953 0.00604727
9 0.0107947 0.989205
6 0.998586 0.00141409
9 4.53248e-06 0.999995
6 0.994494 0.00550552
6 0.948777 0.0512235
9 1e-07 1
6 0.661778 0.338222
6 0.909087 0.0909134
6 0.993999 0.00600104
9 0.000200434 0.9998
9 1e-07 1
6 0.701172 0.298828
6 0.983748 0.0162522
6 0.992821 0.00717901
6 0.715181 0.284819
9 0.00336251 0.996637
6 0.997528 0.00247158
6 0.597895 0.402105
6 0.995556 0.00444365
9 0.281144 0.718856
9 0.000139505 0.99986
9 1e-07 1
9 0.000198324 0.999802
6 0.96477 0.0352304
9 0.00480563 0.995194
9 0.000717486 0.999283
6 0.978242 0.0217577
6 0.991486 0.00851435
6 0.841794 0.158206
6 0.994254 0.00574627
9 1.34202e-07 1
9 1e-07 1
6 0.994974 0.00502641
6 0.993133 0.00686693
6 0.983054 0.016946
6 0.995948 0.00405235
6 0.978759 0.0212407
9 6.50248e-07 0.999999
9 1e-07 1
6 0.991929 0.00807073
9 0.414008 0.585992
6 0.994141 0.00585869
6 0.97872 0.0212795
6 0.998722 0.00127751
6 0.973498 0.0265016
6 0.994075 0.00592538
9 0.114624 0.885376
9 0.00177641 0.998224
9 0.0341773 0.965823
6 0.987242 0.0127577
9 1e-07 1
9 0.000636923 0.999363
6 0.982443 0.0175573
6 0.998725 0.00127519
6 0.981095 0.0189049
6 0.997442 0.00255787
9 0.000530561 0.999469
6 0.994524 0.00547612
9 0.280139 0.719861
6 0.995327 0.00467323
6 0.995226 0.00477356
6 0.997991 0.00200926
6 0.994229 0.00577076
6 0.858794 0.141206
6 0.745731 0.254269
6 0.973386 0.0266139
6 0.992297 0.00770268
6 0.948435 0.0515645
9 0.0334566 0.966543
6 0.985507 0.0144932
6 0.997078 0.00292233
6 0.997126 0.00287421
6 0.905995 0.0940048
6 0.994499 0.00550084
9 0.00457816 0.995422
6 0.945789 0.0542111
6 0.993358 0.00664244
6 0.9387 0.0613004
6 0.853188 0.146812
9 6.22461e-05 0.999938
6 0.997104 0.00289598
6 0.981671 0.0183288
6 0.992084 0.00791648
6 0.998572 0.00142796
6 0.98386 0.0161402
6 0.990007 0.00999314
6 0.993243 0.00675735
6 0.994168 0.00583236
6 0.992476 0.0075244
6 0.959875 0.0401246
6 0.894454 0.105546
6 0.991498 0.00850151
9 0.0649178 0.935082
6 0.993708 0.00629208
6 0.993723 0.00627674
6 0.985831 0.0141692
6 0.968239 0.0317611
6 0.917594 0.0824056
6 0.613218 0.386782
6 0.99644 0.00356013
6 0.995033 0.00496668
9 0.0129461 0.987054
6 0.983358 0.0166418
9 1e-07 1
6 0.976906 0.023094
9 1.05683e-07 1
6 0.982956 0.0170437
6 0.964694 0.0353057
9 1e-07 1
6 0.989735 0.0102652
6 0.993718 0.00628247
9 0.00536594 0.994634
6 0.994545 0.00545462
6 0.985648 0.0143519
6 0.982865 0.0171348
6 0.974141 0.0258589
9 0.305393 0.694607
6 0.986788 0.0132119
6 0.964144 0.0358563
6 0.987601 0.0123986
6 0.614844 0.385156
9 1.08312e-06 0.999999
9 0.0375656 0.962434
9 0.0150576 0.984942
6 0.994009 0.00599078
6 0.973977 0.0260233
6 0.997849 0.00215144
6 0.997283 0.00271744
9 0.189269 0.810731
9 0.159604 0.840396
6 0.994645 0.00535526
6 0.993959 0.00604094
6 0.934129 0.0658711
9 0.397832 0.602168
9 1e-07 1
9 0.000378038 0.999622
6 0.60331 0.39669
6 0.984302 0.0156978
9 0.0830579 0.916942
6 0.988336 0.0116638
6 0.971883 0.0281169
6 0.99893 0.00107
9 0.0205552 0.979445
9 1e-07 1
6 0.989935 0.0100652
6 0.994374 0.00562569
6 0.992195 0.0078046
9 5.95714e-05 0.99994
6 0.997741 0.00225916
9 3.53631e-05 0.999965
9 1e-07 1
6 0.565351 0.434649
6 0.994708 0.00529173
9 1e-07 1
6 0.993142 0.00685815
9 0.149022 0.850978
6 0.996308 0.00369197
6 0.98415 0.01585
6 0.99605 0.00395018
6 0.982938 0.017062
9 0.184878 0.815122
6 0.544233 0.455767
6 0.618655 0.381345
6 0.95816 0.0418405
9 4.58352e-06 0.999995
6 0.998166 0.00183389
9 0.00019505 0.999805
6 0.93302 0.0669795
6 0.807106 0.192894
6 0.992721 0.00727855
6 0.963863 0.0361369
6 0.996538 0.00346237
6 0.993286 0.00671386
9 0.341637 0.658363
9 0.000978449 0.999022
9 0.00028795 0.999712
6 0.996683 0.003317
9 1e-07 1
9 1e-07 1
9 0.0283584 0.971642
6 0.989405 0.0105945
6 0.98987 0.0101296
6 0.994734 0.00526571
9 0.499377 0.500623
9 0.0819411 0.918059
6 0.932828 0.0671722
6 0.934809 0.0651914
9 8.18878e-05 0.999918
6 0.995851 0.00414896
6 0.976311 0.0236891
6 0.991136 0.00886402
6 0.960056 0.0399444
6 0.880632 0.119368
6 0.706812 0.293188
6 0.994244 0.00575643
6 0.997305 0.00269459
9 0.0266682 0.973332
6 0.975422 0.0245785
6 0.590478 0.409522
9 6.80386e-06 0.999993
6 0.99303 0.00696991
6 0.971426 0.0285736
9 0.0347806 0.965219
6 0.987996 0.012004
6 0.988827 0.0111727
6 0.991617 0.00838261
6 0.928347 0.071653
6 0.993561 0.00643945
6 0.967796 0.0322037
9 0.0648454 0.935155
6 0.991274 0.00872556
6 0.961187 0.038813
9 7.77068e-06 0.999992
6 0.985175 0.0148246
9 0.0119321 0.988068
9 1e-07 1
9 4.65675e-07 1
9 0.0108601 0.98914
9 0.0108819 0.989118
9 0.0152961 0.984704
6 0.989815 0.0101849
6 0.996542 0.00345842
6 0.954748 0.045252
6 0.968592 0.0314079
9 0.153749 0.846251
6 0.98612 0.0138804
6 0.995688 0.00431161
6 0.989985 0.0100153
6 0.994025 0.00597547
9 0.459526 0.540474
6 0.993055 0.00694549
6 0.726751 0.273249
6 0.560838 0.439162
6 0.993548 0.00645246
9 2.95576e-06 0.999997
6 0.757365 0.242635
6 0.965408 0.0345921
9 0.124504 0.875496
9 0.00106214 0.998938
9 1e-07 1
6 0.997115 0.00288471
6 0.99896 0.00103956
9 0.00371344 0.996287
6 0.998408 0.00159217
6 0.977989 0.0220113
6 0.993882 0.0061177
6 0.998344 0.00165614
6 0.990266 0.00973355
6 0.998382 0.00161787
6 0.966531 0.033469
6 0.997996 0.00200406
6 0.982349 0.0176509
6 0.989683 0.0103174
6 0.672168 0.327832
6 0.99332 0.00668012
9 6.11916e-07 0.999999
6 0.533633 0.466367
6 0.998202 0.00179758
6 0.992931 0.00706931
6 0.996513 0.00348724
9 1.77822e-07 1
9 1e-07 1
6 0.912001 0.087999
9 1e-07 1
6 0.978343 0.0216568
6 0.942046 0.0579537
9 1e-07 1
9 0.135382 0.864618
6 0.9938 0.00619997
6 0.975672 0.0243282
6 0.993595 0.0064053
9 0.000196297 0.999804
6 0.998293 0.00170726
9 3.19158e-06 0.999997
6 0.993993 0.00600729
9 1e-07 1
6 0.967259 0.0327414
6 0.995823 0.00417685
6 0.983411 0.0165888
9 1.6035e-06 0.999998
6 0.979776 0.0202242
6 0.994522 0.00547831
9 0.00408405 0.995916
6 0.988931 0.011069
9 0.00116602 0.998834
6 0.994116 0.00588431
6 0.99328 0.00671985
6 0.99113 0.00886988
9 0.027467 0.972533
6 0.993975 0.00602518
9 9.41661e-06 0.999991
6 0.989351 0.0106493
6 0.994533 0.00546655
6 0.681718 0.318282
6 0.987393 0.0126067
6 0.990864 0.0091363
6 0.990127 0.00987344
9 0.0379688 0.962031
9 1e-07 1
9 0.0369778 0.963022
6 0.905363 0.0946369
6 0.991201 0.00879924
6 0.991023 0.00897658
6 0.983448 0.0165516
9 1e-07 1
9 6.5899e-05 0.999934
9 0.233489 0.766511
6 0.992757 0.00724279
6 0.998294 0.00170607
6 0.517314 0.482686
9 0.0204297 0.97957
6 0.997924 0.00207644
9 0.00282549 0.997175
9 0.000229775 0.99977
6 0.978616 0.0213843
6 0.994417 0.00558259
6 0.994058 0.00594182
9 0.0078527 0.992147
6 0.596246 0.403754
9 0.188901 0.811099
6 0.986231 0.0137687
6 0.897284 0.102716
6 0.962487 0.0375132
6 0.998121 0.00187922
6 0.986961 0.0130388
6 0.991345 0.00865521
6 0.995988 0.00401172
9 0.020637 0.979363
6 0.998076 0.00192384
6 0.990764 0.00923634
6 0.666513 0.333487
9 1e-07 1
6 0.996802 0.00319795
9 0.00314907 0.996851
9 0.231701 0.768299
9 1e-07 1
9 1e-07 1
6 0.994572 0.00542763
6 0.995036 0.00496441
6 0.990746 0.00925426
6 0.972155 0.0278451
6 0.998794 0.00120633
9 0.000911085 0.999089
6 0.996267 0.00373326
6 0.994345 0.00565503
9 0.103895 0.896105
6 0.944537 0.0554626
6 0.991933 0.00806747
9 1e-07 1
9 0.000663072 0.999337
6 0.995216 0.00478404
6 0.846453 0.153547
6 0.989674 0.0103258
6 0.894492 0.105508
6 0.985016 0.0149845
6 0.984042 0.0159578
6 0.745794 0.254206
9 8.94833e-06 0.999991
6 0.992948 0.00705163
6 0.994005 0.00599498
9 1e-07 1
9 3.69021e-06 0.999996
6 0.999123 0.000877223
6 0.993486 0.00651449
9 0.0145326 0.985467
9 7.05758e-05 0.999929
9 0.371782 0.628218
9 1.56033e-06 0.999998
6 0.990631 0.00936947
9 1.10714e-05 0.999989
6 0.992077 0.00792343
9 1e-07 1
9 0.0435631 0.956437
6 0.994996 0.00500433
6 0.998284 0.00171599
6 0.947612 0.0523883
6 0.994216 0.00578373
6 0.987647 0.0123526
6 0.99174 0.00826003
6 0.994085 0.00591455
6 0.993094 0.00690563
9 0.00325267 0.996747
6 0.992737 0.00726319
6 0.976552 0.023448
9 1e-07 1
6 0.754618 0.245382
9 0.0550455 0.944954
6 0.970969 0.0290308
6 0.787923 0.212077
9 0.000641232 0.999359
9 0.0410073 0.958993
9 0.0747288 0.925271
9 0.144257 0.855743
9 0.000229343 0.999771
6 0.995165 0.00483516
6 0.994555 0.005445
6 0.991237 0.00876327
9 0.0867422 0.913258
6 0.656871 0.343129
6 0.993022 0.00697805
9 0.279902 0.720098
6 0.997077 0.00292325
9 1e-07 1
9 1e-07 1
9 0.0148794 0.985121
9 0.0888066 0.911193
6 0.99565 0.00434971
6 0.995606 0.00439403
6 0.543248 0.456752
6 0.981148 0.0188525
6 0.890773 0.109227
6 0.815091 0.184909
9 0.0667894 0.933211
6 0.992343 0.00765725
6 0.993455 0.00654486
6 0.998035 0.00196505
6 0.991755 0.00824526
6 0.989042 0.0109583
9 0.00444652 0.995553
6 0.968962 0.0310379
6 0.992623 0.00737663
6 0.994916 0.00508386
6 0.972883 0.0271173
6 0.988265 0.0117347
6 0.918256 0.0817438
6 0.965162 0.0348378
9 0.484856 0.515144
6 0.992785 0.00721488
6 0.520094 0.479906
9 0.115901 0.884099
6 0.997218 0.00278209
6 0.9201 0.0799004
6 0.973515 0.0264847
6 0.989668 0.0103318
6 0.98539 0.0146103
9 0.00026119 0.999739
6 0.984345 0.015655
9 0.0555796 0.94442
9 0.321503 0.678497
6 0.825588 0.174412
6 0.890792 0.109208
6 0.995715 0.0042854
9 0.000476765 0.999523
6 0.968911 0.0310887
9 1.94584e-06 0.999998
6 0.990042 0.00995794
6 0.989462 0.0105383
9 0.00054444 0.999456
6 0.994569 0.00543094
9 0.0362979 0.963702
6 0.999205 0.000794631
9 0.000423314 0.999577
9 1e-07 1
6 0.845443 0.154557
6 0.939628 0.060372
6 0.993698 0.00630248
9 1e-07 1
9 5.82722e-06 0.999994
9 0.00329155 0.996708
6 0.987771 0.0122294
9 0.00304227 0.996958
6 0.949803 0.0501972
9 0.0461616 0.953838
9 0.00171615 0.998284
9 0.037385 0.962615
9 1e-07 1
9 0.0242114 0.975789
6 0.997022 0.0029775
6 0.954948 0.0450522
6 0.99635 0.00364968
6 0.985581 0.0144188
6 0.994889 0.00511084
9 0.0158706 0.984129
6 0.988742 0.0112579
9 0.00142033 0.99858
6 0.795782 0.204218
9 0.187382 0.812618
9 1e-07 1
9 1e-07 1
6 0.983213 0.0167871
6 0.996259 0.00374139
9 2.08239e-07 1
6 0.992786 0.00721417
6 0.984144 0.0158556
9 0.0160963 0.983904
6 0.997565 0.00243539
6 0.862111 0.137889
6 0.987872 0.0121281
6 0.995432 0.0045678
9 1e-07 1
6 0.99352 0.00647951
9 2.81133e-07 1
6 0.99843 0.00157022
6 0.997834 0.00216599
6 0.995064 0.0049363
6 0.991244 0.00875577
9 7.2105e-06 0.999993
6 0.994812 0.00518763
9 9.68709e-05 0.999903
6 0.985437 0.0145634
6 0.98063 0.0193702
9 0.117653 0.882347
6 0.998196 0.00180449
6 0.982689 0.017311
6 0.998666 0.00133392
9 1e-07 1
6 0.987136 0.0128645
6 0.994859 0.00514068
6 0.994485 0.00551472
9 0.000100362 0.9999
6 0.996234 0.00376572
6 0.962831 0.0371688
6 0.961972 0.0380281
6 0.989376 0.0106243
6 0.997981 0.0020188
6 0.992782 0.00721751
6 0.985133 0.0148673
9 9.34007e-07 0.999999
9 0.244901 0.755099
6 0.998307 0.00169337
6 0.993182 0.0068177
6 0.983644 0.0163563
9 0.171479 0.828521
6 0.994527 0.00547331
9 1e-07 1
6 0.992074 0.00792607
6 0.989292 0.0107078
6 0.994008 0.00599179
6 0.986305 0.0136946
9 0.024751 0.975249
6 0.984509 0.0154915
6 0.989692 0.0103081
9 0.00664941 0.993351
6 0.831018 0.168982
9 1e-07 1
9 1e-07 1
6 0.938906 0.0610942
9 1e-07 1
6 0.995683 0.00431703
6 0.990769 0.00923059
6 0.994718 0.00528195
9 1e-07 1
6 0.855601 0.144399
6 0.986373 0.0136273
6 0.965852 0.034148
6 0.745721 0.254279
6 0.928107 0.0718926
6 0.996167 0.00383331
9 0.000151936 0.999848
6 0.935961 0.064039
6 0.998426 0.00157359
6 0.997938 0.00206216
9 1e-07 1
6 0.928551 0.0714492
9 0.00038039 0.99962
6 0.996863 0.00313673
6 0.983239 0.0167606
6 0.965146 0.0348536
6 0.998666 0.00133434
6 0.997073 0.00292748
6 0.956396 0.0436036
6 0.973333 0.0266674
6 0.983354 0.0166458
6 0.981205 0.0187954
6 0.82145 0.17855
6 0.994013 0.00598679
9 0.000400844 0.999599
9 1.15776e-05 0.999988
6 0.988044 0.0119563
6 0.986507 0.0134934
6 0.994109 0.00589136
9 8.82764e-07 0.999999
9 3.82677e-05 0.999962
9 0.152182 0.847818
6 0.997643 0.00235701
6 0.994822 0.00517849
9 0.000297638 0.999702
9 0.000420026 0.99958
6 0.934787 0.0652127
6 0.717716 0.282284
9 0.287999 0.712001
9 1e-07 1
6 0.976902 0.0230976
9 0.0295184 0.970482
6 0.987006 0.0129936
9 0.00385589 0.996144
9 1e-07 1
6 0.990401 0.00959893
6 0.99154 0.0084596
6 0.983806 0.0161941
9 0.214975 0.785025
9 1e-07 1
6 0.986935 0.0130653
6 0.994388 0.00561165
6 0.991305 0.00869513
9 0.0749905 0.92501
6 0.98804 0.01196
6 0.957715 0.0422846
6 0.992248 0.00775225
6 0.989905 0.0100952
6 0.995224 0.00477596
6 0.996482 0.0035184
6 0.992927 0.00707349
6 0.997328 0.00267194
6 0.998301 0.00169872
9 9.3507e-07 0.999999
6 0.89364 0.10636
9 0.00912634 0.990874
6 0.992948 0.00705206
9 0.000548499 0.999452
9 0.0194808 0.980519
6 0.994636 0.0053635
9 1e-07 1
9 2.8787e-05 0.999971
6 0.97549 0.0245097
6 0.980918 0.0190822
6 0.988627 0.0113728
9 0.0436604 0.95634
6 0.998525 0.00147489
9 0.448253 0.551747
9 0.350748 0.649252
6 0.988364 0.0116363
6 0.981626 0.0183744
6 0.619607 0.380393
6 0.991873 0.00812746
9 2.58157e-06 0.999997
6 0.992855 0.00714536
6 0.997599 0.0024013
6 0.992181 0.00781902
9 0.0482188 0.951781
6 0.994873 0.00512671
6 0.502013 0.497987
9 3.82758e-07 1
9 0.000969605 0.99903
9 0.397373 0.602627
9 0.10067 0.89933
9 0.409427 0.590573
9 0.0362493 0.963751
9 8.52056e-07 0.999999
9 0.00018326 0.999817
9 0.376066 0.623934
9 0.000382575 0.999617
9 0.063866 0.936134
9 0.0183186 0.981681
6 0.991937 0.00806328
9 0.00790737 0.992093
9 0.310819 0.689181
9 0.0974847 0.902515
9 0.00073893 0.999261
9 0.0265696 0.97343
6 0.993572 0.00642838
6 0.988157 0.0118429
6 0.996178 0.0038218
6 0.925841 0.0741591
6 0.960871 0.039129
9 0.482231 0.517769
6 0.984498 0.0155024
6 0.993534 0.00646568
6 0.994318 0.00568226
6 0.970533 0.0294671
6 0.972148 0.0278524
6 0.993087 0.00691281
6 0.987628 0.0123721
6 0.988122 0.0118784
6 0.991317 0.00868327
9 0.175571 0.824429
6 0.982575 0.017425
6 0.994309 0.005691
6 0.996947 0.00305289
9 1e-07 1
6 0.993558 0.00644244
9 0.228823 0.771177
6 0.991632 0.00836804
6 0.99928 0.00072019
6 0.985342 0.0146584
6 0.993508 0.00649159
9 0.00106446 0.998936
6 0.97045 0.0295498
9 1e-07 1
9 2.30334e-05 0.999977
9 0.0430648 0.956935
6 0.996664 0.0033362
6 0.976406 0.0235944
6 0.996509 0.0034911
9 7.82268e-05 0.999922
9 1.31374e-05 0.999987
9 0.00024502 0.999755
9 0.295295 0.704705
6 0.684824 0.315176
6 0.98369 0.0163105
9 0.0506335 0.949366
6 0.993782 0.00621775
9 0.068693 0.931307
6 0.988941 0.011059
6 0.997356 0.00264389
9 2.01496e-05 0.99998
9 8.35031e-07 0.999999
6 0.995325 0.00467488
9 0.411539 0.588461
6 0.98766 0.0123399
6 0.991634 0.00836633
9 2.04825e-06 0.999998
6 0.990241 0.00975865
6 0.995018 0.0049823
9 0.011725 0.988275
6 0.983664 0.0163356
6 0.958147 0.041853
6 0.993951 0.00604879
6 0.994298 0.00570249
6 0.989449 0.0105506
9 0.0069811 0.993019
6 0.994856 0.00514391
6 0.945824 0.0541758
6 0.992583 0.00741654
6 0.992541 0.00745873
9 0.0837852 0.916215
6 0.977977 0.0220231
6 0.997948 0.00205168
6 0.91153 0.0884698
6 0.997051 0.00294875
6 0.994911 0.00508949
6 0.927701 0.072299
6 0.969087 0.0309131
9 0.0750639 0.924936
6 0.992674 0.00732574
6 0.998573 0.00142707
6 0.991003 0.00899736
9 0.151781 0.848219
6 0.978766 0.0212336
9 3.64678e-07 1
6 0.993937 0.00606281
6 0.996498 0.00350221
9 0.0422815 0.957719
9 4.59645e-07 1
6 0.989533 0.0104671
6 0.984011 0.015989
6 0.993119 0.00688089
6 0.993008 0.00699162
6 0.998348 0.00165237
9 0.00152589 0.998474
9 0.0726413 0.927359
9 0.224772 0.775228
6 0.997784 0.00221636
9 0.000199399 0.999801
6 0.949012 0.0509877
6 0.806988 0.193012
6 0.939124 0.0608758
6 0.975979 0.0240212
9 1e-07 1
6 0.994081 0.00591877
6 0.996241 0.00375858
6 0.987779 0.0122213
9 0.0101029 0.989897
6 0.997578 0.00242223
6 0.993307 0.00669276
6 0.994505 0.0054948
6 0.997461 0.00253875
9 1e-07 1
6 0.72189 0.27811
6 0.99527 0.00473032
6 0.973112 0.0268876
6 0.996711 0.00328895
6 0.99207 0.00793023
9 3.63538e-06 0.999996
9 0.014509 0.985491
6 0.98349 0.0165096
6 0.995089 0.00491148
6 0.986046 0.0139542
6 0.994717 0.00528281
6 0.984036 0.0159637
6 0.994497 0.00550333
6 0.985581 0.0144195
9 0.00424718 0.995753
6 0.996001 0.00399877
9 0.000278892 0.999721
6 0.95701 0.0429904
6 0.927931 0.0720695
6 0.517027 0.482973
6 0.993819 0.00618059
9 0.0153724 0.984628
6 0.509355 0.490645
6 0.713337 0.286663
6 0.985135 0.0148649
6 0.998465 0.00153454
6 0.914011 0.0859891
6 0.999303 0.000697442
6 0.982373 0.0176266
6 0.968883 0.0311173
6 0.852973 0.147027
6 0.769708 0.230292
9 0.182961 0.817039
6 0.986672 0.0133282
9 0.0229115 0.977088
9 5.50126e-05 0.999945
6 0.993883 0.00611742
6 0.997437 0.00256336
6 0.996469 0.00353141
6 0.998814 0.00118581
6 0.992207 0.00779288
6 0.996766 0.00323432
9 0.000717555 0.999282
9 0.00153272 0.998467
6 0.99406 0.00593976
6 0.998651 0.00134873
6 0.975001 0.0249986
6 0.991407 0.00859343
6 0.98657 0.0134303
6 0.997734 0.00226621
9 0.0972971 0.902703
6 0.996236 0.00376419
6 0.537134 0.462866
6 0.838987 0.161013
6 0.941979 0.058021
6 0.990295 0.00970502
9 1e-07 1
6 0.98263 0.0173701
6 0.996698 0.00330188
6 0.977562 0.0224381
6 0.845843 0.154157
9 6.17644e-05 0.999938
9 6.53432e-05 0.999935
6 0.974051 0.0259492
6 0.994162 0.00583753
6 0.998801 0.00119917
6 0.998552 0.00144849
6 0.842154 0.157846
6 0.987839 0.0121608
9 1.36513e-05 0.999986
6 0.932328 0.0676719
6 0.998578 0.0014222
6 0.960905 0.0390953
9 8.74608e-06 0.999991
9 0.12182 0.87818
6 0.804897 0.195103
6 0.991133 0.00886698
6 0.909122 0.0908784
9 0.00480962 0.99519
6 0.990547 0.00945295
6 0.942149 0.0578505
9 4.17821e-07 1
9 0.0297443 0.970256
9 0.00149713 0.998503
9 0.410592 0.589408
6 0.995965 0.00403529
6 0.995942 0.0040579
6 0.994511 0.00548946
9 4.78283e-05 0.999952
6 0.993703 0.00629695
9 0.184165 0.815835
6 0.988931 0.0110686
6 0.994298 0.00570174
6 0.992141 0.00785862
9 0.198841 0.801159
6 0.992253 0.007747
9 0.0888807 0.911119
9 0.00216959 0.99783
9 0.022333 0.977667
9 1e-07 1
9 0.0608146 0.939185
6 0.98975 0.0102496
6 0.99189 0.00811029
6 0.713877 0.286123
6 0.99825 0.00175022
6 0.987611 0.0123893
6 0.998001 0.00199856
6 0.99402 0.0059798
6 0.966866 0.0331343
9 0.000176216 0.999824
9 0.408463 0.591537
9 1e-07 1
6 0.993295 0.00670451
6 0.992805 0.00719546
9 8.38718e-06 0.999992
6 0.751128 0.248872
6 0.983106 0.0168937
6 0.992697 0.00730319
6 0.997149 0.0028514
6 0.993111 0.0068894
6 0.993401 0.00659892
9 0.0355698 0.96443
6 0.996933 0.00306708
6 0.993348 0.00665151
6 0.996376 0.00362375
6 0.99816 0.00183975
6 0.998123 0.00187706
6 0.997246 0.00275414
6 0.991595 0.00840455
9 3.12267e-06 0.999997
6 0.994087 0.00591284
6 0.986175 0.0138248
9 0.00271213 0.997288
6 0.981409 0.0185913
9 0.0253169 0.974683
9 0.152879 0.847121
6 0.957703 0.0422965
6 0.966762 0.0332376
6 0.959653 0.0403465
6 0.993285 0.00671452
6 0.958229 0.0417712
6 0.986992 0.0130082
6 0.989488 0.0105119
9 2.09356e-06 0.999998
9 0.000835369 0.999165
9 1.86178e-07 1
6 0.998733 0.00126655
6 0.986892 0.0131075
6 0.992468 0.00753175
6 0.994309 0.00569125
6 0.991922 0.00807824
6 0.994061 0.00593924
9 0.455714 0.544286
6 0.994953 0.00504707
6 0.972947 0.0270533
9 1.47638e-05 0.999985
6 0.985654 0.0143457
9 1e-07 1
9 0.00162199 0.998378
9 0.000680257 0.99932
6 0.995038 0.00496214
9 0.0154678 0.984532
6 0.543923 0.456077
6 0.961283 0.0387174
6 0.986236 0.0137636
6 0.760053 0.239947
9 0.000540565 0.999459
6 0.985197 0.0148034
6 0.997816 0.00218355
9 0.112691 0.887309
6 0.991653 0.00834665
6 0.994168 0.00583179
6 0.994076 0.005924
9 0.000980946 0.999019
6 0.980167 0.0198335
6 0.99412 0.00588019
6 0.526838 0.473162
6 0.989673 0.0103269
9 0.0368425 0.963157
9 1e-07 1
9 0.04856 0.95144
9 5.96102e-07 0.999999
9 3.56596e-05 0.999964
6 0.934975 0.0650255
9 0.00498952 0.99501
9 0.00103577 0.998964
9 8.82559e-06 0.999991
6 0.997919 0.0020807
6 0.513024 0.486976
6 0.985009 0.0149909
9 1e-07 1
9 0.000360709 0.999639
9 0.00113317 0.998867
6 0.925933 0.0740668
6 0.985063 0.0149372
6 0.968813 0.0311867
9 0.00772673 0.992273
6 0.960485 0.0395153
6 0.994467 0.00553294
9 0.24666 0.75334
9 0.000364786 0.999635
9 0.000581679 0.999418
9 3.1328e-05 0.999969
9 1e-07 1
9 0.0064347 0.993565
9 1.52713e-06 0.999998
6 0.983714 0.0162857
6 0.6843 0.3157
6 0.99297 0.0070298
6 0.881058 0.118942
9 0.00218026 0.99782
6 0.99132 0.00868004
6 0.963057 0.0369429
9 6.38211e-07 0.999999
6 0.702993 0.297007
9 0.354988 0.645012
9 3.75526e-07 1
6 0.994735 0.00526538
6 0.993397 0.00660264
9 0.000527041 0.999473
9 1.72259e-07 1
6 0.987731 0.012269
6 0.707275 0.292725
9 1.6976e-06 0.999998
6 0.965023 0.0349769
9 0.00201637 0.997984
6 0.990554 0.00944556
9 0.207072 0.792928
9 0.000100861 0.999899
9 1.12003e-05 0.999989
6 0.974519 0.0254806
6 0.654638 0.345362
9 0.000507806 0.999492
6 0.993695 0.00630534
6 0.963324 0.0366757
9 1.29916e-05 0.999987
9 1e-07 1
6 0.690748 0.309252
9 1e-07 1
9 3.80041e-07 1
9 0.0874699 0.91253
6 0.99775 0.00224981
6 0.990744 0.00925614
6 0.996602 0.00339776
9 0.000128302 0.999872
6 0.996458 0.00354195
9 0.0926754 0.907325
6 0.9874 0.0126005
9 0.000504049 0.999496
6 0.995703 0.00429726
6 0.998013 0.00198678
6 0.982677 0.0173226
6 0.992096 0.00790353
6 0.996454 0.0035464
6 0.989768 0.0102318
6 0.849146 0.150854
6 0.922423 0.0775769
9 0.0356741 0.964326
9 4.44558e-05 0.999956
9 0.0161982 0.983802
6 0.99686 0.00314013
9 0.00262191 0.997378
6 0.508561 0.491439
6 0.996735 0.00326475
6 0.993253 0.00674747
6 0.994696 0.00530426
6 0.991127 0.00887278
6 0.995989 0.00401148
6 0.99704 0.00296003
6 0.977652 0.0223483
6 0.993355 0.0066447
9 2.42286e-05 0.999976
6 0.99236 0.0076398
9 2.46634e-06 0.999998
6 0.994729 0.00527064
6 0.988739 0.0112614
9 0.0194547 0.980545
6 0.991131 0.00886858
6 0.98603 0.0139702
6 0.993959 0.00604139
6 0.999057 0.00094266
9 0.088782 0.911218
6 0.533252 0.466748
6 0.986208 0.0137916
6 0.994056 0.00594429
6 0.735188 0.264812
9 1.10194e-05 0.999989
6 0.977177 0.0228227
6 0.977626 0.0223741
9 0.00425825 0.995742
9 1e-07 1
6 0.989411 0.010589
6 0.98887 0.0111302
9 0.45196 0.54804
9 0.304945 0.695055
6 0.99365 0.00635046
6 0.992737 0.00726349
6 0.907617 0.0923826
6 0.993735 0.0062646
9 0.000147295 0.999853
9 0.0149661 0.985034
6 0.985716 0.0142844
6 0.993136 0.00686402
9 0.107621 0.892379
6 0.739738 0.260262
6 0.995052 0.00494817
6 0.96302 0.0369797
6 0.992088 0.00791249
6 0.99183 0.00816986
6 0.975129 0.0248706
6 0.979125 0.0208748
9 0.356716 0.643284
6 0.99405 0.00594964
6 0.955681 0.0443194
9 0.00895876 0.991041
6 0.986579 0.0134207
6 0.998506 0.0014942
6 0.993923 0.00607692
6 0.975527 0.0244726
9 0.464432 0.535568
9 0.11077 0.88923
9 0.355456 0.644544
6 0.780629 0.219371
9 0.0854566 0.914543
6 0.999346 0.000654183
6 0.997773 0.00222661
6 0.905177 0.0948232
6 0.993446 0.00655446
9 0.0349738 0.965026
6 0.983243 0.016757
6 0.991792 0.00820792
6 0.976331 0.0236689
6 0.981056 0.0189439
6 0.962906 0.0370938
6 0.99709 0.00290992
6 0.737204 0.262796
9 1e-07 1
6 0.99518 0.00482043
9 0.40405 0.59595
6 0.987762 0.0122377
9 0.00221157 0.997788
6 0.991448 0.00855194
6 0.995103 0.00489747
9 2.06832e-06 0.999998
9 0.150744 0.849256
9 0.00123052 0.998769
6 0.78441 0.21559
6 0.979845 0.0201549
6 0.981413 0.018587
6 0.998182 0.00181822
6 0.989021 0.0109791
6 0.981508 0.0184917
6 0.99273 0.0072703
9 0.139625 0.860375
9 8.43425e-07 0.999999
9 1e-07 1
9 0.000144464 0.999856
6 0.997907 0.00209262
9 0.000691608 0.999308
6 0.992538 0.00746236
9 0.0235459 0.976454
6 0.977035 0.0229652
6 0.993204 0.00679622
6 0.997155 0.00284459
9 0.00578858 0.994211
6 0.994345 0.00565463
9 1.61668e-06 0.999998
6 0.997217 0.00278254
6 0.886829 0.113171
6 0.993533 0.00646699
6 0.994819 0.00518121
6 0.964055 0.035945
9 8.67894e-07 0.999999
6 0.980894 0.019106
6 0.994052 0.00594776
6 0.994475 0.0055247
9 3.60156e-05 0.999964
6 0.99018 0.00981953
6 0.98392 0.0160803
6 0.986731 0.0132692
6 0.997362 0.00263796
6 0.992559 0.0074414
9 1e-07 1
6 0.964298 0.0357016
6 0.977839 0.0221611
9 0.00203772 0.997962
9 1e-07 1
9 0.210678 0.789322
6 0.986834 0.0131662
9 0.0283567 0.971643
6 0.599115 0.400885
6 0.990254 0.00974615
9 0.011655 0.988345
9 0.161071 0.838929
9 0.0009476 0.999052
6 0.994897 0.00510349
6 0.990453 0.00954689
9 0.00127138 0.998729
6 0.996265 0.00373517
6 0.9984 0.00159979
6 0.980131 0.019869
6 0.993713 0.00628715
9 0.000719382 0.999281
9 0.136974 0.863026
6 0.974952 0.0250481
6 0.986498 0.0135022
6 0.975113 0.0248869
6 0.982673 0.0173269
6 0.993537 0.00646341
9 1.17501e-05 0.999988
6 0.994464 0.00553586
9 1e-07 1
9 1e-07 1
6 0.986073 0.0139274
6 0.988101 0.0118987
6 0.996625 0.00337518
9 0.00105383 0.998946
6 0.985595 0.0144052
9 0.000591947 0.999408
6 0.992917 0.00708319
9 0.277585 0.722415
9 0.302129 0.697871
6 0.98629 0.0137098
6 0.986455 0.0135449
6 0.993307 0.00669266
9 8.71233e-07 0.999999
6 0.993524 0.0064756
6 0.993447 0.00655284
6 0.988324 0.0116763
6 0.992686 0.00731445
9 0.000306853 0.999693
9 5.3119e-07 0.999999
9 0.219482 0.780518
6 0.995955 0.0040448
9 0.000899934 0.9991
9 0.00346405 0.996536
6 0.991633 0.00836712
6 0.989495 0.0105046
9 1e-07 1
9 0.00372308 0.996277
9 1.8917e-05 0.999981
6 0.995264 0.00473637
6 0.99802 0.00198022
9 1.64271e-05 0.999984
9 0.00283988 0.99716
6 0.907483 0.0925167
9 0.00133395 0.998666
9 1.04166e-05 0.99999
9 1e-07 1
6 0.786247 0.213753
6 0.990878 0.00912184
6 0.994299 0.00570131
9 0.135522 0.864478
6 0.99003 0.00997024
6 0.969999 0.0300007
9 7.92871e-05 0.999921
9 0.000687766 0.999312
6 0.992888 0.00711209
9 0.439452 0.560548
9 4.72722e-07 1
9 0.208718 0.791282
9 7.36338e-06 0.999993
6 0.993656 0.0063436
9 0.00980607 0.990194
6 0.996078 0.00392183
6 0.988117 0.0118829
9 0.00176185 0.998238
9 1.56116e-07 1
6 0.998441 0.00155879
9 0.000342642 0.999657
9 0.016479 0.983521
6 0.993517 0.00648293
6 0.993744 0.00625645
9 1.04003e-06 0.999999
9 0.0745756 0.925424
6 0.989609 0.010391
6 0.998731 0.00126873
6 0.937848 0.0621518
9 0.0712222 0.928778
6 0.963857 0.0361432
6 0.99403 0.00596976
6 0.989756 0.0102438
9 1e-07 1
6 0.990277 0.00972287
6 0.548012 0.451988
9 1e-07 1
9 1e-07 1
6 0.995429 0.00457084
6 0.995448 0.00455203
6 0.990283 0.00971663
6 0.994254 0.0057462
6 0.96731 0.0326899
9 1e-07 1
6 0.995537 0.00446261
6 0.94753 0.0524704
6 0.988636 0.0113644
6 0.99432 0.00567956
6 0.993315 0.00668451
6 0.991648 0.00835218
6 0.996771 0.00322904
6 0.998516 0.00148367
6 0.99458 0.00542038
6 0.996626 0.00337396
9 1e-07 1
6 0.994231 0.00576896
6 0.97049 0.02951
9 0.296742 0.703258
9 0.390244 0.609756
9 0.000436106 0.999564
6 0.967327 0.0326728
6 0.827995 0.172005
6 0.994627 0.00537327
6 0.993618 0.006382
6 0.940138 0.0598615
6 0.969925 0.030075
9 0.00126697 0.998733
6 0.993096 0.00690404
6 0.998291 0.00170871
6 0.993281 0.00671876
6 0.943887 0.0561134
6 0.98071 0.0192901
9 0.135541 0.864459
6 0.96127 0.0387302
9 0.479014 0.520986
6 0.562932 0.437068
6 0.996988 0.00301203
6 0.997877 0.00212333
6 0.975641 0.024359
9 0.00089409 0.999106
9 1e-07 1
9 1e-07 1
6 0.88832 0.11168
6 0.995963 0.00403716
6 0.997547 0.00245348
6 0.973537 0.026463
6 0.998277 0.00172329
6 0.992195 0.00780482
9 1.96825e-05 0.99998
6 0.984147 0.0158532
9 1e-07 1
9 0.00525583 0.994744
6 0.503638 0.496362
6 0.985566 0.014434
9 0.416682 0.583318
6 0.990886 0.00911447
6 0.998302 0.00169777
9 3.76403e-05 0.999962
6 0.99379 0.00620962
9 0.0194602 0.98054
9 0.000240392 0.99976
9 0.000910186 0.99909
6 0.987441 0.0125587
9 1e-07 1
6 0.991379 0.00862085
6 0.970647 0.0293527
6 0.993192 0.00680795
6 0.85135 0.14865
6 0.986861 0.013139
6 0.997175 0.00282489
9 0.078869 0.921131
9 0.0061724 0.993828
9 0.420013 0.579987
6 0.993266 0.00673429
9 0.183419 0.816581
9 0.000254955 0.999745
6 0.993567 0.00643252
9 0.42132 0.57868
6 0.971877 0.0281233
9 4.52703e-05 0.999955
6 0.994494 0.00550599
9 0.10869 0.89131
9 0.00114382 0.998856
6 0.994681 0.00531857
6 0.986142 0.0138578
9 0.00169487 0.998305
6 0.988092 0.0119081
6 0.963552 0.0364484
6 0.999604 0.000395659
6 0.982848 0.0171522
9 1e-07 1
9 1e-07 1
9 0.184328 0.815672
6 0.998072 0.00192786
6 0.994064 0.00593564
6 0.994384 0.0056157
6 0.997667 0.00233288
6 0.999196 0.000803835
9 0.164902 0.835098
6 0.828032 0.171968
6 0.974185 0.0258148
9 8.49233e-05 0.999915
6 0.76297 0.23703
9 0.0958516 0.904148
6 0.991812 0.00818763
6 0.519614 0.480386
6 0.981351 0.0186489
6 0.995277 0.00472345
6 0.989583 0.0104175
6 0.978213 0.0217872
6 0.976244 0.0237564
6 0.989272 0.0107284
6 0.998107 0.00189279
6 0.990686 0.00931375
9 1e-07 1
6 0.728992 0.271008
6 0.994833 0.00516741
6 0.987529 0.0124707
9 0.00158408 0.998416
6 0.952034 0.0479664
9 0.00177183 0.998228
6 0.931697 0.0683031
9 4.63952e-06 0.999995
9 0.229404 0.770596
6 0.984012 0.0159883
6 0.92249 0.0775104
6 0.99344 0.00655967
9 1e-07 1
6 0.997669 0.0023311
6 0.981255 0.0187454
9 2.47084e-05 0.999975
6 0.93567 0.0643297
6 0.990346 0.0096537
9 1e-07 1
6 0.972027 0.027973
9 0.109615 0.890385
6 0.950698 0.049302
9 1e-07 1
6 0.99401 0.00598989
6 0.940178 0.0598222
6 0.998034 0.00196588
9 3.6719e-06 0.999996
6 0.993943 0.00605729
6 0.969657 0.030343
9 1e-07 1
6 0.992053 0.00794705
9 1.85112e-07 1
6 0.993775 0.00622521
6 0.983177 0.016823
6 0.993005 0.00699519
6 0.994909 0.00509105
6 0.698718 0.301282
6 0.991441 0.00855905
9 3.67744e-05 0.999963
9 0.0852018 0.914798
6 0.975166 0.0248343
6 0.979594 0.0204063
9 0.000452452 0.999548
6 0.977996 0.0220037
6 0.991485 0.00851547
6 0.64076 0.35924
6 0.976644 0.0233556
6 0.983132 0.0168683
9 7.9532e-06 0.999992
9 0.0665102 0.93349
9 2.73067e-05 0.999973
6 0.951768 0.0482324
6 0.994569 0.00543104
9 3.65667e-06 0.999996
6 0.991859 0.00814093
6 0.989653 0.0103467
6 0.998131 0.00186891
6 0.997722 0.00227788
9 8.47113e-05 0.999915
9 0.000910505 0.999089
6 0.99623 0.00377028
9 4.96881e-06 0.999995
9 0.000204769 0.999795
9 0.154649 0.845351
9 7.57446e-06 0.999992
9 0.00739049 0.99261
6 0.994352 0.00564846
6 0.998784 0.00121558
6 0.993887 0.00611315
9 0.00887065 0.991129
6 0.972175 0.0278254
9 0.000164386 0.999836
6 0.995199 0.00480078
6 0.941757 0.0582434
6 0.955742 0.0442583
6 0.746334 0.253666
9 2.56258e-05 0.999974
6 0.997074 0.00292608
6 0.992348 0.00765161
6 0.978908 0.0210916
9 0.094556 0.905444
9 0.344758 0.655242
9 8.99044e-05 0.99991
6 0.968373 0.0316272
6 0.996406 0.00359382
6 0.994844 0.00515558
6 0.996016 0.00398358
6 0.959686 0.0403145
6 0.986954 0.0130455
9 0.099719 0.900281
9 0.19211 0.80789
9 0.00337057 0.996629
6 0.995127 0.00487325
6 0.968113 0.0318871
6 0.989922 0.0100775
6 0.965591 0.034409
6 0.976768 0.0232318
6 0.964544 0.0354557
6 0.995445 0.00455494
9 0.0253185 0.974681
9 5.44866e-05 0.999946
6 0.983773 0.0162272
6 0.993505 0.00649521
9 1e-07 1
6 0.979 0.0209999
6 0.724749 0.275251
9 0.00578305 0.994217
6 0.99635 0.0036496
9 0.0594618 0.940538
6 0.994398 0.00560202
6 0.975518 0.0244821
6 0.980489 0.0195106
6 0.994632 0.00536838
9 1e-07 1
6 0.909569 0.0904306
6 0.991993 0.00800716
6 0.997792 0.00220829
6 0.93112 0.0688799
6 0.99025 0.00974999
6 0.975576 0.0244243
6 0.659663 0.340337
6 0.986625 0.0133746
6 0.991079 0.00892057
9 0.0875508 0.912449
6 0.974356 0.025644
9 0.000536627 0.999463
9 0.0295505 0.97045
6 0.968425 0.0315748
6 0.99225 0.00774953
6 0.988082 0.0119183
6 0.993954 0.00604564
6 0.993587 0.00641254
6 0.993288 0.00671217
6 0.990122 0.00987828
6 0.948458 0.0515419
6 0.998736 0.00126352
9 0.00585257 0.994147
9 0.0817915 0.918209
9 0.000296759 0.999703
9 1e-07 1
9 1.12828e-06 0.999999
6 0.991675 0.00832459
9 0.000495485 0.999505
6 0.993239 0.00676104
6 0.993984 0.00601562
6 0.995662 0.00433802
6 0.94963 0.0503705
6 0.99153 0.00847015
6 0.947154 0.052846
9 0.0791692 0.920831
6 0.998817 0.00118331
9 0.024467 0.975533
6 0.997671 0.00232914
6 0.993428 0.00657165
6 0.993551 0.00644888
6 0.922548 0.077452
6 0.994017 0.00598336
6 0.830269 0.169731
6 0.993808 0.00619214
6 0.934317 0.0656835
9 0.0150105 0.984989
9 0.00168334 0.998317
9 0.180522 0.819478
6 0.992979 0.00702055
6 0.998019 0.00198114
9 0.000404379 0.999596
6 0.987448 0.0125521
6 0.953448 0.0465521
9 0.358116 0.641884
6 0.994408 0.00559245
9 1.85841e-07 1
6 0.983593 0.0164069
6 0.99863 0.00137005
6 0.972312 0.0276879
6 0.982661 0.0173393
6 0.99838 0.0016205
6 0.991861 0.00813912
9 0.00137299 0.998627
9 1e-07 1
9 0.391429 0.608571
6 0.993367 0.00663275
6 0.993982 0.00601774
6 0.99265 0.00734965
6 0.986058 0.0139424
6 0.984259 0.0157414
9 0.000463949 0.999536
6 0.754191 0.245809
9 0.207995 0.792005
9 0.0138253 0.986175
9 0.0146349 0.985365
6 0.993062 0.00693787
6 0.957048 0.0429519
9 0.00935174 0.990648
6 0.994882 0.00511772
6 0.995161 0.00483946
6 0.586697 0.413303
6 0.980594 0.0194057
6 0.992787 0.00721275
9 0.0797686 0.920231
9 0.00016912 0.999831
6 0.98703 0.0129704
6 0.993066 0.00693365
6 0.979663 0.0203374
9 0.447406 0.552594
6 0.990655 0.00934488
9 0.00131811 0.998682
9 0.000566289 0.999434
6 0.992865 0.00713544
9 0.000287417 0.999713
9 0.00168249 0.998318
6 0.991176 0.00882399
9 0.0595372 0.940463
6 0.987765 0.0122352
6 0.992756 0.00724366
6 0.962176 0.0378236
6 0.992365 0.00763547
6 0.867994 0.132006
6 0.983912 0.016088
6 0.994735 0.00526505
6 0.994526 0.00547367
6 0.952713 0.047287
6 0.990825 0.00917544
9 0.0490956 0.950904
9 0.239136 0.760864
6 0.988439 0.0115612
6 0.992327 0.00767346
6 0.985329 0.0146709
6 0.974495 0.0255052
6 0.990911 0.00908872
6 0.992077 0.00792331
6 0.987331 0.0126694
6 0.9936 0.00640045
9 0.378814 0.621186
6 0.997946 0.00205408
6 0.993935 0.00606494
9 0.119907 0.880093
6 0.99426 0.0057404
6 0.994547 0.00545312
9 0.241649 0.758351
9 3.05504e-07 1
6 0.90162 0.0983799
9 0.00151533 0.998485
6 0.993163 0.00683706
6 0.992791 0.0072087
9 0.000585013 0.999415
6 0.993034 0.00696574
6 0.993455 0.0065454
6 0.993027 0.00697267
9 4.76875e-07 1
9 1e-07 1
9 0.000109309 0.999891
6 0.548729 0.451271
6 0.632832 0.367168
6 0.993642 0.00635769
9 1e-07 1
6 0.709978 0.290022
9 0.267377 0.732623
6 0.99729 0.00270957
9 3.03416e-06 0.999997
6 0.998033 0.00196693
6 0.993864 0.00613602
6 0.947769 0.0522314
6 0.976106 0.0238943
9 0.0552739 0.944726
6 0.694098 0.305902
6 0.955477 0.0445227
9 0.0057875 0.994213
6 0.997687 0.00231278
9 6.04123e-05 0.99994
9 5.52389e-05 0.999945
9 0.0393227 0.960677
6 0.994862 0.00513825
6 0.99432 0.0056797
6 0.997885 0.00211499
9 0.215968 0.784032
9 0.019538 0.980462
6 0.991531 0.00846919
6 0.992769 0.00723103
9 4.06814e-05 0.999959
9 0.067392 0.932608
6 0.993503 0.00649734
9 0.0115622 0.988438
6 0.98813 0.0118699
9 0.244977 0.755023
9 0.0109124 0.989088
6 0.993678 0.0063218
6 0.996044 0.00395572
9 0.00836277 0.991637
9 0.146606 0.853394
9 0.352782 0.647218
9 1e-07 1
6 0.984109 0.0158914
9 0.034874 0.965126
6 0.758184 0.241816
6 0.967821 0.0321794
6 0.975634 0.0243664
6 0.992565 0.00743501
6 0.975736 0.0242636
9 0.00944512 0.990555
9 0.026101 0.973899
6 0.992935 0.0070651
6 0.994084 0.00591635
6 0.986268 0.0137315
9 1.18567e-06 0.999999
9 0.00118261 0.998817
9 1e-07 1
6 0.982151 0.0178494
6 0.986353 0.0136473
9 0.00142339 0.998577
9 0.162561 0.837439
9 2.30303e-05 0.999977
9 9.21095e-06 0.999991
9 0.0881279 0.911872
6 0.990181 0.00981867
6 0.97258 0.0274195
6 0.987846 0.0121542
9 0.410967 0.589033
6 0.992425 0.00757498
6 0.793291 0.206709
6 0.994025 0.00597484
9 1e-07 1
6 0.97989 0.0201098
6 0.994412 0.00558846
6 0.991927 0.00807301
9 1e-07 1
6 0.986526 0.013474
6 0.964711 0.0352893
6 0.993762 0.00623802
6 0.991914 0.00808559
6 0.996204 0.00379559
9 2.4682e-06 0.999998
9 1e-07 1
6 0.988524 0.0114759
6 0.995434 0.00456621
6 0.677403 0.322597
6 0.989256 0.010744
9 0.00364067 0.996359
9 0.0236639 0.976336
6 0.920625 0.0793746
6 0.878575 0.121425
9 0.120229 0.879771
6 0.993966 0.00603417
6 0.993522 0.00647776
6 0.985937 0.0140634
9 0.271125 0.728875
6 0.985296 0.014704
6 0.998373 0.00162668
6 0.993497 0.0065034
6 0.998305 0.00169488
6 0.991643 0.00835708
9 1e-07 1
9 0.388606 0.611394
6 0.985891 0.014109
6 0.996324 0.00367607
6 0.986923 0.0130771
9 0.0474116 0.952588
9 6.38613e-07 0.999999
9 1e-07 1
6 0.993358 0.00664239
6 0.99907 0.000929855
9 0.388466 0.611534
9 1e-07 1
6 0.980442 0.019558
6 0.990486 0.00951396
9 0.0146485 0.985352
9 0.000228477 0.999772
6 0.987334 0.0126664
6 0.993814 0.00618564
9 0.0350946 0.964905
6 0.996326 0.00367421
6 0.996155 0.00384457
6 0.99332 0.00667985
6 0.985999 0.0140012
6 0.811589 0.188411
6 0.986483 0.0135165
6 0.965213 0.0347865
9 0.000590963 0.999409
6 0.95095 0.0490497
6 0.961158 0.0388417
9 0.0277377 0.972262
9 0.0761523 0.923848
6 0.991443 0.00855722
6 0.982149 0.0178509
9 1.24625e-05 0.999988
6 0.998573 0.00142673
9 5.50712e-07 0.999999
6 0.932 0.0679996
6 0.954169 0.0458312
9 0.00617654 0.993823
6 0.99207 0.00793011
6 0.715386 0.284614
6 0.994568 0.00543168
6 0.996847 0.00315321
6 0.989806 0.0101941
6 0.979878 0.0201218
