labels 10 9
10 1 1e-07
10 1 1e-07
10 1 1e-07
9 2.5303e-05 0.999975
9 0.000743955 0.999256
10 0.999997 2.53664e-06
10 0.999989 1.05566e-05
10 1 2.20245e-07
9 0.239431 0.760569
9 8.60845e-07 0.999999
9 0.00036815 0.999632
10 1 1e-07
10 1 2.7171e-07
10 1 1e-07
10 0.999984 1.64367e-05
9 3.24688e-05 0.999968
10 0.999885 0.000115158
10 0.999996 4.10763e-06
10 1 1e-07
10 0.999812 0.000188345
10 1 1e-07
10 1 1e-07
10 1 1e-07
10 1 1e-07
10 1 1e-07
10 1 1e-07
10 1 2.91972e-07
10 1 1e-07
10 1 1.89124e-07
10 1 1e-07
9 0.000296299 0.999704
10 0.999867 0.000132855
10 0.999994 6.14383e-06
10 0.998653 0.00134742
10 0.999909 9.12801e-05
10 0.999941 5.92682e-05
10 1 1.88016e-07
10 1 1e-07
9 0.295374 0.704626
10 1 1e-07
10 1 1e-07
9 0.0854966 0.914503
10 0.999999 7.66286e-07
10 1 1e-07
10 1 1e-07
10 1 1e-07
10 0.999992 8.11488e-06
10 0.999997 2.61843e-06
10 1 1e-07
10 1 1e-07
10 0.998705 0.00129463
9 0.000788153 0.999212
10 0.887264 0.112736
10 0.999993 7.06761e-06
10 0.999999 5.34376e-07
10 0.999993 7.36476e-06
10 0.999998 1.65905e-06
10 1 1e-07
10 1 1e-07
10 1 1.61026e-07
10 0.999802 0.000197506
10 1 1e-07
10 1 1e-07
10 0.999997 3.10131e-06
9 0.00118314 0.998817
9 3.61621e-05 0.999964
10 0.999998 2.07245e-06
10 1 1e-07
10 0.999994 5.66916e-06
10 0.999861 0.000139092
10 1 1e-07
10 0.999869 0.000131203
10 0.999992 7.59657e-06
10 0.999995 5.39416e-06
10 0.999793 0.000206672
9 0.000857156 0.999143
10 0.999998 2.38766e-06
10 1 1e-07
10 1 1e-07
10 0.999987 1.34698e-05
10 1 1e-07
10 1 1e-07
9 0.00060441 0.999396
10 0.999991 9.27941e-06
10 0.999987 1.25724e-05
10 0.999992 8.38796e-06
10 0.99999 1.04249e-05
10 1 1e-07
10 1 1e-07
10 1 1e-07
9 4.51019e-06 0.999995
10 1 1.22444e-07
10 0.999946 5.44757e-05
10 0.999999 5.75313e-07
10 0.999982 1.81781e-05
9 7.45362e-05 0.999925
10 1 1e-07
10 1 1e-07
10 0.999643 0.000356612
10 1 1e-07
10 1 1e-07
10 1 1e-07
10 0.999919 8.07593e-05
10 1 1.05495e-07
10 1 1e-07
9 0.00020254 0.999797
10 0.976031 0.0239695
10 0.999996 3.50005e-06
10 0.999994 5.82631e-06
10 0.999986 1.35344e-05
10 0.999994 5.86379e-06
10 0.999885 0.000115357
10 1 1e-07
10 1 1e-07
10 1 1e-07
10 1 1e-07
10 1 1e-07
10 0.998313 0.00168666
10 1 1e-07
10 0.999995 5.24646e-06
10 0.999999 8.88337e-07
10 1 1e-07
10 0.999629 0.00037062
10 0.999999 6.14671e-07
10 1 1e-07
10 0.999999 5.7577e-07
10 0.999985 1.5068e-05
10 0.999999 5.14334e-07
10 1 1e-07
10 1 2.8006e-07
10 0.99996 3.98757e-05
10 0.999969 3.1002e-05
10 1 1e-07
10 1 3.33096e-07
10 0.999309 0.000690539
10 0.999886 0.000113664
10 0.999965 3.54359e-05
10 1 1e-07
10 0.960932 0.0390684
10 0.999996 4.45367e-06
10 1 1e-07
10 0.999691 0.000309106
10 0.999992 8.36539e-06
10 1 1e-07
10 1 1e-07
10 0.999984 1.63691e-05
10 0.999997 3.23625e-06
10 0.99987 0.000130075
10 1 2.57074e-07
10 0.998163 0.00183693
10 0.999997 2.63505e-06
10 1 2.39372e-07
10 0.999999 1.13048e-06
10 1 4.876e-07
10 0.999953 4.70822e-05
10 1 1e-07
10 0.999983 1.66881e-05
10 1 1.29841e-07
10 0.999994 5.96761e-06
10 1 2.14372e-07
10 0.993576 0.00642412
10 0.999666 0.00033382
9 0.00010916 0.999891
10 1 1e-07
10 1 1.49282e-07
10 0.999938 6.15238e-05
10 0.999992 8.33296e-06
10 0.999887 0.000113456
10 1 1e-07
9 0.00272884 0.997271
9 0.043178 0.956822
10 0.999991 8.53417e-06
10 1 1e-07
10 1 1e-07
10 1 1e-07
10 1 2.97488e-07
10 0.99751 0.00248968
10 0.999993 7.31566e-06
10 0.999998 2.47211e-06
10 1 1e-07
9 0.00147936 0.998521
10 0.999996 3.70541e-06
10 1 1e-07
10 1 1e-07
10 0.999999 6.72716e-07
10 1 1e-07
10 1 1e-07
10 1 1e-07
10 1 1e-07
10 1 4.7592e-07
10 0.999951 4.92831e-05
10 0.998249 0.0017515
10 1 1.7694e-07
10 0.913282 0.0867182
10 0.999946 5.44714e-05
10 0.999989 1.12716e-05
10 1 1e-07
10 0.999863 0.000137483
10 1 1.29861e-07
10 1 1e-07
10 0.993232 0.00676817
10 1 1e-07
10 0.999977 2.30542e-05
10 1 1e-07
10 0.999971 2.8912e-05
9 1.99421e-05 0.99998
10 1 1e-07
10 0.999991 8.54422e-06
10 1 1e-07
10 1 1e-07
10 0.999991 9.46239e-06
10 1 1e-07
10 1 1e-07
10 0.999909 9.05755e-05
10 0.999589 0.000410892
10 0.99997 3.01746e-05
10 0.995926 0.00407379
10 1 1e-07
10 0.999939 6.12542e-05
10 0.999991 8.77186e-06
10 0.999987 1.25619e-05
9 9.04342e-06 0.999991
10 1 1e-07
10 1 1e-07
10 0.999997 2.82294e-06
10 1 1e-07
10 1 1e-07
10 0.999998 1.98279e-06
10 0.999954 4.61284e-05
10 1 1e-07
10 1 1e-07
9 0.000195086 0.999805
10 1 1e-07
10 1 1e-07
10 0.999997 3.05571e-06
10 1 2.1178e-07
10 1 1e-07
10 1 1e-07
10 1 3.30621e-07
10 1 1e-07
10 1 1e-07
10 1 1e-07
9 0.000131764 0.999868
10 0.999766 0.000233531
10 0.999778 0.000221722
10 1 1e-07
10 1 1.6276e-07
10 1 1e-07
10 0.981947 0.018053
10 0.99999 1.01151e-05
10 0.999986 1.36688e-05
10 0.999889 0.000110647
10 1 1e-07
10 0.999976 2.3561e-05
10 0.999996 4.02642e-06
10 1 1e-07
10 0.999997 2.52159e-06
10 1 1e-07
10 0.999127 0.000872876
10 1 1e-07
10 0.999729 0.000271455
10 1 1e-07
10 0.999991 8.65173e-06
10 1 1e-07
9 0.00017782 0.999822
10 1 1e-07
9 0.000509701 0.99949
10 0.999999 7.08266e-07
10 0.999996 4.14191e-06
10 1 1e-07
10 1 1e-07
10 0.999946 5.42596e-05
10 1 1.51758e-07
10 1 1e-07
10 1 1e-07
10 0.999959 4.08981e-05
10 0.999998 1.62286e-06
10 0.999998 1.73962e-06
10 0.999983 1.74103e-05
9 6.62634e-06 0.999993
10 1 3.06707e-07
10 1 1e-07
10 0.999992 7.90174e-06
10 0.999987 1.28033e-05
10 1 1e-07
10 1 1e-07
10 1 1e-07
10 1 1e-07
10 0.999971 2.8871e-05
10 0.999955 4.47502e-05
10 0.999947 5.32281e-05
10 1 1e-07
10 1 1e-07
10 0.999996 4.03827e-06
10 0.999993 7.10557e-06
10 1 1e-07
10 1 1e-07
10 0.994616 0.00538415
10 0.999995 4.56079e-06
10 0.99999 1.01409e-05
10 0.980775 0.0192251
10 0.999966 3.39559e-05
10 1 1e-07
10 1 1e-07
10 1 3.41982e-07
10 0.999003 0.000997394
10 1 1e-07
10 1 1e-07
9 0.0153065 0.984693
10 0.999994 6.3936e-06
10 1 1e-07
10 1 4.53172e-07
10 0.999577 0.000423215
10 1 1e-07
10 1 1e-07
10 0.999999 6.74546e-07
10 0.999999 1.14502e-06
9 0.0036108 0.996389
10 1 1e-07
10 1 1.58632e-07
10 0.999992 8.32214e-06
10 1 1e-07
10 1 1e-07
10 0.9995 0.000500352
10 0.999999 9.41045e-07
10 1 1e-07
10 1 1e-07
10 1 3.44293e-07
10 1 1e-07
10 1 1e-07
10 0.999903 9.74433e-05
10 0.999996 3.86498e-06
10 1 1e-07
10 0.999993 7.28917e-06
10 1 1e-07
10 1 1e-07
10 0.999907 9.34353e-05
9 2.99189e-05 0.99997
10 1 1e-07
10 1 1e-07
10 1 1e-07
10 0.999995 4.52507e-06
10 1 1e-07
10 1 1e-07
10 0.999964 3.58619e-05
9 7.47173e-05 0.999925
10 1 1e-07
10 0.999899 0.000101291
10 0.999955 4.52117e-05
10 1 1e-07
10 0.99992 8.04615e-05
10 0.999999 8.84242e-07
10 0.999813 0.000186754
10 0.999962 3.76544e-05
10 0.999995 4.93345e-06
10 1 1e-07
10 0.999674 0.000325843
10 0.999998 1.77599e-06
9 5.81029e-05 0.999942
10 1 1e-07
10 0.999997 3.4003e-06
10 0.999987 1.31232e-05
10 0.999942 5.82384e-05
10 0.999994 6.28767e-06
9 0.0120636 0.987936
10 1 1e-07
10 1 2.9705e-07
10 1 1e-07
10 1 1e-07
10 1 1e-07
10 0.999766 0.000233804
10 1 1e-07
10 0.999995 5.11036e-06
10 1 1e-07
10 0.999931 6.91117e-05
10 1 1e-07
10 0.999767 0.000233081
10 0.999926 7.36286e-05
10 1 1e-07
9 1.60083e-05 0.999984
10 1 1e-07
10 0.999976 2.44243e-05
10 1 1e-07
10 1 1e-07
10 0.999997 3.02044e-06
10 1 1e-07
10 1 1e-07
10 1 1e-07
10 0.999998 1.60594e-06
10 1 1e-07
10 1 1e-07
10 1 2.76878e-07
10 0.999214 0.000786362
9 3.17886e-05 0.999968
10 0.999994 6.01214e-06
10 1 1e-07
10 1 1e-07
10 1 1e-07
10 1 1e-07
10 1 1e-07
10 1 1e-07
10 1 1e-07
10 1 1.16488e-07
10 0.999618 0.000381548
10 0.999976 2.41362e-05
10 0.999524 0.000475607
9 2.44934e-06 0.999998
10 1 1e-07
10 1 1e-07
10 0.99946 0.000539747
10 1 1e-07
10 0.999999 1.02593e-06
10 0.999996 4.15981e-06
10 1 1e-07
10 0.999708 0.000292269
9 3.99281e-07 1
10 1 1e-07
10 0.99999 1.00585e-05
10 0.999997 2.5589e-06
9 8.45647e-05 0.999915
10 1 1e-07
10 0.99999 9.97486e-06
10 1 1e-07
10 0.999816 0.000183956
10 1 1e-07
9 2.20451e-06 0.999998
10 0.999994 6.19426e-06
10 1 1e-07
10 0.99889 0.00110983
10 1 1e-07
10 1 1e-07
10 0.998857 0.00114322
10 1 1e-07
9 0.00222818 0.997772
10 1 1e-07
10 0.998299 0.0017008
10 0.999974 2.56911e-05
10 1 1e-07
10 1 2.6393e-07
10 1 1e-07
10 0.999541 0.000459093
10 0.999904 9.56998e-05
10 0.998151 0.00184886
10 1 1e-07
10 0.999995 5.03984e-06
10 1 1e-07
10 0.999997 2.75996e-06
9 0.000319395 0.999681
10 1 4.45525e-07
10 1 1e-07
10 0.999989 1.11149e-05
10 1 1e-07
10 0.999686 0.000314154
10 1 1e-07
10 0.999999 5.17531e-07
10 0.999995 4.53621e-06
10 1 1e-07
10 1 1e-07
10 0.999792 0.00020772
9 4.71187e-05 0.999953
10 1 1e-07
10 1 1e-07
10 0.999987 1.25752e-05
10 1 1e-07
10 1 1e-07
10 1 1e-07
9 0.000370656 0.999629
10 1 1e-07
10 1 1e-07
10 0.9999 0.000100055
10 0.999948 5.20291e-05
10 1 1e-07
10 0.978022 0.0219782
10 0.99709 0.00290954
10 1 1e-07
10 1 1e-07
10 1 2.41108e-07
10 0.99975 0.000250352
10 0.999999 9.10627e-07
10 0.999926 7.36236e-05
10 1 1e-07
10 1 1e-07
10 1 1e-07
10 0.99961 0.00039011
10 0.999953 4.68054e-05
10 0.993014 0.00698552
10 1 1e-07
10 1 1e-07
10 0.999579 0.000420626
9 0.333698 0.666302
10 0.999999 1.24965e-06
10 0.867446 0.132554
10 0.999744 0.000255601
10 1 1e-07
10 1 4.91354e-07
10 0.999998 2.26787e-06
10 0.999993 7.34859e-06
10 0.999973 2.72018e-05
10 0.975721 0.0242785
10 1 1e-07
10 0.998148 0.00185229
9 0.197062 0.802938
10 0.999968 3.18768e-05
10 0.999967 3.28556e-05
10 0.999997 2.98742e-06
10 1 1e-07
10 1 2.23461e-07
10 1 1e-07
9 0.00021199 0.999788
10 1 1e-07
10 1 1e-07
10 0.999952 4.83962e-05
9 0.377859 0.622141
10 1 1e-07
10 1 1e-07
10 0.999951 4.86763e-05
10 1 1e-07
10 1 1e-07
9 8.80353e-07 0.999999
10 0.999999 5.669e-07
10 1 1e-07
10 1 1e-07
9 4.84348e-06 0.999995
10 1 1e-07
10 1 1e-07
10 1 1e-07
10 1 1e-07
9 0.000487105 0.999513
10 1 2.52861e-07
10 1 1e-07
10 1 1e-07
10 0.999985 1.53132e-05
10 0.999992 8.40475e-06
10 0.984414 0.0155857
10 0.999696 0.000304197
10 0.999998 1.61943e-06
10 0.999999 8.05309e-07
10 1 1e-07
10 1 1e-07
9 1.54801e-06 0.999998
10 1 1e-07
10 1 1e-07
10 0.999925 7.51838e-05
10 0.999811 0.000189137
9 0.00477425 0.995226
10 1 1e-07
10 1 1e-07
10 0.999966 3.3746e-05
10 1 1e-07
10 0.996866 0.00313361
10 1 1e-07
10 1 1e-07
10 0.99984 0.000159879
10 1 1e-07
10 1 1e-07
9 2.34104e-06 0.999998
10 0.999986 1.37331e-05
10 1 1e-07
10 1 1e-07
10 0.99994 6.00912e-05
10 1 1e-07
10 1 1e-07
10 1 1e-07
10 1 1e-07
9 0.000104185 0.999896
10 1 1e-07
10 0.999982 1.77798e-05
10 0.999733 0.000266697
10 1 2.45047e-07
9 8.12142e-07 0.999999
10 0.999977 2.29641e-05
10 0.999696 0.000303826
10 1 1e-07
10 0.999956 4.44584e-05
10 0.999998 2.41887e-06
10 0.999962 3.79595e-05
10 0.999995 4.94199e-06
10 0.999996 3.69652e-06
10 1 2.70231e-07
10 0.997328 0.00267242
10 0.999996 3.94485e-06
10 0.999999 7.78817e-07
9 9.60878e-05 0.999904
10 0.999993 6.7451e-06
10 1 1e-07
10 0.999718 0.000282315
10 1 1e-07
10 1 1e-07
10 0.999995 5.03292e-06
10 1 4.64934e-07
10 0.999899 0.000100731
9 0.000344603 0.999655
10 0.999999 9.28039e-07
10 1 1e-07
10 0.738145 0.261855
10 1 1e-07
10 0.849222 0.150778
10 0.999998 2.26839e-06
10 1 1e-07
10 0.999386 0.000613939
10 1 1e-07
10 1 1e-07
10 1 1e-07
10 0.999999 8.4415e-07
10 0.999829 0.000171235
10 0.999344 0.000655709
10 0.999865 0.00013522
9 1.14751e-05 0.999989
10 0.999999 1.28615e-06
10 0.999999 1.22221e-06
10 1 1e-07
10 1 1e-07
10 1 1e-07
10 1 1e-07
10 1 1e-07
10 1 1e-07
10 1 1e-07
10 1 1.70932e-07
10 1 1e-07
9 1.00967e-05 0.99999
10 1 1e-07
9 9.85356e-06 0.99999
10 1 1e-07
10 1 1e-07
10 0.999994 5.88716e-06
10 1 1e-07
10 1 2.95326e-07
10 1 1e-07
10 0.999992 7.85129e-06
10 1 1e-07
10 0.99965 0.000349705
10 1 1e-07
9 8.25999e-06 0.999992
10 1 1e-07
10 0.999972 2.78184e-05
10 1 1e-07
10 1 1e-07
10 0.999999 1.35132e-06
10 1 1e-07
10 1 1e-07
10 1 1e-07
10 1 1e-07
10 0.999999 7.74613e-07
10 0.99987 0.00012956
10 0.999999 6.29576e-07
10 1 1e-07
10 0.999976 2.4159e-05
10 1 1e-07
10 0.999976 2.41918e-05
10 1 1e-07
10 0.999987 1.3188e-05
10 1 1e-07
10 1 1e-07
10 0.999967 3.27205e-05
10 0.999856 0.000143973
9 0.464294 0.535706
10 0.999964 3.58033e-05
10 0.999999 9.00547e-07
10 1 1e-07
10 1 1e-07
10 1 1e-07
10 1 1e-07
10 1 1e-07
10 0.999984 1.59156e-05
10 1 1e-07
10 1 1e-07
10 1 1e-07
10 1 1e-07
10 1 1e-07
10 1 1e-07
10 1 1e-07
10 0.99995 4.98028e-05
10 1 1e-07
10 1 1e-07
10 1 1e-07
10 1 1e-07
10 1 1e-07
10 0.999992 7.71085e-06
10 0.999998 2.19749e-06
10 1 1e-07
10 0.999992 8.24623e-06
10 0.999902 9.81809e-05
10 1 1e-07
10 1 1e-07
10 0.999999 1.22885e-06
10 1 1e-07
10 0.999999 9.20297e-07
10 0.99983 0.000169861
10 0.999998 1.91643e-06
10 1 1e-07
10 0.999987 1.32719e-05
10 0.999987 1.33377e-05
10 0.999997 3.26145e-06
10 1 1e-07
10 1 1e-07
10 0.999697 0.000303016
10 0.99999 1.02966e-05
10 0.999985 1.49007e-05
10 0.999998 2.21907e-06
10 0.99886 0.00113972
10 1 1e-07
10 0.999996 3.67888e-06
10 1 1e-07
10 0.999971 2.92861e-05
10 0.999998 1.62635e-06
10 1 1e-07
10 0.999615 0.000385479
10 0.999984 1.55807e-05
10 0.999999 6.99001e-07
10 1 1e-07
10 1 1e-07
10 0.999999 6.04816e-07
10 1 3.67595e-07
10 0.999977 2.2943e-05
10 0.999846 0.00015374
10 0.999998 2.04229e-06
10 0.999999 9.18257e-07
9 0.00261388 0.997386
10 1 1e-07
10 0.999828 0.000172127
9 0.0115253 0.988475
10 1 1e-07
9 0.010375 0.989625
10 0.999875 0.000124705
9 1.70249e-05 0.999983
10 0.999987 1.28662e-05
10 1 1e-07
10 0.99999 1.00027e-05
10 1 1e-07
10 0.999999 1.09092e-06
10 1 1e-07
10 1 1e-07
10 0.99999 9.68816e-06
9 5.1317e-06 0.999995
10 0.999904 9.6485e-05
10 1 1e-07
10 0.999986 1.38061e-05
10 1 1e-07
10 1 1e-07
10 1 1e-07
10 1 1e-07
10 0.99999 9.66498e-06
9 5.19539e-05 0.999948
10 1 1e-07
10 1 1e-07
10 1 1e-07
10 0.999996 3.56367e-06
10 0.969519 0.0304813
10 1 1e-07
10 0.991608 0.00839243
10 1 1e-07
10 0.999989 1.0858e-05
9 0.0288393 0.971161
10 1 1e-07
10 0.999988 1.21635e-05
10 1 1e-07
10 0.999981 1.91057e-05
10 1 1e-07
10 0.999989 1.12314e-05
10 0.999646 0.000354092
10 0.999993 6.93345e-06
10 1 1e-07
10 0.999993 7.18133e-06
10 1 1e-07
10 0.999995 4.9187e-06
10 1 1e-07
10 0.999633 0.00036651
10 0.99998 2.03907e-05
10 0.999997 3.17251e-06
10 0.999128 0.000872478
10 1 1e-07
10 0.996838 0.00316237
10 1 1e-07
10 0.999954 4.64092e-05
10 1 1e-07
10 0.999999 1.11282e-06
10 1 1e-07
10 1 1e-07
10 0.968173 0.0318265
10 0.999729 0.000270514
10 1 1e-07
10 1 1e-07
10 1 1e-07
10 0.999996 4.3287e-06
10 0.999349 0.000650981
10 1 1e-07
10 0.999906 9.42312e-05
10 0.999955 4.5392e-05
10 1 1e-07
10 1 1e-07
10 1 1e-07
10 1 1e-07
10 1 1e-07
10 1 1e-07
10 1 1e-07
10 1 1e-07
10 0.987833 0.012167
10 0.999969 3.10658e-05
10 1 1e-07
10 0.999974 2.55024e-05
9 4.44273e-05 0.999956
9 1.07185e-06 0.999999
10 1 1e-07
10 1 1e-07
10 0.999985 1.54757e-05
10 0.999998 2.35965e-06
10 0.999989 1.08268e-05
10 0.999901 9.89901e-05
10 0.999359 0.000640964
10 0.999999 9.91106e-07
10 1 1e-07
10 1 1e-07
10 0.998389 0.00161075
10 0.99998 1.95582e-05
10 0.998134 0.00186553
10 0.999998 1.72575e-06
10 1 1e-07
10 0.999849 0.00015138
9 7.54353e-06 0.999992
10 0.999999 1.03871e-06
10 0.999995 5.3352e-06
10 0.99993 7.00296e-05
10 0.99999 1.00895e-05
10 1 1e-07
9 0.0273331 0.972667
10 0.999967 3.2728e-05
10 0.999873 0.000127095
10 0.999992 7.93201e-06
10 1 3.02614e-07
9 0.0392503 0.96075
10 1 1e-07
10 0.997241 0.00275865
10 0.999948 5.19299e-05
10 0.999786 0.000214045
10 1 1e-07
10 1 1e-07
10 1 1e-07
10 0.999997 3.34567e-06
10 0.999987 1.28769e-05
10 1 1e-07
10 1 1e-07
10 1 1e-07
10 0.982012 0.0179881
10 0.999999 5.9715e-07
10 0.998939 0.00106096
10 1 1e-07
10 0.999629 0.000370715
9 1.13721e-05 0.999989
9 0.00014019 0.99986
10 0.999999 8.21766e-07
9 1.34714e-06 0.999999
10 0.999989 1.06986e-05
10 0.999908 9.15192e-05
10 1 1e-07
10 0.999897 0.00010307
10 1 1e-07
10 0.999981 1.93896e-05
10 1 1e-07
10 0.999995 5.33685e-06
10 0.999863 0.000136669
10 0.999993 6.95247e-06
10 1 1e-07
10 1 1e-07
10 1 1e-07
10 0.999998 2.15408e-06
10 0.999988 1.18589e-05
10 1 1.98772e-07
10 1 1e-07
10 0.999999 1.42069e-06
10 0.998191 0.00180943
10 0.999974 2.58162e-05
9 0.0104495 0.989551
10 0.99994 5.99704e-05
10 0.995229 0.00477091
9 0.000313747 0.999686
10 0.999998 1.94627e-06
10 1 1e-07
10 0.999971 2.9474e-05
10 0.999973 2.6606e-05
10 0.999993 7.38024e-06
9 0.000961409 0.999039
10 0.998151 0.00184879
10 0.749424 0.250576
10 0.999963 3.69188e-05
10 0.998653 0.0013473
10 1 1e-07
10 0.999975 2.51963e-05
9 2.2984e-05 0.999977
10 1 1e-07
10 0.999999 6.8387e-07
10 1 1e-07
10 1 1e-07
10 0.984988 0.0150119
10 1 1e-07
10 1 1e-07
10 0.999994 5.9576e-06
10 1 3.68291e-07
10 0.99985 0.000149701
9 0.375341 0.624659
10 0.99999 9.88227e-06
10 1 1e-07
10 0.999824 0.000175573
10 0.999 0.000999881
10 0.999863 0.000137306
10 0.999744 0.000255571
10 1 1e-07
10 0.999399 0.000601067
10 0.999841 0.000159398
10 0.999975 2.4759e-05
10 0.999971 2.88427e-05
10 1 1e-07
10 0.999757 0.000242655
10 1 1e-07
10 0.999829 0.000171323
10 0.996726 0.00327368
10 1 2.97363e-07
10 0.999963 3.70845e-05
10 0.999999 9.00209e-07
10 1 1e-07
10 0.999996 4.30811e-06
10 1 1e-07
10 1 1e-07
10 1 1e-07
10 1 1e-07
10 1 1e-07
10 1 1e-07
10 1 1e-07
10 0.999579 0.000421069
10 0.999843 0.000156705
10 0.999999 5.37418e-07
10 0.999961 3.91329e-05
10 1 1e-07
10 1 1e-07
10 0.99991 8.96158e-05
10 0.999688 0.000311929
10 0.999914 8.56652e-05
10 0.999951 4.94898e-05
10 0.999948 5.23504e-05
10 1 1e-07
10 0.99993 6.99811e-05
10 0.999999 8.21618e-07
9 2.6272e-06 0.999997
10 0.999761 0.000239306
10 0.997514 0.00248595
10 0.999949 5.12786e-05
10 0.999977 2.30093e-05
10 1 1e-07
9 0.000603609 0.999396
10 0.99987 0.00012996
10 0.999996 4.36352e-06
10 1 1e-07
10 0.999976 2.44083e-05
10 0.999995 4.64122e-06
10 1 1e-07
10 1 1e-07
10 0.999897 0.00010342
10 1 4.81176e-07
10 1 1e-07
10 0.999117 0.000883261
10 1 1e-07
10 0.999997 2.81827e-06
10 0.999999 9.28537e-07
10 0.998184 0.00181557
9 1.54529e-05 0.999985
10 1 1e-07
10 1 1e-07
10 1 1e-07
10 0.999985 1.54802e-05
10 0.999986 1.35386e-05
9 2.4012e-05 0.999976
10 0.99999 9.71798e-06
10 0.99996 3.98018e-05
10 1 1e-07
10 0.999992 7.60313e-06
9 1.10407e-05 0.999989
10 0.999999 8.28418e-07
10 1 1e-07
10 1 1e-07
10 0.999987 1.27535e-05
10 0.999997 3.17181e-06
10 1 1e-07
10 0.999991 9.32219e-06
10 1 1e-07
10 1 1e-07
10 1 1e-07
10 0.999992 8.3587e-06
10 1 1e-07
10 0.999904 9.59329e-05
10 0.999986 1.43518e-05
10 1 1e-07
10 1 1e-07
9 1.39111e-06 0.999999
10 1 1e-07
10 1 1e-07
10 0.999988 1.15922e-05
10 1 2.71315e-07
10 0.999915 8.48687e-05
10 0.999525 0.000474771
10 1 1e-07
10 1 1e-07
9 0.00168065 0.998319
10 0.999991 8.85727e-06
10 1 1e-07
10 1 1e-07
10 0.999828 0.000171757
10 1 1e-07
10 0.999986 1.43288e-05
10 0.999995 5.30816e-06
10 1 1e-07
10 0.999987 1.27612e-05
10 0.999979 2.12753e-05
9 0.0128398 0.98716
9 1.14881e-06 0.999999
10 0.999792 0.000207744
10 0.999964 3.6474e-05
10 0.999266 0.00073418
10 1 1e-07
10 0.999992 7.52116e-06
10 1 1.39588e-07
10 1 1e-07
10 0.999999 1.32241e-06
10 1 1e-07
10 1 1e-07
10 0.999997 3.09299e-06
10 0.999999 1.07334e-06
10 0.999999 1.06938e-06
10 1 1e-07
10 0.999927 7.27048e-05
10 0.999998 1.72999e-06
10 0.99996 3.95609e-05
10 0.999899 0.000101434
10 0.999996 4.36054e-06
10 1 1e-07
10 0.998798 0.00120232
10 0.749271 0.250729
10 1 1e-07
10 1 1e-07
10 0.999994 5.67854e-06
10 1 1e-07
10 0.999998 1.52993e-06
10 0.999525 0.000474516
10 1 1e-07
10 1 1e-07
10 1 1e-07
10 0.999253 0.000747276
10 0.999992 8.48012e-06
10 1 1.71027e-07
10 0.999129 0.000871495
9 0.000184527 0.999815
10 0.999998 1.8217e-06
10 0.999999 1.14824e-06
9 4.26003e-06 0.999996
10 1 1e-07
10 0.999979 2.09789e-05
10 1 1e-07
10 0.999987 1.25633e-05
10 0.999996 3.70131e-06
10 0.999983 1.68873e-05
10 0.999636 0.000363662
10 0.999998 1.83238e-06
10 0.997471 0.00252855
10 1 1e-07
10 0.999956 4.44089e-05
10 1 1e-07
10 0.999999 1.23278e-06
10 1 1e-07
10 1 1e-07
10 0.999935 6.50927e-05
10 0.999981 1.92334e-05
10 1 1e-07
10 1 1e-07
10 0.977755 0.0222451
10 1 1e-07
10 1 1e-07
9 5.27429e-06 0.999995
10 1 4.34407e-07
9 8.73476e-06 0.999991
10 0.999998 2.07285e-06
10 1 1e-07
10 0.999994 5.99614e-06
10 0.996072 0.00392791
10 0.999261 0.000739064
10 1 1e-07
10 1 1e-07
10 0.996942 0.00305751
10 0.992393 0.00760694
10 1 1e-07
10 1 1e-07
9 0.000284183 0.999716
10 0.998859 0.00114053
10 1 1e-07
10 0.999998 2.06408e-06
10 1 1e-07
9 0.0209901 0.97901
10 1 1e-07
10 0.999965 3.54492e-05
10 1 1e-07
10 1 2.25202e-07
10 0.999999 6.51474e-07
10 1 1.20394e-07
10 0.999988 1.21923e-05
10 1 1e-07
10 1 1e-07
10 0.999986 1.37591e-05
10 1 1e-07
10 0.999945 5.45621e-05
10 0.935334 0.0646655
10 1 1e-07
10 0.999977 2.29409e-05
10 0.999988 1.23437e-05
9 2.62128e-06 0.999997
10 0.999985 1.52149e-05
10 1 1e-07
9 3.93415e-05 0.999961
10 0.999923 7.6858e-05
10 1 1e-07
10 1 1e-07
10 1 2.73149e-07
10 1 2.51295e-07
10 0.992798 0.00720212
10 0.999931 6.85877e-05
10 0.999902 9.84155e-05
10 1 1e-07
10 0.998913 0.00108729
10 1 1e-07
10 1 1e-07
9 1.34547e-05 0.999987
10 0.999996 4.35755e-06
10 1 1.18059e-07
10 1 1e-07
10 0.534462 0.465538
10 0.999963 3.72613e-05
10 0.999779 0.000221185
10 0.999977 2.32532e-05
10 1 1e-07
9 1.3589e-06 0.999999
10 0.999846 0.000154433
9 0.00271063 0.997289
10 0.999955 4.47777e-05
10 1 1e-07
10 0.999971 2.9209e-05
10 0.99996 3.99067e-05
10 0.999999 6.29976e-07
10 0.999931 6.93239e-05
10 1 1e-07
10 1 3.05538e-07
10 1 1e-07
10 0.999993 6.67846e-06
10 1 1e-07
10 1 1e-07
9 0.00438899 0.995611
10 1 1e-07
10 1 1e-07
10 1 1e-07
10 1 1e-07
10 1 1e-07
10 0.999951 4.87173e-05
10 1 2.50774e-07
10 1 1e-07
10 1 1e-07
10 0.999993 6.74359e-06
10 1 3.42623e-07
10 0.999679 0.000320726
10 0.999921 7.87723e-05
10 0.999992 7.7352e-06
10 1 3.92754e-07
10 0.999986 1.38818e-05
10 1 1e-07
10 1 1e-07
10 1 1e-07
10 1 1e-07
10 0.999987 1.26012e-05
10 0.999993 6.52433e-06
10 1 4.78058e-07
10 0.999963 3.66866e-05
10 1 1e-07
9 1.65287e-06 0.999998
10 1 1e-07
10 0.999989 1.08558e-05
10 1 1e-07
10 0.999999 1.3227e-06
10 0.999905 9.46389e-05
10 0.999977 2.30168e-05
10 0.999984 1.57642e-05
10 1 1e-07
10 1 1e-07
9 0.000586484 0.999414
10 1 1e-07
10 0.999985 1.46384e-05
10 0.999992 7.56909e-06
10 0.999978 2.24175e-05
10 1 1e-07
10 1 1e-07
10 0.999955 4.53554e-05
10 1 1e-07
10 0.999977 2.26415e-05
10 1 1e-07
10 0.998957 0.00104305
10 0.999952 4.79977e-05
10 1 1e-07
10 1 1e-07
10 0.999979 2.11698e-05
10 1 1e-07
10 0.999999 6.99506e-07
10 0.999999 9.38123e-07
10 0.998371 0.00162864
10 1 1e-07
9 0.0141949 0.985805
10 1 1e-07
10 0.999982 1.75887e-05
10 1 1e-07
10 0.999989 1.06507e-05
10 0.999893 0.000106817
10 1 1e-07
10 0.999961 3.92214e-05
10 0.999999 1.08408e-06
9 0.000315369 0.999685
10 0.999998 2.39918e-06
10 1 1e-07
10 0.999993 7.2933e-06
10 1 1e-07
10 0.999994 5.99346e-06
10 1 1e-07
10 1 1e-07
10 1 1e-07
10 1 1e-07
10 0.999998 1.7408e-06
10 0.999809 0.000190506
10 1 4.37698e-07
10 0.999859 0.000141233
10 0.999951 4.86755e-05
10 0.999946 5.40724e-05
10 0.99997 3.03786e-05
10 0.999998 1.6111e-06
10 1 1e-07
10 0.996648 0.00335169
10 0.999991 9.0032e-06
10 0.999987 1.33155e-05
10 1 1e-07
10 0.999425 0.000574867
10 0.999999 5.39365e-07
10 0.999998 2.06899e-06
10 0.999994 5.77374e-06
10 0.99994 6.03982e-05
10 1 1e-07
10 0.999999 7.23395e-07
10 0.999996 3.85846e-06
10 1 1e-07
10 1 1e-07
10 1 1e-07
9 0.00168013 0.99832
10 1 1e-07
10 0.999998 1.8045e-06
10 1 1e-07
10 1 1e-07
10 1 1.12171e-07
10 1 1e-07
10 0.999992 7.66058e-06
10 0.886818 0.113182
10 0.999568 0.000432031
10 0.825185 0.174815
10 1 1e-07
10 0.999983 1.7458e-05
10 0.933362 0.0666382
10 1 1e-07
9 0.0216608 0.978339
10 0.999998 1.56419e-06
10 0.999735 0.000264721
10 0.999606 0.000394151
10 0.999991 8.82752e-06
10 0.999982 1.80351e-05
10 1 1e-07
10 0.994008 0.00599154
10 1 1e-07
10 0.996821 0.00317871
10 0.999977 2.28129e-05
10 1 1e-07
10 0.999992 8.01848e-06
10 0.999997 2.96689e-06
10 0.998711 0.0012887
10 0.999998 1.78137e-06
10 1 1e-07
10 0.999884 0.000116021
10 1 1e-07
10 1 1e-07
10 0.999988 1.21112e-05
10 1 1e-07
10 1 1e-07
10 1 1e-07
10 1 1e-07
10 1 1e-07
10 0.999866 0.000134233
10 0.999986 1.41872e-05
10 1 1e-07
10 0.999979 2.11577e-05
10 1 4.13004e-07
10 1 1e-07
10 1 1e-07
10 1 1e-07
10 1 1e-07
10 0.933336 0.0666643
10 1 1e-07
10 1 1e-07
10 1 1e-07
10 0.994456 0.00554419
10 1 1e-07
10 1 1e-07
9 1.53649e-05 0.999985
10 1 1e-07
10 0.999978 2.18621e-05
10 1 1e-07
10 1 1e-07
10 0.99988 0.00011964
10 0.995479 0.0045212
10 1 1e-07
10 0.999999 9.27699e-07
10 1 1e-07
10 0.999984 1.55896e-05
10 1 1e-07
10 1 4.76064e-07
10 1 1e-07
10 1 1e-07
9 0.020482 0.979518
10 0.999998 2.45903e-06
10 1 1e-07
10 0.999989 1.13037e-05
10 0.999939 6.0951e-05
10 0.999997 2.86909e-06
10 0.999996 3.88606e-06
10 0.999997 2.5422e-06
10 1 4.55448e-07
10 1 1e-07
10 0.999997 3.37909e-06
10 1 2.72134e-07
9 0.0055864 0.994414
10 1 1e-07
10 0.999998 1.6154e-06
10 1 1e-07
10 0.981695 0.0183047
10 0.999777 0.000223405
10 0.994301 0.00569907
10 0.999978 2.19662e-05
10 0.999921 7.94245e-05
10 0.999997 2.84355e-06
10 0.999999 9.18652e-07
10 0.999993 6.63459e-06
10 0.9992 0.000800115
10 0.999999 6.71566e-07
10 1 1e-07
10 1 1e-07
10 1 1e-07
9 0.0290931 0.970907
10 0.999918 8.20219e-05
10 0.994456 0.00554408
9 9.90237e-05 0.999901
10 1 1e-07
10 0.999998 1.58709e-06
10 1 1e-07
10 0.99973 0.000270134
9 0.0032698 0.99673
10 1 1e-07
10 0.999985 1.53875e-05
10 1 1e-07
10 0.999985 1.5049e-05
10 0.999989 1.13669e-05
10 0.990758 0.00924176
10 0.999998 2.23202e-06
10 0.999985 1.50514e-05
10 0.999828 0.00017162
10 1 1e-07
10 0.999637 0.000363176
10 1 1e-07
10 0.999978 2.2372e-05
10 0.993782 0.00621757
10 1 1e-07
10 0.99992 8.02149e-05
10 1 1e-07
9 1.61256e-05 0.999984
9 0.000119455 0.999881
10 1 1e-07
10 1 1e-07
10 1 1e-07
10 1 1e-07
10 1 1e-07
10 0.999964 3.64657e-05
10 0.999993 6.6163e-06
10 1 1e-07
10 0.999995 4.74586e-06
9 4.72373e-06 0.999995
10 1 1e-07
9 0.0699698 0.93003
10 1 1.93645e-07
10 1 1e-07
10 0.999926 7.41845e-05
10 1 1e-07
10 1 1e-07
10 0.999996 3.90327e-06
10 1 1e-07
10 0.999174 0.000826175
10 1 4.87953e-07
10 1 2.97754e-07
10 0.999388 0.000612129
10 0.999979 2.11199e-05
10 1 1e-07
10 0.999971 2.91818e-05
10 0.999989 1.07129e-05
10 1 1e-07
10 0.999642 0.000357897
10 0.999924 7.60066e-05
10 1 1e-07
10 0.999226 0.000773859
10 0.999999 7.7825e-07
10 1 1e-07
10 0.999998 1.802e-06
9 3.89139e-05 0.999961
10 0.999999 1.41688e-06
10 0.999999 7.9154e-07
10 1 1.20533e-07
9 0.154216 0.845784
10 0.999493 0.000507328
10 1 1e-07
10 1 1e-07
10 0.999361 0.000638577
10 1 1e-07
10 1 1e-07
10 0.999964 3.63228e-05
10 0.999998 2.2708e-06
10 1 1e-07
10 0.999997 2.92243e-06
10 0.999612 0.000387901
9 0.189729 0.810271
10 0.999994 6.0628e-06
10 1 1e-07
10 1 1e-07
10 0.999918 8.17441e-05
10 1 1e-07
10 0.999825 0.000175359
10 1 1e-07
10 1 1e-07
10 1 1e-07
10 1 1e-07
10 1 1e-07
10 0.999993 6.59115e-06
10 0.999988 1.16782e-05
10 0.999896 0.000103614
10 1 1e-07
10 1 1e-07
10 1 1e-07
10 0.999815 0.000184706
9 2.91228e-06 0.999997
9 9.60239e-07 0.999999
10 0.999987 1.28649e-05
10 0.999996 3.62915e-06
10 1 1e-07
10 1 1e-07
10 0.998676 0.00132416
10 0.999997 2.78301e-06
10 1 1e-07
10 1 1e-07
10 0.999986 1.40006e-05
10 0.999955 4.53097e-05
9 1.17697e-05 0.999988
9 3.35227e-06 0.999997
10 0.999825 0.000175304
10 0.995036 0.00496407
10 1 1e-07
10 0.999952 4.82963e-05
10 1 1e-07
9 0.118097 0.881903
10 1 1e-07
10 0.999986 1.41475e-05
10 0.999987 1.27541e-05
10 0.999999 1.24486e-06
10 1 1e-07
10 1 1.06011e-07
10 0.999973 2.73572e-05
9 1.44614e-05 0.999986
9 1e-07 1
10 1 1e-07
10 0.999827 0.000172892
10 1 1e-07
10 1 1e-07
10 1 1e-07
9 5.89783e-06 0.999994
10 0.999652 0.00034782
10 0.999993 6.56545e-06
10 0.998415 0.00158492
10 0.999099 0.000900627
10 1 1.85074e-07
10 1 1e-07
10 0.999976 2.43887e-05
10 1 1e-07
10 1 1e-07
10 0.999998 1.93939e-06
10 0.999966 3.39548e-05
10 1 1e-07
10 1 1e-07
10 1 1e-07
10 0.99984 0.000159728
10 0.999994 5.6387e-06
10 0.985088 0.0149118
10 1 1e-07
10 1 1e-07
10 1 1e-07
10 0.997192 0.00280781
10 1 1e-07
10 0.999997 3.10627e-06
9 1.53187e-06 0.999998
10 1 1e-07
10 0.999999 7.96255e-07
10 0.999995 4.57949e-06
10 1 1e-07
10 0.999997 3.29555e-06
10 0.999999 8.07521e-07
10 0.999963 3.72654e-05
9 2.38769e-05 0.999976
9 7.2724e-05 0.999927
10 0.999969 3.08721e-05
10 1 1e-07
10 1 1e-07
10 1 1e-07
10 1 1e-07
10 1 3.38977e-07
10 0.994952 0.00504835
10 0.999997 3.27149e-06
10 1 1e-07
10 0.998836 0.001164
10 0.999275 0.000725218
10 1 1e-07
10 0.999989 1.06826e-05
10 1 1e-07
10 1 1e-07
10 0.998355 0.00164498
10 1 1e-07
9 4.10006e-05 0.999959
10 0.999998 2.04857e-06
10 1 1e-07
10 0.997015 0.00298527
10 1 1e-07
10 0.999994 6.24083e-06
10 0.916749 0.083251
9 0.48931 0.51069
9 3.28551e-05 0.999967
9 6.18482e-06 0.999994
9 4.37096e-06 0.999996
10 0.999998 1.67908e-06
10 1 1e-07
10 0.999982 1.80669e-05
10 1 1.27266e-07
10 1 1e-07
9 7.67307e-05 0.999923
10 0.999748 0.000251798
10 0.999999 8.13083e-07
10 0.999999 5.92188e-07
10 0.999956 4.38218e-05
10 1 1e-07
10 0.999997 2.7343e-06
9 0.000299237 0.999701
10 0.99692 0.00307965
10 0.98935 0.0106505
10 0.999985 1.50652e-05
10 1 1e-07
10 0.99993 7.03239e-05
10 0.999998 1.85118e-06
10 1 1e-07
10 0.997971 0.00202901
10 1 1e-07
10 0.995712 0.00428818
10 1 1e-07
10 0.99991 8.95451e-05
10 0.999997 2.6695e-06
10 1 1.25781e-07
10 0.999995 5.3769e-06
10 0.999998 2.2618e-06
10 0.999873 0.000127354
10 1 3.69385e-07
10 0.998326 0.00167444
10 1 1e-07
10 0.999904 9.59267e-05
10 0.999983 1.6726e-05
10 0.998069 0.00193144
9 2.27008e-05 0.999977
10 1 1.57968e-07
10 1 1e-07
9 0.000829255 0.999171
10 0.999992 8.47692e-06
10 1 1e-07
10 0.999949 5.13541e-05
10 0.999963 3.65472e-05
10 0.987247 0.0127534
10 1 1e-07
10 0.999968 3.21689e-05
10 0.99996 3.97085e-05
10 0.981765 0.0182347
10 0.999875 0.000125454
10 1 1e-07
10 1 1e-07
10 0.99999 9.89393e-06
10 0.999733 0.000267201
10 1 1e-07
10 0.999972 2.83292e-05
10 0.999973 2.65009e-05
10 1 1e-07
10 0.999899 0.000101212
10 1 1e-07
10 0.99996 4.03731e-05
10 0.999989 1.11709e-05
10 0.999992 7.92023e-06
10 0.999996 4.32979e-06
10 0.999644 0.000355727
10 0.999998 1.69349e-06
10 1 1e-07
10 1 4.10858e-07
10 0.99998 1.95562e-05
10 0.999995 4.90557e-06
10 1 1e-07
10 0.999994 6.17674e-06
10 0.984599 0.0154012
10 0.999999 8.31358e-07
10 0.999999 7.682e-07
10 0.999995 5.1727e-06
10 0.999996 4.35647e-06
10 1 1.02231e-07
10 1 1e-07
10 0.999998 1.5203e-06
10 1 1e-07
10 0.999994 5.53783e-06
10 1 1e-07
10 0.999815 0.000184999
10 0.999946 5.42342e-05
10 1 1e-07
10 1 1e-07
10 1 1e-07
10 1 2.85605e-07
10 1 1.69591e-07
10 1 1e-07
10 0.999998 1.82424e-06
10 0.999964 3.55508e-05
9 0.126374 0.873626
10 1 1e-07
10 0.999948 5.23817e-05
10 1 1e-07
10 1 1e-07
10 0.999501 0.000498814
10 0.999941 5.94474e-05
10 0.999999 1.0717e-06
10 0.5885 0.4115
10 1 1e-07
10 0.999996 3.8148e-06
10 0.99997 3.01922e-05
10 1 1e-07
10 1 1e-07
10 0.999996 3.51122e-06
10 1 1e-07
10 0.999999 7.02759e-07
10 0.999984 1.56948e-05
10 1 1e-07
10 1 1e-07
10 0.999792 0.000207773
10 0.999995 5.3959e-06
10 0.999999 1.01712e-06
10 1 4.31737e-07
10 0.999913 8.65152e-05
10 0.999963 3.69568e-05
10 1 1e-07
10 1 1e-07
9 1.93361e-05 0.999981
10 0.99999 1.01825e-05
10 0.999999 1.43844e-06
10 1 1e-07
10 1 1e-07
10 0.999998 2.25621e-06
10 0.999102 0.000897982
10 1 1e-07
10 0.999996 4.44944e-06
10 1 1e-07
10 0.999927 7.26587e-05
10 0.999799 0.000200992
10 0.999993 7.24685e-06
10 0.999911 8.89569e-05
9 0.00978025 0.99022
10 0.999972 2.83202e-05
10 1 1e-07
10 1 1e-07
9 9.56001e-06 0.99999
10 1 1e-07
9 3.57813e-05 0.999964
10 1 1e-07
10 1 1e-07
10 1 1e-07
10 1 1e-07
10 1 1e-07
10 1 1e-07
10 1 1e-07
10 0.999963 3.73765e-05
10 1 1e-07
10 0.999972 2.79537e-05
9 0.000260798 0.999739
10 1 1e-07
10 0.999964 3.63268e-05
10 0.999998 1.83604e-06
10 0.999996 3.89119e-06
10 1 1e-07
10 0.999913 8.68356e-05
10 0.999588 0.000412318
10 0.999983 1.71358e-05
10 0.999981 1.88279e-05
10 1 1e-07
10 0.999974 2.58915e-05
10 0.999988 1.15406e-05
10 0.999993 7.18822e-06
10 0.999998 1.71849e-06
10 0.999979 2.06e-05
10 1 1e-07
9 0.0856708 0.914329
10 1 1e-07
10 1 2.60137e-07
10 1 1e-07
10 0.999953 4.66676e-05
10 0.999989 1.06684e-05
10 0.999997 3.20358e-06
10 1 1e-07
10 1 1e-07
10 0.999871 0.000128793
10 1 1e-07
10 0.870717 0.129283
10 1 3.49507e-07
10 0.999993 6.68876e-06
10 0.999996 4.4894e-06
10 1 1e-07
10 0.99995 5.04068e-05
10 1 1e-07
10 0.999981 1.8951e-05
10 0.999997 3.30067e-06
9 3.40792e-05 0.999966
10 0.999999 9.59882e-07
10 1 1e-07
10 1 3.26127e-07
10 1 1e-07
10 0.999978 2.23332e-05
10 0.999962 3.77487e-05
10 0.999957 4.33745e-05
10 1 1e-07
9 1.7213e-05 0.999983
10 1 1e-07
10 0.999994 6.13762e-06
10 0.999998 2.04318e-06
10 0.9998 0.00020049
10 1 1.7064e-07
10 1 1e-07
9 0.000132146 0.999868
10 0.999994 6.44221e-06
10 1 1e-07
10 1 1e-07
10 1 1e-07
10 1 1e-07
10 0.999825 0.000175194
10 1 1e-07
10 0.999946 5.36228e-05
10 1 1e-07
10 0.999998 1.98831e-06
10 0.993712 0.00628803
9 8.21437e-05 0.999918
10 0.990182 0.0098176
10 1 2.03739e-07
10 0.999817 0.000183211
10 0.997356 0.00264366
10 1 2.39035e-07
10 1 1e-07
10 1 1e-07
10 0.999996 3.80674e-06
9 0.454862 0.545138
10 0.999984 1.62856e-05
10 1 1e-07
10 0.999971 2.90514e-05
10 0.999987 1.25956e-05
10 1 1e-07
10 1 1e-07
10 0.999717 0.000282869
9 4.84258e-07 1
10 0.999999 1.33209e-06
10 0.999995 5.46145e-06
10 0.999966 3.38624e-05
10 1 1e-07
10 1 1e-07
10 1 1e-07
10 0.999997 2.61409e-06
10 0.999997 3.42554e-06
10 0.999998 1.55152e-06
9 2.48325e-05 0.999975
10 1 1e-07
10 0.99995 5.01397e-05
10 0.9998 0.000199736
10 0.999995 4.86397e-06
10 1 1e-07
10 1 1e-07
10 1 1e-07
10 0.999997 2.563e-06
10 1 1.05556e-07
10 1 1e-07
10 1 1e-07
10 1 1e-07
10 1 1e-07
10 0.999987 1.28089e-05
10 1 1e-07
10 0.999893 0.00010682
10 1 1e-07
10 0.999999 7.08961e-07
10 1 1e-07
10 0.999991 8.66274e-06
10 1 1e-07
10 1 1e-07
10 1 1e-07
10 0.999606 0.000394173
10 0.999988 1.16574e-05
10 0.999981 1.91754e-05
10 0.999998 2.11797e-06
10 0.999985 1.45972e-05
10 0.999999 8.86559e-07
10 0.999998 1.74285e-06
9 2.19213e-05 0.999978
10 1 1e-07
10 1 1e-07
10 1 1e-07
10 1 1e-07
10 0.999999 5.29042e-07
10 1 1e-07
10 0.999992 7.6888e-06
10 0.999982 1.76929e-05
10 0.999995 4.5846e-06
10 1 2.03103e-07
10 1 1e-07
10 1 1e-07
10 0.998006 0.00199363
10 0.999999 1.287e-06
10 0.999988 1.20676e-05
10 1 1e-07
10 1 1e-07
10 1 4.12943e-07
10 0.999946 5.38619e-05
10 1 1e-07
10 1 1e-07
10 0.999424 0.000575897
10 1 1e-07
10 0.50446 0.49554
10 1 1e-07
10 0.999951 4.92402e-05
10 1 1e-07
10 1 1e-07
10 0.99989 0.000110099
10 0.999996 4.30916e-06
10 1 1e-07
10 0.999987 1.26852e-05
10 0.999958 4.22093e-05
10 0.999991 8.7216e-06
10 1 1e-07
10 1 2.49655e-07
10 1 1e-07
10 1 1e-07
10 1 1e-07
10 0.999999 8.93516e-07
10 0.999999 1.23092e-06
9 9.09917e-05 0.999909
10 0.99898 0.00101968
10 0.999954 4.59745e-05
10 1 1.1643e-07
10 1 1e-07
10 1 1e-07
10 1 1e-07
10 0.999811 0.000188679
10 1 1e-07
10 0.999999 6.94203e-07
10 1 1e-07
10 1 2.48176e-07
10 0.999999 7.04663e-07
9 2.0681e-06 0.999998
10 0.999682 0.000318245
10 0.999853 0.000146519
10 0.999999 1.0103e-06
10 0.994849 0.00515107
10 1 3.14657e-07
10 0.999999 1.29285e-06
10 1 1e-07
10 0.994374 0.00562604
9 1.77855e-05 0.999982
10 1 1.24567e-07
10 0.999984 1.58062e-05
10 1 1e-07
10 0.999993 6.61007e-06
10 1 1e-07
9 0.000127228 0.999873
10 0.99989 0.000110198
10 0.999998 2.1157e-06
10 1 1e-07
9 1.17591e-07 1
10 0.999987 1.29514e-05
10 0.969581 0.0304193
10 1 1e-07
10 1 1e-07
10 1 1e-07
10 0.999999 9.90214e-07
10 0.999748 0.000252026
10 1 3.03593e-07
10 0.999978 2.24252e-05
10 0.999985 1.53284e-05
10 0.99996 3.99135e-05
10 1 1e-07
10 0.999898 0.000101838
10 0.999997 3.35948e-06
10 0.999905 9.45678e-05
10 1 1e-07
10 1 1e-07
10 1 1e-07
10 0.999999 1.42318e-06
10 0.99997 3.02336e-05
10 0.983061 0.0169394
10 0.996684 0.0033157
10 1 1e-07
10 0.99996 3.95935e-05
9 1.35609e-06 0.999999
10 0.999993 6.63362e-06
10 0.999989 1.091e-05
10 1 1e-07
10 0.999993 6.7946e-06
10 0.999995 5.3659e-06
10 0.99866 0.00133996
10 0.999999 1.13143e-06
10 1 1e-07
10 0.999185 0.000814666
10 1 1e-07
10 0.999987 1.26184e-05
10 0.999928 7.24318e-05
10 1 1e-07
10 0.999998 1.79952e-06
10 0.999948 5.17383e-05
10 0.999976 2.39624e-05
10 1 1e-07
10 0.999066 0.000933922
10 0.999995 5.24124e-06
10 0.999996 4.32762e-06
10 0.997326 0.00267416
10 1 1e-07
10 1 1e-07
10 0.99406 0.00593989
10 1 1e-07
10 1 1.81723e-07
10 0.999955 4.46576e-05
10 1 1e-07
10 1 1e-07
10 1 4.90778e-07
10 0.995953 0.00404663
10 1 1e-07
10 0.999993 6.67246e-06
10 0.999983 1.67301e-05
10 1 1e-07
10 0.999981 1.91192e-05
9 5.60255e-06 0.999994
10 0.686012 0.313988
10 0.999996 3.94986e-06
10 0.999941 5.93814e-05
10 0.999962 3.78035e-05
10 0.999987 1.33123e-05
10 1 1e-07
10 1 4.21274e-07
10 0.999997 2.5136e-06
10 0.999999 5.19289e-07
10 0.999998 1.73679e-06
10 1 1e-07
10 1 3.09401e-07
10 0.999992 8.29361e-06
10 0.999997 2.87655e-06
10 0.999998 1.70535e-06
10 0.999917 8.33409e-05
10 0.997676 0.00232368
10 0.999987 1.25264e-05
9 1.122e-05 0.999989
10 0.999581 0.000419016
10 1 1e-07
10 0.999997 2.76884e-06
10 0.997594 0.00240563
9 0.00212415 0.997876
10 1 1e-07
10 1 1e-07
10 0.994209 0.00579056
10 1 1e-07
10 1 1e-07
10 1 1e-07
10 1 1e-07
10 1 1e-07
10 1 1e-07
10 1 1e-07
10 1 1e-07
10 1 1e-07
10 1 1e-07
10 0.99995 4.97065e-05
10 0.999999 7.79905e-07
9 3.5131e-06 0.999996
10 0.999957 4.29705e-05
10 1 1e-07
10 1 1e-07
10 1 1e-07
9 3.0879e-06 0.999997
9 0.035364 0.964636
10 0.999987 1.26097e-05
9 9.51481e-06 0.99999
10 0.999772 0.000228357
10 1 1e-07
9 2.2465e-05 0.999978
10 1 2.84783e-07
10 1 1e-07
10 0.999997 3.29836e-06
10 0.999992 7.8525e-06
10 0.974202 0.0257978
10 1 1e-07
10 0.999303 0.000696962
10 0.999996 3.951e-06
9 2.62966e-05 0.999974
10 1 1e-07
10 1 1e-07
10 1 1e-07
9 3.91066e-05 0.999961
10 1 1e-07
10 0.999971 2.91809e-05
10 0.999371 0.000628649
10 0.999989 1.08017e-05
10 0.99989 0.000109669
10 0.999989 1.0559e-05
10 0.999996 4.12864e-06
10 1 1e-07
10 0.999935 6.45755e-05
10 0.999996 3.65934e-06
10 0.999447 0.00055316
10 1 1e-07
10 1 2.7638e-07
10 0.999996 3.97529e-06
10 1 1e-07
10 0.999986 1.44131e-05
10 0.999996 3.62701e-06
10 0.999451 0.000549448
9 0.00142621 0.998574
10 0.999981 1.91097e-05
10 0.999765 0.000234586
10 1 1e-07
10 0.999996 4.24747e-06
10 1 1e-07
9 8.11773e-05 0.999919
9 0.00138335 0.998617
10 0.999211 0.000789216
10 1 1e-07
10 1 1e-07
10 0.999245 0.000754659
10 0.999357 0.000642988
10 1 1e-07
10 0.999933 6.74388e-05
9 0.000694609 0.999305
10 1 1e-07
10 1 1e-07
10 0.999987 1.25053e-05
10 0.999909 9.11986e-05
10 0.999999 6.75774e-07
10 0.999888 0.000112056
10 1 1e-07
10 0.999999 1.19668e-06
10 0.999991 9.36295e-06
10 1 1e-07
10 1 1e-07
10 1 1e-07
10 1 1e-07
10 0.999909 9.09652e-05
10 1 1e-07
10 1 1e-07
10 0.998818 0.00118182
9 1.61177e-07 1
10 1 1e-07
10 0.999974 2.58313e-05
10 1 1e-07
9 2.57038e-07 1
10 0.999985 1.53907e-05
10 0.999992 8.13142e-06
10 1 1e-07
10 0.999981 1.9226e-05
10 0.999723 0.00027723
10 1 1e-07
10 0.999902 9.79193e-05
10 1 1e-07
10 1 1e-07
10 0.996227 0.00377275
10 1 1e-07
10 0.999996 3.65309e-06
9 1.21585e-05 0.999988
10 0.999303 0.000696533
10 1 1e-07
10 1 1.7028e-07
10 1 1e-07
10 0.999832 0.000167626
10 1 1e-07
10 1 1e-07
10 0.999996 3.68805e-06
9 1.87281e-06 0.999998
10 0.999995 4.95536e-06
10 0.999999 5.46652e-07
9 7.82669e-05 0.999922
10 0.998356 0.00164404
10 1 1e-07
10 1 1e-07
10 0.998628 0.00137227
10 0.999999 5.38781e-07
10 0.999897 0.000102948
10 0.994157 0.00584289
10 0.999998 2.48469e-06
9 0.000159347 0.999841
10 0.999989 1.14013e-05
10 0.983621 0.0163791
10 0.999896 0.000103501
10 0.999995 4.56945e-06
10 1 1e-07
10 1 1e-07
10 1 1e-07
10 0.999998 1.71869e-06
10 1 2.59067e-07
10 1 1e-07
10 1 1.21776e-07
10 0.999991 8.67937e-06
10 1 1e-07
10 1 1.1383e-07
9 1.58131e-05 0.999984
10 0.999998 2.06037e-06
10 1 1e-07
10 1 1e-07
10 0.999958 4.18306e-05
10 0.999998 1.99368e-06
10 0.999998 1.68262e-06
10 0.996925 0.00307497
10 0.999998 2.11669e-06
10 0.999575 0.000424943
10 1 1e-07
10 1 1e-07
10 0.999984 1.58655e-05
10 0.997634 0.00236611
10 0.999997 2.60624e-06
10 0.99918 0.0008205
10 1 3.21651e-07
10 1 1e-07
9 5.71588e-07 0.999999
10 0.999931 6.8575e-05
10 0.999908 9.16104e-05
10 0.999958 4.20665e-05
10 1 1e-07
10 1 1e-07
10 0.999911 8.90283e-05
10 0.999879 0.000120704
10 0.999955 4.47765e-05
10 0.999995 4.74342e-06
10 0.999943 5.65933e-05
10 0.999993 6.57322e-06
10 0.999962 3.79144e-05
10 1 1e-07
10 1 1e-07
10 1 1e-07
10 0.999921 7.87586e-05
10 1 1e-07
10 0.999997 2.96812e-06
10 1 1e-07
10 1 1e-07
10 1 1e-07
10 1 1e-07
10 1 1e-07
10 0.999976 2.39999e-05
10 1 1.85975e-07
10 0.999983 1.72507e-05
10 0.999731 0.000269469
10 1 1e-07
10 1 1.45029e-07
10 0.999996 4.37584e-06
10 1 1e-07
10 1 1e-07
10 0.980397 0.0196035
10 1 1e-07
10 0.999966 3.3777e-05
10 1 1.09085e-07
10 1 1e-07
10 1 1e-07
10 1 1e-07
10 0.999749 0.000250725
10 1 1.3431e-07
9 5.50874e-06 0.999994
10 1 1.58038e-07
10 1 1e-07
9 0.00642236 0.993578
10 1 1e-07
10 0.998672 0.00132774
10 1 1e-07
10 0.998862 0.00113839
9 6.76887e-07 0.999999
10 1 1e-07
10 0.999999 9.77796e-07
10 1 1e-07
10 0.999989 1.10582e-05
10 0.999994 6.17171e-06
10 1 1e-07
10 0.999988 1.17116e-05
10 0.999991 8.57412e-06
10 0.99999 1.02529e-05
10 0.999974 2.58747e-05
10 0.999999 1.36109e-06
10 0.999924 7.57142e-05
9 2.36574e-05 0.999976
10 0.99992 7.98549e-05
10 1 1e-07
10 1 1e-07
10 1 1e-07
10 0.999999 5.41985e-07
10 0.999999 8.60163e-07
10 0.999998 1.73391e-06
10 1 1.84671e-07
10 0.999979 2.11028e-05
10 1 4.40284e-07
10 0.999999 7.68224e-07
9 4.75994e-05 0.999952
10 0.999998 2.05535e-06
10 0.999998 2.08665e-06
10 1 1e-07
9 0.0290051 0.970995
10 0.999991 9.20876e-06
10 1 1e-07
10 0.999868 0.000132482
10 1 1e-07
10 0.999996 4.45098e-06
10 0.999995 4.87026e-06
10 1 1e-07
9 0.000358585 0.999641
10 0.999994 6.41249e-06
10 0.999998 1.77486e-06
10 1 1e-07
10 1 1e-07
10 1 1e-07
10 1 1e-07
9 0.0343846 0.965615
10 1 1e-07
10 1 1.24282e-07
10 0.999998 1.83819e-06
10 0.999998 2.04999e-06
10 0.999883 0.000116597
10 1 1e-07
10 0.999998 1.68718e-06
10 1 1e-07
9 1e-07 1
10 0.999999 1.02668e-06
10 1 1e-07
10 1 1e-07
10 0.991575 0.00842533
10 1 1e-07
10 1 1e-07
10 1 1e-07
10 1 1e-07
10 1 1e-07
10 0.999996 4.46454e-06
10 0.999999 7.01897e-07
10 0.91401 0.08599
10 0.999877 0.000123149
10 1 1e-07
10 0.999996 3.53055e-06
10 1 1e-07
10 0.999985 1.50791e-05
10 0.999711 0.000288506
9 3.8765e-06 0.999996
10 1 1e-07
10 0.999995 5.45213e-06
10 0.99999 9.82325e-06
10 1 1e-07
10 0.999985 1.49685e-05
10 1 2.78209e-07
10 1 1e-07
10 0.992312 0.00768754
10 0.999994 6.19285e-06
9 1.7287e-07 1
9 0.00134858 0.998651
10 0.999998 1.53234e-06
9 0.0815142 0.918486
10 1 1e-07
10 1 1e-07
10 0.999989 1.07519e-05
9 0.00103008 0.99897
10 1 1e-07
10 0.999999 8.41963e-07
10 1 1e-07
10 0.999992 8.05916e-06
10 1 1e-07
10 1 1e-07
10 0.982057 0.0179433
10 0.999997 3.3967e-06
10 1 1e-07
10 1 1e-07
10 0.99679 0.00321019
10 1 1e-07
9 0.00177837 0.998222
10 1 1e-07
10 1 1e-07
10 0.999999 6.44755e-07
10 1 1e-07
10 1 1e-07
10 1 1e-07
10 0.999996 4.07701e-06
10 0.999996 4.05756e-06
10 1 1e-07
10 0.999928 7.16498e-05
10 0.999993 7.16932e-06
10 0.999683 0.000316537
9 0.000636751 0.999363
10 0.999877 0.000123054
10 1 1e-07
10 0.99997 2.97127e-05
9 6.79654e-06 0.999993
10 0.999902 9.75271e-05
10 0.999872 0.000128182
10 1 1e-07
10 1 1e-07
10 0.999958 4.18306e-05
10 0.999606 0.000393972
10 0.999998 1.64853e-06
10 1 1e-07
10 0.999886 0.00011395
9 3.689e-07 1
10 1 1e-07
10 0.999998 2.09868e-06
10 1 1.39315e-07
10 0.998704 0.00129556
9 0.399713 0.600287
10 0.999997 3.16102e-06
10 1 1e-07
10 0.999992 8.22212e-06
10 0.999982 1.82032e-05
9 0.000942556 0.999057
10 0.999998 2.03564e-06
10 0.999987 1.25538e-05
10 0.999999 1.34109e-06
10 0.999392 0.000608272
10 1 1e-07
10 1 1e-07
10 0.999979 2.12399e-05
10 1 1e-07
10 1 1.82053e-07
10 1 1e-07
10 1 1.60519e-07
10 1 1e-07
10 1 1e-07
9 0.124579 0.875421
10 1 1e-07
10 1 1e-07
10 1 1e-07
10 0.999794 0.000206002
9 0.0179195 0.98208
10 0.999995 4.65471e-06
9 1e-07 1
10 0.99932 0.000680033
10 0.999997 2.74609e-06
10 1 1e-07
10 1 1e-07
10 0.99289 0.00710975
10 1 1e-07
10 0.999885 0.000114673
10 0.999716 0.000284318
10 1 1e-07
10 0.999992 8.09979e-06
10 0.999899 0.000101016
10 1 1e-07
9 0.000818848 0.999181
10 0.999983 1.70938e-05
10 1 1e-07
10 0.999996 4.43238e-06
10 0.999213 0.000787277
10 1 1.17675e-07
10 0.998467 0.00153344
9 0.00016458 0.999835
9 0.000395046 0.999605
10 0.999999 1.13878e-06
10 0.999765 0.000235322
10 0.999998 2.34005e-06
10 0.963418 0.0365817
9 4.96281e-05 0.99995
10 0.999642 0.000357866
10 0.999999 1.05583e-06
10 0.999724 0.000276199
9 0.000106204 0.999894
10 0.999857 0.000142534
10 0.999961 3.85628e-05
9 0.00400009 0.996
10 0.999527 0.000472647
10 1 3.63859e-07
9 0.000390868 0.999609
10 0.999925 7.47047e-05
10 1 1.08843e-07
10 1 1e-07
10 1 1e-07
10 0.999999 1.02245e-06
10 0.999986 1.392e-05
10 1 1e-07
10 1 1e-07
10 0.999586 0.000413931
10 1 1e-07
10 1 4.4708e-07
10 1 1e-07
10 0.999979 2.09493e-05
10 1 1e-07
10 1 1e-07
10 1 1e-07
10 0.99986 0.000139503
10 1 1.38917e-07
10 0.999967 3.33765e-05
10 1 1e-07
10 0.998616 0.00138417
10 0.999986 1.40822e-05
10 0.999946 5.38243e-05
10 0.999996 3.81085e-06
10 1 1e-07
10 1 1e-07
10 0.999972 2.78861e-05
10 0.999999 1.1592e-06
10 1 1e-07
10 0.996752 0.00324783
10 0.999975 2.47051e-05
10 0.999849 0.0001508
10 1 1e-07
10 0.999972 2.836e-05
10 1 1e-07
10 0.999999 1.01742e-06
10 0.999985 1.5305e-05
9 0.00324148 0.996759
10 0.999974 2.62058e-05
10 0.999997 3.27869e-06
10 1 1e-07
10 0.999841 0.0001587
10 1 2.68431e-07
10 0.996725 0.00327517
10 0.999999 9.79708e-07
10 1 1e-07
9 0.000465347 0.999535
10 0.619823 0.380177
10 1 3.28192e-07
10 0.999991 8.62981e-06
10 1 1e-07
10 1 1e-07
10 0.999993 6.98393e-06
10 1 1e-07
10 1 1e-07
10 0.999701 0.000298868
10 1 1e-07
10 0.999834 0.000165555
10 0.999959 4.08308e-05
10 1 1.93874e-07
10 1 1e-07
10 0.999894 0.000105738
10 0.999967 3.28087e-05
10 0.999996 4.28695e-06
10 1 1e-07
10 1 1.24688e-07
10 1 1e-07
10 0.999993 7.48496e-06
10 1 1e-07
10 1 1e-07
10 1 1e-07
10 1 1e-07
10 1 1e-07
10 1 1e-07
10 0.99993 6.9787e-05
10 0.999998 2.05969e-06
10 1 1e-07
10 0.999948 5.23463e-05
10 0.999996 4.11571e-06
10 1 2.86544e-07
9 0.000471157 0.999529
10 1 1e-07
10 1 1e-07
10 0.999307 0.00069266
9 9.85744e-05 0.999901
10 1 1e-07
10 1 1e-07
10 0.999897 0.000103002
10 1 4.83057e-07
10 1 1e-07
9 0.000261013 0.999739
10 0.99994 6.0257e-05
10 0.999787 0.000212882
10 1 1e-07
10 0.999676 0.000323956
10 1 1e-07
10 0.999999 9.27926e-07
10 0.999472 0.00052812
10 0.999999 1.05536e-06
9 1.92321e-05 0.999981
10 0.999996 4.36535e-06
10 1 1e-07
10 1 1e-07
10 0.999862 0.000138293
10 1 1e-07
10 1 1e-07
10 0.999986 1.40755e-05
10 1 1e-07
9 0.00055029 0.99945
10 0.999102 0.000897513
10 1 1e-07
10 0.999996 4.2915e-06
10 1 1e-07
10 1 1e-07
10 0.943758 0.0562421
10 0.998795 0.00120514
10 1 1e-07
10 1 1e-07
10 1 1e-07
10 0.999977 2.29618e-05
10 1 1e-07
10 0.999999 1.20193e-06
10 0.999999 8.6261e-07
10 1 1e-07
10 1 1e-07
10 0.999998 1.55525e-06
10 0.999998 2.33345e-06
10 0.999999 1.16632e-06
10 0.999992 8.17496e-06
10 1 1e-07
10 0.999977 2.33902e-05
10 0.999965 3.47628e-05
10 1 1e-07
10 1 1e-07
10 1 1e-07
10 1 1e-07
10 1 1e-07
10 1 1.02494e-07
10 0.999836 0.000164047
10 0.999955 4.48885e-05
10 0.999999 7.61621e-07
10 0.999967 3.34786e-05
10 1 1e-07
10 1 1.76725e-07
10 0.995423 0.00457708
10 1 1e-07
10 1 1e-07
10 1 1e-07
10 1 1e-07
10 1 1e-07
10 1 1e-07
10 0.99987 0.000130335
10 0.999275 0.000725475
10 0.999997 3.26768e-06
10 1 1e-07
10 1 1e-07
10 1 1e-07
10 0.999998 2.17309e-06
10 1 1e-07
10 0.999029 0.000971453
10 1 1e-07
10 0.999886 0.000114405
10 0.999867 0.000133241
10 1 1e-07
10 1 1e-07
9 4.82514e-06 0.999995
10 0.999997 2.72643e-06
10 1 1e-07
10 0.999767 0.000233107
10 0.999993 7.13997e-06
10 0.996255 0.00374471
10 0.999759 0.000241359
10 1 1e-07
10 1 1e-07
10 1 1e-07
10 1 1e-07
10 0.999975 2.48546e-05
10 0.999999 8.7231e-07
10 0.999969 3.14669e-05
10 1 1e-07
10 1 1e-07
10 0.999999 1.09789e-06
10 0.999931 6.93744e-05
10 1 1e-07
10 0.999997 2.56893e-06
10 1 1e-07
10 1 1e-07
9 0.000133636 0.999866
10 0.999998 2.44061e-06
10 1 2.10507e-07
10 0.999996 3.83668e-06
10 0.998608 0.00139165
10 0.999935 6.48745e-05
10 0.99998 2.02677e-05
10 1 1e-07
10 1 1e-07
10 1 1e-07
9 0.0090968 0.990903
10 0.999972 2.83476e-05
10 0.998346 0.00165372
10 1 1e-07
10 0.999944 5.62809e-05
10 0.999989 1.06528e-05
10 0.981115 0.0188845
10 0.999986 1.36815e-05
10 0.999894 0.000106345
9 5.95662e-05 0.99994
10 0.999977 2.34844e-05
9 6.50448e-06 0.999993
10 0.999955 4.54582e-05
10 1 1e-07
10 1 1e-07
10 0.999985 1.45955e-05
10 1 1e-07
10 0.999998 2.44049e-06
10 1 1e-07
10 0.999997 3.47943e-06
10 0.999998 2.3483e-06
10 0.999929 7.12278e-05
10 0.999983 1.67431e-05
10 0.999992 7.99575e-06
10 0.999999 9.79556e-07
10 1 1e-07
10 0.999694 0.000306233
10 0.999244 0.000756133
10 1 1e-07
10 1 1e-07
10 1 1e-07
10 0.999966 3.40918e-05
10 1 1e-07
10 0.999848 0.000151978
10 1 1e-07
10 1 1e-07
10 1 1e-07
10 1 1e-07
10 1 1e-07
10 1 1e-07
10 0.999986 1.40748e-05
10 0.999894 0.00010571
10 1 1e-07
10 1 1e-07
9 0.0010032 0.998997
10 1 1e-07
10 0.997299 0.0027008
10 0.999987 1.28933e-05
10 0.999791 0.0002087
10 0.999994 6.13143e-06
10 0.999983 1.72713e-05
10 1 1e-07
10 1 1e-07
10 0.999994 5.9635e-06
10 1 1e-07
10 0.659151 0.340849
10 1 3.02642e-07
9 3.10062e-06 0.999997
10 1 1e-07
10 1 1e-07
10 1 1e-07
10 0.999997 2.63274e-06
10 0.999952 4.82511e-05
10 0.999995 4.77688e-06
10 0.999981 1.86733e-05
10 1 1e-07
10 0.999999 6.62291e-07
9 0.0171591 0.982841
10 0.999998 1.99352e-06
9 8.25475e-06 0.999992
10 0.999918 8.20521e-05
10 0.999907 9.32795e-05
10 1 1e-07
10 0.999959 4.08888e-05
10 0.999995 5.35746e-06
10 0.999996 3.80516e-06
10 0.999994 5.78493e-06
10 1 1e-07
10 0.953757 0.0462428
10 1 1e-07
10 1 1e-07
10 0.999998 2.43843e-06
10 0.999932 6.84335e-05
10 0.999999 9.29965e-07
10 0.999947 5.30952e-05
9 0.000319275 0.999681
10 1 1e-07
10 0.999999 1.23253e-06
10 0.999971 2.85508e-05
10 1 1e-07
10 1 1e-07
9 3.43027e-06 0.999997
10 0.999985 1.48247e-05
9 3.19444e-05 0.999968
9 0.00430183 0.995698
10 1 1.50259e-07
10 0.999682 0.000317788
10 0.999999 5.27278e-07
10 0.994122 0.00587821
10 1 1e-07
10 0.999618 0.000381503
10 0.999999 1.14903e-06
9 0.000285901 0.999714
10 1 2.15891e-07
10 0.996398 0.0036017
10 1 1e-07
10 1 1e-07
10 1 1e-07
10 0.99998 2.01837e-05
10 1 1e-07
10 0.99997 3.03471e-05
10 0.999981 1.94545e-05
10 1 1.46335e-07
10 0.999818 0.000181735
10 0.999991 9.3221e-06
9 0.00686158 0.993138
10 1 1.1478e-07
9 0.0283184 0.971682
10 1 1e-07
10 0.999486 0.000514267
10 0.99998 2.03632e-05
10 1 1e-07
10 0.99889 0.00110985
10 0.999973 2.67408e-05
10 1 1e-07
9 1e-07 1
10 1 1e-07
10 0.999961 3.88097e-05
10 0.999845 0.000154679
10 0.999953 4.74537e-05
10 0.999988 1.18059e-05
10 0.978233 0.0217672
9 6.49886e-05 0.999935
10 0.999995 4.55414e-06
10 0.999999 7.19177e-07
10 0.999993 6.68323e-06
10 1 1e-07
10 0.999999 9.07324e-07
10 1 1e-07
10 1 1e-07
10 0.999925 7.457e-05
10 0.984055 0.0159451
10 1 1e-07
10 0.999997 3.35128e-06
9 0.000156766 0.999843
10 0.999999 9.26794e-07
10 1 1e-07
9 5.44836e-05 0.999946
10 0.999998 2.20435e-06
10 1 1e-07
9 3.03281e-06 0.999997
9 1.53609e-05 0.999985
10 0.99905 0.000950044
10 1 1e-07
10 1 1e-07
10 1 1e-07
10 0.994603 0.00539702
10 1 1e-07
10 0.997552 0.00244823
10 1 1e-07
9 8.45072e-05 0.999915
10 1 1e-07
10 1 1e-07
10 0.999994 5.73414e-06
10 0.999995 4.62942e-06
10 1 1e-07
10 1 1e-07
10 1 1e-07
10 1 1e-07
10 0.999285 0.000714668
10 0.98098 0.0190205
10 0.999999 7.45055e-07
10 1 1e-07
10 0.999835 0.000164533
10 0.99996 3.98775e-05
10 1 1e-07
10 0.99985 0.000150357
10 1 1e-07
10 1 1e-07
10 1 1e-07
10 1 1e-07
10 1 1e-07
10 0.999999 1.01125e-06
10 0.999894 0.000106309
10 0.999995 4.7997e-06
9 0.158665 0.841335
10 0.999991 9.24583e-06
10 1 1e-07
10 0.999989 1.13781e-05
10 0.999976 2.36589e-05
10 1 1e-07
10 0.999999 8.20035e-07
10 1 1e-07
10 0.992079 0.00792097
10 0.997885 0.00211545
10 0.999998 1.5627e-06
10 1 1e-07
10 0.99997 2.96164e-05
10 0.999229 0.000770543
10 1 1e-07
10 1 1e-07
10 0.999033 0.000966697
9 9.23156e-06 0.999991
10 0.999994 5.82527e-06
10 1 1e-07
10 1 1e-07
10 0.999993 6.71573e-06
10 0.999961 3.85399e-05
10 0.999999 1.29233e-06
10 1 1e-07
10 1 1e-07
10 0.999999 6.96605e-07
10 0.999815 0.000185051
10 1 1e-07
10 1 1e-07
10 0.999826 0.000174391
10 0.999966 3.4023e-05
10 0.999998 2.41473e-06
10 1 1e-07
10 1 1e-07
10 0.999989 1.07566e-05
10 1 1e-07
10 0.999995 5.15147e-06
10 0.999999 1.45992e-06
10 1 1e-07
10 1 1e-07
10 0.989874 0.010126
10 1 1e-07
10 1 1e-07
10 0.999875 0.000124768
10 0.999857 0.000142891
10 0.999994 6.44157e-06
10 0.999954 4.57832e-05
10 1 1e-07
10 0.999998 1.50192e-06
10 0.99952 0.000480286
10 1 1e-07
10 1 1e-07
10 1 1e-07
10 1 1e-07
10 0.999883 0.000117196
10 1 2.27689e-07
10 0.999997 2.783e-06
10 1 1e-07
10 1 1e-07
10 0.999999 1.07887e-06
10 1 1e-07
10 0.999991 9.21796e-06
10 0.996282 0.00371806
10 1 1e-07
10 0.999847 0.000153456
10 1 1e-07
9 0.000188974 0.999811
10 1 1e-07
10 1 1e-07
10 0.999998 1.96785e-06
10 0.99998 1.95817e-05
10 0.999851 0.000149486
10 0.999964 3.57172e-05
10 0.999968 3.16981e-05
10 1 2.57443e-07
10 1 1e-07
10 0.999985 1.50657e-05
10 0.999989 1.10004e-05
10 1 1e-07
10 0.999611 0.000389276
9 0.000369369 0.999631
9 1.96267e-05 0.99998
9 3.11876e-05 0.999969
10 1 1e-07
10 0.999956 4.39163e-05
10 0.999993 6.80163e-06
10 0.999946 5.42818e-05
10 1 1e-07
10 1 1e-07
10 1 1e-07
10 0.99998 2.02426e-05
10 0.999988 1.19892e-05
9 0.00138305 0.998617
10 1 1e-07
10 1 1e-07
10 1 1.21788e-07
10 0.999646 0.000354462
10 0.999996 4.25264e-06
9 1.74246e-05 0.999983
10 1 1e-07
10 0.999982 1.75618e-05
10 0.999837 0.000162949
9 0.000794943 0.999205
10 1 1e-07
10 0.999994 6.38359e-06
10 1 1e-07
10 1 1e-07
10 1 1e-07
9 3.52264e-06 0.999996
10 1 1e-07
10 0.999999 7.16137e-07
10 1 4.95e-07
10 0.999939 6.06505e-05
10 0.999978 2.18398e-05
10 1 1e-07
10 1 3.72364e-07
10 0.999908 9.16034e-05
10 0.999999 1.33759e-06
10 0.999848 0.000152218
10 0.999814 0.000186062
9 0.000111826 0.999888
10 0.999999 6.16387e-07
10 1 1e-07
9 0.0112281 0.988772
10 1 1e-07
10 1 1e-07
10 1 1e-07
10 0.999996 3.63579e-06
9 0.00205213 0.997948
10 0.999876 0.000123688
10 1 1e-07
10 1 1e-07
10 1 4.42681e-07
10 1 1e-07
10 1 1e-07
10 0.999621 0.000378997
10 0.999982 1.77893e-05
9 1.46632e-06 0.999999
9 3.51505e-07 1
10 1 1e-07
10 1 1e-07
10 1 1e-07
10 0.999862 0.000138158
10 1 1e-07
10 0.999939 6.11148e-05
10 0.99999 1.00041e-05
10 0.999937 6.32804e-05
10 0.999995 5.15044e-06
10 1 1e-07
10 1 1e-07
10 0.99999 1.03555e-05
10 0.999999 5.77307e-07
10 1 1e-07
10 0.999219 0.000781277
10 1 1e-07
10 0.999982 1.80915e-05
10 0.999793 0.000206897
9 6.97775e-05 0.99993
10 0.999994 6.39154e-06
10 1 1e-07
9 0.000573444 0.999427
9 0.0268664 0.973134
10 0.999998 1.90479e-06
10 1 1e-07
10 0.999862 0.000137944
9 0.000334307 0.999666
10 0.999749 0.000250586
10 1 1e-07
10 1 1e-07
10 0.999991 8.53538e-06
10 0.999873 0.000127349
10 1 1e-07
10 0.997573 0.00242667
9 0.00427683 0.995723
10 0.999997 3.12359e-06
10 0.990952 0.00904825
10 0.999998 2.32123e-06
10 0.999985 1.52381e-05
10 0.99997 2.97347e-05
10 0.999999 5.70163e-07
10 1 1e-07
9 0.000698171 0.999302
10 0.999998 2.11864e-06
10 0.999993 6.74675e-06
10 0.999625 0.000375131
9 0.011774 0.988226
10 0.999992 7.878e-06
9 6.5875e-05 0.999934
10 0.999995 5.47919e-06
9 0.000138966 0.999861
10 1 1e-07
10 0.999992 7.96017e-06
10 0.996914 0.00308594
9 3.30711e-05 0.999967
10 1 1e-07
10 0.998954 0.00104616
10 1 1e-07
10 1 1e-07
10 1 1e-07
9 2.41679e-06 0.999998
10 1 1e-07
10 1 1e-07
10 1 1e-07
10 1 1e-07
10 0.999999 6.59244e-07
10 1 1e-07
10 0.999986 1.42553e-05
10 0.999992 7.64323e-06
9 1.11778e-05 0.999989
10 1 1e-07
10 0.999987 1.29415e-05
9 0.00113882 0.998861
9 6.92619e-06 0.999993
10 1 1e-07
10 1 1e-07
10 0.999999 7.06521e-07
10 0.999996 4.01183e-06
10 1 1e-07
9 6.19003e-05 0.999938
10 1 1e-07
10 1 1e-07
10 0.999979 2.1246e-05
10 0.999991 8.93076e-06
10 0.999912 8.78104e-05
10 1 1e-07
10 1 1e-07
10 1 1e-07
10 1 1e-07
10 1 1e-07
9 1.19301e-06 0.999999
10 1 1.40888e-07
10 1 1e-07
10 0.999938 6.19329e-05
10 1 4.38715e-07
9 7.39407e-05 0.999926
10 1 1.03444e-07
10 0.999993 7.24191e-06
10 1 3.66048e-07
10 0.999936 6.42832e-05
10 1 1e-07
10 1 1e-07
10 0.999953 4.73158e-05
10 1 1e-07
10 1 1e-07
10 0.999997 3.34774e-06
10 0.999781 0.000219117
10 1 1e-07
10 0.999855 0.000145382
10 1 1.1913e-07
10 0.999946 5.3855e-05
10 0.999963 3.69304e-05
10 1 1e-07
10 1 1e-07
10 0.999952 4.79896e-05
10 0.999781 0.00021889
9 0.00228546 0.997715
9 7.004e-06 0.999993
10 0.999455 0.000544508
10 1 1e-07
10 1 1e-07
10 1 1e-07
10 1 1e-07
10 1 1e-07
10 0.786562 0.213438
10 1 1e-07
9 1.63353e-07 1
10 0.977745 0.0222552
10 0.999962 3.84986e-05
10 0.999964 3.613e-05
10 0.999997 2.54066e-06
10 1 1e-07
10 1 1e-07
9 0.000223773 0.999776
10 1 1e-07
10 0.998963 0.00103741
10 0.733535 0.266465
10 0.999311 0.000689482
10 1 1e-07
9 1.86812e-06 0.999998
10 1 1e-07
10 1 1e-07
10 1 1e-07
10 0.999996 3.84915e-06
10 1 1e-07
10 1 1e-07
10 0.999972 2.76838e-05
10 0.997657 0.00234321
10 0.999977 2.31674e-05
10 1 1e-07
10 0.999975 2.51926e-05
10 0.99978 0.000220421
10 1 1.37831e-07
10 0.999997 3.4828e-06
10 0.999999 8.92473e-07
9 0.000631055 0.999369
10 1 1e-07
10 0.999925 7.45788e-05
10 0.999836 0.000163836
10 0.999996 4.07917e-06
10 1 1e-07
9 0.00971514 0.990285
10 0.999999 8.22316e-07
10 1 1e-07
10 1 1e-07
10 1 1e-07
9 9.57843e-06 0.99999
9 0.00211148 0.997889
10 0.9999 9.99794e-05
10 1 1e-07
10 1 1e-07
10 0.999998 2.49299e-06
10 1 1e-07
10 1 1e-07
10 0.999864 0.000136303
10 1 1e-07
10 0.999997 2.57164e-06
10 0.999927 7.26607e-05
10 1 1e-07
10 0.999998 2.13963e-06
10 0.999998 1.67652e-06
10 0.999995 4.81814e-06
10 1 1e-07
10 1 1e-07
10 1 1e-07
10 0.999975 2.53776e-05
10 0.999996 4.26767e-06
10 1 1e-07
10 1 1e-07
10 0.999995 4.55891e-06
9 3.5139e-06 0.999996
10 0.999955 4.50165e-05
10 1 1e-07
10 1 1e-07
10 0.999635 0.000364761
10 1 1.56656e-07
10 0.998225 0.00177507
10 1 2.63919e-07
9 3.27848e-05 0.999967
10 0.999466 0.000534134
10 1 1e-07
10 0.999999 5.59674e-07
10 0.999853 0.000146776
9 0.000195657 0.999804
10 1 1e-07
10 0.999998 2.07303e-06
10 0.999231 0.000768588
10 1 1e-07
10 1 1e-07
9 6.81615e-05 0.999932
10 1 1e-07
10 0.999992 8.01393e-06
10 1 1.96241e-07
10 0.991998 0.00800179
10 1 1e-07
10 1 1e-07
10 1 1e-07
10 0.999477 0.000522844
10 0.999984 1.57513e-05
10 1 2.45175e-07
9 0.00010307 0.999897
10 1 1e-07
10 0.991859 0.00814112
10 1 1e-07
10 1 1e-07
10 1 1e-07
10 1 1.93961e-07
10 1 1e-07
10 1 1e-07
10 0.999819 0.00018075
10 0.999985 1.48035e-05
10 0.999978 2.18666e-05
10 1 1e-07
10 0.999999 1.27273e-06
10 1 1e-07
10 1 1e-07
10 0.999962 3.79998e-05
10 1 1e-07
10 1 1e-07
9 0.00636028 0.99364
9 0.000489418 0.999511
10 0.99971 0.000289905
10 0.999991 9.07185e-06
10 1 1e-07
9 3.3101e-05 0.999967
10 0.999997 3.07737e-06
10 0.999974 2.61017e-05
10 1 1e-07
10 1 1e-07
9 0.000216919 0.999783
10 1 4.28774e-07
10 1 1e-07
9 0.00199572 0.998004
9 0.00316957 0.99683
10 1 1e-07
9 1.25532e-05 0.999987
10 0.995847 0.00415316
10 0.999993 6.97969e-06
10 1 1e-07
10 1 1e-07
10 0.988938 0.0110623
10 0.999995 5.24996e-06
10 0.997043 0.00295721
10 1 1e-07
10 0.999999 6.35983e-07
10 1 1e-07
10 0.999823 0.000177105
10 0.992745 0.00725542
10 1 1e-07
10 0.999996 4.05824e-06
10 1 1e-07
10 0.999984 1.62014e-05
10 0.999997 2.87502e-06
10 0.999955 4.51528e-05
10 1 1e-07
10 1 1e-07
10 0.999999 9.22214e-07
10 1 1e-07
10 0.999997 3.47095e-06
10 0.999999 1.22778e-06
10 0.99827 0.00172962
10 1 1e-07
10 0.99998 2.04375e-05
10 1 1e-07
10 0.999997 3.07436e-06
10 1 1e-07
10 1 1e-07
10 1 1e-07
10 1 1e-07
10 1 1e-07
10 0.999998 2.33441e-06
9 0.0119446 0.988055
10 1 1e-07
10 1 1e-07
10 0.999998 1.5097e-06
10 1 1e-07
10 1 1e-07
10 0.999936 6.42595e-05
10 1 1e-07
10 0.998944 0.00105629
10 0.999992 8.09118e-06
10 1 1e-07
10 1 1e-07
10 1 1e-07
9 1.16003e-05 0.999988
10 1 1.29433e-07
10 1 1e-07
10 1 1e-07
10 0.999995 5.05177e-06
10 0.999998 1.53777e-06
10 0.999995 5.02453e-06
10 1 4.0368e-07
10 1 1e-07
10 1 1e-07
10 0.999919 8.1114e-05
10 1 1e-07
10 0.999491 0.000509282
10 1 1e-07
10 1 1e-07
10 1 1e-07
10 1 1e-07
10 1 1e-07
10 0.999895 0.00010541
10 1 1.11749e-07
10 0.999993 7.31602e-06
10 0.999995 4.86254e-06
10 1 1e-07
10 1 2.84749e-07
10 0.998058 0.00194209
10 0.999992 7.58716e-06
9 8.87609e-06 0.999991
10 0.998954 0.00104565
10 1 1e-07
10 0.999961 3.87486e-05
10 1 1e-07
10 0.99999 9.63779e-06
10 1 1.48469e-07
10 0.999993 7.12156e-06
10 1 1e-07
10 0.999999 9.23415e-07
10 0.999999 6.97129e-07
10 1 1e-07
10 0.998746 0.00125401
10 1 1e-07
10 1 1e-07
10 1 4.36382e-07
10 1 1.18496e-07
10 0.999898 0.000101673
10 1 1.69997e-07
10 1 1e-07
10 0.999999 8.48323e-07
10 0.999995 5.43827e-06
10 0.999995 4.64839e-06
10 0.999935 6.49561e-05
10 0.999994 5.9984e-06
10 1 1e-07
10 0.999995 4.77508e-06
10 0.999991 9.10012e-06
10 1 1e-07
10 0.999439 0.000561341
10 1 1.5788e-07
9 3.07632e-05 0.999969
10 1 1e-07
10 1 1e-07
10 1 1e-07
10 1 1e-07
10 1 1e-07
10 1 1e-07
10 0.999989 1.05394e-05
10 0.999994 5.516e-06
10 0.999998 1.88678e-06
10 0.99999 9.60608e-06
10 1 1e-07
10 0.999985 1.48571e-05
10 0.999982 1.79372e-05
10 1 1e-07
10 0.999944 5.63357e-05
10 0.999997 2.50669e-06
10 0.999763 0.000237319
10 0.996852 0.00314756
10 1 1e-07
10 0.999986 1.44856e-05
10 0.999755 0.000245204
10 0.999442 0.000558041
10 1 1e-07
10 1 1e-07
10 0.999989 1.13952e-05
10 1 1e-07
10 0.99999 1.04659e-05
10 0.996767 0.00323273
10 0.999998 2.39401e-06
10 0.999999 1.06689e-06
10 1 1e-07
10 1 1e-07
10 0.999967 3.32243e-05
10 0.999996 4.03747e-06
10 0.999172 0.000828343
10 0.999789 0.000210976
10 0.999977 2.2704e-05
10 0.999813 0.00018735
10 0.999804 0.000195966
10 1 1e-07
10 1 1e-07
10 1 3.8459e-07
10 0.999971 2.87926e-05
10 1 1e-07
10 1 1e-07
10 0.999998 1.82973e-06
10 0.999999 1.48488e-06
10 0.999986 1.44724e-05
10 0.999979 2.13449e-05
10 1 1e-07
10 1 1e-07
10 0.999991 8.74742e-06
10 0.999934 6.62653e-05
10 0.999924 7.57733e-05
10 1 1e-07
10 0.999994 5.98776e-06
10 1 3.26879e-07
10 1 1e-07
10 0.999987 1.32251e-05
10 0.999859 0.000140958
10 0.999979 2.06772e-05
10 0.998308 0.00169215
10 1 1e-07
10 0.999984 1.64665e-05
10 0.999842 0.000158327
10 1 1e-07
10 1 1.57156e-07
10 0.998377 0.00162281
10 0.999999 9.41073e-07
10 1 1e-07
9 0.40178 0.59822
10 1 1e-07
10 1 1e-07
10 0.999976 2.38174e-05
10 0.999994 5.50387e-06
10 0.999988 1.15368e-05
10 1 1e-07
10 0.999768 0.000231766
10 0.690866 0.309134
9 0.0100247 0.989975
10 0.999883 0.000116792
10 0.999343 0.000656923
10 1 1e-07
9 0.265343 0.734657
10 0.999997 2.63637e-06
10 0.999991 9.24852e-06
10 1 1e-07
9 0.344739 0.655261
10 1 1e-07
10 0.999998 2.19364e-06
10 1 1e-07
10 1 1e-07
10 0.999994 6.02851e-06
10 0.999994 6.22238e-06
10 0.999999 1.08783e-06
10 0.999688 0.000312094
10 1 1e-07
9 0.00024155 0.999758
10 0.99985 0.000149908
10 0.999727 0.000272934
10 0.999999 1.33673e-06
10 1 1e-07
10 1 1e-07
10 0.99998 1.97511e-05
10 1 1e-07
10 0.999996 3.60469e-06
10 0.999994 5.54022e-06
9 0.489536 0.510464
10 0.999992 8.30219e-06
10 1 1e-07
10 0.982923 0.0170771
10 0.999999 1.24461e-06
10 0.994278 0.00572179
10 0.999571 0.000429416
10 1 1e-07
10 1 1e-07
10 0.999999 7.20485e-07
10 1 1e-07
10 0.999271 0.000728685
10 0.999998 1.84896e-06
10 0.999999 7.31915e-07
10 0.999996 3.86172e-06
10 1 1e-07
10 1 1e-07
10 0.999994 5.57476e-06
10 0.999966 3.41189e-05
10 1 1e-07
10 0.999542 0.000458182
10 0.999967 3.30715e-05
10 1 1e-07
10 1 1e-07
10 0.999997 2.56e-06
9 0.000108732 0.999891
10 0.99989 0.000109892
10 0.999874 0.000126288
10 1 1e-07
10 1 1e-07
10 0.999997 3.26619e-06
10 0.999949 5.10397e-05
10 1 2.62057e-07
9 5.59954e-06 0.999994
10 0.999927 7.2791e-05
10 1 1e-07
10 1 1e-07
10 1 1e-07
10 0.999533 0.00046698
10 0.999991 9.14919e-06
10 1 4.00418e-07
10 0.999983 1.68551e-05
9 8.12504e-07 0.999999
10 1 1e-07
10 0.999986 1.41685e-05
10 0.999991 9.31366e-06
9 0.0769116 0.923088
10 0.999981 1.91597e-05
10 1 1e-07
10 1 1e-07
10 0.999948 5.18955e-05
10 1 1e-07
9 5.93335e-05 0.999941
10 0.99889 0.00110983
10 0.999996 4.42592e-06
10 1 1e-07
10 0.999913 8.66299e-05
10 0.999998 2.1807e-06
10 0.998428 0.00157178
10 0.998571 0.00142914
10 0.999957 4.29609e-05
10 0.999998 2.31852e-06
10 0.999402 0.000597546
10 0.999999 8.40744e-07
10 0.999892 0.000107683
10 0.999997 2.54538e-06
10 1 4.94515e-07
10 1 1e-07
10 1 1e-07
10 0.999989 1.13353e-05
10 1 1e-07
10 0.999999 5.91761e-07
9 0.110613 0.889387
10 0.999999 6.55761e-07
10 1 1e-07
10 1 1e-07
10 0.999994 6.23273e-06
10 0.999967 3.29641e-05
9 4.77643e-05 0.999952
9 1.03852e-06 0.999999
10 0.99999 9.72583e-06
10 1 1e-07
10 0.999977 2.29455e-05
10 0.99998 2.0206e-05
10 1 1e-07
10 1 1e-07
10 0.999888 0.000111786
9 8.91616e-05 0.999911
10 1 1e-07
10 0.99999 1.01125e-05
10 0.999974 2.64612e-05
10 1 1e-07
10 1 1e-07
10 1 1.9084e-07
10 1 1.98403e-07
10 1 1e-07
10 1 1e-07
10 0.999993 6.60944e-06
9 0.00011951 0.99988
10 0.999991 8.56762e-06
10 1 3.80356e-07
10 0.995796 0.00420363
10 0.998619 0.00138099
10 1 1e-07
10 1 1e-07
9 2.92047e-05 0.999971
10 1 1e-07
10 0.999967 3.30938e-05
10 1 1e-07
10 1 1e-07
10 0.999293 0.00070707
10 1 1e-07
10 0.999997 2.50243e-06
10 0.999988 1.18302e-05
10 1 1e-07
10 1 1e-07
10 0.999983 1.65417e-05
