labels 8 9
8 0.999459 0.000541104
8 0.999737 0.000263031
8 0.996866 0.00313357
9 1e-07 1
9 5.44879e-07 0.999999
8 0.873639 0.126361
9 0.0766938 0.923306
9 0.00144178 0.998558
9 4.43714e-06 0.999996
9 1e-07 1
9 0.000245436 0.999755
8 0.993817 0.00618262
9 0.344347 0.655653
8 0.981108 0.0188918
9 0.0944433 0.905557
9 1.60233e-05 0.999984
9 0.487328 0.512672
9 2.73379e-05 0.999973
8 0.996319 0.00368075
9 0.00824074 0.991759
8 0.983922 0.0160776
8 0.997296 0.00270404
8 0.994044 0.00595609
8 0.989529 0.0104715
8 0.984535 0.0154654
8 0.992825 0.00717457
8 0.78917 0.21083
8 0.974428 0.0255723
9 0.112455 0.887545
8 0.993308 0.00669191
9 4.62088e-06 0.999995
9 0.24865 0.75135
8 0.996367 0.00363253
9 1e-07 1
9 0.0196507 0.980349
9 2.34033e-05 0.999977
8 0.99061 0.00938991
8 0.990193 0.00980686
9 2.37135e-07 1
8 0.993354 0.00664555
8 0.997111 0.00288868
9 0.0427871 0.957213
8 0.994597 0.00540313
8 0.984807 0.0151929
8 0.974218 0.0257818
8 0.997565 0.0024349
8 0.992637 0.00736276
8 0.996997 0.00300251
8 0.997037 0.00296327
8 0.99669 0.00330989
9 5.24691e-07 0.999999
9 0.00371917 0.996281
9 0.00114886 0.998851
9 0.0958287 0.904171
8 0.991168 0.00883198
8 0.991542 0.00845793
8 0.913902 0.0860984
8 0.974234 0.0257658
8 0.985498 0.0145025
8 0.998216 0.00178398
8 0.946971 0.0530289
8 0.99921 0.000789857
8 0.983178 0.0168215
8 0.979608 0.0203917
9 1e-07 1
9 1e-07 1
8 0.994766 0.00523429
8 0.993626 0.0063745
9 3.61641e-05 0.999964
9 0.0287727 0.971227
8 0.999231 0.000769328
9 0.114796 0.885204
8 0.993014 0.00698632
8 0.990096 0.00990371
9 0.212228 0.787772
9 1.66305e-07 1
8 0.996112 0.00388773
8 0.995905 0.00409535
8 0.993394 0.00660581
8 0.996041 0.00395919
8 0.997911 0.00208898
8 0.996821 0.00317914
9 3.17764e-07 1
8 0.946187 0.0538133
9 0.273895 0.726105
8 0.991763 0.00823684
8 0.992857 0.00714295
8 0.996935 0.00306529
8 0.99849 0.00150974
8 0.992555 0.00744503
9 1e-07 1
8 0.993205 0.00679466
9 0.49889 0.50111
8 0.996169 0.00383095
8 0.991394 0.00860638
9 1e-07 1
8 0.995829 0.00417068
8 0.997769 0.00223071
8 0.959371 0.040629
8 0.983105 0.0168952
8 0.985773 0.0142266
8 0.995927 0.00407327
9 0.00476445 0.995236
8 0.989474 0.0105259
8 0.991297 0.00870332
9 1.43365e-06 0.999999
9 0.00148142 0.998519
8 0.990221 0.0097793
9 0.0359248 0.964075
8 0.974643 0.0253573
8 0.958452 0.0415478
9 0.459403 0.540597
8 0.987913 0.0120866
8 0.993873 0.00612691
8 0.994627 0.00537307
8 0.994891 0.00510938
8 0.998175 0.00182537
9 0.28697 0.71303
8 0.99905 0.000950426
8 0.992317 0.00768272
8 0.981615 0.0183846
8 0.981078 0.0189218
9 0.0445805 0.955419
8 0.842043 0.157957
8 0.99526 0.00474029
8 0.993402 0.00659758
8 0.995282 0.004718
9 0.0434222 0.956578
8 0.994668 0.00533237
8 0.99411 0.00588992
9 0.360357 0.639643
9 0.448685 0.551315
8 0.998183 0.00181655
8 0.991974 0.00802649
9 0.247729 0.752271
9 8.90236e-06 0.999991
9 0.0400565 0.959943
8 0.966745 0.0332555
9 1.13481e-05 0.999989
9 0.122054 0.877946
8 0.995888 0.00411236
9 0.000638431 0.999362
8 0.991338 0.00866193
8 0.997518 0.00248156
8 0.998104 0.00189648
8 0.992539 0.00746107
9 0.0275197 0.97248
9 0.212303 0.787697
9 0.000794277 0.999206
9 0.0768282 0.923172
8 0.94682 0.0531796
8 0.966031 0.0339693
8 0.98982 0.0101799
8 0.983997 0.0160028
8 0.988913 0.0110867
8 0.996992 0.00300844
8 0.991839 0.00816076
9 0.123951 0.876049
8 0.996215 0.00378494
9 0.000893921 0.999106
9 0.0136382 0.986362
9 0.00570453 0.994295
9 9.06291e-05 0.999909
8 0.997871 0.00212948
8 0.980695 0.0193048
9 0.0422837 0.957716
9 1e-07 1
9 7.10396e-05 0.999929
8 0.996951 0.00304936
9 1e-07 1
9 0.00185909 0.998141
8 0.990855 0.0091453
8 0.805764 0.194236
8 0.960175 0.0398248
8 0.999245 0.000755412
8 0.995685 0.00431548
9 0.046426 0.953574
9 7.73162e-07 0.999999
8 0.995806 0.00419399
8 0.986131 0.0138691
9 9.86598e-06 0.99999
8 0.900773 0.0992273
8 0.981685 0.0183153
8 0.986729 0.0132707
9 0.183238 0.816762
8 0.996707 0.00329291
8 0.988376 0.0116241
8 0.997883 0.00211734
8 0.988043 0.0119572
8 0.787567 0.212433
8 0.988482 0.0115182
9 0.0187011 0.981299
8 0.981618 0.018382
8 0.989156 0.0108445
8 0.989386 0.0106143
8 0.995308 0.00469193
8 0.986185 0.0138145
9 0.144753 0.855247
8 0.961086 0.0389139
8 0.962314 0.0376856
9 0.0021204 0.99788
8 0.994768 0.00523174
8 0.992683 0.00731667
8 0.983872 0.0161279
8 0.989674 0.0103263
9 4.78693e-06 0.999995
8 0.992696 0.0073036
9 0.152438 0.847562
8 0.991732 0.00826816
8 0.988288 0.0117123
8 0.94474 0.05526
8 0.997837 0.002163
8 0.986238 0.0137616
9 0.0388098 0.96119
8 0.938813 0.0611867
8 0.98908 0.0109203
9 1e-07 1
8 0.998303 0.00169695
8 0.995411 0.00458877
9 0.331507 0.668493
9 0.000214037 0.999786
9 1e-07 1
8 0.997415 0.00258471
8 0.998146 0.00185421
8 0.991017 0.0089834
8 0.996983 0.003017
8 0.996896 0.00310449
8 0.987716 0.0122843
8 0.945728 0.0542716
8 0.993879 0.00612091
8 0.989452 0.0105475
9 1e-07 1
8 0.995382 0.00461785
8 0.988735 0.0112652
8 0.993093 0.00690663
9 0.00662852 0.993371
8 0.986065 0.0139352
8 0.988064 0.0119355
9 0.151103 0.848897
8 0.980694 0.0193057
8 0.99755 0.00244987
8 0.993649 0.00635104
9 2.30173e-06 0.999998
9 0.000195706 0.999804
9 0.0399088 0.960091
8 0.988583 0.0114172
8 0.989538 0.0104619
8 0.999568 0.000431847
9 0.0163895 0.983611
8 0.991189 0.00881128
8 0.822513 0.177487
9 0.00164383 0.998356
8 0.999502 0.000498414
8 0.991383 0.00861726
8 0.995414 0.00458561
8 0.99157 0.00842974
8 0.989857 0.0101428
8 0.97795 0.0220496
9 0.00718863 0.992811
8 0.994562 0.00543774
9 0.010013 0.989987
8 0.998857 0.00114316
9 0.313433 0.686567
8 0.985526 0.0144735
9 1e-07 1
8 0.997097 0.00290332
9 1.0553e-06 0.999999
8 0.990743 0.00925726
8 0.99132 0.00867989
8 0.996671 0.00332938
8 0.997301 0.00269856
9 0.0119136 0.988086
8 0.978171 0.0218288
8 0.990852 0.00914835
8 0.995141 0.00485883
8 0.808911 0.191089
8 0.997413 0.00258682
8 0.988096 0.0119042
8 0.992539 0.00746122
9 2.01762e-06 0.999998
8 0.986318 0.0136821
8 0.991972 0.00802763
8 0.970131 0.0298691
8 0.990328 0.00967208
8 0.997024 0.00297566
8 0.983115 0.0168849
8 0.995941 0.00405906
8 0.99689 0.00311045
9 0.453696 0.546304
8 0.992149 0.00785052
9 0.245129 0.754871
8 0.982392 0.017608
8 0.994801 0.00519864
8 0.987735 0.0122651
8 0.544787 0.455213
8 0.999676 0.000324253
8 0.997924 0.00207629
9 8.74283e-07 0.999999
8 0.961321 0.0386794
8 0.78187 0.21813
9 0.00017957 0.99982
8 0.996917 0.00308312
8 0.991488 0.00851172
8 0.99619 0.00381022
9 0.468101 0.531899
9 0.049209 0.950791
8 0.993551 0.00644852
8 0.982293 0.017707
9 0.00139389 0.998606
9 0.00758486 0.992415
8 0.982773 0.0172272
8 0.954416 0.0455836
9 0.358437 0.641563
8 0.999546 0.000453795
8 0.908956 0.0910437
8 0.997251 0.00274902
9 0.0191028 0.980897
9 0.0241217 0.975878
8 0.998493 0.00150684
8 0.993064 0.00693618
9 0.0117978 0.988202
8 0.996918 0.00308237
8 0.997939 0.00206099
9 0.0110461 0.988954
8 0.995162 0.00483785
8 0.993581 0.00641861
8 0.99321 0.00678978
8 0.997281 0.00271853
8 0.998156 0.0018442
8 0.976227 0.0237728
9 0.0576964 0.942304
9 0.0107451 0.989255
8 0.994677 0.00532331
8 0.992915 0.00708473
8 0.99801 0.00199011
8 0.985147 0.0148535
9 0.0931477 0.906852
9 8.21386e-06 0.999992
8 0.991715 0.0082852
8 0.980767 0.0192326
8 0.999108 0.000891672
9 0.145133 0.854867
8 0.988716 0.0112837
8 0.997032 0.00296817
8 0.992212 0.00778826
9 2.2451e-07 1
8 0.981471 0.0185291
9 0.000839057 0.999161
9 0.00855699 0.991443
8 0.997655 0.00234515
9 0.098102 0.901898
8 0.990632 0.00936788
9 0.0132081 0.986792
9 0.146642 0.853358
8 0.993308 0.00669193
8 0.99703 0.00297044
9 0.0309767 0.969023
9 0.000254533 0.999745
9 1e-07 1
8 0.997153 0.00284692
9 0.166736 0.833264
8 0.983159 0.0168415
8 0.992483 0.0075165
8 0.991216 0.00878404
9 0.00431627 0.995684
8 0.94706 0.0529399
8 0.993877 0.0061232
8 0.993031 0.00696919
8 0.987278 0.0127223
8 0.996706 0.00329413
9 0.105102 0.894898
8 0.981479 0.018521
9 1.39006e-06 0.999999
8 0.962792 0.0372077
8 0.986423 0.0135769
8 0.998795 0.00120458
9 0.00219659 0.997803
8 0.995803 0.00419749
8 0.99801 0.00198996
9 1e-07 1
8 0.994503 0.00549673
9 0.00308477 0.996915
8 0.997164 0.00283637
8 0.996202 0.00379799
8 0.992451 0.00754926
8 0.96668 0.0333196
8 0.99215 0.00784978
8 0.991355 0.00864512
9 0.00010726 0.999893
9 0.128775 0.871225
8 0.994007 0.0059931
8 0.994345 0.00565498
9 5.2262e-05 0.999948
9 1e-07 1
9 0.000996331 0.999004
8 0.731616 0.268384
8 0.979283 0.0207167
8 0.980803 0.0191968
8 0.969523 0.0304769
8 0.993288 0.00671199
8 0.986665 0.0133348
8 0.995923 0.00407678
9 0.000473235 0.999527
9 0.00485496 0.995145
9 0.098651 0.901349
9 0.486268 0.513732
9 1e-07 1
8 0.993403 0.00659652
8 0.9727 0.0272998
9 0.427561 0.572439
8 0.990469 0.00953069
9 0.297662 0.702338
8 0.991307 0.00869293
8 0.996241 0.00375917
9 0.00810765 0.991892
9 1e-07 1
8 0.99392 0.00608004
8 0.992124 0.00787621
9 0.16091 0.83909
9 5.88142e-05 0.999941
8 0.973059 0.0269405
9 0.0877648 0.912235
8 0.998921 0.00107908
9 0.0848182 0.915182
8 0.996431 0.00356895
9 4.11036e-05 0.999959
8 0.959927 0.0400734
8 0.980054 0.0199457
9 0.0549177 0.945082
8 0.993778 0.00622215
8 0.994376 0.00562413
9 0.0971591 0.902841
8 0.946047 0.0539528
9 1.68357e-06 0.999998
8 0.99766 0.00233951
9 0.00836666 0.991633
8 0.988302 0.0116984
8 0.998137 0.00186296
8 0.997576 0.00242359
8 0.982498 0.017502
8 0.598191 0.401809
9 0.00264466 0.997355
9 0.131105 0.868895
8 0.988485 0.011515
8 0.9932 0.00679973
8 0.99248 0.00752049
8 0.978099 0.0219009
9 6.70591e-07 0.999999
9 0.0317052 0.968295
8 0.986055 0.0139446
9 0.202825 0.797175
8 0.999424 0.000576345
9 0.142136 0.857864
8 0.995643 0.00435698
8 0.991814 0.00818645
9 0.326862 0.673138
8 0.99717 0.00282975
8 0.971019 0.0289807
9 0.0174132 0.982587
9 1.14072e-05 0.999989
8 0.990023 0.00997677
9 2.7022e-05 0.999973
9 2.22111e-06 0.999998
8 0.992831 0.00716888
8 0.98694 0.01306
8 0.978582 0.0214176
9 1e-07 1
8 0.988817 0.0111832
8 0.988298 0.0117025
8 0.997225 0.00277463
8 0.991654 0.00834619
8 0.995925 0.00407546
9 0.0168605 0.983139
9 0.00315338 0.996847
8 0.974449 0.0255507
8 0.998135 0.00186496
9 0.0656124 0.934388
9 0.0531304 0.94687
8 0.991134 0.00886601
9 0.134901 0.865099
8 0.9882 0.0117997
8 0.989287 0.010713
8 0.994908 0.00509172
8 0.950795 0.049205
9 0.260893 0.739107
9 0.0277239 0.972276
8 0.999817 0.000183303
8 0.970256 0.0297437
9 0.130736 0.869264
9 5.50148e-05 0.999945
9 1e-07 1
9 0.00808101 0.991919
9 0.011061 0.988939
8 0.978106 0.0218941
9 0.153413 0.846587
8 0.993009 0.00699069
9 0.00590067 0.994099
9 0.00546058 0.994539
9 9.63321e-05 0.999904
8 0.990865 0.0091345
9 0.000324702 0.999675
9 6.25079e-06 0.999994
9 0.0210351 0.978965
8 0.761291 0.238709
9 0.0658995 0.934101
8 0.990816 0.00918371
8 0.98833 0.0116695
8 0.998425 0.00157504
9 1.68723e-06 0.999998
8 0.989265 0.0107347
8 0.980535 0.0194651
9 0.0568931 0.943107
9 0.000106988 0.999893
8 0.982047 0.0179526
8 0.994806 0.00519423
8 0.982727 0.0172732
8 0.989285 0.0107149
8 0.99709 0.0029098
9 2.16036e-07 1
8 0.995844 0.00415603
8 0.991119 0.00888077
8 0.992627 0.00737307
9 1e-07 1
9 0.47349 0.52651
8 0.996764 0.00323603
8 0.985319 0.0146807
8 0.99336 0.00664044
9 1e-07 1
9 0.00120033 0.9988
8 0.991475 0.00852548
8 0.993535 0.00646507
8 0.992175 0.00782488
8 0.99123 0.00877033
9 5.19185e-05 0.999948
9 1.39451e-05 0.999986
8 0.992402 0.007598
8 0.995736 0.00426444
8 0.996494 0.00350635
8 0.943284 0.0567156
9 1.11938e-07 1
8 0.973856 0.0261439
8 0.99421 0.0057896
8 0.995067 0.00493288
9 0.0768167 0.923183
9 0.000891934 0.999108
8 0.978961 0.0210389
8 0.994843 0.00515686
9 2.38318e-05 0.999976
8 0.995565 0.00443462
9 0.000393212 0.999607
8 0.987598 0.0124015
8 0.997181 0.0028189
8 0.977817 0.0221832
8 0.993356 0.00664374
8 0.977904 0.0220958
9 1e-07 1
8 0.990077 0.00992305
8 0.995918 0.00408161
8 0.994195 0.00580463
9 0.209488 0.790512
8 0.724792 0.275208
8 0.981448 0.0185524
8 0.986306 0.0136941
8 0.99322 0.00677976
9 2.14578e-07 1
8 0.999781 0.000219085
9 0.0746607 0.925339
9 0.0117023 0.988298
9 0.000464647 0.999535
9 1e-07 1
9 0.0964729 0.903527
8 0.788583 0.211417
9 0.109032 0.890968
8 0.989079 0.0109213
8 0.992406 0.00759387
9 0.286403 0.713597
9 0.343384 0.656616
8 0.989187 0.0108129
9 0.0232546 0.976745
9 0.00144356 0.998556
8 0.987423 0.0125768
9 0.00061669 0.999383
9 1e-07 1
8 0.994609 0.00539133
8 0.993026 0.00697442
8 0.936339 0.0636613
8 0.989998 0.0100016
8 0.99917 0.00083003
8 0.993613 0.00638691
8 0.981189 0.0188113
9 0.0291379 0.970862
9 8.09984e-05 0.999919
8 0.894851 0.105149
8 0.99798 0.00202041
9 0.000231204 0.999769
8 0.995395 0.00460515
9 1.60269e-06 0.999998
8 0.997362 0.00263821
8 0.999086 0.000913532
9 0.00129448 0.998706
8 0.985195 0.0148053
8 0.997731 0.00226921
8 0.999255 0.000744947
8 0.612558 0.387442
8 0.933017 0.0669829
9 0.0622995 0.937701
9 0.0228894 0.977111
9 1.49579e-06 0.999999
9 0.332611 0.667389
8 0.987147 0.0128533
8 0.984649 0.0153513
8 0.991425 0.00857462
8 0.992498 0.00750183
8 0.998327 0.00167348
8 0.989055 0.0109453
8 0.992545 0.0074553
8 0.991198 0.00880177
9 0.0108687 0.989131
8 0.989073 0.0109274
9 5.40174e-07 0.999999
8 0.999095 0.000904836
9 1e-07 1
8 0.998581 0.00141927
8 0.995105 0.00489508
8 0.987993 0.0120071
8 0.990817 0.00918342
8 0.997061 0.00293933
8 0.986388 0.0136116
9 0.33875 0.66125
8 0.993348 0.00665249
9 0.000118416 0.999882
8 0.993394 0.00660612
9 1e-07 1
8 0.992266 0.00773447
8 0.993824 0.00617614
8 0.99911 0.000889594
8 0.847402 0.152598
8 0.986278 0.0137216
8 0.994138 0.00586229
8 0.989754 0.0102463
8 0.998942 0.00105788
9 0.343639 0.656361
8 0.987933 0.0120666
9 0.458159 0.541841
9 0.00864658 0.991353
8 0.986078 0.0139223
9 2.02302e-05 0.99998
8 0.994254 0.00574612
9 0.320379 0.679621
8 0.993484 0.00651611
8 0.997203 0.00279733
8 0.989405 0.0105945
8 0.996497 0.00350276
8 0.99252 0.00748021
9 0.122842 0.877158
9 0.000284237 0.999716
9 0.00143301 0.998567
8 0.980556 0.0194444
8 0.999409 0.000591171
8 0.987942 0.0120583
8 0.998559 0.00144106
8 0.971284 0.0287159
8 0.974717 0.0252833
9 0.133844 0.866156
8 0.997223 0.0027775
8 0.993264 0.00673561
8 0.985986 0.0140139
8 0.995644 0.00435605
8 0.989421 0.0105787
8 0.997196 0.00280364
8 0.996586 0.00341356
8 0.989214 0.0107859
8 0.997436 0.00256432
8 0.996524 0.00347569
8 0.98167 0.0183303
8 0.995365 0.00463503
8 0.98978 0.0102203
8 0.98722 0.0127797
8 0.995614 0.00438637
8 0.99917 0.000829826
8 0.991929 0.00807136
9 0.0140544 0.985946
8 0.989965 0.0100348
8 0.985561 0.0144386
8 0.873704 0.126296
8 0.990904 0.00909566
9 3.77275e-06 0.999996
9 4.07774e-05 0.999959
8 0.991472 0.00852765
8 0.988931 0.011069
9 0.106292 0.893708
8 0.948496 0.0515043
8 0.849788 0.150212
8 0.994874 0.00512557
8 0.999412 0.000588437
9 0.0235128 0.976487
8 0.992478 0.00752193
9 0.0735164 0.926484
8 0.992108 0.00789172
9 0.0967435 0.903256
9 0.000234226 0.999766
8 0.996047 0.00395343
8 0.988534 0.0114658
9 0.111669 0.888331
8 0.99642 0.00357985
8 0.99033 0.0096698
9 0.000630569 0.999369
9 0.0120585 0.987942
8 0.997805 0.00219523
8 0.995056 0.00494351
8 0.99518 0.00481952
8 0.995547 0.00445269
8 0.997995 0.00200518
8 0.992475 0.00752493
8 0.994818 0.00518177
8 0.978688 0.0213124
8 0.505621 0.494379
9 1.20037e-05 0.999988
8 0.996503 0.00349651
9 0.0241646 0.975835
9 0.000221599 0.999778
8 0.994953 0.0050466
9 0.0119297 0.98807
8 0.982271 0.0177295
9 1e-07 1
8 0.8333 0.1667
8 0.997814 0.0021857
8 0.990724 0.00927578
8 0.980863 0.0191367
8 0.995731 0.00426873
8 0.997462 0.002538
8 0.990918 0.00908236
8 0.991842 0.00815768
9 1e-07 1
9 0.0172693 0.982731
8 0.968039 0.0319611
8 0.992322 0.0076777
8 0.996301 0.00369887
8 0.992461 0.00753911
8 0.982207 0.0177934
8 0.987431 0.0125686
9 0.00581267 0.994187
9 0.000203192 0.999797
8 0.996907 0.0030934
8 0.996675 0.0033252
8 0.997312 0.00268832
9 0.0310111 0.968989
9 0.00637423 0.993626
8 0.995178 0.00482154
9 0.0715222 0.928478
8 0.976946 0.0230544
8 0.990696 0.00930383
9 0.0091703 0.99083
8 0.987582 0.0124182
8 0.717812 0.282188
9 0.454407 0.545593
9 0.375341 0.624659
8 0.998205 0.0017948
8 0.782339 0.217661
8 0.829591 0.170409
9 0.0866181 0.913382
8 0.981284 0.0187157
9 0.000230866 0.999769
8 0.99926 0.000740298
8 0.931759 0.0682408
8 0.998003 0.00199663
9 0.0969327 0.903067
8 0.995996 0.0040042
8 0.997194 0.00280647
9 0.0398284 0.960172
8 0.98834 0.0116605
9 0.000385763 0.999614
8 0.993299 0.00670144
9 0.000120389 0.99988
8 0.993844 0.00615615
8 0.992461 0.00753931
8 0.991609 0.00839116
8 0.992325 0.00767454
9 0.00104036 0.99896
9 0.0121894 0.987811
8 0.979318 0.0206821
8 0.996153 0.00384678
8 0.998062 0.00193759
8 0.99325 0.00675012
9 0.0134142 0.986586
8 0.994896 0.00510382
8 0.995571 0.00442938
8 0.594775 0.405225
8 0.996384 0.00361619
9 0.0114659 0.988534
8 0.981615 0.0183848
8 0.98656 0.0134398
8 0.975142 0.0248582
8 0.991261 0.00873899
8 0.998097 0.00190275
8 0.998822 0.00117841
8 0.519849 0.480151
8 0.98968 0.0103203
8 0.99742 0.00257951
8 0.995823 0.00417738
9 8.60145e-05 0.999914
9 1e-07 1
8 0.982397 0.0176031
8 0.998701 0.0012987
8 0.636519 0.363481
8 0.709921 0.290079
8 0.63828 0.36172
9 0.0190594 0.980941
9 0.0425493 0.957451
8 0.996403 0.00359677
8 0.523793 0.476207
8 0.982799 0.0172008
9 0.27511 0.72489
8 0.689831 0.310169
9 0.00653338 0.993467
8 0.996052 0.00394808
8 0.999265 0.000734728
9 0.116672 0.883328
9 1e-07 1
8 0.996848 0.00315171
8 0.991682 0.00831787
8 0.994061 0.00593873
8 0.962096 0.037904
8 0.998521 0.00147934
9 0.000192859 0.999807
9 0.0912687 0.908731
9 0.021352 0.978648
8 0.986098 0.0139016
8 0.995815 0.00418488
9 3.38836e-05 0.999966
8 0.986626 0.0133742
9 0.000202024 0.999798
8 0.987607 0.012393
9 0.0307759 0.969224
8 0.975793 0.0242065
8 0.996628 0.00337223
8 0.993349 0.00665144
9 0.13698 0.86302
8 0.992562 0.00743781
8 0.983369 0.0166308
8 0.993151 0.00684916
8 0.998895 0.00110455
9 1e-07 1
8 0.995774 0.00422605
9 0.0439723 0.956028
8 0.987801 0.0121986
9 0.24121 0.75879
9 1e-07 1
9 0.000191341 0.999809
8 0.990393 0.00960709
9 1e-07 1
8 0.991898 0.00810209
8 0.581155 0.418845
8 0.997438 0.00256204
9 0.00429493 0.995705
8 0.996683 0.00331696
8 0.936936 0.0630641
8 0.994382 0.0056178
8 0.99076 0.00923997
9 0.111548 0.888452
9 1e-07 1
8 0.988442 0.0115582
8 0.985271 0.0147286
8 0.960515 0.0394852
8 0.992413 0.00758733
8 0.881476 0.118524
8 0.994081 0.00591852
8 0.98487 0.0151301
8 0.996049 0.00395082
9 0.0179719 0.982028
9 0.181875 0.818125
9 9.17183e-07 0.999999
9 0.0177674 0.982233
9 0.000505231 0.999495
9 1.13486e-06 0.999999
9 0.0992573 0.900743
8 0.998725 0.00127512
8 0.991039 0.00896087
8 0.990014 0.00998617
8 0.990741 0.00925879
9 6.31568e-07 0.999999
9 0.00481193 0.995188
9 1e-07 1
8 0.995279 0.00472144
9 0.00140117 0.998599
8 0.95359 0.0464104
8 0.988178 0.0118218
9 1e-07 1
9 0.00241089 0.997589
8 0.989257 0.0107426
8 0.997963 0.00203676
8 0.999541 0.000459295
9 2.33092e-06 0.999998
8 0.995834 0.00416571
8 0.99857 0.00143039
8 0.991658 0.00834234
8 0.984323 0.0156768
8 0.502971 0.497029
9 0.00873368 0.991266
8 0.989974 0.0100258
8 0.996484 0.00351579
9 0.185729 0.814271
9 0.00117214 0.998828
9 0.0694355 0.930565
9 0.0354145 0.964586
8 0.998373 0.00162722
9 0.0723982 0.927602
9 0.05689 0.94311
8 0.99481 0.00518994
8 0.991703 0.00829744
8 0.999781 0.000219179
9 0.0680253 0.931975
8 0.998597 0.00140337
8 0.975269 0.0247314
9 0.00433966 0.99566
9 0.0115169 0.988483
9 0.0922216 0.907778
8 0.991419 0.00858068
8 0.977006 0.0229938
8 0.577515 0.422485
8 0.996818 0.00318242
8 0.998953 0.00104706
8 0.997009 0.0029907
8 0.971413 0.0285867
8 0.997126 0.00287428
8 0.998048 0.00195153
8 0.99155 0.00844991
9 0.10265 0.89735
9 0.131028 0.868972
9 0.0445401 0.95546
9 0.0450066 0.954993
8 0.959256 0.0407439
8 0.961573 0.0384265
8 0.986171 0.0138291
9 0.0197501 0.98025
9 1.21009e-06 0.999999
9 0.364529 0.635471
9 0.0237642 0.976236
9 0.144288 0.855712
8 0.991222 0.00877838
8 0.998266 0.00173429
9 7.08096e-07 0.999999
8 0.546757 0.453243
9 0.462908 0.537092
9 0.0934977 0.906502
8 0.992772 0.00722792
8 0.997965 0.00203463
9 0.000838919 0.999161
9 1.86506e-06 0.999998
8 0.899728 0.100272
8 0.998829 0.00117097
9 0.0438557 0.956144
9 1e-07 1
8 0.995942 0.00405798
8 0.995531 0.00446871
9 0.00221876 0.997781
8 0.987843 0.0121571
8 0.977549 0.0224509
9 0.0593047 0.940695
8 0.997678 0.00232166
8 0.986747 0.0132534
9 0.0741025 0.925898
9 0.0725555 0.927445
9 3.07181e-06 0.999997
8 0.974199 0.0258005
8 0.994098 0.00590193
8 0.998501 0.00149921
8 0.990351 0.00964941
8 0.991903 0.00809714
9 1e-07 1
8 0.981265 0.018735
8 0.991892 0.00810833
8 0.99329 0.00670965
8 0.991496 0.00850426
9 1e-07 1
8 0.992702 0.00729836
8 0.995043 0.00495678
8 0.997824 0.00217574
9 0.000797467 0.999203
8 0.975428 0.024572
8 0.99776 0.00223956
8 0.530629 0.469371
8 0.992522 0.00747797
8 0.987669 0.0123308
8 0.980414 0.0195861
9 0.140688 0.859312
8 0.996166 0.0038337
8 0.988167 0.0118326
9 0.0280644 0.971936
8 0.9863 0.0136999
8 0.989338 0.010662
9 1e-07 1
8 0.997908 0.0020921
8 0.983274 0.016726
8 0.995367 0.00463303
8 0.997823 0.00217666
9 0.00763283 0.992367
8 0.594151 0.405849
8 0.991346 0.00865411
9 0.490662 0.509338
9 2.57553e-05 0.999974
8 0.989992 0.010008
8 0.986148 0.0138519
8 0.979755 0.0202446
9 0.116993 0.883007
8 0.998848 0.00115151
9 0.0537287 0.946271
8 0.998106 0.00189414
8 0.969076 0.0309243
8 0.988678 0.0113217
8 0.992078 0.00792178
9 1.26676e-05 0.999987
9 1e-07 1
9 0.152693 0.847307
9 0.331304 0.668696
9 0.00717307 0.992827
8 0.989652 0.0103485
9 1.93097e-06 0.999998
8 0.991694 0.00830612
8 0.993465 0.00653532
8 0.995554 0.00444642
8 0.985307 0.0146934
8 0.996312 0.00368751
8 0.996131 0.00386856
9 0.172306 0.827694
9 0.00448783 0.995512
8 0.992135 0.00786531
8 0.995023 0.00497655
8 0.995219 0.00478112
9 4.11655e-06 0.999996
9 0.175412 0.824588
8 0.99147 0.00853043
8 0.990705 0.00929478
9 0.00230949 0.997691
9 1e-07 1
8 0.999212 0.000788377
8 0.995505 0.0044946
8 0.984522 0.0154775
8 0.977335 0.0226654
9 0.00232324 0.997677
9 0.000704097 0.999296
8 0.985032 0.0149684
8 0.985441 0.0145591
8 0.989658 0.010342
9 0.0381363 0.961864
8 0.991943 0.00805721
8 0.983636 0.0163638
9 0.335673 0.664327
9 1e-07 1
9 0.36467 0.63533
8 0.905222 0.0947784
9 7.07169e-06 0.999993
8 0.995106 0.00489437
8 0.986613 0.0133865
8 0.995792 0.00420756
8 0.988486 0.0115138
9 1e-07 1
9 1.04322e-05 0.99999
9 0.0013037 0.998696
8 0.996321 0.0036788
9 0.000522822 0.999477
8 0.993091 0.00690929
9 0.0283579 0.971642
8 0.992986 0.00701396
8 0.618916 0.381084
8 0.99735 0.00264956
8 0.99055 0.00945015
9 3.99346e-06 0.999996
9 0.0369732 0.963027
8 0.999454 0.000545972
8 0.982336 0.0176644
9 6.52721e-05 0.999935
8 0.995388 0.0046123
8 0.988053 0.0119475
9 4.63842e-06 0.999995
8 0.99766 0.00233996
9 1e-07 1
8 0.990074 0.00992623
8 0.991678 0.00832248
8 0.611799 0.388201
9 0.0229095 0.977091
9 7.10275e-06 0.999993
8 0.987641 0.0123588
8 0.996404 0.00359603
9 0.00371348 0.996287
9 0.002098 0.997902
8 0.999631 0.000369486
8 0.94397 0.0560298
9 1e-07 1
9 0.0119366 0.988063
8 0.992691 0.00730916
8 0.983915 0.0160853
8 0.997736 0.00226369
9 0.0042386 0.995761
8 0.977263 0.0227368
8 0.812156 0.187844
8 0.99612 0.00388007
9 0.020136 0.979864
8 0.910218 0.089782
8 0.994387 0.00561326
8 0.988204 0.0117965
8 0.779825 0.220175
8 0.947894 0.0521061
8 0.990996 0.00900363
8 0.998135 0.00186537
8 0.526653 0.473347
9 0.0889455 0.911054
8 0.996073 0.00392734
8 0.992719 0.00728057
8 0.713511 0.286489
9 1e-07 1
8 0.996913 0.00308721
8 0.997465 0.00253529
9 9.91261e-07 0.999999
9 0.000262199 0.999738
8 0.981848 0.0181522
8 0.998086 0.00191431
8 0.983698 0.0163019
8 0.983561 0.0164389
9 0.0568975 0.943103
9 1.32442e-05 0.999987
9 0.0736926 0.926307
8 0.969085 0.0309152
8 0.585616 0.414384
8 0.998172 0.00182786
8 0.988463 0.0115367
9 1.28365e-07 1
8 0.984055 0.0159449
9 0.00110993 0.99889
8 0.997911 0.00208897
9 0.0060002 0.994
9 0.00101067 0.998989
9 8.89029e-05 0.999911
8 0.990296 0.00970427
8 0.999001 0.0009985
9 1e-07 1
9 0.0109107 0.989089
9 0.00317166 0.996828
8 0.995156 0.00484419
8 0.999037 0.000962887
9 0.0205767 0.979423
9 0.286229 0.713771
8 0.994298 0.0057023
9 0.0719538 0.928046
8 0.974975 0.0250254
8 0.997176 0.00282395
8 0.993314 0.00668624
8 0.974867 0.0251325
8 0.994013 0.00598739
8 0.999269 0.000731472
9 0.00726594 0.992734
8 0.994369 0.00563125
8 0.999559 0.00044086
8 0.988547 0.0114531
8 0.997677 0.00232319
8 0.978927 0.0210728
9 0.119339 0.880661
9 0.0153136 0.984686
8 0.979293 0.0207075
8 0.997534 0.00246562
8 0.837929 0.162071
9 0.441676 0.558324
9 0.0374053 0.962595
9 0.00174942 0.998251
9 6.10776e-05 0.999939
9 0.00777288 0.992227
8 0.993086 0.0069145
8 0.999725 0.000275355
8 0.998188 0.00181235
8 0.991019 0.00898149
8 0.996159 0.00384067
8 0.996608 0.00339184
8 0.99123 0.00876987
9 0.249804 0.750196
9 0.422179 0.577821
8 0.996875 0.00312455
9 1.61933e-06 0.999998
8 0.990862 0.00913824
8 0.991169 0.00883092
8 0.994981 0.00501857
8 0.860493 0.139507
8 0.991738 0.00826189
8 0.992511 0.00748944
8 0.992825 0.00717527
8 0.995893 0.00410709
8 0.981641 0.0183594
9 7.69167e-05 0.999923
8 0.996468 0.00353224
8 0.987072 0.0129276
8 0.941618 0.0583822
8 0.991556 0.00844365
8 0.970422 0.0295777
8 0.950881 0.0491195
9 0.182387 0.817613
8 0.995044 0.00495553
8 0.991547 0.00845296
8 0.998761 0.00123872
9 0.0429556 0.957044
9 0.135458 0.864542
8 0.998754 0.0012457
8 0.984965 0.0150355
9 0.461797 0.538203
8 0.995771 0.00422887
8 0.990992 0.00900764
9 0.00484866 0.995151
8 0.620813 0.379187
8 0.999108 0.000891774
9 5.58021e-06 0.999994
8 0.992491 0.00750902
8 0.992547 0.00745315
8 0.995597 0.00440327
8 0.995452 0.00454841
8 0.547383 0.452617
8 0.988776 0.0112244
8 0.991236 0.0087644
9 0.0342934 0.965707
9 0.000119431 0.999881
8 0.991763 0.00823671
8 0.680042 0.319958
9 0.0472323 0.952768
8 0.999367 0.000633475
8 0.992891 0.00710889
8 0.996618 0.00338153
8 0.99435 0.00564987
8 0.986469 0.0135312
8 0.968031 0.0319695
8 0.991774 0.00822594
9 0.0204745 0.979525
8 0.931785 0.0682153
9 1e-07 1
9 0.121951 0.878049
9 0.0470489 0.952951
9 0.129672 0.870328
8 0.992267 0.00773299
8 0.989823 0.0101766
9 0.0129631 0.987037
8 0.992198 0.00780241
8 0.995648 0.0043525
8 0.98593 0.0140699
9 0.0543098 0.94569
8 0.991247 0.00875266
8 0.990889 0.00911137
8 0.987484 0.012516
8 0.989481 0.0105185
8 0.999552 0.000447559
8 0.975098 0.0249023
8 0.992556 0.00744402
8 0.996574 0.00342567
8 0.98822 0.0117802
8 0.997484 0.00251604
9 1e-07 1
8 0.985779 0.0142208
8 0.990335 0.00966522
8 0.99308 0.0069202
8 0.991815 0.00818538
8 0.993559 0.00644128
8 0.995092 0.00490838
8 0.990894 0.00910599
9 0.000348066 0.999652
8 0.982461 0.0175394
9 3.9684e-05 0.99996
8 0.995584 0.00441576
8 0.990941 0.00905931
9 1e-07 1
8 0.990985 0.00901467
9 3.09738e-05 0.999969
8 0.992284 0.00771648
9 0.121225 0.878775
9 0.326127 0.673873
9 0.0382688 0.961731
8 0.992211 0.00778852
8 0.998409 0.00159105
9 0.0121629 0.987837
8 0.977712 0.0222884
9 0.00108706 0.998913
8 0.591671 0.408329
8 0.982092 0.0179078
8 0.880168 0.119832
9 0.164086 0.835914
9 0.0472543 0.952746
8 0.71885 0.28115
8 0.994372 0.00562822
9 0.0988991 0.901101
8 0.977408 0.0225919
8 0.986878 0.0131221
8 0.991151 0.00884925
8 0.990635 0.00936543
8 0.96459 0.0354097
8 0.990381 0.00961862
8 0.995972 0.00402829
8 0.970864 0.0291357
8 0.610052 0.389948
8 0.75758 0.24242
8 0.99877 0.00123034
8 0.992544 0.00745577
9 0.164604 0.835396
8 0.998858 0.00114212
8 0.994914 0.00508614
8 0.999018 0.000982083
8 0.989306 0.0106939
9 0.000773007 0.999227
8 0.98706 0.0129398
8 0.993114 0.00688623
8 0.99287 0.00713029
9 1e-07 1
8 0.969596 0.0304038
8 0.980461 0.0195395
9 1e-07 1
8 0.999193 0.000807075
9 0.0674601 0.93254
8 0.996063 0.00393658
8 0.948649 0.0513507
9 0.0206111 0.979389
9 1.85604e-05 0.999981
8 0.995802 0.00419824
9 0.0413489 0.958651
8 0.999008 0.000992026
8 0.991583 0.0084169
8 0.991605 0.00839526
8 0.996792 0.00320815
8 0.999454 0.000545545
8 0.991928 0.00807212
9 6.03503e-07 0.999999
8 0.992943 0.00705706
8 0.991376 0.00862404
8 0.9972 0.00280004
9 0.478498 0.521502
8 0.99076 0.00923978
8 0.956906 0.0430937
8 0.983921 0.016079
9 0.00401276 0.995987
8 0.987529 0.012471
8 0.996801 0.00319913
8 0.94626 0.0537398
9 1e-07 1
9 0.00665654 0.993343
8 0.990658 0.00934165
8 0.992729 0.00727111
9 0.0109903 0.98901
9 0.00338903 0.996611
8 0.993837 0.00616272
8 0.992329 0.00767056
8 0.982428 0.0175716
9 0.000126308 0.999874
9 0.391358 0.608642
9 5.66835e-05 0.999943
9 1e-07 1
8 0.785823 0.214177
8 0.997542 0.00245844
8 0.982893 0.0171065
8 0.99137 0.00862984
9 0.309178 0.690822
9 0.212288 0.787712
9 0.00232255 0.997677
9 1.60744e-05 0.999984
8 0.971524 0.0284757
8 0.953842 0.0461584
8 0.997652 0.00234783
9 0.000187038 0.999813
9 0.000254212 0.999746
8 0.996734 0.00326574
8 0.988821 0.0111795
8 0.980461 0.019539
8 0.995883 0.00411675
8 0.990264 0.00973554
9 2.77365e-07 1
9 0.391343 0.608657
8 0.992672 0.00732839
9 0.285051 0.714949
8 0.978672 0.0213281
9 0.00166152 0.998338
8 0.995377 0.00462342
9 0.233486 0.766514
9 0.000154733 0.999845
8 0.984954 0.0150464
9 0.00919107 0.990809
8 0.993433 0.00656687
9 1e-07 1
9 2.39297e-05 0.999976
8 0.981993 0.0180071
8 0.990299 0.00970105
8 0.980015 0.0199848
8 0.994564 0.00543569
8 0.998436 0.00156402
8 0.936605 0.0633945
8 0.993244 0.00675625
8 0.99452 0.00548023
8 0.515077 0.484923
9 1.76579e-05 0.999982
8 0.991213 0.00878682
8 0.630127 0.369873
8 0.99345 0.00654976
8 0.99027 0.00973008
8 0.995344 0.00465606
8 0.997504 0.00249616
8 0.990952 0.00904845
8 0.992173 0.00782727
8 0.997045 0.002955
9 0.0255458 0.974454
8 0.9937 0.00630003
8 0.790492 0.209508
9 0.0167428 0.983257
9 0.179938 0.820062
8 0.997223 0.00277736
8 0.993972 0.00602826
8 0.992042 0.00795846
8 0.999333 0.000666728
9 0.00087681 0.999123
8 0.728474 0.271526
8 0.999144 0.000856202
9 0.0247402 0.97526
8 0.760113 0.239887
8 0.999875 0.000125059
8 0.990649 0.00935079
9 2.07601e-06 0.999998
9 0.419791 0.580209
8 0.995856 0.00414442
9 0.0243202 0.97568
9 2.65431e-07 1
9 0.150349 0.849651
8 0.995164 0.00483554
8 0.993555 0.00644462
9 0.00912711 0.990873
8 0.976562 0.0234375
8 0.981359 0.0186411
9 0.174781 0.825219
8 0.5891 0.4109
8 0.992083 0.0079173
8 0.991042 0.00895835
9 0.0312602 0.96874
9 1.39916e-05 0.999986
8 0.989667 0.0103328
8 0.985891 0.0141094
8 0.998237 0.00176306
9 0.180082 0.819918
8 0.987405 0.0125952
9 0.00595667 0.994043
8 0.962071 0.0379293
8 0.994343 0.00565667
8 0.997825 0.00217525
8 0.991128 0.0088716
8 0.995995 0.00400509
9 0.295876 0.704124
8 0.992663 0.00733666
9 0.0507684 0.949232
8 0.980111 0.0198894
8 0.995932 0.00406766
8 0.989643 0.010357
9 0.0813485 0.918652
9 1e-07 1
9 1e-07 1
8 0.991724 0.00827622
9 0.0145637 0.985436
8 0.99421 0.00579011
8 0.998298 0.0017017
9 0.0357147 0.964285
9 0.00275914 0.997241
8 0.987517 0.012483
8 0.992645 0.00735462
8 0.98993 0.0100696
9 0.0103607 0.989639
9 1.15491e-06 0.999999
9 1e-07 1
9 0.0312339 0.968766
9 7.52366e-05 0.999925
8 0.997803 0.00219744
8 0.848507 0.151493
8 0.996639 0.00336059
9 0.00284158 0.997158
8 0.982431 0.0175688
8 0.992287 0.00771349
8 0.98662 0.0133796
8 0.986553 0.0134469
8 0.98177 0.0182297
8 0.991038 0.00896155
8 0.989734 0.0102661
9 1e-07 1
9 1e-07 1
8 0.998892 0.00110801
9 0.00765218 0.992348
8 0.983082 0.0169184
8 0.991597 0.00840268
8 0.683175 0.316825
9 1e-07 1
9 0.000128031 0.999872
9 9.24671e-06 0.999991
9 0.191925 0.808075
9 0.0194801 0.98052
8 0.997048 0.00295197
8 0.777052 0.222948
8 0.992537 0.00746308
8 0.982219 0.0177814
8 0.993377 0.00662276
8 0.997402 0.0025976
8 0.991171 0.00882859
8 0.994436 0.00556361
8 0.995595 0.00440458
8 0.984009 0.0159911
9 0.0123839 0.987616
8 0.990979 0.0090206
9 0.00344373 0.996556
8 0.98643 0.0135701
8 0.998525 0.00147485
8 0.985436 0.0145637
9 0.0640623 0.935938
8 0.993624 0.00637563
9 0.0149392 0.985061
9 1.02744e-05 0.99999
8 0.991906 0.00809357
9 0.422593 0.577407
8 0.990645 0.00935515
8 0.999563 0.00043727
9 0.343347 0.656653
8 0.993635 0.00636472
9 0.00187765 0.998122
9 1e-07 1
9 1e-07 1
9 0.171382 0.828618
8 0.973438 0.0265622
8 0.995495 0.00450511
8 0.99538 0.0046205
8 0.995076 0.00492392
8 0.994522 0.00547835
9 0.0984705 0.901529
8 0.991761 0.0082388
8 0.993216 0.00678384
9 0.0240054 0.975995
8 0.992638 0.00736238
8 0.999849 0.000150925
8 0.992683 0.00731674
9 0.0152347 0.984765
8 0.994441 0.00555882
9 0.250532 0.749468
8 0.98351 0.0164903
9 0.00375213 0.996248
8 0.991722 0.00827784
8 0.983742 0.016258
9 0.0842606 0.915739
8 0.981435 0.0185654
8 0.992318 0.00768215
9 0.0104335 0.989566
9 0.000127304 0.999873
9 5.56526e-07 0.999999
9 8.02795e-07 0.999999
9 1.46255e-06 0.999999
8 0.995227 0.00477256
8 0.994936 0.00506399
8 0.99253 0.00746992
8 0.99411 0.0058902
8 0.990151 0.00984943
9 1e-07 1
9 0.00341779 0.996582
8 0.978947 0.0210528
9 0.278064 0.721936
9 0.230019 0.769981
8 0.998194 0.00180583
8 0.991429 0.00857116
9 4.99676e-05 0.99995
9 0.0167088 0.983291
9 0.000451021 0.999549
9 0.439761 0.560239
8 0.998841 0.0011588
9 0.279392 0.720608
8 0.991078 0.00892228
8 0.973463 0.0265369
9 0.0301621 0.969838
8 0.972694 0.0273056
9 1e-07 1
8 0.993956 0.00604378
8 0.577777 0.422223
8 0.985027 0.0149726
9 0.357173 0.642827
9 0.0509781 0.949022
8 0.996705 0.00329512
9 0.0208126 0.979187
8 0.993124 0.00687605
9 0.0536711 0.946329
8 0.990737 0.00926318
9 0.353582 0.646418
8 0.995541 0.00445896
9 0.00233505 0.997665
9 2.1923e-05 0.999978
8 0.990891 0.00910855
8 0.991029 0.00897063
9 2.91392e-07 1
8 0.988535 0.0114652
8 0.997344 0.00265577
8 0.996506 0.00349412
9 0.0283509 0.971649
9 0.000208703 0.999791
8 0.994082 0.0059176
8 0.991451 0.00854865
9 0.0627045 0.937295
9 0.00441952 0.99558
9 0.000158662 0.999841
8 0.991117 0.00888314
8 0.993242 0.00675753
8 0.990383 0.00961728
9 0.0254775 0.974523
8 0.998066 0.00193385
9 0.19405 0.80595
9 0.0512557 0.948744
8 0.997602 0.0023975
9 0.170947 0.829053
8 0.989062 0.0109375
9 1e-07 1
9 0.477739 0.522261
8 0.992367 0.00763263
9 1e-07 1
9 0.12322 0.87678
9 0.00027258 0.999727
8 0.975014 0.0249863
8 0.858086 0.141914
8 0.99083 0.00916987
8 0.992675 0.0073254
8 0.990545 0.00945548
8 0.598505 0.401495
9 0.000862216 0.999138
8 0.995756 0.00424424
8 0.644045 0.355955
8 0.809445 0.190555
9 0.22445 0.77555
8 0.657195 0.342805
8 0.98559 0.0144099
9 0.0711338 0.928866
8 0.98232 0.0176802
8 0.996043 0.0039565
8 0.999313 0.000687249
8 0.986293 0.0137073
8 0.992171 0.0078292
8 0.980208 0.0197925
8 0.995467 0.00453327
8 0.977221 0.0227794
8 0.932753 0.0672469
9 0.0020675 0.997933
8 0.983092 0.0169083
8 0.991287 0.00871274
9 0.106113 0.893887
9 0.00455116 0.995449
8 0.998091 0.0019094
8 0.992278 0.0077216
8 0.978823 0.021177
8 0.993887 0.00611254
9 1e-07 1
9 0.13514 0.86486
9 0.0728964 0.927104
9 1.04935e-07 1
8 0.988677 0.0113231
8 0.981428 0.0185724
8 0.989467 0.0105329
8 0.962493 0.0375067
8 0.960592 0.0394084
8 0.986399 0.0136015
8 0.994373 0.00562698
8 0.996193 0.00380723
8 0.672461 0.327539
8 0.976002 0.0239976
8 0.997148 0.002852
9 0.0118167 0.988183
9 1e-07 1
8 0.997657 0.00234277
9 0.0215954 0.978405
9 0.0197364 0.980264
8 0.986017 0.0139829
8 0.930244 0.0697564
8 0.990212 0.00978758
9 1e-07 1
8 0.949595 0.0504051
8 0.788195 0.211805
8 0.962309 0.0376911
8 0.98762 0.01238
8 0.992038 0.00796151
9 0.0464276 0.953572
8 0.984166 0.0158337
8 0.991834 0.00816608
8 0.995886 0.00411449
9 0.0280179 0.971982
9 7.98032e-05 0.99992
8 0.988476 0.0115242
9 0.0582139 0.941786
9 0.334185 0.665815
9 0.360643 0.639357
8 0.992488 0.00751185
8 0.993921 0.00607866
9 1e-07 1
8 0.991571 0.00842925
9 1e-07 1
8 0.980954 0.0190457
8 0.98991 0.01009
8 0.996649 0.00335085
8 0.993588 0.00641173
8 0.998353 0.0016474
8 0.998767 0.00123255
8 0.988539 0.0114614
9 0.392641 0.607359
8 0.976752 0.0232477
9 0.000488286 0.999512
9 0.00435585 0.995644
8 0.998114 0.00188594
8 0.991471 0.00852931
9 0.110974 0.889026
9 0.360327 0.639673
8 0.995673 0.00432668
9 0.0311371 0.968863
9 0.000909086 0.999091
8 0.992701 0.00729903
8 0.993625 0.00637512
8 0.99379 0.00621
9 0.000119992 0.99988
8 0.991142 0.00885805
9 4.40575e-05 0.999956
8 0.991256 0.0087441
9 1e-07 1
8 0.994803 0.00519657
9 0.000991027 0.999009
9 0.0374696 0.96253
9 0.0988262 0.901174
8 0.989878 0.0101219
9 0.110924 0.889076
8 0.997467 0.00253324
8 0.989071 0.010929
8 0.997702 0.0022976
8 0.993803 0.00619745
9 0.000517793 0.999482
8 0.997989 0.00201056
9 5.62876e-07 0.999999
9 0.434189 0.565811
8 0.993065 0.00693539
8 0.767474 0.232526
8 0.987756 0.0122441
8 0.996476 0.00352358
8 0.996119 0.00388053
9 0.142351 0.857649
8 0.991593 0.00840696
9 1.2106e-06 0.999999
9 0.0500552 0.949945
8 0.987383 0.012617
8 0.997091 0.00290859
8 0.998257 0.00174317
8 0.991699 0.00830105
8 0.991979 0.00802109
9 0.00300745 0.996993
8 0.976405 0.0235951
9 4.33331e-07 1
8 0.987951 0.0120493
8 0.933782 0.0662177
9 7.79454e-06 0.999992
9 0.351111 0.648889
8 0.545289 0.454711
8 0.998726 0.00127397
9 0.000500515 0.999499
9 1.12191e-05 0.999989
8 0.969647 0.0303533
8 0.992382 0.00761756
8 0.999012 0.000988187
9 0.424779 0.575221
9 0.0219161 0.978084
8 0.988256 0.0117438
9 0.43268 0.56732
8 0.993204 0.00679553
9 0.100491 0.899509
9 2.89626e-05 0.999971
9 1e-07 1
9 0.0014786 0.998521
8 0.985537 0.0144628
9 0.15283 0.84717
9 0.0170705 0.982929
8 0.970021 0.0299786
8 0.995703 0.00429736
8 0.984297 0.0157025
8 0.997023 0.00297689
9 2.7457e-06 0.999997
9 1e-07 1
8 0.999879 0.000120981
8 0.9888 0.0112
8 0.985812 0.0141878
8 0.994453 0.00554728
8 0.996663 0.00333655
9 1.07276e-05 0.999989
9 1e-07 1
8 0.993263 0.00673706
9 0.136096 0.863904
8 0.995494 0.00450588
8 0.988237 0.0117627
8 0.989406 0.0105935
8 0.982197 0.0178031
8 0.996082 0.00391792
9 0.0322175 0.967782
9 0.0184159 0.981584
9 0.0215436 0.978456
8 0.999184 0.000815685
9 2.92195e-06 0.999997
9 0.00793177 0.992068
8 0.989002 0.0109978
8 0.98258 0.0174199
8 0.997226 0.00277385
8 0.980906 0.0190941
9 0.00273586 0.997264
8 0.994024 0.00597582
9 0.156873 0.843127
8 0.995691 0.00430891
8 0.990716 0.0092835
8 0.97653 0.02347
8 0.995312 0.00468816
8 0.987543 0.0124575
9 0.411705 0.588295
8 0.989177 0.0108235
8 0.994641 0.00535871
8 0.991222 0.00877844
9 0.0995654 0.900435
8 0.99943 0.000569749
8 0.978648 0.0213521
8 0.995399 0.00460066
8 0.83494 0.16506
8 0.992794 0.00720585
9 0.128136 0.871864
8 0.925752 0.0742477
8 0.991813 0.00818681
8 0.98306 0.01694
8 0.676491 0.323509
9 7.68689e-06 0.999992
8 0.99644 0.00356027
8 0.998307 0.00169318
8 0.996966 0.00303439
8 0.958119 0.0418809
8 0.988167 0.0118328
8 0.990332 0.00966761
8 0.990438 0.00956166
8 0.995697 0.00430254
8 0.996247 0.00375336
8 0.863535 0.136465
8 0.998979 0.00102117
8 0.995344 0.00465561
9 0.0021179 0.997882
8 0.995865 0.00413514
8 0.99198 0.00802019
8 0.987633 0.0123671
8 0.974311 0.0256892
9 0.434192 0.565808
8 0.504448 0.495552
8 0.988737 0.0112628
8 0.995002 0.00499814
9 0.00256427 0.997436
8 0.996959 0.00304143
9 1.35615e-06 0.999999
8 0.995261 0.00473873
9 5.16046e-06 0.999995
8 0.99017 0.00983048
8 0.997946 0.00205406
9 1.07913e-07 1
8 0.991581 0.00841891
8 0.997888 0.00211167
9 0.446464 0.553536
8 0.99477 0.00522951
8 0.970394 0.0296064
8 0.998734 0.00126583
8 0.986468 0.0135317
8 0.938877 0.0611232
8 0.993636 0.00636387
8 0.809843 0.190157
8 0.991106 0.00889387
8 0.926973 0.0730268
9 3.09263e-06 0.999997
9 0.208619 0.791381
9 0.0638222 0.936178
8 0.994757 0.00524331
8 0.992816 0.00718388
8 0.991909 0.00809104
8 0.928895 0.0711053
9 0.204122 0.795878
8 0.974273 0.0257268
8 0.99543 0.00456998
8 0.997957 0.00204251
8 0.631795 0.368205
9 0.0627193 0.937281
9 1e-07 1
9 0.00185824 0.998142
9 0.157286 0.842714
8 0.817021 0.182979
9 0.0098358 0.990164
8 0.997914 0.00208642
8 0.984101 0.0158989
8 0.976796 0.0232035
9 0.0193518 0.980648
9 1e-07 1
8 0.971592 0.0284082
8 0.996388 0.00361196
8 0.992642 0.00735759
9 0.00179479 0.998205
8 0.989232 0.0107682
9 0.000123302 0.999877
9 1e-07 1
9 0.304071 0.695929
8 0.997006 0.00299392
9 1e-07 1
8 0.990867 0.00913328
9 0.00304864 0.996951
8 0.987343 0.012657
8 0.994617 0.00538304
8 0.993252 0.00674798
8 0.990546 0.00945371
9 0.277996 0.722004
9 0.0930997 0.9069
9 0.0631879 0.936812
8 0.98679 0.0132097
9 5.50026e-05 0.999945
8 0.980931 0.0190687
9 0.0042959 0.995704
8 0.969438 0.030562
8 0.888876 0.111124
8 0.999538 0.000461743
8 0.997337 0.00266302
8 0.996989 0.00301072
8 0.99546 0.00454028
8 0.783974 0.216026
9 0.00466898 0.995331
9 5.90745e-05 0.999941
8 0.98357 0.01643
9 1e-07 1
9 1e-07 1
9 0.0767582 0.923242
8 0.990927 0.00907259
8 0.998969 0.00103139
8 0.992288 0.00771208
9 0.178486 0.821514
9 0.025759 0.974241
8 0.863038 0.136962
8 0.982868 0.0171323
9 0.00692518 0.993075
8 0.990431 0.0095688
8 0.987181 0.012819
8 0.985965 0.0140355
8 0.992497 0.00750278
9 0.0557937 0.944206
8 0.643467 0.356533
8 0.990744 0.00925608
8 0.990195 0.00980483
9 0.0731889 0.926811
8 0.980755 0.0192452
8 0.913114 0.0868863
9 4.67769e-05 0.999953
8 0.997658 0.00234201
8 0.999709 0.000291015
9 0.000576564 0.999423
8 0.99602 0.00398024
8 0.969939 0.0300614
8 0.986633 0.0133669
9 0.466829 0.533171
8 0.995722 0.00427787
8 0.986622 0.0133778
9 0.0987366 0.901263
8 0.990761 0.00923906
8 0.992043 0.00795722
9 0.000199611 0.9998
8 0.994598 0.00540245
9 0.120571 0.879429
9 1e-07 1
9 1.48872e-05 0.999985
9 0.0660889 0.933911
9 0.0369791 0.963021
9 0.0891236 0.910876
8 0.988289 0.0117109
8 0.988595 0.0114045
8 0.986098 0.0139019
8 0.985535 0.0144645
9 0.0715133 0.928487
8 0.988911 0.0110888
8 0.994651 0.00534912
8 0.997978 0.00202158
8 0.995779 0.00422089
9 0.173076 0.826924
8 0.997003 0.00299667
9 0.346288 0.653712
9 0.481696 0.518304
8 0.995713 0.00428695
9 2.2684e-07 1
9 0.224633 0.775367
8 0.983896 0.0161038
9 0.0497244 0.950276
9 0.00108753 0.998912
9 1e-07 1
8 0.997705 0.0022945
8 0.980709 0.0192914
9 3.02101e-05 0.99997
8 0.981753 0.0182466
8 0.99959 0.000410438
8 0.993411 0.00658855
8 0.987974 0.0120259
8 0.995712 0.00428752
8 0.97697 0.0230304
8 0.972211 0.0277886
8 0.979971 0.0200291
8 0.996699 0.00330069
8 0.998086 0.00191365
9 0.028993 0.971007
8 0.997587 0.00241279
9 5.72036e-07 0.999999
9 0.142593 0.857407
8 0.986174 0.0138262
8 0.997007 0.00299329
8 0.990304 0.00969562
9 1.7717e-06 0.999998
9 1e-07 1
9 0.290908 0.709092
9 1e-07 1
8 0.961927 0.0380726
8 0.997458 0.00254172
9 1e-07 1
8 0.50399 0.49601
8 0.997124 0.00287628
8 0.983848 0.0161519
8 0.996229 0.00377087
9 0.000353738 0.999646
8 0.980456 0.0195442
9 0.000196968 0.999803
8 0.993132 0.00686782
9 1.14378e-07 1
8 0.992106 0.00789388
8 0.996932 0.0030678
8 0.999316 0.000684133
9 1.32665e-07 1
8 0.989342 0.0106582
8 0.995547 0.00445338
9 0.0165886 0.983411
8 0.989505 0.0104952
9 0.0919741 0.908026
8 0.992222 0.00777804
8 0.991185 0.00881484
8 0.991464 0.0085363
9 0.0188169 0.981183
8 0.99559 0.00441032
9 7.19434e-05 0.999928
8 0.994077 0.00592297
8 0.995866 0.00413411
9 0.128016 0.871984
8 0.999959 4.14218e-05
8 0.987704 0.0122961
8 0.991535 0.00846502
9 0.161545 0.838455
9 1e-07 1
9 0.0156361 0.984364
8 0.953047 0.0469531
8 0.995191 0.00480879
8 0.991665 0.00833482
8 0.996009 0.00399067
9 1e-07 1
9 5.26618e-05 0.999947
9 0.00457105 0.995429
8 0.999183 0.000816946
8 0.98875 0.0112504
9 0.0385775 0.961423
9 0.0519678 0.948032
8 0.979353 0.0206473
9 0.00943984 0.99056
9 1.37728e-05 0.999986
8 0.992757 0.00724325
8 0.996072 0.00392763
8 0.992201 0.00779903
9 0.0732865 0.926714
9 0.183875 0.816125
9 0.156371 0.843629
8 0.992546 0.00745361
8 0.728574 0.271426
8 0.91984 0.0801603
8 0.979759 0.0202406
8 0.997597 0.00240269
8 0.986951 0.0130489
8 0.987593 0.0124065
9 0.0590855 0.940914
8 0.980568 0.0194324
8 0.99295 0.00704996
9 0.0690722 0.930928
9 1e-07 1
8 0.991621 0.00837939
9 0.0236465 0.976354
9 0.468577 0.531423
9 1e-07 1
9 2.98381e-07 1
8 0.995342 0.00465775
8 0.997392 0.00260793
8 0.987514 0.0124863
8 0.958125 0.0418755
8 0.981993 0.0180072
9 0.00421621 0.995784
8 0.977033 0.0229673
8 0.997501 0.00249948
9 0.024204 0.975796
8 0.994993 0.00500711
8 0.992217 0.00778264
9 1e-07 1
9 0.0141431 0.985857
8 0.990477 0.00952277
8 0.696575 0.303425
8 0.992769 0.00723137
8 0.748265 0.251735
8 0.999291 0.000709436
8 0.99196 0.00803994
9 0.19179 0.80821
9 7.67126e-07 0.999999
8 0.996057 0.00394271
8 0.997126 0.00287443
9 1e-07 1
9 1.26498e-05 0.999987
8 0.959287 0.0407129
8 0.99645 0.00355019
9 0.0303422 0.969658
9 0.00118997 0.99881
9 0.104037 0.895963
9 3.50668e-07 1
8 0.992677 0.00732326
9 3.99408e-06 0.999996
8 0.99241 0.00758985
9 1e-07 1
9 0.109667 0.890333
8 0.995863 0.00413741
8 0.986094 0.0139059
8 0.994292 0.0057075
8 0.995095 0.00490486
8 0.997027 0.00297335
8 0.997356 0.00264407
8 0.993303 0.00669706
8 0.993 0.00700027
9 0.20308 0.79692
8 0.995016 0.00498421
8 0.852095 0.147905
9 1.75546e-06 0.999998
9 0.419964 0.580036
8 0.892668 0.107332
8 0.998989 0.00101082
9 0.385084 0.614916
9 0.0114651 0.988535
9 0.21105 0.78895
9 0.0160002 0.984
9 0.249243 0.750757
9 0.026732 0.973268
8 0.994695 0.00530463
8 0.990233 0.00976724
8 0.991346 0.00865382
9 0.0329278 0.967072
9 0.20442 0.79558
8 0.995078 0.00492247
9 0.190886 0.809114
8 0.99664 0.00335982
9 1e-07 1
9 1e-07 1
9 0.145698 0.854302
9 0.055978 0.944022
8 0.996387 0.00361313
8 0.993557 0.00644272
9 0.394726 0.605274
8 0.969804 0.0301959
9 0.339871 0.660129
8 0.884822 0.115178
9 0.209973 0.790027
8 0.991362 0.00863799
8 0.995241 0.00475941
8 0.988313 0.0116866
8 0.99754 0.00245979
8 0.994999 0.00500081
9 0.0782944 0.921706
8 0.989261 0.0107386
8 0.992257 0.00774277
8 0.996426 0.00357447
8 0.990276 0.00972356
8 0.993649 0.00635074
8 0.972392 0.0276085
8 0.987492 0.0125081
9 0.164354 0.835646
8 0.994231 0.00576924
9 0.195229 0.804771
9 0.00107165 0.998928
8 0.986661 0.0133391
9 0.0423086 0.957691
8 0.982209 0.0177906
8 0.994785 0.00521509
8 0.998357 0.00164332
9 3.88187e-05 0.999961
8 0.984983 0.0150171
8 0.705761 0.294239
8 0.963616 0.0363837
8 0.96596 0.0340401
8 0.921619 0.0783812
8 0.997911 0.00208899
9 0.00306471 0.996935
8 0.989093 0.0109072
9 6.13381e-07 0.999999
8 0.694517 0.305483
8 0.992973 0.00702686
9 0.000204061 0.999796
8 0.999835 0.000165436
9 0.0524 0.9476
8 0.893633 0.106367
9 0.00271127 0.997289
9 1e-07 1
8 0.885112 0.114888
8 0.749724 0.250276
8 0.997866 0.00213361
9 1.73614e-06 0.999998
9 1.57263e-05 0.999984
9 0.0145884 0.985412
8 0.986157 0.0138431
9 0.00139459 0.998605
8 0.902707 0.0972928
9 0.0121458 0.987854
9 0.0171461 0.982854
9 0.00707537 0.992925
9 1e-07 1
9 0.00685043 0.99315
8 0.972682 0.0273178
8 0.98552 0.0144805
8 0.985734 0.0142657
8 0.995497 0.00450264
8 0.993063 0.0069373
9 0.0788149 0.921185
8 0.990186 0.00981366
9 0.0478908 0.952109
9 0.346559 0.653441
9 0.0153913 0.984609
9 1e-07 1
9 1.91648e-06 0.999998
8 0.989393 0.0106072
8 0.996694 0.00330588
9 6.48123e-06 0.999994
8 0.991524 0.00847589
8 0.992916 0.00708431
9 0.186013 0.813987
8 0.989488 0.0105125
8 0.79516 0.20484
8 0.990595 0.00940546
8 0.998083 0.00191722
9 1e-07 1
8 0.992542 0.00745841
9 5.51636e-06 0.999994
8 0.988801 0.0111993
8 0.986093 0.0139071
8 0.999667 0.000332808
8 0.99314 0.00685962
9 0.000376386 0.999624
8 0.999334 0.00066649
9 0.00182984 0.99817
8 0.991445 0.00855529
8 0.968309 0.0316911
9 0.173426 0.826574
8 0.984458 0.0155417
8 0.991324 0.00867583
8 0.979648 0.0203522
9 1e-07 1
8 0.990963 0.00903724
8 0.999193 0.000806726
8 0.995551 0.0044487
9 0.000510973 0.999489
8 0.993147 0.00685261
8 0.98626 0.01374
8 0.985924 0.0140758
8 0.996821 0.00317854
8 0.980155 0.0198446
8 0.992341 0.00765915
8 0.990768 0.00923239
9 3.30257e-06 0.999997
9 0.356267 0.643733
8 0.974675 0.0253254
8 0.996808 0.00319198
8 0.985424 0.0145757
9 0.0499762 0.950024
8 0.994463 0.00553695
9 1e-07 1
8 0.998202 0.00179823
8 0.988264 0.0117364
8 0.99579 0.00420999
8 0.990959 0.00904072
9 0.0651742 0.934826
8 0.990906 0.00909393
8 0.992578 0.00742236
9 0.01483 0.98517
9 0.256528 0.743472
9 1e-07 1
9 3.2793e-07 1
9 0.359906 0.640094
9 1e-07 1
8 0.998148 0.001852
8 0.994596 0.00540447
8 0.992753 0.00724726
9 1e-07 1
8 0.732491 0.267509
8 0.990755 0.00924517
8 0.986725 0.0132751
8 0.878199 0.121801
8 0.995616 0.0043836
8 0.994267 0.00573258
9 0.0107473 0.989253
8 0.991228 0.00877153
8 0.986237 0.0137634
8 0.967773 0.0322272
9 1e-07 1
8 0.992457 0.00754338
9 5.78568e-05 0.999942
8 0.975758 0.0242421
8 0.997659 0.00234095
8 0.991022 0.00897794
8 0.986052 0.0139475
8 0.992827 0.00717344
8 0.981482 0.0185185
8 0.981061 0.0189394
8 0.987968 0.0120316
8 0.982901 0.0170994
9 0.186994 0.813006
8 0.9911 0.00889982
9 0.00256363 0.997436
9 5.56406e-06 0.999994
8 0.985297 0.0147033
8 0.998657 0.00134311
8 0.995991 0.00400927
9 1.57313e-05 0.999984
9 0.000397721 0.999602
9 0.220861 0.779139
8 0.974763 0.0252365
8 0.997294 0.00270643
9 0.000361191 0.999639
9 0.0246192 0.975381
8 0.978592 0.0214077
8 0.940488 0.0595116
9 0.0598225 0.940178
9 1e-07 1
8 0.997841 0.00215929
9 0.0100205 0.989979
8 0.997287 0.00271333
9 0.0983267 0.901673
9 1e-07 1
8 0.991347 0.0086528
8 0.995578 0.00442232
8 0.969755 0.0302452
9 0.0563487 0.943651
9 1.71706e-06 0.999998
8 0.992059 0.00794101
8 0.99255 0.0074502
8 0.992348 0.00765203
9 0.0127798 0.98722
8 0.993593 0.00640695
8 0.74231 0.25769
8 0.996761 0.00323921
8 0.999786 0.00021438
8 0.994041 0.00595884
8 0.997357 0.0026426
8 0.99767 0.00232955
8 0.996688 0.00331243
8 0.706527 0.293473
9 6.12973e-06 0.999994
8 0.973964 0.0260365
9 0.0313739 0.968626
8 0.996619 0.00338124
9 0.00508313 0.994917
9 0.00110031 0.9989
8 0.996193 0.00380654
9 1e-07 1
9 0.00102511 0.998975
8 0.983379 0.0166214
8 0.992208 0.00779248
8 0.993292 0.00670815
9 0.00180095 0.998199
8 0.973336 0.0266638
9 0.487964 0.512036
9 0.0182382 0.981762
8 0.996892 0.00310801
8 0.984782 0.0152179
9 0.108841 0.891159
8 0.994831 0.00516933
9 2.44091e-06 0.999998
8 0.989438 0.0105622
8 0.990315 0.00968542
8 0.992956 0.00704426
9 0.00859621 0.991404
8 0.998707 0.00129261
9 0.332749 0.667251
9 1e-07 1
9 5.77936e-05 0.999942
9 0.163204 0.836796
8 0.530906 0.469094
9 0.133258 0.866742
9 0.00498126 0.995019
9 2.29565e-07 1
9 0.00964002 0.99036
9 0.0890013 0.910999
9 0.00300067 0.996999
9 0.00807688 0.991923
9 0.105814 0.894186
8 0.990016 0.00998401
9 0.000802826 0.999197
9 0.0211339 0.978866
9 0.390774 0.609226
9 9.17391e-06 0.999991
9 0.00709162 0.992908
8 0.994305 0.00569466
8 0.992032 0.007968
8 0.989425 0.0105748
8 0.972205 0.0277946
8 0.920332 0.0796682
8 0.918862 0.0811384
8 0.989356 0.0106435
8 0.995146 0.00485373
8 0.994961 0.00503867
8 0.984342 0.0156576
8 0.987034 0.012966
8 0.991298 0.00870164
8 0.996959 0.00304124
8 0.992243 0.00775728
8 0.992827 0.00717286
9 0.181968 0.818032
8 0.989945 0.010055
8 0.991685 0.0083146
8 0.982979 0.0170213
9 1e-07 1
8 0.992319 0.00768093
9 0.414306 0.585694
8 0.991782 0.00821842
8 0.976959 0.023041
8 0.992721 0.00727897
8 0.991272 0.00872808
9 0.0602958 0.939704
8 0.971493 0.0285069
9 1e-07 1
9 0.000432034 0.999568
9 0.166255 0.833745
8 0.983675 0.0163255
8 0.937769 0.0622312
8 0.997739 0.00226079
9 0.000447252 0.999553
9 8.42859e-05 0.999916
9 4.60558e-05 0.999954
8 0.657678 0.342322
9 0.20869 0.79131
8 0.988007 0.0119927
9 0.168843 0.831157
8 0.994584 0.00541631
9 0.0929368 0.907063
8 0.866559 0.133441
8 0.989409 0.0105915
9 1.70833e-05 0.999983
9 0.000292556 0.999707
8 0.996486 0.0035139
9 0.333929 0.666071
8 0.99515 0.0048499
8 0.997719 0.00228124
9 3.03393e-05 0.99997
8 0.993176 0.00682395
8 0.99426 0.00574002
9 0.103413 0.896587
8 0.992597 0.0074028
8 0.913462 0.086538
8 0.991591 0.00840878
8 0.99715 0.0028504
8 0.993742 0.00625844
9 0.0313731 0.968627
8 0.99485 0.00514965
8 0.993995 0.00600457
8 0.999704 0.000295508
8 0.998366 0.00163385
8 0.887688 0.112312
8 0.956298 0.0437017
8 0.982116 0.0178837
8 0.985667 0.0143331
8 0.980852 0.0191482
8 0.996338 0.00366162
8 0.995399 0.00460103
8 0.991475 0.00852532
9 0.103294 0.896706
8 0.996244 0.00375606
8 0.98561 0.0143902
8 0.98847 0.0115295
9 0.171218 0.828782
8 0.985958 0.0140425
9 2.20534e-07 1
8 0.996878 0.00312203
8 0.996432 0.00356823
9 0.00536347 0.994637
9 1.32585e-07 1
8 0.99576 0.00423969
8 0.993878 0.00612214
8 0.995003 0.00499679
8 0.936376 0.0636237
8 0.982831 0.0171695
9 0.000259804 0.99974
9 0.199665 0.800335
9 0.168689 0.831311
8 0.96539 0.0346097
9 0.00153424 0.998466
8 0.81943 0.18057
8 0.92829 0.0717103
8 0.908145 0.0918549
8 0.991912 0.00808799
9 1e-07 1
8 0.991873 0.00812714
8 0.995553 0.00444656
8 0.998321 0.00167896
9 0.135436 0.864564
8 0.989173 0.0108274
8 0.998336 0.00166393
8 0.995879 0.0041213
8 0.987043 0.0129569
9 1e-07 1
8 0.542191 0.457809
8 0.998767 0.00123332
8 0.950028 0.0499718
8 0.997482 0.00251831
8 0.990074 0.00992573
9 0.000641993 0.999358
9 0.000803747 0.999196
8 0.999008 0.000992309
8 0.996517 0.00348332
8 0.998975 0.00102494
8 0.992555 0.00744501
8 0.993273 0.00672745
8 0.995752 0.004248
8 0.990803 0.00919741
9 0.289732 0.710268
8 0.989826 0.0101742
9 0.0347723 0.965228
8 0.978777 0.0212234
8 0.906005 0.0939953
9 0.102745 0.897255
8 0.999009 0.000990825
9 0.00444721 0.995553
8 0.711163 0.288837
9 0.355782 0.644218
8 0.996238 0.00376247
8 0.991309 0.00869146
8 0.982399 0.0176011
8 0.973549 0.0264514
8 0.844303 0.155697
8 0.906938 0.0930619
9 0.209675 0.790325
8 0.938163 0.0618374
9 0.0112437 0.988756
8 0.992145 0.00785501
9 0.0747525 0.925248
9 0.0254602 0.97454
8 0.994687 0.00531329
8 0.997654 0.00234608
8 0.998249 0.0017513
8 0.983415 0.0165846
8 0.994807 0.00519279
8 0.989482 0.0105179
9 0.00575216 0.994248
9 0.0187565 0.981244
8 0.995824 0.00417595
8 0.983809 0.0161907
8 0.995995 0.0040052
8 0.996209 0.0037914
8 0.990394 0.00960552
8 0.970566 0.0294337
9 0.149462 0.850538
8 0.979479 0.0205209
9 0.100446 0.899554
9 0.0976308 0.902369
8 0.99631 0.00369022
8 0.999725 0.000275245
9 1e-07 1
8 0.965516 0.034484
8 0.990693 0.00930689
8 0.965899 0.0341015
8 0.919631 0.0803687
9 0.0149383 0.985062
9 0.000503418 0.999497
8 0.986518 0.0134821
8 0.994225 0.00577482
8 0.967067 0.0329327
8 0.983553 0.0164466
9 0.344072 0.655928
8 0.996512 0.00348833
9 0.000170083 0.99983
8 0.996095 0.00390475
8 0.985975 0.0140255
8 0.995147 0.00485338
9 0.000176839 0.999823
9 0.0288391 0.971161
9 0.441334 0.558666
8 0.997516 0.00248368
8 0.992922 0.00707799
9 0.0010568 0.998943
8 0.992157 0.00784252
8 0.759486 0.240514
9 5.40581e-05 0.999946
9 0.107358 0.892642
9 0.000170585 0.999829
9 0.482524 0.517476
8 0.985912 0.0140875
8 0.998379 0.00162116
8 0.985166 0.0148336
9 0.00437768 0.995622
8 0.991203 0.00879695
9 0.0165411 0.983459
8 0.996015 0.003985
8 0.991871 0.00812879
8 0.989317 0.0106831
9 0.00911156 0.990888
8 0.989347 0.0106534
9 0.212196 0.787804
9 0.000380077 0.99962
9 0.00229352 0.997706
9 1.35782e-07 1
9 0.0952245 0.904775
8 0.994444 0.00555626
8 0.99409 0.00591001
8 0.561856 0.438144
8 0.988472 0.011528
8 0.976225 0.023775
8 0.978509 0.0214912
8 0.995583 0.00441745
8 0.984345 0.0156551
9 0.0207137 0.979286
9 0.317531 0.682469
9 1e-07 1
8 0.996513 0.00348655
8 0.998965 0.00103491
9 5.97851e-05 0.99994
9 0.485399 0.514601
8 0.991072 0.00892796
8 0.998029 0.00197144
8 0.998913 0.00108706
8 0.990878 0.00912186
8 0.995206 0.00479427
9 0.103067 0.896933
8 0.990679 0.00932101
8 0.99496 0.00504012
8 0.98747 0.01253
8 0.984012 0.0159877
8 0.985565 0.0144349
8 0.990729 0.00927127
8 0.991241 0.00875879
9 7.05187e-06 0.999993
8 0.996794 0.00320562
8 0.998237 0.00176258
9 0.000660621 0.999339
8 0.984514 0.0154858
9 0.00120669 0.998793
9 0.036098 0.963902
8 0.912296 0.0877037
8 0.940289 0.0597108
8 0.981362 0.0186384
8 0.997301 0.0026991
8 0.997423 0.00257741
8 0.988674 0.0113255
8 0.992758 0.00724231
9 0.000229801 0.99977
9 0.00568724 0.994313
9 1e-07 1
8 0.983052 0.0169479
8 0.99726 0.00273983
8 0.998385 0.00161524
8 0.996617 0.00338253
8 0.995127 0.00487264
8 0.997228 0.00277204
9 0.0319952 0.968005
8 0.994927 0.00507293
8 0.745553 0.254447
9 2.01947e-05 0.99998
8 0.990661 0.0093386
9 1e-07 1
9 0.128684 0.871316
9 0.00260716 0.997393
8 0.997131 0.00286852
9 0.0274929 0.972507
9 0.111026 0.888974
9 0.318987 0.681013
8 0.985681 0.0143194
9 0.245653 0.754347
9 0.000801247 0.999199
8 0.978904 0.021096
8 0.990468 0.00953206
9 0.053442 0.946558
8 0.989431 0.0105688
8 0.995991 0.00400854
8 0.996178 0.0038222
9 0.000267136 0.999733
8 0.995186 0.00481387
8 0.997903 0.0020972
8 0.611697 0.388303
8 0.99307 0.00692981
8 0.912338 0.0876623
9 1e-07 1
9 0.0766856 0.923314
9 1.78777e-06 0.999998
9 0.000200112 0.9998
8 0.993806 0.00619417
9 0.213151 0.786849
9 0.00468054 0.995319
9 0.00114179 0.998858
8 0.988886 0.0111143
9 0.458289 0.541711
8 0.990188 0.00981182
9 1.64965e-07 1
9 0.00232149 0.997679
9 0.00012541 0.999875
8 0.967748 0.0322524
8 0.993297 0.00670278
8 0.981139 0.018861
9 0.00400855 0.995991
8 0.99397 0.0060296
8 0.990769 0.00923133
9 0.374688 0.625312
9 0.00461067 0.995389
9 0.00194792 0.998052
9 0.000222885 0.999777
9 6.48711e-07 0.999999
9 0.031292 0.968708
9 1.32291e-06 0.999999
8 0.998388 0.00161163
9 0.494003 0.505997
8 0.995569 0.0044314
8 0.98508 0.0149196
9 0.0283585 0.971642
8 0.987775 0.0122253
8 0.581193 0.418807
9 1e-07 1
8 0.995192 0.00480762
9 0.149178 0.850822
9 6.15052e-06 0.999994
8 0.989844 0.0101555
8 0.992435 0.00756458
9 0.00651732 0.993483
9 1.83836e-07 1
8 0.988865 0.0111353
9 0.0128874 0.987113
9 4.21692e-05 0.999958
8 0.994723 0.00527654
9 0.000687386 0.999313
8 0.994334 0.00566605
8 0.741006 0.258994
9 0.00259431 0.997406
9 0.000529908 0.99947
8 0.988612 0.0113883
9 0.214235 0.785765
9 0.000671642 0.999328
8 0.997348 0.00265197
8 0.992083 0.00791723
9 1.15705e-05 0.999988
9 3.49842e-06 0.999997
8 0.992033 0.00796721
9 1e-07 1
9 1e-07 1
9 0.0107061 0.989294
8 0.992021 0.00797911
8 0.994349 0.00565149
8 0.99002 0.00997969
9 0.000370808 0.999629
8 0.989282 0.0107183
9 0.103703 0.896297
8 0.994412 0.00558787
9 4.6055e-05 0.999954
8 0.996703 0.00329698
8 0.984635 0.0153648
8 0.986612 0.0133884
8 0.99146 0.00854021
8 0.995935 0.00406451
8 0.99074 0.00926031
8 0.99823 0.00177004
8 0.986994 0.0130062
9 0.201906 0.798094
9 0.000311656 0.999688
9 0.133429 0.866571
8 0.986914 0.0130861
9 0.0100183 0.989982
9 0.137817 0.862183
8 0.968001 0.031999
8 0.990108 0.00989233
8 0.996564 0.00343642
8 0.991454 0.00854551
8 0.995916 0.00408398
8 0.983037 0.0169633
8 0.991933 0.00806736
8 0.99584 0.00416038
9 0.000187832 0.999812
8 0.991537 0.0084634
9 3.94728e-05 0.999961
8 0.993096 0.00690411
8 0.999636 0.000364475
9 0.00570292 0.994297
8 0.989948 0.0100517
8 0.994575 0.00542515
8 0.995406 0.0045935
8 0.980041 0.0199587
9 0.00992487 0.990075
9 0.104044 0.895956
8 0.991363 0.00863702
8 0.994485 0.00551453
9 0.20022 0.79978
9 1.03775e-06 0.999999
8 0.975712 0.0242885
8 0.999054 0.000946377
9 6.55615e-05 0.999934
9 1e-07 1
8 0.990965 0.00903521
8 0.994999 0.00500133
8 0.99178 0.00821992
8 0.718039 0.281961
8 0.994745 0.00525508
8 0.998477 0.00152294
8 0.98575 0.0142498
8 0.998349 0.00165066
9 0.00369477 0.996305
9 0.10919 0.89081
8 0.993923 0.00607664
8 0.993444 0.00655572
9 0.207261 0.792739
9 0.0931301 0.90687
8 0.994357 0.00564285
8 0.995505 0.00449533
8 0.984322 0.0156778
8 0.992071 0.00792854
8 0.994582 0.00541771
8 0.994239 0.00576142
9 0.0901355 0.909865
8 0.990462 0.00953776
8 0.999437 0.000563465
9 0.00161936 0.998381
8 0.992394 0.0076061
8 0.981229 0.0187714
8 0.994812 0.00518798
8 0.954284 0.0457161
8 0.732489 0.267511
8 0.706895 0.293105
9 0.099052 0.900948
9 0.0103788 0.989621
9 0.00910005 0.9909
8 0.960285 0.0397146
8 0.973534 0.0264659
8 0.99308 0.00692043
8 0.999231 0.000768631
9 0.144394 0.855606
8 0.991389 0.00861078
8 0.992326 0.00767362
8 0.984927 0.0150727
8 0.998562 0.0014383
9 0.320974 0.679026
8 0.999275 0.000725212
8 0.59508 0.40492
9 1e-07 1
8 0.987554 0.0124455
9 0.00612583 0.993874
8 0.991962 0.0080378
9 0.00703704 0.992963
8 0.99875 0.00125006
8 0.996351 0.00364885
9 0.000104385 0.999896
9 0.0412561 0.958744
9 0.0331034 0.966897
8 0.917766 0.0822341
8 0.954531 0.045469
8 0.990392 0.00960837
8 0.986479 0.0135208
8 0.976269 0.0237311
8 0.98353 0.0164701
8 0.99595 0.00405003
9 0.0072919 0.992708
9 1.36674e-06 0.999999
9 1e-07 1
9 0.000515537 0.999484
8 0.98197 0.01803
9 0.0338393 0.966161
8 0.991903 0.00809711
9 0.0100164 0.989984
8 0.945514 0.0544862
8 0.994238 0.00576177
8 0.995402 0.00459785
9 0.0657286 0.934271
8 0.992419 0.00758101
9 9.03205e-06 0.999991
8 0.991719 0.00828068
8 0.979464 0.0205362
8 0.996932 0.00306772
8 0.994229 0.00577142
8 0.991674 0.00832637
9 1.23638e-07 1
8 0.97375 0.0262505
8 0.991895 0.00810516
8 0.994393 0.0056065
9 6.29132e-05 0.999937
8 0.998902 0.00109814
8 0.969713 0.030287
8 0.998824 0.00117597
8 0.990854 0.00914612
8 0.995609 0.00439136
9 1e-07 1
8 0.860925 0.139075
8 0.98837 0.0116296
9 0.000367899 0.999632
9 1e-07 1
8 0.559237 0.440763
8 0.998934 0.00106649
9 0.139923 0.860077
8 0.900124 0.0998756
8 0.992578 0.00742206
9 0.0487084 0.951292
9 0.0134388 0.986561
9 0.00389493 0.996105
8 0.995627 0.00437322
8 0.998786 0.00121416
9 0.000165478 0.999835
8 0.987715 0.0122852
8 0.987111 0.0128891
8 0.998421 0.00157857
8 0.990912 0.00908825
9 0.000342393 0.999658
9 0.299829 0.700171
8 0.999186 0.000813666
8 0.992489 0.00751125
8 0.990506 0.00949443
8 0.998932 0.00106772
8 0.994205 0.00579503
9 0.000259134 0.999741
8 0.992836 0.00716383
9 1e-07 1
9 1e-07 1
8 0.999807 0.000193078
8 0.996031 0.00396872
8 0.995428 0.00457168
9 0.0237093 0.976291
8 0.991738 0.00826249
9 0.0691703 0.93083
8 0.991508 0.00849215
8 0.824861 0.175139
8 0.576245 0.423755
8 0.990279 0.00972121
8 0.996656 0.00334417
8 0.991821 0.00817875
9 3.32926e-05 0.999967
8 0.999304 0.000696041
8 0.995191 0.00480858
8 0.99144 0.00856014
8 0.997122 0.00287756
9 0.00464893 0.995351
9 1.35959e-07 1
9 0.148465 0.851535
8 0.989946 0.0100545
9 0.00116132 0.998839
9 0.00161925 0.998381
8 0.996758 0.00324242
8 0.992746 0.00725401
9 1e-07 1
9 0.000321394 0.999679
9 5.46998e-05 0.999945
8 0.995502 0.00449826
8 0.98452 0.0154797
9 0.000116962 0.999883
9 0.0741913 0.925809
8 0.770829 0.229171
9 0.030157 0.969843
9 4.77908e-05 0.999952
9 2.56553e-06 0.999997
8 0.81583 0.18417
8 0.991482 0.00851751
8 0.992169 0.00783142
9 0.167982 0.832018
8 0.99682 0.00317992
8 0.998925 0.00107461
9 6.57964e-06 0.999993
9 0.0121526 0.987847
8 0.992033 0.00796736
9 0.0581732 0.941827
9 2.5338e-05 0.999975
9 0.0485074 0.951493
9 9.39052e-06 0.999991
8 0.993343 0.00665707
9 0.00148136 0.998519
8 0.996286 0.00371422
8 0.997193 0.00280706
9 0.000951699 0.999048
9 1e-07 1
8 0.985206 0.0147936
9 0.0183668 0.981633
8 0.623486 0.376514
8 0.99889 0.00110951
8 0.993622 0.00637782
9 3.67108e-07 1
8 0.958687 0.0413134
8 0.998455 0.00154511
8 0.987122 0.0128781
8 0.984833 0.0151668
9 0.231828 0.768172
8 0.989769 0.0102314
8 0.996679 0.00332113
8 0.989413 0.0105867
9 5.49203e-07 0.999999
8 0.994178 0.00582165
8 0.687208 0.312792
9 1e-07 1
9 1e-07 1
8 0.988951 0.0110489
8 0.999537 0.000463119
8 0.991907 0.00809313
8 0.994975 0.00502494
8 0.997286 0.0027137
9 1e-07 1
8 0.991059 0.0089415
8 0.996049 0.00395146
8 0.987333 0.0126674
8 0.992215 0.00778469
8 0.994952 0.0050479
8 0.996998 0.00300211
8 0.997549 0.0024513
8 0.966588 0.0334116
8 0.996056 0.00394394
8 0.995195 0.00480491
9 1e-07 1
8 0.996409 0.00359106
8 0.810146 0.189854
9 0.41286 0.58714
9 0.25537 0.74463
9 0.00150931 0.998491
8 0.987485 0.0125154
9 0.315352 0.684648
8 0.996408 0.00359237
8 0.996436 0.00356393
8 0.999605 0.000394922
8 0.986513 0.0134867
9 0.200132 0.799868
8 0.99653 0.00346985
8 0.983281 0.0167188
8 0.997582 0.0024177
8 0.920287 0.0797127
8 0.999627 0.000372771
9 0.0303639 0.969636
8 0.985644 0.0143557
8 0.577493 0.422507
9 0.229947 0.770053
8 0.990503 0.00949676
8 0.936168 0.0638325
8 0.98246 0.0175399
9 0.0511626 0.948837
9 1.12527e-07 1
9 1e-07 1
8 0.838668 0.161332
8 0.998926 0.00107411
8 0.997668 0.00233249
8 0.99919 0.000809689
8 0.984164 0.0158358
8 0.99383 0.00617011
9 0.000186967 0.999813
8 0.99326 0.00674029
9 1e-07 1
9 4.72185e-05 0.999953
8 0.550003 0.449997
8 0.985009 0.0149912
9 0.257226 0.742774
8 0.986235 0.0137652
8 0.98043 0.0195695
9 0.000936495 0.999064
8 0.999281 0.000718749
9 0.118079 0.881921
9 2.15583e-05 0.999978
9 0.0066905 0.99331
8 0.997564 0.00243634
9 1.25218e-07 1
8 0.999354 0.000645684
8 0.99377 0.00622968
8 0.994895 0.00510532
8 0.598125 0.401875
8 0.999129 0.000870626
8 0.986383 0.0136173
9 0.117271 0.882729
9 0.00375103 0.996249
8 0.63009 0.36991
8 0.999336 0.00066378
9 0.380376 0.619624
9 0.0109129 0.989087
8 0.995469 0.00453086
9 0.038302 0.961698
8 0.985013 0.0149868
9 6.24487e-06 0.999994
8 0.994687 0.00531343
9 0.251383 0.748617
9 0.00634976 0.99365
8 0.991542 0.00845806
8 0.989253 0.0107471
9 0.000761204 0.999239
8 0.991304 0.00869641
8 0.985279 0.014721
8 0.950736 0.0492642
8 0.998652 0.00134846
9 1e-07 1
9 1.07696e-06 0.999999
9 0.00618483 0.993815
8 0.980606 0.0193941
8 0.998226 0.00177443
8 0.995899 0.00410117
8 0.986469 0.013531
8 0.967069 0.0329307
8 0.643988 0.356012
8 0.85312 0.14688
8 0.985716 0.0142838
9 0.0027113 0.997289
8 0.986419 0.0135806
9 0.0441771 0.955823
8 0.997999 0.00200056
9 0.494321 0.505679
8 0.807959 0.192041
8 0.991521 0.00847931
8 0.986684 0.0133159
8 0.995891 0.00410948
8 0.983997 0.0160034
8 0.995312 0.00468842
8 0.971353 0.0286469
8 0.988005 0.0119947
9 1e-07 1
8 0.549492 0.450508
8 0.993792 0.00620827
8 0.999194 0.000805992
9 0.00862467 0.991375
9 0.223253 0.776747
9 0.0122872 0.987713
8 0.9843 0.0156995
9 8.05293e-07 0.999999
9 0.00657977 0.99342
8 0.990597 0.00940276
8 0.98283 0.01717
8 0.995026 0.0049745
9 1e-07 1
8 0.980043 0.0199573
8 0.94907 0.0509296
9 0.000746029 0.999254
8 0.982561 0.0174393
8 0.984659 0.0153411
9 1.01512e-07 1
8 0.985941 0.0140594
9 0.0582997 0.9417
8 0.981558 0.0184416
9 1e-07 1
8 0.997138 0.00286192
8 0.993961 0.00603926
8 0.976146 0.0238543
9 2.96471e-05 0.99997
8 0.990467 0.00953324
8 0.857168 0.142832
9 1e-07 1
8 0.996757 0.00324298
9 2.17993e-06 0.999998
8 0.998164 0.00183605
8 0.995683 0.00431718
8 0.9974 0.00260017
8 0.795437 0.204563
9 0.348881 0.651119
8 0.993231 0.00676876
9 0.000242444 0.999758
9 0.0685543 0.931446
8 0.980332 0.0196679
8 0.99584 0.00416043
9 0.0216992 0.978301
8 0.999803 0.000196829
8 0.998699 0.00130068
9 0.274923 0.725077
8 0.839993 0.160007
8 0.999641 0.000358784
9 1.55893e-06 0.999998
9 0.0320362 0.967964
9 0.000176684 0.999823
8 0.913023 0.0869772
8 0.993512 0.00648819
9 1.0962e-06 0.999999
8 0.984609 0.0153909
8 0.988344 0.0116557
8 0.984844 0.0151561
8 0.992498 0.00750193
9 8.59493e-05 0.999914
9 0.000273406 0.999727
8 0.997008 0.0029916
9 6.61901e-07 0.999999
9 3.72995e-05 0.999963
8 0.92582 0.0741801
9 2.46774e-05 0.999975
9 0.0117133 0.988287
8 0.992427 0.00757294
8 0.977734 0.022266
8 0.995161 0.00483893
9 0.000561034 0.999439
8 0.982766 0.0172339
9 0.000380811 0.999619
8 0.995678 0.00432184
8 0.704562 0.295438
8 0.995256 0.00474369
9 0.255141 0.744859
9 0.00199038 0.99801
8 0.996742 0.00325762
8 0.991795 0.00820536
8 0.992201 0.0077992
9 0.18635 0.81365
9 0.0905097 0.90949
9 0.0111683 0.988832
8 0.984633 0.0153673
8 0.996918 0.00308173
8 0.996598 0.00340166
8 0.996531 0.00346853
9 0.32449 0.67551
8 0.990326 0.00967353
9 0.0173 0.9827
8 0.902577 0.0974229
9 0.0169636 0.983036
8 0.997693 0.00230747
8 0.984412 0.0155879
8 0.996949 0.00305062
8 0.947486 0.0525135
8 0.933147 0.0668527
8 0.993504 0.00649639
8 0.996828 0.00317151
9 0.0130798 0.98692
9 0.000200125 0.9998
8 0.997439 0.00256132
8 0.996472 0.00352816
9 1.14038e-05 0.999989
8 0.996822 0.00317843
8 0.965088 0.0349124
9 0.0576295 0.94237
8 0.988451 0.0115493
9 0.0115653 0.988435
8 0.997066 0.00293359
8 0.990148 0.00985205
8 0.988722 0.0112782
8 0.995155 0.00484525
9 1e-07 1
8 0.774194 0.225806
8 0.994412 0.00558788
8 0.969232 0.0307684
8 0.990226 0.00977409
8 0.991344 0.0086558
8 0.949012 0.0509882
9 0.150791 0.849209
8 0.99944 0.00055995
8 0.995725 0.00427497
9 0.236949 0.763051
8 0.999424 0.000576028
9 0.0224189 0.977581
8 0.835603 0.164397
8 0.99082 0.00918042
8 0.995012 0.00498846
8 0.993538 0.00646157
8 0.996677 0.00332312
8 0.989323 0.010677
8 0.994398 0.00560184
8 0.996114 0.00388632
8 0.690146 0.309854
8 0.967128 0.0328716
9 0.000718499 0.999282
9 0.00223287 0.997767
9 0.0133933 0.986607
9 1e-07 1
9 5.03639e-05 0.99995
8 0.994183 0.00581657
9 0.00327303 0.996727
8 0.996658 0.00334222
8 0.992464 0.00753594
8 0.996751 0.00324936
8 0.911985 0.0880155
8 0.998108 0.00189238
9 0.19157 0.80843
9 0.0221106 0.977889
8 0.974901 0.0250991
9 0.122974 0.877026
8 0.981753 0.0182474
8 0.998096 0.00190372
8 0.996438 0.00356194
8 0.976228 0.0237725
8 0.989159 0.0108406
9 0.197904 0.802096
8 0.996174 0.00382622
8 0.977004 0.0229958
9 0.0933502 0.90665
9 0.0496628 0.950337
9 0.202516 0.797484
8 0.992777 0.00722267
8 0.985796 0.0142036
9 0.00953796 0.990462
8 0.990007 0.009993
8 0.988108 0.0118917
9 0.00580909 0.994191
8 0.996306 0.00369428
9 2.6117e-07 1
8 0.997718 0.00228181
8 0.955958 0.0440421
9 0.384726 0.615274
8 0.986743 0.0132568
8 0.981362 0.0186379
8 0.993681 0.00631911
9 0.0233361 0.976664
9 1e-07 1
9 0.234709 0.765291
8 0.991618 0.00838207
8 0.989722 0.0102782
8 0.990721 0.00927859
8 0.985329 0.0146705
8 0.999315 0.000684699
9 0.00201193 0.997988
8 0.801447 0.198553
8 0.589673 0.410327
9 0.0390072 0.960993
8 0.960851 0.0391486
8 0.990761 0.00923851
8 0.928039 0.0719613
9 0.0984077 0.901592
8 0.996629 0.00337139
8 0.997081 0.00291878
9 0.222325 0.777675
8 0.997135 0.00286505
8 0.991118 0.00888181
9 0.0479077 0.952092
9 0.00210614 0.997894
8 0.990466 0.00953447
8 0.994743 0.00525668
8 0.986454 0.0135463
9 0.488622 0.511378
8 0.992841 0.00715906
9 0.00160575 0.998394
9 0.12752 0.87248
8 0.991208 0.00879242
9 0.0020727 0.997927
9 0.108482 0.891518
8 0.999056 0.000944378
9 0.0264436 0.973556
8 0.990699 0.00930073
8 0.989833 0.0101672
8 0.983681 0.0163189
8 0.996622 0.00337846
8 0.950538 0.049462
8 0.990832 0.0091681
8 0.992271 0.00772909
8 0.991661 0.00833872
8 0.97768 0.0223202
8 0.997722 0.00227811
9 0.18542 0.81458
9 0.185304 0.814696
8 0.978487 0.0215131
8 0.995505 0.00449466
8 0.988584 0.0114156
8 0.986477 0.0135227
8 0.997058 0.00294202
8 0.992249 0.00775065
8 0.983218 0.0167817
8 0.992404 0.00759598
9 0.0164516 0.983548
8 0.988458 0.0115421
8 0.992276 0.00772404
9 0.0354248 0.964575
8 0.98876 0.0112398
8 0.997572 0.00242759
9 0.0171534 0.982847
9 2.57907e-05 0.999974
8 0.995389 0.00461088
9 0.00135475 0.998645
8 0.994829 0.00517135
8 0.994853 0.00514689
9 0.00439264 0.995607
8 0.994789 0.00521115
8 0.994915 0.00508538
8 0.994662 0.00533757
9 9.36689e-06 0.999991
9 1e-07 1
9 2.93824e-05 0.999971
9 0.312018 0.687982
9 0.199518 0.800482
8 0.995519 0.004481
9 1.42681e-05 0.999986
9 0.356957 0.643043
9 0.365589 0.634411
8 0.972663 0.0273372
9 5.47136e-05 0.999945
8 0.977961 0.0220387
8 0.993286 0.00671449
8 0.995209 0.00479064
8 0.988529 0.0114707
9 0.240371 0.759629
8 0.864578 0.135422
9 0.452081 0.547919
9 0.108956 0.891044
8 0.987686 0.0123141
9 1.10063e-05 0.999989
9 0.00101425 0.998986
9 0.0571649 0.942835
8 0.996082 0.00391768
8 0.996561 0.00343872
8 0.957338 0.0426623
9 0.202505 0.797495
8 0.858712 0.141288
8 0.991535 0.00846458
8 0.988639 0.0113606
9 0.000501322 0.999499
9 0.0149137 0.985086
8 0.995137 0.00486295
9 0.00215655 0.997843
8 0.991692 0.00830784
9 0.249565 0.750435
9 0.0545275 0.945473
8 0.998591 0.0014088
8 0.988415 0.0115852
9 0.00154072 0.998459
8 0.674655 0.325345
9 0.159625 0.840375
9 3.78912e-06 0.999996
8 0.988684 0.0113164
9 0.00171392 0.998286
8 0.991922 0.00807816
8 0.999334 0.000666186
8 0.949319 0.0506812
8 0.992987 0.00701315
8 0.998696 0.00130439
9 0.250001 0.749999
9 0.140047 0.859953
8 0.994776 0.00522413
8 0.984092 0.0159085
8 0.993087 0.00691313
9 2.64209e-07 1
9 0.00247267 0.997527
9 1.71339e-07 1
8 0.996496 0.00350438
8 0.999426 0.000574213
9 0.0384346 0.961565
9 0.141067 0.858933
9 0.00145126 0.998549
9 3.6659e-07 1
9 0.319131 0.680869
8 0.993429 0.006571
8 0.990274 0.00972577
8 0.995172 0.00482826
9 0.131934 0.868066
8 0.991933 0.00806664
9 0.191744 0.808256
8 0.992544 0.00745568
9 1e-07 1
8 0.999632 0.00036752
8 0.99227 0.00773034
8 0.991274 0.00872626
9 6.8123e-06 0.999993
8 0.987443 0.0125575
8 0.994994 0.00500594
8 0.999394 0.000605717
8 0.988608 0.0113916
8 0.991313 0.00868749
9 1.28527e-05 0.999987
9 1e-07 1
8 0.990439 0.00956101
8 0.996582 0.00341845
9 0.336612 0.663388
8 0.99107 0.00893044
9 0.0100889 0.989911
9 0.000734195 0.999266
8 0.835228 0.164772
8 0.500966 0.499034
9 0.0195904 0.98041
8 0.997546 0.00245353
8 0.996501 0.00349876
8 0.937326 0.0626742
9 0.118495 0.881505
8 0.988778 0.011222
8 0.988618 0.0113821
8 0.992338 0.00766155
8 0.972352 0.0276485
8 0.997623 0.00237724
9 1e-07 1
9 0.249034 0.750966
8 0.994738 0.00526249
8 0.993001 0.00699946
8 0.995536 0.00446427
9 0.371431 0.628569
9 1e-07 1
9 1e-07 1
8 0.996225 0.00377486
8 0.98137 0.0186304
9 0.112377 0.887623
9 1.03877e-07 1
8 0.993959 0.00604146
8 0.997516 0.00248434
9 0.0110633 0.988937
9 0.000158522 0.999841
8 0.998313 0.00168656
8 0.992324 0.00767619
9 0.255053 0.744947
8 0.985007 0.0149934
8 0.999 0.000999754
8 0.994242 0.00575831
8 0.991447 0.00855309
8 0.995573 0.00442685
8 0.991658 0.00834217
8 0.992802 0.00719784
9 0.000579343 0.999421
9 0.334095 0.665905
8 0.780557 0.219443
9 0.000807578 0.999192
9 0.161398 0.838602
8 0.994187 0.00581336
8 0.98761 0.0123905
9 8.79464e-06 0.999991
8 0.985201 0.014799
9 1.39727e-05 0.999986
8 0.9902 0.00979997
8 0.990724 0.00927612
9 0.00855206 0.991448
8 0.997702 0.00229823
9 0.423233 0.576767
8 0.992141 0.00785904
8 0.997274 0.00272616
8 0.991689 0.00831127
8 0.898311 0.101689
