labels 5 9
5 0.999964 3.59912e-05
5 0.999222 0.000778432
5 0.895862 0.104138
9 1e-07 1
9 1e-07 1
5 0.999845 0.000155018
9 0.000872407 0.999128
9 1.14616e-05 0.999989
9 0.00419767 0.995802
9 1e-07 1
9 3.96918e-06 0.999996
5 0.969138 0.0308618
5 0.95433 0.0456695
5 0.501926 0.498074
5 0.999933 6.72737e-05
9 1e-07 1
5 0.968029 0.0319707
9 1e-07 1
5 0.994695 0.00530473
9 5.56525e-05 0.999944
5 0.997811 0.00218934
5 0.91209 0.0879103
5 0.965869 0.0341308
5 0.993381 0.00661933
5 0.995918 0.00408195
5 0.816556 0.183444
5 0.881637 0.118363
9 0.351004 0.648996
9 0.0590247 0.940975
5 0.99847 0.00153007
9 7.07048e-07 0.999999
5 0.999856 0.000143867
5 0.995752 0.0042479
9 1e-07 1
5 0.984304 0.0156963
9 1e-07 1
5 0.919303 0.0806971
5 0.904399 0.0956011
9 0.00704164 0.992958
5 0.995717 0.00428271
5 0.966534 0.0334656
9 0.000153463 0.999847
5 0.964945 0.0350551
5 0.995572 0.00442784
9 0.430736 0.569264
5 0.886627 0.113373
5 0.847296 0.152704
5 0.876245 0.123755
5 0.998775 0.00122513
5 0.991462 0.00853845
9 1e-07 1
9 4.33505e-05 0.999957
5 0.948573 0.0514266
9 0.464155 0.535845
5 0.946337 0.053663
5 0.92482 0.0751802
5 0.999886 0.000113738
5 0.994044 0.00595618
5 0.806012 0.193988
5 0.882344 0.117656
9 0.274746 0.725254
5 0.99974 0.000259931
5 0.98922 0.0107805
5 0.998938 0.00106161
9 1e-07 1
9 1e-07 1
5 0.931264 0.0687363
5 0.879969 0.120031
9 3.94697e-06 0.999996
9 9.10916e-06 0.999991
5 0.997142 0.00285771
5 0.505356 0.494644
5 0.969226 0.0307744
5 0.530127 0.469873
5 0.930669 0.0693308
9 1e-07 1
5 0.998587 0.00141348
5 0.962095 0.0379047
5 0.774683 0.225317
5 0.893721 0.106279
5 0.99905 0.000950386
5 0.999675 0.000324762
9 1e-07 1
5 0.995543 0.00445732
5 0.999854 0.000145752
5 0.861143 0.138857
5 0.736578 0.263422
5 0.996352 0.00364766
5 0.994715 0.00528527
5 0.839907 0.160093
9 1e-07 1
5 0.927181 0.0728187
5 0.994039 0.00596123
5 0.9906 0.00940014
5 0.760542 0.239458
9 1e-07 1
5 0.968825 0.0311752
5 0.999088 0.00091237
5 0.62055 0.37945
5 0.999926 7.4235e-05
5 0.997224 0.00277622
5 0.993631 0.00636942
9 4.24649e-05 0.999958
5 0.937847 0.0621531
5 0.981232 0.0187677
9 1e-07 1
5 0.995185 0.00481549
5 0.985592 0.0144079
5 0.999425 0.000575381
5 0.988671 0.0113289
5 0.998136 0.00186378
5 0.977326 0.0226744
5 0.999065 0.000935372
5 0.981924 0.0180764
5 0.977868 0.0221321
5 0.98185 0.0181501
5 0.999889 0.000110646
5 0.983102 0.0168977
5 0.999332 0.000667562
5 0.741397 0.258603
5 0.994343 0.00565737
5 0.994119 0.00588083
5 0.997182 0.00281754
5 0.999995 4.63004e-06
5 0.993587 0.00641343
5 0.975923 0.0240768
5 0.997289 0.00271149
9 0.00717541 0.992825
5 0.90067 0.09933
5 0.913016 0.0869844
5 0.971924 0.0280763
5 0.999959 4.06825e-05
5 0.996941 0.00305944
5 0.93912 0.0608795
9 0.0520661 0.947934
9 1e-07 1
9 0.0199948 0.980005
9 0.352903 0.647097
5 0.999888 0.000112039
9 0.0396327 0.960367
5 0.96519 0.0348105
9 0.00192047 0.99808
5 0.97622 0.0237805
5 0.999936 6.42108e-05
5 0.998716 0.00128377
5 0.76189 0.23811
9 0.000933417 0.999067
9 0.0032264 0.996774
9 3.3491e-05 0.999967
9 0.0683808 0.931619
9 0.206381 0.793619
5 0.877758 0.122242
5 0.740394 0.259606
5 0.995109 0.0048911
5 0.851912 0.148088
5 0.992362 0.00763839
5 0.820204 0.179796
9 0.0149796 0.98502
5 0.999956 4.39613e-05
9 0.000209206 0.999791
5 0.999151 0.000849039
5 0.999722 0.00027771
9 2.21979e-06 0.999998
5 0.999441 0.000558967
5 0.961585 0.0384151
9 0.0238501 0.97615
9 1e-07 1
9 5.27097e-06 0.999995
5 0.999643 0.00035745
9 4.47217e-07 1
9 0.000148736 0.999851
5 0.856953 0.143047
5 0.999994 5.97214e-06
5 0.998763 0.00123712
5 0.999898 0.000101728
5 0.998783 0.00121728
5 0.918014 0.0819863
9 1e-07 1
5 0.995207 0.00479264
5 0.920334 0.0796665
9 7.21963e-06 0.999993
5 0.999384 0.000615673
5 0.996228 0.00377208
5 0.963943 0.0360571
9 0.0653384 0.934662
5 0.995572 0.00442775
5 0.999477 0.000522923
5 0.999422 0.000578029
5 0.991976 0.00802432
9 0.472829 0.527171
5 0.823142 0.176858
5 0.996445 0.00355493
5 0.89798 0.10202
9 0.427251 0.572749
5 0.88891 0.11109
5 0.995996 0.00400368
5 0.786869 0.213131
5 0.999991 8.84187e-06
9 0.254605 0.745395
5 0.995091 0.0049092
5 0.980154 0.0198464
5 0.991931 0.00806918
5 0.717915 0.282085
5 0.99982 0.000180236
5 0.842524 0.157476
9 1e-07 1
5 0.999877 0.00012286
9 0.00119824 0.998802
5 0.915355 0.084645
5 0.999493 0.00050724
5 0.995017 0.00498313
5 0.999918 8.21423e-05
5 0.99807 0.0019303
5 0.960284 0.0397158
5 0.954728 0.0452722
5 0.867292 0.132708
9 1e-07 1
5 0.992604 0.00739609
5 0.999335 0.000665439
9 0.0987803 0.90122
9 1.63663e-06 0.999998
9 1e-07 1
5 0.999757 0.000243426
5 0.999035 0.000964762
5 0.820765 0.179235
5 0.998993 0.00100692
5 0.968947 0.0310528
5 0.846386 0.153614
5 0.998512 0.00148829
5 0.995721 0.00427943
5 0.999866 0.000133872
9 1e-07 1
5 0.999447 0.000553229
5 0.987728 0.0122721
5 0.929726 0.0702742
5 0.856515 0.143485
5 0.99633 0.00367027
5 0.99985 0.000149634
5 0.999363 0.000637239
5 0.997392 0.00260756
5 0.999459 0.000540797
5 0.993243 0.0067566
9 1e-07 1
9 1e-07 1
5 0.942145 0.0578546
5 0.975798 0.0242021
5 0.933472 0.0665284
5 0.999952 4.78442e-05
5 0.995531 0.00446881
5 0.803895 0.196105
5 0.99954 0.000460099
9 0.00735829 0.992642
5 0.999877 0.000123312
5 0.778776 0.221224
5 0.997326 0.00267356
5 0.785539 0.214461
5 0.963468 0.0365322
5 0.997503 0.0024973
5 0.882592 0.117408
5 0.998447 0.00155324
9 0.00981513 0.990185
5 0.999771 0.000229198
9 0.0821293 0.917871
5 0.98993 0.0100696
9 1e-07 1
5 0.99335 0.00665013
9 1.36362e-06 0.999999
5 0.906742 0.0932584
5 0.78457 0.21543
5 0.981365 0.0186354
5 0.994385 0.0056153
9 0.00057065 0.999429
5 0.754401 0.245599
5 0.991547 0.00845282
5 0.996821 0.00317938
5 0.999871 0.000129255
5 0.793279 0.206721
5 0.58907 0.41093
5 0.764623 0.235377
9 1e-07 1
5 0.571723 0.428277
5 0.992957 0.00704257
5 0.693853 0.306147
5 0.853765 0.146235
5 0.989336 0.010664
9 0.496644 0.503356
5 0.994878 0.00512236
5 0.953727 0.0462732
5 0.999246 0.000753784
5 0.715959 0.284041
5 0.954112 0.0458883
5 0.994829 0.0051709
5 0.958084 0.0419156
5 0.911489 0.0885113
5 0.999988 1.15997e-05
5 0.999964 3.5506e-05
5 0.939686 0.0603142
5 0.999994 6.2392e-06
5 0.993991 0.00600852
5 0.999394 0.000606272
5 0.996814 0.00318551
5 0.999504 0.000496084
5 0.977721 0.0222795
5 0.991723 0.00827722
9 0.0996184 0.900382
9 0.118928 0.881072
5 0.992253 0.00774709
5 0.997062 0.0029382
9 0.000238751 0.999761
9 0.000249332 0.999751
5 0.998851 0.00114939
5 0.988092 0.0119084
5 0.996201 0.00379943
5 0.999761 0.000238927
9 0.0306642 0.969336
5 0.875004 0.124996
9 0.00253712 0.997463
9 0.000362096 0.999638
5 0.982467 0.0175334
5 0.8455 0.1545
9 0.0383681 0.961632
5 0.999424 0.000576081
5 0.999437 0.000562847
5 0.999991 8.66199e-06
5 0.988692 0.0113085
5 0.96382 0.0361804
5 0.990167 0.00983344
5 0.998747 0.00125316
5 0.999888 0.000111568
5 0.999645 0.000354849
5 0.979352 0.0206478
9 0.000492864 0.999507
5 0.981868 0.0181316
5 0.888705 0.111295
5 0.974143 0.0258568
5 0.969931 0.0300694
5 0.999986 1.3795e-05
9 1e-07 1
5 0.998742 0.00125803
5 0.985424 0.0145756
5 0.999381 0.000619316
9 0.0268197 0.97318
5 0.832829 0.167171
5 0.981273 0.018727
5 0.717595 0.282405
9 1e-07 1
5 0.999478 0.000522299
9 5.89183e-05 0.999941
5 0.998621 0.00137873
5 0.997568 0.00243154
9 0.130914 0.869086
5 0.9676 0.0324004
5 0.999536 0.00046449
5 0.999826 0.000173975
5 0.868668 0.131332
5 0.999485 0.000515347
5 0.909663 0.0903367
9 2.10821e-05 0.999979
9 1e-07 1
5 0.999911 8.90246e-05
5 0.999999 5.9936e-07
5 0.752709 0.247291
5 0.665873 0.334127
5 0.810926 0.189074
9 0.0162634 0.983737
5 0.85888 0.14112
5 0.95284 0.0471605
5 0.949948 0.050052
5 0.997308 0.00269224
5 0.972071 0.0279293
9 0.0644315 0.935569
5 0.527302 0.472698
9 1e-07 1
5 0.999787 0.00021305
5 0.845004 0.154996
5 0.999547 0.000452531
9 2.25173e-05 0.999977
5 0.849233 0.150767
5 0.932041 0.0679593
9 1e-07 1
5 0.961122 0.0388778
9 1.02935e-06 0.999999
5 0.998973 0.00102732
5 0.997335 0.0026647
5 0.800164 0.199836
5 0.999854 0.000145561
5 0.972341 0.027659
5 0.615398 0.384602
9 4.72414e-07 1
9 0.0211942 0.978806
5 0.850683 0.149317
5 0.950555 0.0494445
9 1e-07 1
9 1e-07 1
9 1.18221e-05 0.999988
5 0.655554 0.344446
5 0.997516 0.00248397
5 0.994446 0.00555399
5 0.991665 0.00833548
5 0.967656 0.0323443
5 0.999006 0.000994236
5 0.998937 0.00106345
9 1e-07 1
5 0.999996 4.195e-06
5 0.99513 0.00486958
5 0.999331 0.000668528
9 1e-07 1
5 0.997491 0.00250871
5 0.932643 0.0673574
5 0.976645 0.0233551
5 0.995377 0.00462289
5 1 1e-07
5 0.867659 0.132341
5 0.999615 0.000385425
5 0.999982 1.81195e-05
9 1e-07 1
5 0.793352 0.206648
5 0.82552 0.17448
9 0.120662 0.879338
9 1.35625e-06 0.999999
5 0.999949 5.06601e-05
9 0.00983578 0.990164
5 0.923851 0.0761491
9 0.123634 0.876366
5 0.983298 0.0167016
9 1e-07 1
9 0.245779 0.754221
5 0.997573 0.00242682
5 0.998309 0.00169087
5 0.995418 0.00458162
5 0.973649 0.026351
5 0.999797 0.000203347
5 0.998078 0.00192179
9 5.80925e-07 0.999999
5 0.978175 0.0218255
5 0.999189 0.000811351
5 0.848027 0.151973
5 0.997839 0.00216052
5 0.985198 0.014802
5 0.865188 0.134812
5 0.989777 0.0102234
5 0.999999 8.93048e-07
9 3.65731e-06 0.999996
5 0.986421 0.0135788
5 0.818252 0.181748
5 0.969066 0.0309337
5 0.987406 0.0125936
9 1.2864e-07 1
9 0.000249404 0.999751
5 0.997305 0.00269496
5 0.999435 0.000565069
5 0.961617 0.0383825
5 0.999877 0.000123116
5 0.999463 0.000537393
5 0.98769 0.0123098
9 0.362332 0.637668
5 0.998299 0.00170074
5 0.992685 0.0073146
9 0.0011033 0.998897
9 2.53385e-06 0.999997
5 0.96657 0.0334305
5 0.876643 0.123357
5 0.912361 0.0876393
5 0.975982 0.0240175
5 0.995405 0.00459469
5 0.998313 0.00168703
9 1e-07 1
5 0.629198 0.370802
5 0.999679 0.000320677
5 0.738865 0.261135
5 0.846003 0.153997
5 0.998833 0.00116718
9 0.300847 0.699153
5 0.989581 0.0104189
5 0.998922 0.00107839
5 0.9286 0.0714005
9 0.00570678 0.994293
5 0.889736 0.110264
5 0.738446 0.261554
5 0.999912 8.7804e-05
5 0.996742 0.00325806
5 0.983265 0.0167354
5 0.997944 0.00205609
5 0.752287 0.247713
5 0.999991 9.49358e-06
9 0.289342 0.710658
5 0.999745 0.000254815
5 0.999643 0.000356841
5 0.999938 6.16328e-05
9 0.107248 0.892752
9 1e-07 1
5 0.959539 0.0404609
5 0.999577 0.00042316
5 0.999038 0.000962105
5 0.999751 0.000248628
5 0.989742 0.0102581
9 0.0117739 0.988226
9 1.05521e-05 0.999989
5 0.937537 0.062463
5 0.991224 0.00877646
5 0.998291 0.00170925
9 0.0149458 0.985054
5 0.998745 0.00125493
5 0.999017 0.000983357
9 0.0104984 0.989502
5 0.998728 0.00127187
5 0.824114 0.175886
5 0.990603 0.00939744
9 1e-07 1
5 0.643944 0.356056
5 0.984324 0.0156765
9 0.00011239 0.999888
9 0.0297129 0.970287
5 0.998606 0.00139369
5 0.998947 0.0010533
5 0.960085 0.0399154
5 0.986217 0.0137832
5 0.984056 0.0159437
9 1e-07 1
5 0.996925 0.00307508
5 0.74513 0.25487
5 0.900694 0.0993057
9 1e-07 1
5 0.766989 0.233011
5 0.998278 0.00172243
5 0.993766 0.00623404
5 0.978677 0.021323
9 1e-07 1
9 5.96621e-07 0.999999
5 0.997487 0.0025128
5 0.969964 0.0300362
5 0.698112 0.301888
5 0.897295 0.102705
5 0.99879 0.00121033
9 1e-07 1
5 0.801704 0.198296
5 0.986777 0.0132234
5 0.98887 0.0111304
9 0.380169 0.619831
9 1e-07 1
5 0.996093 0.00390708
5 0.978853 0.0211471
5 0.998259 0.00174114
9 0.00464078 0.995359
9 0.000704276 0.999296
5 0.992227 0.00777313
5 0.973036 0.0269635
9 0.0411525 0.958848
5 0.999726 0.000273706
5 0.93964 0.0603599
5 0.982878 0.0171217
5 0.992845 0.00715455
5 0.675314 0.324686
5 0.997101 0.00289897
5 0.994277 0.00572308
9 1e-07 1
5 0.769027 0.230973
5 0.998028 0.00197227
5 0.968587 0.0314131
9 0.0626707 0.937329
9 0.491355 0.508645
5 0.995687 0.004313
5 0.811054 0.188946
5 0.99161 0.00839028
9 1e-07 1
5 0.999842 0.000157829
9 0.0346677 0.965332
5 0.967285 0.0327148
5 0.996698 0.00330157
9 1e-07 1
5 0.999967 3.25003e-05
9 0.08956 0.91044
5 0.976086 0.0239138
5 0.912756 0.0872436
5 0.845012 0.154988
5 0.999978 2.22651e-05
5 0.999889 0.000110916
5 0.949653 0.0503466
9 0.0099794 0.990021
5 0.999775 0.000224759
5 0.897247 0.102753
9 8.40648e-07 0.999999
9 1e-07 1
5 0.980354 0.0196455
5 0.826091 0.173909
9 0.37494 0.62506
5 0.767388 0.232612
5 0.97489 0.0251101
5 0.941265 0.0587345
5 0.898799 0.101201
5 0.999994 5.81964e-06
9 1e-07 1
5 0.946082 0.0539178
5 0.703469 0.296531
9 0.0527898 0.94721
5 0.998402 0.00159827
9 1e-07 1
5 0.998419 0.00158079
5 0.999185 0.000815279
9 0.0996651 0.900335
5 0.83021 0.16979
5 0.999659 0.000340654
5 0.986509 0.0134906
5 0.996855 0.00314543
9 0.210719 0.789281
5 0.984928 0.0150722
5 0.999938 6.19311e-05
9 1e-07 1
9 0.0523685 0.947632
5 0.99638 0.00361958
5 0.988151 0.0118487
5 0.983008 0.016992
5 0.985242 0.0147582
5 0.997492 0.00250769
5 0.68844 0.31156
5 0.999625 0.000375472
5 0.956611 0.0433894
5 0.838803 0.161197
5 0.813299 0.186701
9 1e-07 1
5 0.888955 0.111045
9 1e-07 1
5 0.996973 0.00302698
5 0.97057 0.0294302
5 0.856111 0.143889
5 0.996836 0.00316401
5 0.648788 0.351212
5 0.999255 0.000744696
5 0.999993 7.35101e-06
5 0.998626 0.0013744
9 1e-07 1
5 0.948213 0.051787
9 1e-07 1
5 0.853064 0.146936
5 0.970466 0.0295342
5 0.999414 0.000585916
9 0.0990823 0.900918
5 0.858093 0.141907
5 0.995057 0.00494261
5 0.993189 0.00681075
5 0.999446 0.000554043
9 0.0469824 0.953018
5 0.889707 0.110293
5 0.99552 0.00447982
9 9.07404e-06 0.999991
5 0.931105 0.0688954
9 2.80623e-07 1
5 0.963265 0.036735
9 0.285706 0.714294
5 0.995646 0.00435391
5 0.998463 0.00153692
5 0.986061 0.0139385
5 0.990912 0.00908845
5 0.710944 0.289056
5 0.996326 0.00367384
9 0.201298 0.798702
9 0.000631347 0.999369
5 0.862973 0.137027
5 0.999715 0.000284589
5 0.982551 0.0174485
5 0.993798 0.00620193
5 0.996929 0.00307073
5 0.998476 0.00152369
5 0.999659 0.000341207
5 0.997225 0.00277518
5 0.758266 0.241734
5 0.996963 0.00303665
5 0.992411 0.00758866
5 0.985754 0.0142464
5 0.9999 0.000100452
5 0.999638 0.000361523
5 0.779141 0.220859
5 0.820279 0.179721
5 0.985552 0.0144482
5 0.998883 0.00111723
5 0.998734 0.00126613
5 0.867303 0.132697
5 0.947876 0.0521235
5 0.998124 0.00187576
5 0.996159 0.00384099
5 0.749677 0.250323
5 0.999988 1.17499e-05
5 0.991998 0.00800203
5 0.999579 0.000420649
5 0.981529 0.0184708
5 0.936172 0.0638278
9 1e-07 1
9 1.121e-07 1
5 0.870834 0.129166
5 0.841452 0.158548
5 0.949632 0.0503683
5 0.70003 0.29997
5 0.982939 0.0170609
5 0.9515 0.0485
5 0.999014 0.000985829
9 0.00117221 0.998828
5 0.77203 0.22797
5 0.976328 0.0236719
5 0.939619 0.0603807
9 0.138849 0.861151
5 0.757744 0.242256
5 0.999157 0.000843117
5 0.914519 0.0854808
9 0.0993381 0.900662
5 0.999823 0.000176833
5 0.853174 0.146826
9 1e-07 1
9 4.08322e-05 0.999959
5 0.99945 0.000550067
5 0.998683 0.00131665
5 0.99583 0.00416953
5 0.997436 0.0025637
5 0.99926 0.00074011
5 0.77993 0.22007
5 0.99637 0.00363045
5 0.606717 0.393283
9 0.264168 0.735832
9 1.32269e-07 1
5 0.8889 0.1111
5 0.91333 0.0866705
9 0.000121214 0.999879
5 0.994088 0.00591221
9 0.00685733 0.993143
5 0.732783 0.267217
9 1e-07 1
5 0.999909 9.14209e-05
5 0.966638 0.0333621
5 0.890236 0.109764
5 0.973623 0.0263772
5 0.997336 0.00266444
5 0.99891 0.00108956
5 0.951718 0.0482825
5 0.810271 0.189729
9 1e-07 1
9 2.93043e-05 0.999971
9 0.384815 0.615185
5 0.810834 0.189166
5 0.999134 0.000866159
5 0.979307 0.0206932
5 0.997313 0.00268723
5 0.994062 0.00593828
9 5.48789e-05 0.999945
9 2.47582e-05 0.999975
5 0.999295 0.000704589
5 0.991984 0.00801559
5 0.999902 9.79272e-05
9 0.185937 0.814063
5 0.99444 0.00555956
5 0.99293 0.00706983
5 0.986218 0.0137818
5 0.998556 0.00144428
5 0.88914 0.11086
9 0.00195134 0.998049
5 0.992329 0.0076713
5 0.999924 7.60301e-05
9 0.316699 0.683301
5 0.997362 0.00263836
5 0.999936 6.4325e-05
5 0.999823 0.000176856
9 0.145734 0.854266
5 0.999945 5.45836e-05
5 0.985788 0.0142123
9 1e-07 1
5 0.991897 0.00810255
5 0.998853 0.00114716
5 0.999986 1.36819e-05
5 0.99898 0.00102046
5 0.997631 0.00236919
5 0.995878 0.00412247
5 0.863646 0.136354
5 0.994102 0.0058983
5 0.999966 3.4301e-05
5 0.943423 0.0565765
9 3.11643e-07 1
5 0.989814 0.0101864
5 0.984433 0.0155668
5 0.975147 0.0248528
5 0.984416 0.0155837
5 0.978329 0.0216707
5 0.999726 0.000273707
5 0.999702 0.000298479
5 0.994338 0.00566201
5 0.996285 0.00371488
5 0.95985 0.0401505
9 0.0362338 0.963766
5 0.976437 0.0235628
5 0.998925 0.00107516
5 0.999092 0.000908022
5 0.972021 0.0279789
9 0.000371181 0.999629
5 0.990099 0.00990107
5 0.994566 0.0054335
5 0.997745 0.00225483
5 0.996074 0.00392573
5 0.999559 0.000441376
5 0.998207 0.00179308
9 0.000920956 0.999079
5 0.886243 0.113757
5 0.946339 0.0536608
5 0.99688 0.00311961
9 1e-07 1
9 1e-07 1
5 0.99317 0.00682956
5 0.999455 0.00054521
5 0.521493 0.478507
9 0.323301 0.676699
9 0.315875 0.684125
5 0.99973 0.000269726
9 0.391615 0.608385
5 0.999479 0.000521449
9 0.0168037 0.983196
5 0.999281 0.000719426
5 0.990566 0.00943414
5 0.973539 0.0264605
9 1.75476e-05 0.999982
5 0.999386 0.000614201
5 0.996233 0.0037673
5 0.992959 0.00704065
9 1e-07 1
5 0.615823 0.384177
5 0.931786 0.0682135
5 0.97416 0.0258404
5 0.992135 0.00786452
5 0.989317 0.0106827
9 0.00043265 0.999567
9 0.000901971 0.999098
5 0.999869 0.000131499
5 0.989277 0.0107231
5 0.996447 0.00355304
9 2.4414e-05 0.999976
5 0.998187 0.00181264
9 1e-07 1
5 0.794557 0.205443
9 4.89729e-06 0.999995
5 0.999444 0.000555546
5 0.996856 0.00314379
5 0.959465 0.0405347
5 0.999973 2.69922e-05
5 0.829275 0.170725
5 0.991622 0.00837779
5 0.880353 0.119647
5 0.998919 0.00108101
9 1e-07 1
5 0.997627 0.00237324
5 0.996312 0.00368777
5 0.991292 0.00870765
5 0.951923 0.048077
9 1e-07 1
9 1e-07 1
5 0.911649 0.0883515
9 1e-07 1
5 0.751209 0.248791
5 0.999409 0.000591343
5 0.994269 0.00573086
5 0.999991 8.65832e-06
5 0.986775 0.0132253
9 0.214018 0.785982
5 0.93293 0.06707
5 0.774204 0.225796
5 0.999989 1.14892e-05
9 1e-07 1
5 0.995832 0.00416798
5 0.962222 0.0377784
5 0.999636 0.000364425
5 0.836397 0.163603
9 0.140117 0.859883
5 0.911208 0.0887925
5 0.987576 0.0124242
5 0.999305 0.000694518
5 0.61617 0.38383
5 0.999995 5.43927e-06
9 1e-07 1
5 0.875299 0.124701
5 0.999835 0.000164626
9 1e-07 1
9 0.0589143 0.941086
5 0.996002 0.00399845
5 0.832232 0.167768
5 0.826357 0.173643
5 0.904807 0.0951929
9 1e-07 1
5 0.998218 0.00178224
9 1e-07 1
5 0.995451 0.0045487
5 0.99829 0.00170969
9 0.384668 0.615332
5 0.946464 0.0535364
9 1e-07 1
9 0.00330832 0.996692
5 0.699189 0.300811
5 0.998486 0.00151443
5 0.999913 8.72495e-05
9 1e-07 1
5 0.998232 0.00176823
5 0.99407 0.00593017
5 0.720318 0.279682
5 0.694751 0.305249
5 0.994629 0.00537089
9 0.0306895 0.969311
5 0.89475 0.10525
5 0.993595 0.00640538
9 0.349481 0.650519
9 0.000919763 0.99908
5 0.999683 0.000317115
9 1.07465e-05 0.999989
5 0.999883 0.000117266
5 0.996354 0.00364626
9 0.000556202 0.999444
5 0.993606 0.0063936
5 0.76079 0.23921
5 0.99996 4.03215e-05
5 0.984032 0.0159676
5 0.97748 0.0225203
5 0.988621 0.0113789
5 0.999776 0.000224275
9 0.0023979 0.997602
5 0.902589 0.0974112
5 0.948684 0.0513158
9 0.486191 0.513809
9 0.055206 0.944794
5 0.999402 0.000598392
5 0.965717 0.0342826
5 0.989105 0.0108955
5 0.999798 0.000202023
5 0.999189 0.000811117
5 0.971232 0.0287675
5 0.799762 0.200238
5 0.794234 0.205766
5 0.998703 0.00129654
9 0.0014933 0.998507
9 0.00209811 0.997902
9 0.324226 0.675774
5 0.999928 7.16762e-05
5 0.857518 0.142482
5 0.998861 0.00113863
9 1e-07 1
5 0.989636 0.010364
5 0.999937 6.31924e-05
9 0.297987 0.702013
5 0.84511 0.15489
5 0.998597 0.00140307
9 1e-07 1
5 0.999313 0.000687276
9 0.0114815 0.988519
9 0.0104304 0.98957
5 0.749861 0.250139
5 0.992259 0.00774146
9 1.13288e-05 0.999989
9 1.03293e-07 1
5 0.999137 0.000862694
5 0.999586 0.000413712
9 0.016678 0.983322
9 1e-07 1
5 0.996982 0.00301844
5 0.855231 0.144769
9 0.338308 0.661692
5 0.790259 0.209741
5 0.995182 0.00481816
5 0.998525 0.00147491
5 0.883403 0.116597
5 0.99143 0.0085704
9 0.0108547 0.989145
9 0.0116133 0.988387
9 1e-07 1
5 0.997911 0.00208938
5 0.977888 0.0221115
5 0.997396 0.00260423
5 0.983208 0.0167919
5 0.794444 0.205556
9 1e-07 1
5 0.86517 0.13483
5 0.76428 0.23572
5 0.999404 0.000595828
5 0.846888 0.153112
9 1e-07 1
5 0.974946 0.0250543
5 0.973596 0.0264039
5 0.997789 0.00221139
9 7.47076e-07 0.999999
5 0.979377 0.0206229
5 0.988495 0.0115048
5 0.999921 7.93256e-05
5 0.776776 0.223224
5 0.996993 0.00300692
5 0.993902 0.00609848
5 0.999938 6.24107e-05
5 0.998235 0.00176535
5 0.772913 0.227087
9 0.0117598 0.98824
5 0.987667 0.012333
5 0.917366 0.0826335
9 1e-07 1
5 0.996263 0.00373717
5 0.996131 0.00386877
5 0.996559 0.00344064
5 0.991975 0.00802533
5 0.865085 0.134915
5 0.778201 0.221799
5 0.979211 0.0207886
5 0.99459 0.00540973
9 2.45238e-05 0.999975
5 0.967375 0.0326254
5 0.997429 0.00257147
5 0.997658 0.0023423
5 0.999953 4.66009e-05
5 0.998609 0.00139095
9 0.000101566 0.999898
5 0.897703 0.102297
9 0.421227 0.578773
5 0.882521 0.117479
5 0.784606 0.215394
9 1.69608e-05 0.999983
9 1e-07 1
5 0.997382 0.00261783
5 0.989703 0.010297
5 0.564448 0.435552
5 0.60624 0.39376
9 1e-07 1
5 0.89948 0.10052
5 0.857177 0.142823
5 0.995425 0.00457517
5 0.656116 0.343884
5 0.896216 0.103784
5 0.998242 0.0017581
9 0.0212366 0.978763
9 0.00274624 0.997254
5 0.997442 0.00255763
5 0.997165 0.00283454
5 0.997833 0.00216691
9 3.07237e-05 0.999969
5 0.730522 0.269478
5 0.926813 0.0731869
5 0.977835 0.0221654
5 0.999673 0.000327052
9 1e-07 1
5 0.998471 0.00152905
5 0.989477 0.0105234
5 0.858222 0.141778
5 0.98868 0.0113199
9 0.010934 0.989066
5 0.999923 7.65604e-05
5 0.563776 0.436224
5 0.953299 0.0467013
5 0.976433 0.0235674
9 0.0275809 0.972419
5 0.795829 0.204171
5 0.856122 0.143878
5 0.589823 0.410177
9 1e-07 1
9 0.181644 0.818356
5 0.675016 0.324984
9 1e-07 1
5 0.99201 0.00798957
5 0.920496 0.0795043
5 0.994119 0.00588132
5 0.921492 0.0785083
9 1e-07 1
9 1.48328e-06 0.999999
5 0.999987 1.28246e-05
5 0.999534 0.000466384
9 0.00591781 0.994082
5 0.973313 0.0266874
5 0.789075 0.210925
5 0.938849 0.061151
5 0.986374 0.0136263
5 0.995243 0.00475745
5 0.803037 0.196963
9 1e-07 1
9 0.13315 0.86685
5 0.999345 0.000654777
5 0.997347 0.00265324
9 1e-07 1
5 0.998571 0.001429
5 0.660507 0.339493
9 1e-07 1
5 0.748486 0.251514
9 1e-07 1
5 0.673675 0.326325
5 0.983559 0.0164407
5 0.999814 0.000186106
5 0.989301 0.0106994
9 1e-07 1
5 0.994596 0.00540404
5 0.999345 0.000655279
5 0.99991 9.03494e-05
5 0.998783 0.00121669
5 0.999903 9.70775e-05
5 0.901127 0.0988733
9 1e-07 1
5 0.99682 0.00317963
5 0.983184 0.0168156
5 0.978083 0.0219165
5 0.994107 0.00589303
9 0.00437626 0.995624
5 0.996845 0.00315505
9 0.436975 0.563025
5 0.99715 0.00285042
9 0.00838461 0.991615
9 0.321585 0.678415
5 0.954322 0.0456779
5 0.831734 0.168266
5 0.854839 0.145161
5 0.999825 0.00017527
5 0.882331 0.117669
5 0.943127 0.0568734
5 0.999964 3.55219e-05
5 0.996642 0.00335765
5 0.943373 0.0566267
5 0.723834 0.276166
5 0.999881 0.000119158
9 1e-07 1
5 0.996165 0.00383483
5 0.986515 0.0134854
9 1e-07 1
9 1e-07 1
5 0.998708 0.0012917
5 0.998699 0.00130068
5 0.726591 0.273409
5 0.810488 0.189512
5 0.752111 0.247889
9 1e-07 1
9 0.0169253 0.983075
5 0.998816 0.0011839
9 0.0857332 0.914267
5 0.860072 0.139928
5 0.998178 0.00182247
9 1e-07 1
5 0.853232 0.146768
9 0.000181377 0.999819
5 0.999945 5.50756e-05
9 0.149694 0.850306
5 0.940325 0.0596746
9 0.124225 0.875775
5 0.863899 0.136101
5 0.99282 0.00717975
9 1e-07 1
5 0.999517 0.000482883
9 0.000445159 0.999555
5 0.992308 0.00769229
5 0.992407 0.00759283
9 0.0728596 0.92714
9 0.0057342 0.994266
5 0.995341 0.00465932
5 0.996649 0.00335071
5 0.995946 0.00405422
5 0.999241 0.000758777
5 0.980594 0.0194063
5 0.998427 0.00157276
5 0.97485 0.02515
5 0.998948 0.00105186
9 0.00014754 0.999852
5 0.997404 0.00259563
5 0.999974 2.56179e-05
5 0.612227 0.387773
5 0.942194 0.0578057
5 0.996867 0.00313325
9 0.0418037 0.958196
9 0.246607 0.753393
5 0.99621 0.00378957
5 0.996637 0.00336259
5 0.916569 0.0834307
9 0.0397216 0.960278
5 0.999925 7.45211e-05
5 0.971014 0.0289864
9 1e-07 1
9 0.373968 0.626032
5 0.833743 0.166257
5 0.999894 0.000106342
5 0.999707 0.000292729
5 0.96461 0.0353904
5 0.996725 0.00327529
5 0.995689 0.00431058
5 0.888287 0.111713
5 0.997489 0.00251136
9 0.00241139 0.997589
5 0.983522 0.0164784
9 1e-07 1
5 0.969808 0.0301921
5 0.798773 0.201227
5 0.991359 0.0086407
5 0.867048 0.132952
5 0.826185 0.173815
5 0.803957 0.196043
5 0.722261 0.277739
5 0.998446 0.00155441
5 0.995113 0.00488733
9 4.57939e-07 1
5 0.999874 0.000125523
5 0.818063 0.181937
5 0.990413 0.00958701
5 0.787321 0.212679
5 0.999374 0.000625808
9 0.0444161 0.955584
5 0.985218 0.014782
5 0.992975 0.00702524
5 0.827445 0.172555
5 0.99952 0.000480199
5 0.989801 0.0101993
5 0.879595 0.120405
5 0.928298 0.0717016
5 0.996296 0.00370406
5 0.998932 0.00106802
5 0.998004 0.00199637
5 0.816397 0.183603
9 0.00979402 0.990206
9 0.346111 0.653889
5 0.950327 0.0496732
9 0.00334809 0.996652
5 0.999788 0.000211783
5 0.781358 0.218642
5 0.998908 0.00109191
5 0.994402 0.00559827
9 0.170828 0.829172
5 0.987567 0.0124327
5 0.87905 0.12095
5 0.992968 0.00703236
9 1.9186e-06 0.999998
5 0.794812 0.205188
5 0.988311 0.0116887
9 0.103432 0.896568
5 0.998561 0.0014388
5 0.794307 0.205693
5 0.999777 0.000222896
5 0.988087 0.0119132
5 0.998275 0.00172511
5 0.999628 0.000372386
5 0.78748 0.21252
5 0.931162 0.0688382
5 0.789965 0.210035
9 1e-07 1
5 0.999988 1.16863e-05
9 0.173651 0.826349
9 0.16518 0.83482
5 0.881855 0.118145
5 0.855043 0.144957
5 0.99984 0.000160395
5 0.760237 0.239763
5 0.998694 0.00130636
5 0.973635 0.0263646
5 0.993924 0.00607572
5 0.813202 0.186798
5 0.856656 0.143344
5 0.892914 0.107086
5 0.836747 0.163253
5 0.999516 0.000483606
9 0.392864 0.607136
5 0.871977 0.128023
5 0.969759 0.0302413
5 0.911205 0.0887947
5 0.999154 0.000845526
9 1e-07 1
5 0.995347 0.00465333
5 0.862631 0.137369
5 0.930631 0.0693687
5 0.992216 0.0077836
5 0.998371 0.00162887
5 0.999637 0.00036315
5 0.874285 0.125715
5 0.733739 0.266261
5 0.54977 0.45023
5 0.662059 0.337941
5 0.996018 0.00398221
5 0.80742 0.19258
9 1e-07 1
5 0.998528 0.00147203
9 0.000828449 0.999172
5 0.892885 0.107115
5 0.999816 0.00018436
5 0.889805 0.110195
5 0.999968 3.24529e-05
5 0.784127 0.215873
5 0.97327 0.0267304
5 0.989852 0.0101479
5 0.549903 0.450097
5 0.997776 0.00222364
5 0.998286 0.00171376
5 0.993397 0.00660332
5 0.999299 0.000701388
5 0.99724 0.00276017
5 0.998448 0.0015523
5 0.999998 2.4355e-06
5 0.995401 0.00459915
5 0.944174 0.0558262
5 0.87355 0.12645
5 0.977227 0.0227733
5 0.855173 0.144827
5 0.781421 0.218579
5 0.999766 0.000234401
5 0.875215 0.124785
5 0.994666 0.00533443
5 0.999234 0.00076553
5 0.981445 0.0185552
5 0.999694 0.000306037
5 0.993189 0.00681104
5 0.712015 0.287985
5 0.97153 0.0284698
5 0.97527 0.0247296
5 0.985591 0.0144088
5 0.986547 0.0134526
5 0.988133 0.0118667
5 0.937517 0.0624834
5 0.99486 0.00513975
5 0.976684 0.0233158
5 0.966814 0.0331857
9 1e-07 1
5 0.999295 0.00070494
5 0.996813 0.00318683
9 1e-07 1
5 0.984218 0.0157822
5 0.999913 8.73634e-05
5 0.997643 0.00235674
5 0.98831 0.0116897
9 0.00115751 0.998842
9 2.8619e-07 1
5 0.874867 0.125133
9 0.000348498 0.999652
5 0.998288 0.00171197
5 0.913474 0.0865264
5 0.966084 0.0339159
5 0.999685 0.000315034
5 0.999835 0.00016491
5 0.851536 0.148464
9 0.000974511 0.999025
5 0.805742 0.194258
5 0.635324 0.364676
5 0.993104 0.00689641
5 0.961693 0.0383066
5 0.827974 0.172026
5 0.998981 0.00101907
5 0.7746 0.2254
9 5.40612e-05 0.999946
5 0.988814 0.0111862
5 0.999137 0.000862502
9 0.237195 0.762805
9 1e-07 1
9 0.000571725 0.999428
5 0.777062 0.222938
5 0.997171 0.00282943
5 0.999025 0.000975003
5 0.999857 0.000143398
5 0.990109 0.00989075
5 0.793536 0.206464
5 0.954751 0.0452494
9 0.000621053 0.999379
9 0.482012 0.517988
9 4.10682e-06 0.999996
9 1e-07 1
5 0.989581 0.0104195
5 0.992361 0.0076387
5 0.997356 0.00264364
5 0.996563 0.00343667
9 0.0179213 0.982079
5 0.999343 0.000656618
5 0.628404 0.371596
9 2.22764e-06 0.999998
5 0.999397 0.000603483
9 0.443115 0.556885
5 0.999729 0.000270618
9 3.64979e-06 0.999996
9 0.000520891 0.999479
5 0.97358 0.0264196
5 0.854696 0.145304
5 0.697952 0.302048
5 0.996126 0.00387433
5 0.886606 0.113394
9 1e-07 1
9 0.0113766 0.988623
5 0.724334 0.275666
5 0.868882 0.131118
5 0.621845 0.378155
9 0.000341112 0.999659
5 0.998238 0.00176162
5 0.72306 0.27694
9 1e-07 1
5 0.648904 0.351096
9 2.48732e-06 0.999998
5 0.947995 0.0520048
9 1e-07 1
9 1e-07 1
5 0.992171 0.00782923
5 0.999981 1.8924e-05
5 0.999703 0.000296622
5 0.973085 0.0269152
5 0.978551 0.0214488
5 0.993712 0.00628791
5 0.868158 0.131842
5 0.99109 0.00890993
9 0.0717802 0.92822
9 1.57761e-06 0.999998
5 0.973423 0.0265774
9 0.0304321 0.969568
5 0.998866 0.00113382
5 0.783653 0.216347
5 0.998263 0.00173747
5 0.949854 0.0501464
5 0.988854 0.0111456
5 0.79378 0.20622
5 0.994127 0.00587323
9 0.0499723 0.950028
5 0.937538 0.0624625
5 0.881246 0.118754
9 0.00490499 0.995095
5 0.817454 0.182546
5 0.995919 0.00408096
5 0.950005 0.0499947
5 0.871676 0.128324
5 0.999937 6.28082e-05
9 1e-07 1
5 0.994085 0.00591473
5 0.999639 0.000360834
5 0.998054 0.00194634
5 0.999871 0.000128978
5 0.99264 0.00736037
5 0.869125 0.130875
9 1e-07 1
9 0.180168 0.819832
5 0.997068 0.00293218
9 0.0006589 0.999341
9 1e-07 1
5 0.753004 0.246996
5 0.996373 0.00362659
5 0.995318 0.00468245
5 0.997707 0.00229331
5 0.995535 0.00446513
5 0.602891 0.397109
5 0.999987 1.27324e-05
9 0.275436 0.724564
5 0.995235 0.0047654
5 0.761154 0.238846
5 0.996044 0.00395576
9 0.00390088 0.996099
5 0.941778 0.0582219
5 0.893265 0.106735
5 0.987663 0.0123373
5 0.999938 6.17606e-05
5 0.611052 0.388948
9 0.000135242 0.999865
9 0.452538 0.547462
5 0.995968 0.00403232
5 0.85747 0.14253
5 0.970619 0.0293812
5 0.995566 0.00443371
5 0.999983 1.65282e-05
5 0.80761 0.19239
5 0.999815 0.000184736
5 0.634171 0.365829
5 0.994543 0.0054572
5 0.702064 0.297936
9 0.000221322 0.999779
9 1e-07 1
9 1e-07 1
5 0.850338 0.149662
9 0.00321743 0.996783
5 0.979597 0.0204029
5 0.998173 0.00182735
5 0.987688 0.0123121
9 8.27587e-05 0.999917
5 0.783171 0.216829
5 0.979527 0.0204735
5 0.813365 0.186635
9 0.0130535 0.986946
9 1e-07 1
9 1e-07 1
5 0.99999 9.80758e-06
9 1e-07 1
5 0.998272 0.00172823
5 0.999778 0.00022172
5 0.997566 0.00243444
9 0.021007 0.978993
5 0.999504 0.000495704
5 0.708238 0.291762
5 0.823398 0.176602
5 0.649132 0.350868
5 0.997954 0.00204579
5 0.958669 0.0413306
5 0.873382 0.126618
9 1e-07 1
9 1e-07 1
5 0.997927 0.00207288
9 0.231417 0.768583
5 0.978364 0.0216365
5 0.926552 0.073448
5 0.555562 0.444438
9 1e-07 1
9 1e-07 1
9 6.98639e-06 0.999993
9 0.00975896 0.990241
5 0.996482 0.00351773
5 0.956831 0.0431692
5 0.56351 0.43649
5 0.722009 0.277991
5 0.990748 0.00925236
5 0.992249 0.007751
5 0.947598 0.0524019
5 0.790493 0.209507
5 0.981933 0.0180669
5 0.990806 0.00919446
5 0.567621 0.432379
5 0.999679 0.000320694
5 0.84545 0.15455
5 0.998378 0.00162242
5 0.999223 0.000777024
5 0.995604 0.00439558
5 0.999883 0.000116574
5 0.673282 0.326718
5 0.999306 0.000694268
9 0.000481243 0.999519
9 1e-07 1
5 0.999717 0.000282549
9 0.158133 0.841867
5 0.845105 0.154895
5 0.99969 0.000309592
5 0.867394 0.132606
5 0.998414 0.00158557
9 0.00129895 0.998701
9 1e-07 1
9 2.08752e-07 1
5 0.719756 0.280244
9 0.443563 0.556437
5 0.993947 0.00605305
5 0.999719 0.000280965
5 0.999118 0.000882
5 0.931375 0.0686245
5 0.962838 0.0371619
5 0.857043 0.142957
5 0.964521 0.0354792
5 0.999606 0.000393938
5 0.991369 0.00863119
5 0.999627 0.000372676
5 0.800335 0.199665
9 0.00111843 0.998882
5 0.995173 0.00482699
5 0.89623 0.10377
5 0.992754 0.00724607
9 1e-07 1
5 0.776223 0.223777
5 0.996186 0.00381353
5 0.909649 0.0903511
5 0.997527 0.00247267
5 0.789934 0.210066
5 0.979245 0.0207546
9 0.100863 0.899137
9 1e-07 1
9 1e-07 1
9 1e-07 1
5 0.986647 0.0133525
5 0.992493 0.00750696
5 0.873866 0.126134
5 0.951993 0.0480066
5 0.976935 0.0230653
9 1e-07 1
9 1.80011e-05 0.999982
9 0.448325 0.551675
9 0.141896 0.858104
5 0.994716 0.00528431
5 0.996554 0.00344555
5 0.890242 0.109758
9 4.99473e-06 0.999995
5 0.997862 0.00213835
5 0.999167 0.000833418
5 0.999984 1.59076e-05
5 0.996882 0.00311826
5 0.827046 0.172954
5 0.80069 0.19931
5 0.996985 0.00301517
5 0.997214 0.00278572
5 0.98855 0.0114499
9 1e-07 1
5 0.957146 0.0428541
5 0.99681 0.00319005
5 0.862786 0.137214
5 0.95217 0.0478305
5 0.929496 0.0705041
5 0.996816 0.00318434
9 5.98139e-06 0.999994
5 0.977571 0.0224293
5 0.822146 0.177854
5 0.997085 0.00291461
5 0.968699 0.0313007
5 0.99834 0.00165958
5 0.994535 0.00546549
9 1e-07 1
5 0.896339 0.103661
5 0.998474 0.00152606
9 1.84784e-06 0.999998
5 0.864617 0.135383
5 0.990178 0.00982166
5 0.996924 0.00307592
5 0.999778 0.000221749
5 0.995913 0.00408651
5 0.926218 0.073782
5 0.796533 0.203467
9 0.121643 0.878357
5 0.997847 0.00215256
9 1e-07 1
5 0.982564 0.0174358
5 0.899255 0.100745
5 0.92211 0.0778897
9 0.246425 0.753575
5 0.996892 0.00310756
5 0.969712 0.0302882
5 0.997698 0.00230175
5 0.999101 0.000898535
5 0.994755 0.00524515
5 0.640168 0.359832
9 1e-07 1
5 0.977029 0.0229708
5 0.813667 0.186333
9 1e-07 1
5 0.66344 0.33656
9 2.09333e-05 0.999979
5 0.998665 0.00133534
5 0.587182 0.412818
5 0.859336 0.140664
5 0.683524 0.316476
5 0.989295 0.0107048
5 0.999968 3.15691e-05
5 0.998456 0.00154383
5 0.996965 0.00303547
5 0.684619 0.315381
5 0.999591 0.000408761
5 0.999944 5.62812e-05
5 0.992168 0.00783193
5 0.988776 0.0112241
5 0.993655 0.00634468
5 0.999349 0.000651326
5 0.997263 0.00273747
5 0.999895 0.000104888
5 0.901632 0.0983678
5 0.675754 0.324246
5 0.716284 0.283716
5 0.995229 0.0047711
5 0.999775 0.000224879
9 0.113779 0.886221
9 0.0143349 0.985665
5 0.994939 0.00506147
5 0.933704 0.0662963
5 0.99988 0.000119587
9 0.00261676 0.997383
5 0.999289 0.000711296
5 0.743146 0.256854
5 0.999203 0.000796752
5 0.915693 0.0843065
9 1e-07 1
5 0.99994 6.01319e-05
9 0.00610891 0.993891
9 1e-07 1
5 0.999892 0.000108277
5 0.996489 0.00351087
5 0.808874 0.191126
5 0.999636 0.000363983
9 0.327881 0.672119
5 0.86797 0.13203
5 0.995493 0.00450688
5 0.997531 0.00246856
5 0.999947 5.26921e-05
5 0.999588 0.000412309
5 0.963389 0.0366114
5 0.999805 0.000194703
9 1e-07 1
5 0.999032 0.000968406
5 0.995442 0.00455829
5 0.992774 0.00722616
5 0.948763 0.0512373
5 0.999774 0.000225868
5 0.997568 0.00243233
9 1e-07 1
5 0.997538 0.00246198
5 0.99975 0.000250183
5 0.998766 0.0012342
5 0.803015 0.196985
5 0.984721 0.015279
9 0.00304563 0.996954
5 0.993029 0.00697111
5 0.985861 0.0141394
5 0.990203 0.00979727
9 0.00352612 0.996474
5 1 2.95401e-07
5 0.967116 0.0328837
5 0.993496 0.00650408
9 0.00682039 0.99318
9 0.00698144 0.993019
5 0.998593 0.00140694
5 0.90034 0.0996602
9 1e-07 1
5 0.770625 0.229375
9 1e-07 1
5 0.996105 0.00389471
5 0.995552 0.00444816
5 0.989345 0.0106553
5 0.967941 0.0320589
5 0.983286 0.0167144
5 0.99744 0.00256035
5 0.996549 0.0034506
9 0.244175 0.755825
5 0.773817 0.226183
9 1.54992e-05 0.999985
9 1e-07 1
5 0.998871 0.00112871
5 0.877377 0.122623
9 0.0336548 0.966345
9 0.36475 0.63525
5 0.979146 0.0208539
5 0.999983 1.70164e-05
9 0.00463193 0.995368
5 0.724559 0.275441
5 0.993386 0.00661371
5 0.850739 0.149261
9 1e-07 1
5 0.838136 0.161864
9 1e-07 1
5 0.80492 0.19508
9 1e-07 1
5 0.977863 0.0221365
9 1e-07 1
9 0.00123172 0.998768
9 0.028246 0.971754
5 0.626968 0.373032
5 0.9873 0.0126998
5 0.876846 0.123154
5 0.908031 0.0919689
5 0.999331 0.000668738
5 0.938005 0.0619946
9 1e-07 1
5 0.98953 0.0104702
5 0.781237 0.218763
9 0.193191 0.806809
5 0.996907 0.00309317
5 0.999955 4.53193e-05
5 0.994277 0.00572319
5 0.772221 0.227779
5 0.981186 0.018814
5 0.983667 0.0163334
5 0.92469 0.0753097
9 1.35585e-07 1
9 0.000856121 0.999144
5 0.998435 0.00156457
5 0.997929 0.00207065
5 0.99939 0.000610498
5 0.748995 0.251005
5 0.785909 0.214091
9 2.35917e-05 0.999976
5 0.998256 0.00174384
9 1e-07 1
5 0.966361 0.0336389
9 0.155617 0.844383
9 5.4968e-06 0.999995
9 0.151003 0.848997
5 0.74492 0.25508
5 0.995706 0.00429435
9 1e-07 1
9 4.4653e-05 0.999955
5 0.978176 0.0218243
5 0.8667 0.1333
5 0.994265 0.00573508
9 0.167955 0.832045
5 0.998996 0.00100365
5 0.99021 0.00978979
9 0.0370218 0.962978
5 0.978996 0.021004
9 0.00592894 0.994071
9 3.12607e-06 0.999997
9 1e-07 1
5 0.999848 0.000151572
5 0.822933 0.177067
5 0.999665 0.000334914
5 0.99969 0.000309866
9 0.40876 0.59124
5 0.997192 0.00280777
5 0.993462 0.0065381
5 0.99907 0.000930094
9 0.0395507 0.960449
9 1e-07 1
5 0.999996 4.46876e-06
5 0.869647 0.130353
5 0.8242 0.1758
5 0.983749 0.0162506
5 0.999726 0.000273654
9 1e-07 1
9 1e-07 1
5 0.957443 0.0425569
9 0.0315474 0.968453
5 0.998317 0.00168337
5 0.7656 0.2344
5 0.999471 0.000529114
5 0.999991 8.6457e-06
5 0.998902 0.0010979
9 0.0106065 0.989394
5 0.99834 0.00166037
9 3.40975e-06 0.999997
5 0.977894 0.0221062
9 1e-07 1
5 0.999068 0.000931639
5 0.618613 0.381387
5 0.996626 0.00337439
5 0.999923 7.73365e-05
5 0.984837 0.0151632
9 5.30386e-06 0.999995
5 0.931562 0.0684375
9 0.00612182 0.993878
5 0.999075 0.000924765
5 0.999344 0.000656161
5 0.992587 0.0074128
5 0.997418 0.00258174
5 0.997676 0.00232445
9 0.128644 0.871356
5 0.996421 0.00357908
5 0.997113 0.00288669
5 0.983527 0.0164729
9 0.00112714 0.998873
5 0.995529 0.00447144
5 0.984799 0.0152007
5 0.999769 0.000230665
5 0.626023 0.373977
5 0.865427 0.134573
9 0.483666 0.516334
5 0.999846 0.000154382
5 0.85489 0.14511
5 0.998754 0.0012458
9 0.279791 0.720209
9 1e-07 1
5 0.999531 0.000468699
5 0.998653 0.00134683
5 0.976696 0.0233039
5 0.997914 0.00208592
5 0.902266 0.0977345
5 0.865089 0.134911
5 0.915821 0.0841793
5 0.998113 0.00188698
5 0.999848 0.000151697
9 0.326403 0.673597
5 0.99921 0.000790352
5 0.985614 0.0143856
5 0.993706 0.0062939
5 0.998265 0.00173481
5 0.726983 0.273017
5 0.922026 0.0779736
9 0.433109 0.566891
9 0.489162 0.510838
5 0.994794 0.0052063
5 0.998951 0.00104859
5 0.983438 0.0165621
9 4.14987e-05 0.999959
5 0.996464 0.00353572
9 0.0969893 0.903011
5 0.998548 0.00145207
9 6.97832e-05 0.99993
5 0.698607 0.301393
5 0.963608 0.0363924
9 1e-07 1
5 0.766938 0.233062
5 0.997853 0.00214681
9 0.0537069 0.946293
5 0.993389 0.0066106
5 0.987707 0.0122933
5 0.996502 0.00349797
5 0.709094 0.290906
9 0.377456 0.622544
5 0.878422 0.121578
5 0.914175 0.0858245
5 0.803809 0.196191
5 1 3.1239e-07
9 5.01874e-07 0.999999
5 0.832467 0.167533
5 0.513815 0.486185
5 0.976816 0.0231838
5 0.959078 0.0409215
5 0.996213 0.0037869
5 0.99901 0.000990385
5 0.997347 0.00265287
5 0.999044 0.000955875
5 0.985417 0.014583
5 0.995714 0.00428625
5 0.658641 0.341359
5 0.58639 0.41361
9 1e-07 1
9 3.9495e-07 1
5 0.619824 0.380176
5 0.999897 0.000102657
5 0.989545 0.0104554
5 0.761825 0.238175
5 0.759915 0.240085
5 0.99865 0.00135039
5 0.996527 0.00347291
9 1e-07 1
5 0.997266 0.0027339
5 0.99869 0.0013105
5 0.96838 0.0316196
9 0.0180651 0.981935
5 0.992035 0.00796471
9 9.59151e-07 0.999999
9 1e-07 1
9 0.0617146 0.938285
5 0.983255 0.0167452
9 1e-07 1
5 0.85158 0.14842
5 0.925013 0.0749875
5 0.998149 0.00185078
5 0.997053 0.00294735
5 0.987515 0.0124854
5 0.938976 0.0610237
5 0.998171 0.00182945
9 0.0357331 0.964267
5 0.999771 0.000229042
5 0.903668 0.096332
9 2.68428e-07 1
5 0.997212 0.00278786
9 0.032729 0.967271
5 0.887451 0.112549
5 0.974918 0.0250817
5 0.998324 0.00167574
5 0.997148 0.00285171
5 0.992841 0.00715911
5 0.998213 0.00178722
5 0.999565 0.000435386
5 0.988701 0.0112989
9 0.000169063 0.999831
5 0.965355 0.0346447
9 1e-07 1
9 1e-07 1
9 0.00125304 0.998747
5 0.816184 0.183816
5 0.998558 0.00144165
5 0.836278 0.163722
9 0.0404376 0.959562
5 0.997847 0.00215264
9 0.128413 0.871587
5 0.68947 0.31053
5 0.560879 0.439121
5 0.989736 0.0102642
5 0.979553 0.0204473
5 0.907254 0.0927465
5 0.999243 0.000756671
5 0.998741 0.00125946
5 0.999938 6.17129e-05
5 0.839586 0.160414
5 0.966007 0.0339929
9 0.330133 0.669867
5 0.94338 0.0566195
5 0.99975 0.000250321
9 1e-07 1
5 0.888219 0.111781
5 0.999565 0.000435338
5 0.851321 0.148679
5 0.997843 0.00215694
5 0.999667 0.000332754
5 0.828607 0.171393
5 0.9123 0.0877003
5 0.971413 0.0285866
5 0.981661 0.018339
9 1.25701e-05 0.999987
5 0.888317 0.111683
5 0.989442 0.0105577
9 0.0013497 0.99865
5 0.999466 0.000533729
5 0.747154 0.252846
9 1e-07 1
9 0.344136 0.655864
9 0.00108343 0.998917
5 0.869519 0.130481
5 0.999998 2.05294e-06
5 0.834353 0.165647
5 0.985229 0.0147714
5 0.981181 0.0188188
5 0.875375 0.124625
9 0.0041099 0.99589
5 0.862119 0.137881
5 0.939699 0.0603009
5 0.986856 0.0131435
5 0.99895 0.00105033
9 0.0435852 0.956415
5 0.998883 0.00111716
5 0.828915 0.171085
9 0.170447 0.829553
5 0.999279 0.000720805
9 1e-07 1
5 0.672181 0.327819
5 0.645349 0.354651
9 0.000977298 0.999023
5 0.999943 5.68323e-05
9 3.24364e-06 0.999997
5 0.998517 0.00148262
5 0.999861 0.000139321
5 0.995356 0.00464354
5 0.997901 0.00209856
5 0.962841 0.0371591
5 0.988002 0.0119978
5 0.995158 0.00484167
5 0.992082 0.00791768
5 0.999019 0.000981392
9 0.481704 0.518296
5 0.988577 0.0114233
5 0.999201 0.000799488
5 0.99975 0.000250183
5 0.965484 0.0345164
5 0.999776 0.000224125
9 1e-07 1
9 0.37521 0.62479
5 0.993452 0.00654774
5 0.986729 0.0132707
5 0.987686 0.0123145
9 1e-07 1
9 1e-07 1
5 0.99959 0.000409865
9 1e-07 1
5 0.948899 0.051101
5 0.999787 0.000212837
9 1e-07 1
9 0.471222 0.528778
5 0.911426 0.0885743
5 0.914245 0.0857549
5 0.999373 0.000626862
9 1e-07 1
5 0.987046 0.0129537
5 1 1.23106e-07
5 0.857479 0.142521
9 1e-07 1
5 0.9303 0.0697001
5 0.996797 0.00320261
5 0.999972 2.80476e-05
9 1e-07 1
5 0.724387 0.275613
5 0.996476 0.00352428
5 0.999181 0.000818728
5 0.76311 0.23689
9 0.272972 0.727028
5 0.810199 0.189801
5 0.878774 0.121226
5 0.942627 0.057373
5 0.988731 0.011269
5 0.997847 0.00215324
9 1e-07 1
5 0.6942 0.3058
5 0.998433 0.00156724
9 0.415884 0.584116
5 0.989175 0.0108247
5 0.946223 0.0537768
5 0.752188 0.247812
5 0.993752 0.00624844
9 1e-07 1
9 0.000678859 0.999321
9 0.29994 0.70006
5 0.978379 0.0216211
5 0.707884 0.292116
5 0.996226 0.00377396
9 1e-07 1
9 4.27675e-07 1
5 0.938346 0.0616535
5 0.999627 0.000372579
5 0.996302 0.00369838
5 0.994368 0.00563168
5 0.999832 0.000167925
5 0.99274 0.00725995
5 0.906407 0.0935933
9 3.86479e-05 0.999961
5 0.982237 0.0177627
5 0.984871 0.015129
5 0.783205 0.216795
5 0.991373 0.00862673
9 0.294399 0.705601
5 0.997998 0.00200192
5 0.848437 0.151563
9 0.28247 0.71753
5 0.998044 0.00195644
5 0.997417 0.00258299
5 0.850586 0.149414
5 0.99817 0.0018299
5 0.997002 0.00299833
5 0.983382 0.016618
5 0.987718 0.012282
5 0.957544 0.0424558
5 0.987158 0.0128424
9 1e-07 1
5 0.975956 0.0240435
5 0.994596 0.00540391
9 0.251346 0.748654
9 1e-07 1
9 1.28895e-07 1
5 0.996962 0.00303808
5 0.98144 0.0185605
5 0.949949 0.0500514
5 0.582838 0.417162
5 0.999642 0.00035759
5 1 4.59933e-07
5 0.997794 0.00220576
5 0.999184 0.0008164
9 0.00350292 0.996497
5 0.9995 0.000499647
5 0.889459 0.110541
9 1e-07 1
5 0.999746 0.000253965
5 0.988405 0.0115953
9 0.261862 0.738138
5 0.977308 0.0226923
5 0.898586 0.101414
5 0.974632 0.0253676
5 0.819198 0.180802
9 0.13742 0.86258
9 1.38889e-07 1
5 0.999703 0.000296875
5 0.998587 0.00141257
9 1e-07 1
5 0.999995 5.34879e-06
5 0.999511 0.000488638
5 0.984276 0.0157238
5 0.998446 0.0015535
5 0.959748 0.0402515
9 0.0399094 0.960091
9 1e-07 1
5 0.974925 0.0250747
9 1.59468e-07 1
5 0.914903 0.0850968
9 1e-07 1
5 0.998718 0.00128174
5 0.992401 0.00759926
5 0.996118 0.00388194
5 0.998662 0.00133849
5 0.975566 0.0244344
5 0.999809 0.00019104
5 0.92425 0.0757501
5 0.945412 0.0545881
5 0.927894 0.0721056
9 0.00111227 0.998888
5 0.986551 0.0134486
5 0.77595 0.22405
9 1e-07 1
9 0.145054 0.854946
5 0.986488 0.0135124
5 0.999958 4.23037e-05
5 0.999536 0.000464186
9 0.464846 0.535154
5 0.999383 0.00061721
5 0.997991 0.00200941
5 0.999971 2.93262e-05
9 0.225485 0.774515
5 0.985609 0.0143911
5 0.997604 0.00239586
5 0.923572 0.0764282
9 0.0026314 0.997369
9 0.0569437 0.943056
5 0.998937 0.0010629
9 0.0250269 0.974973
5 0.999796 0.000203838
9 1e-07 1
9 1e-07 1
5 0.999901 9.88507e-05
5 0.999997 2.51201e-06
5 0.965968 0.0340317
5 0.978779 0.0212214
5 0.972267 0.0277332
5 0.598297 0.401703
5 0.997359 0.00264055
5 0.914844 0.0851559
9 0.00101682 0.998983
5 0.789199 0.210801
5 0.997354 0.00264562
5 0.989343 0.0106571
5 0.89504 0.10496
5 0.969222 0.0307779
9 0.28679 0.71321
5 0.676567 0.323433
5 0.81658 0.18342
5 0.986194 0.0138058
5 0.950883 0.0491166
5 0.991031 0.00896927
5 0.883925 0.116075
5 0.999962 3.80741e-05
9 0.026642 0.973358
5 0.937629 0.0623714
9 0.0284876 0.971512
5 0.965739 0.0342612
5 0.999502 0.000497931
5 0.999536 0.000464319
5 0.758635 0.241365
5 0.993901 0.00609941
5 0.970356 0.0296443
5 0.99674 0.00326023
5 0.775738 0.224262
5 0.999989 1.06912e-05
5 0.989003 0.0109966
5 0.600792 0.399208
9 0.213741 0.786259
5 0.979208 0.0207923
5 0.999943 5.70083e-05
5 0.994184 0.00581577
9 1e-07 1
5 0.991631 0.00836865
5 0.981936 0.018064
9 1.04065e-05 0.99999
5 0.995123 0.00487741
5 0.999688 0.000312178
5 0.999994 5.64593e-06
5 0.999883 0.000116662
9 1e-07 1
9 0.287388 0.712612
9 0.327468 0.672532
5 0.954765 0.0452354
9 1e-07 1
9 0.000458171 0.999542
9 0.00211082 0.997889
5 0.941401 0.0585985
9 1.4769e-05 0.999985
5 0.999553 0.000447361
9 0.00080836 0.999192
5 0.975709 0.0242913
9 0.00180104 0.998199
9 1e-07 1
9 0.00347115 0.996529
5 0.995052 0.00494786
5 0.571094 0.428906
5 0.945399 0.0546005
5 0.982699 0.0173015
5 0.81049 0.18951
9 0.00447382 0.995526
5 0.84987 0.15013
9 0.13776 0.86224
9 0.231051 0.768949
9 0.314127 0.685873
9 1e-07 1
9 1e-07 1
5 0.663891 0.336109
5 0.99811 0.00188997
9 2.50496e-05 0.999975
5 0.846796 0.153204
5 0.935125 0.0648749
5 0.998283 0.00171716
5 0.9814 0.0186002
5 0.999918 8.17347e-05
5 0.840528 0.159472
5 0.994843 0.00515742
9 1e-07 1
5 0.735973 0.264027
9 1e-07 1
5 0.988069 0.011931
5 0.993626 0.00637447
5 0.999818 0.000182201
5 0.965019 0.0349806
9 0.0105957 0.989404
5 0.997804 0.0021962
9 9.35721e-06 0.999991
5 0.927025 0.0729755
5 0.998637 0.0013627
5 0.999567 0.000433472
5 0.998655 0.00134484
5 0.935827 0.0641729
5 0.998241 0.00175883
9 1e-07 1
5 0.775139 0.224861
5 0.998881 0.00111917
5 0.982571 0.0174294
5 0.999958 4.19971e-05
5 0.988124 0.0118762
5 0.912087 0.0879132
5 0.524806 0.475194
5 0.999145 0.000854531
5 0.996252 0.00374767
5 0.772926 0.227074
5 0.891534 0.108466
9 1e-07 1
5 0.999665 0.000335082
5 0.99904 0.000959578
5 0.931145 0.0688553
5 0.69896 0.30104
5 0.999998 2.24581e-06
5 0.97344 0.02656
9 1e-07 1
5 0.998886 0.00111432
5 0.789026 0.210974
5 0.998238 0.00176211
5 0.849595 0.150405
5 0.976986 0.0230142
5 0.942501 0.0574994
5 0.96049 0.0395102
5 0.99763 0.00236969
5 0.999949 5.11617e-05
9 1e-07 1
9 8.51724e-07 0.999999
5 0.999901 9.92257e-05
9 0.00408771 0.995912
5 0.996036 0.00396359
5 0.888693 0.111307
5 0.778096 0.221904
9 1e-07 1
9 0.180534 0.819466
5 0.753926 0.246074
5 0.982194 0.017806
9 0.18448 0.81552
5 0.999752 0.000248403
5 0.999196 0.000804161
5 0.520928 0.479072
5 0.995913 0.00408684
5 0.99689 0.00310986
5 0.997199 0.00280074
9 1e-07 1
5 0.999721 0.000279477
9 6.85432e-05 0.999931
5 0.975197 0.0248033
5 0.999995 4.57822e-06
5 0.992897 0.00710287
5 0.996466 0.00353425
5 0.990212 0.00978845
5 0.504436 0.495564
5 0.915995 0.0840047
5 0.905418 0.0945818
5 0.652517 0.347483
5 0.998194 0.00180631
5 0.825281 0.174719
9 1e-07 1
9 1.13162e-06 0.999999
5 0.92929 0.0707104
5 0.999015 0.000984672
5 0.998135 0.00186458
9 1e-07 1
9 1.18139e-06 0.999999
5 0.99996 3.97064e-05
5 0.994103 0.00589707
5 0.993913 0.00608706
9 0.416598 0.583402
5 0.997641 0.0023594
5 0.688245 0.311755
5 0.678154 0.321846
9 0.0265753 0.973425
9 1e-07 1
5 0.999818 0.000182491
9 0.000248948 0.999751
5 0.984992 0.0150083
5 0.998347 0.00165323
9 0.040002 0.959998
5 0.793666 0.206334
5 0.936935 0.0630647
5 0.991737 0.00826338
9 0.00459701 0.995403
9 1e-07 1
5 0.973701 0.0262987
5 0.767459 0.232541
5 0.821935 0.178065
5 0.999677 0.000323405
5 0.982336 0.017664
5 0.755787 0.244213
5 0.846514 0.153486
5 0.983969 0.0160307
5 0.90625 0.0937501
5 0.998761 0.00123947
5 0.989807 0.0101933
5 0.999463 0.000537335
5 1 1e-07
9 0.0047822 0.995218
5 0.980451 0.0195489
9 0.000552061 0.999448
5 0.834423 0.165577
9 4.40813e-07 1
9 0.0283387 0.971661
5 0.998388 0.00161235
9 1e-07 1
5 0.999992 8.17894e-06
5 0.81361 0.18639
5 0.988595 0.0114054
5 0.99273 0.00727037
5 0.983659 0.016341
5 0.998502 0.00149786
5 0.9625 0.0374995
5 0.999702 0.000297836
5 0.999793 0.000206862
5 0.935424 0.0645757
5 0.999644 0.000355804
5 0.962361 0.0376394
9 2.98778e-07 1
5 0.785055 0.214945
5 0.955497 0.0445035
5 0.894774 0.105226
5 0.999615 0.000384863
5 0.998041 0.00195938
9 0.0367839 0.963216
9 1e-07 1
9 0.000387019 0.999613
9 0.00791719 0.992083
5 0.998514 0.00148636
9 0.0598508 0.940149
5 0.95849 0.0415098
9 1e-07 1
5 0.987432 0.0125682
9 0.0310608 0.968939
9 1e-07 1
9 0.000866837 0.999133
5 0.999953 4.71792e-05
5 0.841721 0.158279
9 0.000366941 0.999633
5 0.996134 0.00386642
5 0.942044 0.0579557
9 3.29493e-07 1
9 0.000307393 0.999693
5 0.970928 0.029072
5 0.797985 0.202015
5 0.993105 0.00689456
9 0.490254 0.509746
5 0.996423 0.00357744
5 0.996741 0.00325924
5 0.793504 0.206496
5 0.998622 0.00137844
5 0.964364 0.0356363
5 0.554476 0.445524
5 0.690046 0.309954
5 0.903967 0.0960332
5 0.999427 0.000573096
5 0.938876 0.0611236
5 0.823017 0.176983
5 0.984403 0.0155969
5 0.908131 0.091869
5 0.787163 0.212837
5 0.995377 0.00462269
9 1e-07 1
5 0.83514 0.16486
5 0.986461 0.0135388
5 0.804041 0.195959
5 0.999548 0.000452058
5 0.945179 0.0548214
5 0.709234 0.290766
9 0.0504276 0.949572
9 0.411488 0.588512
9 1e-07 1
5 0.993239 0.00676074
9 0.475705 0.524295
5 0.96667 0.0333297
5 0.877649 0.122351
5 0.995977 0.00402276
9 2.6442e-06 0.999997
9 1.4345e-07 1
9 0.000115446 0.999885
5 0.999527 0.000472833
9 0.0887134 0.911287
5 0.830086 0.169914
5 0.996479 0.00352075
5 0.954023 0.0459765
5 0.966035 0.0339653
5 0.98684 0.0131599
5 0.991192 0.00880758
9 2.52234e-06 0.999997
9 0.159931 0.840069
5 0.987359 0.0126412
5 0.99997 2.97902e-05
5 0.976897 0.0231028
5 0.9976 0.00240031
9 1e-07 1
5 0.980957 0.0190425
5 0.949492 0.0505078
5 0.996414 0.00358587
5 0.956206 0.0437936
5 0.707237 0.292763
5 0.735487 0.264513
5 0.999079 0.000920502
5 0.95257 0.0474297
9 2.48698e-05 0.999975
5 0.985722 0.0142776
5 0.993544 0.00645578
5 0.989653 0.0103466
5 0.998574 0.00142619
5 0.764746 0.235254
5 0.996365 0.00363473
5 0.976946 0.023054
5 0.983448 0.0165516
5 0.990269 0.00973097
5 0.991565 0.00843528
5 0.999619 0.000381498
5 0.996771 0.00322917
5 0.999989 1.09419e-05
5 0.999207 0.000793328
5 0.997648 0.0023524
5 0.810521 0.189479
5 0.999996 3.62e-06
5 0.863716 0.136284
9 3.78172e-07 1
5 0.992026 0.00797373
5 0.995082 0.0049175
9 0.0202755 0.979724
9 1e-07 1
5 0.99503 0.00497045
5 0.821762 0.178238
5 0.99774 0.00225978
5 0.984027 0.0159725
5 0.999214 0.000785612
9 2.54611e-05 0.999975
9 0.000255165 0.999745
5 0.990803 0.00919677
5 0.99843 0.00157012
9 1e-07 1
5 0.709346 0.290654
5 0.953836 0.0461643
9 0.487504 0.512496
5 0.989525 0.0104747
9 1e-07 1
5 0.937954 0.0620457
5 0.991735 0.00826493
5 0.991186 0.00881352
5 0.998994 0.00100565
5 0.996114 0.00388589
5 0.98196 0.0180398
5 0.997673 0.00232713
5 0.993108 0.0068918
9 1e-07 1
5 0.508752 0.491248
5 0.996667 0.00333259
5 0.997081 0.00291856
5 0.999054 0.000945541
5 0.954481 0.0455187
5 0.951546 0.048454
5 0.999353 0.000646593
5 0.999828 0.000172363
5 0.991363 0.00863714
5 0.999687 0.000313468
5 0.74844 0.25156
5 0.839834 0.160166
5 0.994381 0.00561888
5 0.913203 0.086797
9 0.129383 0.870617
5 0.993977 0.00602342
9 0.000445612 0.999554
5 0.735523 0.264477
5 0.999941 5.89467e-05
5 0.99993 6.95686e-05
5 0.99834 0.00165969
9 9.94925e-05 0.999901
5 0.999981 1.88923e-05
9 0.03827 0.96173
5 0.999654 0.000345537
5 0.998955 0.00104478
5 0.827692 0.172308
5 0.999382 0.000617921
5 0.928791 0.0712087
5 0.981237 0.0187626
5 0.997522 0.00247765
5 0.535175 0.464825
9 0.15391 0.84609
5 0.937917 0.0620828
9 0.00119664 0.998803
5 0.996899 0.00310134
5 0.98578 0.0142204
5 0.999796 0.000204011
5 0.997547 0.00245331
5 0.997764 0.0022356
5 0.979891 0.0201088
5 0.997733 0.00226667
9 3.47234e-07 1
5 0.999215 0.000784814
5 0.997605 0.00239549
5 0.988531 0.0114688
5 0.999091 0.000908737
5 0.908034 0.0919663
5 0.722088 0.277912
5 0.99336 0.00663986
5 0.894568 0.105432
5 0.997916 0.00208412
9 0.0479757 0.952024
5 0.95501 0.0449904
5 0.999938 6.18636e-05
5 0.998277 0.00172304
9 1e-07 1
5 0.99754 0.00245972
5 0.943231 0.0567694
5 0.674975 0.325025
5 0.774586 0.225414
9 0.0015111 0.998489
9 1e-07 1
5 0.611258 0.388742
5 0.971753 0.0282467
5 0.99794 0.00206013
5 0.996505 0.00349451
5 0.99968 0.000320361
5 0.956155 0.0438447
9 0.00615753 0.993842
5 0.999259 0.000740656
5 0.994385 0.00561487
5 0.998036 0.00196408
9 1e-07 1
9 0.00630109 0.993699
9 0.477761 0.522239
5 0.997269 0.00273127
5 0.998211 0.00178913
9 2.57629e-06 0.999997
5 0.913974 0.0860257
5 0.67971 0.32029
9 0.013751 0.986249
5 0.97983 0.0201697
9 2.62455e-06 0.999997
5 0.999976 2.35994e-05
5 0.962127 0.0378728
5 0.981108 0.0188917
5 0.921352 0.0786482
9 0.000258861 0.999741
5 0.767892 0.232108
5 0.998116 0.00188414
5 0.946311 0.0536888
5 0.69834 0.30166
5 0.942552 0.0574476
5 0.976321 0.0236793
5 0.88821 0.11179
5 0.835429 0.164571
9 7.99167e-06 0.999992
9 0.00117383 0.998826
9 1e-07 1
5 0.999982 1.7827e-05
5 0.832816 0.167184
5 0.973841 0.0261592
5 0.999764 0.000236052
5 0.992543 0.00745694
5 0.991935 0.00806493
5 0.994348 0.00565171
5 0.999427 0.00057309
5 0.909238 0.0907617
9 0.481003 0.518997
5 0.996018 0.00398231
9 1e-07 1
5 0.997096 0.00290421
5 0.996108 0.00389216
9 1e-07 1
5 0.57052 0.42948
5 0.671735 0.328265
5 0.951156 0.0488441
5 0.999043 0.00095672
5 0.789225 0.210775
5 0.985917 0.0140827
5 0.99479 0.00520991
5 0.999007 0.000992531
5 0.967262 0.0327383
5 0.962772 0.0372277
5 0.99321 0.00678979
5 0.998048 0.00195223
5 0.999909 9.13767e-05
5 0.764579 0.235421
9 0.00138792 0.998612
5 0.917482 0.0825184
5 0.997593 0.00240701
9 0.00019543 0.999805
5 0.658542 0.341458
5 0.998467 0.00153301
9 0.00252812 0.997472
5 0.607386 0.392614
5 0.998113 0.00188691
5 0.998548 0.00145219
5 0.913049 0.0869505
5 0.999779 0.000220518
5 0.756903 0.243097
5 0.997661 0.00233906
9 0.100216 0.899784
9 2.15774e-05 0.999978
9 1e-07 1
5 0.999236 0.000764433
5 0.998857 0.00114315
5 0.996621 0.0033788
5 0.995246 0.0047542
5 0.999436 0.000564097
5 0.997533 0.00246704
5 0.999982 1.79633e-05
5 0.983594 0.0164061
5 0.91095 0.0890495
9 4.30067e-05 0.999957
5 0.871135 0.128865
9 1e-07 1
5 0.998973 0.00102729
9 1.15856e-06 0.999999
5 0.994986 0.00501369
5 0.999999 7.24261e-07
9 0.142645 0.857355
5 0.97865 0.0213497
5 0.802573 0.197427
9 0.460742 0.539258
5 0.994957 0.00504327
5 0.837805 0.162195
5 0.992989 0.00701091
9 0.00976719 0.990233
5 0.768727 0.231273
5 0.99881 0.00118986
5 0.995671 0.00432935
9 2.74186e-05 0.999973
5 0.996137 0.00386288
5 0.998807 0.00119279
5 0.999168 0.000831749
5 0.982958 0.017042
5 0.665967 0.334033
9 1e-07 1
5 1 2.55547e-07
9 1e-07 1
9 0.00120408 0.998796
5 0.998715 0.00128545
5 0.996532 0.00346793
9 3.19892e-05 0.999968
9 0.0300907 0.969909
5 0.997678 0.00232173
5 0.999848 0.000151971
5 0.985393 0.0146065
9 1e-07 1
9 1.22839e-05 0.999988
5 0.999665 0.000335116
9 0.273237 0.726763
5 0.995613 0.00438746
5 0.999967 3.3212e-05
9 8.45802e-05 0.999915
5 0.999773 0.000227426
5 0.831691 0.168309
5 0.999974 2.59422e-05
9 0.168299 0.831701
9 2.77376e-06 0.999997
9 1e-07 1
9 1e-07 1
9 0.000460336 0.99954
9 1.98452e-05 0.99998
5 0.999923 7.69645e-05
5 0.99912 0.000879717
5 0.9994 0.000600422
5 0.994952 0.00504799
5 0.999255 0.000744915
5 0.941427 0.0585726
5 0.990064 0.00993649
9 1e-07 1
5 0.99969 0.000309897
9 0.00921151 0.990788
9 1e-07 1
5 0.855622 0.144378
5 0.882254 0.117746
5 0.996402 0.00359842
9 1e-07 1
5 0.757607 0.242393
5 0.999892 0.00010822
9 1.04734e-06 0.999999
5 0.9844 0.0155995
9 2.06618e-05 0.999979
5 0.829871 0.170129
5 0.601991 0.398009
9 1.95405e-05 0.99998
5 0.950708 0.0492918
5 0.672648 0.327352
9 0.0260251 0.973975
9 2.1365e-07 1
5 0.99895 0.00105043
5 0.998741 0.00125876
9 1e-07 1
9 2.03695e-07 1
5 0.999753 0.000246731
9 1e-07 1
9 1e-07 1
5 0.996922 0.00307818
5 0.998782 0.00121808
5 0.87431 0.12569
5 0.997768 0.00223179
9 1e-07 1
5 0.992525 0.00747538
5 0.993093 0.00690651
5 0.99626 0.00373952
9 3.41427e-06 0.999997
5 0.991039 0.00896108
5 0.993887 0.00611319
5 0.906905 0.0930948
5 0.832223 0.167777
5 0.986306 0.0136936
5 0.895112 0.104888
5 0.999967 3.32776e-05
5 0.963578 0.0364223
5 0.998383 0.00161675
5 0.997807 0.00219269
5 0.986483 0.0135175
5 0.999473 0.000527069
5 0.999987 1.31024e-05
9 0.0339585 0.966042
5 0.995711 0.00428907
5 0.786497 0.213503
5 0.999219 0.000780927
5 0.926325 0.0736747
5 0.989328 0.0106718
5 0.981824 0.0181762
5 0.990042 0.00995769
5 0.998995 0.00100478
9 1e-07 1
5 0.848488 0.151512
9 1e-07 1
5 0.800684 0.199316
5 0.999812 0.000187731
9 0.00172954 0.99827
5 0.866025 0.133975
5 0.974294 0.0257064
5 0.996763 0.00323669
5 0.998837 0.00116288
9 0.115712 0.884288
9 0.285311 0.714689
5 0.9119 0.0881002
5 0.955179 0.0448211
5 0.668827 0.331173
9 1.3657e-07 1
5 0.564222 0.435778
5 0.999524 0.000476289
5 0.999819 0.000181246
9 1e-07 1
5 0.839042 0.160958
5 0.933741 0.0662585
5 0.999952 4.8494e-05
5 0.973051 0.0269494
5 0.996702 0.00329753
5 0.999161 0.000839156
5 0.852474 0.147526
5 0.993564 0.00643553
9 0.00171876 0.998281
5 0.999932 6.75966e-05
5 0.89639 0.10361
5 0.942561 0.0574391
5 0.995298 0.00470232
5 0.999645 0.000355352
5 0.933624 0.0663758
5 0.999881 0.000119342
5 0.998816 0.00118435
5 0.869562 0.130438
5 0.9945 0.00549997
5 0.993791 0.0062086
9 0.0836875 0.916312
5 0.997871 0.00212856
5 0.999997 3.08534e-06
5 0.984332 0.0156684
5 0.840651 0.159349
5 0.997511 0.00248892
5 0.997353 0.00264747
5 0.888042 0.111958
5 0.999995 5.31213e-06
5 0.999738 0.000262262
9 0.0676868 0.932313
5 0.99922 0.000779765
9 0.24416 0.75584
5 0.99998 2.00454e-05
5 0.994631 0.00536869
5 0.998889 0.00111137
5 0.999334 0.000666222
5 0.999297 0.000703148
5 0.97719 0.0228096
5 0.84382 0.15618
5 0.668652 0.331348
5 0.999695 0.000305003
5 0.979158 0.0208416
5 0.997586 0.0024141
5 0.999948 5.19385e-05
9 1e-07 1
5 0.997878 0.0021216
5 0.999036 0.000963584
5 0.931393 0.068607
9 1.11469e-07 1
5 0.95484 0.0451599
5 0.988617 0.0113833
9 2.83031e-06 0.999997
9 0.023187 0.976813
5 0.952434 0.0475657
9 0.162291 0.837709
5 0.587523 0.412477
5 0.905534 0.0944663
5 0.997451 0.00254931
5 0.99227 0.00772989
5 0.871397 0.128603
5 0.977625 0.0223746
5 0.998658 0.00134175
9 1e-07 1
9 1e-07 1
9 1e-07 1
5 0.997158 0.00284234
9 0.00333379 0.996666
5 0.971293 0.0287068
9 0.00014915 0.999851
5 0.666687 0.333313
5 0.974147 0.0258535
5 0.992096 0.00790383
5 0.999392 0.000608083
5 0.748017 0.251983
9 1e-07 1
5 0.997406 0.0025936
5 0.806111 0.193889
5 0.999695 0.000305429
5 0.964116 0.0358844
5 0.975871 0.0241294
9 1e-07 1
9 0.476348 0.523652
5 0.800229 0.199771
5 0.977923 0.0220766
9 2.76097e-07 1
5 0.999897 0.00010302
5 0.992026 0.00797379
5 0.998814 0.00118557
5 0.993369 0.0066308
5 0.991439 0.00856056
9 1e-07 1
5 0.717953 0.282047
5 0.880878 0.119122
9 6.94692e-05 0.999931
9 1e-07 1
5 0.99899 0.00100977
5 0.999255 0.000745429
5 0.999714 0.000285708
5 0.648834 0.351166
5 0.824625 0.175375
5 0.546259 0.453741
9 0.0441932 0.955807
9 1.66218e-07 1
5 0.984804 0.0151961
5 0.979326 0.0206739
9 0.00205963 0.99794
5 0.952359 0.0476413
5 0.999681 0.000318931
5 0.990181 0.0098192
5 0.918307 0.0816928
9 1.95906e-07 1
5 0.995499 0.00450074
5 0.999956 4.36898e-05
5 0.789601 0.210399
5 0.976962 0.0230384
5 0.998301 0.00169873
5 0.967965 0.0320351
9 4.84221e-07 1
5 0.692535 0.307465
9 1e-07 1
9 1e-07 1
5 0.99692 0.00308021
5 0.999491 0.000508879
5 0.99919 0.000810121
5 0.997119 0.00288061
5 0.988498 0.0115019
5 0.570315 0.429685
5 0.889374 0.110626
5 0.995735 0.00426546
5 0.999994 5.92576e-06
5 0.79546 0.20454
5 0.998199 0.0018008
5 0.766693 0.233307
9 0.0208773 0.979123
5 0.979117 0.0208832
5 0.998387 0.00161276
5 0.867823 0.132177
5 0.99959 0.00041012
9 0.0311808 0.968819
9 1e-07 1
5 0.999998 2.47692e-06
5 0.986117 0.0138831
9 1.22752e-05 0.999988
9 0.000536908 0.999463
5 0.869529 0.130471
5 0.97547 0.0245298
9 1e-07 1
9 7.36254e-05 0.999926
9 1e-07 1
5 0.986972 0.0130279
5 0.99463 0.00537019
9 1e-07 1
5 0.999962 3.78972e-05
5 0.627861 0.372139
9 0.064125 0.935875
9 1.63731e-06 0.999998
9 1e-07 1
9 0.0784867 0.921513
5 0.927374 0.0726258
5 0.800208 0.199792
5 0.950138 0.0498624
5 0.9996 0.000399745
5 0.993211 0.0067887
9 4.67864e-05 0.999953
5 0.959258 0.0407419
5 0.817695 0.182305
5 0.942494 0.0575062
9 6.44568e-05 0.999936
9 0.0497846 0.950215
9 8.88266e-07 0.999999
5 0.871876 0.128124
9 0.000194298 0.999806
5 0.98704 0.0129604
5 0.686067 0.313933
5 0.999719 0.000281332
9 1e-07 1
5 0.995097 0.00490296
5 0.987479 0.0125209
9 0.0405617 0.959438
5 0.990084 0.00991617
5 0.940264 0.0597356
9 1e-07 1
5 0.999351 0.000648893
5 0.998442 0.00155801
5 0.999379 0.000621271
5 0.834204 0.165796
5 0.959472 0.0405283
5 0.983822 0.0161782
5 0.997967 0.00203288
5 0.8227 0.1773
9 1e-07 1
5 0.894172 0.105828
9 0.00804547 0.991955
9 1e-07 1
9 1e-07 1
5 0.998693 0.00130656
5 0.99074 0.00926007
5 0.8628 0.1372
5 0.993304 0.00669566
5 0.999126 0.000874436
9 1e-07 1
5 0.994366 0.00563397
5 0.999844 0.000155894
5 0.895794 0.104206
5 0.76249 0.23751
5 0.996985 0.00301533
5 0.737307 0.262693
5 0.99208 0.00792037
5 0.999811 0.000188553
5 0.980165 0.0198351
5 0.999625 0.000374666
9 1e-07 1
5 0.982762 0.0172376
5 0.790026 0.209974
5 0.955817 0.0441834
9 0.0249828 0.975017
9 1e-07 1
5 0.842682 0.157318
5 0.84098 0.15902
5 0.998462 0.00153844
5 0.997993 0.00200719
5 0.999996 4.32533e-06
5 0.603355 0.396645
9 0.0709662 0.929034
5 0.96902 0.0309803
5 0.99419 0.00580996
5 0.996313 0.00368731
9 0.274141 0.725859
5 0.99999 1.02087e-05
9 0.00330983 0.99669
5 0.88814 0.11186
5 0.999248 0.000752402
9 0.0280854 0.971915
5 0.982721 0.017279
5 0.999599 0.00040082
9 0.445116 0.554884
9 0.298592 0.701408
9 3.83132e-06 0.999996
9 1e-07 1
9 0.21684 0.78316
5 0.981595 0.0184048
5 0.997979 0.00202092
5 0.999337 0.000662967
5 0.995681 0.0043194
5 0.971598 0.0284018
5 0.814412 0.185588
5 0.992724 0.00727567
9 1e-07 1
5 0.978765 0.0212354
5 0.932082 0.0679178
5 0.960194 0.0398058
9 0.00642903 0.993571
5 0.816231 0.183769
5 0.998142 0.00185787
9 1e-07 1
5 0.987714 0.0122857
5 0.984321 0.0156788
9 0.234452 0.765548
5 0.999973 2.71127e-05
5 0.999715 0.000284535
9 1e-07 1
5 0.997307 0.00269311
5 0.999562 0.000438433
5 0.969124 0.0308761
9 0.364498 0.635502
5 0.999891 0.000109322
5 0.993348 0.00665185
5 0.999882 0.000118073
5 0.999687 0.0003133
5 0.996978 0.00302228
5 0.999614 0.000386308
5 0.999747 0.000253006
5 0.991039 0.0089606
5 0.998128 0.00187237
9 0.189356 0.810644
5 0.699267 0.300733
9 6.44945e-06 0.999994
5 0.984452 0.0155475
9 0.00134167 0.998658
9 3.57749e-07 1
5 0.863946 0.136054
5 0.80251 0.19749
9 0.00155176 0.998448
5 0.853362 0.146638
5 0.578131 0.421869
5 0.999988 1.2279e-05
5 0.999647 0.000352918
9 1e-07 1
9 1e-07 1
5 0.999963 3.70846e-05
5 0.998814 0.00118572
5 0.997653 0.0023469
5 0.997841 0.00215876
5 0.992461 0.00753936
5 0.998655 0.0013449
5 0.962385 0.0376145
9 0.100186 0.899814
5 0.909422 0.0905778
9 0.134222 0.865778
5 0.996551 0.00344892
9 0.00115449 0.998846
5 0.987807 0.0121932
5 0.999999 6.21468e-07
5 0.971086 0.0289142
5 0.989321 0.0106788
5 0.955991 0.0440088
5 0.697453 0.302547
5 0.968354 0.0316459
5 0.902785 0.0972149
5 0.997958 0.00204208
5 0.979871 0.0201291
9 1e-07 1
5 0.999693 0.000306661
5 0.977923 0.0220773
5 0.999332 0.000668193
5 0.941303 0.058697
5 0.956313 0.0436868
5 0.68928 0.31072
5 0.905705 0.0942954
9 1e-07 1
5 0.998794 0.00120577
5 0.933171 0.0668289
5 0.995813 0.00418677
5 0.998339 0.00166083
9 1e-07 1
5 0.993667 0.00633255
5 0.996658 0.0033415
5 0.999995 4.62728e-06
5 0.962131 0.0378694
5 0.791268 0.208732
9 1e-07 1
5 0.634963 0.365037
9 0.000626865 0.999373
5 0.88122 0.11878
9 1e-07 1
5 0.995096 0.00490387
5 0.99799 0.00201016
5 0.998085 0.0019153
9 1e-07 1
5 0.924143 0.0758574
5 0.572123 0.427877
9 1e-07 1
5 0.989674 0.0103262
5 0.995565 0.0044345
5 0.994195 0.00580462
5 0.992889 0.00711127
5 0.995464 0.00453598
5 0.999724 0.000275601
9 0.108961 0.891039
5 0.893111 0.106889
9 1e-07 1
5 1 1.59836e-07
5 0.913451 0.0865488
5 0.999497 0.000503484
9 0.000141566 0.999858
5 0.985237 0.014763
5 0.980319 0.0196807
9 0.0900804 0.90992
5 0.916169 0.083831
5 0.999909 9.1173e-05
9 7.71771e-06 0.999992
9 0.000819052 0.999181
9 1e-07 1
5 0.998738 0.00126172
5 0.937866 0.0621339
9 1e-07 1
5 0.970775 0.0292249
5 0.941618 0.0583822
5 0.98875 0.0112503
5 0.992501 0.00749924
9 7.94526e-06 0.999992
9 6.99838e-06 0.999993
5 0.998986 0.00101405
9 1e-07 1
9 1.31057e-05 0.999987
5 0.993782 0.00621846
9 1e-07 1
5 0.999142 0.000857744
5 0.851354 0.148646
5 0.997357 0.00264276
5 0.98716 0.0128401
5 0.979763 0.0202372
5 0.764798 0.235202
9 1e-07 1
5 0.995713 0.0042874
5 0.822644 0.177356
5 0.998734 0.00126637
9 0.312544 0.687456
5 0.999302 0.000698267
5 0.997538 0.00246216
5 0.770634 0.229366
5 0.998633 0.0013671
5 0.999937 6.27932e-05
9 0.00825769 0.991742
9 0.0770556 0.922944
5 0.546921 0.453079
5 0.977092 0.0229081
5 0.995898 0.00410158
5 0.988093 0.0119069
5 0.985504 0.0144957
5 0.876328 0.123672
5 0.997864 0.00213646
5 0.988528 0.0114715
9 0.00210282 0.997897
5 0.980447 0.0195526
5 0.837621 0.162379
5 0.998675 0.0013248
9 0.292745 0.707255
5 0.595969 0.404031
5 0.993359 0.00664113
5 0.994961 0.0050391
9 0.00024596 0.999754
9 8.61037e-05 0.999914
5 0.999966 3.37585e-05
5 0.990951 0.00904869
9 0.000126725 0.999873
5 0.999925 7.49537e-05
5 0.998091 0.00190916
5 0.99988 0.000119735
5 0.992391 0.00760865
9 0.00293169 0.997068
5 0.997027 0.00297261
5 0.866241 0.133759
5 0.65777 0.34223
5 0.980723 0.0192771
9 1e-07 1
9 0.485501 0.514499
5 0.985921 0.0140786
5 0.992925 0.00707542
5 0.986318 0.0136822
5 0.847796 0.152204
5 0.99646 0.00354022
9 0.243229 0.756771
5 0.998712 0.00128781
5 0.913291 0.0867086
5 0.99969 0.000309977
5 0.999966 3.41749e-05
5 0.512034 0.487966
9 0.146795 0.853205
5 0.990712 0.00928825
5 0.986149 0.0138509
5 0.944573 0.055427
5 0.896588 0.103412
5 0.819952 0.180048
5 0.958696 0.041304
5 0.999901 9.90168e-05
5 0.500561 0.499439
5 0.999961 3.85765e-05
9 0.000157029 0.999843
5 0.693367 0.306633
9 9.45548e-06 0.999991
9 1e-07 1
9 0.000512269 0.999488
5 0.880913 0.119087
9 6.97593e-05 0.99993
5 0.886316 0.113684
5 0.838956 0.161044
5 0.97472 0.0252795
5 0.999039 0.000960642
5 0.969203 0.0307966
5 0.997144 0.00285572
9 0.0145746 0.985425
5 0.998299 0.00170079
5 0.99442 0.00557971
5 0.994518 0.00548244
5 0.991643 0.00835682
5 0.999062 0.000938264
5 0.931372 0.0686279
5 0.844535 0.155465
5 0.926764 0.0732358
5 0.998312 0.00168782
5 0.829546 0.170454
5 0.998748 0.00125185
5 0.995001 0.00499872
5 0.956562 0.0434378
5 0.825176 0.174824
5 0.988906 0.0110941
9 0.32969 0.67031
5 0.758924 0.241076
5 0.977494 0.0225065
5 0.968961 0.0310391
5 0.993507 0.00649307
9 1.95669e-07 1
5 0.996827 0.00317284
5 0.998823 0.00117707
5 0.999647 0.000352844
5 0.664181 0.335819
5 0.99606 0.00394025
5 0.954504 0.0454963
5 0.999251 0.000749398
9 1e-07 1
5 0.997612 0.00238754
5 0.82588 0.17412
5 0.987816 0.0121844
5 0.709719 0.290281
5 0.882733 0.117267
5 0.999639 0.000360543
9 4.99604e-06 0.999995
5 0.999988 1.20394e-05
5 0.995304 0.00469586
5 0.999708 0.000291964
5 0.982291 0.0177087
5 0.922385 0.0776146
9 0.421672 0.578328
5 0.939648 0.0603517
5 0.984449 0.0155509
5 0.976463 0.0235367
9 0.0375817 0.962418
5 0.999776 0.000223651
5 0.854391 0.145609
5 0.997699 0.00230095
9 8.95524e-06 0.999991
5 0.866611 0.133389
5 0.980664 0.0193358
5 0.660709 0.339291
5 0.999673 0.000326768
5 0.962755 0.0372446
9 4.97465e-07 1
5 0.665388 0.334612
5 0.803247 0.196753
9 1e-07 1
5 0.999508 0.000491501
5 0.998887 0.00111284
9 0.00142167 0.998578
5 0.91546 0.0845397
5 0.860466 0.139534
5 0.671698 0.328302
5 0.904382 0.095618
5 0.91267 0.0873298
5 0.880442 0.119558
5 0.811511 0.188489
5 0.7913 0.2087
9 0.481572 0.518428
5 0.955256 0.0447441
5 0.981805 0.0181948
5 0.999978 2.20205e-05
5 0.919732 0.0802678
5 0.984791 0.0152088
5 0.892098 0.107902
5 0.713324 0.286676
5 0.999885 0.000115411
5 0.829575 0.170425
5 0.960417 0.0395827
5 0.780962 0.219038
5 0.800307 0.199693
5 0.993944 0.00605582
5 0.812836 0.187164
9 0.00164935 0.998351
5 0.982269 0.0177308
5 0.999735 0.000264504
5 0.982795 0.0172054
9 1e-07 1
5 0.999193 0.000807277
9 0.0788313 0.921169
5 0.982432 0.0175679
5 0.995381 0.00461935
5 0.999967 3.34074e-05
5 0.994073 0.00592705
5 0.995457 0.00454251
5 0.99257 0.00742964
9 1e-07 1
9 1e-07 1
9 1.21637e-06 0.999999
9 0.0662084 0.933792
9 0.337344 0.662656
5 0.989779 0.0102215
9 0.00432512 0.995675
9 0.244266 0.755734
9 0.00401489 0.995985
5 0.995373 0.00462692
9 0.103741 0.896259
5 0.993813 0.00618749
5 0.879813 0.120187
5 0.99962 0.000379906
5 0.981064 0.0189363
9 0.0689364 0.931064
5 0.62603 0.37397
5 0.996466 0.00353416
5 0.972028 0.0279717
5 0.992946 0.00705436
9 1.08792e-06 0.999999
9 1e-07 1
5 0.992891 0.00710936
5 0.996742 0.00325776
5 0.997435 0.00256471
5 0.999988 1.16385e-05
5 0.991654 0.00834637
5 0.884108 0.115892
5 0.888996 0.111004
5 0.942496 0.0575036
9 0.0400727 0.959927
9 0.000601884 0.999398
5 0.98952 0.01048
5 0.985512 0.0144881
5 0.736583 0.263417
9 0.000197533 0.999802
5 0.979131 0.0208691
5 0.981019 0.0189808
5 0.996336 0.00366412
9 0.000267139 0.999733
5 0.910784 0.0892159
5 0.999743 0.000256907
9 0.000895899 0.999104
5 0.842336 0.157664
9 0.0189154 0.981085
5 0.9964 0.00359957
5 0.999964 3.64168e-05
5 0.995737 0.00426291
5 0.96506 0.0349401
5 0.99824 0.00176006
5 0.961993 0.0380068
9 0.202875 0.797125
5 0.972471 0.0275291
5 0.999216 0.000783834
5 0.953947 0.0460526
9 1e-07 1
9 1.36324e-06 0.999999
9 1e-07 1
5 0.999345 0.000654503
5 0.985576 0.0144236
5 0.924743 0.0752568
5 0.874598 0.125402
5 0.700052 0.299948
9 1e-07 1
5 0.92203 0.07797
5 0.950148 0.0498519
5 0.990688 0.00931182
5 0.995342 0.00465767
9 0.240452 0.759548
5 0.890473 0.109527
5 0.692392 0.307608
5 0.832985 0.167015
9 1e-07 1
5 0.999936 6.43149e-05
5 0.796956 0.203044
5 0.758698 0.241302
9 0.000475547 0.999524
5 0.846546 0.153454
5 0.73502 0.26498
5 0.988335 0.0116649
5 0.864393 0.135607
5 0.993861 0.00613871
9 1e-07 1
9 1e-07 1
5 0.888371 0.111629
5 0.991452 0.00854809
9 0.282891 0.717109
5 0.832711 0.167289
9 2.21704e-07 1
9 0.408159 0.591841
5 0.998474 0.00152588
5 0.547165 0.452835
5 0.999702 0.000297826
5 0.99863 0.00137037
5 0.998416 0.00158442
5 0.698014 0.301986
9 0.0152995 0.9847
5 0.841398 0.158602
5 0.996651 0.00334853
5 0.814843 0.185157
5 0.999342 0.000658297
5 0.907402 0.0925976
9 4.19962e-05 0.999958
9 0.0112504 0.98875
5 0.993987 0.00601325
5 0.982921 0.0170792
9 0.423814 0.576186
5 0.999399 0.000600681
9 1e-07 1
9 1e-07 1
5 0.999628 0.000372325
5 0.998966 0.00103357
9 0.148748 0.851252
9 1e-07 1
5 0.998382 0.00161828
5 0.995221 0.00477938
5 0.998891 0.00110915
9 1e-07 1
5 0.996441 0.00355915
5 0.741964 0.258036
5 0.999995 4.66366e-06
5 0.948585 0.0514152
5 0.999104 0.000896367
5 0.97099 0.0290096
5 0.894356 0.105644
5 0.999994 5.55594e-06
5 0.84363 0.15637
5 0.996852 0.00314762
9 1.60788e-06 0.999998
5 0.975044 0.0249563
5 0.592468 0.407532
9 0.331406 0.668594
5 0.818808 0.181192
5 0.753568 0.246432
5 0.641974 0.358026
9 1e-07 1
5 0.996851 0.00314873
9 9.87487e-07 0.999999
5 0.912653 0.0873474
5 0.992485 0.00751484
5 0.999971 2.88705e-05
5 0.995477 0.0045229
9 0.0831243 0.916876
5 0.802581 0.197419
5 0.995155 0.00484528
5 0.925905 0.0740948
5 0.776063 0.223937
