labels 0 9
0 0.95963 0.0403696
0 0.985934 0.0140661
0 0.993009 0.0069907
9 9.35292e-07 0.999999
9 3.45601e-05 0.999965
0 0.933562 0.0664376
0 0.853718 0.146282
9 0.00896868 0.991031
9 4.28249e-06 0.999996
9 1.05677e-07 1
9 0.00444286 0.995557
0 0.998598 0.00140237
9 0.13055 0.86945
0 0.998329 0.0016714
9 0.130314 0.869686
9 0.000200718 0.999799
9 0.0425832 0.957417
9 0.000112667 0.999887
0 0.999266 0.000734149
9 0.344985 0.655015
0 0.932796 0.0672039
0 0.995462 0.00453822
0 0.973597 0.0264028
0 0.961186 0.038814
0 0.982166 0.0178342
0 0.997872 0.00212814
0 0.947717 0.0522831
0 0.998809 0.00119127
0 0.671563 0.328437
0 0.924501 0.0754987
9 7.08466e-05 0.999929
9 0.0141943 0.985806
0 0.984433 0.0155672
9 0.000926376 0.999074
9 0.23498 0.76502
9 2.26504e-05 0.999977
0 0.935734 0.0642662
0 0.99788 0.00212014
9 1.984e-07 1
0 0.939647 0.0603528
0 0.991655 0.00834522
9 0.274098 0.725902
0 0.98225 0.0177497
0 0.975804 0.0241958
0 0.999146 0.000853893
0 0.992422 0.00757775
0 0.967132 0.0328683
0 0.992342 0.00765772
0 0.966798 0.0332024
0 0.970289 0.0297115
9 1.3103e-06 0.999999
9 0.00490687 0.995093
9 0.00115883 0.998841
9 0.489111 0.510889
0 0.942955 0.0570452
0 0.957472 0.0425284
0 0.94051 0.0594903
0 0.975033 0.024967
0 0.998962 0.00103755
0 0.996321 0.00367889
0 0.996793 0.00320654
0 0.971872 0.028128
0 0.980228 0.0197724
0 0.881039 0.118961
9 1e-07 1
9 2.08683e-07 1
0 0.951857 0.0481426
0 0.997894 0.00210642
9 7.77007e-06 0.999992
9 0.00146563 0.998534
0 0.9839 0.0161
9 0.0123321 0.987668
0 0.948299 0.0517015
0 0.950385 0.0496151
9 0.181173 0.818827
9 7.04905e-06 0.999993
0 0.985776 0.0142241
0 0.983209 0.0167909
0 0.998471 0.00152917
0 0.988567 0.0114332
0 0.999295 0.000704967
0 0.999136 0.000864428
9 2.86803e-05 0.999971
0 0.949301 0.050699
9 0.228103 0.771897
0 0.952875 0.0471248
0 0.974717 0.0252829
0 0.998961 0.00103854
0 0.980085 0.0199146
0 0.999308 0.000691977
9 1e-07 1
0 0.971509 0.0284913
9 0.213355 0.786645
0 0.941818 0.0581815
0 0.972897 0.0271027
9 3.3486e-06 0.999997
0 0.998486 0.00151412
0 0.946858 0.0531419
0 0.930742 0.0692576
0 0.832266 0.167734
0 0.976496 0.0235043
0 0.969845 0.0301545
9 0.380286 0.619714
0 0.940393 0.0596071
0 0.956578 0.0434216
9 8.42301e-05 0.999916
9 0.000455117 0.999545
0 0.926997 0.073003
9 0.00727628 0.992724
0 0.955271 0.0447293
0 0.957062 0.0429379
9 0.0705835 0.929416
0 0.855182 0.144818
0 0.96968 0.03032
0 0.970462 0.0295382
0 0.965159 0.0348406
0 0.988048 0.0119518
9 0.15228 0.84772
0 0.977254 0.0227463
0 0.970425 0.0295753
0 0.87899 0.12101
0 0.963087 0.0369131
9 0.08313 0.91687
9 0.468077 0.531923
0 0.99749 0.00251008
0 0.953824 0.0461758
0 0.981716 0.0182835
0 0.856044 0.143956
0 0.99855 0.00145031
0 0.969671 0.0303288
0 0.67335 0.32665
9 0.272319 0.727681
0 0.97966 0.02034
0 0.957626 0.0423743
0 0.600219 0.399781
9 0.000147192 0.999853
9 0.449432 0.550568
0 0.998829 0.00117109
9 5.88972e-07 0.999999
9 0.0296986 0.970301
0 0.997542 0.00245781
9 0.00153299 0.998467
0 0.945828 0.0541717
0 0.997782 0.00221812
0 0.965431 0.0345686
0 0.974091 0.0259087
9 0.00483718 0.995163
0 0.586594 0.413406
9 0.140694 0.859306
9 0.276 0.724
0 0.997639 0.00236103
0 0.796017 0.203983
0 0.947555 0.0524447
0 0.887437 0.112563
0 0.962788 0.0372123
0 0.960923 0.0390774
0 0.971668 0.0283322
0 0.763986 0.236014
0 0.981736 0.0182638
9 0.000914575 0.999085
9 0.0164308 0.983569
9 0.0233834 0.976617
9 0.000497452 0.999503
0 0.999034 0.000966194
0 0.865635 0.134365
9 0.264261 0.735739
9 1e-07 1
9 0.000118107 0.999882
0 0.998746 0.00125365
9 5.83041e-07 0.999999
9 0.000198959 0.999801
0 0.95747 0.0425299
0 0.942937 0.0570633
0 0.960106 0.0398938
0 0.994082 0.00591772
0 0.983877 0.0161229
9 0.0103237 0.989676
9 1.1926e-06 0.999999
0 0.983252 0.0167476
0 0.999183 0.000817418
9 0.000253367 0.999747
0 0.953209 0.0467906
0 0.959359 0.040641
0 0.998525 0.00147524
9 0.0584824 0.941518
0 0.965615 0.0343851
0 0.916634 0.083366
0 0.999023 0.000977106
0 0.975257 0.0247434
0 0.918199 0.0818009
0 0.959462 0.0405385
9 0.0480368 0.951963
0 0.851668 0.148332
0 0.981591 0.0184092
0 0.959333 0.0406672
0 0.981467 0.0185332
0 0.998465 0.00153538
9 0.17501 0.82499
0 0.998822 0.00117756
0 0.97308 0.0269204
9 0.0090817 0.990918
0 0.965807 0.0341934
0 0.97528 0.0247196
0 0.919939 0.0800613
0 0.963311 0.0366886
9 3.79887e-05 0.999962
0 0.820168 0.179832
9 0.469204 0.530796
0 0.998556 0.00144385
0 0.847862 0.152138
0 0.935097 0.0649031
0 0.897116 0.102884
0 0.971551 0.0284492
9 0.0328499 0.96715
0 0.866366 0.133634
0 0.956337 0.0436628
9 9.75293e-07 0.999999
0 0.974394 0.0256057
0 0.980191 0.0198092
0 0.799613 0.200387
9 0.290541 0.709459
9 2.87165e-07 1
0 0.956185 0.0438151
0 0.950718 0.0492824
0 0.947824 0.0521758
0 0.986947 0.0130526
0 0.99721 0.00278963
0 0.9116 0.0884002
0 0.870427 0.129573
0 0.938423 0.0615766
0 0.940956 0.0590435
9 1.39251e-07 1
0 0.995447 0.00455258
0 0.95726 0.0427399
0 0.955575 0.0444247
9 0.00789627 0.992104
0 0.985208 0.0147924
0 0.944798 0.0552023
9 0.479454 0.520546
0 0.977552 0.0224477
0 0.941031 0.0589693
0 0.999456 0.000543799
9 7.61489e-06 0.999992
9 0.000815447 0.999185
9 0.00846066 0.991539
0 0.965281 0.0347192
0 0.968612 0.0313883
0 0.963387 0.0366127
9 0.0108802 0.98912
0 0.973052 0.0269484
0 0.903004 0.0969961
9 0.00186052 0.998139
0 0.964118 0.0358815
0 0.970936 0.0290638
0 0.983664 0.0163362
0 0.998719 0.00128138
0 0.950158 0.0498422
0 0.971827 0.0281726
9 0.0828004 0.9172
0 0.925382 0.0746176
9 0.359484 0.640516
0 0.936668 0.0633318
0 0.856783 0.143217
0 0.958514 0.0414862
9 1e-07 1
0 0.998554 0.00144602
9 2.81381e-05 0.999972
0 0.901151 0.0988487
0 0.972866 0.0271339
0 0.998735 0.00126529
0 0.968245 0.0317554
9 0.267247 0.732753
0 0.799929 0.200071
0 0.961405 0.0385946
0 0.962973 0.0370275
0 0.931753 0.068247
0 0.994471 0.00552895
0 0.924456 0.0755439
0 0.971098 0.0289023
9 3.82912e-05 0.999962
0 0.909487 0.0905127
0 0.924788 0.075212
0 0.841524 0.158476
0 0.960328 0.0396718
0 0.998776 0.00122389
0 0.997661 0.00233945
0 0.939898 0.0601019
0 0.99593 0.00407049
9 0.240328 0.759672
0 0.973899 0.0261012
9 0.0231424 0.976858
0 0.876034 0.123966
0 0.998053 0.00194662
0 0.944921 0.0550789
9 0.0942449 0.905755
0 0.997103 0.00289738
0 0.997205 0.00279528
9 1e-07 1
0 0.952976 0.047024
0 0.514501 0.485499
9 9.80079e-05 0.999902
0 0.98353 0.0164697
0 0.966881 0.033119
0 0.998727 0.0012729
0 0.892267 0.107733
9 0.275743 0.724257
0 0.917244 0.0827557
0 0.973359 0.0266408
9 7.18743e-05 0.999928
0 0.64193 0.35807
0 0.969641 0.0303589
0 0.922054 0.0779462
9 0.137305 0.862695
0 0.971908 0.0280923
9 0.0660873 0.933913
0 0.991594 0.00840573
0 0.83764 0.16236
9 0.0256095 0.974391
0 0.994324 0.00567643
0 0.976829 0.023171
9 0.00191381 0.998086
0 0.998802 0.00119764
0 0.976793 0.0232068
9 0.000823995 0.999176
0 0.981934 0.0180663
0 0.962324 0.0376762
0 0.944469 0.0555307
0 0.982632 0.0173678
0 0.96698 0.0330203
0 0.965071 0.0349294
9 0.00241359 0.997586
9 0.273993 0.726007
0 0.96887 0.0311298
0 0.961819 0.0381806
0 0.9935 0.00650037
0 0.979544 0.0204562
9 0.0209164 0.979084
9 6.20319e-05 0.999938
0 0.81173 0.18827
0 0.794151 0.205849
0 0.990932 0.00906821
0 0.678641 0.321359
0 0.998392 0.00160837
0 0.991899 0.00810142
0 0.973818 0.0261824
9 5.50688e-07 0.999999
0 0.744988 0.255012
9 0.148722 0.851278
9 0.00494545 0.995055
0 0.990783 0.00921745
0 0.645105 0.354895
0 0.918508 0.0814924
9 0.0115303 0.98847
9 0.158565 0.841435
0 0.97105 0.0289502
0 0.982019 0.0179811
9 0.190987 0.809013
9 0.000581909 0.999418
9 2.81907e-05 0.999972
0 0.899552 0.100448
9 0.199505 0.800495
0 0.925765 0.0742353
0 0.976953 0.0230473
0 0.959025 0.0409746
9 0.0101462 0.989854
9 0.481741 0.518259
0 0.971469 0.0285308
0 0.966992 0.0330083
0 0.95134 0.0486598
0 0.998692 0.00130757
9 0.422287 0.577713
0 0.999206 0.000793794
9 1.29732e-06 0.999999
0 0.777826 0.222174
0 0.894795 0.105205
0 0.967896 0.0321037
9 0.393641 0.606359
0 0.992448 0.00755196
0 0.994726 0.00527411
9 5.27902e-06 0.999995
0 0.971077 0.0289227
9 0.00757673 0.992423
0 0.986457 0.0135428
0 0.915114 0.0848863
0 0.96859 0.0314101
0 0.978705 0.0212954
0 0.971497 0.0285025
0 0.996974 0.00302581
9 0.000235228 0.999765
0 0.727036 0.272964
0 0.997604 0.00239574
0 0.970481 0.0295193
9 0.000435828 0.999564
9 1e-07 1
9 0.00438793 0.995612
9 0.00881513 0.991185
0 0.949359 0.050641
0 0.97843 0.0215702
0 0.964045 0.0359552
0 0.942993 0.0570073
0 0.925699 0.0743011
0 0.995891 0.00410901
9 0.000260059 0.99974
9 0.000566844 0.999433
9 0.313846 0.686154
9 0.0767105 0.923289
9 2.11317e-07 1
0 0.902451 0.0975489
9 0.424199 0.575801
9 0.202219 0.797781
0 0.944989 0.0550109
9 0.070087 0.929913
0 0.956649 0.0433515
0 0.836554 0.163446
9 0.00215161 0.997848
9 8.39704e-07 0.999999
0 0.998 0.00199964
0 0.972257 0.0277429
0 0.740256 0.259744
9 5.0476e-06 0.999995
9 0.498799 0.501201
0 0.727971 0.272029
0 0.992201 0.00779864
9 0.00778529 0.992215
0 0.970591 0.0294093
9 0.000297882 0.999702
0 0.997602 0.00239836
0 0.985365 0.014635
9 0.0684768 0.931523
0 0.998452 0.00154773
0 0.927652 0.0723479
9 0.0380358 0.961964
9 0.44301 0.55699
9 0.000217564 0.999782
0 0.99381 0.00619002
9 0.00871799 0.991282
0 0.955715 0.044285
0 0.985792 0.0142084
0 0.980322 0.0196782
0 0.997489 0.00251092
0 0.648645 0.351355
9 0.00136057 0.998639
9 0.00386986 0.99613
0 0.959203 0.0407971
0 0.972128 0.0278715
0 0.963185 0.0368148
0 0.962075 0.0379254
9 6.68898e-05 0.999933
9 0.105899 0.894101
0 0.949409 0.050591
9 0.25041 0.74959
0 0.996067 0.00393262
9 0.0303727 0.969627
0 0.987984 0.0120155
0 0.890838 0.109162
0 0.799703 0.200297
0 0.998464 0.00153583
0 0.969315 0.0306846
9 0.111481 0.888519
9 0.000304875 0.999695
0 0.998482 0.00151778
9 0.000701621 0.999298
9 3.17882e-06 0.999997
0 0.96768 0.0323202
0 0.891355 0.108645
0 0.983249 0.0167514
9 1e-07 1
0 0.998687 0.00131272
0 0.915941 0.084059
0 0.991661 0.00833856
0 0.970362 0.0296376
0 0.907045 0.0929549
9 0.0755339 0.924466
9 0.0153836 0.984616
0 0.937645 0.0623555
0 0.992755 0.00724451
0 0.871325 0.128675
9 0.235542 0.764458
0 0.950743 0.0492569
9 0.0667349 0.933265
0 0.966838 0.0331623
0 0.918011 0.0819886
0 0.938929 0.0610711
0 0.900014 0.0999861
9 0.0861926 0.913807
9 0.124914 0.875086
0 0.997454 0.0025459
0 0.506597 0.493403
9 0.0539999 0.946
9 2.04245e-05 0.99998
9 8.81542e-07 0.999999
9 0.0167358 0.983264
9 0.0102569 0.989743
0 0.978775 0.0212252
9 0.102971 0.897029
0 0.920808 0.0791919
9 0.000413117 0.999587
9 0.0222871 0.977713
9 0.000682701 0.999317
0 0.965628 0.0343718
9 0.00451927 0.995481
9 1.29397e-06 0.999999
9 0.0094884 0.990512
0 0.880344 0.119656
0 0.738047 0.261953
0 0.939927 0.0600735
0 0.934004 0.0659961
0 0.982981 0.0170192
9 0.000151364 0.999849
0 0.998669 0.00133149
0 0.777926 0.222074
9 0.142647 0.857353
9 1.41053e-05 0.999986
0 0.978453 0.0215474
0 0.919157 0.0808433
0 0.935675 0.0643251
0 0.904362 0.0956384
0 0.997982 0.00201816
9 3.40238e-06 0.999997
0 0.981971 0.0180293
0 0.996995 0.0030053
0 0.998936 0.00106375
9 1.77071e-07 1
0 0.933043 0.0669566
0 0.928715 0.0712853
0 0.967341 0.0326593
0 0.998912 0.00108801
9 2.50521e-05 0.999975
9 0.00682386 0.993176
0 0.898666 0.101334
0 0.961208 0.0387925
0 0.97405 0.0259504
0 0.946904 0.0530962
9 0.000264193 0.999736
9 4.76852e-05 0.999952
0 0.964589 0.0354113
0 0.98287 0.0171295
0 0.998905 0.00109536
0 0.999708 0.00029225
9 5.57555e-06 0.999994
0 0.687902 0.312098
9 0.384951 0.615049
0 0.980044 0.0199558
0 0.511849 0.488151
9 0.00757785 0.992422
0 0.976132 0.023868
0 0.975692 0.0243078
9 4.78515e-05 0.999952
0 0.998201 0.00179863
9 0.0119892 0.988011
0 0.964037 0.0359629
0 0.999478 0.00052188
0 0.954728 0.0452718
0 0.915222 0.0847776
0 0.964954 0.0350464
9 4.46006e-06 0.999996
0 0.968121 0.0318794
0 0.966081 0.0339192
0 0.997326 0.00267351
0 0.804792 0.195208
0 0.941062 0.0589384
0 0.902817 0.0971827
0 0.999537 0.000462835
0 0.960448 0.039552
9 1.89134e-07 1
0 0.981552 0.0184485
0 0.662797 0.337203
9 0.0985538 0.901446
9 0.00306547 0.996935
9 1e-07 1
9 0.055207 0.944793
0 0.985187 0.0148134
0 0.886436 0.113564
0 0.957817 0.0421832
0 0.961955 0.0380452
9 0.135935 0.864065
9 0.150885 0.849115
0 0.949399 0.0506015
0 0.705226 0.294774
9 0.000612494 0.999388
0 0.930042 0.0699577
9 0.00555428 0.994446
9 1e-07 1
0 0.980422 0.0195783
0 0.998675 0.00132509
0 0.914225 0.0857753
0 0.998156 0.00184435
0 0.992399 0.00760067
0 0.969477 0.0305225
0 0.854526 0.145474
9 0.00548973 0.99451
9 0.00186259 0.998137
0 0.949711 0.0502893
0 0.997855 0.00214505
9 2.7162e-05 0.999973
0 0.997481 0.00251855
9 3.9351e-05 0.999961
0 0.984768 0.0152323
0 0.988305 0.0116951
9 0.0522441 0.947756
0 0.994243 0.0057568
0 0.967016 0.0329845
0 0.990027 0.00997284
0 0.748705 0.251295
0 0.643499 0.356501
9 0.0164893 0.983511
9 0.00697275 0.993027
9 0.000315452 0.999685
0 0.875205 0.124795
0 0.879839 0.120161
0 0.955929 0.0440707
0 0.964955 0.035045
0 0.944823 0.0551774
0 0.988483 0.0115169
0 0.998715 0.00128539
0 0.906509 0.0934912
0 0.949669 0.0503314
9 0.0327618 0.967238
0 0.999819 0.000180862
9 0.000113958 0.999886
0 0.998531 0.0014687
9 8.34742e-07 0.999999
0 0.995761 0.00423856
0 0.99867 0.00133004
0 0.939846 0.0601541
0 0.969261 0.0307394
0 0.993594 0.00640617
0 0.991137 0.00886271
0 0.875931 0.124069
0 0.900815 0.0991854
9 0.000593605 0.999406
0 0.998931 0.001069
9 2.17558e-06 0.999998
0 0.998057 0.00194302
0 0.961919 0.0380814
0 0.984548 0.0154518
0 0.999745 0.000255058
0 0.892807 0.107193
0 0.9502 0.0498
0 0.96068 0.0393196
0 0.966329 0.0336713
0 0.936811 0.0631893
0 0.931099 0.0689008
9 0.101565 0.898435
9 0.0293024 0.970698
0 0.752759 0.247241
9 0.360921 0.639079
0 0.968541 0.0314593
9 0.0275708 0.972429
0 0.943238 0.0567621
0 0.981042 0.0189585
0 0.970619 0.029381
0 0.999205 0.000795084
0 0.975502 0.0244981
9 0.20101 0.79899
9 0.000418355 0.999582
9 0.237591 0.762409
0 0.891902 0.108098
0 0.992422 0.00757782
0 0.832012 0.167988
0 0.991832 0.00816832
0 0.589691 0.410309
0 0.973083 0.0269174
9 0.120509 0.879491
0 0.999598 0.000402241
0 0.997683 0.00231729
0 0.913596 0.0864041
0 0.968014 0.0319862
0 0.972602 0.0273979
0 0.93518 0.0648198
0 0.946549 0.0534505
0 0.961124 0.0388763
0 0.99803 0.00197016
0 0.975706 0.0242944
0 0.968243 0.0317566
0 0.95016 0.0498398
0 0.99806 0.00194043
0 0.949258 0.0507421
0 0.981921 0.0180793
0 0.993186 0.00681381
0 0.968903 0.0310968
9 0.0305063 0.969494
0 0.913131 0.0868693
0 0.789912 0.210088
0 0.870339 0.129661
0 0.926091 0.0739087
9 3.65446e-05 0.999963
9 0.00290744 0.997093
0 0.956068 0.0439324
0 0.539985 0.460015
9 0.0325003 0.9675
0 0.798262 0.201738
0 0.885999 0.114001
0 0.970557 0.0294433
0 0.98848 0.0115205
0 0.571061 0.428939
0 0.971772 0.0282276
9 0.0120763 0.987924
0 0.951179 0.0488211
9 0.00959342 0.990407
9 0.110195 0.889805
0 0.981896 0.0181036
0 0.934435 0.0655649
0 0.565972 0.434028
0 0.982463 0.0175372
0 0.998814 0.00118633
9 0.000591935 0.999408
9 0.0428532 0.957147
0 0.983184 0.0168155
0 0.878257 0.121743
0 0.997373 0.00262688
0 0.98235 0.0176496
0 0.98618 0.0138204
0 0.97438 0.02562
0 0.980318 0.0196823
0 0.860429 0.139571
0 0.894913 0.105087
9 0.000291439 0.999709
0 0.998752 0.00124821
9 0.00177761 0.998222
9 0.00502105 0.994979
0 0.998425 0.0015755
9 0.018181 0.981819
0 0.956081 0.0439191
9 1e-07 1
0 0.93338 0.0666201
0 0.99521 0.00478997
0 0.957886 0.0421137
0 0.969468 0.0305318
0 0.981252 0.0187476
0 0.961239 0.0387606
0 0.964945 0.0350554
0 0.96586 0.0341401
9 2.92108e-07 1
9 0.0616128 0.938387
9 0.442862 0.557138
0 0.971782 0.0282177
0 0.998523 0.0014771
0 0.936092 0.0639083
0 0.975091 0.0249088
0 0.987909 0.0120912
9 0.437565 0.562435
9 0.00100606 0.998994
0 0.937888 0.0621121
0 0.998853 0.00114672
0 0.898032 0.101968
0 0.644509 0.355491
9 0.00711669 0.992883
0 0.947761 0.0522395
9 0.113161 0.886839
0 0.947647 0.0523531
0 0.960645 0.0393552
9 0.00303561 0.996964
0 0.969557 0.0304426
0 0.860669 0.139331
0 0.932833 0.0671666
9 0.160745 0.839255
0 0.980638 0.019362
0 0.95113 0.0488696
0 0.835589 0.164411
9 0.1265 0.8735
0 0.97996 0.0200399
9 0.00132273 0.998677
0 0.98596 0.0140403
0 0.939327 0.0606731
0 0.876013 0.123987
9 0.0438864 0.956114
0 0.982677 0.0173232
0 0.984622 0.0153782
9 0.00694928 0.993051
0 0.963407 0.0365927
9 8.97918e-05 0.99991
0 0.998849 0.00115145
9 0.000991282 0.999009
0 0.943275 0.0567253
0 0.954856 0.0451435
0 0.968238 0.0317621
0 0.964103 0.0358966
9 0.00345695 0.996543
9 0.0143266 0.985673
0 0.90335 0.0966496
0 0.99866 0.00134002
0 0.99378 0.00622004
0 0.949494 0.0505061
9 0.144015 0.855985
0 0.968717 0.031283
0 0.980722 0.0192784
9 0.32793 0.67207
0 0.998497 0.00150316
9 0.076043 0.923957
0 0.968289 0.0317107
0 0.955053 0.0449468
0 0.970428 0.0295724
0 0.955544 0.0444561
0 0.940798 0.0592025
0 0.960886 0.039114
9 0.43377 0.56623
0 0.967958 0.032042
0 0.992544 0.00745648
0 0.980982 0.0190178
9 0.00492534 0.995075
9 1e-07 1
0 0.972938 0.0270615
0 0.985524 0.0144758
0 0.92393 0.0760705
0 0.897864 0.102136
0 0.81951 0.18049
9 0.0210969 0.978903
9 0.0144783 0.985522
0 0.98442 0.0155803
9 0.00827068 0.991729
0 0.943379 0.0566206
9 0.153495 0.846505
9 0.246338 0.753662
0 0.611509 0.388491
0 0.98235 0.0176504
0 0.985829 0.0141711
9 0.0227258 0.977274
9 2.12937e-07 1
0 0.994077 0.00592335
0 0.950497 0.0495031
0 0.979713 0.0202867
0 0.947476 0.0525241
0 0.999361 0.000638636
9 1.63205e-05 0.999984
9 0.481794 0.518206
9 0.035087 0.964913
0 0.937426 0.0625739
0 0.983358 0.0166419
9 3.66074e-05 0.999963
0 0.967954 0.032046
9 0.00133396 0.998666
0 0.9582 0.0417995
9 0.0395978 0.960402
0 0.962821 0.0371788
0 0.965533 0.0344668
0 0.998963 0.00103688
9 0.139006 0.860994
0 0.972254 0.027746
0 0.952303 0.047697
0 0.998873 0.00112668
0 0.992859 0.00714072
9 5.23441e-06 0.999995
0 0.982899 0.0171011
9 0.0824588 0.917541
0 0.903367 0.0966327
9 0.214567 0.785433
9 5.55688e-06 0.999994
9 0.00178054 0.998219
0 0.941091 0.0589092
9 1.29773e-05 0.999987
0 0.973413 0.0265871
9 0.0567169 0.943283
0 0.999054 0.000945931
9 0.00618792 0.993812
0 0.998748 0.00125161
0 0.997587 0.00241276
0 0.97005 0.0299501
0 0.96924 0.0307601
9 0.0133994 0.986601
9 1e-07 1
0 0.957777 0.0422225
0 0.96244 0.03756
0 0.950087 0.0499126
0 0.966676 0.0333242
0 0.998952 0.00104844
0 0.973649 0.0263513
0 0.870261 0.129739
0 0.981432 0.0185685
9 0.126098 0.873902
9 0.0625067 0.937493
9 1.15366e-05 0.999988
9 0.00713826 0.992862
9 0.000187494 0.999813
9 2.19176e-05 0.999978
0 0.680388 0.319612
0 0.97887 0.02113
0 0.970078 0.0299219
0 0.965918 0.0340816
0 0.960175 0.0398245
9 1.13384e-06 0.999999
9 0.0165305 0.98347
9 1.04456e-07 1
0 0.982282 0.0177185
9 0.00713746 0.992863
0 0.999641 0.00035936
0 0.950628 0.0493716
9 4.40556e-06 0.999996
9 0.23208 0.76792
0 0.927671 0.0723285
0 0.945099 0.0549011
0 0.949051 0.0509486
9 3.65915e-05 0.999963
0 0.967805 0.0321945
0 0.994515 0.00548521
0 0.963333 0.036667
0 0.881567 0.118433
9 0.137496 0.862504
9 0.00226655 0.997733
0 0.953426 0.0465736
0 0.994604 0.00539582
9 0.411417 0.588583
9 0.316444 0.683556
9 0.0205415 0.979458
9 0.0696071 0.930393
0 0.926614 0.0733864
9 0.108 0.892
0 0.88963 0.11037
0 0.980782 0.0192182
0 0.97143 0.0285701
0 0.971269 0.0287307
9 0.0126561 0.987344
0 0.995794 0.00420559
0 0.89773 0.10227
9 0.00248638 0.997514
9 0.0234731 0.976527
9 0.0725013 0.927499
0 0.952071 0.0479295
0 0.99826 0.00174026
0 0.902256 0.0977445
0 0.947229 0.0527706
0 0.991484 0.00851578
0 0.999101 0.000899187
0 0.949535 0.0504648
0 0.99526 0.0047399
0 0.993853 0.00614685
0 0.99808 0.0019201
9 0.0278767 0.972123
9 0.0193558 0.980644
0 0.857483 0.142517
9 0.286971 0.713029
0 0.998857 0.00114252
0 0.927021 0.0729791
0 0.952009 0.0479911
9 0.00829116 0.991709
9 3.01762e-06 0.999997
9 0.111879 0.888121
9 0.00824083 0.991759
9 0.265204 0.734796
0 0.969378 0.0306221
0 0.985929 0.0140709
9 3.81177e-05 0.999962
0 0.789005 0.210995
9 0.275733 0.724267
0 0.733759 0.266241
0 0.974543 0.0254574
0 0.99519 0.00480975
9 0.00350416 0.996496
9 0.0187943 0.981206
0 0.944648 0.0553518
0 0.989047 0.0109531
0 0.594153 0.405847
9 1e-07 1
0 0.963778 0.036222
0 0.997482 0.00251763
9 0.00207242 0.997928
0 0.913168 0.0868323
0 0.970821 0.0291792
9 0.0745422 0.925458
0 0.996565 0.00343457
0 0.932402 0.0675983
0 0.798324 0.201676
9 0.442872 0.557128
9 0.000232066 0.999768
0 0.958602 0.0413984
0 0.975297 0.0247029
0 0.984765 0.015235
0 0.93823 0.0617703
0 0.970705 0.0292946
9 1e-07 1
0 0.902996 0.097004
0 0.969874 0.0301256
0 0.889658 0.110342
0 0.967604 0.032396
9 1e-07 1
0 0.942553 0.0574471
0 0.982919 0.0170808
0 0.96679 0.03321
9 0.0015911 0.998409
0 0.692016 0.307984
0 0.993479 0.00652121
9 0.23295 0.76705
0 0.998484 0.00151573
0 0.965008 0.0349924
0 0.948972 0.0510275
9 0.164794 0.835206
0 0.99699 0.00301028
0 0.965292 0.0347083
9 0.000764867 0.999235
0 0.964444 0.0355564
0 0.927163 0.0728367
9 1e-07 1
0 0.999317 0.000682833
0 0.980903 0.0190969
0 0.981885 0.0181148
0 0.985638 0.0143625
9 0.00804895 0.991951
0 0.613234 0.386766
0 0.938615 0.0613846
0 0.887384 0.112616
9 0.000667752 0.999332
0 0.94163 0.0583704
0 0.948603 0.0513969
0 0.96702 0.0329803
9 0.0162273 0.983773
0 0.988865 0.0111346
9 0.145703 0.854297
0 0.995414 0.0045856
0 0.99926 0.000740128
0 0.947779 0.0522211
0 0.972682 0.0273185
9 9.22819e-06 0.999991
9 1e-07 1
9 0.0222089 0.977791
9 0.266883 0.733117
9 0.0018401 0.99816
0 0.998062 0.00193828
9 3.04041e-06 0.999997
0 0.94932 0.0506804
0 0.998164 0.00183553
0 0.983414 0.0165862
0 0.999372 0.0006284
0 0.999279 0.000720722
0 0.982716 0.017284
0 0.860872 0.139128
9 0.0469177 0.953082
0 0.930302 0.0696978
0 0.980591 0.0194089
0 0.98071 0.0192896
9 8.47375e-06 0.999992
9 0.00925557 0.990744
0 0.961934 0.0380659
0 0.962866 0.0371335
9 0.00631549 0.993685
9 1.78494e-06 0.999998
0 0.978939 0.0210614
0 0.966617 0.0333826
0 0.917684 0.0823159
0 0.966852 0.0331477
9 0.00312235 0.996878
9 0.00168758 0.998312
0 0.998435 0.00156505
0 0.976332 0.0236681
0 0.97821 0.02179
9 0.493086 0.506914
0 0.972153 0.0278467
0 0.886564 0.113436
9 0.193898 0.806102
9 1e-07 1
0 0.8406 0.1594
0 0.535214 0.464786
9 0.000356011 0.999644
0 0.958254 0.0417463
0 0.9488 0.0512001
0 0.997942 0.00205845
0 0.955885 0.044115
9 1e-07 1
9 0.0259233 0.974077
9 9.55368e-05 0.999904
0 0.981706 0.0182944
9 8.76306e-05 0.999912
0 0.935393 0.0646075
9 0.00656681 0.993433
0 0.997922 0.00207769
0 0.840058 0.159942
0 0.999073 0.000927431
0 0.999488 0.000512461
9 1.6174e-06 0.999998
0 0.583962 0.416038
0 0.995954 0.00404591
0 0.932474 0.067526
9 0.0238258 0.976174
0 0.997128 0.0028717
0 0.998578 0.0014219
9 0.000183799 0.999816
0 0.997023 0.00297677
9 4.18601e-06 0.999996
0 0.942108 0.0578922
0 0.894245 0.105755
9 0.212343 0.787657
9 0.0487475 0.951253
9 1.84431e-05 0.999982
0 0.963069 0.0369309
0 0.997728 0.00227165
9 0.00108213 0.998918
9 0.0010763 0.998924
0 0.972148 0.0278517
9 0.220902 0.779098
9 1e-07 1
9 0.0399836 0.960016
0 0.955604 0.0443964
0 0.936215 0.0637846
0 0.980013 0.0199866
9 0.0063426 0.993657
0 0.966897 0.0331032
0 0.926684 0.0733163
0 0.967105 0.0328951
9 0.0829614 0.917039
0 0.618546 0.381454
0 0.971276 0.0287243
0 0.947942 0.0520575
9 0.0137943 0.986206
0 0.956229 0.0437711
0 0.961623 0.0383772
0 0.996185 0.00381504
9 0.39762 0.60238
0 0.543051 0.456949
0 0.998508 0.0014917
0 0.97553 0.0244699
0 0.859675 0.140325
9 8.76708e-07 0.999999
0 0.982919 0.0170813
0 0.999093 0.000906848
9 0.000190659 0.999809
9 0.000404927 0.999595
0 0.948712 0.0512879
0 0.963008 0.0369923
0 0.851106 0.148894
0 0.903806 0.0961938
9 0.189993 0.810007
9 4.44494e-05 0.999956
0 0.691589 0.308411
0 0.966144 0.0338565
0 0.601128 0.398872
0 0.993977 0.00602349
0 0.818887 0.181113
9 8.71608e-05 0.999913
0 0.909675 0.0903245
9 0.0103219 0.989678
0 0.963705 0.0362946
9 0.00109727 0.998903
9 0.00306277 0.996937
9 0.00012302 0.999877
0 0.961339 0.0386605
0 0.98173 0.0182701
9 9.33215e-07 0.999999
9 0.0119844 0.988016
9 0.0198498 0.98015
0 0.981879 0.0181212
0 0.985294 0.0147057
9 0.385391 0.614609
0 0.871378 0.128622
0 0.947643 0.0523575
9 0.00743846 0.992562
0 0.963477 0.0365226
0 0.985628 0.0143724
0 0.957282 0.042718
0 0.920167 0.0798328
0 0.965784 0.0342159
0 0.979496 0.0205044
9 0.000970554 0.999029
0 0.810765 0.189235
0 0.970377 0.0296232
0 0.997875 0.00212515
0 0.991231 0.00876937
0 0.950301 0.0496988
0 0.809448 0.190552
9 0.0212943 0.978706
0 0.939301 0.0606991
0 0.999516 0.000483762
0 0.908901 0.0910986
0 0.942659 0.0573415
9 0.0202144 0.979786
9 0.000640822 0.999359
9 2.49971e-05 0.999975
9 0.00233566 0.997664
0 0.972303 0.0276974
0 0.986512 0.0134881
0 0.948574 0.0514257
0 0.970843 0.0291568
0 0.983976 0.0160242
0 0.983723 0.0162774
0 0.970412 0.0295878
0 0.69057 0.30943
0 0.598601 0.401399
0 0.999043 0.00095726
9 0.00015942 0.999841
0 0.971759 0.028241
0 0.961869 0.0381306
0 0.958447 0.0415531
9 0.348385 0.651615
0 0.97043 0.02957
0 0.970922 0.029078
0 0.974797 0.0252031
0 0.960221 0.039779
0 0.95935 0.0406503
9 0.000689154 0.999311
0 0.998063 0.00193735
0 0.946498 0.053502
0 0.767578 0.232422
0 0.97041 0.02959
0 0.943756 0.0562441
0 0.562659 0.437341
9 0.0522104 0.94779
0 0.970225 0.0297748
0 0.968085 0.0319147
0 0.952477 0.0475233
9 0.00140319 0.998597
0 0.573562 0.426438
0 0.997052 0.00294812
0 0.961251 0.0387491
9 0.44829 0.55171
0 0.961835 0.0381654
0 0.951036 0.0489643
9 0.00644857 0.993551
0 0.663958 0.336042
0 0.998283 0.00171671
9 8.07416e-05 0.999919
0 0.593247 0.406753
0 0.973315 0.0266846
0 0.944733 0.0552667
0 0.97961 0.0203902
0 0.814649 0.185351
0 0.96763 0.0323704
0 0.966083 0.0339165
0 0.542829 0.457171
9 0.000881961 0.999118
0 0.963823 0.036177
0 0.942449 0.0575511
0 0.654988 0.345012
0 0.995366 0.00463389
0 0.968813 0.0311873
0 0.841186 0.158814
0 0.99834 0.00166038
9 0.453564 0.546436
0 0.975105 0.0248949
0 0.967534 0.0324662
9 0.013451 0.986549
0 0.956401 0.0435991
9 1e-07 1
9 0.0486467 0.951353
9 0.0221601 0.97784
0 0.771507 0.228493
0 0.961504 0.0384956
0 0.997831 0.0021686
9 0.00339569 0.996604
0 0.97179 0.0282095
0 0.981752 0.018248
0 0.979389 0.0206109
9 0.000698743 0.999301
0 0.948337 0.0516634
0 0.944288 0.0557116
0 0.924472 0.0755279
0 0.965736 0.0342641
0 0.992576 0.00742396
0 0.997268 0.00273203
0 0.962374 0.0376262
0 0.981766 0.0182335
0 0.999569 0.000431284
0 0.99965 0.000350416
9 8.93793e-07 0.999999
0 0.978945 0.0210546
0 0.95047 0.04953
0 0.998132 0.00186788
0 0.972442 0.0275575
0 0.906547 0.0934529
0 0.70786 0.29214
0 0.962808 0.0371924
9 9.3326e-05 0.999907
0 0.909539 0.0904606
9 4.34645e-06 0.999996
0 0.974708 0.0252916
0 0.963487 0.0365127
9 0.00609824 0.993902
0 0.965516 0.0344838
9 0.000132804 0.999867
0 0.962306 0.0376936
9 0.0555456 0.944454
9 0.0823964 0.917604
9 0.0531911 0.946809
0 0.97268 0.0273196
0 0.992123 0.00787742
9 0.0247665 0.975233
0 0.999585 0.000415285
9 0.00556026 0.99444
9 0.158072 0.841928
0 0.756655 0.243345
0 0.931162 0.068838
9 0.044365 0.955635
9 0.0203233 0.979677
9 0.463359 0.536641
0 0.928496 0.0715036
9 0.0323349 0.967665
0 0.999284 0.000716055
0 0.981307 0.0186935
0 0.963225 0.0367749
0 0.998961 0.00103858
0 0.945521 0.0544791
0 0.998871 0.00112854
0 0.964782 0.0352183
0 0.941694 0.0583061
9 0.097455 0.902545
0 0.919807 0.0801935
0 0.978762 0.0212383
0 0.975201 0.0247995
0 0.837571 0.162429
0 0.989239 0.010761
0 0.967999 0.0320013
0 0.998517 0.00148289
0 0.924945 0.0750554
9 0.00393322 0.996067
0 0.956973 0.0430275
0 0.964504 0.0354962
0 0.951302 0.048698
9 1.50073e-06 0.999998
0 0.96103 0.03897
0 0.696856 0.303144
9 1.65976e-07 1
0 0.988911 0.0110893
9 0.142963 0.857037
0 0.999203 0.000797402
0 0.819456 0.180544
9 0.378074 0.621926
9 1.66824e-05 0.999983
0 0.989847 0.0101534
9 0.138991 0.861009
0 0.979337 0.0206633
0 0.871773 0.128227
0 0.961483 0.0385174
0 0.984533 0.0154672
0 0.978352 0.0216482
0 0.999183 0.000817315
9 5.72187e-07 0.999999
0 0.961687 0.0383125
0 0.997375 0.00262509
0 0.982851 0.017149
9 0.0927746 0.907225
0 0.945945 0.0540553
0 0.952699 0.0473008
0 0.901872 0.098128
9 0.0339072 0.966093
0 0.965704 0.0342958
0 0.983645 0.0163548
0 0.998468 0.00153194
9 1.40658e-06 0.999999
0 0.593538 0.406462
0 0.956881 0.043119
0 0.867877 0.132123
9 0.00331196 0.996688
9 0.0144606 0.985539
0 0.979231 0.0207687
0 0.971062 0.0289379
0 0.938739 0.061261
9 4.73102e-05 0.999953
0 0.846831 0.153169
9 0.447181 0.552819
9 2.09633e-07 1
0 0.893741 0.106259
0 0.992351 0.00764866
0 0.933523 0.066477
0 0.95614 0.0438604
9 0.132219 0.867781
9 0.205887 0.794113
9 0.00290507 0.997095
9 0.000267247 0.999733
0 0.603631 0.396369
0 0.688557 0.311443
0 0.943311 0.0566885
9 0.218931 0.781069
9 0.00236593 0.997634
0 0.998366 0.00163444
0 0.953757 0.0462432
0 0.998209 0.0017906
0 0.983022 0.0169783
0 0.948069 0.0519306
9 3.24989e-05 0.999968
0 0.929064 0.070936
0 0.968429 0.0315715
9 0.0134548 0.986545
0 0.999752 0.000248453
9 0.255577 0.744423
0 0.91948 0.0805203
9 0.0221579 0.977842
9 0.000184109 0.999816
0 0.999278 0.000722168
9 0.0361377 0.963862
0 0.970257 0.0297426
9 1.62857e-05 0.999984
9 0.000298349 0.999702
0 0.952349 0.0476508
0 0.904147 0.0958531
0 0.989184 0.0108164
0 0.971351 0.0286487
0 0.999391 0.000609353
0 0.94415 0.0558495
0 0.97058 0.0294199
0 0.997773 0.00222689
0 0.861288 0.138712
9 0.000255324 0.999745
0 0.945587 0.0544126
9 0.360612 0.639388
0 0.893762 0.106238
0 0.998383 0.00161664
0 0.980957 0.0190429
0 0.992259 0.0077413
0 0.962364 0.0376356
0 0.963893 0.0361066
0 0.950381 0.0496191
9 0.266991 0.733009
0 0.971464 0.0285359
9 0.10701 0.89299
0 0.578205 0.421795
9 0.0445282 0.955472
0 0.999619 0.000380854
0 0.950216 0.0497844
0 0.961416 0.0385837
0 0.946139 0.0538613
9 0.00150656 0.998493
9 0.34645 0.65355
0 0.996044 0.00395553
9 0.0589957 0.941004
0 0.513927 0.486073
0 0.991658 0.00834155
0 0.945534 0.0544659
9 6.63711e-05 0.999934
9 0.0983337 0.901666
0 0.985223 0.014777
0 0.706654 0.293346
9 2.41814e-06 0.999998
9 0.0642358 0.935764
0 0.905749 0.0942513
0 0.970503 0.0294974
9 0.00102576 0.998974
0 0.962049 0.0379509
0 0.998156 0.00184362
0 0.766273 0.233727
0 0.847504 0.152496
0 0.948806 0.0511938
0 0.960842 0.0391582
9 0.0774305 0.92257
9 7.26889e-05 0.999927
0 0.948636 0.0513635
0 0.998778 0.00122191
0 0.995163 0.004837
9 0.100162 0.899838
0 0.996764 0.00323618
9 0.298483 0.701517
0 0.998706 0.00129362
0 0.955395 0.0446048
0 0.996843 0.00315705
0 0.967607 0.032393
0 0.935963 0.0640367
9 0.256654 0.743346
0 0.973109 0.0268907
9 0.0167161 0.983284
0 0.997785 0.0022151
0 0.999143 0.000857064
0 0.997577 0.00242256
9 0.361316 0.638684
9 8.17638e-06 0.999992
9 5.79331e-07 0.999999
0 0.966833 0.0331675
0 0.629474 0.370526
0 0.965427 0.0345728
0 0.975626 0.0243744
9 0.00404196 0.995958
9 0.00591039 0.99409
0 0.99892 0.00108006
0 0.998606 0.00139447
0 0.961932 0.0380682
9 0.397043 0.602957
9 2.65244e-05 0.999973
9 8.63235e-07 0.999999
9 0.0124074 0.987593
9 0.000112952 0.999887
0 0.957212 0.0427878
0 0.936266 0.0637338
0 0.99955 0.000449594
9 0.000687663 0.999312
0 0.899429 0.100571
0 0.971265 0.0287354
0 0.952649 0.0473508
0 0.91152 0.0884797
0 0.957184 0.0428163
0 0.930841 0.069159
0 0.959572 0.0404281
9 1e-07 1
9 1e-07 1
0 0.982472 0.0175285
9 0.235632 0.764368
0 0.975982 0.0240184
0 0.998619 0.00138076
0 0.921967 0.0780326
9 3.64793e-07 1
9 0.00034172 0.999658
9 0.0152514 0.984749
9 0.398415 0.601585
9 0.0418828 0.958117
0 0.992743 0.00725706
9 0.276692 0.723308
0 0.974499 0.0255012
0 0.968055 0.0319447
0 0.951183 0.0488169
0 0.991493 0.0085071
0 0.969195 0.0308045
0 0.997262 0.00273808
0 0.998645 0.00135546
0 0.998171 0.00182922
9 0.00735016 0.99265
0 0.955989 0.0440115
9 0.000634097 0.999366
0 0.960545 0.0394546
0 0.998143 0.00185726
0 0.879793 0.120207
9 0.188135 0.811865
0 0.900301 0.0996993
9 0.00060118 0.999399
9 2.30259e-05 0.999977
9 0.361793 0.638207
0 0.911475 0.0885251
0 0.952104 0.0478957
0 0.985343 0.0146569
0 0.900313 0.099687
0 0.937631 0.0623686
9 0.113942 0.886058
9 2.31169e-07 1
9 1.73364e-06 0.999998
9 0.0173371 0.982663
0 0.996786 0.00321436
0 0.962549 0.0374512
0 0.887999 0.112001
0 0.952109 0.0478914
0 0.960776 0.0392237
9 0.0141678 0.985832
0 0.959108 0.0408923
0 0.997017 0.00298338
9 0.00802256 0.991977
0 0.976759 0.0232406
0 0.989091 0.0109093
0 0.970357 0.0296427
0 0.878009 0.121991
0 0.947017 0.0529832
9 0.149937 0.850063
0 0.968577 0.0314228
9 0.00855323 0.991447
0 0.956111 0.0438886
0 0.941138 0.0588616
9 0.0272231 0.972777
0 0.969909 0.0300907
0 0.972657 0.0273431
9 0.00465255 0.995347
9 2.62043e-05 0.999974
9 5.26523e-06 0.999995
9 3.16622e-05 0.999968
9 0.00168607 0.998314
0 0.982005 0.017995
0 0.96984 0.0301599
0 0.970414 0.0295856
0 0.968569 0.0314313
0 0.966198 0.0338015
9 4.12962e-06 0.999996
9 0.34875 0.65125
0 0.997111 0.00288942
0 0.845938 0.154062
9 0.0351343 0.964866
0 0.993633 0.00636704
0 0.9494 0.0505995
9 0.000237779 0.999762
9 0.0318101 0.96819
9 0.000982943 0.999017
9 0.356633 0.643367
0 0.991235 0.0087645
9 0.0338873 0.966113
0 0.955959 0.0440415
0 0.966696 0.0333037
9 0.0129424 0.987058
0 0.954326 0.0456743
9 3.5511e-07 1
0 0.978758 0.0212424
9 0.0973304 0.90267
0 0.905219 0.0947807
0 0.918396 0.081604
0 0.597164 0.402836
0 0.984742 0.0152583
9 0.0426693 0.957331
0 0.953532 0.0464676
9 0.225016 0.774984
0 0.87831 0.12169
9 0.130681 0.869319
0 0.981743 0.0182573
9 0.0127499 0.98725
9 0.000113659 0.999886
0 0.9749 0.0251002
0 0.959292 0.040708
9 5.47147e-06 0.999995
0 0.950324 0.0496756
0 0.967616 0.0323842
0 0.982587 0.0174133
9 0.0516142 0.948386
9 2.77592e-05 0.999972
0 0.998325 0.00167503
0 0.971331 0.0286689
9 0.0059863 0.994014
9 0.00300656 0.996993
9 0.00117894 0.998821
0 0.924864 0.0751356
0 0.998275 0.00172528
0 0.956392 0.0436081
9 0.00616578 0.993834
0 0.989741 0.0102588
0 0.616921 0.383079
9 0.0792028 0.920797
0 0.999658 0.000342414
9 0.261167 0.738833
0 0.997614 0.00238606
9 1e-07 1
0 0.788952 0.211048
0 0.969551 0.0304487
9 1e-07 1
9 0.00754089 0.992459
9 0.000823266 0.999177
0 0.966432 0.033568
0 0.944405 0.0555954
0 0.948125 0.0518753
0 0.96921 0.0307896
0 0.965273 0.0347274
9 0.455467 0.544533
9 0.000415535 0.999584
0 0.982547 0.0174534
0 0.905025 0.094975
0 0.857439 0.142561
9 0.195721 0.804279
0 0.917649 0.0823512
0 0.978127 0.021873
0 0.556144 0.443856
0 0.971941 0.0280586
0 0.98313 0.0168704
0 0.973351 0.0266486
0 0.949979 0.0500208
0 0.975763 0.0242369
0 0.998813 0.00118698
0 0.999116 0.000883944
0 0.729999 0.270001
0 0.512571 0.487429
9 0.00569191 0.994308
0 0.960514 0.0394859
0 0.952563 0.047437
9 0.0876048 0.912395
9 0.000251832 0.999748
0 0.938196 0.0618044
0 0.973743 0.0262572
0 0.969473 0.0305266
0 0.976578 0.0234215
9 1.13767e-05 0.999989
9 0.0695488 0.930451
0 0.572729 0.427271
9 1.66608e-05 0.999983
0 0.911819 0.0881806
0 0.863032 0.136968
0 0.961251 0.0387491
0 0.522399 0.477601
0 0.997547 0.00245308
0 0.937296 0.0627037
0 0.978801 0.0211988
0 0.982706 0.0172938
0 0.878945 0.121055
0 0.932651 0.0673487
0 0.99337 0.00663
9 0.0104681 0.989532
9 1e-07 1
0 0.983796 0.0162037
9 0.022693 0.977307
9 0.0025306 0.997469
0 0.952082 0.0479183
0 0.904299 0.0957009
0 0.953613 0.0463874
9 4.7146e-06 0.999995
0 0.892664 0.107336
0 0.880558 0.119442
0 0.967235 0.0327653
0 0.998565 0.00143495
0 0.914059 0.0859411
0 0.740599 0.259401
0 0.983719 0.0162808
0 0.897099 0.102901
0 0.966952 0.0330479
0 0.683559 0.316441
9 2.28054e-05 0.999977
0 0.90413 0.0958698
9 0.204692 0.795308
9 0.12099 0.87901
0 0.891808 0.108192
0 0.885909 0.114091
0 0.97799 0.02201
9 4.46757e-07 1
0 0.998856 0.00114446
9 4.61895e-05 0.999954
0 0.960442 0.0395578
0 0.967526 0.0324743
0 0.951274 0.048726
0 0.969052 0.0309478
0 0.994613 0.00538707
0 0.975188 0.0248121
0 0.938727 0.0612726
0 0.837607 0.162393
0 0.823989 0.176011
9 0.0789164 0.921084
9 0.0267407 0.973259
0 0.974739 0.0252607
0 0.963404 0.0365962
0 0.836647 0.163353
9 0.0426841 0.957316
0 0.999142 0.00085838
9 0.0315428 0.968457
9 0.000119546 0.99988
0 0.974617 0.0253833
0 0.946387 0.0536128
0 0.995915 0.00408478
9 0.000261861 0.999738
0 0.963101 0.0368991
9 7.79015e-05 0.999922
0 0.95476 0.0452396
9 1e-07 1
0 0.965122 0.0348776
9 0.00236563 0.997634
0 0.901099 0.0989008
0 0.814595 0.185405
0 0.996654 0.00334555
9 0.0331156 0.966884
0 0.993523 0.00647696
0 0.969328 0.0306724
0 0.952515 0.0474854
0 0.94448 0.0555203
9 0.000951745 0.999048
0 0.993181 0.00681895
9 1.29834e-06 0.999999
0 0.861289 0.138711
0 0.945646 0.0543544
0 0.927261 0.0727386
0 0.979226 0.0207744
0 0.992103 0.00789689
0 0.998586 0.00141391
9 0.0589605 0.94104
0 0.941464 0.0585362
9 2.68551e-05 0.999973
9 0.298491 0.701509
0 0.947943 0.052057
0 0.985629 0.0143714
0 0.985873 0.0141267
0 0.972113 0.0278873
0 0.971221 0.0287786
9 0.305914 0.694086
0 0.962556 0.0374437
9 7.2455e-05 0.999928
0 0.990942 0.00905777
0 0.997993 0.00200671
9 1.00214e-05 0.99999
0 0.775165 0.224835
0 0.893409 0.106591
0 0.99311 0.00689024
9 0.00426036 0.99574
9 6.52662e-06 0.999993
0 0.723772 0.276228
0 0.99861 0.00138968
0 0.995659 0.00434139
0 0.860749 0.139251
9 0.0049665 0.995034
0 0.960968 0.0390323
0 0.648168 0.351832
0 0.966623 0.0333772
0 0.816374 0.183626
9 0.0496833 0.950317
9 1.2399e-06 0.999999
9 0.000887944 0.999112
0 0.882157 0.117843
9 0.0200536 0.979946
9 0.00455328 0.995447
0 0.99534 0.00466045
0 0.970705 0.0292948
0 0.635601 0.364399
0 0.983452 0.0165475
9 1.3899e-06 0.999999
9 1e-07 1
0 0.995612 0.00438774
0 0.962584 0.0374157
0 0.935958 0.0640421
0 0.99849 0.00150957
0 0.920498 0.0795022
9 1.64577e-05 0.999984
9 1e-07 1
0 0.959424 0.0405759
0 0.783426 0.216574
0 0.98186 0.0181396
0 0.999248 0.000751937
0 0.975148 0.0248525
0 0.841836 0.158164
0 0.98267 0.0173301
0 0.598395 0.401605
9 0.0180232 0.981977
9 0.077903 0.922097
0 0.995458 0.00454166
9 4.24355e-06 0.999996
9 0.00301054 0.996989
0 0.934341 0.0656586
0 0.970814 0.0291863
0 0.966353 0.0336473
0 0.975739 0.0242605
9 0.0157023 0.984298
0 0.975103 0.0248968
0 0.91476 0.0852402
0 0.99814 0.00186042
0 0.929307 0.0706934
0 0.965662 0.0343385
0 0.981436 0.0185642
0 0.633344 0.366656
0 0.739805 0.260195
0 0.913721 0.0862788
0 0.982633 0.0173674
0 0.829203 0.170797
9 0.433217 0.566783
0 0.985156 0.0148442
0 0.970323 0.0296771
0 0.996758 0.00324238
0 0.809255 0.190745
0 0.971433 0.0285674
9 0.00807711 0.991923
0 0.972028 0.0279718
0 0.967823 0.0321766
0 0.953116 0.046884
0 0.863305 0.136695
9 0.000236547 0.999763
0 0.996711 0.00328892
0 0.958059 0.0419414
0 0.999118 0.000882038
0 0.954283 0.0457165
0 0.938035 0.0619645
0 0.998286 0.00171367
0 0.960505 0.0394946
0 0.982645 0.0173553
0 0.982418 0.0175822
0 0.94877 0.0512298
0 0.999211 0.000788866
0 0.958802 0.0411984
9 0.00973961 0.99026
0 0.983444 0.0165561
0 0.971654 0.0283456
0 0.998882 0.00111824
0 0.998402 0.00159824
0 0.919011 0.0809891
9 0.303517 0.696483
0 0.936842 0.0631577
0 0.998895 0.00110489
9 0.285786 0.714214
0 0.962698 0.0373024
9 3.86517e-07 1
0 0.94367 0.0563303
9 1.64466e-06 0.999998
0 0.997968 0.00203175
0 0.997699 0.00230135
9 1.3403e-07 1
0 0.957433 0.0425673
0 0.951783 0.0482174
9 0.0244462 0.975554
0 0.980681 0.0193192
0 0.949526 0.0504739
0 0.975591 0.0244089
0 0.921171 0.0788291
9 0.235113 0.764887
0 0.998592 0.00140826
0 0.940412 0.0595882
0 0.950251 0.0497494
0 0.685345 0.314655
9 0.000118465 0.999882
9 0.0313334 0.968667
9 0.0155946 0.984405
0 0.971925 0.0280753
0 0.917221 0.0827789
0 0.96821 0.0317896
0 0.892026 0.107974
9 0.0795328 0.920467
9 0.164092 0.835908
0 0.983759 0.0162414
0 0.981146 0.0188538
0 0.924636 0.0753642
0 0.637595 0.362405
9 1e-07 1
9 0.00956096 0.990439
0 0.50139 0.49861
0 0.565277 0.434723
9 0.0299284 0.970072
0 0.994862 0.00513846
0 0.89544 0.10456
0 0.974851 0.025149
9 0.010195 0.989805
9 5.58337e-07 0.999999
0 0.95807 0.0419299
0 0.984358 0.0156416
0 0.970354 0.0296462
9 0.00232069 0.997679
0 0.962912 0.0370885
9 0.0004759 0.999524
9 0.000121703 0.999878
0 0.758845 0.241155
0 0.998691 0.00130949
9 1.53672e-06 0.999998
0 0.964634 0.0353657
9 0.0177977 0.982202
0 0.938985 0.0610153
0 0.953176 0.0468243
0 0.997348 0.0026517
0 0.92086 0.0791396
9 0.0866463 0.913354
0 0.855627 0.144373
9 0.086785 0.913215
0 0.866858 0.133142
9 0.000716858 0.999283
0 0.976486 0.0235142
9 0.000607856 0.999392
0 0.792817 0.207183
0 0.659527 0.340473
0 0.983372 0.0166279
0 0.997828 0.00217215
0 0.993321 0.00667868
0 0.982108 0.0178922
9 0.300813 0.699187
9 0.00112083 0.998879
9 0.00198209 0.998018
0 0.977436 0.0225637
9 2.12138e-06 0.999998
9 4.36756e-07 1
9 0.391055 0.608945
0 0.954771 0.0452294
0 0.993227 0.00677302
0 0.972192 0.0278076
0 0.737953 0.262047
9 0.0241034 0.975897
0 0.999184 0.000816378
0 0.833591 0.166409
9 0.000842762 0.999157
0 0.960088 0.039912
0 0.920999 0.079001
0 0.953396 0.046604
0 0.894566 0.105434
9 0.414844 0.585156
0 0.859307 0.140693
0 0.968968 0.0310324
0 0.970641 0.0293591
9 0.0529767 0.947023
0 0.914156 0.0858436
0 0.663851 0.336149
9 0.000662579 0.999337
0 0.992089 0.00791088
0 0.992666 0.00733388
9 0.00819836 0.991802
0 0.963408 0.0365922
0 0.891115 0.108885
0 0.961746 0.0382538
0 0.922778 0.0772222
0 0.998027 0.00197272
0 0.819989 0.180011
9 0.0574587 0.942541
0 0.99859 0.00141012
0 0.908718 0.0912822
9 8.9127e-05 0.999911
0 0.965624 0.0343763
9 0.0158452 0.984155
9 2.09871e-07 1
9 4.24383e-06 0.999996
9 0.245983 0.754017
9 0.0123523 0.987648
9 0.0406617 0.959338
0 0.953326 0.0466742
0 0.963415 0.0365855
0 0.768599 0.231401
0 0.895257 0.104743
0 0.898166 0.101834
0 0.944477 0.0555231
0 0.995247 0.0047528
0 0.990339 0.00966104
0 0.982416 0.0175839
0 0.775078 0.224922
0 0.983367 0.0166328
0 0.575111 0.424889
9 0.488509 0.511491
0 0.981694 0.0183057
9 6.08993e-06 0.999994
0 0.507509 0.492491
0 0.999296 0.00070351
0 0.837894 0.162106
9 0.000575731 0.999424
9 1e-07 1
0 0.999713 0.000287348
0 0.934788 0.0652124
9 0.000310541 0.999689
0 0.97169 0.0283097
0 0.999274 0.000725976
0 0.998777 0.00122251
0 0.972709 0.0272907
0 0.965902 0.0340983
0 0.956211 0.0437888
0 0.999289 0.000711361
0 0.950628 0.049372
0 0.953681 0.046319
0 0.960126 0.0398742
9 0.25636 0.74364
0 0.985129 0.0148706
9 2.04389e-05 0.99998
9 0.495307 0.504693
0 0.96758 0.0324198
0 0.999134 0.000866151
0 0.960487 0.0395131
9 0.000101382 0.999899
9 1e-07 1
9 0.285465 0.714535
9 0.000109701 0.99989
0 0.903024 0.0969757
0 0.912094 0.0879062
9 1.08895e-07 1
9 0.139729 0.860271
0 0.990646 0.00935409
0 0.915404 0.0845964
0 0.984789 0.0152107
9 0.0024263 0.997574
0 0.959855 0.0401447
9 8.40701e-06 0.999992
0 0.969649 0.0303512
9 1.03324e-05 0.99999
0 0.928571 0.0714288
0 0.999455 0.000544957
0 0.951643 0.0483566
9 3.12933e-05 0.999969
0 0.999191 0.000809112
0 0.982381 0.0176187
9 0.0063066 0.993693
0 0.95334 0.0466599
9 0.00284231 0.997158
0 0.970335 0.0296646
0 0.966511 0.0334895
0 0.998768 0.00123247
9 0.0231971 0.976803
0 0.982138 0.0178624
9 0.000238156 0.999762
0 0.995879 0.00412054
0 0.982759 0.0172406
0 0.622993 0.377007
0 0.999491 0.000509311
0 0.946148 0.0538518
0 0.958828 0.0411718
9 0.0482406 0.951759
9 1.26489e-05 0.999987
0 0.66734 0.33266
0 0.994476 0.00552423
0 0.968028 0.031972
0 0.963065 0.0369352
0 0.926742 0.0732578
9 1.77118e-06 0.999998
9 0.000751471 0.999249
9 0.049249 0.950751
0 0.971981 0.0280189
0 0.972396 0.0276042
9 0.0795226 0.920477
9 0.0239753 0.976025
0 0.956185 0.043815
9 0.00463404 0.995366
9 0.000309735 0.99969
0 0.914168 0.0858317
0 0.998429 0.00157136
0 0.972292 0.0277083
9 0.00748707 0.992513
0 0.795232 0.204768
9 0.0722761 0.927724
0 0.998362 0.00163759
0 0.887881 0.112119
0 0.940192 0.0598076
0 0.956081 0.0439189
0 0.996117 0.00388298
0 0.887628 0.112372
0 0.936917 0.0630834
9 0.0151298 0.98487
0 0.95598 0.0440202
0 0.998278 0.00172172
9 0.144672 0.855328
9 6.18343e-07 0.999999
0 0.968055 0.0319454
9 0.00757173 0.992428
0 0.836211 0.163789
9 1.53672e-05 0.999985
9 4.59483e-07 1
0 0.98188 0.0181203
0 0.980443 0.0195573
0 0.948997 0.0510032
0 0.929492 0.0705076
0 0.955841 0.0441588
9 0.00703388 0.992966
0 0.919744 0.0802558
0 0.985952 0.0140478
9 0.415238 0.584762
0 0.886945 0.113055
0 0.961048 0.038952
9 2.31363e-07 1
9 0.00377922 0.996221
0 0.960264 0.0397365
0 0.931374 0.0686262
0 0.956306 0.0436941
0 0.725551 0.274449
0 0.992999 0.00700059
0 0.998409 0.00159135
0 0.799363 0.200637
9 6.87816e-06 0.999993
0 0.982561 0.0174391
0 0.983322 0.0166783
9 1.24635e-06 0.999999
9 9.22679e-06 0.999991
0 0.96805 0.0319499
0 0.998918 0.00108199
9 0.014235 0.985765
9 0.00306062 0.996939
0 0.661017 0.338983
9 0.00457854 0.995421
0 0.951115 0.0488852
9 0.000150404 0.99985
0 0.962595 0.0374048
9 3.65448e-06 0.999996
9 0.0692232 0.930777
0 0.983801 0.016199
0 0.965588 0.0344115
0 0.896037 0.103963
0 0.970566 0.0294341
0 0.986346 0.013654
0 0.98927 0.0107303
0 0.974544 0.0254563
0 0.970095 0.0299047
9 0.0134964 0.986504
0 0.973073 0.0269266
0 0.962915 0.0370847
9 8.23149e-06 0.999992
0 0.868832 0.131168
9 0.138791 0.861209
0 0.944041 0.0559586
9 0.230931 0.769069
9 0.0170423 0.982958
9 0.196192 0.803808
9 0.0379741 0.962026
9 0.0977487 0.902251
9 0.00228614 0.997714
0 0.998754 0.00124575
0 0.929626 0.0703737
0 0.958935 0.0410649
9 0.46251 0.53749
0 0.899943 0.100057
0 0.97949 0.0205103
0 0.822052 0.177948
0 0.998579 0.00142057
9 1e-07 1
9 2.71123e-07 1
9 0.0361476 0.963852
9 0.0196077 0.980392
0 0.981695 0.0183048
0 0.996544 0.00345629
9 0.281799 0.718201
0 0.947292 0.0527082
9 0.359982 0.640018
0 0.654412 0.345588
9 0.3667 0.6333
0 0.964605 0.0353953
0 0.980361 0.0196395
0 0.969213 0.0307872
0 0.995499 0.00450141
0 0.956382 0.0436177
9 0.00623615 0.993764
0 0.99852 0.00147972
0 0.965592 0.0344078
0 0.962019 0.0379809
0 0.921148 0.0788522
0 0.950124 0.0498759
0 0.821354 0.178646
0 0.805022 0.194978
0 0.750852 0.249148
0 0.966836 0.0331642
0 0.835625 0.164375
9 0.0231831 0.976817
0 0.943615 0.0563846
9 0.498426 0.501574
0 0.907326 0.092674
0 0.960455 0.0395455
0 0.979693 0.0203067
9 0.00024683 0.999753
0 0.999111 0.000889494
9 0.13678 0.86322
0 0.609458 0.390542
0 0.666252 0.333748
0 0.999526 0.000474012
0 0.982063 0.0179368
9 0.00246387 0.997536
0 0.783644 0.216356
9 2.58557e-05 0.999974
0 0.904759 0.0952412
0 0.959469 0.0405308
9 0.00460885 0.995391
0 0.995152 0.00484838
9 0.0138481 0.986152
0 0.970945 0.029055
9 0.000878476 0.999122
9 1.03696e-06 0.999999
0 0.999868 0.000131567
0 0.927199 0.0728013
0 0.993346 0.00665424
9 2.51981e-06 0.999997
9 0.00587049 0.99413
9 0.113282 0.886718
0 0.946929 0.0530706
9 0.370458 0.629542
0 0.933386 0.0666138
9 0.453992 0.546008
9 0.0067838 0.993216
9 0.208371 0.791629
9 4.80974e-06 0.999995
9 0.0677704 0.93223
0 0.968757 0.0312431
0 0.998865 0.00113489
0 0.977441 0.0225591
0 0.940261 0.059739
0 0.978118 0.0218823
9 0.463413 0.536587
0 0.946679 0.0533213
9 0.00294489 0.997055
0 0.889488 0.110512
9 0.449448 0.550552
9 1e-07 1
9 1.07245e-06 0.999999
0 0.937507 0.0624931
0 0.998628 0.00137218
9 4.75745e-05 0.999952
0 0.964249 0.0357507
0 0.998639 0.00136053
9 0.0269693 0.973031
0 0.968324 0.0316761
0 0.935566 0.0644337
0 0.950727 0.0492729
0 0.976434 0.0235664
9 2.64253e-07 1
0 0.970699 0.0293007
9 1.27195e-05 0.999987
0 0.980882 0.0191176
0 0.958582 0.0414183
0 0.997632 0.00236782
0 0.998415 0.00158528
9 4.60459e-05 0.999954
0 0.996725 0.00327525
9 0.00278423 0.997216
0 0.943337 0.0566632
0 0.965743 0.0342566
9 0.114372 0.885628
0 0.952375 0.0476247
0 0.941934 0.0580658
0 0.981274 0.0187256
9 1e-07 1
0 0.949535 0.0504653
0 0.981716 0.0182841
0 0.977663 0.0223368
9 0.0013421 0.998658
0 0.99797 0.0020301
0 0.900547 0.0994526
0 0.997829 0.00217128
0 0.965304 0.0346959
0 0.976035 0.023965
0 0.967943 0.0320573
0 0.942978 0.0570217
9 6.5527e-05 0.999934
9 0.187984 0.812016
0 0.956284 0.0437156
0 0.990606 0.00939401
0 0.99807 0.0019298
9 0.0595159 0.940484
0 0.981151 0.0188494
9 7.94958e-07 0.999999
0 0.944979 0.0550206
0 0.95221 0.0477902
0 0.981647 0.0183529
0 0.997611 0.00238876
9 0.0310757 0.968924
0 0.943953 0.0560469
0 0.959906 0.0400935
9 0.00434596 0.995654
9 0.168013 0.831987
9 1.10731e-07 1
9 1.21629e-07 1
9 0.317431 0.682569
9 1.54134e-07 1
0 0.971989 0.0280114
0 0.99812 0.00187961
0 0.974604 0.0253965
9 1.06069e-06 0.999999
0 0.9456 0.0544001
0 0.947765 0.0522346
0 0.902074 0.0979256
0 0.999387 0.000613102
0 0.823141 0.176859
0 0.99949 0.000510479
9 0.00594432 0.994056
0 0.885706 0.114294
0 0.977554 0.0224464
0 0.960243 0.0397573
9 2.50244e-06 0.999997
0 0.678472 0.321528
9 0.00135654 0.998643
0 0.97719 0.0228102
0 0.924706 0.075294
0 0.920772 0.0792281
0 0.981585 0.0184145
0 0.966674 0.0333255
0 0.998105 0.00189478
0 0.892986 0.107014
0 0.928305 0.0716954
0 0.998896 0.00110399
9 0.252289 0.747711
0 0.971516 0.0284843
9 0.00355485 0.996445
9 0.000144418 0.999856
0 0.946115 0.053885
0 0.967407 0.032593
0 0.982733 0.0172669
9 2.59557e-05 0.999974
9 0.00274623 0.997254
9 0.139144 0.860856
0 0.96701 0.0329905
0 0.962797 0.0372029
9 0.00200034 0.998
9 0.00471537 0.995285
0 0.84831 0.15169
0 0.686642 0.313358
0 0.606557 0.393443
9 6.50108e-07 0.999999
0 0.85835 0.14165
0 0.74083 0.25917
0 0.990998 0.00900221
9 0.019952 0.980048
9 1.76309e-06 0.999998
0 0.96007 0.0399296
0 0.997287 0.00271339
0 0.956127 0.0438729
0 0.68678 0.31322
9 9.97595e-07 0.999999
0 0.940446 0.0595542
0 0.973327 0.026673
0 0.961268 0.0387322
9 0.0236947 0.976305
0 0.957402 0.0425985
0 0.948194 0.0518062
0 0.990624 0.00937597
0 0.998977 0.0010225
0 0.979104 0.0208961
0 0.99559 0.00441041
0 0.992938 0.00706156
0 0.998999 0.00100115
0 0.903867 0.096133
9 7.32134e-05 0.999927
0 0.753052 0.246948
9 0.161583 0.838417
0 0.993705 0.00629454
9 0.00975405 0.990246
9 0.00323306 0.996767
0 0.984673 0.0153268
9 1e-07 1
9 1.52949e-05 0.999985
0 0.914777 0.0852231
0 0.918915 0.081085
0 0.955704 0.0442956
9 0.0110674 0.988933
0 0.946457 0.053543
9 0.288284 0.711716
9 0.0287469 0.971253
0 0.974006 0.0259942
0 0.92069 0.0793105
9 0.10821 0.89179
0 0.998162 0.00183845
9 6.20075e-05 0.999938
0 0.966923 0.0330774
0 0.973976 0.0260243
0 0.965838 0.0341618
9 0.0165502 0.98345
0 0.976267 0.0237332
0 0.547652 0.452348
9 8.86697e-06 0.999991
9 0.000745718 0.999254
0 0.728131 0.271869
9 0.187278 0.812722
0 0.678832 0.321168
9 0.01854 0.98146
9 3.89063e-06 0.999996
9 0.00118638 0.998814
0 0.515434 0.484566
9 0.0034727 0.996527
9 0.0337407 0.966259
9 0.0416764 0.958324
0 0.962134 0.0378662
9 0.00540133 0.994599
9 0.0500538 0.949946
0 0.552858 0.447142
9 0.000907264 0.999093
9 0.387596 0.612404
0 0.969214 0.0307864
0 0.998068 0.00193167
0 0.961361 0.0386389
0 0.997605 0.00239467
0 0.933988 0.0660116
0 0.67953 0.32047
0 0.998541 0.0014593
0 0.980269 0.0197313
0 0.976307 0.0236926
0 0.910854 0.0891464
0 0.999171 0.00082938
0 0.962423 0.0375773
0 0.960117 0.0398832
0 0.9985 0.00150004
0 0.997592 0.00240849
9 0.084305 0.915695
0 0.938621 0.0613788
0 0.972192 0.0278083
0 0.965781 0.0342188
9 8.52053e-06 0.999991
0 0.968542 0.0314577
9 0.176705 0.823295
0 0.962496 0.0375038
0 0.984833 0.0151669
0 0.998879 0.00112109
0 0.970618 0.029382
9 0.00475117 0.995249
0 0.998063 0.00193654
9 5.2597e-06 0.999995
9 0.00016737 0.999833
9 0.0490333 0.950967
0 0.976528 0.023472
0 0.917061 0.0829393
0 0.983734 0.0162661
9 0.00673943 0.993261
9 0.00159377 0.998406
9 0.000406618 0.999593
9 0.356777 0.643223
0 0.826854 0.173146
0 0.999236 0.000763714
9 0.0508881 0.949112
0 0.970145 0.0298551
9 0.0421393 0.957861
0 0.888358 0.111642
0 0.966453 0.0335469
9 9.0054e-05 0.99991
9 2.49879e-05 0.999975
0 0.982884 0.0171162
9 0.256248 0.743752
0 0.998839 0.00116141
0 0.978816 0.021184
9 0.000164123 0.999836
0 0.998868 0.00113244
0 0.979278 0.0207224
9 0.0373921 0.962608
0 0.99894 0.00105961
0 0.894133 0.105867
0 0.971162 0.0288384
0 0.983569 0.0164307
0 0.998809 0.00119097
9 0.0837752 0.916225
0 0.98045 0.0195497
0 0.881133 0.118867
0 0.993058 0.0069419
0 0.987105 0.0128951
9 0.0775993 0.922401
0 0.949676 0.0503239
0 0.96349 0.0365101
0 0.927696 0.072304
0 0.973302 0.0266982
0 0.998833 0.0011666
0 0.876868 0.123132
0 0.945276 0.0547241
9 0.0476667 0.952333
0 0.986434 0.0135656
0 0.985069 0.014931
0 0.959693 0.040307
9 0.105355 0.894645
0 0.918409 0.0815912
9 1.64167e-05 0.999984
0 0.999287 0.000712772
0 0.998686 0.00131447
9 0.0512265 0.948774
9 4.36081e-05 0.999956
0 0.963791 0.0362095
0 0.998061 0.00193896
0 0.979672 0.0203282
0 0.924249 0.0757512
0 0.977358 0.0226417
9 0.00293266 0.997067
9 0.324511 0.675489
9 0.104785 0.895215
0 0.962526 0.0374739
9 0.00284771 0.997152
0 0.912621 0.0873791
0 0.693222 0.306778
0 0.871347 0.128653
0 0.927986 0.0720142
9 2.10805e-06 0.999998
0 0.967048 0.0329517
0 0.998738 0.00126198
0 0.996005 0.00399516
9 0.0220324 0.977968
0 0.956907 0.0430932
0 0.996155 0.00384476
0 0.983277 0.016723
0 0.981639 0.0183613
9 1e-07 1
0 0.585706 0.414294
0 0.994191 0.00580917
0 0.953358 0.0466421
0 0.985692 0.0143079
0 0.997624 0.00237639
9 6.6789e-05 0.999933
9 0.00459669 0.995403
0 0.949618 0.0503822
0 0.998831 0.00116941
0 0.930478 0.0695219
0 0.974932 0.0250676
0 0.998031 0.00196945
0 0.984833 0.0151666
0 0.94357 0.0564301
9 0.0104331 0.989567
0 0.954696 0.0453042
9 0.00202634 0.997974
0 0.863816 0.136184
0 0.956745 0.0432547
9 0.0959748 0.904025
0 0.9949 0.00509966
9 0.340435 0.659565
0 0.912158 0.0878424
0 0.863233 0.136767
0 0.961802 0.0381976
0 0.969002 0.0309979
0 0.876387 0.123613
0 0.968678 0.0313218
0 0.931127 0.0688726
0 0.84106 0.15894
9 0.29406 0.70594
0 0.576765 0.423235
9 0.1934 0.8066
0 0.998795 0.00120548
9 0.237825 0.762175
9 0.000706143 0.999294
0 0.968955 0.0310447
0 0.990413 0.00958713
0 0.995054 0.0049456
0 0.976241 0.0237588
0 0.966544 0.0334562
0 0.94775 0.0522505
9 0.0105107 0.989489
9 0.00686973 0.99313
0 0.982268 0.0177324
0 0.978717 0.0212835
0 0.942425 0.0575753
0 0.9976 0.00239982
0 0.948658 0.0513417
0 0.963347 0.0366526
9 0.0606281 0.939372
0 0.951575 0.0484248
0 0.731802 0.268198
9 0.37958 0.62042
0 0.860505 0.139495
0 0.996988 0.00301221
9 3.46298e-07 1
0 0.956436 0.0435644
0 0.979565 0.0204346
0 0.933028 0.0669717
0 0.667949 0.332051
9 0.00120541 0.998795
9 0.00220281 0.997797
0 0.998787 0.00121251
0 0.973685 0.0263152
0 0.963541 0.0364591
0 0.978745 0.0212548
9 0.283151 0.716849
0 0.991754 0.00824574
9 0.000146836 0.999853
0 0.8903 0.1097
0 0.976944 0.0230559
0 0.944469 0.055531
9 0.000350569 0.999649
0 0.600911 0.399089
0 0.831796 0.168204
0 0.984098 0.0159015
0 0.737468 0.262532
9 0.00827519 0.991725
0 0.955923 0.044077
0 0.933254 0.0667457
9 5.46505e-05 0.999945
9 0.0291034 0.970897
9 0.111014 0.888986
0 0.563907 0.436093
0 0.975553 0.0244469
0 0.993558 0.00644151
0 0.978682 0.0213185
9 0.000249946 0.99975
0 0.97056 0.0294404
9 0.0250249 0.974975
0 0.998829 0.00117147
0 0.97361 0.0263896
0 0.954038 0.0459619
9 0.0328098 0.96719
0 0.961291 0.0387092
9 0.0738552 0.926145
9 0.00248124 0.997519
9 0.478947 0.521053
9 3.00298e-05 0.99997
9 0.0390595 0.960941
0 0.997451 0.00254855
0 0.965963 0.0340374
9 0.474207 0.525793
0 0.973469 0.0265306
0 0.952935 0.0470646
0 0.971321 0.0286786
0 0.982027 0.0179726
0 0.877031 0.122969
9 0.00201527 0.997985
9 0.187973 0.812027
9 1e-07 1
0 0.981793 0.0182066
0 0.994975 0.00502474
9 0.000435507 0.999564
0 0.655675 0.344325
0 0.997613 0.0023868
0 0.992926 0.00707359
0 0.986785 0.0132152
0 0.967403 0.0325966
0 0.968078 0.0319217
9 0.0236559 0.976344
0 0.943612 0.0563879
0 0.969075 0.0309255
0 0.979208 0.0207917
0 0.965747 0.0342531
0 0.98684 0.0131603
0 0.916156 0.0838436
0 0.963322 0.0366782
9 4.47569e-05 0.999955
0 0.992227 0.00777307
0 0.996099 0.00390099
9 0.00125034 0.99875
0 0.998049 0.00195074
9 0.00553032 0.99447
0 0.731547 0.268453
0 0.901835 0.0981652
0 0.957075 0.0429254
0 0.920543 0.0794572
0 0.993942 0.00605766
0 0.943099 0.0569007
0 0.94757 0.0524302
0 0.916211 0.0837888
9 2.01164e-05 0.99998
9 0.0169494 0.983051
9 9.75727e-06 0.99999
0 0.972347 0.0276531
0 0.963446 0.0365541
0 0.976705 0.0232951
0 0.982005 0.0179953
0 0.97881 0.0211898
0 0.983679 0.0163215
9 0.0550201 0.94498
0 0.999224 0.000775816
0 0.919367 0.0806328
9 0.000239578 0.99976
0 0.943418 0.0565815
9 5.77139e-06 0.999994
9 0.00795591 0.992044
9 0.0191584 0.980842
0 0.967319 0.0326807
0 0.739672 0.260328
0 0.75916 0.24084
0 0.754825 0.245175
0 0.939465 0.0605351
0 0.808048 0.191952
9 0.000682419 0.999318
0 0.999051 0.000948601
0 0.963902 0.0360982
0 0.546835 0.453165
0 0.962471 0.037529
0 0.983199 0.0168005
0 0.981277 0.0187234
9 0.000556587 0.999443
0 0.940758 0.0592424
0 0.984698 0.0153021
9 0.389116 0.610884
0 0.999103 0.000897139
9 0.0725344 0.927466
9 3.23629e-07 1
9 0.036896 0.963104
9 5.81878e-05 0.999942
9 0.000147732 0.999852
0 0.898816 0.101184
9 0.0114601 0.98854
9 0.0240608 0.975939
9 0.000124045 0.999876
0 0.973671 0.0263288
0 0.874531 0.125469
0 0.94201 0.0579896
9 1.17278e-06 0.999999
9 0.00728748 0.992713
9 0.00035008 0.99965
0 0.999032 0.000968447
0 0.937929 0.0620707
0 0.85143 0.14857
0 0.591465 0.408535
0 0.875176 0.124824
0 0.970172 0.029828
9 0.178425 0.821575
9 0.269041 0.730959
9 0.0263145 0.973685
9 0.00178681 0.998213
9 6.23599e-06 0.999994
9 0.0697241 0.930276
9 1.62712e-05 0.999984
0 0.949552 0.0504482
0 0.813441 0.186559
0 0.980465 0.0195353
0 0.796796 0.203204
9 0.00770054 0.992299
0 0.956415 0.0435848
0 0.884517 0.115483
9 1.58725e-05 0.999984
0 0.650724 0.349276
0 0.769638 0.230362
9 2.82792e-05 0.999972
0 0.969725 0.0302751
0 0.96734 0.0326602
9 0.000652218 0.999348
9 4.25942e-05 0.999957
0 0.949085 0.050915
9 0.138435 0.861565
9 0.000277587 0.999722
0 0.933511 0.0664892
9 0.436975 0.563025
0 0.997877 0.00212303
9 0.257356 0.742644
9 0.000500976 0.999499
9 9.88917e-05 0.999901
0 0.998695 0.00130529
0 0.889038 0.110962
9 0.00594488 0.994055
0 0.984263 0.0157366
0 0.860705 0.139295
9 0.0001553 0.999845
9 5.80316e-06 0.999994
0 0.597994 0.402006
9 1e-07 1
9 1.91417e-05 0.999981
9 0.0403592 0.959641
0 0.952995 0.0470047
0 0.998063 0.00193659
0 0.953201 0.0467994
9 0.00107488 0.998925
0 0.958969 0.0410311
9 0.0387398 0.96126
0 0.948134 0.0518659
9 0.000355235 0.999645
0 0.998763 0.00123717
0 0.956428 0.0435717
0 0.925309 0.0746913
0 0.963481 0.0365192
0 0.998176 0.00182437
0 0.99852 0.00148048
0 0.927557 0.0724429
0 0.999291 0.000708999
9 0.0450172 0.954983
9 0.000124811 0.999875
9 0.436465 0.563535
0 0.92693 0.0730696
9 0.00963226 0.990368
0 0.803678 0.196322
0 0.952617 0.0473825
0 0.966893 0.0331074
0 0.998264 0.0017363
0 0.998044 0.00195574
0 0.998463 0.00153656
0 0.974923 0.0250773
0 0.888224 0.111776
0 0.982328 0.0176718
9 0.000430333 0.99957
0 0.964258 0.0357417
9 4.15433e-05 0.999958
0 0.973935 0.0260653
0 0.977741 0.0222594
0 0.69086 0.30914
0 0.9578 0.0421997
0 0.957736 0.042264
0 0.982105 0.0178948
0 0.975589 0.0244106
9 0.087595 0.912405
9 0.39048 0.60952
0 0.942488 0.0575119
0 0.974664 0.0253364
0 0.69757 0.30243
9 0.0377011 0.962299
0 0.998445 0.00155499
0 0.954113 0.0458868
9 0.000736138 0.999264
9 1e-07 1
0 0.954317 0.0456832
0 0.959566 0.0404338
9 0.378544 0.621456
9 0.218875 0.781125
0 0.979641 0.0203588
0 0.985038 0.014962
0 0.83948 0.16052
0 0.99493 0.00506963
9 0.00633999 0.99366
9 0.0258596 0.97414
0 0.998651 0.0013492
0 0.969644 0.030356
9 0.0694719 0.930528
9 0.113753 0.886247
0 0.98106 0.0189397
0 0.91207 0.0879305
0 0.87624 0.12376
0 0.960308 0.039692
0 0.863168 0.136832
0 0.955002 0.0449984
0 0.774214 0.225786
0 0.938218 0.0617821
0 0.934897 0.0651034
9 0.0143822 0.985618
0 0.998261 0.0017389
0 0.974546 0.0254544
0 0.97999 0.0200101
0 0.905797 0.0942031
0 0.944999 0.0550011
9 0.148258 0.851742
0 0.702052 0.297948
9 0.183295 0.816705
9 0.102295 0.897705
0 0.920212 0.0797884
0 0.946436 0.0535636
0 0.902332 0.0976682
0 0.971412 0.0285877
9 0.0373958 0.962604
0 0.941098 0.0589019
0 0.962885 0.0371146
0 0.998956 0.00104361
0 0.954826 0.0451735
0 0.805475 0.194525
0 0.994264 0.00573629
0 0.894002 0.105998
9 1.24019e-06 0.999999
0 0.927158 0.0728424
9 0.024615 0.975385
0 0.998338 0.00166226
9 0.0237641 0.976236
0 0.994156 0.00584383
0 0.999031 0.000969109
9 0.000423088 0.999577
0 0.582674 0.417326
9 0.00449551 0.995504
0 0.998689 0.00131057
0 0.950186 0.0498138
0 0.927718 0.0722819
0 0.968389 0.0316108
0 0.872889 0.127111
0 0.928722 0.071278
0 0.998679 0.00132103
9 0.0276438 0.972356
9 2.95422e-06 0.999997
9 1.08331e-07 1
9 0.00224101 0.997759
0 0.974798 0.0252023
9 0.00255057 0.997449
0 0.9638 0.0361999
0 0.566756 0.433244
0 0.959691 0.0403091
0 0.969977 0.0300235
0 0.998442 0.00155755
9 0.0866678 0.913332
0 0.973383 0.0266172
9 0.000106127 0.999894
0 0.950192 0.0498081
0 0.8485 0.1515
0 0.98495 0.0150496
0 0.979901 0.0200992
0 0.908886 0.091114
9 4.58443e-05 0.999954
0 0.996995 0.00300503
0 0.970991 0.0290086
0 0.980884 0.0191155
9 7.58945e-05 0.999924
0 0.974946 0.0250541
0 0.958169 0.0418312
0 0.963296 0.0367044
0 0.971405 0.0285951
0 0.971343 0.0286572
9 3.84307e-06 0.999996
0 0.941232 0.0587678
0 0.923462 0.0765376
9 0.436036 0.563964
9 1e-07 1
9 0.173304 0.826696
0 0.950551 0.0494491
9 0.244071 0.755929
0 0.618732 0.381268
0 0.958511 0.0414893
9 0.0119243 0.988076
9 0.490586 0.509414
9 0.00729483 0.992705
0 0.982356 0.0176438
0 0.995017 0.00498333
9 0.000664612 0.999335
0 0.975738 0.0242618
0 0.943851 0.0561491
0 0.996541 0.00345851
0 0.962246 0.0377544
9 0.0192131 0.980787
9 0.164087 0.835913
0 0.929867 0.0701329
0 0.998311 0.00168891
0 0.85636 0.14364
0 0.962554 0.0374459
0 0.970091 0.0299091
9 0.000618453 0.999382
0 0.975461 0.0245391
9 1.31732e-06 0.999999
9 1e-07 1
0 0.994082 0.0059175
0 0.965628 0.0343718
0 0.994653 0.00534727
9 0.00269006 0.99731
0 0.953324 0.0466757
9 0.00316748 0.996833
0 0.963139 0.0368613
9 0.20479 0.79521
0 0.872873 0.127127
0 0.998457 0.00154293
0 0.966284 0.0337158
0 0.968963 0.0310368
9 8.99404e-05 0.99991
0 0.993525 0.00647519
0 0.980554 0.0194459
0 0.997696 0.00230411
0 0.983327 0.0166733
9 0.00105578 0.998944
9 2.97345e-05 0.99997
9 0.117829 0.882171
0 0.961836 0.0381636
9 0.00238047 0.99762
9 0.0077578 0.992242
0 0.99251 0.00749001
0 0.958185 0.0418146
9 8.41039e-07 0.999999
9 0.00180975 0.99819
9 0.00142505 0.998575
0 0.997961 0.00203947
0 0.960449 0.0395509
9 0.000386714 0.999613
9 0.0145774 0.985423
0 0.926428 0.0735716
9 0.00313505 0.996865
9 0.000283498 0.999717
9 1.07415e-05 0.999989
0 0.992612 0.00738772
0 0.955391 0.0446094
0 0.972211 0.0277892
9 0.0745728 0.925427
0 0.984069 0.0159314
0 0.99888 0.00112042
9 8.30268e-05 0.999917
9 0.00208045 0.99792
0 0.966498 0.0335016
9 0.214257 0.785743
9 7.99553e-06 0.999992
0 0.709006 0.290994
9 0.000116995 0.999883
0 0.968718 0.0312818
9 0.00344902 0.996551
0 0.968656 0.0313444
0 0.995558 0.00444216
9 0.000937491 0.999063
9 5.38377e-06 0.999995
0 0.968701 0.0312988
9 0.00714638 0.992854
9 0.0243276 0.975672
0 0.988358 0.0116424
0 0.973791 0.0262088
9 2.8327e-06 0.999997
9 0.150402 0.849598
0 0.957066 0.042934
0 0.958578 0.0414216
0 0.871655 0.128345
9 0.109276 0.890724
0 0.898849 0.101151
0 0.982451 0.0175495
0 0.953717 0.0462827
9 4.73977e-06 0.999995
0 0.997908 0.00209204
0 0.763292 0.236708
9 9.00356e-07 0.999999
9 4.15514e-06 0.999996
0 0.935927 0.0640734
0 0.995629 0.00437053
0 0.958473 0.0415269
0 0.981776 0.0182243
0 0.9276 0.0723997
9 1.67023e-05 0.999983
0 0.95698 0.0430201
0 0.846321 0.153679
0 0.944674 0.0553257
0 0.972325 0.0276749
0 0.979306 0.0206938
0 0.993898 0.00610177
0 0.984343 0.0156569
0 0.924151 0.075849
0 0.998276 0.00172439
0 0.993548 0.00645199
9 8.61518e-06 0.999991
0 0.962617 0.0373828
0 0.969717 0.030283
9 0.268956 0.731044
0 0.874554 0.125446
9 0.00700153 0.992998
0 0.910406 0.0895936
0 0.670937 0.329063
0 0.983941 0.016059
0 0.982177 0.0178226
0 0.92796 0.0720398
0 0.999067 0.000933036
9 0.00932266 0.990677
0 0.998373 0.00162651
0 0.973762 0.0262377
0 0.984787 0.0152126
0 0.899542 0.100458
0 0.963937 0.0360634
9 0.489792 0.510208
0 0.877721 0.122279
9 0.310585 0.689415
0 0.872573 0.127427
0 0.967613 0.0323865
0 0.876724 0.123276
0 0.916505 0.0834953
9 0.00336721 0.996633
9 2.02326e-07 1
9 1e-07 1
0 0.835157 0.164843
0 0.993823 0.00617662
0 0.999555 0.000444733
0 0.967087 0.0329133
0 0.960523 0.0394769
0 0.971574 0.0284259
9 0.000360737 0.999639
0 0.933805 0.0661952
9 1.89938e-07 1
9 0.000463715 0.999536
9 0.281296 0.718704
0 0.939954 0.0600464
0 0.937794 0.0622065
0 0.993863 0.00613742
0 0.967672 0.0323278
9 0.00148668 0.998513
0 0.99382 0.00617958
9 0.0143431 0.985657
9 0.000705317 0.999295
9 0.000545292 0.999455
0 0.982993 0.0170075
9 6.31964e-06 0.999994
0 0.989601 0.010399
0 0.902065 0.097935
0 0.966383 0.0336174
0 0.818967 0.181033
0 0.948434 0.0515661
0 0.975334 0.0246659
9 0.0645545 0.935446
9 0.00240117 0.997599
9 0.346239 0.653761
0 0.997089 0.00291115
9 0.215055 0.784945
9 0.00146206 0.998538
0 0.983565 0.0164348
0 0.55326 0.44674
0 0.90369 0.0963105
9 0.00041229 0.999588
0 0.99908 0.00092018
0 0.546183 0.453817
9 0.0165795 0.983421
0 0.971382 0.0286178
0 0.998433 0.00156704
9 0.00217526 0.997825
0 0.951465 0.0485353
0 0.99869 0.00130956
0 0.980622 0.0193785
0 0.963298 0.0367015
9 2.76647e-06 0.999997
9 1.28603e-05 0.999987
9 0.0167947 0.983205
0 0.968895 0.031105
0 0.961672 0.0383281
0 0.982568 0.0174325
0 0.981924 0.0180759
0 0.97249 0.0275101
9 0.134801 0.865199
0 0.9996 0.000399544
0 0.901688 0.0983117
9 0.000880953 0.999119
0 0.7025 0.2975
0 0.881846 0.118154
0 0.989131 0.0108687
9 0.247047 0.752953
0 0.964758 0.0352425
0 0.959647 0.0403532
0 0.997949 0.00205147
0 0.994218 0.00578228
0 0.909964 0.090036
0 0.996667 0.00333254
0 0.944575 0.0554254
0 0.943755 0.0562454
9 1e-07 1
0 0.819533 0.180467
0 0.998305 0.00169515
0 0.961888 0.0381122
9 0.00248376 0.997516
0 0.880673 0.119327
9 0.0150241 0.984976
0 0.88243 0.11757
9 3.93989e-05 0.999961
9 0.0202142 0.979786
0 0.942456 0.0575444
0 0.912473 0.0875272
0 0.98008 0.0199203
9 3.75839e-06 0.999996
0 0.979505 0.0204946
0 0.944556 0.0554442
9 0.000343069 0.999657
0 0.857442 0.142558
0 0.995497 0.00450335
9 8.24242e-06 0.999992
0 0.999104 0.000896284
0 0.741051 0.258949
0 0.85737 0.14263
9 2.65611e-06 0.999997
0 0.999432 0.000568231
0 0.916067 0.0839334
0 0.969363 0.0306369
9 7.71208e-05 0.999923
0 0.966124 0.0338764
0 0.952435 0.0475645
9 3.9418e-07 1
0 0.95459 0.0454103
9 1.92639e-06 0.999998
0 0.992308 0.00769189
0 0.944258 0.0557418
0 0.946476 0.0535236
0 0.662489 0.337511
0 0.828266 0.171734
0 0.997479 0.00252094
9 0.00021079 0.999789
9 0.0332593 0.966741
0 0.897635 0.102365
0 0.949958 0.0500423
9 0.00329908 0.996701
0 0.999679 0.000320747
0 0.99371 0.00628973
0 0.744399 0.255601
0 0.949861 0.0501388
0 0.976548 0.0234524
9 6.32218e-05 0.999937
9 0.060919 0.939081
9 0.000841747 0.999158
0 0.952712 0.0472883
0 0.974339 0.0256607
9 3.86256e-05 0.999961
0 0.960808 0.039192
0 0.944906 0.0550936
0 0.969776 0.0302237
0 0.970741 0.0292591
9 0.000561241 0.999439
9 0.269743 0.730257
0 0.997912 0.00208799
9 0.0001997 0.9998
9 0.00384025 0.99616
9 0.321884 0.678116
9 0.000133583 0.999866
9 0.00137848 0.998622
0 0.970475 0.029525
0 0.955834 0.0441659
0 0.9691 0.0309
9 0.00678803 0.993212
0 0.904703 0.095297
9 0.00175809 0.998242
0 0.999113 0.00088699
0 0.903515 0.0964852
0 0.914407 0.0855934
0 0.6875 0.3125
9 0.000304656 0.999695
0 0.999389 0.000611492
0 0.965697 0.0343035
0 0.93797 0.0620296
9 0.0681234 0.931877
0 0.831996 0.168004
9 0.000742208 0.999258
0 0.999141 0.00085901
0 0.982895 0.017105
0 0.983582 0.0164175
0 0.967415 0.0325853
0 0.734822 0.265178
0 0.948267 0.0517332
9 0.0344703 0.96553
9 0.269341 0.730659
9 0.00647375 0.993526
0 0.99588 0.00411985
0 0.894583 0.105417
0 0.959208 0.040792
0 0.998011 0.00198926
0 0.962376 0.0376243
0 0.922906 0.0770945
0 0.998931 0.00106915
0 0.697253 0.302747
9 0.000456905 0.999543
0 0.936073 0.063927
0 0.999287 0.000712755
9 3.98928e-06 0.999996
0 0.920426 0.0795742
0 0.754956 0.245044
9 0.107762 0.892238
0 0.964689 0.0353113
9 0.330393 0.669607
0 0.982768 0.0172316
0 0.999616 0.000383902
0 0.998299 0.00170127
0 0.998441 0.00155865
9 2.0116e-06 0.999998
0 0.93287 0.0671296
0 0.967877 0.0321229
0 0.961821 0.0381793
0 0.876654 0.123346
0 0.959228 0.0407724
0 0.94905 0.0509496
0 0.842966 0.157034
0 0.982266 0.0177342
0 0.99815 0.00185034
9 0.0927312 0.907269
0 0.939176 0.0608244
9 0.00183594 0.998164
9 0.0618506 0.938149
0 0.911244 0.0887557
0 0.999051 0.000949363
0 0.998665 0.0013353
0 0.991688 0.00831216
0 0.966426 0.0335743
0 0.968484 0.0315155
0 0.981364 0.0186358
0 0.916814 0.083186
0 0.98228 0.0177197
9 0.231051 0.768949
9 0.0315092 0.968491
9 0.00161711 0.998383
9 8.1011e-07 0.999999
9 1.12174e-05 0.999989
0 0.998493 0.00150724
9 0.0351925 0.964808
0 0.992488 0.00751172
0 0.969534 0.0304665
0 0.978815 0.0211849
0 0.957073 0.042927
0 0.990888 0.00911244
0 0.60565 0.39435
9 0.469916 0.530084
0 0.962265 0.0377348
9 0.00984015 0.99016
0 0.976573 0.0234269
0 0.992962 0.00703795
0 0.983516 0.016484
0 0.778164 0.221836
0 0.967076 0.0329236
0 0.832618 0.167382
0 0.984972 0.0150278
0 0.800261 0.199739
9 0.0767157 0.923284
9 0.00849051 0.991509
9 0.116689 0.883311
0 0.966719 0.033281
0 0.964781 0.0352186
9 0.00610577 0.993894
0 0.95065 0.0493501
0 0.858708 0.141292
9 0.0623293 0.937671
0 0.983076 0.0169236
9 8.76636e-06 0.999991
0 0.995327 0.0046732
0 0.939482 0.060518
0 0.67363 0.32637
0 0.998546 0.00145371
0 0.973806 0.0261943
0 0.967646 0.0323539
9 0.0675341 0.932466
9 1e-07 1
9 0.150999 0.849001
0 0.966832 0.0331677
0 0.958767 0.0412325
0 0.967633 0.032367
0 0.941652 0.0583481
0 0.952702 0.047298
9 0.0219189 0.978081
0 0.543278 0.456722
9 0.362717 0.637283
9 0.00630988 0.99369
9 0.0454474 0.954553
0 0.960819 0.039181
0 0.914476 0.0855244
9 0.0200941 0.979906
0 0.998561 0.00143916
0 0.975412 0.0245877
0 0.675209 0.324791
0 0.953727 0.0462729
0 0.966243 0.0337573
9 0.0207909 0.979209
9 0.00070856 0.999291
0 0.947254 0.0527456
0 0.971286 0.0287145
0 0.999087 0.000913201
9 0.252453 0.747547
0 0.957484 0.0425156
9 0.104548 0.895452
9 0.00372818 0.996272
0 0.966234 0.0337662
9 0.00339691 0.996603
9 0.00630549 0.993695
0 0.968284 0.0317158
0 0.529114 0.470886
0 0.951502 0.0484979
0 0.963187 0.0368127
0 0.999673 0.000326576
0 0.99018 0.00982017
0 0.706286 0.293714
0 0.940684 0.0593159
0 0.973488 0.0265121
0 0.972066 0.0279343
0 0.998703 0.00129721
0 0.994248 0.00575156
9 0.0342408 0.965759
0 0.747501 0.252499
0 0.940886 0.0591136
0 0.998532 0.00146823
0 0.937554 0.0624458
0 0.925665 0.0743351
0 0.961988 0.0380121
0 0.964382 0.0356177
0 0.935687 0.0643132
0 0.969751 0.0302486
9 0.115288 0.884712
0 0.965798 0.0342024
0 0.970683 0.029317
0 0.594666 0.405334
0 0.960261 0.0397393
0 0.986116 0.0138841
9 0.0705532 0.929447
9 1.22895e-05 0.999988
0 0.736328 0.263672
9 0.00446466 0.995535
0 0.967855 0.0321446
0 0.970716 0.029284
9 0.0041042 0.995896
0 0.982117 0.0178826
0 0.980731 0.0192686
0 0.961551 0.0384494
9 5.24769e-05 0.999948
9 6.82684e-07 0.999999
9 0.00163723 0.998363
0 0.688795 0.311205
0 0.50999 0.49001
0 0.967237 0.0327631
9 1.80183e-06 0.999998
0 0.762556 0.237444
0 0.735022 0.264978
0 0.96026 0.0397398
9 5.15542e-05 0.999948
0 0.971071 0.0289293
0 0.968993 0.0310067
0 0.842791 0.157209
0 0.916798 0.0832021
9 0.0558062 0.944194
9 0.495108 0.504892
0 0.668212 0.331788
9 0.0116807 0.988319
0 0.98494 0.0150602
9 0.000276959 0.999723
9 0.000721367 0.999279
9 0.0230475 0.976953
0 0.982395 0.0176045
0 0.980978 0.0190222
0 0.846227 0.153773
9 0.106752 0.893248
9 0.0704654 0.929535
0 0.961672 0.0383275
0 0.955126 0.0448744
9 0.000352797 0.999647
0 0.504427 0.495573
0 0.974598 0.0254019
9 0.00593521 0.994065
0 0.95406 0.0459396
9 0.239865 0.760135
9 0.013948 0.986052
0 0.996705 0.00329456
0 0.939561 0.0604388
9 0.379379 0.620621
9 0.178608 0.821392
9 0.116863 0.883137
9 1.23553e-05 0.999988
0 0.936373 0.0636267
9 0.104415 0.895585
0 0.575518 0.424482
0 0.941712 0.0582876
0 0.946761 0.053239
0 0.964074 0.0359264
0 0.9735 0.0264998
9 0.0270353 0.972965
9 0.0368588 0.963141
0 0.967634 0.032366
0 0.889437 0.110563
0 0.944759 0.0552413
9 8.50396e-05 0.999915
9 0.0720237 0.927976
9 1.73995e-06 0.999998
0 0.950435 0.0495654
0 0.997661 0.00233868
9 0.00375038 0.99625
9 0.153518 0.846482
9 0.00129528 0.998705
9 5.82807e-05 0.999942
9 0.107948 0.892052
0 0.96108 0.0389198
0 0.931487 0.0685126
0 0.96155 0.0384499
9 0.414579 0.585421
0 0.962357 0.0376432
0 0.851382 0.148618
0 0.97043 0.0295701
9 1.51409e-07 1
0 0.974203 0.0257974
0 0.973089 0.0269105
0 0.964871 0.0351288
9 2.05285e-06 0.999998
0 0.94226 0.0577401
0 0.999211 0.000788583
0 0.989826 0.0101742
0 0.958187 0.041813
0 0.956517 0.0434827
9 0.000255769 0.999744
9 5.13409e-07 0.999999
0 0.95152 0.0484796
0 0.961226 0.0387739
0 0.705469 0.294531
0 0.954204 0.045796
9 0.0110236 0.988976
9 0.0145531 0.985447
0 0.886661 0.113339
0 0.872702 0.127298
9 0.0321474 0.967853
0 0.983771 0.0162295
0 0.983307 0.0166931
0 0.959297 0.040703
0 0.913386 0.086614
0 0.998031 0.00196932
0 0.965652 0.0343476
0 0.969008 0.030992
0 0.924659 0.0753406
0 0.992518 0.0074817
9 1e-07 1
0 0.948692 0.0513077
0 0.942673 0.057327
0 0.967524 0.0324758
0 0.992221 0.00777894
9 0.101742 0.898258
9 1.71457e-05 0.999983
9 6.76339e-06 0.999993
0 0.98239 0.0176097
0 0.990291 0.00970944
0 0.50142 0.49858
9 1e-07 1
0 0.920356 0.0796438
0 0.977758 0.0222417
9 0.0132743 0.986726
9 0.00333685 0.996663
0 0.962062 0.0379381
0 0.971652 0.0283476
9 0.0761662 0.923834
0 0.974924 0.0250755
0 0.98389 0.0161105
0 0.967965 0.0320351
0 0.944816 0.0551841
0 0.769242 0.230758
0 0.998202 0.00179821
0 0.928895 0.0711055
9 0.0022106 0.997789
0 0.710107 0.289893
0 0.955368 0.0446322
9 0.0121236 0.987876
9 0.0575994 0.942401
0 0.996723 0.00327664
0 0.998124 0.00187633
9 0.000230767 0.999769
0 0.965545 0.0344549
9 1.65667e-05 0.999983
0 0.924375 0.0756246
0 0.949832 0.0501679
9 0.00170661 0.998293
0 0.983998 0.0160016
0 0.866184 0.133816
0 0.972518 0.0274824
0 0.999499 0.000501045
0 0.99809 0.0019105
0 0.934632 0.0653677
