labels 4 9
4 0.936583 0.0634168
4 0.985357 0.0146426
4 0.990938 0.00906229
9 2.09631e-07 1
9 5.56772e-06 0.999994
4 0.85706 0.14294
4 0.997662 0.00233768
9 0.256241 0.743759
9 1.71395e-07 1
9 1e-07 1
9 0.0293775 0.970623
4 0.999685 0.000315151
4 0.536526 0.463474
4 0.996189 0.00381126
9 0.259516 0.740484
9 3.69236e-05 0.999963
9 0.00278667 0.997213
9 0.00589309 0.994107
4 0.999879 0.000120592
4 0.996842 0.00315771
4 0.94243 0.0575703
4 0.990879 0.0091209
4 0.991678 0.0083221
4 0.967995 0.0320046
4 0.997068 0.00293209
4 0.999223 0.000776869
4 0.999869 0.000130852
4 0.999443 0.000557364
4 0.999988 1.22088e-05
4 0.936284 0.0637164
9 4.63739e-07 1
9 0.000697741 0.999302
4 0.983256 0.0167438
4 0.948214 0.0517865
4 0.866765 0.133235
9 0.000141827 0.999858
4 0.958206 0.0417945
4 0.999752 0.000248049
9 1e-07 1
4 0.979218 0.0207819
4 0.988707 0.0112932
4 0.798044 0.201956
4 0.984958 0.0150416
4 0.991664 0.00833609
4 0.999323 0.000676993
4 0.983997 0.016003
4 0.976663 0.0233368
4 0.98475 0.0152497
4 0.987829 0.0121713
4 0.973522 0.0264783
9 2.4493e-05 0.999976
9 2.52999e-05 0.999975
9 0.0237628 0.976237
4 0.998585 0.00141518
4 0.964808 0.0351921
4 0.967873 0.0321265
4 0.83268 0.16732
4 0.997706 0.00229414
4 0.99984 0.000159868
4 0.985463 0.0145373
4 0.93455 0.0654504
4 0.959005 0.0409946
4 0.997031 0.00296861
4 0.853116 0.146884
9 1e-07 1
9 1e-07 1
4 0.945898 0.054102
4 0.999141 0.000858821
9 1.31744e-06 0.999999
9 1.59807e-06 0.999998
4 0.986728 0.0132718
9 0.00287141 0.997129
4 0.944518 0.0554823
4 0.950642 0.0493584
9 0.20615 0.79385
9 3.59665e-07 1
4 0.983534 0.016466
4 0.986708 0.013292
4 0.997544 0.00245648
4 0.983225 0.0167754
4 0.999745 0.000254509
4 0.9998 0.000199559
9 1.18175e-05 0.999988
4 0.900486 0.0995136
9 0.206345 0.793655
4 0.957467 0.0425328
4 0.981952 0.0180481
4 0.99967 0.000329737
4 0.960221 0.0397791
4 0.999708 0.000292008
9 1e-07 1
4 0.988843 0.0111569
9 0.173254 0.826746
4 0.892771 0.107229
4 0.984751 0.0152495
9 1e-07 1
4 0.999367 0.000633367
4 0.963292 0.0367081
4 0.98554 0.0144598
4 0.813283 0.186717
4 0.994202 0.00579785
4 0.990093 0.00990684
4 0.988241 0.0117594
4 0.950843 0.0491571
4 0.992237 0.00776325
9 2.36936e-05 0.999976
9 7.35768e-06 0.999993
4 0.938161 0.0618385
9 0.0012247 0.998775
4 0.936598 0.063402
4 0.885777 0.114223
9 0.00670689 0.993293
4 0.99541 0.00459026
4 0.992874 0.00712614
4 0.989313 0.0106872
4 0.985407 0.0145926
4 0.985681 0.0143187
9 0.1732 0.8268
4 0.968645 0.0313552
4 0.978074 0.0219259
4 0.678663 0.321337
4 0.988551 0.0114493
9 0.119627 0.880373
9 0.318303 0.681697
4 0.999564 0.000435753
4 0.967103 0.0328973
4 0.980724 0.0192765
4 0.999798 0.000201796
4 0.999508 0.000491887
4 0.983401 0.0165995
4 0.981029 0.0189707
9 0.149948 0.850052
4 0.965979 0.0340209
4 0.968816 0.0311845
4 0.995976 0.00402392
9 0.0363273 0.963673
4 0.999055 0.000945168
4 0.996039 0.00396134
9 1e-07 1
9 0.140068 0.859932
4 0.998756 0.00124403
9 0.0395117 0.960488
4 0.943627 0.0563732
4 0.997721 0.00227882
4 0.976899 0.0231005
4 0.982253 0.0177474
9 0.023 0.977
4 0.5713 0.4287
4 0.999923 7.73392e-05
4 0.987019 0.0129809
4 0.990748 0.00925163
4 0.709136 0.290864
4 0.952165 0.0478354
4 0.8241 0.1759
4 0.97672 0.0232803
4 0.963508 0.0364924
4 0.982192 0.0178082
4 0.99986 0.000140271
4 0.976283 0.0237174
9 0.00355234 0.996448
9 0.0588316 0.941168
9 0.154845 0.845155
9 1.80124e-06 0.999998
4 0.999513 0.000487133
4 0.912785 0.0872152
4 0.997882 0.00211835
9 4.88857e-07 1
9 0.00340253 0.996597
4 0.999672 0.000327772
9 1e-07 1
9 4.49218e-06 0.999996
4 0.968783 0.0312172
4 0.999672 0.000327627
4 0.997172 0.00282764
4 0.986233 0.0137669
4 0.983375 0.0166251
9 0.00141588 0.998584
9 4.69983e-05 0.999953
4 0.984211 0.0157891
4 0.999974 2.60721e-05
9 0.000296791 0.999703
4 0.849526 0.150474
4 0.984151 0.0158491
4 0.999923 7.73297e-05
9 0.260629 0.739371
4 0.979847 0.0201534
4 0.916202 0.0837983
4 0.999577 0.000423122
4 0.99418 0.00581955
4 0.99935 0.000649552
4 0.975772 0.0242279
9 0.029451 0.970549
4 0.906884 0.0931161
4 0.957139 0.0428612
4 0.975461 0.0245387
4 0.981728 0.0182715
4 0.999865 0.000134902
9 0.0180116 0.981988
4 0.992157 0.00784272
4 0.999095 0.000904648
9 0.0168294 0.983171
4 0.990467 0.00953268
4 0.98202 0.01798
4 0.931385 0.0686146
4 0.976362 0.0236377
9 1e-07 1
4 0.875032 0.124968
4 0.805142 0.194858
4 0.999669 0.000330624
4 0.974237 0.0257628
4 0.896298 0.103702
4 0.921854 0.0781463
4 0.991453 0.00854719
9 0.0661027 0.933897
4 0.949569 0.0504305
4 0.97213 0.02787
9 4.43054e-05 0.999956
4 0.971756 0.0282442
4 0.977916 0.0220836
4 0.99966 0.000339892
4 0.999097 0.000902551
9 1e-07 1
4 0.979531 0.0204687
4 0.956919 0.043081
4 0.953887 0.0461135
4 0.986452 0.0135484
4 0.99677 0.00322959
4 0.928342 0.0716581
4 0.913983 0.0860166
4 0.991221 0.00877931
4 0.962613 0.0373867
9 4.00536e-06 0.999996
4 0.99826 0.00174042
4 0.960639 0.039361
4 0.964106 0.0358941
9 0.006441 0.993559
4 0.997349 0.00265135
4 0.944747 0.0552529
4 0.987949 0.0120511
4 0.996442 0.00355809
4 0.978482 0.0215176
4 0.999967 3.34011e-05
9 7.98016e-05 0.99992
9 0.00303956 0.99696
9 0.00208705 0.997913
4 0.975636 0.0243643
4 0.984757 0.0152428
4 0.955637 0.044363
9 0.106064 0.893936
4 0.985914 0.0140857
4 0.70684 0.29316
9 0.00350843 0.996492
4 0.960553 0.0394474
4 0.980814 0.0191864
4 0.983458 0.0165415
4 0.998803 0.00119749
4 0.968609 0.0313908
4 0.995908 0.00409231
4 0.87208 0.12792
4 0.967916 0.032084
4 0.999843 0.000156971
4 0.907495 0.0925045
4 0.999557 0.000443322
4 0.975388 0.0246119
9 1e-07 1
4 0.999356 0.000644428
9 3.23501e-07 1
4 0.55157 0.44843
4 0.987476 0.0125235
4 0.999409 0.000591284
4 0.965017 0.0349835
4 0.997466 0.00253365
4 0.8229 0.1771
4 0.96849 0.0315099
4 0.991097 0.00890254
4 0.629922 0.370078
4 0.987752 0.0122476
4 0.928719 0.0712806
4 0.978045 0.0219547
9 1e-07 1
4 0.924055 0.0759451
4 0.986309 0.0136913
4 0.871757 0.128243
4 0.973607 0.0263929
4 0.999135 0.000865189
4 0.994716 0.00528422
4 0.975587 0.0244125
4 0.993821 0.00617862
9 0.205859 0.794141
4 0.981184 0.0188163
9 0.00127738 0.998723
4 0.983787 0.0162131
4 0.999599 0.000400723
4 0.967579 0.0324212
9 0.0266851 0.973315
4 0.983152 0.0168484
4 0.996271 0.00372927
9 1e-07 1
4 0.921125 0.0788755
4 0.540526 0.459474
9 0.000148959 0.999851
4 0.97838 0.0216196
4 0.972707 0.0272933
4 0.999609 0.000391358
4 0.999444 0.000555631
4 0.996293 0.00370677
4 0.981353 0.018647
4 0.994671 0.00532949
9 1.63197e-05 0.999984
4 0.999954 4.56294e-05
4 0.991904 0.00809631
4 0.971136 0.028864
9 0.091583 0.908417
4 0.940957 0.0590426
9 0.0239285 0.976072
4 0.972214 0.027786
4 0.999227 0.000772812
9 0.0299823 0.970018
4 0.981768 0.0182315
4 0.988308 0.0116917
9 0.000104735 0.999895
4 0.999704 0.0002965
4 0.989372 0.0106278
9 9.80754e-06 0.99999
4 0.984386 0.0156139
4 0.989395 0.0106045
4 0.988324 0.0116757
4 0.981896 0.0181045
4 0.969558 0.0304422
4 0.993495 0.00650459
9 4.51751e-05 0.999955
4 0.999852 0.000147502
4 0.991695 0.00830468
4 0.970519 0.0294814
4 0.988787 0.0112131
4 0.996185 0.00381482
9 0.00494438 0.995056
9 2.12208e-07 1
4 0.979948 0.0200518
4 0.957903 0.0420973
4 0.98728 0.0127196
4 0.999764 0.000235517
4 0.999786 0.000214318
4 0.988984 0.0110163
4 0.980818 0.0191816
9 3.92165e-06 0.999996
4 0.984126 0.0158741
4 0.999464 0.000536173
9 0.00103983 0.99896
4 0.985827 0.0141729
4 0.999246 0.000754141
4 0.92188 0.0781199
9 0.000686339 0.999314
9 0.148955 0.851045
4 0.980493 0.0195068
4 0.984084 0.0159158
4 0.995332 0.00466767
9 0.00691037 0.99309
9 3.13578e-05 0.999969
4 0.960963 0.0390367
9 0.330304 0.669696
4 0.946717 0.0532833
4 0.983159 0.0168406
4 0.965337 0.0346628
9 0.00373083 0.996269
4 0.80253 0.19747
4 0.987913 0.0120869
4 0.990046 0.00995385
4 0.96758 0.0324198
4 0.999245 0.000755342
4 0.996088 0.00391215
4 0.999205 0.000794617
9 9.05147e-06 0.999991
4 0.769877 0.230123
4 0.855491 0.144509
4 0.963506 0.0364938
4 0.987905 0.0120949
4 0.981137 0.018863
4 0.987367 0.0126327
9 1.76276e-06 0.999998
4 0.989311 0.010689
9 0.0426927 0.957307
4 0.983625 0.0163746
4 0.967442 0.0325578
4 0.977707 0.0222927
4 0.999036 0.000963737
4 0.977889 0.0221106
4 0.995551 0.00444924
9 0.00145062 0.998549
4 0.999967 3.27525e-05
4 0.998666 0.00133432
4 0.986941 0.0130592
9 0.00379073 0.996209
9 5.73388e-07 0.999999
9 0.0236257 0.976374
9 0.0672335 0.932767
4 0.973518 0.0264822
4 0.997362 0.0026378
4 0.995802 0.0041979
4 0.975007 0.0249932
4 0.924504 0.0754957
4 0.99827 0.00172965
9 0.00272407 0.997276
9 0.000152898 0.999847
4 0.942919 0.0570805
9 0.00181209 0.998188
9 2.88283e-07 1
4 0.889836 0.110164
4 0.660077 0.339923
9 0.159896 0.840104
4 0.93164 0.0683597
9 0.0360192 0.963981
4 0.970351 0.0296485
4 0.872475 0.127525
9 0.00187154 0.998128
9 1e-07 1
4 0.998677 0.00132279
4 0.983209 0.0167909
4 0.999887 0.000112857
9 7.49728e-07 0.999999
4 0.576944 0.423056
4 0.999952 4.82554e-05
4 0.990022 0.00997795
9 0.000103947 0.999896
4 0.977701 0.0222991
9 8.41964e-06 0.999992
4 0.976664 0.0233362
4 0.999255 0.00074538
9 0.0408061 0.959194
4 0.99988 0.000120203
4 0.712542 0.287458
9 0.0457833 0.954217
4 0.880382 0.119618
9 0.000912886 0.999087
4 0.989816 0.0101842
9 0.000164021 0.999836
4 0.973328 0.026672
4 0.977665 0.0223354
4 0.977568 0.0224318
4 0.999905 9.45175e-05
4 0.660837 0.339163
9 0.00497706 0.995023
9 1.18271e-05 0.999988
4 0.972094 0.0279061
4 0.981444 0.0185557
4 0.990388 0.00961165
4 0.946021 0.0539792
9 3.49444e-06 0.999997
4 0.542898 0.457102
4 0.969758 0.0302416
9 0.4704 0.5296
4 0.987389 0.0126105
9 0.00157282 0.998427
4 0.985448 0.0145521
4 0.887372 0.112628
4 0.999829 0.000171277
4 0.999439 0.000560561
4 0.997255 0.0027451
4 0.981523 0.0184775
9 0.00050693 0.999493
4 0.999904 9.60382e-05
9 0.000266857 0.999733
9 2.15658e-05 0.999978
4 0.970941 0.0290592
4 0.92603 0.0739705
4 0.99882 0.00117989
9 1.61512e-07 1
4 0.997049 0.00295092
4 0.907364 0.0926364
4 0.958237 0.0417634
4 0.978338 0.0216625
4 0.861784 0.138216
4 0.758108 0.241892
9 0.0364744 0.963526
4 0.970749 0.0292506
4 0.978916 0.0210845
4 0.999884 0.000115878
4 0.994386 0.00561441
4 0.958214 0.0417863
9 0.0814214 0.918579
4 0.982864 0.0171365
4 0.963528 0.0364716
4 0.985354 0.014646
4 0.968662 0.031338
9 0.00682181 0.993178
4 0.968294 0.031706
4 0.986812 0.0131876
4 0.744301 0.255699
9 0.00187513 0.998125
9 1.92964e-05 0.999981
9 4.38489e-05 0.999956
9 0.00823074 0.991769
9 0.000537332 0.999463
4 0.997845 0.00215475
9 0.0467615 0.953239
4 0.91059 0.0894104
9 5.71806e-05 0.999943
9 0.103204 0.896796
9 0.00407984 0.99592
4 0.979745 0.0202547
9 0.0578247 0.942175
9 1.40749e-07 1
9 0.000877835 0.999122
4 0.664542 0.335458
4 0.999951 4.87583e-05
4 0.94114 0.0588603
4 0.946863 0.0531373
4 0.986243 0.0137566
9 5.49289e-05 0.999945
4 0.999115 0.000885437
4 0.955638 0.0443625
9 0.253323 0.746677
9 4.53782e-07 1
4 0.996814 0.00318609
4 0.959624 0.0403759
4 0.961631 0.0383692
4 0.987605 0.0123949
4 0.998896 0.00110418
9 1e-07 1
4 0.983106 0.0168939
4 0.995551 0.00444897
4 0.999794 0.000205835
9 1e-07 1
4 0.99998 1.96643e-05
4 0.97031 0.0296901
4 0.987781 0.0122188
4 0.999876 0.000124496
9 3.3157e-06 0.999997
9 0.196038 0.803962
4 0.660152 0.339848
4 0.98698 0.0130197
4 0.981588 0.0184123
4 0.951655 0.0483453
9 0.00158186 0.998418
9 0.00123252 0.998767
4 0.973517 0.0264833
4 0.98485 0.0151495
4 0.999694 0.000305684
4 0.999762 0.000238232
9 1e-07 1
4 0.981207 0.0187934
9 0.117011 0.882989
4 0.979191 0.0208095
4 0.997581 0.00241883
9 0.00565071 0.994349
4 0.996847 0.00315343
4 0.991245 0.00875476
9 0.000638304 0.999362
4 0.999635 0.000364866
9 0.200223 0.799777
4 0.975834 0.0241661
4 0.99988 0.000119765
4 0.989655 0.0103447
4 0.650088 0.349912
4 0.99222 0.00777992
9 1e-07 1
4 0.983469 0.0165308
4 0.988549 0.0114509
4 0.999427 0.000573161
4 0.999018 0.000981575
4 0.99973 0.000269785
4 0.813611 0.186389
4 0.99976 0.000239866
4 0.993835 0.00616463
9 1e-07 1
4 0.980048 0.0199519
4 0.999831 0.00016872
4 0.992551 0.00744876
9 0.0325401 0.96746
9 1e-07 1
9 0.0705978 0.929402
4 0.973869 0.0261308
4 0.999998 2.43384e-06
4 0.970774 0.0292255
4 0.970512 0.0294883
9 0.0449 0.9551
9 0.0657441 0.934256
4 0.97481 0.0251902
4 0.999987 1.34073e-05
9 0.000174332 0.999826
4 0.948042 0.0519581
9 0.0861238 0.913876
9 1e-07 1
4 0.977349 0.0226512
4 0.999135 0.00086502
4 0.990081 0.00991906
4 0.999232 0.000768389
4 0.988073 0.0119268
4 0.97879 0.0212099
4 0.888931 0.111069
9 0.000691497 0.999309
9 0.000622275 0.999378
4 0.999004 0.000995828
4 0.986413 0.013587
9 6.63769e-07 0.999999
4 0.999391 0.00060907
9 0.0317398 0.96826
4 0.983198 0.0168021
4 0.961104 0.0388965
4 0.997518 0.00248161
4 0.999529 0.000470557
4 0.990284 0.00971607
4 0.991792 0.0082084
4 0.877013 0.122987
9 0.419865 0.580135
9 0.0118844 0.988116
9 0.00293334 0.997067
9 0.000103921 0.999896
4 0.999857 0.000142651
4 0.677452 0.322548
4 0.964477 0.0355225
4 0.966837 0.0331629
4 0.991406 0.00859435
4 0.990139 0.0098607
4 0.998844 0.00115639
4 0.978615 0.0213845
4 0.944629 0.0553708
9 0.0764716 0.923528
4 0.999941 5.86903e-05
9 2.98999e-06 0.999997
4 0.986196 0.0138045
9 1e-07 1
4 0.990487 0.00951286
4 0.999625 0.000374646
4 0.968805 0.0311954
4 0.984493 0.0155072
4 0.989573 0.0104275
4 0.999289 0.000710592
4 0.546134 0.453866
4 0.983059 0.0169414
9 0.00759829 0.992402
4 0.999774 0.000225736
9 1e-07 1
4 0.999084 0.00091611
4 0.958542 0.0414576
4 0.977962 0.0220382
4 0.999436 0.000564461
4 0.931797 0.068203
4 0.987815 0.0121852
4 0.969852 0.0301481
4 0.955512 0.0444878
4 0.99994 6.00629e-05
4 0.955944 0.0440565
9 0.0255625 0.974438
9 0.310004 0.689996
4 0.822911 0.177089
4 0.998853 0.00114686
4 0.988342 0.011658
9 0.00240293 0.997597
4 0.991156 0.00884374
4 0.978821 0.0211791
4 0.988338 0.0116619
4 0.999876 0.00012402
4 0.982886 0.0171144
9 0.332864 0.667136
9 6.3848e-05 0.999936
4 0.999197 0.00080341
4 0.938114 0.0618858
4 0.988947 0.0110533
4 0.922581 0.0774188
4 0.985475 0.0145247
4 0.582679 0.417321
4 0.996515 0.00348523
9 0.159243 0.840757
4 0.999944 5.55941e-05
4 0.997406 0.002594
4 0.841049 0.158951
4 0.990591 0.0094093
4 0.986512 0.0134885
4 0.967286 0.0327136
4 0.986812 0.0131882
4 0.972702 0.0272982
4 0.984658 0.0153423
4 0.972049 0.0279512
4 0.990957 0.00904288
4 0.988356 0.0116436
4 0.999609 0.000391426
4 0.97173 0.02827
4 0.982926 0.0170736
4 0.988037 0.0119626
4 0.976057 0.0239427
9 0.00263259 0.997367
4 0.987201 0.0127989
4 0.589772 0.410228
4 0.986974 0.0130258
4 0.976135 0.023865
9 0.00158155 0.998418
4 0.505029 0.494971
4 0.969985 0.0300153
9 0.478599 0.521401
9 0.0131088 0.986891
4 0.885377 0.114623
4 0.744539 0.255461
4 0.985341 0.0146589
4 0.980492 0.0195078
4 0.99911 0.000889682
4 0.978352 0.0216475
9 0.000848354 0.999152
4 0.963356 0.0366439
9 3.36248e-05 0.999966
4 0.843549 0.156451
4 0.982083 0.0179171
4 0.952331 0.0476688
4 0.999178 0.000821678
4 0.979511 0.0204887
4 0.999703 0.00029735
9 0.00191316 0.998087
9 0.116447 0.883553
4 0.981734 0.018266
4 0.973116 0.0268839
4 0.99756 0.00244009
4 0.983545 0.0164546
4 0.982155 0.0178448
4 0.982758 0.0172423
4 0.978475 0.0215251
4 0.868713 0.131287
4 0.99982 0.000179806
9 1.47166e-05 0.999985
4 0.997989 0.00201135
9 6.14544e-05 0.999939
9 0.268273 0.731727
4 0.999767 0.000233072
9 0.00259154 0.997408
4 0.986101 0.0138986
9 1e-07 1
4 0.769036 0.230964
4 0.96847 0.0315297
4 0.972771 0.0272294
4 0.992987 0.0070133
4 0.981548 0.018452
4 0.944717 0.0552834
4 0.993777 0.00622262
4 0.976184 0.0238157
9 1e-07 1
9 0.144774 0.855226
9 0.426749 0.573251
4 0.981453 0.0185469
4 0.999757 0.000243237
4 0.985525 0.0144752
4 0.99539 0.00461025
4 0.998285 0.00171475
4 0.997625 0.00237462
9 0.000107899 0.999892
4 0.975679 0.024321
4 0.999682 0.000317527
4 0.969342 0.0306575
4 0.999837 0.000162871
9 0.110011 0.889989
4 0.98367 0.01633
9 0.0404365 0.959564
4 0.983959 0.0160411
4 0.975965 0.0240345
9 0.00452778 0.995472
4 0.991972 0.00802772
4 0.629627 0.370373
4 0.999923 7.67017e-05
9 0.0654949 0.934505
4 0.991738 0.00826227
4 0.748554 0.251446
4 0.986679 0.0133205
9 0.341187 0.658813
4 0.997109 0.0028914
9 0.0202016 0.979798
4 0.987559 0.0124407
4 0.851526 0.148474
4 0.851957 0.148043
9 0.0189688 0.981031
4 0.980746 0.0192543
4 0.979889 0.0201105
9 0.000737004 0.999263
4 0.979896 0.0201035
9 3.57062e-06 0.999996
4 0.999785 0.000214955
9 0.0118503 0.98815
4 0.962121 0.0378791
4 0.967141 0.0328592
4 0.975344 0.0246563
4 0.965262 0.0347375
9 0.00643083 0.993569
9 0.0142223 0.985778
4 0.879772 0.120228
4 0.999579 0.000421029
4 0.991844 0.00815616
4 0.953905 0.0460954
4 0.997024 0.00297593
4 0.988063 0.011937
4 0.976304 0.0236956
9 0.175325 0.824675
4 0.999511 0.000488746
4 0.552264 0.447736
4 0.991771 0.00822921
4 0.967993 0.0320072
4 0.996588 0.00341193
4 0.961495 0.038505
4 0.960556 0.0394443
4 0.94427 0.0557304
9 0.470778 0.529222
4 0.981023 0.0189766
4 0.984722 0.0152779
4 0.980912 0.0190875
9 0.0221477 0.977852
9 1e-07 1
4 0.993643 0.00635653
4 0.951127 0.0488731
4 0.999609 0.000390613
4 0.999575 0.000424812
4 0.999154 0.000845562
9 0.0476317 0.952368
9 0.00275199 0.997248
4 0.982531 0.0174689
9 0.00502254 0.994977
4 0.968194 0.0318057
9 0.200103 0.799897
9 0.0984854 0.901515
4 0.951435 0.0485647
4 0.982495 0.0175048
4 0.989539 0.0104614
9 0.00562983 0.99437
9 1e-07 1
4 0.984666 0.0153337
4 0.961423 0.0385766
4 0.979749 0.0202512
4 0.918818 0.0811821
4 0.999217 0.000782565
9 2.86391e-06 0.999997
4 0.864792 0.135208
9 0.0383516 0.961648
4 0.955304 0.0446963
4 0.984138 0.0158622
9 0.000395243 0.999605
4 0.986096 0.0139039
9 0.00994185 0.990058
4 0.972311 0.0276892
9 0.0981045 0.901896
4 0.991856 0.00814411
4 0.99122 0.00878
4 0.999869 0.000130617
9 0.281447 0.718553
4 0.981287 0.0187128
4 0.966034 0.0339662
4 0.99969 0.000309766
4 0.979539 0.020461
9 0.00604891 0.993951
4 0.983006 0.0169945
9 0.155044 0.844956
4 0.990617 0.00938284
9 0.344146 0.655854
9 2.26056e-07 1
9 0.000203396 0.999797
4 0.964557 0.0354434
9 7.11151e-07 0.999999
4 0.984337 0.0156631
9 0.00188619 0.998114
4 0.999583 0.000417209
9 0.0638104 0.93619
4 0.999571 0.000428771
4 0.982464 0.0175358
4 0.985436 0.0145643
4 0.984201 0.0157986
9 0.000478495 0.999522
9 1.94993e-06 0.999998
4 0.969499 0.0305012
4 0.974759 0.0252406
4 0.993299 0.00670104
4 0.978909 0.0210907
4 0.986322 0.0136783
4 0.987852 0.0121482
4 0.925511 0.0744892
4 0.974624 0.0253762
4 0.959524 0.0404764
9 0.0174156 0.982584
9 8.74274e-07 0.999999
9 0.00412411 0.995876
9 0.000223552 0.999776
9 9.79233e-07 0.999999
4 0.999695 0.000305101
4 0.967215 0.0327846
4 0.980889 0.0191108
4 0.979746 0.020254
4 0.975762 0.0242383
9 4.57104e-06 0.999995
9 0.0252783 0.974722
9 0.000755609 0.999244
4 0.980468 0.0195316
9 0.00331862 0.996681
4 0.99938 0.000619694
4 0.967942 0.0320577
9 1e-07 1
4 0.999997 3.34799e-06
4 0.937092 0.0629076
4 0.942093 0.0579072
4 0.936144 0.0638556
9 0.0117135 0.988287
4 0.889859 0.110141
4 0.98762 0.0123799
4 0.967264 0.0327363
4 0.888784 0.111216
9 0.00990213 0.990098
9 0.000611241 0.999389
4 0.972527 0.0274732
4 0.990772 0.00922762
4 0.996025 0.00397523
4 0.999681 0.000318647
9 0.00455391 0.995446
9 0.162878 0.837122
4 0.914536 0.0854636
9 0.0820774 0.917923
4 0.997436 0.00256373
4 0.980154 0.0198461
4 0.980136 0.0198642
4 0.954888 0.0451116
9 0.000653563 0.999346
4 0.988409 0.011591
4 0.880803 0.119197
9 0.000118307 0.999882
9 0.0766149 0.923385
9 0.143296 0.856704
4 0.970266 0.0297345
4 0.998982 0.00101767
4 0.999619 0.000380558
4 0.985592 0.0144083
4 0.991188 0.00881218
4 0.999751 0.000248838
4 0.980931 0.0190691
4 0.987821 0.0121792
4 0.988346 0.0116539
4 0.998561 0.00143855
9 0.0022634 0.997737
9 0.00295677 0.997043
4 0.999727 0.000272752
4 0.997246 0.00275414
4 0.992771 0.00722918
4 0.978412 0.0215883
4 0.969203 0.0307967
9 0.00870371 0.991296
9 3.18864e-05 0.999968
9 0.0412349 0.958765
9 0.00168433 0.998316
9 0.30155 0.69845
4 0.977917 0.0220825
4 0.98067 0.0193296
9 3.03637e-07 1
9 0.295304 0.704696
9 0.398593 0.601407
4 0.999324 0.000676437
4 0.981299 0.0187012
4 0.984297 0.0157032
9 0.000899788 0.9991
4 0.999241 0.000758845
4 0.845531 0.154469
4 0.942881 0.057119
4 0.999572 0.00042823
9 3.05713e-07 1
4 0.988873 0.0111273
4 0.996991 0.00300853
9 0.000107906 0.999892
4 0.93179 0.0682103
4 0.995427 0.00457311
9 0.042386 0.957614
4 0.9934 0.00660046
4 0.960079 0.039921
4 0.999943 5.74959e-05
4 0.993958 0.00604203
9 0.0170932 0.982907
4 0.989139 0.0108607
4 0.992276 0.00772425
4 0.986711 0.0132894
4 0.9417 0.0583
4 0.981392 0.0186081
9 1e-07 1
4 0.944828 0.0551715
4 0.976949 0.023051
4 0.850691 0.149309
4 0.98103 0.0189701
9 1e-07 1
4 0.959645 0.0403551
4 0.988035 0.0119652
4 0.946428 0.0535718
9 0.00531993 0.99468
4 0.521357 0.478643
4 0.989534 0.0104656
9 0.209242 0.790758
4 0.998652 0.00134774
4 0.979966 0.0200337
4 0.972122 0.0278783
9 0.32134 0.67866
4 0.999195 0.000805392
4 0.979669 0.0203314
9 2.64329e-05 0.999974
4 0.981901 0.0180992
4 0.949806 0.0501936
9 1e-07 1
4 0.99966 0.000339929
4 0.99677 0.00323034
4 0.98143 0.0185702
4 0.982939 0.0170606
9 0.0235709 0.976429
4 0.924704 0.0752964
4 0.967595 0.0324051
4 0.999298 0.000702087
9 0.000982211 0.999018
4 0.950802 0.0491977
4 0.944031 0.0559692
4 0.992131 0.00786873
9 0.0027949 0.997205
4 0.987674 0.0123258
9 0.45492 0.54508
4 0.972575 0.0274251
4 0.998151 0.00184879
4 0.974153 0.0258467
4 0.982745 0.017255
9 1.37366e-05 0.999986
9 1e-07 1
9 0.000974398 0.999026
9 0.341036 0.658964
9 3.35659e-05 0.999966
4 0.997444 0.00255559
9 5.65107e-05 0.999943
4 0.96016 0.0398401
4 0.99907 0.000929958
4 0.98394 0.0160601
4 0.999059 0.000940553
4 0.999295 0.000704743
4 0.982712 0.017288
4 0.999907 9.28279e-05
9 0.115014 0.884986
4 0.990579 0.00942065
4 0.980063 0.0199373
4 0.980996 0.0190036
9 0.000392791 0.999607
9 0.000134269 0.999866
4 0.977345 0.0226555
4 0.976501 0.0234989
9 0.0263759 0.973624
9 0.00757779 0.992422
4 0.953988 0.0460118
4 0.989388 0.010612
4 0.946424 0.0535764
4 0.993667 0.0063326
9 0.0103709 0.989629
9 0.00386324 0.996137
4 0.998823 0.00117715
4 0.992818 0.00718245
4 0.993424 0.00657633
4 0.9991 0.000899638
4 0.984383 0.0156173
4 0.906707 0.0932929
9 0.087446 0.912554
9 7.52044e-06 0.999992
4 0.999932 6.75202e-05
4 0.65058 0.34942
9 0.0242415 0.975758
4 0.98961 0.01039
4 0.971597 0.028403
4 0.999518 0.000482032
4 0.976426 0.0235738
9 2.15668e-05 0.999978
4 0.999577 0.000422541
9 4.45249e-06 0.999996
4 0.98098 0.01902
9 8.90728e-07 0.999999
4 0.982571 0.0174295
9 0.00191709 0.998083
4 0.999722 0.0002782
4 0.994396 0.00560429
4 0.999714 0.000285837
4 0.999675 0.000324847
9 1.10872e-05 0.999989
4 0.9997 0.000299636
4 0.985169 0.0148313
4 0.951382 0.0486177
4 0.90373 0.0962704
4 0.999275 0.000724992
4 0.997947 0.0020534
9 0.0225911 0.977409
4 0.988823 0.0111771
9 1e-07 1
4 0.952928 0.0470718
4 0.973333 0.0266666
9 0.155108 0.844892
9 0.0279061 0.972094
9 0.000121477 0.999879
4 0.98078 0.0192196
4 0.998562 0.0014382
9 0.000442392 0.999558
9 0.00392367 0.996076
4 0.976834 0.023166
4 0.585267 0.414733
9 1e-07 1
9 0.0967108 0.903289
4 0.991606 0.00839406
4 0.974572 0.0254284
4 0.985586 0.0144141
9 0.000166555 0.999833
4 0.991853 0.0081468
4 0.998989 0.00101074
4 0.981274 0.0187264
9 0.359671 0.640329
4 0.667633 0.332367
4 0.98793 0.0120697
4 0.969537 0.0304631
9 0.0553031 0.944697
4 0.997995 0.00200474
4 0.974609 0.0253906
4 0.991757 0.00824284
9 0.0556281 0.944372
9 0.00959736 0.990403
4 0.999252 0.000747656
4 0.982771 0.0172294
9 0.498656 0.501344
9 1e-07 1
4 0.978579 0.0214211
4 0.999411 0.000589262
9 3.31948e-06 0.999997
9 0.00196865 0.998031
4 0.978859 0.0211405
4 0.948424 0.0515759
4 0.875799 0.124201
4 0.930804 0.069196
4 0.918431 0.0815689
9 0.00075698 0.999243
4 0.999257 0.000743094
4 0.995419 0.00458148
4 0.936558 0.0634418
4 0.975611 0.0243886
4 0.984216 0.0157836
9 2.26892e-05 0.999977
4 0.950869 0.0491315
9 0.190299 0.809701
4 0.969964 0.0300362
9 7.31836e-05 0.999927
9 0.0334763 0.966524
9 0.00433596 0.995664
4 0.976643 0.0233573
4 0.954865 0.0451346
9 1e-07 1
9 0.000959977 0.99904
9 0.0218204 0.97818
4 0.98103 0.0189699
4 0.989644 0.0103564
4 0.999195 0.000804823
4 0.998053 0.00194687
4 0.917617 0.082383
9 0.000263787 0.999736
4 0.993805 0.00619498
4 0.984616 0.0153843
4 0.988878 0.0111217
4 0.950638 0.0493621
4 0.987324 0.0126759
4 0.987287 0.0127127
9 0.000909266 0.999091
4 0.933239 0.0667613
4 0.971345 0.0286555
4 0.995733 0.00426682
4 0.978693 0.0213069
4 0.979207 0.0207935
4 0.999746 0.000254257
9 0.0479946 0.952005
4 0.960735 0.0392652
4 0.999872 0.000127602
4 0.998526 0.00147376
4 0.99967 0.000329761
9 0.00128027 0.99872
9 7.53153e-05 0.999925
9 0.000106589 0.999893
9 7.62991e-05 0.999924
4 0.979346 0.0206539
4 0.980294 0.0197058
4 0.96008 0.03992
4 0.978511 0.0214892
4 0.98583 0.0141704
4 0.981514 0.0184863
4 0.984362 0.0156378
4 0.997094 0.00290621
4 0.759367 0.240633
4 0.999485 0.000515201
9 1.2978e-05 0.999987
4 0.981547 0.0184525
4 0.972108 0.0278916
4 0.980609 0.0193915
4 0.567964 0.432036
4 0.977838 0.0221623
4 0.978398 0.0216024
4 0.981925 0.0180747
4 0.991938 0.00806166
4 0.985142 0.0148584
9 0.00061844 0.999382
4 0.999417 0.000583152
4 0.970949 0.0290514
4 0.65261 0.34739
4 0.982122 0.0178777
4 0.98695 0.0130496
9 0.295389 0.704611
9 0.0178935 0.982106
4 0.990708 0.00929221
4 0.97849 0.0215105
4 0.932393 0.0676073
9 2.20601e-05 0.999978
4 0.998773 0.00122747
4 0.981156 0.0188442
4 0.981903 0.0180972
4 0.570289 0.429711
4 0.990956 0.00904428
4 0.960371 0.0396288
9 0.0188486 0.981151
4 0.957525 0.0424747
4 0.990428 0.00957167
9 2.25211e-07 1
4 0.807453 0.192547
4 0.981461 0.0185389
4 0.753117 0.246883
4 0.97929 0.0207098
4 0.998087 0.00191266
4 0.979671 0.0203289
4 0.976007 0.0239932
4 0.999897 0.000102868
9 0.00213027 0.99787
4 0.970015 0.0299846
4 0.999929 7.11782e-05
4 0.999876 0.000123859
4 0.989886 0.0101144
4 0.975109 0.024891
4 0.939548 0.060452
4 0.999775 0.00022478
4 0.806288 0.193712
4 0.998268 0.00173228
4 0.979639 0.0203607
9 0.0171837 0.982816
4 0.999348 0.000651518
9 1e-07 1
9 0.019164 0.980836
9 0.00850207 0.991498
4 0.999503 0.000497021
4 0.97833 0.0216704
4 0.999722 0.000278441
9 0.00454044 0.99546
4 0.979781 0.0202193
4 0.980552 0.0194476
4 0.994877 0.00512278
9 1.5284e-05 0.999985
4 0.963818 0.0361817
4 0.957276 0.0427237
4 0.951543 0.0484572
4 0.982257 0.0177427
4 0.984092 0.0159084
4 0.98463 0.0153701
4 0.971715 0.0282848
4 0.986177 0.0138229
4 0.99996 3.96282e-05
4 0.999951 4.92308e-05
9 1.44974e-06 0.999999
4 0.99503 0.00496957
4 0.9706 0.0293999
4 0.999791 0.00020934
4 0.98233 0.0176701
4 0.90151 0.0984903
4 0.902428 0.0975724
4 0.977458 0.0225422
9 9.13705e-07 0.999999
4 0.903718 0.0962824
9 1e-07 1
4 0.993303 0.00669749
4 0.975779 0.0242214
9 0.277363 0.722637
4 0.981024 0.0189762
9 2.86898e-07 1
4 0.974119 0.0258811
9 0.028924 0.971076
9 0.0255116 0.974488
9 0.181867 0.818133
4 0.981961 0.018039
4 0.979961 0.020039
9 0.0213293 0.978671
4 0.999656 0.000344366
9 0.00586907 0.994131
9 0.0308571 0.969143
4 0.967251 0.0327489
4 0.780404 0.219596
9 0.0107259 0.989274
9 0.00741989 0.99258
9 0.30046 0.69954
4 0.922583 0.0774173
9 0.0204471 0.979553
4 0.999976 2.37811e-05
4 0.995714 0.0042857
4 0.977417 0.022583
4 0.999616 0.000384367
4 0.987707 0.0122928
4 0.999866 0.000133946
4 0.98603 0.01397
4 0.977467 0.022533
9 0.00937981 0.99062
4 0.675892 0.324108
4 0.9832 0.0167997
4 0.982115 0.0178849
4 0.99988 0.00011977
4 0.990023 0.00997724
4 0.991295 0.00870466
4 0.994801 0.0051994
4 0.990496 0.0095036
9 0.00200582 0.997994
4 0.970734 0.0292656
4 0.991997 0.00800315
4 0.979478 0.0205218
9 0.00916701 0.990833
4 0.994101 0.00589862
4 0.883537 0.116463
9 1e-07 1
4 0.979874 0.0201259
9 0.0207469 0.979253
4 0.999892 0.000107555
4 0.832912 0.167088
4 0.998795 0.00120522
9 3.37267e-07 1
4 0.989648 0.0103522
4 0.64685 0.35315
4 0.979305 0.0206954
4 0.55631 0.44369
4 0.992884 0.00711623
4 0.983131 0.0168687
4 0.980511 0.0194887
4 0.999781 0.000218648
9 1.66166e-06 0.999998
4 0.967384 0.0326164
4 0.994028 0.0059716
4 0.978752 0.0212484
9 0.0275886 0.972411
4 0.956088 0.0439117
4 0.868473 0.131527
4 0.931321 0.0686794
9 0.477915 0.522085
4 0.984237 0.0157627
4 0.982331 0.0176686
4 0.995729 0.0042714
9 1.98098e-07 1
4 0.999849 0.000150951
4 0.964735 0.0352648
4 0.950335 0.049665
9 0.00329431 0.996706
9 0.111834 0.888166
4 0.975748 0.0242518
4 0.97903 0.02097
4 0.958115 0.0418848
9 2.41746e-06 0.999998
4 0.99992 8.0426e-05
4 0.99993 7.02755e-05
9 1.0906e-06 0.999999
4 0.992633 0.00736749
4 0.988866 0.0111345
4 0.941282 0.0587178
4 0.971904 0.0280964
9 0.0510956 0.948904
9 0.200642 0.799358
9 5.04017e-05 0.99995
9 4.69892e-05 0.999953
4 0.897754 0.102246
4 0.715277 0.284723
4 0.960463 0.0395366
4 0.997304 0.00269599
9 0.00427737 0.995723
4 0.998806 0.00119394
4 0.974634 0.0253655
4 0.999809 0.000190548
4 0.981801 0.0181993
4 0.961543 0.0384571
9 0.0377511 0.962249
4 0.998204 0.00179647
4 0.971667 0.0283331
9 0.000224299 0.999776
4 0.999824 0.000176122
4 0.997465 0.00253452
4 0.969608 0.0303922
9 0.00189995 0.9981
9 0.000270855 0.999729
4 0.999735 0.000264548
9 0.26102 0.73898
4 0.989725 0.0102749
9 1e-07 1
9 4.16078e-05 0.999958
4 0.971887 0.0281129
4 0.902721 0.0972788
4 0.999548 0.000452121
4 0.991056 0.00894383
4 0.999472 0.000528255
4 0.892017 0.107983
4 0.981068 0.0189315
4 0.999641 0.000359152
4 0.999842 0.000158115
9 1.10714e-05 0.999989
4 0.989224 0.0107763
9 0.24147 0.75853
4 0.878549 0.121451
4 0.999289 0.000711488
4 0.97982 0.02018
4 0.987585 0.0124146
4 0.972614 0.0273864
4 0.973147 0.0268527
4 0.932321 0.0676791
4 0.997116 0.00288418
4 0.987631 0.0123687
9 0.0444261 0.955574
4 0.999392 0.000608
9 0.0155061 0.984494
4 0.99994 6.0004e-05
4 0.861567 0.138433
4 0.970912 0.0290884
4 0.904166 0.0958342
9 0.00366486 0.996335
9 0.119528 0.880472
4 0.990231 0.00976853
9 0.123299 0.876701
9 0.22182 0.77818
4 0.981179 0.0188213
4 0.961083 0.0389166
9 4.00095e-06 0.999996
9 0.250607 0.749393
4 0.984802 0.0151981
4 0.999901 9.89276e-05
9 1.79062e-07 1
9 0.0350275 0.964973
4 0.804857 0.195143
4 0.949844 0.0501559
9 3.76948e-05 0.999962
4 0.991103 0.00889703
4 0.999566 0.000433837
9 0.113489 0.886511
4 0.999828 0.000172234
4 0.992277 0.00772267
4 0.968131 0.0318686
9 0.140869 0.859131
9 0.000125164 0.999875
4 0.971375 0.0286247
4 0.999907 9.31681e-05
4 0.990829 0.00917084
9 0.0807269 0.919273
4 0.990031 0.00996853
4 0.997836 0.00216351
4 0.998706 0.00129375
4 0.991253 0.00874681
4 0.993349 0.00665104
4 0.973333 0.0266673
4 0.913953 0.0860469
9 0.20788 0.79212
4 0.982123 0.0178767
9 0.00441857 0.995581
4 0.999638 0.000362262
4 0.999921 7.86358e-05
4 0.99721 0.00279029
4 0.757137 0.242863
9 2.02293e-07 1
9 1e-07 1
4 0.978721 0.021279
4 0.99937 0.000630305
4 0.989136 0.0108636
4 0.976814 0.0231859
9 6.21579e-05 0.999938
9 0.00342124 0.996579
4 0.999702 0.000298381
4 0.999884 0.000115731
4 0.979112 0.0208878
4 0.999888 0.000112376
9 3.99106e-06 0.999996
9 1e-07 1
9 0.00183631 0.998164
9 0.000375471 0.999625
4 0.956683 0.0433165
4 0.716944 0.283056
4 0.999928 7.22154e-05
9 8.78879e-05 0.999912
4 0.84524 0.15476
4 0.977606 0.0223937
4 0.977706 0.0222939
4 0.915715 0.0842847
4 0.98265 0.0173498
4 0.96625 0.0337498
4 0.972955 0.0270447
9 1e-07 1
9 1e-07 1
4 0.977723 0.0222775
4 0.993763 0.00623737
4 0.99529 0.00471006
4 0.999839 0.000160713
4 0.999899 0.000100567
9 1e-07 1
9 0.00158428 0.998416
4 0.999976 2.35214e-05
4 0.967516 0.0324841
9 0.0774161 0.922584
4 0.984599 0.0154009
9 0.478316 0.521684
4 0.981772 0.0182281
4 0.989652 0.0103482
4 0.990981 0.00901928
4 0.982867 0.0171328
4 0.979236 0.0207641
4 0.999091 0.000908626
4 0.999761 0.000238799
4 0.998118 0.00188154
9 0.00339769 0.996602
4 0.96575 0.0342498
9 3.79989e-06 0.999996
4 0.983772 0.0162277
4 0.985855 0.0141454
4 0.870841 0.129159
4 0.965732 0.0342679
4 0.981202 0.0187981
9 1.85201e-05 0.999981
9 1e-07 1
4 0.704941 0.295059
4 0.999817 0.000183456
4 0.955957 0.0440429
4 0.987265 0.0127346
4 0.999376 0.000623535
4 0.896862 0.103138
4 0.999674 0.000326359
9 1e-07 1
9 4.71541e-07 1
9 0.0040783 0.995922
4 0.998784 0.00121613
4 0.985371 0.0146293
4 0.95927 0.0407297
4 0.98108 0.0189203
4 0.979838 0.0201623
9 0.000180811 0.999819
4 0.969535 0.0304652
4 0.999514 0.000485885
9 0.00558996 0.99441
4 0.970863 0.029137
4 0.9731 0.0268998
4 0.977996 0.0220044
4 0.999982 1.8021e-05
4 0.986139 0.0138614
9 0.089655 0.910345
4 0.990851 0.00914921
9 0.000126227 0.999874
4 0.966874 0.0331264
4 0.930329 0.0696713
9 0.0128642 0.987136
4 0.992946 0.00705387
4 0.982983 0.0170169
9 0.00944879 0.990551
9 1e-07 1
9 1e-07 1
9 1e-07 1
9 0.000187602 0.999812
4 0.98411 0.0158895
4 0.991586 0.00841426
4 0.980638 0.0193619
4 0.98722 0.01278
4 0.972939 0.0270614
9 1e-07 1
4 0.996467 0.00353277
4 0.983982 0.0160182
4 0.999815 0.000185031
9 0.00349839 0.996502
4 0.987888 0.0121122
4 0.959032 0.040968
9 2.83023e-06 0.999997
9 0.159815 0.840185
9 0.00446002 0.99554
9 0.291104 0.708896
4 0.96341 0.0365899
9 0.00585853 0.994141
4 0.965504 0.0344958
4 0.994902 0.0050981
9 0.0160098 0.98399
4 0.986416 0.0135838
9 0.00672527 0.993275
4 0.988749 0.0112515
9 0.0108284 0.989172
4 0.945152 0.0548478
4 0.999915 8.53157e-05
4 0.999785 0.000214578
4 0.983801 0.0161987
9 0.131727 0.868273
4 0.972024 0.0279763
4 0.977915 0.0220846
4 0.987985 0.012015
9 0.0624222 0.937578
4 0.981406 0.0185943
9 0.057121 0.942879
9 2.57038e-07 1
4 0.988848 0.0111516
4 0.974567 0.0254331
9 1e-07 1
4 0.969951 0.0300487
4 0.95881 0.0411899
4 0.979558 0.0204416
9 0.118384 0.881616
9 1.52461e-07 1
4 0.999601 0.000399155
4 0.981541 0.0184593
9 8.62359e-05 0.999914
9 6.78268e-06 0.999993
9 0.00984089 0.990159
4 0.938085 0.0619145
4 0.999481 0.000518994
4 0.970576 0.0294245
9 0.000373106 0.999627
4 0.982429 0.0175707
4 0.992217 0.00778346
9 0.00867289 0.991327
4 0.999928 7.16342e-05
9 0.451141 0.548859
4 0.997461 0.00253888
9 1.79792e-06 0.999998
4 0.999204 0.000795994
4 0.980483 0.0195172
9 7.21474e-06 0.999993
9 0.000192455 0.999808
9 0.00597569 0.994024
4 0.995367 0.00463294
4 0.999404 0.000596042
4 0.948504 0.0514956
4 0.974479 0.0255213
4 0.974615 0.0253847
4 0.554276 0.445724
9 0.000943752 0.999056
4 0.982786 0.0172145
4 0.999837 0.000163263
4 0.585413 0.414587
9 0.165679 0.834321
4 0.998978 0.00102245
4 0.99382 0.00618029
4 0.999752 0.000247747
4 0.992771 0.00722889
4 0.981296 0.0187036
4 0.96685 0.0331498
4 0.960971 0.0390294
4 0.982809 0.0171915
4 0.999941 5.92563e-05
4 0.999925 7.45172e-05
4 0.573772 0.426228
9 0.465893 0.534107
9 0.0175799 0.98242
4 0.983215 0.0167853
4 0.967088 0.0329116
9 0.285766 0.714234
9 2.92194e-05 0.999971
4 0.946513 0.0534866
4 0.979914 0.0200859
4 0.995178 0.00482211
4 0.988599 0.0114008
9 0.194548 0.805452
9 0.0489738 0.951026
4 0.999556 0.000444171
9 0.199065 0.800935
4 0.922958 0.0770418
4 0.603416 0.396584
4 0.974666 0.0253336
4 0.812577 0.187423
4 0.998885 0.00111454
4 0.969935 0.0300649
4 0.973882 0.0261183
4 0.982675 0.017325
9 0.477557 0.522443
4 0.964984 0.0350162
4 0.992469 0.0075307
9 0.0265102 0.97349
9 4.92029e-07 1
4 0.977532 0.022468
9 0.00581817 0.994182
9 0.000135364 0.999865
4 0.973237 0.0267631
4 0.986355 0.0136447
4 0.967402 0.0325977
9 1e-07 1
4 0.912097 0.0879027
4 0.726876 0.273124
4 0.997852 0.00214756
4 0.999446 0.000553544
4 0.833243 0.166757
4 0.998983 0.00101664
4 0.99812 0.00187954
4 0.86542 0.13458
4 0.989557 0.0104428
4 0.999739 0.000261167
9 8.89437e-07 0.999999
4 0.8977 0.1023
4 0.888781 0.111219
9 0.0270143 0.972986
4 0.996046 0.0039539
4 0.989904 0.0100957
4 0.989814 0.010186
9 2.52553e-06 0.999997
4 0.999569 0.000430972
9 4.2711e-06 0.999996
4 0.985232 0.0147683
4 0.981847 0.0181529
4 0.926224 0.0737759
4 0.992084 0.00791638
4 0.985267 0.0147333
4 0.972703 0.0272971
4 0.914165 0.0858349
4 0.99976 0.000239783
4 0.854742 0.145258
4 0.999374 0.000625951
9 0.000546726 0.999453
4 0.985301 0.0146992
4 0.970561 0.0294391
4 0.999644 0.000356208
9 0.000806153 0.999194
4 0.999861 0.000139355
9 0.0434978 0.956502
9 2.10493e-06 0.999998
4 0.981292 0.0187082
4 0.926633 0.0733667
4 0.990098 0.00990173
9 0.00106723 0.998933
4 0.977184 0.0228157
9 0.00082844 0.999172
4 0.965645 0.0343549
9 1e-07 1
4 0.984859 0.015141
9 0.000434337 0.999566
4 0.999881 0.000119393
4 0.99988 0.000120347
4 0.993746 0.00625434
9 0.0148866 0.985113
4 0.983726 0.0162742
4 0.987011 0.0129892
4 0.980005 0.0199947
4 0.971984 0.028016
9 0.0045535 0.995446
4 0.98711 0.01289
9 1e-07 1
4 0.999945 5.46853e-05
4 0.920886 0.079114
4 0.739138 0.260862
4 0.991627 0.00837327
4 0.981364 0.0186358
4 0.999565 0.000434732
9 0.0134639 0.986536
4 0.945543 0.0544573
9 1.26641e-06 0.999999
4 0.750781 0.249219
4 0.950314 0.0496856
4 0.985068 0.0149322
4 0.984125 0.0158746
4 0.981598 0.018402
4 0.979532 0.0204681
4 0.99898 0.00102006
4 0.991578 0.00842237
9 1.81812e-06 0.999998
4 0.998664 0.00133582
4 0.996382 0.00361827
9 0.000251768 0.999748
4 0.998407 0.00159331
4 0.999905 9.45219e-05
4 0.989252 0.0107483
9 0.000419794 0.99958
9 1.32092e-07 1
4 0.774399 0.225601
4 0.99943 0.000570208
4 0.987615 0.0123849
4 0.999867 0.00013282
9 0.000730404 0.99927
4 0.973237 0.0267634
4 0.994867 0.00513278
4 0.970679 0.0293209
4 0.999586 0.000414431
4 0.989724 0.0102761
9 1e-07 1
9 9.17983e-06 0.999991
4 0.919897 0.0801033
9 0.00102464 0.998975
9 6.1483e-05 0.999939
4 0.98972 0.0102797
4 0.987239 0.0127614
4 0.678084 0.321916
4 0.981711 0.018289
9 1.22267e-07 1
9 1.33904e-06 0.999999
4 0.98351 0.0164902
4 0.977549 0.0224506
4 0.957006 0.0429936
4 0.999813 0.000186918
4 0.912314 0.0876855
9 7.40304e-05 0.999926
9 1e-07 1
4 0.9728 0.0271999
4 0.999595 0.000405435
4 0.980264 0.0197358
4 0.999603 0.000396519
4 0.989634 0.0103663
4 0.788736 0.211264
4 0.982375 0.017625
4 0.999752 0.000247963
9 0.00301345 0.996987
9 0.00270485 0.997295
4 0.995256 0.00474385
9 4.7714e-05 0.999952
9 0.000239325 0.999761
4 0.94197 0.0580299
4 0.993064 0.0069362
4 0.989663 0.0103368
4 0.995974 0.00402641
9 0.143632 0.856368
4 0.989567 0.0104333
4 0.999797 0.000202971
4 0.999672 0.000328407
4 0.930968 0.0690323
4 0.993782 0.00621849
4 0.980184 0.0198162
4 0.897665 0.102335
4 0.997964 0.00203618
4 0.962906 0.0370936
4 0.986183 0.0138173
4 0.942093 0.057907
4 0.777439 0.222561
4 0.98802 0.0119803
4 0.994793 0.00520684
4 0.998983 0.00101718
4 0.968542 0.0314583
4 0.983081 0.0169188
9 0.000663564 0.999336
4 0.884455 0.115545
4 0.977671 0.0223295
4 0.931398 0.0686015
4 0.999309 0.000691221
9 6.23945e-06 0.999994
4 0.997297 0.00270337
4 0.974334 0.0256656
4 0.999601 0.000398826
4 0.994556 0.00544376
4 0.963709 0.0362911
4 0.999656 0.000344128
4 0.976316 0.0236842
4 0.978879 0.0211209
4 0.981305 0.0186952
4 0.999651 0.000349358
4 0.990347 0.00965349
4 0.982956 0.0170437
9 0.0326804 0.96732
4 0.981354 0.0186459
4 0.979727 0.0202732
4 0.999913 8.68356e-05
4 0.998273 0.00172667
4 0.999952 4.79106e-05
9 0.2792 0.7208
4 0.941433 0.0585673
4 0.999879 0.000120572
4 0.998896 0.00110389
4 0.978391 0.0216095
9 1e-07 1
4 0.987299 0.0127011
9 1.73896e-06 0.999998
4 0.997891 0.00210924
4 0.976085 0.0239152
9 9.92149e-07 0.999999
4 0.966048 0.0339525
4 0.916412 0.0835883
9 0.000699596 0.9993
4 0.980378 0.0196223
4 0.929015 0.0709854
4 0.984694 0.0153058
4 0.932063 0.067937
9 0.321324 0.678676
4 0.999272 0.000728493
4 0.999881 0.000118832
4 0.963133 0.0368665
9 0.0854243 0.914576
9 6.02793e-06 0.999994
9 0.0042977 0.995702
9 0.0046196 0.99538
4 0.989038 0.0109619
4 0.97422 0.0257804
4 0.980992 0.0190078
4 0.958731 0.0412692
9 0.0470599 0.95294
9 0.446435 0.553565
4 0.986235 0.0137649
4 0.973758 0.0262423
4 0.99989 0.00010969
4 0.999815 0.000184725
9 1e-07 1
9 0.0457778 0.954222
4 0.998712 0.00128788
9 0.205003 0.794997
9 0.0376487 0.962351
4 0.974778 0.0252222
4 0.920386 0.0796144
4 0.99693 0.00307043
9 0.0553235 0.944677
9 1e-07 1
4 0.928354 0.0716457
4 0.981997 0.0180033
4 0.993755 0.00624473
9 0.0100899 0.98991
4 0.974204 0.025796
9 1.54733e-07 1
4 0.999107 0.000892565
4 0.999587 0.00041307
4 0.999136 0.000864428
9 1e-07 1
4 0.977496 0.0225043
9 0.0188078 0.981192
4 0.942903 0.0570967
4 0.993537 0.00646253
4 0.999668 0.000332075
4 0.779897 0.220103
9 0.0513008 0.948699
4 0.999952 4.76296e-05
9 0.084404 0.915596
4 0.635562 0.364438
9 0.0155469 0.984453
4 0.996049 0.00395135
9 0.000401566 0.999598
4 0.878702 0.121298
4 0.548457 0.451543
4 0.960882 0.0391177
4 0.997719 0.00228094
4 0.982431 0.0175693
4 0.980779 0.0192213
9 0.0787396 0.92126
9 0.00522462 0.994775
4 0.888033 0.111967
4 0.99561 0.00439025
9 0.0108024 0.989198
9 2.5169e-06 0.999997
4 0.771011 0.228989
4 0.963766 0.0362338
4 0.977379 0.0226212
4 0.984292 0.0157077
4 0.999708 0.000292244
9 0.273964 0.726036
4 0.999134 0.000866329
4 0.846954 0.153046
9 1.27696e-05 0.999987
4 0.971722 0.0282784
4 0.927103 0.0728972
4 0.974473 0.0255268
4 0.993137 0.00686269
4 0.997489 0.00251142
9 0.28438 0.71562
4 0.981378 0.0186223
4 0.979743 0.0202572
9 0.0504392 0.949561
4 0.958163 0.0418371
9 0.301559 0.698441
9 0.0157003 0.9843
4 0.982997 0.0170027
4 0.976092 0.0239081
4 0.582266 0.417734
4 0.98279 0.0172102
4 0.771791 0.228209
4 0.980198 0.0198019
4 0.999988 1.22167e-05
4 0.999342 0.000657579
9 0.379679 0.620321
9 0.0714652 0.928535
4 0.99986 0.000139881
4 0.882961 0.117039
9 3.90102e-05 0.999961
4 0.987712 0.0122881
9 0.00204129 0.997959
9 1e-07 1
9 4.75423e-07 1
9 0.487756 0.512244
9 0.0082026 0.991797
9 0.00699259 0.993007
4 0.972718 0.0272819
4 0.974832 0.0251679
9 0.294394 0.705606
4 0.941725 0.0582755
4 0.999734 0.000265506
4 0.959567 0.0404328
4 0.996786 0.00321357
4 0.970855 0.0291449
4 0.98136 0.0186396
4 0.999755 0.000244755
4 0.978547 0.0214533
4 0.997163 0.00283742
4 0.912038 0.0879617
4 0.97992 0.0200802
9 8.46711e-06 0.999992
4 0.99612 0.00387951
4 0.999632 0.000367619
4 0.998396 0.00160416
9 0.000896899 0.999103
9 1e-07 1
4 0.999933 6.68206e-05
4 0.963566 0.036434
9 0.00115446 0.998846
4 0.993823 0.0061768
4 0.994575 0.00542476
4 0.999842 0.000157547
4 0.989807 0.0101928
4 0.990087 0.00991332
4 0.987989 0.0120106
4 0.999454 0.000545829
4 0.965151 0.0348489
4 0.985113 0.0148873
4 0.954014 0.0459864
4 0.993123 0.00687737
4 0.980071 0.0199289
9 1e-07 1
4 0.999266 0.000733794
4 0.987019 0.012981
4 0.999732 0.000268029
4 0.966276 0.0337241
9 2.60733e-07 1
9 1e-07 1
9 0.384463 0.615537
9 3.96137e-06 0.999996
4 0.959409 0.0405909
4 0.971584 0.028416
9 1.14057e-06 0.999999
9 0.345698 0.654302
4 0.98611 0.0138896
4 0.945305 0.0546947
4 0.981059 0.0189412
9 0.0107884 0.989212
4 0.981794 0.018206
9 4.60862e-07 1
4 0.979866 0.0201341
9 1e-07 1
4 0.941182 0.0588185
4 0.999921 7.90115e-05
4 0.949114 0.0508856
9 9.09406e-07 0.999999
4 0.999678 0.000322339
4 0.981539 0.0184609
9 0.00279255 0.997207
4 0.961727 0.0382733
9 0.000101184 0.999899
4 0.980664 0.0193359
4 0.981673 0.0183267
4 0.99986 0.000139732
9 0.0768281 0.923172
4 0.980979 0.0190213
9 0.00140787 0.998592
4 0.993019 0.00698068
4 0.983977 0.0160227
4 0.999858 0.000141864
4 0.984485 0.0155146
4 0.963702 0.0362985
4 0.965532 0.034468
9 0.0184376 0.981562
9 1e-07 1
4 0.998642 0.00135841
4 0.942488 0.0575116
4 0.990497 0.0095026
4 0.969499 0.0305008
4 0.970615 0.029385
9 1e-07 1
9 0.000103054 0.999897
4 0.985781 0.0142193
4 0.961103 0.0388971
4 0.988276 0.0117244
9 0.310342 0.689658
9 0.00242786 0.997572
4 0.983779 0.0162209
9 0.00346724 0.996533
9 6.24446e-05 0.999938
4 0.970544 0.029456
4 0.999642 0.000357773
4 0.982501 0.0174987
9 0.000760553 0.999239
4 0.999893 0.000107374
9 0.0339986 0.966001
4 0.999091 0.000909249
4 0.999765 0.000234745
4 0.856571 0.143429
4 0.987226 0.0127744
4 0.987661 0.0123392
4 0.746736 0.253264
4 0.921912 0.0780878
9 0.00253182 0.997468
4 0.983375 0.0166251
4 0.999772 0.000228162
9 0.242452 0.757548
9 1e-07 1
4 0.973241 0.0267589
9 0.000867046 0.999133
4 0.965043 0.0349572
9 1e-07 1
9 4.77718e-06 0.999995
4 0.981327 0.0186727
4 0.981819 0.0181809
4 0.967852 0.0321481
4 0.98697 0.0130302
4 0.985324 0.0146761
9 0.000488882 0.999511
4 0.884656 0.115344
4 0.985953 0.0140471
4 0.997616 0.00238354
4 0.974004 0.0259962
4 0.971196 0.0288043
9 5.54791e-07 0.999999
9 0.000203222 0.999797
4 0.967905 0.0320946
4 0.999586 0.000413814
4 0.989387 0.0106133
4 0.930246 0.0697541
4 0.993529 0.00647119
4 0.999024 0.000975771
4 0.999955 4.4785e-05
9 1.05189e-05 0.999989
4 0.980352 0.019648
4 0.983353 0.0166469
9 4.09813e-07 1
9 3.60425e-07 1
4 0.997973 0.00202685
4 0.999636 0.000363642
9 0.0081765 0.991823
9 0.0146415 0.985359
4 0.99896 0.00103991
4 0.940145 0.0598548
4 0.961653 0.0383475
9 3.25902e-05 0.999967
4 0.973043 0.0269568
9 0.0149294 0.985071
9 0.00643841 0.993562
4 0.981763 0.0182371
4 0.984151 0.0158495
4 0.975914 0.0240864
4 0.985222 0.0147782
4 0.971709 0.0282906
4 0.975953 0.0240466
4 0.992255 0.00774502
4 0.988265 0.0117349
9 0.000159262 0.999841
4 0.992557 0.00744304
4 0.999911 8.91547e-05
9 1e-07 1
4 0.999531 0.000468615
4 0.528918 0.471082
4 0.956245 0.0437546
9 0.125071 0.874929
9 0.0428018 0.957198
9 0.0522611 0.947739
9 0.00870344 0.991297
9 0.0962896 0.90371
9 4.30437e-05 0.999957
4 0.999879 0.000121051
4 0.900148 0.0998516
4 0.970277 0.0297233
4 0.996928 0.00307158
4 0.99986 0.000139729
4 0.975678 0.0243219
4 0.999665 0.000334875
4 0.999619 0.000381391
9 1e-07 1
9 1.44197e-05 0.999986
9 0.00594587 0.994054
9 0.00954249 0.990458
4 0.986047 0.0139531
4 0.999446 0.000553616
9 0.406554 0.593446
4 0.991156 0.00884362
9 0.427851 0.572149
4 0.879275 0.120725
9 0.493179 0.506821
4 0.974189 0.0258106
4 0.978538 0.021462
4 0.984839 0.0151605
4 0.992106 0.00789391
4 0.977858 0.0221423
9 0.000836065 0.999164
4 0.996831 0.00316916
4 0.97379 0.0262102
4 0.955536 0.0444635
4 0.939476 0.0605243
4 0.989756 0.0102438
4 0.915934 0.0840659
4 0.691981 0.308019
4 0.999287 0.000712876
4 0.985361 0.0146385
4 0.999424 0.0005761
4 0.995762 0.00423839
4 0.971361 0.0286388
4 0.999912 8.82079e-05
4 0.932491 0.0675086
4 0.990098 0.00990151
4 0.989658 0.0103424
9 0.00503426 0.994966
4 0.999906 9.36559e-05
9 0.0052934 0.994707
4 0.573761 0.426239
4 0.708228 0.291772
4 0.99733 0.00267029
4 0.98388 0.0161199
9 0.00130257 0.998697
9 0.276927 0.723073
9 1e-07 1
4 0.997644 0.00235568
4 0.993313 0.00668735
9 0.00711018 0.99289
4 0.986032 0.0139678
9 0.0136064 0.986394
4 0.999844 0.000155727
9 1.08606e-05 0.999989
9 1e-07 1
4 0.999626 0.000373636
4 0.999728 0.000271645
4 0.9896 0.0104004
9 3.17993e-05 0.999968
4 0.754696 0.245304
4 0.664511 0.335489
4 0.974654 0.0253462
4 0.997304 0.00269612
4 0.792354 0.207646
4 0.998436 0.00156383
9 0.00193504 0.998065
4 0.99713 0.00287032
9 1e-07 1
4 0.997389 0.00261108
4 0.996025 0.00397469
4 0.997458 0.00254235
4 0.994693 0.00530688
4 0.941952 0.0580485
4 0.988405 0.0115947
4 0.733886 0.266114
4 0.970677 0.0293226
9 0.000332642 0.999667
4 0.999818 0.000182298
4 0.99992 8.02156e-05
9 4.75104e-07 1
9 1.56261e-05 0.999984
4 0.94576 0.0542395
4 0.998899 0.00110091
9 1e-07 1
4 0.977152 0.0228476
4 0.999657 0.000343441
9 0.00106503 0.998935
4 0.980677 0.0193233
4 0.791697 0.208303
4 0.955398 0.0446015
4 0.97312 0.0268797
9 1e-07 1
4 0.97835 0.0216496
9 0.000238668 0.999761
4 0.994385 0.00561505
4 0.974834 0.025166
4 0.99073 0.00926985
4 0.999711 0.000288569
9 4.25324e-05 0.999957
4 0.987774 0.0122259
9 0.0204496 0.97955
4 0.950173 0.0498275
4 0.919937 0.0800627
9 0.0922214 0.907779
4 0.973001 0.0269992
4 0.949385 0.0506152
4 0.997816 0.00218437
9 1e-07 1
4 0.961805 0.0381949
4 0.983814 0.0161865
4 0.931777 0.0682225
9 4.61789e-06 0.999995
4 0.999796 0.000204291
4 0.921873 0.0781272
4 0.994003 0.00599735
4 0.972434 0.0275657
4 0.997025 0.00297453
4 0.976692 0.0233081
4 0.958681 0.0413195
9 0.0316535 0.968347
9 0.064452 0.935548
4 0.98993 0.0100704
4 0.983974 0.0160264
4 0.99947 0.000529839
9 0.146439 0.853561
4 0.980454 0.0195462
9 1e-07 1
4 0.890099 0.109901
4 0.970935 0.029065
4 0.980547 0.0194533
4 0.999128 0.000872273
9 0.0165531 0.983447
4 0.960724 0.0392761
4 0.991469 0.00853096
9 0.0116444 0.988356
9 0.125872 0.874128
9 1e-07 1
9 1e-07 1
4 0.55885 0.44115
9 2.87038e-07 1
4 0.971249 0.0287515
4 0.999207 0.000792586
4 0.983514 0.0164864
9 1e-07 1
4 0.999786 0.000214039
4 0.956498 0.0435024
4 0.989367 0.0106334
4 0.970648 0.0293521
4 0.91852 0.0814797
4 0.999963 3.69186e-05
9 1.44947e-05 0.999986
4 0.8097 0.1903
4 0.995105 0.00489485
4 0.995131 0.00486921
9 0.0126032 0.987397
4 0.810945 0.189055
9 0.00132008 0.99868
4 0.998783 0.00121693
4 0.982444 0.0175558
4 0.918406 0.0815944
4 0.996433 0.00356657
4 0.974906 0.0250943
4 0.996018 0.00398191
4 0.951324 0.0486759
4 0.964819 0.0351814
4 0.999797 0.000202814
4 0.570021 0.429979
4 0.984274 0.0157261
9 0.00947159 0.990528
9 0.000117409 0.999883
4 0.960926 0.0390737
4 0.959997 0.040003
4 0.979958 0.0200424
9 1.38227e-05 0.999986
9 0.0190009 0.980999
9 0.0377656 0.962234
4 0.99529 0.00471039
4 0.959839 0.0401606
9 0.0582962 0.941704
9 0.000162657 0.999837
4 0.832573 0.167427
4 0.766606 0.233394
4 0.999293 0.000707113
9 1e-07 1
4 0.745064 0.254936
4 0.999612 0.000387573
4 0.97662 0.0233798
9 0.000764653 0.999235
9 6.96235e-06 0.999993
4 0.970299 0.0297011
4 0.998112 0.00188788
4 0.926553 0.0734468
4 0.999357 0.000642593
9 1e-07 1
4 0.952784 0.0472157
4 0.981981 0.0180187
4 0.970176 0.029824
9 0.0559215 0.944079
4 0.990132 0.00986808
4 0.999935 6.45151e-05
4 0.981863 0.0181369
4 0.983558 0.0164418
4 0.987871 0.0121295
4 0.990804 0.00919626
4 0.987953 0.0120467
4 0.999664 0.000336265
4 0.999709 0.000290501
9 1.21454e-07 1
4 0.847791 0.152209
4 0.727129 0.272871
4 0.989042 0.0109576
9 0.039602 0.960398
9 0.000263174 0.999737
4 0.983124 0.0168759
9 1e-07 1
9 8.72374e-07 0.999999
4 0.934585 0.0654153
4 0.985614 0.0143862
4 0.993351 0.00664921
9 0.00751673 0.992483
4 0.984025 0.0159754
9 0.260671 0.739329
9 0.0378054 0.962195
4 0.988002 0.0119982
4 0.959849 0.0401505
9 0.0993997 0.9006
4 0.999554 0.000446078
9 1.85832e-05 0.999981
4 0.984755 0.0152454
4 0.984647 0.0153528
4 0.976473 0.023527
9 0.00924619 0.990754
4 0.961035 0.0389649
4 0.981863 0.0181372
9 2.05287e-07 1
9 0.000115674 0.999884
4 0.99971 0.000289644
9 0.0194336 0.980566
4 0.99982 0.000180454
9 0.49508 0.50492
9 7.12703e-06 0.999993
9 4.06813e-05 0.999959
4 0.999784 0.000216167
9 0.0116073 0.988393
9 0.00724439 0.992756
9 0.00603136 0.993969
4 0.974329 0.0256714
9 0.000166784 0.999833
9 0.126384 0.873616
4 0.575844 0.424156
9 0.171609 0.828391
4 0.999429 0.000571378
4 0.988609 0.0113913
4 0.99879 0.00121035
4 0.978769 0.0212309
4 0.980754 0.0192463
4 0.871266 0.128734
4 0.802398 0.197602
4 0.999594 0.000405919
4 0.97707 0.0229302
4 0.989796 0.0102036
4 0.912395 0.0876051
4 0.999284 0.000716476
4 0.972431 0.0275692
4 0.949519 0.0504805
4 0.999812 0.000187981
4 0.998905 0.00109488
9 0.0424257 0.957574
4 0.949618 0.0503822
4 0.982617 0.017383
4 0.984954 0.0150456
9 0.153355 0.846645
4 0.976177 0.0238233
9 0.0755062 0.924494
4 0.972971 0.0270289
4 0.99903 0.000970272
4 0.999784 0.000215733
4 0.978936 0.0210637
9 0.000136925 0.999863
4 0.99669 0.00330975
9 0.00695065 0.993049
9 4.28165e-05 0.999957
9 0.0320049 0.967995
4 0.995341 0.00465906
4 0.988596 0.011404
4 0.986514 0.0134856
9 0.15679 0.84321
9 0.101528 0.898472
9 1.3873e-05 0.999986
9 0.176001 0.823999
4 0.999895 0.000104998
4 0.999895 0.000104641
9 0.0359033 0.964097
4 0.98589 0.0141099
9 0.0319429 0.968057
4 0.972606 0.0273944
4 0.98059 0.01941
9 1.30522e-07 1
9 9.19329e-07 0.999999
4 0.983434 0.0165663
9 0.375868 0.624132
4 0.999731 0.000269438
4 0.98692 0.0130801
9 0.00731698 0.992683
4 0.999926 7.3999e-05
4 0.988546 0.0114537
9 0.00174541 0.998255
4 0.999825 0.000175227
4 0.985497 0.0145028
4 0.978893 0.0211074
4 0.983901 0.016099
4 0.999787 0.000212607
9 0.257764 0.742236
4 0.981146 0.0188541
4 0.788287 0.211713
4 0.988437 0.0115628
4 0.981789 0.0182115
9 0.150959 0.849041
4 0.898338 0.101662
4 0.984494 0.015506
4 0.926421 0.0735787
4 0.993637 0.00636345
4 0.999764 0.000235606
4 0.975276 0.0247241
4 0.955423 0.0445771
9 0.0202718 0.979728
4 0.979913 0.0200869
4 0.996949 0.00305122
4 0.977564 0.0224362
9 0.189095 0.810905
4 0.948723 0.0512774
9 1.22864e-05 0.999988
4 0.999765 0.000235497
4 0.999728 0.000271935
4 0.996104 0.00389647
9 4.11107e-06 0.999996
4 0.989002 0.0109979
4 0.99714 0.00286
4 0.977727 0.0222728
4 0.964892 0.0351078
4 0.996648 0.00335173
9 0.00105853 0.998941
4 0.541859 0.458141
9 0.100492 0.899508
4 0.996337 0.00366287
9 0.00820025 0.9918
4 0.999586 0.000414103
4 0.863217 0.136783
4 0.979059 0.0209406
4 0.93701 0.0629896
9 1e-07 1
4 0.980782 0.0192177
4 0.999781 0.000219088
4 0.992266 0.00773362
9 0.0020543 0.997946
4 0.966212 0.033788
4 0.992193 0.00780691
4 0.981795 0.0182053
4 0.996514 0.00348645
9 1e-07 1
4 0.927015 0.0729846
4 0.984216 0.0157841
4 0.905085 0.0949148
4 0.929192 0.0708078
4 0.999828 0.000172249
9 1.22571e-07 1
9 0.0167748 0.983225
4 0.949627 0.0503727
4 0.999706 0.00029357
4 0.83855 0.16145
4 0.983 0.0170001
4 0.997725 0.00227502
4 0.985724 0.0142763
4 0.953496 0.0465045
9 0.0942359 0.905764
4 0.960369 0.0396305
9 3.95884e-05 0.99996
4 0.891135 0.108865
4 0.859225 0.140775
9 0.133594 0.866406
4 0.987046 0.0129541
4 0.998833 0.00116725
9 0.43474 0.56526
4 0.999911 8.94583e-05
4 0.989293 0.0107068
4 0.985091 0.0149093
4 0.878859 0.121141
4 0.993171 0.00682877
4 0.99981 0.000190281
4 0.95467 0.0453296
4 0.556092 0.443908
4 0.667317 0.332683
4 0.999397 0.000602606
4 0.999822 0.000177582
4 0.759541 0.240459
9 5.62816e-05 0.999944
4 0.988588 0.0114117
4 0.978306 0.021694
4 0.993255 0.00674541
4 0.994838 0.00516227
4 0.989143 0.0108574
4 0.953622 0.0463776
9 0.0430692 0.956931
9 0.000341038 0.999659
4 0.98158 0.0184199
4 0.99636 0.00363956
4 0.978059 0.0219413
4 0.997943 0.00205733
4 0.961181 0.0388186
4 0.994801 0.00519859
9 0.0297438 0.970256
4 0.979665 0.0203351
4 0.99966 0.000340287
4 0.975481 0.0245193
4 0.964823 0.0351774
4 0.98569 0.0143097
9 1e-07 1
4 0.910191 0.089809
4 0.993875 0.0061253
4 0.986081 0.0139191
4 0.835201 0.164799
9 4.88582e-06 0.999995
9 0.0178658 0.982134
4 0.998486 0.00151409
4 0.991057 0.00894312
4 0.996546 0.0034545
4 0.99599 0.00400998
9 0.224863 0.775137
4 0.983772 0.0162283
9 0.000146854 0.999853
4 0.937476 0.0625244
4 0.994085 0.0059152
4 0.889634 0.110366
9 0.00192424 0.998076
4 0.999981 1.85913e-05
4 0.9996 0.000400054
4 0.983545 0.0164555
4 0.686907 0.313093
9 0.0402411 0.959759
4 0.967399 0.0326013
4 0.999767 0.00023299
9 1.16188e-05 0.999988
9 0.011619 0.988381
4 0.99928 0.000720416
9 0.233198 0.766802
4 0.990401 0.00959893
4 0.991096 0.00890405
4 0.995149 0.0048511
9 8.8648e-05 0.999911
4 0.982334 0.0176663
9 0.0317754 0.968225
4 0.999372 0.000627783
4 0.98044 0.0195601
4 0.971542 0.0284585
9 0.012555 0.987445
4 0.98064 0.0193598
9 0.0320805 0.967919
9 0.00016371 0.999836
4 0.999821 0.000178805
9 1.61857e-07 1
9 0.0158761 0.984124
4 0.997783 0.00221705
4 0.987303 0.0126971
4 0.820413 0.179587
4 0.989502 0.0104981
4 0.932824 0.0671756
4 0.995808 0.0041917
4 0.982113 0.0178866
4 0.923141 0.0768593
9 6.01921e-05 0.99994
9 0.144017 0.855983
9 1.91219e-06 0.999998
4 0.980946 0.0190544
4 0.98908 0.0109196
9 0.00405929 0.995941
4 0.992603 0.00739654
4 0.996462 0.00353845
4 0.983215 0.0167852
4 0.985581 0.0144191
4 0.97696 0.0230399
4 0.987177 0.0128229
9 0.00471524 0.995285
4 0.948244 0.0517556
4 0.986239 0.0137606
4 0.993382 0.00661789
4 0.987754 0.0122464
4 0.997896 0.002104
4 0.900367 0.0996335
4 0.971305 0.0286947
9 0.01187 0.98813
4 0.990559 0.0094413
4 0.990366 0.00963356
9 3.32178e-05 0.999967
4 0.999303 0.00069659
9 0.0384683 0.961532
4 0.999783 0.000217345
4 0.990273 0.00972729
4 0.891349 0.108651
4 0.883229 0.116771
4 0.989963 0.0100374
4 0.962574 0.0374259
4 0.958074 0.0419257
4 0.531102 0.468898
9 3.26634e-06 0.999997
9 0.131107 0.868893
9 1e-07 1
4 0.989901 0.0100987
4 0.98408 0.0159196
4 0.965585 0.034415
4 0.98017 0.0198296
4 0.977131 0.0228688
4 0.980594 0.0194061
9 0.11037 0.88963
4 0.999926 7.41837e-05
4 0.999737 0.000262582
9 8.61467e-05 0.999914
4 0.958611 0.0413892
9 1e-07 1
9 0.000297313 0.999703
9 0.217819 0.782181
4 0.703855 0.296145
9 0.0393508 0.960649
4 0.999866 0.000133671
4 0.994427 0.00557276
4 0.966048 0.0339516
4 0.999976 2.39368e-05
9 0.000853848 0.999146
4 0.999968 3.16146e-05
4 0.973557 0.026443
4 0.998979 0.00102099
4 0.972498 0.0275023
4 0.981719 0.0182806
4 0.979626 0.0203742
9 1.40658e-05 0.999986
4 0.988667 0.0113326
4 0.982735 0.0172653
9 0.325352 0.674648
4 0.999908 9.21366e-05
9 0.081957 0.918043
9 1e-07 1
9 0.00898219 0.991018
9 3.45711e-06 0.999997
9 0.00055581 0.999444
4 0.876489 0.123511
9 0.000235797 0.999764
9 0.356163 0.643837
9 8.50247e-07 0.999999
4 0.992581 0.00741908
9 0.148735 0.851265
4 0.967034 0.0329659
9 1e-07 1
9 0.0934511 0.906549
9 0.00935141 0.990649
4 0.998101 0.00189877
4 0.982946 0.0170542
4 0.809171 0.190829
4 0.999443 0.000557306
4 0.985323 0.0146771
4 0.983578 0.0164218
9 0.0741031 0.925897
9 0.389051 0.610949
9 0.313026 0.686974
9 0.0390218 0.960978
9 2.93322e-07 1
9 0.494938 0.505062
9 1.22492e-06 0.999999
4 0.957033 0.0429669
9 0.26352 0.73648
4 0.979612 0.0203877
4 0.929852 0.0701479
9 0.000716994 0.999283
4 0.972762 0.027238
4 0.999898 0.000101534
9 4.19729e-05 0.999958
4 0.85723 0.14277
4 0.999157 0.000843482
9 0.000623496 0.999377
4 0.983039 0.0169606
4 0.977371 0.022629
9 0.000461989 0.999538
9 1.52836e-05 0.999985
4 0.965814 0.034186
4 0.971424 0.0285764
9 0.00812367 0.991876
4 0.956552 0.0434482
4 0.999881 0.000119047
4 0.998587 0.00141347
9 0.391544 0.608456
9 0.000136342 0.999864
9 2.11972e-06 0.999998
4 0.997671 0.0023292
4 0.99981 0.00018954
9 0.0035936 0.996406
4 0.980914 0.0190859
4 0.966386 0.0336136
9 0.000118989 0.999881
9 8.76606e-05 0.999912
4 0.867492 0.132508
9 1e-07 1
9 0.000314832 0.999685
9 0.0763824 0.923618
4 0.95471 0.0452902
4 0.99944 0.000559726
4 0.96661 0.0333897
9 0.00437472 0.995625
4 0.971514 0.0284864
9 0.0429262 0.957074
4 0.990287 0.0097128
9 4.75287e-06 0.999995
4 0.999663 0.000336957
4 0.970441 0.0295586
4 0.966323 0.0336769
4 0.978786 0.0212138
4 0.999629 0.000370855
4 0.999841 0.000159287
4 0.835093 0.164907
4 0.999608 0.000392118
9 0.00694537 0.993055
9 5.0107e-06 0.999995
9 0.329708 0.670292
4 0.917978 0.0820219
9 0.000305929 0.999694
4 0.999616 0.000383817
4 0.992062 0.00793792
4 0.97598 0.0240196
4 0.999534 0.000466323
4 0.99978 0.000219705
4 0.999688 0.000312206
4 0.995055 0.00494492
9 0.481776 0.518224
4 0.982018 0.0179817
9 0.00312491 0.996875
4 0.977154 0.0228461
9 1e-07 1
4 0.982167 0.017833
4 0.971113 0.0288866
4 0.99862 0.00137962
4 0.970604 0.0293964
4 0.983882 0.0161183
4 0.983015 0.0169851
4 0.996568 0.0034316
4 0.975988 0.0240122
4 0.99177 0.00823041
4 0.952902 0.0470975
4 0.989536 0.0104644
4 0.999182 0.000818222
4 0.982892 0.0171075
4 0.999702 0.000298177
4 0.938756 0.0612439
9 0.0167138 0.983286
9 1e-07 1
4 0.963952 0.0360475
4 0.975851 0.0241485
4 0.90056 0.0994397
9 0.0378147 0.962185
4 0.979409 0.0205914
4 0.979485 0.0205151
4 0.842101 0.157899
4 0.987865 0.012135
9 0.0259971 0.974003
9 0.00327448 0.996726
4 0.999358 0.000641578
4 0.989122 0.0108783
9 0.0366533 0.963347
9 0.210901 0.789099
4 0.985024 0.014976
4 0.850953 0.149047
4 0.668493 0.331507
4 0.969418 0.030582
9 0.152933 0.847067
4 0.922839 0.0771612
4 0.999843 0.000157165
4 0.914502 0.0854981
4 0.957659 0.0423409
9 0.00752241 0.992478
4 0.999088 0.000912372
4 0.9959 0.00410045
4 0.979259 0.0207412
4 0.967901 0.0320986
4 0.591806 0.408194
9 0.012328 0.987672
4 0.999948 5.21156e-05
4 0.993119 0.00688147
4 0.998022 0.00197768
4 0.972946 0.0270536
4 0.979556 0.0204438
4 0.88127 0.11873
4 0.965651 0.0343488
9 0.014496 0.985504
4 0.957872 0.0421282
4 0.973148 0.0268524
4 0.999428 0.000572063
4 0.972328 0.0276718
4 0.997742 0.0022582
4 0.990601 0.00939944
4 0.50898 0.49102
9 0.0046647 0.995335
4 0.906889 0.0931114
9 0.146436 0.853564
4 0.999755 0.000245406
9 0.00209232 0.997908
4 0.992019 0.00798101
4 0.999813 0.00018673
9 0.00342681 0.996573
4 0.999277 0.000722837
9 0.000137678 0.999862
4 0.95865 0.04135
4 0.996124 0.00387575
4 0.952286 0.0477142
4 0.988645 0.0113547
4 0.666772 0.333228
4 0.962308 0.0376919
4 0.999706 0.000294123
9 0.101308 0.898692
9 9.07963e-06 0.999991
9 1.50721e-07 1
9 0.000303443 0.999697
4 0.994512 0.00548778
9 6.08871e-05 0.999939
4 0.974245 0.0257554
4 0.991672 0.0083281
4 0.999054 0.000946427
4 0.990191 0.00980943
4 0.999695 0.000304938
9 0.0101091 0.989891
4 0.981496 0.0185044
9 1.64332e-05 0.999984
4 0.939374 0.0606262
4 0.871582 0.128418
4 0.983686 0.016314
4 0.980607 0.0193929
4 0.892219 0.107781
9 7.28979e-07 0.999999
4 0.99892 0.00107964
4 0.981442 0.0185579
4 0.979843 0.0201571
9 0.000407028 0.999593
4 0.937743 0.0622571
4 0.92881 0.07119
4 0.952619 0.0473814
4 0.987175 0.0128251
4 0.991338 0.00866176
9 1e-07 1
4 0.999627 0.000373369
4 0.940843 0.0591572
4 0.999938 6.24254e-05
9 2.28106e-06 0.999998
9 0.0203128 0.979687
4 0.934703 0.0652974
9 0.104879 0.895121
9 0.378813 0.621187
4 0.966718 0.0332819
9 0.00274158 0.997258
4 0.999603 0.000397245
9 0.00112854 0.998871
4 0.984309 0.0156908
4 0.986758 0.0132418
9 6.96126e-05 0.99993
4 0.98753 0.01247
4 0.962473 0.0375275
4 0.984887 0.0151135
4 0.977723 0.0222768
9 0.00372689 0.996273
9 0.0815298 0.91847
4 0.876448 0.123552
4 0.998725 0.001275
9 0.481088 0.518912
4 0.948142 0.051858
4 0.988168 0.0118323
9 0.00131606 0.998684
4 0.981034 0.0189659
9 1e-07 1
9 1e-07 1
4 0.981894 0.0181058
4 0.988275 0.0117249
4 0.995674 0.00432553
9 0.000170798 0.999829
4 0.993364 0.00663553
9 0.000102232 0.999898
4 0.976439 0.0235611
9 0.0171789 0.982821
9 0.413089 0.586911
4 0.999548 0.000452494
4 0.979164 0.0208356
4 0.976298 0.0237019
9 6.65561e-05 0.999933
4 0.987824 0.0121763
4 0.977674 0.022326
4 0.998933 0.00106696
4 0.97633 0.0236702
9 6.42082e-05 0.999936
9 3.15386e-07 1
9 0.202854 0.797146
4 0.970481 0.029519
9 0.000372746 0.999627
9 0.162711 0.837289
4 0.985742 0.0142581
4 0.990411 0.00958907
9 0.0225566 0.977443
9 4.02993e-05 0.99996
9 0.061684 0.938316
4 0.999515 0.000485109
4 0.982173 0.017827
9 0.0179004 0.9821
9 0.000957496 0.999043
4 0.999724 0.000276073
9 0.000114104 0.999886
9 0.000803271 0.999197
9 0.000326315 0.999674
4 0.932793 0.0672065
4 0.969687 0.0303127
4 0.981208 0.0187921
9 0.045849 0.954151
4 0.976801 0.0231988
4 0.995859 0.0041406
9 3.14927e-06 0.999997
9 0.000119514 0.99988
4 0.977023 0.0229775
4 0.959387 0.0406134
9 6.47273e-06 0.999994
4 0.999362 0.000637969
9 2.71065e-05 0.999973
4 0.978572 0.0214279
9 0.000171591 0.999828
4 0.965478 0.0345223
4 0.984656 0.0153439
9 0.000475029 0.999525
9 3.1872e-07 1
4 0.99056 0.00943997
9 0.000174023 0.999826
9 0.00379289 0.996207
4 0.988738 0.0112616
4 0.990907 0.00909258
9 1.32038e-06 0.999999
9 0.484065 0.515935
4 0.959914 0.0400863
4 0.977117 0.0228831
4 0.892741 0.107259
4 0.574743 0.425257
4 0.926576 0.073424
4 0.979356 0.0206439
4 0.971219 0.0287809
9 1e-07 1
4 0.998913 0.00108731
4 0.874472 0.125528
9 1e-07 1
9 1e-07 1
4 0.943028 0.0569717
4 0.990834 0.00916634
4 0.970417 0.0295831
4 0.981492 0.0185076
4 0.971325 0.0286747
9 2.69451e-05 0.999973
4 0.973047 0.0269531
4 0.798473 0.201527
4 0.963997 0.0360033
4 0.98067 0.0193304
4 0.977981 0.0220194
4 0.989724 0.0102765
4 0.98672 0.0132804
4 0.95906 0.0409405
4 0.999596 0.000404059
4 0.997723 0.00227713
9 1e-07 1
4 0.957481 0.0425185
4 0.999986 1.39475e-05
9 0.308068 0.691932
4 0.999437 0.000563396
9 0.000304443 0.999696
4 0.917844 0.0821559
4 0.999635 0.000364672
4 0.983225 0.0167753
4 0.977703 0.0222971
4 0.963874 0.0361264
4 0.999103 0.000896532
9 8.75157e-05 0.999912
4 0.999247 0.00075332
4 0.991492 0.00850753
4 0.97892 0.0210801
4 0.989055 0.0109446
4 0.97104 0.0289603
4 0.999106 0.000894288
4 0.911525 0.0884752
9 0.205202 0.794798
4 0.99949 0.000509787
4 0.978506 0.0214943
4 0.943501 0.0564994
4 0.923973 0.0760269
9 0.000162719 0.999837
9 1e-07 1
9 1e-07 1
4 0.985233 0.0147674
4 0.987217 0.0127829
4 0.999782 0.000217834
4 0.968675 0.0313254
4 0.985378 0.0146221
4 0.991851 0.00814926
9 0.000196982 0.999803
4 0.985257 0.0147428
9 1e-07 1
9 0.00267877 0.997321
9 0.16807 0.83193
4 0.958651 0.0413486
4 0.999264 0.000735977
4 0.999287 0.000713222
4 0.992546 0.00745443
9 7.80519e-06 0.999992
4 0.985001 0.0149995
9 0.00321816 0.996782
9 0.00163332 0.998367
9 1.45558e-05 0.999985
4 0.991966 0.00803354
9 1e-07 1
4 0.990019 0.0099808
4 0.989734 0.0102659
4 0.985452 0.0145476
4 0.999304 0.000695512
4 0.948532 0.0514676
4 0.995406 0.00459433
9 0.0671772 0.932823
9 0.00174963 0.99825
9 0.263943 0.736057
4 0.988176 0.0118241
9 0.16782 0.83218
9 0.000130863 0.999869
4 0.985685 0.0143145
4 0.999939 6.10087e-05
4 0.925941 0.0740594
9 7.58743e-05 0.999924
4 0.999911 8.90899e-05
4 0.719733 0.280267
9 0.0701065 0.929894
4 0.986246 0.0137535
4 0.999536 0.000464399
9 0.00302801 0.996972
4 0.963516 0.0364838
4 0.996956 0.00304413
4 0.999602 0.000398076
4 0.960277 0.0397229
9 1e-07 1
9 1e-07 1
9 0.0542846 0.945715
4 0.99416 0.00584045
4 0.944373 0.0556268
4 0.982241 0.0177591
4 0.994743 0.00525739
4 0.997838 0.0021618
9 0.0099876 0.990012
4 0.998984 0.0010157
4 0.946197 0.0538028
9 6.5818e-05 0.999934
4 0.848985 0.151015
4 0.999736 0.000263991
4 0.973227 0.0267728
9 0.114744 0.885256
4 0.999968 3.22932e-05
4 0.969016 0.0309843
4 0.99989 0.000110367
4 0.980655 0.0193451
4 0.952346 0.0476541
4 0.994218 0.00578198
4 0.983393 0.0166069
4 0.964988 0.035012
9 1e-07 1
9 0.435605 0.564395
4 0.999817 0.00018275
4 0.956027 0.0439732
9 0.00137003 0.99863
4 0.999869 0.000131294
9 0.00183216 0.998168
4 0.821497 0.178503
9 4.19932e-07 1
9 0.0258497 0.97415
4 0.98501 0.0149896
4 0.885826 0.114174
4 0.978388 0.0216118
9 1e-07 1
4 0.997347 0.00265295
4 0.897552 0.102448
9 2.28967e-06 0.999998
4 0.909387 0.0906126
4 0.999539 0.000461474
9 1e-07 1
4 0.999294 0.000706312
4 0.995837 0.00416257
4 0.903072 0.0969277
9 0.0073393 0.992661
4 0.999856 0.000144281
4 0.919205 0.0807945
4 0.993556 0.00644374
9 0.000395817 0.999604
4 0.979952 0.0200477
4 0.999897 0.00010325
9 5.46732e-07 0.999999
4 0.950757 0.0492426
9 6.68992e-07 0.999999
4 0.989955 0.0100454
4 0.986802 0.0131983
4 0.914268 0.085732
4 0.606508 0.393492
4 0.999828 0.000172308
4 0.999545 0.000454654
9 0.00128764 0.998712
9 0.0139409 0.986059
4 0.932925 0.0670746
4 0.989544 0.010456
9 7.08243e-05 0.999929
4 0.99822 0.00178024
4 0.977224 0.022776
4 0.999363 0.000637029
4 0.999906 9.37329e-05
4 0.976482 0.0235176
9 0.00021037 0.99979
9 0.0114005 0.988599
9 0.00927685 0.990723
4 0.861955 0.138045
4 0.990447 0.00955271
9 2.40519e-06 0.999998
4 0.957115 0.0428853
4 0.960206 0.039794
4 0.989336 0.0106638
4 0.980602 0.0193978
9 4.37808e-05 0.999956
4 0.999872 0.00012754
4 0.99833 0.00166988
9 0.00072486 0.999275
9 0.00155527 0.998445
4 0.701064 0.298936
9 2.29442e-06 0.999998
9 9.7917e-05 0.999902
4 0.981057 0.0189435
4 0.982404 0.0175964
4 0.987751 0.0122491
9 0.00722424 0.992776
4 0.936587 0.0634127
9 0.00678972 0.99321
4 0.999905 9.52567e-05
4 0.999786 0.000213563
4 0.984232 0.0157677
4 0.999324 0.000675677
9 1.38954e-06 0.999999
4 0.999895 0.00010518
4 0.975068 0.0249318
4 0.991519 0.00848094
9 0.0518524 0.948148
4 0.999737 0.000262946
9 1.26097e-05 0.999987
4 0.999535 0.000464511
4 0.986974 0.0130263
4 0.980538 0.0194617
4 0.960892 0.039108
4 0.992039 0.00796124
4 0.966259 0.0337414
9 0.0898484 0.910152
4 0.649077 0.350923
9 0.0692452 0.930755
4 0.993905 0.00609508
4 0.931044 0.0689563
4 0.945973 0.0540275
4 0.998077 0.00192274
4 0.999181 0.000818577
4 0.98578 0.0142199
4 0.999708 0.000291763
4 0.99928 0.000719539
9 9.81379e-07 0.999999
4 0.956043 0.0439565
4 0.999836 0.000164039
9 3.01573e-07 1
4 0.968597 0.0314033
4 0.625356 0.374644
9 0.00948478 0.990515
4 0.982994 0.0170063
4 0.998166 0.00183413
4 0.98165 0.0183502
4 0.999895 0.000105329
4 0.998441 0.00155927
4 0.999744 0.00025632
9 1e-07 1
4 0.999723 0.000276786
4 0.992372 0.00762844
4 0.99545 0.00454989
4 0.839687 0.160313
4 0.970876 0.0291243
4 0.903727 0.0962727
4 0.999982 1.75794e-05
4 0.985272 0.0147284
4 0.998815 0.001185
9 0.0317022 0.968298
4 0.917776 0.0822243
9 8.77266e-05 0.999912
9 0.0761681 0.923832
4 0.990412 0.00958846
4 0.999868 0.000132277
4 0.999778 0.000221881
4 0.989348 0.0106523
4 0.976489 0.0235107
4 0.987094 0.0129058
4 0.978057 0.0219426
4 0.999808 0.000191821
4 0.999516 0.00048388
4 0.999945 5.54823e-05
4 0.995456 0.00454426
9 6.57233e-05 0.999934
9 1e-07 1
9 7.1581e-06 0.999993
4 0.999521 0.000478758
9 0.163352 0.836648
4 0.990069 0.00993125
4 0.9787 0.0212997
4 0.981231 0.0187689
4 0.861568 0.138432
4 0.97562 0.0243804
4 0.997111 0.00288931
4 0.999771 0.000228511
4 0.99164 0.00836024
9 0.000538181 0.999462
4 0.995637 0.00436274
4 0.986719 0.0132808
4 0.983596 0.0164035
4 0.866532 0.133468
4 0.978935 0.0210655
4 0.999966 3.42888e-05
4 0.985655 0.014345
4 0.87364 0.12636
9 0.0136895 0.986311
9 0.00144473 0.998555
9 0.130646 0.869354
4 0.97553 0.0244702
4 0.984287 0.015713
9 0.0197017 0.980298
4 0.957407 0.0425926
4 0.967652 0.0323476
4 0.993129 0.00687131
4 0.981279 0.0187207
9 1e-07 1
4 0.992482 0.00751765
4 0.989213 0.0107868
4 0.88959 0.11041
4 0.998553 0.00144677
4 0.991957 0.00804318
4 0.990829 0.00917104
9 0.00891249 0.991088
9 1e-07 1
9 0.0872341 0.912766
4 0.978483 0.0215168
4 0.959506 0.0404938
4 0.977171 0.0228291
4 0.963456 0.0365445
4 0.935479 0.0645205
9 0.255373 0.744627
9 0.389187 0.610813
9 0.114086 0.885914
9 0.0111622 0.988838
9 0.0664473 0.933553
4 0.974725 0.0252746
4 0.990989 0.00901071
9 0.00547317 0.994527
4 0.999198 0.000802052
4 0.978651 0.0213485
4 0.999683 0.00031697
4 0.989552 0.0104477
4 0.97977 0.0202299
9 0.0420459 0.957954
9 0.00539156 0.994608
4 0.962904 0.0370956
4 0.988485 0.0115153
4 0.99914 0.000859813
9 0.214155 0.785845
4 0.96987 0.0301304
4 0.908318 0.0916821
9 3.27978e-05 0.999967
4 0.975295 0.0247051
9 0.0138275 0.986172
9 0.000147294 0.999853
4 0.966949 0.0330513
4 0.999749 0.000251201
4 0.968797 0.0312033
4 0.978771 0.0212291
4 0.999656 0.000344201
4 0.984424 0.0155757
4 0.83779 0.16221
4 0.950581 0.0494185
4 0.983786 0.0162138
4 0.982701 0.0172992
4 0.997582 0.00241753
4 0.98888 0.0111199
9 0.00570235 0.994298
9 0.0946701 0.90533
4 0.973563 0.0264367
4 0.999651 0.000348884
4 0.96249 0.0375097
4 0.933049 0.0669507
4 0.975541 0.0244587
4 0.971494 0.0285056
4 0.943887 0.0561135
4 0.976304 0.0236957
4 0.985778 0.0142218
4 0.981534 0.0184663
4 0.980457 0.0195429
4 0.99918 0.00081974
4 0.975568 0.024432
4 0.984773 0.0152271
9 0.140164 0.859836
9 0.000133051 0.999867
4 0.93731 0.0626898
9 9.96034e-05 0.9999
4 0.987485 0.0125154
4 0.990604 0.00939628
9 0.000759103 0.999241
4 0.981021 0.0189795
4 0.977181 0.0228191
4 0.975497 0.0245031
9 0.000521789 0.999478
9 0.0148938 0.985106
9 0.0467401 0.95326
4 0.997579 0.00242132
4 0.995875 0.00412518
4 0.985121 0.0148792
9 1e-07 1
4 0.999682 0.000318173
4 0.945812 0.0541884
4 0.992766 0.0072336
9 1.15904e-05 0.999988
4 0.99564 0.00436037
4 0.98172 0.0182804
4 0.958734 0.0412665
4 0.978899 0.0211006
9 0.17052 0.82948
4 0.703217 0.296783
4 0.924012 0.0759879
9 0.000831726 0.999168
4 0.995987 0.0040129
9 8.32653e-06 0.999992
9 0.00209292 0.997907
9 0.015536 0.984464
4 0.98406 0.0159403
4 0.984333 0.0156666
4 0.890701 0.109299
9 0.0564471 0.943553
9 0.117943 0.882057
4 0.975928 0.0240717
4 0.975533 0.0244669
9 0.000604238 0.999396
4 0.999849 0.000150607
4 0.991795 0.00820508
9 0.0555938 0.944406
4 0.96187 0.0381298
9 0.298619 0.701381
9 0.00304546 0.996955
4 0.992181 0.00781905
4 0.921999 0.0780013
4 0.999918 8.18088e-05
9 0.42531 0.57469
9 0.133733 0.866267
9 1.79365e-05 0.999982
4 0.953579 0.0464212
4 0.999968 3.1741e-05
4 0.812409 0.187591
4 0.920698 0.0793022
4 0.907684 0.0923157
4 0.965049 0.0349509
4 0.987718 0.0122824
9 0.0010585 0.998941
9 0.0142172 0.985783
4 0.987856 0.012144
4 0.749534 0.250466
4 0.949223 0.0507769
9 1.1296e-05 0.999989
4 0.74434 0.25566
9 0.000134659 0.999865
4 0.975133 0.0248669
4 0.982535 0.0174645
9 0.000158181 0.999842
9 0.350978 0.649022
9 0.000361471 0.999639
9 1.38916e-06 0.999999
9 0.0531202 0.94688
4 0.986509 0.0134912
4 0.990054 0.00994646
4 0.991353 0.00864717
4 0.996839 0.00316069
4 0.970948 0.029052
4 0.999956 4.43745e-05
4 0.978938 0.0210624
9 1e-07 1
4 0.968129 0.031871
4 0.982663 0.0173366
4 0.974789 0.0252112
9 2.26567e-07 1
4 0.960704 0.0392961
4 0.993373 0.00662728
4 0.984409 0.0155905
4 0.971125 0.0288749
4 0.96052 0.0394799
9 3.9156e-07 1
9 0.000257144 0.999743
4 0.962741 0.0372586
4 0.951248 0.0487522
4 0.998529 0.0014713
4 0.968333 0.0316667
9 0.0271627 0.972837
4 0.996358 0.00364238
4 0.725272 0.274728
4 0.999794 0.000206125
9 0.395537 0.604463
4 0.982534 0.0174656
4 0.976866 0.0231344
4 0.998826 0.00117394
4 0.999794 0.000205737
4 0.999696 0.000303779
4 0.981694 0.0183056
4 0.978509 0.0214907
4 0.959596 0.0404035
4 0.980308 0.0196925
9 0.000199446 0.999801
4 0.999678 0.000322226
4 0.906699 0.0933014
4 0.972355 0.0276448
4 0.988689 0.0113107
9 0.0276129 0.972387
9 6.48729e-07 0.999999
9 1e-07 1
4 0.980715 0.0192851
4 0.999237 0.000763424
4 0.998547 0.00145252
9 1.32695e-07 1
4 0.983589 0.016411
4 0.953865 0.0461355
9 0.040909 0.959091
9 0.00056625 0.999434
4 0.95533 0.04467
4 0.97915 0.0208499
9 0.0164953 0.983505
4 0.993786 0.00621377
4 0.983631 0.0163692
4 0.98722 0.0127804
4 0.962287 0.0377134
4 0.970393 0.0296071
4 0.999422 0.000578071
4 0.877207 0.122793
9 0.00139656 0.998603
4 0.99539 0.00460996
4 0.999902 9.82295e-05
4 0.966867 0.0331329
9 0.039493 0.960507
4 0.997214 0.00278555
4 0.997754 0.00224558
9 2.67999e-05 0.999973
4 0.985809 0.0141909
9 2.61753e-05 0.999974
4 0.868115 0.131885
4 0.948128 0.0518724
9 0.00121211 0.998788
4 0.983027 0.016973
4 0.999813 0.000187349
4 0.982759 0.0172407
4 0.999912 8.83163e-05
4 0.999813 0.000187481
4 0.998326 0.00167403
