labels 9 7
7 0.0109876 0.989012
7 0.00700467 0.992995
7 0.202799 0.797201
9 1 1.15858e-07
9 0.999984 1.64978e-05
9 0.563579 0.436421
7 0.428726 0.571274
7 0.000112867 0.999887
9 0.999997 2.95282e-06
9 1 1e-07
9 0.986289 0.0137106
7 0.232942 0.767058
7 5.5102e-05 0.999945
7 0.495072 0.504928
9 0.988855 0.0111448
9 0.999994 5.69885e-06
7 0.497573 0.502427
7 0.000102097 0.999898
7 0.09114 0.90886
7 0.132612 0.867388
9 0.523542 0.476458
7 0.208878 0.791122
7 0.00254154 0.997458
7 0.334359 0.665641
7 0.475969 0.524031
7 0.331599 0.668401
9 0.685246 0.314754
9 0.55909 0.44091
7 0.0959174 0.904083
7 0.00211642 0.997884
9 0.999957 4.31028e-05
9 0.833436 0.166564
7 0.0618585 0.938141
9 0.942012 0.0579875
9 0.8803 0.1197
7 0.0192922 0.980708
7 0.00706002 0.99294
7 0.147543 0.852457
9 0.999998 1.8149e-06
7 0.000303248 0.999697
7 0.148864 0.851136
9 0.998871 0.00112923
7 0.112356 0.887644
7 0.499015 0.500985
9 0.565738 0.434262
7 0.240623 0.759377
7 0.0482567 0.951743
7 0.284606 0.715394
7 0.000166919 0.999833
7 0.0323993 0.967601
7 0.213273 0.786727
9 0.999685 0.000315071
9 0.996627 0.00337251
9 0.90226 0.0977399
7 0.0134384 0.986562
7 0.028345 0.971655
9 0.594293 0.405707
9 0.512105 0.487895
7 0.30029 0.69971
7 0.33954 0.66046
9 0.743687 0.256313
7 0.0100421 0.989958
7 0.429264 0.570736
7 0.00885938 0.991141
9 0.999983 1.66089e-05
9 1 1e-07
7 0.1224 0.8776
7 0.200974 0.799026
7 0.0257759 0.974224
9 0.639325 0.360675
7 0.04812 0.95188
7 0.411552 0.588448
7 0.0215939 0.978406
7 0.1273 0.8727
7 0.234807 0.765193
9 0.999999 9.29006e-07
7 0.10438 0.89562
7 0.0448355 0.955164
7 0.384955 0.615045
7 0.256598 0.743402
7 0.0394063 0.960594
7 0.0848548 0.915145
9 0.999945 5.5439e-05
9 0.65866 0.34134
9 0.959275 0.0407246
7 0.0436031 0.956397
7 0.0807054 0.919295
7 0.105955 0.894045
7 0.0263665 0.973634
7 0.333632 0.666368
9 1 1e-07
7 0.00623723 0.993763
9 0.522246 0.477754
7 0.148682 0.851318
7 0.0958838 0.904116
9 1 1e-07
7 0.174068 0.825932
7 0.02787 0.97213
7 0.175141 0.824859
7 0.0106722 0.989328
7 0.437204 0.562796
7 0.00086802 0.999132
9 0.683672 0.316328
7 0.0189298 0.98107
7 0.000499667 0.9995
9 0.999998 2.193e-06
9 0.998869 0.00113107
7 0.0130786 0.986921
9 0.864765 0.135235
9 0.516469 0.483531
9 0.611799 0.388201
7 0.424911 0.575089
7 9.98032e-07 0.999999
7 0.00136349 0.998637
7 0.00259732 0.997403
7 0.00306501 0.996935
7 0.00517299 0.994827
9 0.886541 0.113459
7 0.0104404 0.98956
7 0.0723554 0.927645
7 0.439008 0.560992
7 0.487503 0.512497
9 0.970568 0.0294318
7 0.493647 0.506353
7 0.0969963 0.903004
7 0.00515845 0.994842
7 0.0929873 0.907013
9 0.890361 0.109639
7 0.207194 0.792806
7 0.0144195 0.985581
9 0.949016 0.0509843
9 0.619963 0.380037
7 0.0687911 0.931209
7 0.0297443 0.970256
9 0.590891 0.409109
7 0.00145438 0.998546
9 0.725954 0.274046
9 0.577631 0.422369
9 0.999993 6.8806e-06
7 0.000133428 0.999867
7 0.148462 0.851538
7 0.0180514 0.981949
7 0.0152245 0.984775
7 0.0218642 0.978136
7 0.131649 0.868351
7 0.080442 0.919558
7 8.62318e-05 0.999914
7 0.316949 0.683051
7 0.0193649 0.980635
9 0.67439 0.32561
9 0.638894 0.361106
7 0.00101109 0.998989
7 0.0532309 0.946769
7 0.281595 0.718405
7 0.0606763 0.939324
7 0.0215635 0.978436
7 0.0655856 0.934414
7 0.15315 0.84685
7 0.0243834 0.975617
7 0.000695789 0.999304
9 0.986418 0.0135816
9 0.990926 0.00907379
9 0.999903 9.74716e-05
7 0.0548105 0.94519
7 0.0016351 0.998365
7 0.26201 0.73799
7 9.05949e-06 0.999991
7 0.000790392 0.99921
7 0.0750892 0.924911
9 1 3.47655e-07
9 0.999489 0.000510842
7 0.0359879 0.964012
7 0.44058 0.55942
9 0.501262 0.498738
7 0.00187162 0.998128
7 0.0540224 0.945978
9 0.882122 0.117878
7 0.000248732 0.999751
7 0.0569412 0.943059
7 0.447407 0.552593
9 0.999706 0.000293618
9 0.742908 0.257092
7 0.397376 0.602624
7 0.31982 0.68018
7 6.56193e-05 0.999934
7 0.0137951 0.986205
7 0.306064 0.693936
7 0.0447615 0.955239
7 0.378315 0.621685
7 0.493203 0.506797
7 0.0538252 0.946175
9 0.986841 0.0131592
7 0.0036875 0.996313
9 0.833161 0.166839
7 0.0365595 0.963441
7 0.0737504 0.92625
7 0.41224 0.58776
9 0.861768 0.138232
9 0.692438 0.307562
9 0.511869 0.488131
9 0.995621 0.00437858
7 0.000730664 0.999269
7 0.122561 0.877439
7 0.320205 0.679795
7 0.063544 0.936456
9 0.999999 5.1991e-07
7 0.179431 0.820569
7 0.0655858 0.934414
7 0.174569 0.825431
7 5.9634e-06 0.999994
9 0.652107 0.347893
7 0.0348624 0.965138
7 0.386909 0.613091
7 0.473706 0.526294
7 0.0645776 0.935422
7 0.0498059 0.950194
7 0.00488732 0.995113
7 0.0119492 0.988051
7 0.053484 0.946516
7 0.493696 0.506304
7 0.204726 0.795274
9 1 1.78295e-07
7 0.0246411 0.975359
7 0.00814336 0.991857
7 0.0634177 0.936582
7 0.0262078 0.973792
7 0.0814866 0.918513
7 0.0123081 0.987692
7 0.0207145 0.979285
7 9.82824e-05 0.999902
7 0.021382 0.978618
9 0.967645 0.0323552
7 0.0326531 0.967347
7 0.380243 0.619757
7 0.0169691 0.983031
7 0.00627222 0.993728
7 0.479816 0.520184
7 0.378991 0.621009
9 0.960187 0.0398134
9 0.53454 0.46546
7 1.23323e-05 0.999988
7 0.227325 0.772675
9 0.993065 0.00693451
7 0.0248143 0.975186
9 0.791675 0.208325
7 0.393787 0.606213
7 0.280029 0.719971
7 0.0141614 0.985839
9 0.978246 0.0217544
7 0.09603 0.90397
9 0.773466 0.226534
7 0.0839583 0.916042
7 0.00791901 0.992081
7 0.0686459 0.931354
7 0.094563 0.905437
7 0.319419 0.680581
7 0.0428981 0.957102
9 0.553045 0.446955
9 0.80613 0.19387
7 6.5492e-05 0.999935
9 0.948021 0.0519793
7 0.0182957 0.981704
9 0.743036 0.256964
7 0.433398 0.566602
9 0.998886 0.00111435
7 0.112962 0.887038
9 0.999993 6.58956e-06
7 0.253161 0.746839
7 0.0652881 0.934712
7 0.128618 0.871382
7 0.0190553 0.980945
7 0.0731515 0.926849
7 0.00840302 0.991597
7 0.356059 0.643941
7 0.000156295 0.999844
9 0.64065 0.35935
7 0.32174 0.67826
7 0.050448 0.949552
7 0.0779137 0.922086
9 0.999998 1.86648e-06
7 0.0281382 0.971862
7 0.000279021 0.999721
7 0.0101772 0.989823
7 0.0322048 0.967795
7 0.145238 0.854762
7 0.490338 0.509662
7 0.000334474 0.999666
7 0.115065 0.884935
9 0.593764 0.406236
7 0.101743 0.898257
7 0.376156 0.623844
7 0.000160601 0.999839
7 0.175305 0.824695
7 0.01169 0.98831
9 0.768306 0.231694
7 0.00520055 0.994799
7 0.190558 0.809442
9 0.999999 8.88244e-07
9 0.59203 0.40797
7 0.435093 0.564907
9 0.998704 0.0012959
7 0.0243985 0.975602
7 0.351253 0.648747
7 0.218949 0.781051
7 0.386834 0.613166
9 0.850345 0.149655
7 0.000137107 0.999863
7 0.48025 0.51975
9 0.999633 0.000366836
9 0.853757 0.146243
7 0.486411 0.513589
9 0.6417 0.3583
9 0.662567 0.337433
7 0.00539936 0.994601
7 3.68954e-05 0.999963
7 0.279722 0.720278
9 0.974713 0.0252874
9 0.95195 0.0480503
7 0.133504 0.866496
7 0.024834 0.975166
7 0.473747 0.526253
7 0.0435967 0.956403
7 0.000714205 0.999286
9 0.992244 0.00775599
7 0.0622826 0.937717
7 0.0009941 0.999006
7 0.000478023 0.999522
7 0.0198573 0.980143
7 0.0287586 0.971241
9 0.533602 0.466398
9 0.50254 0.49746
7 0.0866658 0.913334
7 0.00106245 0.998938
7 0.033159 0.966841
7 0.179837 0.820163
7 0.438629 0.561371
9 0.95983 0.0401703
9 0.999974 2.5817e-05
7 1.53731e-06 0.999998
7 4.106e-05 0.999959
7 0.0160055 0.983995
7 0.214047 0.785953
7 0.369381 0.630619
7 0.139583 0.860417
7 0.109419 0.890581
9 0.998135 0.00186476
7 3.57974e-07 1
9 0.948732 0.051268
9 0.879098 0.120902
7 0.00711219 0.992888
9 0.911131 0.0888687
7 0.00683341 0.993167
9 0.986099 0.0139005
9 0.984055 0.0159453
7 0.0415598 0.95844
7 0.00805937 0.991941
9 0.982657 0.0173425
7 0.00118312 0.998817
9 1 2.62618e-07
7 0.0226981 0.977302
9 0.835605 0.164395
7 0.0225059 0.977494
7 0.170982 0.829018
7 0.0547071 0.945293
9 0.998645 0.00135515
7 1.07063e-05 0.999989
7 0.00732137 0.992679
7 0.0026427 0.997357
7 0.395156 0.604844
7 0.166369 0.833631
9 0.697613 0.302387
7 0.484021 0.515979
7 0.000723567 0.999276
7 0.0101025 0.989898
7 0.0357705 0.964229
7 0.0077919 0.992208
9 0.94995 0.05005
7 0.330252 0.669748
7 0.179191 0.820809
9 0.999999 5.14941e-07
7 0.00327026 0.99673
7 0.0198322 0.980168
7 0.0448655 0.955135
7 0.000212953 0.999787
7 0.0455028 0.954497
9 0.531066 0.468934
7 0.311873 0.688127
7 0.438429 0.561571
7 0.00153338 0.998467
7 0.075542 0.924458
7 0.273106 0.726894
7 0.00604143 0.993959
9 0.526529 0.473471
9 0.998449 0.00155098
7 0.0111546 0.988845
7 1.03694e-07 1
9 0.50848 0.49152
7 0.373727 0.626273
7 0.492031 0.507969
7 0.000438461 0.999562
7 0.373108 0.626892
7 0.027751 0.972249
7 0.000435771 0.999564
9 0.996107 0.00389273
9 0.971917 0.028083
9 0.560008 0.439992
9 0.998782 0.00121754
7 0.00375532 0.996245
7 1.50586e-06 0.999998
9 0.806572 0.193428
7 0.00451332 0.995487
9 0.90199 0.0980104
7 0.0313766 0.968623
7 0.000188656 0.999811
9 0.991927 0.00807293
9 1 1e-07
7 0.388284 0.611716
7 0.0651697 0.93483
9 0.553083 0.446917
9 0.999997 3.30445e-06
7 9.13114e-05 0.999909
9 0.673173 0.326827
7 0.05462 0.94538
7 0.469196 0.530804
7 0.0337637 0.966236
9 0.999326 0.000673574
9 0.692377 0.307623
9 0.540873 0.459127
9 0.988666 0.0113339
7 0.170419 0.829581
7 0.0683265 0.931673
9 0.969925 0.0300751
7 4.51276e-07 1
9 0.999885 0.000115391
7 0.080873 0.919127
9 0.992129 0.00787073
7 0.0431414 0.956859
7 0.00591271 0.994087
7 0.0142688 0.985731
7 0.372839 0.627161
9 0.660197 0.339803
9 0.994878 0.005122
9 0.694277 0.305723
7 0.380221 0.619779
7 0.0494144 0.950586
7 0.0012439 0.998756
7 0.499477 0.500523
9 0.999999 5.29395e-07
7 0.00175248 0.998248
7 0.364816 0.635184
9 0.96581 0.0341899
7 0.0622053 0.937795
9 0.700155 0.299845
7 0.04829 0.95171
7 0.00515694 0.994843
9 0.692722 0.307278
7 0.0594021 0.940598
9 0.504124 0.495876
7 0.0805464 0.919454
9 0.999874 0.000126373
7 0.166298 0.833702
7 0.0925773 0.907423
7 0.0333137 0.966686
7 0.317247 0.682753
7 0.000230462 0.99977
9 0.543553 0.456447
9 0.993556 0.0064444
7 0.443525 0.556475
7 0.337076 0.662924
7 0.414913 0.585087
7 0.0694115 0.930589
7 0.0081302 0.99187
9 0.780719 0.219281
9 0.994944 0.00505619
7 0.495886 0.504114
7 0.192835 0.807165
7 0.360708 0.639292
9 0.974653 0.0253466
7 0.0427753 0.957225
9 0.899201 0.100799
7 0.387651 0.612349
7 0.00210302 0.997897
7 4.67514e-05 0.999953
7 0.187252 0.812748
9 0.862827 0.137173
9 0.756732 0.243268
7 0.0147973 0.985203
7 1.78058e-06 0.999998
9 0.898442 0.101558
9 0.999321 0.000679225
7 9.85967e-06 0.99999
9 0.975385 0.0246147
9 0.987862 0.0121376
9 0.533625 0.466375
9 0.563531 0.436469
7 0.00534587 0.994654
7 0.0597185 0.940281
7 0.0369003 0.9631
9 0.996587 0.00341252
7 0.302891 0.697109
9 0.998376 0.0016243
9 0.999995 4.999e-06
9 0.647806 0.352194
9 0.822395 0.177605
9 0.783671 0.216329
7 0.319815 0.680185
7 0.0243549 0.975645
7 0.0194702 0.98053
9 1 2.8141e-07
7 0.429202 0.570798
7 6.68249e-05 0.999933
7 0.140332 0.859668
9 0.999972 2.80443e-05
9 0.535001 0.464999
7 0.0867769 0.913223
7 0.0202552 0.979745
7 4.54386e-05 0.999955
7 0.0733093 0.926691
9 0.999992 7.79591e-06
7 0.0457271 0.954273
7 0.32603 0.67397
7 0.284813 0.715187
9 1 1e-07
9 0.888189 0.111811
7 4.83509e-05 0.999952
7 0.456669 0.543331
7 0.221902 0.778098
9 0.999999 1.02395e-06
7 0.000580895 0.999419
7 0.141271 0.858729
7 0.00285765 0.997142
7 0.104642 0.895358
7 0.0316379 0.968362
9 0.999682 0.000317786
7 0.00430777 0.995692
7 0.039799 0.960201
7 0.0619219 0.938078
7 0.175608 0.824392
9 0.609463 0.390537
9 0.999999 5.51621e-07
7 1.05688e-06 0.999999
7 0.000159471 0.999841
7 0.0787231 0.921277
7 0.383482 0.616518
9 0.998316 0.0016837
7 0.467079 0.532921
7 0.00292844 0.997072
7 0.00997638 0.990024
7 0.0450311 0.954969
9 0.995832 0.00416802
7 0.411062 0.588938
7 0.13333 0.86667
7 0.151818 0.848182
7 0.0634223 0.936578
9 0.526844 0.473156
9 1 1e-07
7 0.0686185 0.931381
7 0.000584227 0.999416
7 0.206674 0.793326
9 0.905598 0.0944015
9 0.584458 0.415542
7 0.455136 0.544864
7 0.3621 0.6379
7 0.000243066 0.999757
9 1 1.82381e-07
7 0.00392884 0.996071
9 0.736304 0.263696
9 0.989483 0.0105171
7 0.000362696 0.999637
9 1 1e-07
9 0.899057 0.100943
9 0.668851 0.331149
9 0.988465 0.0115354
7 0.0470956 0.952904
7 0.0423548 0.957645
9 0.750518 0.249482
7 0.463066 0.536934
7 0.0279676 0.972032
9 0.566934 0.433066
9 0.997852 0.00214849
7 0.0162923 0.983708
7 0.000784738 0.999215
9 0.999989 1.1383e-05
7 0.102626 0.897374
7 0.280852 0.719148
7 0.135104 0.864896
7 0.306309 0.693691
7 0.0504697 0.94953
7 0.0263941 0.973606
7 0.00371766 0.996282
9 0.874574 0.125426
9 0.999977 2.26442e-05
9 0.621965 0.378035
7 0.486861 0.513139
9 0.999995 5.00337e-06
7 0.0406153 0.959385
7 0.079026 0.920974
7 0.0218825 0.978118
7 0.0123033 0.987697
9 0.994806 0.00519369
7 0.312345 0.687655
7 8.70679e-05 0.999913
7 0.0235371 0.976463
9 0.806744 0.193256
7 0.0322982 0.967702
9 0.812632 0.187368
9 0.958711 0.0412893
9 0.999971 2.86008e-05
7 0.321343 0.678657
7 0.375345 0.624655
7 0.334115 0.665885
7 0.37414 0.62586
7 0.000188097 0.999812
7 0.00759221 0.992408
7 0.355643 0.644357
7 2.35021e-05 0.999976
7 0.0132737 0.986726
7 0.00320323 0.996797
9 0.591002 0.408998
9 0.999999 1.30419e-06
7 0.432893 0.567107
9 0.999959 4.13375e-05
7 0.0628219 0.937178
7 0.148756 0.851244
7 0.0161756 0.983824
7 0.32972 0.67028
7 0.353003 0.646997
9 0.501592 0.498408
9 0.788708 0.211292
7 6.36867e-05 0.999936
7 0.0674585 0.932541
7 0.207037 0.792963
9 1 1e-07
7 0.227194 0.772806
7 0.0220994 0.977901
7 0.00522132 0.994779
9 0.833197 0.166803
7 0.00509778 0.994902
7 0.000422494 0.999578
7 0.356353 0.643647
7 0.0116265 0.988374
7 0.166787 0.833213
7 0.0164121 0.983588
9 0.639907 0.360093
7 0.0016176 0.998382
7 6.86859e-05 0.999931
9 0.998548 0.0014523
7 0.00427207 0.995728
7 0.155364 0.844636
7 9.07266e-05 0.999909
7 0.0209762 0.979024
7 0.253472 0.746528
7 0.153572 0.846428
7 0.113237 0.886763
9 0.971123 0.0288773
9 0.998996 0.00100397
9 0.882168 0.117832
7 0.00403588 0.995964
7 0.00899723 0.991003
7 0.000129805 0.99987
7 0.0398607 0.960139
7 0.000534855 0.999465
9 0.540881 0.459119
9 0.980231 0.0197693
7 0.0911618 0.908838
7 0.357751 0.642249
7 0.42708 0.57292
7 0.000327857 0.999672
7 0.346901 0.653099
7 0.0375282 0.962472
7 2.18756e-05 0.999978
7 0.0589628 0.941037
7 0.381399 0.618601
7 0.0347267 0.965273
7 0.480362 0.519638
7 6.80552e-05 0.999932
7 0.303466 0.696534
7 0.0429113 0.957089
7 0.0424808 0.957519
7 0.0307986 0.969201
7 0.0876427 0.912357
9 0.775706 0.224294
7 8.2584e-05 0.999917
7 0.00964413 0.990356
9 0.767612 0.232388
7 0.000515065 0.999485
7 1.50304e-05 0.999985
7 0.00541068 0.994589
7 0.0198991 0.980101
7 0.000139921 0.99986
7 0.365911 0.634089
7 0.00713836 0.992862
7 0.213496 0.786504
7 0.00559159 0.994408
7 0.0108994 0.989101
9 0.760714 0.239286
7 0.0760764 0.923924
9 0.776784 0.223216
7 0.0173918 0.982608
9 0.591421 0.408579
7 0.00140373 0.998596
7 0.0199462 0.980054
7 0.0144108 0.985589
7 0.215203 0.784797
7 0.0209263 0.979074
7 0.26943 0.73057
7 0.498489 0.501511
7 0.0634794 0.936521
7 0.014796 0.985204
7 4.4444e-06 0.999996
7 0.119804 0.880196
7 0.0545946 0.945405
7 0.0218287 0.978171
7 0.0787187 0.921281
7 0.14154 0.85846
7 0.0139561 0.986044
9 0.60574 0.39426
9 0.99982 0.00018002
7 0.022808 0.977192
9 0.735725 0.264275
9 0.99289 0.00711016
7 0.258478 0.741522
9 0.997688 0.0023118
7 0.151719 0.848281
9 1 1e-07
9 0.532233 0.467767
7 0.0409772 0.959023
7 0.0440009 0.955999
7 0.385332 0.614668
7 0.0370519 0.962948
7 0.0789421 0.921058
7 0.00167282 0.998327
7 0.0568514 0.943149
9 1 1e-07
7 0.150674 0.849326
7 0.00260919 0.997391
7 0.0630385 0.936961
7 0.0856502 0.91435
7 0.000185056 0.999815
7 0.479799 0.520201
7 0.427795 0.572205
7 0.347726 0.652274
9 0.999803 0.000197477
7 5.25442e-05 0.999947
7 0.120093 0.879907
7 0.0119172 0.988083
9 0.982408 0.0175924
9 0.991041 0.00895928
7 0.000223844 0.999776
9 0.941054 0.0589463
9 0.531599 0.468401
7 0.0441687 0.955831
9 0.972432 0.0275683
7 0.286832 0.713168
7 0.433726 0.566274
9 0.720389 0.279611
7 0.481111 0.518889
7 0.000391917 0.999608
9 0.858935 0.141065
7 0.111205 0.888795
9 0.99121 0.00879015
7 0.405435 0.594565
7 0.00076563 0.999234
7 0.0519297 0.94807
9 0.679222 0.320778
7 0.0467414 0.953259
9 0.877256 0.122744
7 0.0782454 0.921755
7 0.0265829 0.973417
9 0.730652 0.269348
7 0.371593 0.628407
9 0.999012 0.000987671
7 0.13637 0.86363
7 0.0102265 0.989774
7 0.00332055 0.996679
7 0.0275265 0.972473
7 0.343401 0.656599
7 0.323853 0.676147
9 0.999786 0.000214473
9 0.999471 0.000529204
7 0.4688 0.5312
7 0.207588 0.792412
7 0.0439025 0.956098
7 0.0171545 0.982846
9 0.851272 0.148728
7 0.00272294 0.997277
7 0.0673265 0.932673
7 0.245179 0.754821
7 0.17367 0.82633
7 0.0013574 0.998643
7 0.464494 0.535506
7 0.395166 0.604834
9 0.5031 0.4969
7 0.295862 0.704138
7 0.0122472 0.987753
7 0.0284752 0.971525
9 0.729586 0.270414
7 0.0533158 0.946684
7 0.193019 0.806981
7 0.0335595 0.96644
9 0.990959 0.00904067
9 1 1e-07
7 0.442053 0.557947
7 0.018822 0.981178
9 0.809014 0.190986
7 0.272812 0.727188
7 0.287818 0.712182
9 0.99805 0.00195048
9 0.676623 0.323377
7 0.0502812 0.949719
7 1.18248e-06 0.999999
7 0.375995 0.624005
9 0.881751 0.118249
7 0.19467 0.80533
9 0.965637 0.0343633
7 0.0353503 0.96465
7 0.0276432 0.972357
9 0.761328 0.238672
9 1 1e-07
7 0.404537 0.595463
7 0.0215568 0.978443
7 0.180832 0.819168
9 0.582345 0.417655
7 0.0622353 0.937765
9 0.999995 4.94781e-06
7 0.0909215 0.909078
9 0.994142 0.00585825
7 0.0171903 0.98281
7 0.0526827 0.947317
9 0.995721 0.00427927
7 0.0453125 0.954688
9 0.642226 0.357774
7 0.0605643 0.939436
7 0.193657 0.806343
9 0.546271 0.453729
7 0.000212235 0.999788
7 0.362177 0.637823
9 0.987332 0.0126679
7 0.0631686 0.936831
7 0.465581 0.534419
7 0.29626 0.70374
7 0.0264945 0.973506
7 0.0483898 0.95161
7 0.0596482 0.940352
9 0.991181 0.00881863
7 2.23131e-05 0.999978
9 0.516182 0.483818
9 1 1e-07
9 0.999964 3.62493e-05
7 0.0138994 0.986101
9 0.999997 3.11999e-06
7 0.0791527 0.920847
9 0.530024 0.469976
7 0.0372504 0.96275
9 0.993947 0.00605308
7 0.117638 0.882362
9 0.681159 0.318841
7 0.00738641 0.992614
7 0.0540188 0.945981
9 0.90239 0.0976104
7 0.000110149 0.99989
7 0.320525 0.679475
7 0.239735 0.760265
7 0.47248 0.52752
7 0.0352332 0.964767
9 0.78583 0.21417
7 0.01526 0.98474
7 0.00220832 0.997792
7 0.0364643 0.963536
9 0.857036 0.142964
7 0.471676 0.528324
9 0.932038 0.0679616
9 0.594109 0.405891
9 0.998096 0.00190381
9 0.999993 7.11811e-06
9 0.639165 0.360835
7 0.0128135 0.987187
7 0.0696485 0.930352
7 0.0608089 0.939191
7 0.0488232 0.951177
9 0.996768 0.00323202
9 0.983064 0.016936
7 0.338365 0.661635
7 0.0895717 0.910428
9 0.995172 0.00482791
9 0.57026 0.42974
7 0.0439029 0.956097
9 0.999999 1.49439e-06
7 0.0178142 0.982186
7 0.016419 0.983581
7 0.0393106 0.960689
7 0.0107492 0.989251
7 0.0536307 0.946369
7 0.0640524 0.935948
7 0.0561968 0.943803
7 0.109176 0.890824
7 0.0230975 0.976903
9 0.661898 0.338102
9 0.991409 0.00859116
7 0.0246876 0.975312
7 0.0286095 0.97139
9 0.521684 0.478316
9 0.997504 0.0024958
9 0.807308 0.192692
7 0.183604 0.816396
7 0.100103 0.899897
9 0.964936 0.0350638
9 0.851078 0.148922
7 0.0862455 0.913754
7 0.0798367 0.920163
7 0.00609052 0.993909
9 0.78549 0.21451
7 0.0337871 0.966213
7 0.037922 0.962078
9 0.99238 0.00761992
7 0.00430406 0.995696
7 0.362365 0.637635
7 0.016347 0.983653
7 0.390141 0.609859
7 0.387776 0.612224
7 0.0210763 0.978924
7 0.0694056 0.930594
7 0.151419 0.848581
7 0.456424 0.543576
7 0.0415094 0.958491
7 0.193677 0.806323
7 0.26897 0.73103
9 0.81394 0.18606
9 0.823639 0.176361
9 0.592787 0.407213
7 0.136681 0.863319
9 0.632021 0.367979
7 0.491847 0.508153
7 0.0541518 0.945848
9 0.951512 0.0484885
7 0.0224382 0.977562
9 0.655469 0.344531
9 0.5866 0.4134
7 0.0123581 0.987642
7 0.0771465 0.922854
7 0.0226369 0.977363
9 1 1.48243e-07
9 0.860922 0.139078
7 0.103241 0.896759
9 0.621123 0.378877
7 0.0990699 0.90093
7 0.0257496 0.97425
9 0.995243 0.00475682
9 0.97982 0.0201805
9 0.742245 0.257755
7 0.0128429 0.987157
9 0.808767 0.191233
7 1.36147e-05 0.999986
7 0.000497582 0.999502
7 0.333602 0.666398
9 0.631157 0.368843
7 0.0218858 0.978114
9 0.54364 0.45636
9 0.935455 0.0645451
7 0.322819 0.677181
7 0.0152326 0.984767
9 0.788079 0.211921
9 0.69123 0.30877
9 0.999104 0.000895578
9 0.552839 0.447161
7 0.00183488 0.998165
7 0.00511125 0.994889
7 0.00522716 0.994773
7 0.0580698 0.94193
9 1 1e-07
7 0.0118962 0.988104
7 0.093896 0.906104
7 0.376181 0.623819
7 0.0355375 0.964462
9 0.998341 0.0016588
7 0.0111013 0.988899
7 0.0322222 0.967778
7 0.0653008 0.934699
7 0.0325219 0.967478
7 0.409487 0.590513
7 0.129149 0.870851
9 0.670463 0.329537
7 0.394602 0.605398
7 0.391874 0.608126
9 0.507386 0.492614
9 0.991154 0.00884616
7 0.057104 0.942896
7 0.0707348 0.929265
7 0.0963651 0.903635
7 0.416182 0.583818
7 0.00607141 0.993929
9 1 1e-07
7 0.140849 0.859151
9 0.501923 0.498077
7 0.0934043 0.906596
7 0.046252 0.953748
7 0.437024 0.562976
7 0.325261 0.674739
7 0.00349734 0.996503
9 0.856186 0.143814
9 0.999803 0.000197081
7 0.0146615 0.985339
7 0.437617 0.562383
9 0.541624 0.458376
9 0.95036 0.04964
7 0.00994097 0.990059
7 0.0393959 0.960604
7 0.440876 0.559124
9 0.518158 0.481842
7 0.0242578 0.975742
7 0.070118 0.929882
9 0.981901 0.0180993
9 1 1e-07
9 0.676277 0.323723
7 0.253844 0.746156
9 0.848395 0.151605
7 0.439589 0.560411
7 0.000926295 0.999074
7 0.0219052 0.978095
7 0.320118 0.679882
7 0.0772938 0.922706
7 0.487073 0.512927
7 0.124929 0.875071
7 0.0455158 0.954484
7 0.44276 0.55724
7 0.0233506 0.976649
7 3.82492e-05 0.999962
7 0.0727482 0.927252
7 0.0446335 0.955367
7 0.00113623 0.998864
7 0.457847 0.542153
7 0.0180374 0.981963
7 0.307797 0.692203
9 0.999841 0.000159111
7 0.364438 0.635562
7 0.0297052 0.970295
7 0.000886625 0.999113
7 0.0143847 0.985615
7 0.469005 0.530995
7 0.00391662 0.996083
9 0.999765 0.000234992
7 0.398122 0.601878
7 0.3726 0.6274
7 0.329899 0.670101
9 0.961634 0.038366
7 0.0567028 0.943297
7 0.0047147 0.995285
9 0.689134 0.310866
9 0.999571 0.00042861
7 0.488469 0.511531
7 0.00211463 0.997885
9 0.998487 0.00151332
7 0.000219391 0.999781
7 0.0291609 0.970839
7 0.0679678 0.932032
7 0.0451719 0.954828
7 1.53148e-06 0.999998
9 0.845844 0.154156
9 0.997772 0.00222764
7 0.0124188 0.987581
9 0.959991 0.0400094
7 0.000242295 0.999758
7 0.467473 0.532527
7 0.20333 0.79667
9 0.859695 0.140305
7 0.106621 0.893379
7 0.418918 0.581082
7 0.000947172 0.999053
9 0.933178 0.0668223
7 0.0193995 0.980601
7 0.0397191 0.960281
9 0.63002 0.36998
7 0.031789 0.968211
7 0.356499 0.643501
9 0.991127 0.00887325
7 0.454657 0.545343
9 1 1e-07
7 0.0407603 0.95924
7 6.22444e-05 0.999938
9 0.548554 0.451446
9 0.978762 0.0212377
7 0.397602 0.602398
7 0.331557 0.668443
7 0.0327381 0.967262
9 0.996831 0.00316928
9 0.995198 0.00480186
7 0.00207501 0.997925
7 3.02658e-07 1
9 0.999989 1.0908e-05
9 0.994336 0.00566422
7 0.000334531 0.999665
7 0.0335764 0.966424
7 0.00862879 0.991371
9 0.999165 0.000834679
9 0.567884 0.432116
9 0.621568 0.378432
7 0.00107019 0.99893
7 0.00285409 0.997146
7 0.00365612 0.996344
7 0.00557767 0.994422
7 0.0269997 0.973
7 2.23658e-07 1
9 0.695719 0.304281
7 0.0575502 0.94245
7 0.197703 0.802297
7 0.168005 0.831995
9 0.958501 0.0414992
7 0.15082 0.84918
7 0.0938583 0.906142
9 0.833238 0.166762
9 1 1e-07
7 0.037822 0.962178
7 0.191428 0.808572
9 0.999998 2.04521e-06
7 0.0368159 0.963184
7 0.43227 0.56773
7 0.0908838 0.909116
7 0.0152329 0.984767
7 0.00532548 0.994675
9 0.921439 0.0785614
7 0.00691281 0.993087
9 0.910767 0.0892333
9 0.559374 0.440626
7 0.0775639 0.922436
7 0.312337 0.687663
7 1.14352e-05 0.999989
9 0.999999 1.09283e-06
7 0.010355 0.989645
7 8.33186e-05 0.999917
7 0.031486 0.968514
9 0.991514 0.00848637
7 0.315929 0.684071
7 0.0443438 0.955656
7 0.0373674 0.962633
7 0.0293946 0.970605
9 1 1e-07
9 0.817351 0.182649
9 0.997169 0.00283051
7 0.10249 0.89751
7 0.0134407 0.986559
9 0.577834 0.422166
9 0.658287 0.341713
7 0.0274729 0.972527
7 0.444351 0.555649
9 0.568214 0.431786
7 0.0222508 0.977749
7 0.00143058 0.998569
7 0.0133781 0.986622
7 0.00132532 0.998675
7 0.00328136 0.996719
9 0.997385 0.00261475
7 2.49388e-05 0.999975
7 0.000742916 0.999257
7 0.411722 0.588278
7 0.195759 0.804241
7 0.467197 0.532803
9 0.930812 0.0691877
7 0.00345083 0.996549
7 0.387095 0.612905
7 0.160399 0.839601
9 0.563153 0.436847
9 0.597457 0.402543
9 0.804538 0.195462
9 0.858283 0.141717
7 0.00167974 0.99832
7 0.146056 0.853944
7 0.0718583 0.928142
7 0.00049989 0.9995
7 0.0219714 0.978029
7 0.33298 0.66702
7 0.0298142 0.970186
7 0.0568703 0.94313
7 0.0516085 0.948391
9 0.954598 0.0454023
7 0.187518 0.812482
7 0.198323 0.801677
9 0.999211 0.000788754
7 0.336381 0.663619
7 0.0527124 0.947288
7 0.000936908 0.999063
7 0.000309522 0.99969
7 0.0754922 0.924508
7 0.0841153 0.915885
7 0.0841412 0.915859
7 0.000122195 0.999878
7 0.355873 0.644127
9 0.994258 0.00574238
7 0.0224697 0.97753
7 0.0267798 0.97322
7 0.276368 0.723632
7 0.0724779 0.927522
9 0.522383 0.477617
7 0.00327678 0.996723
9 0.592696 0.407304
7 0.000743382 0.999257
7 0.0656687 0.934331
7 0.0255356 0.974464
9 0.921526 0.0784743
9 0.899384 0.100616
7 0.318014 0.681986
7 0.41847 0.58153
9 0.940179 0.0598209
7 5.98637e-05 0.99994
7 0.0339952 0.966005
7 0.00317769 0.996822
7 0.445457 0.554543
7 0.347298 0.652702
9 0.999999 6.7152e-07
7 1.19517e-05 0.999988
7 0.0785156 0.921484
7 0.057989 0.942011
7 0.0434171 0.956583
9 0.557069 0.442931
7 0.329888 0.670112
7 0.0447122 0.955288
9 0.979771 0.0202291
9 0.993016 0.00698392
7 0.0660502 0.93395
9 0.88859 0.11141
9 0.907933 0.0920672
7 0.00961665 0.990383
7 0.0663376 0.933662
7 1.55311e-05 0.999984
7 0.118314 0.881686
7 2.90337e-06 0.999997
9 0.595145 0.404855
7 0.0348108 0.965189
9 0.636927 0.363073
7 0.376458 0.623542
7 0.00159511 0.998405
9 0.837407 0.162593
7 0.257515 0.742485
9 0.944488 0.0555116
7 0.0193184 0.980682
7 0.220035 0.779965
9 0.994269 0.00573057
7 0.0677496 0.93225
7 0.0785003 0.9215
7 0.427519 0.572481
9 0.987272 0.0127284
7 0.0127882 0.987212
7 0.0212367 0.978763
7 0.0123414 0.987659
7 0.109939 0.890061
7 0.00956205 0.990438
9 0.570974 0.429026
7 0.0340187 0.965981
7 0.0269545 0.973046
7 0.40896 0.59104
7 0.09475 0.90525
9 1 1e-07
7 0.43358 0.56642
7 0.0209031 0.979097
7 0.270026 0.729974
7 0.323216 0.676784
7 0.00159617 0.998404
7 1.47563e-06 0.999999
7 0.0532339 0.946766
9 0.998655 0.00134516
7 0.116738 0.883262
9 0.999988 1.16474e-05
7 0.00086221 0.999138
7 0.0494354 0.950565
9 1 2.64406e-07
7 0.309522 0.690478
9 0.999997 2.66702e-06
7 0.0333723 0.966628
9 0.904539 0.0954613
9 0.806371 0.193629
9 0.995489 0.00451075
7 0.0656475 0.934353
7 0.130161 0.869839
9 0.986502 0.0134978
7 0.495632 0.504368
9 0.996819 0.00318057
7 0.445531 0.554469
7 8.81221e-06 0.999991
9 0.746811 0.253189
9 0.715999 0.284001
9 0.936052 0.0639481
9 0.561113 0.438887
7 0.00240632 0.997594
9 0.556928 0.443072
9 0.606466 0.393534
7 0.37776 0.62224
7 0.0395936 0.960406
7 0.386852 0.613148
9 0.58836 0.41164
7 0.27077 0.72923
7 0.00038443 0.999616
7 0.46309 0.53691
7 0.479109 0.520891
9 0.840969 0.159031
7 0.0912843 0.908716
7 0.109763 0.890237
9 0.887835 0.112165
7 0.0724141 0.927586
7 0.000968118 0.999032
7 0.0434908 0.956509
7 0.000154736 0.999845
9 0.997314 0.0026855
7 0.38131 0.61869
7 0.00100382 0.998996
7 0.00228784 0.997712
7 0.0452807 0.954719
9 0.580675 0.419325
7 4.25467e-06 0.999996
9 1 1e-07
7 0.0632471 0.936753
9 0.551262 0.448738
7 0.142296 0.857704
7 0.000703655 0.999296
7 0.301665 0.698335
9 0.883958 0.116042
7 0.118217 0.881783
7 0.00307434 0.996926
7 0.0103318 0.989668
7 0.440755 0.559245
7 0.00101367 0.998986
7 0.0137087 0.986291
7 0.0033298 0.99667
7 0.334869 0.665131
9 0.999994 5.67766e-06
7 0.0538822 0.946118
7 0.471846 0.528154
7 0.057436 0.942564
9 0.653617 0.346383
7 0.0272514 0.972749
7 0.389241 0.610759
7 0.0104897 0.98951
7 0.000631089 0.999369
7 0.359452 0.640548
7 0.0232639 0.976736
9 0.638701 0.361299
9 0.999998 1.86948e-06
7 0.200361 0.799639
7 0.0452855 0.954715
7 1.32708e-05 0.999987
9 0.992628 0.00737164
9 0.989802 0.0101981
7 0.216212 0.783788
7 0.0646769 0.935323
7 0.0325556 0.967444
7 0.0869996 0.913
9 0.633094 0.366906
9 0.993741 0.00625949
7 0.00614667 0.993853
9 0.691861 0.308139
7 0.117501 0.882499
7 0.42316 0.57684
7 0.046767 0.953233
9 0.937996 0.0620044
9 0.978919 0.0210812
9 0.936212 0.0637883
9 0.999888 0.000111908
7 6.16572e-06 0.999994
7 0.00357031 0.99643
7 0.0418283 0.958172
9 0.985838 0.0141625
9 0.999052 0.000948479
7 0.157808 0.842192
7 0.0315263 0.968474
7 0.446643 0.553357
7 0.0828845 0.917115
7 0.0340231 0.965977
7 0.144849 0.855151
7 0.350879 0.649121
7 0.105828 0.894172
7 0.453652 0.546348
7 0.485994 0.514006
9 0.986965 0.0130351
7 2.55253e-05 0.999974
7 0.213787 0.786213
9 0.883737 0.116263
7 0.33299 0.66701
7 0.0419783 0.958022
7 0.00316619 0.996834
9 1 1e-07
9 0.999911 8.86722e-05
7 0.489734 0.510266
7 0.0176308 0.982369
9 0.617352 0.382648
7 0.00194997 0.99805
7 0.000885471 0.999115
9 0.671616 0.328384
7 0.0306973 0.969303
7 0.189253 0.810747
7 0.193423 0.806577
9 0.999973 2.71302e-05
7 0.000284447 0.999716
9 0.883213 0.116787
7 0.00307041 0.99693
7 0.265432 0.734568
7 0.0850906 0.914909
7 0.120101 0.879899
7 0.336954 0.663046
7 0.0451416 0.954858
7 0.063377 0.936623
9 0.880604 0.119396
7 0.00868988 0.99131
7 4.71818e-05 0.999953
9 0.97472 0.0252802
7 0.241671 0.758329
7 0.225699 0.774301
7 0.0442932 0.955707
7 0.0290867 0.970913
7 0.0408911 0.959109
9 0.81454 0.18546
7 0.362528 0.637472
7 0.0115101 0.98849
9 0.968619 0.031381
9 0.82489 0.17511
7 0.0219187 0.978081
7 0.0198485 0.980152
9 0.999985 1.48428e-05
7 0.000195939 0.999804
7 0.0777998 0.9222
7 0.0382929 0.961707
9 0.815667 0.184333
7 0.436845 0.563155
7 0.117475 0.882525
7 0.0638857 0.936114
9 0.988334 0.011666
9 0.517714 0.482286
7 0.447156 0.552844
9 0.949458 0.0505424
7 0.175624 0.824376
7 0.000111915 0.999888
7 0.063396 0.936604
9 0.978542 0.0214578
9 0.999663 0.000336571
7 0.0290361 0.970964
7 0.406929 0.593071
7 0.0993637 0.900636
9 0.892056 0.107944
7 0.431078 0.568922
7 0.402384 0.597616
9 0.52224 0.47776
7 0.000440822 0.999559
7 0.312383 0.687617
7 0.351602 0.648398
7 0.141413 0.858587
9 0.969629 0.0303715
7 0.0593887 0.940611
9 0.946914 0.0530856
7 0.481139 0.518861
7 0.0663139 0.933686
7 0.321449 0.678551
7 0.166143 0.833857
9 1 4.58368e-07
9 1 1e-07
7 0.0437178 0.956282
9 0.892579 0.107421
7 0.00203255 0.997967
7 0.0102234 0.989777
9 0.807244 0.192756
7 0.0100475 0.989953
7 0.362514 0.637486
7 0.151647 0.848353
7 0.0437675 0.956233
9 0.84474 0.15526
9 0.999896 0.000103725
9 1 1e-07
9 0.917611 0.0823889
7 0.421795 0.578205
7 0.114925 0.885075
9 0.535992 0.464008
7 0.105824 0.894176
9 0.999272 0.000728273
7 0.427467 0.572533
7 0.104789 0.895211
7 0.0277498 0.97225
7 0.0342934 0.965707
7 0.0724675 0.927532
7 0.0045457 0.995454
7 0.0506107 0.949389
9 0.999603 0.000396751
9 1 1e-07
7 0.00580709 0.994193
9 0.821331 0.178669
7 0.444268 0.555732
7 0.206183 0.793817
7 0.436636 0.563364
9 0.999999 9.61227e-07
7 0.0747647 0.925235
7 0.460428 0.539572
7 0.218404 0.781596
9 0.987014 0.0129859
7 0.147481 0.852519
7 0.000101085 0.999899
7 0.0965004 0.9035
7 0.473893 0.526107
7 0.000227126 0.999773
7 0.235006 0.764994
7 0.0731045 0.926896
7 0.0814826 0.918517
7 0.0575561 0.942444
7 0.366486 0.633514
9 0.749749 0.250251
7 0.0417995 0.958201
9 0.998886 0.00111364
7 0.349167 0.650833
7 0.0265995 0.9734
7 0.0437766 0.956223
9 0.955471 0.0445294
7 6.10917e-05 0.999939
7 0.0234006 0.976599
9 0.999976 2.37096e-05
7 1.10865e-06 0.999999
9 0.573181 0.426819
7 0.0518563 0.948144
7 0.00363129 0.996369
9 0.918003 0.0819973
7 0.0160289 0.983971
9 0.829979 0.170021
9 1 1e-07
9 0.999999 8.50924e-07
7 0.340815 0.659185
7 0.436163 0.563837
7 0.000434394 0.999566
7 0.000100265 0.9999
7 0.020623 0.979377
7 0.0056229 0.994377
9 0.916086 0.0839143
7 0.0296013 0.970399
7 0.183961 0.816039
9 0.983616 0.0163841
7 0.167655 0.832345
7 0.00326472 0.996735
7 0.0675508 0.932449
9 0.91225 0.08775
7 0.000111833 0.999888
9 0.532172 0.467828
7 0.43623 0.56377
9 0.999852 0.000148296
7 0.0347894 0.965211
7 0.490668 0.509332
9 0.908513 0.0914868
7 0.488458 0.511542
7 0.0663627 0.933637
9 0.98945 0.0105503
9 0.999789 0.000211492
9 0.999999 1.11997e-06
9 0.999998 1.78523e-06
9 1 3.91655e-07
7 0.0790951 0.920905
7 0.00085277 0.999147
7 0.0418542 0.958146
7 0.00417387 0.995826
7 0.359421 0.640579
9 1 1e-07
7 0.189839 0.810161
9 0.595504 0.404496
9 0.706921 0.293079
9 0.722142 0.277858
7 0.124242 0.875758
7 0.0207133 0.979287
9 0.999981 1.87971e-05
9 0.977352 0.0226482
9 0.998159 0.00184121
9 0.633659 0.366341
7 0.0196658 0.980334
9 0.591981 0.408019
7 0.0388164 0.961184
9 0.533888 0.466112
9 0.973064 0.0269359
7 0.345234 0.654766
7 0.00394075 0.996059
7 0.0125022 0.987498
9 0.567652 0.432348
7 0.0065451 0.993455
9 0.887902 0.112098
9 0.988374 0.0116263
7 0.0416265 0.958374
7 0.163828 0.836172
7 0.00388485 0.996115
9 0.973589 0.0264114
7 2.60445e-05 0.999974
9 0.631421 0.368579
7 0.060931 0.939069
9 0.996641 0.00335918
9 0.999985 1.53303e-05
7 0.25379 0.74621
7 0.313659 0.686341
9 0.999999 1.18287e-06
7 0.0248192 0.975181
7 0.106575 0.893425
7 0.0395562 0.960444
9 0.990997 0.00900318
9 0.999729 0.000270904
7 0.230515 0.769485
7 0.0822263 0.917774
9 0.6364 0.3636
9 0.996852 0.00314849
7 0.237407 0.762593
7 0.00467842 0.995322
7 0.247175 0.752825
7 0.0514959 0.948504
9 0.824588 0.175412
7 0.0110239 0.988976
9 0.674197 0.325803
7 0.403399 0.596601
7 0.167432 0.832568
9 0.950694 0.0493056
7 0.497211 0.502789
7 0.000145271 0.999855
9 0.926687 0.0733128
7 0.0447476 0.955252
7 3.77976e-06 0.999996
9 0.502062 0.497938
7 0.00226288 0.997737
9 0.547432 0.452568
9 0.553857 0.446143
7 0.0336746 0.966325
7 0.123224 0.876776
7 0.334973 0.665027
7 0.407908 0.592092
9 0.997019 0.00298111
7 0.057607 0.942393
9 0.572818 0.427182
7 0.37222 0.62778
9 0.98557 0.01443
9 0.822913 0.177087
7 0.458331 0.541669
9 0.991422 0.00857818
7 0.442584 0.557416
7 0.0743795 0.92562
7 0.00370521 0.996295
7 0.0560237 0.943976
7 0.145482 0.854518
7 0.437489 0.562511
7 0.134382 0.865618
7 0.00363583 0.996364
7 0.0529765 0.947023
7 0.00214747 0.997853
7 0.489388 0.510612
7 0.021338 0.978662
9 0.912919 0.087081
9 0.998716 0.00128351
7 0.0177856 0.982214
7 0.10558 0.89442
9 0.516161 0.483839
7 0.00913567 0.990864
7 0.00505084 0.994949
9 0.814021 0.185979
7 0.086125 0.913875
9 0.52118 0.47882
7 0.015932 0.984068
7 0.456634 0.543366
7 0.0558185 0.944181
7 9.3587e-06 0.999991
7 0.486716 0.513284
7 0.0113478 0.988652
7 0.0826402 0.91736
7 0.0344876 0.965512
9 0.807331 0.192669
7 0.460726 0.539274
7 0.122832 0.877168
9 0.958255 0.0417453
7 4.881e-05 0.999951
7 0.024418 0.975582
7 0.118519 0.881481
9 0.697819 0.302181
7 0.0310867 0.968913
7 0.421366 0.578634
7 0.325789 0.674211
9 1 1e-07
7 0.0332901 0.96671
9 0.785795 0.214205
9 0.549656 0.450344
7 0.359517 0.640483
7 0.0479479 0.952052
9 0.880012 0.119988
7 0.442139 0.557861
7 0.00290599 0.997094
7 0.000754072 0.999246
9 0.959171 0.0408287
9 0.99988 0.000119925
7 0.00572579 0.994274
9 0.976729 0.023271
9 0.906907 0.0930931
7 0.348602 0.651398
7 2.12848e-05 0.999979
7 0.0156208 0.984379
9 0.997817 0.00218326
7 0.364085 0.635915
9 1 4.96707e-07
7 0.462499 0.537501
7 0.35229 0.64771
7 0.0756801 0.92432
7 0.00210143 0.997899
7 0.254138 0.745862
7 0.00964788 0.990352
7 0.357799 0.642201
9 0.803064 0.196936
7 0.00360722 0.996393
7 0.209727 0.790273
9 0.999945 5.45965e-05
7 0.0324316 0.967568
7 0.0704495 0.929551
9 0.909512 0.0904876
7 0.210997 0.789003
7 0.122786 0.877214
9 0.973532 0.0264685
9 0.741512 0.258488
7 0.095099 0.904901
7 0.0119728 0.988027
7 0.310336 0.689664
7 0.0145623 0.985438
7 0.038924 0.961076
7 0.00175247 0.998248
7 0.0322538 0.967746
7 0.000211951 0.999788
7 0.00271034 0.99729
9 0.897044 0.102956
7 0.227904 0.772096
9 0.576016 0.423984
7 0.378193 0.621807
9 0.723079 0.276921
7 0.331505 0.668495
7 0.0693673 0.930633
7 6.39653e-05 0.999936
7 0.00131312 0.998687
7 0.0531696 0.94683
7 0.111229 0.888771
9 0.999997 2.62834e-06
9 0.518023 0.481977
7 0.0111734 0.988827
9 0.683148 0.316852
7 0.419176 0.580824
7 0.36613 0.63387
7 0.148355 0.851645
9 0.845932 0.154068
7 0.026682 0.973318
9 0.999995 5.34665e-06
7 0.0154165 0.984584
7 0.3507 0.6493
7 0.0299039 0.970096
7 0.0178035 0.982196
7 0.0737043 0.926296
7 0.0904356 0.909564
9 0.502134 0.497866
9 0.571983 0.428017
9 0.999999 7.0854e-07
7 0.243866 0.756134
9 0.69598 0.30402
7 0.000204674 0.999795
9 0.817845 0.182155
9 0.653717 0.346283
7 0.0142528 0.985747
9 0.999983 1.67395e-05
7 0.078087 0.921913
7 0.000101743 0.999898
7 0.236588 0.763412
7 0.0725475 0.927452
7 0.279319 0.720681
9 0.864603 0.135397
7 0.360981 0.639019
7 0.139453 0.860547
7 0.296758 0.703242
7 0.394644 0.605356
9 0.99957 0.000430083
9 1 1.31012e-07
9 0.998743 0.00125683
7 0.00634017 0.99366
9 0.727364 0.272636
9 0.972433 0.0275672
7 0.40958 0.59042
7 0.000724773 0.999275
7 0.000551603 0.999448
7 0.0182534 0.981747
9 0.99995 4.95576e-05
7 3.76331e-05 0.999962
7 0.000234074 0.999766
7 0.0533788 0.946621
7 0.0251798 0.97482
7 0.199931 0.800069
7 0.102593 0.897407
9 0.568866 0.431134
9 1 1e-07
7 0.0227858 0.977214
9 0.72411 0.27589
7 0.0942278 0.905772
7 0.494135 0.505865
7 0.312979 0.687021
7 0.0194469 0.980553
7 0.0473543 0.952646
9 0.727618 0.272382
7 0.301069 0.698931
9 0.988682 0.0113182
7 0.0191053 0.980895
7 0.00904603 0.990954
9 0.87051 0.12949
7 0.0496212 0.950379
7 0.432011 0.567989
7 3.9417e-05 0.999961
7 0.469535 0.530465
7 0.00114748 0.998853
7 0.010878 0.989122
9 0.527111 0.472889
7 0.0437606 0.956239
7 0.29298 0.70702
7 0.475028 0.524972
7 0.0885177 0.911482
7 1.9055e-05 0.999981
9 0.504389 0.495611
7 0.00229601 0.997704
7 0.0339802 0.96602
7 7.2749e-05 0.999927
7 0.0748982 0.925102
7 0.0373302 0.96267
7 0.447331 0.552669
7 0.0700439 0.929956
7 0.283458 0.716542
7 0.0315055 0.968495
7 0.473674 0.526326
9 0.622884 0.377116
7 0.0446938 0.955306
7 0.0181421 0.981858
7 0.289557 0.710443
9 0.999985 1.48082e-05
7 0.0447075 0.955292
7 0.00565184 0.994348
7 0.173086 0.826914
7 0.484187 0.515813
7 0.0158107 0.984189
7 0.375337 0.624663
7 0.0528498 0.94715
7 0.119284 0.880716
7 0.0244809 0.975519
7 0.195556 0.804444
7 0.00391207 0.996088
7 0.00101463 0.998985
9 0.997278 0.00272204
7 0.0527359 0.947264
7 0.0778067 0.922193
7 0.360906 0.639094
7 0.451063 0.548937
9 0.769022 0.230978
9 0.750688 0.249312
7 0.348122 0.651878
7 0.209697 0.790303
9 0.946888 0.0531118
7 0.00595376 0.994046
9 0.999995 4.60276e-06
7 5.87227e-05 0.999941
7 0.00880171 0.991198
7 0.37593 0.62407
7 0.118461 0.881539
7 0.0229812 0.977019
7 0.0505742 0.949426
7 0.0293646 0.970635
7 0.291992 0.708008
7 0.138853 0.861147
9 0.538717 0.461283
7 0.0421635 0.957837
7 0.00760499 0.992395
7 0.000129382 0.999871
7 0.268527 0.731473
9 0.689056 0.310944
7 0.0272541 0.972746
9 0.51908 0.48092
9 0.999997 2.59148e-06
9 0.767146 0.232854
7 0.422372 0.577628
7 0.00833828 0.991662
7 0.000196709 0.999803
7 0.308152 0.691848
9 0.707957 0.292043
9 0.835188 0.164812
7 4.54594e-07 1
7 0.0673897 0.93261
7 0.0157238 0.984276
9 0.642239 0.357761
9 0.958049 0.0419506
9 1 1.90302e-07
7 0.214652 0.785348
9 0.864921 0.135079
9 0.768734 0.231266
9 0.985935 0.0140653
7 0.377092 0.622908
7 0.00967981 0.99032
9 0.54524 0.45476
9 0.971541 0.0284592
9 0.999998 2.02595e-06
7 0.491713 0.508287
7 0.0417672 0.958233
7 0.00114305 0.998857
7 0.00501233 0.994988
7 0.33259 0.66741
9 0.999973 2.69023e-05
9 0.862301 0.137699
7 0.314387 0.685613
7 0.114094 0.885906
9 1 1e-07
7 0.0431421 0.956858
9 0.996144 0.00385573
7 0.396425 0.603575
7 7.35228e-05 0.999926
7 0.157683 0.842317
7 0.135374 0.864626
9 0.864265 0.135735
9 0.645132 0.354868
9 0.97634 0.0236599
7 0.498588 0.501412
7 0.00602065 0.993979
9 0.524246 0.475754
7 0.166747 0.833253
7 0.00318848 0.996812
7 0.307398 0.692602
7 0.0247197 0.97528
7 0.00318139 0.996819
7 0.0522691 0.947731
7 0.055463 0.944537
9 0.565254 0.434746
9 0.987438 0.012562
9 0.614656 0.385344
7 0.439493 0.560507
7 0.000652247 0.999348
9 0.999979 2.06532e-05
7 0.0527415 0.947259
7 0.0523694 0.947631
7 0.0357945 0.964206
7 0.0479363 0.952064
7 0.484129 0.515871
9 0.946724 0.053276
9 0.740527 0.259473
7 0.0169985 0.983002
9 0.821242 0.178758
7 0.33958 0.66042
7 0.00802547 0.991975
7 0.0455695 0.95443
7 7.65602e-06 0.999992
9 0.970264 0.0297364
9 0.815532 0.184468
7 0.0636138 0.936386
7 0.346806 0.653194
7 0.397794 0.602206
7 0.00855031 0.99145
7 0.146565 0.853435
7 0.0385014 0.961499
7 0.223591 0.776409
7 0.00172451 0.998275
9 0.9839 0.0160998
7 0.000345493 0.999655
7 0.405121 0.594879
7 0.130388 0.869612
9 0.876029 0.123971
7 0.155007 0.844993
7 0.316434 0.683566
9 0.798551 0.201449
7 0.34246 0.65754
7 0.00400973 0.99599
7 0.0704051 0.929595
7 0.000293418 0.999707
7 0.360392 0.639608
9 1 1e-07
9 0.999997 3.22542e-06
7 0.0543604 0.94564
7 0.419965 0.580035
9 0.579755 0.420245
7 0.0322248 0.967775
7 0.41479 0.58521
7 0.212252 0.787748
7 0.00453186 0.995468
9 0.891631 0.108369
7 0.031925 0.968075
7 0.0980493 0.901951
7 0.165686 0.834314
7 0.0698266 0.930173
9 0.631243 0.368757
7 0.0325719 0.967428
9 0.809707 0.190293
7 0.104688 0.895312
7 0.0719248 0.928075
9 0.999129 0.000871066
9 0.867583 0.132417
7 0.321769 0.678231
7 0.2124 0.7876
9 0.997985 0.00201549
9 1 1e-07
7 0.0523355 0.947665
7 0.452207 0.547793
9 0.9997 0.000299945
7 0.465976 0.534024
7 0.0314035 0.968596
7 0.110152 0.889848
7 0.412836 0.587164
7 0.000563334 0.999437
9 0.556126 0.443874
7 0.494418 0.505582
7 0.412966 0.587034
7 4.36561e-05 0.999956
7 0.0567424 0.943258
9 0.954466 0.0455339
7 0.0181396 0.98186
9 1 3.61193e-07
9 0.6801 0.3199
7 0.418795 0.581205
7 0.146084 0.853916
7 0.355438 0.644562
9 1 1.41131e-07
9 0.99061 0.00939036
9 0.964856 0.0351439
9 1 1e-07
7 0.0246795 0.975321
7 4.49724e-06 0.999996
9 0.99968 0.000320337
7 0.000113674 0.999886
7 0.189972 0.810028
7 0.00993319 0.990067
7 0.0923537 0.907646
9 0.847659 0.152341
7 0.37147 0.62853
9 0.998697 0.00130328
7 0.0421098 0.95789
9 0.999995 4.6119e-06
7 0.00229911 0.997701
7 0.0602154 0.939785
7 0.0167239 0.983276
9 1 2.53879e-07
7 0.498772 0.501228
7 0.0783702 0.92163
9 0.963157 0.0368425
7 0.0550955 0.944905
9 0.54839 0.45161
7 0.0660597 0.93394
7 0.0627935 0.937206
7 0.403759 0.596241
9 0.689636 0.310364
7 0.0658515 0.934149
7 0.474522 0.525478
7 0.381853 0.618147
7 0.0346532 0.965347
9 0.599699 0.400301
7 0.0268102 0.97319
7 0.0561629 0.943837
7 0.0531472 0.946853
9 0.740472 0.259528
9 1 1e-07
9 0.943191 0.0568094
9 0.687269 0.312731
7 0.00123345 0.998767
7 0.0744482 0.925552
7 0.000200329 0.9998
9 1 2.11594e-07
9 0.995738 0.00426202
9 0.995108 0.00489249
7 0.021989 0.978011
7 0.387903 0.612097
9 0.990117 0.00988268
9 0.982947 0.0170527
9 0.50676 0.49324
9 0.626029 0.373971
9 0.999984 1.60645e-05
7 0.000373299 0.999627
7 0.107321 0.892679
7 0.0568377 0.943162
9 0.757837 0.242163
9 0.826338 0.173662
9 0.91222 0.08778
7 0.287004 0.712996
7 0.259486 0.740514
9 0.701424 0.298576
7 0.496059 0.503941
7 0.253686 0.746314
7 0.399557 0.600443
7 0.36896 0.63104
9 0.898689 0.101311
7 0.352983 0.647017
7 0.158927 0.841073
9 0.974057 0.0259432
9 1 1e-07
7 0.334158 0.665842
9 0.765441 0.234559
7 0.00801853 0.991981
9 1 1e-07
7 0.000141303 0.999859
7 0.104868 0.895132
7 0.0165461 0.983454
7 0.0469812 0.953019
7 0.151783 0.848217
7 0.3989 0.6011
9 0.966684 0.0333161
9 0.516537 0.483463
7 0.0158188 0.984181
9 0.928375 0.0716253
7 7.30429e-06 0.999993
7 0.0327791 0.967221
9 0.998997 0.00100322
9 0.901068 0.098932
7 0.343322 0.656678
7 0.470448 0.529552
7 0.000930563 0.999069
7 0.409537 0.590463
7 0.0218829 0.978117
7 0.273168 0.726832
7 0.433237 0.566763
9 0.99896 0.00104034
7 0.0425926 0.957407
7 0.0230192 0.976981
9 1 2.64762e-07
9 0.999895 0.000105393
9 0.629408 0.370592
7 0.115006 0.884994
9 0.971067 0.0289331
7 0.00112096 0.998879
9 0.856271 0.143729
9 0.998695 0.00130503
7 0.0205698 0.97943
9 0.999983 1.68981e-05
7 0.0313056 0.968694
7 0.075997 0.924003
9 0.937042 0.0629583
7 0.0935773 0.906423
7 0.420416 0.579584
7 1.00977e-05 0.99999
7 0.00575457 0.994245
7 0.0557134 0.944287
7 0.226802 0.773198
7 0.0052095 0.994791
7 0.00557058 0.994429
9 0.521913 0.478087
7 0.000907493 0.999093
9 0.633993 0.366007
9 0.999999 9.60483e-07
9 0.577547 0.422453
7 1.5775e-07 1
7 0.022492 0.977508
9 0.967513 0.0324873
7 0.0116118 0.988388
7 0.230823 0.769177
9 0.968847 0.0311534
9 0.62083 0.37917
9 0.71616 0.28384
7 0.251787 0.748213
7 0.341275 0.658725
7 0.0330398 0.96696
9 0.809196 0.190804
9 0.810617 0.189383
7 0.10829 0.89171
7 0.295112 0.704888
7 0.0431148 0.956885
9 1 1e-07
7 0.000586511 0.999413
9 0.612652 0.387348
9 0.970996 0.029004
7 0.0270155 0.972985
7 0.119512 0.880488
9 0.587458 0.412542
7 0.155261 0.844739
9 0.904271 0.0957285
7 0.00193529 0.998065
7 0.206163 0.793837
7 0.0468678 0.953132
7 0.0718241 0.928176
7 0.380492 0.619508
7 0.179506 0.820494
7 0.00137979 0.99862
7 0.448542 0.551458
7 0.405102 0.594898
7 0.0433783 0.956622
7 0.0341416 0.965858
7 0.00228544 0.997715
7 0.000508342 0.999492
7 0.000704167 0.999296
7 0.0263286 0.973671
9 0.636032 0.363968
7 0.00467336 0.995327
9 0.694587 0.305413
9 0.996879 0.00312114
7 0.348246 0.651754
9 0.991774 0.00822565
7 0.0132902 0.98671
7 0.000298496 0.999702
7 0.0322553 0.967745
9 0.999795 0.000205349
7 0.415989 0.584011
7 0.455037 0.544963
7 0.000127586 0.999872
7 0.000792991 0.999207
9 0.696393 0.303607
7 0.0217308 0.978269
9 0.881911 0.118089
7 0.217921 0.782079
9 0.999998 2.06367e-06
9 0.848429 0.151571
7 0.00066167 0.999338
9 0.997794 0.00220558
7 0.0153035 0.984696
9 0.978918 0.0210819
9 0.727277 0.272723
9 0.998165 0.00183472
9 1 1e-07
9 0.669197 0.330803
7 0.353034 0.646966
7 0.0743776 0.925622
7 0.00114761 0.998852
7 0.00126906 0.998731
7 0.000558986 0.999441
7 0.0220492 0.977951
7 0.162367 0.837633
9 0.600305 0.399695
9 0.696698 0.303302
7 0.186158 0.813842
9 0.830584 0.169416
9 1 1e-07
7 0.13058 0.86942
7 0.304722 0.695278
9 0.547027 0.452973
7 0.409182 0.590818
7 0.00675858 0.993241
7 0.0536319 0.946368
7 0.0504823 0.949518
7 0.0110232 0.988977
7 0.118166 0.881834
9 0.720556 0.279444
9 0.975526 0.024474
9 0.986726 0.0132737
7 0.000190082 0.99981
7 0.0513927 0.948607
7 0.104161 0.895839
9 0.999995 5.19563e-06
7 0.0465707 0.953429
7 0.152618 0.847382
9 0.650687 0.349313
7 0.375572 0.624428
9 0.710139 0.289861
7 0.0495139 0.950486
7 0.010503 0.989497
9 1 1.0565e-07
7 0.072899 0.927101
7 0.000144458 0.999856
7 0.386748 0.613252
7 0.409982 0.590018
7 0.00290715 0.997093
7 0.211234 0.788766
9 0.999899 0.000101107
7 0.0116784 0.988322
7 0.00025089 0.999749
7 0.0234079 0.976592
9 0.5552 0.4448
9 0.666367 0.333633
7 0.456483 0.543517
7 0.0104678 0.989532
7 0.474317 0.525683
9 1 1e-07
7 0.0274224 0.972578
7 0.00190722 0.998093
7 0.0625098 0.93749
9 0.99953 0.000469732
7 0.291126 0.708874
7 0.0027595 0.997241
7 0.485967 0.514033
7 0.110745 0.889255
9 0.51208 0.48792
7 0.0537018 0.946298
7 0.0150862 0.984914
7 0.143533 0.856467
9 0.748376 0.251624
7 0.490504 0.509496
7 0.245208 0.754792
7 0.272394 0.727606
9 0.948388 0.0516121
7 0.186757 0.813243
9 1 1e-07
7 0.0343848 0.965615
7 0.0291266 0.970873
7 0.0446482 0.955352
7 0.31082 0.68918
9 0.563385 0.436615
7 0.0139169 0.986083
7 0.0011365 0.998863
9 0.980073 0.0199271
9 0.970636 0.0293641
9 1 1e-07
9 1 1e-07
9 0.969496 0.0305045
9 1 2.16836e-07
7 0.0295624 0.970438
7 0.301618 0.698382
7 0.0675151 0.932485
9 1 1e-07
7 0.227021 0.772979
7 0.0386642 0.961336
7 5.742e-05 0.999943
9 0.821774 0.178226
7 7.35132e-05 0.999926
7 0.168106 0.831894
9 0.929418 0.0705818
7 0.00320337 0.996797
7 0.421116 0.578884
9 0.609693 0.390307
7 0.00490914 0.995091
7 0.0516798 0.94832
9 0.999668 0.000331764
7 0.249456 0.750544
7 0.0587421 0.941258
7 0.00295873 0.997041
7 0.439723 0.560277
7 0.299441 0.700559
7 0.495738 0.504262
7 0.00560591 0.994394
7 0.00958785 0.990412
7 0.335212 0.664788
9 0.980417 0.0195825
7 0.107195 0.892805
7 0.430796 0.569204
9 0.999727 0.000273054
7 0.040012 0.959988
7 0.0169031 0.983097
7 0.0656847 0.934315
9 0.999603 0.000396943
7 0.0288611 0.971139
9 0.856863 0.143137
9 0.538099 0.461901
7 0.0426479 0.957352
7 0.108022 0.891978
9 0.816363 0.183637
7 0.0382671 0.961733
7 0.000607527 0.999392
9 0.870388 0.129612
9 1 1e-07
7 0.0688147 0.931185
9 0.586301 0.413699
7 0.0742191 0.925781
9 0.787785 0.212215
9 0.999977 2.34434e-05
7 0.0388599 0.96114
7 0.145623 0.854377
9 0.553531 0.446469
9 0.589208 0.410792
9 0.999965 3.4846e-05
7 0.0135577 0.986442
7 0.0782415 0.921758
7 0.0358391 0.964161
9 0.987733 0.0122673
7 0.000534093 0.999466
9 0.599238 0.400762
7 0.307538 0.692462
7 0.124931 0.875069
7 0.0306914 0.969309
7 0.0328569 0.967143
7 0.16896 0.83104
7 0.15713 0.84287
9 0.683737 0.316263
9 0.999995 4.70945e-06
7 0.00110359 0.998896
7 0.00254137 0.997459
7 0.197955 0.802045
7 0.105804 0.894196
9 0.999855 0.000144963
7 0.0696636 0.930336
9 1 1e-07
9 0.999743 0.00025745
7 0.0203978 0.979602
7 0.000222955 0.999777
7 0.000334043 0.999666
9 0.995757 0.00424254
7 0.498015 0.501985
7 0.464502 0.535498
9 0.996512 0.00348845
7 0.000625264 0.999375
7 0.0103367 0.989663
9 0.989116 0.0108841
7 0.107757 0.892243
9 0.999674 0.000325823
7 0.0647931 0.935207
7 0.341916 0.658084
7 0.0252333 0.974767
9 0.993532 0.00646775
7 0.00899977 0.991
7 0.26695 0.73305
9 1 1e-07
9 0.99998 1.9845e-05
7 0.146315 0.853685
7 0.297502 0.702498
9 0.609269 0.390731
9 0.98658 0.0134199
9 0.996127 0.00387276
9 0.76794 0.23206
7 0.046907 0.953093
7 0.462323 0.537677
9 0.997461 0.00253901
9 0.708465 0.291535
7 0.0525169 0.947483
9 0.999719 0.000280758
9 0.995919 0.004081
7 0.054558 0.945442
9 0.998357 0.00164273
9 0.872778 0.127222
7 0.00421801 0.995782
7 0.375704 0.624296
7 0.342857 0.657143
9 0.576513 0.423487
9 0.716719 0.283281
7 6.71885e-05 0.999933
7 0.225605 0.774395
7 0.107823 0.892177
7 0.00529194 0.994708
7 0.0150343 0.984966
7 0.415349 0.584651
7 0.046437 0.953563
7 0.0492634 0.950737
7 0.101217 0.898783
7 0.341028 0.658972
9 0.841368 0.158632
7 0.0162803 0.98372
7 0.0674632 0.932537
7 0.397088 0.602912
7 0.00338587 0.996614
7 0.0671268 0.932873
9 0.570315 0.429685
7 0.0379503 0.96205
9 0.558849 0.441151
7 0.145194 0.854806
7 0.101194 0.898806
7 0.148344 0.851656
7 0.468176 0.531824
7 0.0163864 0.983614
9 0.823242 0.176758
7 0.280551 0.719449
7 0.372076 0.627924
7 0.270624 0.729376
7 0.00535141 0.994649
7 0.000432545 0.999567
7 0.00173273 0.998267
9 0.999984 1.62093e-05
7 0.256913 0.743087
9 0.815192 0.184808
7 0.333816 0.666184
9 0.706839 0.293161
7 0.00720215 0.992798
9 0.921612 0.078388
9 0.711354 0.288646
7 0.393488 0.606512
9 0.999998 1.93063e-06
9 0.999947 5.34684e-05
7 0.0530427 0.946957
9 0.712924 0.287076
7 0.0913327 0.908667
7 0.00560548 0.994395
7 0.000788162 0.999212
7 0.157585 0.842415
7 0.0167044 0.983296
9 0.753573 0.246427
7 0.14922 0.85078
7 0.237392 0.762608
7 0.084975 0.915025
7 0.0165314 0.983469
7 0.204154 0.795846
7 0.107592 0.892408
7 0.105801 0.894199
7 0.00437038 0.99563
7 0.0390882 0.960912
7 0.022109 0.977891
7 3.49346e-06 0.999997
9 0.602917 0.397083
7 0.449645 0.550355
7 0.00197526 0.998025
7 0.381144 0.618856
7 0.161813 0.838187
7 2.34668e-06 0.999998
7 0.00179101 0.998209
9 0.880988 0.119012
7 0.182257 0.817743
7 0.488298 0.511702
7 0.0552653 0.944735
9 0.877425 0.122575
7 0.0056172 0.994383
9 0.999995 5.27085e-06
7 0.167655 0.832345
7 0.0693227 0.930677
7 0.46889 0.53111
9 0.999973 2.65457e-05
7 0.000267526 0.999732
7 0.312443 0.687557
7 0.0843645 0.915636
9 0.590319 0.409681
9 0.521485 0.478515
9 0.999264 0.000735726
7 0.187318 0.812682
9 0.882162 0.117838
9 0.518217 0.481783
7 0.433517 0.566483
7 0.229477 0.770523
7 0.000603785 0.999396
7 0.183927 0.816073
7 0.00339342 0.996607
9 1 1e-07
7 0.0303932 0.969607
7 0.113611 0.886389
7 0.0261732 0.973827
9 0.627626 0.372374
7 0.363569 0.636431
7 0.196388 0.803612
7 0.0737656 0.926234
7 0.395861 0.604139
9 0.99625 0.00375009
9 0.523782 0.476218
7 0.0501479 0.949852
9 0.648205 0.351795
7 0.0358362 0.964164
7 0.250342 0.749658
9 0.999393 0.000606918
9 0.997985 0.00201549
7 0.0681972 0.931803
7 0.0997341 0.900266
7 0.00824482 0.991755
7 0.0852391 0.914761
7 0.239429 0.760571
7 0.0693482 0.930652
7 0.0215033 0.978497
7 1e-07 1
7 0.387717 0.612283
7 0.109739 0.890261
7 0.0076078 0.992392
9 0.549525 0.450475
9 0.992845 0.00715532
7 0.0372913 0.962709
9 0.718988 0.281012
9 0.599236 0.400764
7 0.0620358 0.937964
7 8.22559e-05 0.999918
7 0.301167 0.698833
7 0.00243474 0.997565
7 0.423658 0.576342
7 0.26426 0.73574
7 0.0443559 0.955644
9 0.955034 0.0449657
7 0.00784683 0.992153
9 0.841845 0.158155
7 0.214241 0.785759
7 0.00457291 0.995427
9 0.996352 0.00364829
7 0.00358996 0.99641
7 0.0356458 0.964354
7 0.0216734 0.978327
7 0.404937 0.595063
7 0.00172853 0.998271
7 0.35918 0.64082
7 0.102496 0.897504
9 0.94885 0.0511504
7 0.0615026 0.938497
7 0.421538 0.578462
7 8.67834e-05 0.999913
7 0.19082 0.80918
7 0.0387281 0.961272
9 0.555716 0.444284
9 0.896544 0.103456
7 0.419368 0.580632
9 0.916615 0.0833847
9 0.778653 0.221347
7 8.21803e-06 0.999992
7 0.013899 0.986101
9 1 1e-07
9 0.558719 0.441281
7 0.3285 0.6715
7 0.150442 0.849558
7 0.00198926 0.998011
9 0.776974 0.223026
7 0.143344 0.856656
7 0.48145 0.51855
7 0.00279209 0.997208
9 0.57884 0.42116
7 0.465754 0.534246
9 0.961439 0.0385608
7 0.140923 0.859077
7 0.0340505 0.96595
7 0.00010706 0.999893
7 0.42396 0.57604
7 0.00708114 0.992919
7 0.0263146 0.973685
7 0.00512752 0.994872
9 0.693748 0.306252
7 0.0346983 0.965302
7 0.000571537 0.999428
9 0.980407 0.0195934
7 0.0214778 0.978522
9 0.560258 0.439742
7 0.0287085 0.971292
9 0.88355 0.11645
9 0.642936 0.357064
9 0.737451 0.262549
7 0.401831 0.598169
7 0.0234102 0.97659
7 0.34063 0.65937
9 0.999388 0.000612362
7 0.0804727 0.919527
9 0.995682 0.00431799
7 0.231986 0.768014
7 0.124473 0.875527
7 0.0440707 0.955929
9 0.978871 0.0211293
7 0.032432 0.967568
7 0.454773 0.545227
9 0.999647 0.000353019
9 0.989531 0.0104692
9 0.999999 9.31897e-07
9 0.930121 0.0698788
7 0.295598 0.704402
7 0.00138132 0.998619
9 0.738819 0.261181
7 0.410831 0.589169
7 0.495182 0.504818
7 0.460945 0.539055
7 0.0547235 0.945277
7 0.00534783 0.994652
7 0.483697 0.516303
9 0.785262 0.214738
7 5.2956e-05 0.999947
7 0.0433641 0.956636
7 0.0338449 0.966155
7 0.286879 0.713121
9 0.762852 0.237148
7 0.40191 0.59809
7 0.22526 0.77474
7 0.00449418 0.995506
7 0.0676822 0.932318
7 0.00336681 0.996633
9 0.853036 0.146964
7 0.287176 0.712824
7 0.00515204 0.994848
7 0.40046 0.59954
7 0.450231 0.549769
9 0.516642 0.483358
7 0.284307 0.715693
7 0.0682088 0.931791
7 0.00370603 0.996294
7 0.17731 0.82269
7 0.00999125 0.990009
9 0.999822 0.000177765
7 0.249219 0.750781
9 0.999006 0.000993717
9 0.910429 0.0895714
7 0.31415 0.68585
9 0.680991 0.319009
7 0.0223939 0.977606
7 0.200688 0.799312
7 0.02492 0.97508
7 0.0352264 0.964774
7 0.0749511 0.925049
9 0.999985 1.46952e-05
7 0.000463776 0.999536
9 1 1e-07
9 0.512143 0.487857
7 0.000307109 0.999693
7 0.0148004 0.9852
7 0.0557791 0.944221
7 0.0366699 0.96333
7 0.0441977 0.955802
9 0.996708 0.00329229
7 0.262201 0.737799
9 0.753429 0.246571
9 0.999959 4.06882e-05
7 0.0239756 0.976024
9 1 1.11788e-07
9 0.605763 0.394237
7 0.0269726 0.973027
7 0.081995 0.918005
9 0.966659 0.0333411
9 0.858905 0.141095
9 0.858192 0.141808
7 0.0192963 0.980704
7 0.399857 0.600143
9 0.997278 0.00272223
7 0.480062 0.519938
7 0.341913 0.658087
7 0.0692619 0.930738
7 0.0731205 0.92688
7 0.0700477 0.929952
7 0.0510654 0.948935
9 0.999841 0.000158894
7 5.47833e-05 0.999945
7 0.0238973 0.976103
7 0.397596 0.602404
7 0.185932 0.814068
7 3.20878e-06 0.999997
9 1 1e-07
9 0.950069 0.0499306
9 0.999998 2.44424e-06
9 0.999488 0.00051154
7 0.00391545 0.996085
9 0.608209 0.391791
7 0.000570248 0.99943
9 0.934856 0.0651444
7 0.380152 0.619848
9 0.887341 0.112659
7 0.003457 0.996543
9 0.997031 0.00296864
7 7.6159e-05 0.999924
9 0.998761 0.00123948
9 0.594353 0.405647
7 0.000728976 0.999271
7 0.0127258 0.987274
9 0.813141 0.186859
7 1.1961e-05 0.999988
7 0.0565533 0.943447
9 0.723098 0.276902
7 0.0132052 0.986795
7 0.0386167 0.961383
7 0.0016196 0.99838
9 0.893943 0.106057
7 0.000537875 0.999462
9 0.999987 1.34575e-05
7 0.0334213 0.966579
9 0.875472 0.124528
7 0.035409 0.964591
7 1.9102e-05 0.999981
9 0.930578 0.069422
7 0.038569 0.961431
9 0.852071 0.147929
9 0.999616 0.000384126
7 2.30492e-06 0.999998
7 0.358579 0.641421
7 0.00773347 0.992267
7 0.0649323 0.935068
7 0.046751 0.953249
9 0.99377 0.00622959
9 0.999999 5.48482e-07
7 0.0264463 0.973554
9 0.983557 0.0164426
7 0.00126882 0.998731
7 0.000247124 0.999753
7 0.257151 0.742849
7 0.348522 0.651478
7 6.43818e-05 0.999936
7 0.0488974 0.951103
9 0.992939 0.00706112
7 0.425131 0.574869
9 0.657553 0.342447
9 0.999958 4.18441e-05
7 0.0247836 0.975216
7 5.04197e-05 0.99995
9 0.999866 0.000134074
7 0.00022197 0.999778
7 3.81199e-06 0.999996
9 1 1e-07
9 0.999995 5.28736e-06
9 0.994739 0.00526144
7 0.308006 0.691994
7 0.23701 0.76299
7 0.336269 0.663731
9 0.702822 0.297178
7 0.385178 0.614822
9 0.930655 0.0693453
7 0.000267941 0.999732
9 0.999948 5.17959e-05
7 0.143935 0.856065
7 0.359421 0.640579
7 0.00867807 0.991322
7 0.0278705 0.97213
7 0.144729 0.855271
7 0.269552 0.730448
7 0.0248641 0.975136
7 0.0756897 0.92431
9 0.829242 0.170758
9 0.999438 0.000562122
7 0.0815336 0.918466
7 0.355634 0.644366
9 0.991177 0.00882312
9 0.848673 0.151327
9 0.570305 0.429695
7 0.0749904 0.92501
7 0.0240711 0.975929
7 0.285156 0.714844
7 0.1462 0.8538
7 0.449241 0.550759
7 0.104121 0.895879
7 0.0486743 0.951326
7 0.0906714 0.909329
7 0.0297253 0.970275
9 0.999986 1.35885e-05
7 0.069774 0.930226
7 0.0305878 0.969412
9 0.996728 0.00327173
7 0.0420425 0.957957
7 0.000634869 0.999365
7 0.0394609 0.960539
7 0.499792 0.500208
9 0.969687 0.0303132
9 0.905335 0.0946645
7 0.021261 0.978739
7 0.00543133 0.994569
9 0.928746 0.0712535
9 0.999982 1.83013e-05
7 0.40729 0.59271
7 0.0376748 0.962325
9 0.999879 0.000121221
9 0.998965 0.00103519
7 0.0395438 0.960456
7 0.00301192 0.996988
7 1e-07 1
7 0.375261 0.624739
7 0.093483 0.906517
7 0.0174953 0.982505
7 0.00148389 0.998516
7 0.12594 0.87406
7 0.00184795 0.998152
9 0.901415 0.0985849
7 0.255247 0.744753
7 0.00428758 0.995712
9 0.829257 0.170743
9 0.98205 0.0179499
7 0.100684 0.899316
7 0.00352147 0.996479
7 0.434726 0.565274
7 0.0474846 0.952515
7 0.12487 0.87513
7 0.016493 0.983507
9 0.885179 0.114821
7 0.289304 0.710696
7 0.00674503 0.993255
9 0.994728 0.00527188
7 0.312487 0.687513
9 0.501914 0.498086
7 0.108726 0.891274
7 0.208089 0.791911
7 0.451854 0.548146
7 0.395001 0.604999
7 0.115402 0.884598
9 0.989562 0.0104376
9 0.97408 0.0259199
9 0.56298 0.43702
9 0.566744 0.433256
7 0.0022538 0.997746
7 0.0167585 0.983242
9 0.817332 0.182668
7 0.0115736 0.988426
7 0.0414 0.9586
7 0.375791 0.624209
7 0.00429185 0.995708
9 0.868617 0.131383
7 0.0207861 0.979214
9 0.875123 0.124877
7 0.012472 0.987528
7 0.355177 0.644823
9 0.996656 0.00334408
7 0.162344 0.837656
9 0.999832 0.000167925
7 0.0537904 0.94621
7 0.201159 0.798841
7 0.0028795 0.997121
9 0.936439 0.0635606
9 0.713463 0.286537
9 0.820794 0.179206
7 0.245161 0.754839
7 0.00909323 0.990907
7 0.467216 0.532784
7 0.447364 0.552636
7 0.0165765 0.983423
7 0.139549 0.860451
9 0.993382 0.00661784
9 0.995677 0.00432331
9 0.999999 1.03751e-06
9 0.999904 9.61131e-05
9 0.52264 0.47736
9 0.621611 0.378389
7 0.0183593 0.981641
7 0.24426 0.75574
7 0.27645 0.72355
7 0.00243574 0.997564
7 0.0643975 0.935603
7 0.334773 0.665227
7 0.0820598 0.91794
9 0.98341 0.0165904
7 0.310599 0.689401
7 0.000726688 0.999273
7 0.0232502 0.97675
7 0.142156 0.857844
7 0.00561583 0.994384
9 0.999999 5.47081e-07
7 0.464698 0.535302
7 0.0704252 0.929575
7 0.234773 0.765227
9 0.985698 0.0143024
7 0.00645084 0.993549
9 0.56377 0.43623
7 0.0164811 0.983519
7 0.328331 0.671669
7 0.000676398 0.999324
9 1 1e-07
7 0.392107 0.607893
7 0.00865339 0.991347
9 0.89914 0.10086
7 3.04133e-05 0.99997
9 0.669824 0.330176
7 0.0424462 0.957554
7 0.144597 0.855403
7 0.182691 0.817309
7 0.0382012 0.961799
9 0.627518 0.372482
9 0.991601 0.00839904
9 0.999691 0.000309121
7 0.0651717 0.934828
7 0.0441304 0.95587
9 0.999947 5.34493e-05
7 0.405664 0.594336
7 0.358271 0.641729
7 0.0196752 0.980325
7 0.0539031 0.946097
9 0.99998 1.97442e-05
7 0.384423 0.615577
7 0.0424689 0.957531
7 0.352445 0.647555
7 0.328072 0.671928
7 0.00742436 0.992576
7 0.00455206 0.995448
7 0.325357 0.674643
7 0.120187 0.879813
9 1 1e-07
9 1 1e-07
7 0.0101616 0.989838
7 0.00022041 0.99978
7 0.049348 0.950652
9 0.790425 0.209575
7 0.000235254 0.999765
7 0.46275 0.53725
7 0.0451701 0.95483
9 0.526565 0.473435
7 0.418418 0.581582
7 0.290369 0.709631
7 0.0011843 0.998816
7 0.0698601 0.93014
7 0.0074642 0.992536
7 0.0301187 0.969881
7 0.101339 0.898661
7 0.379518 0.620482
7 0.0317778 0.968222
9 0.829672 0.170328
9 1 1.80905e-07
9 0.888425 0.111575
7 0.374905 0.625095
9 0.997765 0.00223474
9 0.967726 0.0322736
7 0.280105 0.719895
7 0.000813964 0.999186
7 0.000304772 0.999695
9 0.999924 7.58263e-05
7 0.0615468 0.938453
7 0.123699 0.876301
7 0.457005 0.542995
7 0.000803696 0.999196
9 0.776894 0.223106
9 0.52472 0.47528
9 0.787829 0.212171
9 0.994902 0.00509836
7 0.000170354 0.99983
9 0.819448 0.180552
7 0.0172189 0.982781
7 0.0620906 0.937909
9 0.600447 0.399553
7 0.0516675 0.948332
7 0.00693381 0.993066
9 0.999993 6.75799e-06
9 0.61247 0.38753
7 0.043559 0.956441
9 0.991241 0.00875925
9 0.999926 7.42781e-05
9 0.975852 0.0241479
9 0.999378 0.000621874
7 0.0344842 0.965516
9 0.99949 0.000510118
7 0.0431525 0.956847
7 0.409814 0.590186
9 0.997387 0.00261317
9 0.999999 6.1542e-07
7 0.405581 0.594419
9 0.659908 0.340092
7 0.00550151 0.994498
7 0.020879 0.979121
7 0.00473768 0.995262
9 0.999652 0.000347547
7 2.30599e-07 1
7 0.0174527 0.982547
7 0.380829 0.619171
7 0.00280435 0.997196
7 6.06327e-05 0.999939
7 0.00230618 0.997694
7 0.0385953 0.961405
7 0.0310805 0.96892
9 0.999999 1.04247e-06
7 0.240855 0.759145
7 0.173606 0.826394
9 0.999973 2.65871e-05
9 1 1e-07
7 0.342724 0.657276
7 0.0109396 0.98906
7 0.0265657 0.973434
7 0.112386 0.887614
7 2.28174e-05 0.999977
9 1 1.45302e-07
7 0.269564 0.730436
7 0.00100211 0.998998
7 0.0278707 0.972129
7 0.0735168 0.926483
7 0.0794728 0.920527
7 0.309376 0.690624
7 0.0183555 0.981645
9 0.611194 0.388806
7 0.0932928 0.906707
7 0.0400305 0.959969
9 1 3.26475e-07
7 0.0295555 0.970445
9 0.641151 0.358849
7 0.39806 0.60194
9 0.537773 0.462227
9 0.999946 5.37434e-05
7 0.0311105 0.968889
9 0.695938 0.304062
7 0.0330469 0.966953
7 0.0493594 0.950641
7 0.0005781 0.999422
9 0.513136 0.486864
7 0.380176 0.619824
7 0.188683 0.811317
9 0.503966 0.496034
7 0.0457791 0.954221
7 0.104731 0.895269
7 0.0238981 0.976102
9 0.673477 0.326523
7 0.00535144 0.994649
9 0.610042 0.389958
9 0.837657 0.162343
7 0.357991 0.642009
9 0.680628 0.319372
7 0.0993597 0.90064
7 0.461915 0.538085
9 1 1e-07
9 1 1e-07
7 0.153404 0.846596
7 0.0329928 0.967007
7 0.077322 0.922678
7 0.0144161 0.985584
7 0.386105 0.613895
7 0.00165202 0.998348
9 0.999207 0.000793357
7 0.000318653 0.999681
9 1 1e-07
9 0.999849 0.000150694
9 0.581438 0.418562
7 0.0230128 0.976987
9 0.821253 0.178747
7 0.259888 0.740112
7 0.497815 0.502185
9 0.999968 3.17566e-05
7 0.0312836 0.968716
9 0.916326 0.0836745
9 0.999651 0.00034856
9 0.994538 0.00546178
7 0.000664625 0.999335
9 1 1.48384e-07
7 0.0150864 0.984914
7 2.21156e-05 0.999978
7 0.00291934 0.997081
7 0.387742 0.612258
7 0.0058366 0.994163
7 0.358915 0.641085
9 0.845072 0.154928
9 0.995183 0.00481711
7 0.36733 0.63267
7 0.0340561 0.965944
7 0.472044 0.527956
9 0.81037 0.18963
7 0.0336021 0.966398
9 0.813733 0.186267
7 0.0186981 0.981302
9 0.999981 1.91091e-05
7 0.242059 0.757941
7 0.219592 0.780408
7 0.166535 0.833465
7 0.0403423 0.959658
7 0.374903 0.625097
9 0.99435 0.00565042
7 0.0243568 0.975643
7 0.473836 0.526164
9 0.550476 0.449524
7 0.00701416 0.992986
9 0.999998 1.66849e-06
9 0.999998 1.89671e-06
9 0.99885 0.00115045
7 0.494149 0.505851
7 0.0132104 0.98679
7 0.0402256 0.959774
7 0.459091 0.540909
9 0.536432 0.463568
9 0.519971 0.480029
9 0.824433 0.175567
7 0.00543409 0.994566
7 0.407103 0.592897
7 1.14049e-05 0.999989
7 0.406652 0.593348
7 0.135781 0.864219
9 0.822063 0.177937
9 0.887461 0.112539
7 0.305218 0.694782
7 0.323149 0.676851
7 0.407671 0.592329
7 0.00585739 0.994143
7 0.265284 0.734716
9 0.559188 0.440812
7 0.0323387 0.967661
9 1 1e-07
9 0.879555 0.120445
7 0.188531 0.811469
7 0.00690227 0.993098
9 0.871433 0.128567
9 0.920104 0.079896
9 0.740327 0.259673
7 0.077444 0.922556
9 0.999998 1.7484e-06
9 0.99607 0.0039297
7 0.0007312 0.999269
7 0.00856678 0.991433
7 0.084714 0.915286
9 0.999999 5.79672e-07
7 0.445753 0.554247
9 0.623724 0.376276
9 0.999401 0.000599062
7 0.000644446 0.999356
7 0.322313 0.677687
9 0.999999 9.10883e-07
7 0.382605 0.617395
7 0.250188 0.749812
7 0.00178695 0.998213
7 0.0269516 0.973048
7 0.163387 0.836613
7 0.00199605 0.998004
9 0.530886 0.469114
9 0.632163 0.367837
7 0.0436275 0.956373
7 0.385152 0.614848
9 0.999999 5.35369e-07
7 0.0725252 0.927475
9 0.999997 2.97157e-06
7 0.0283271 0.971673
7 6.78294e-05 0.999932
7 0.0201506 0.979849
9 0.777543 0.222457
7 0.187427 0.812573
7 0.19764 0.80236
7 0.0161736 0.983826
9 0.956424 0.0435759
7 0.0180513 0.981949
7 2.51353e-05 0.999975
7 0.286468 0.713532
7 0.0103124 0.989688
7 0.193861 0.806139
9 0.578106 0.421894
9 0.539176 0.460824
7 0.00394331 0.996057
9 0.999885 0.00011522
9 0.95687 0.0431302
7 0.0947907 0.905209
9 0.738052 0.261948
7 0.0158566 0.984143
9 0.999987 1.30407e-05
7 0.427389 0.572611
7 0.0400979 0.959902
7 0.427067 0.572933
7 0.296007 0.703993
9 0.999724 0.000275578
7 0.272073 0.727927
7 0.0316146 0.968385
9 1 4.28724e-07
9 0.999894 0.000105807
7 8.68349e-07 0.999999
9 0.999997 3.05314e-06
9 0.9959 0.00409966
7 0.0413752 0.958625
7 0.386846 0.613154
7 0.0032949 0.996705
9 0.996165 0.00383492
7 0.0198876 0.980112
9 0.759217 0.240783
7 0.0861516 0.913848
9 0.690377 0.309623
7 8.72344e-06 0.999991
9 0.737472 0.262528
9 0.999154 0.000846315
7 0.0611615 0.938838
7 0.0436891 0.956311
7 5.7944e-05 0.999942
9 0.772118 0.227882
9 0.59737 0.40263
9 0.579849 0.420151
7 0.495333 0.504667
7 0.0358713 0.964129
7 0.0700583 0.929942
7 0.0461129 0.953887
9 0.91514 0.08486
7 0.0189668 0.981033
9 0.976745 0.0232552
7 8.30132e-07 0.999999
7 9.07392e-05 0.999909
7 0.127628 0.872372
7 0.0069058 0.993094
7 0.0999005 0.9001
9 0.506509 0.493491
7 0.280342 0.719658
7 3.37283e-05 0.999966
7 0.102655 0.897345
7 0.306357 0.693643
9 0.999978 2.18248e-05
7 0.0538082 0.946192
7 0.140444 0.859556
7 0.0251396 0.97486
7 0.0377454 0.962255
7 0.00667095 0.993329
9 0.562726 0.437274
7 0.384616 0.615384
9 0.913458 0.0865423
7 0.0348046 0.965195
7 0.379323 0.620677
7 0.341995 0.658005
7 0.20678 0.79322
9 1 1e-07
9 0.513817 0.486183
7 0.000786562 0.999213
7 0.480202 0.519798
7 0.0037361 0.996264
7 0.0349604 0.96504
9 0.635919 0.364081
9 0.882088 0.117912
7 0.00538378 0.994616
7 0.16463 0.83537
9 0.516201 0.483799
7 0.0124251 0.987575
9 0.738533 0.261467
7 2.53896e-06 0.999997
7 3.5818e-05 0.999964
7 0.141439 0.858561
7 0.159006 0.840994
7 0.194617 0.805383
7 0.0863393 0.913661
7 0.00421026 0.99579
7 0.0217472 0.978253
9 0.53413 0.46587
9 0.67424 0.32576
7 0.278932 0.721068
9 0.988008 0.0119925
7 0.0814313 0.918569
9 0.999999 1.22577e-06
7 0.232415 0.767585
7 0.367115 0.632885
7 0.0506129 0.949387
7 0.241055 0.758945
7 0.0567068 0.943293
7 0.0167439 0.983256
9 0.741128 0.258872
7 0.159823 0.840177
9 0.962578 0.0374222
7 0.447572 0.552428
7 0.471255 0.528745
9 0.956727 0.0432731
7 0.498367 0.501633
7 0.117595 0.882405
7 0.0345558 0.965444
7 0.00371576 0.996284
7 0.0760376 0.923962
9 0.976352 0.0236477
7 0.0333654 0.966635
7 0.00222709 0.997773
7 0.369421 0.630579
7 0.183329 0.816671
9 0.506504 0.493496
7 0.0471723 0.952828
7 0.397694 0.602306
7 0.00579919 0.994201
7 0.0740266 0.925973
7 6.32787e-05 0.999937
9 0.989993 0.0100071
7 0.0933325 0.906668
9 1 2.19929e-07
7 0.0322225 0.967778
9 0.653822 0.346178
9 0.897012 0.102988
7 0.369922 0.630078
9 0.547552 0.452448
7 0.00273582 0.997264
7 0.288747 0.711253
7 0.000114205 0.999886
9 0.839966 0.160034
7 0.0465587 0.953441
7 0.353459 0.646541
7 0.0832884 0.916712
7 0.0209765 0.979024
7 0.0122182 0.987782
7 0.0198548 0.980145
9 0.518993 0.481007
7 0.295288 0.704712
9 0.987615 0.0123848
7 3.98096e-07 1
7 0.0341363 0.965864
7 0.188752 0.811248
9 0.672841 0.327159
7 0.121505 0.878495
7 0.0168653 0.983135
7 0.236289 0.763711
7 1.29277e-05 0.999987
7 0.0342628 0.965737
9 0.966219 0.0337808
7 3.46849e-05 0.999965
7 0.022042 0.977958
7 0.00345104 0.996549
7 0.341137 0.658863
9 0.735536 0.264464
7 0.0144109 0.985589
7 0.182028 0.817972
9 0.598232 0.401768
7 0.0601461 0.939854
7 0.12807 0.87193
9 0.701211 0.298789
7 0.0081248 0.991875
7 0.0112869 0.988713
7 0.0171052 0.982895
7 0.0490221 0.950978
9 0.549749 0.450251
7 0.117607 0.882393
7 0.00109161 0.998908
7 0.0250674 0.974933
7 0.0679148 0.932085
7 0.0829315 0.917069
9 0.509538 0.490462
7 0.142493 0.857507
7 0.465941 0.534059
9 0.940258 0.0597419
7 0.0531961 0.946804
7 0.114728 0.885272
7 0.0164876 0.983512
7 0.0565988 0.943401
7 0.107769 0.892231
7 0.0465764 0.953424
7 0.0693932 0.930607
7 0.07904 0.92096
9 0.984595 0.0154045
7 0.400417 0.599583
7 0.0581578 0.941842
9 0.902582 0.0974176
7 0.342822 0.657178
7 0.00972887 0.990271
9 0.983405 0.0165954
7 0.000283102 0.999717
7 2.22526e-06 0.999998
9 0.999902 9.7527e-05
7 0.00269472 0.997305
7 0.000921183 0.999079
9 0.727724 0.272276
7 0.0844043 0.915596
7 0.139079 0.860921
7 0.0239454 0.976055
7 0.00349613 0.996504
7 0.323391 0.676609
9 0.993746 0.00625402
7 0.441317 0.558683
9 0.778974 0.221026
7 0.00222158 0.997778
9 0.999964 3.57016e-05
7 0.424057 0.575943
7 0.0851995 0.914801
9 0.563167 0.436833
9 0.999135 0.000865287
9 0.531774 0.468226
7 0.0232723 0.976728
7 9.64952e-06 0.99999
7 0.00053331 0.999467
7 0.000245212 0.999755
7 0.00133115 0.998669
9 0.872695 0.127305
9 0.68446 0.31554
7 0.429437 0.570563
9 0.999983 1.6751e-05
7 0.129266 0.870734
9 0.906088 0.0939122
7 0.0325663 0.967434
7 0.0133743 0.986626
9 0.541981 0.458019
9 0.785233 0.214767
7 7.35905e-07 0.999999
7 0.0216826 0.978317
7 0.0471414 0.952859
9 0.990785 0.00921463
9 0.597157 0.402843
7 0.00183763 0.998162
9 0.991302 0.00869755
7 0.0684547 0.931545
9 0.756732 0.243268
9 0.804191 0.195809
7 0.21372 0.78628
7 0.351929 0.648071
9 0.758812 0.241188
7 2.65355e-05 0.999973
9 0.947314 0.0526863
7 0.0070465 0.992953
7 0.0127538 0.987246
9 0.528403 0.471597
7 3.77462e-06 0.999996
7 0.0423815 0.957618
9 0.642845 0.357155
7 0.0294994 0.970501
7 0.00821423 0.991786
9 0.581512 0.418488
7 0.29449 0.70551
7 0.003124 0.996876
7 0.44889 0.55111
7 0.012912 0.987088
9 0.999998 2.1585e-06
7 0.0822391 0.917761
7 0.00198897 0.998011
7 0.0690838 0.930916
7 0.156545 0.843455
9 0.593293 0.406707
7 0.34822 0.65178
7 0.00541811 0.994582
9 0.999998 1.53699e-06
7 0.342887 0.657113
7 0.00190255 0.998097
7 0.000123846 0.999876
7 0.000186566 0.999813
9 0.775088 0.224912
7 0.0426895 0.95731
9 0.917346 0.0826535
7 0.0604566 0.939543
9 1 1e-07
7 0.00735216 0.992648
7 0.0705398 0.92946
7 0.0576502 0.94235
9 0.99999 1.01253e-05
7 0.0333517 0.966648
9 0.549651 0.450349
7 0.0652906 0.934709
7 0.0558321 0.944168
7 0.348653 0.651347
9 0.999988 1.15108e-05
7 0.000924555 0.999075
7 0.0436991 0.956301
7 0.0512443 0.948756
9 0.73408 0.26592
7 0.0198652 0.980135
9 0.675351 0.324649
9 0.98249 0.0175102
9 0.761019 0.238981
9 0.714932 0.285068
9 0.983276 0.0167241
7 0.0212464 0.978754
7 0.0727554 0.927245
7 0.471314 0.528686
9 0.830968 0.169032
7 0.225114 0.774886
7 0.423619 0.576381
7 0.0571396 0.94286
9 0.53107 0.46893
7 0.287342 0.712658
9 0.997603 0.00239728
7 0.234281 0.765719
7 0.054425 0.945575
7 0.311651 0.688349
7 0.427302 0.572698
7 0.359288 0.640712
9 1 1e-07
9 1 1.36167e-07
7 0.0302288 0.969771
9 0.512309 0.487691
9 0.841226 0.158774
7 0.000547479 0.999453
7 0.000117463 0.999883
7 0.0689441 0.931056
9 0.868895 0.131105
9 0.999951 4.93448e-05
7 0.0184124 0.981588
7 0.073747 0.926253
9 0.774515 0.225485
7 0.406131 0.593869
7 0.00436918 0.995631
7 0.00365134 0.996349
7 0.0146653 0.985335
7 4.6312e-07 1
7 0.239253 0.760747
7 0.00904096 0.990959
9 0.984396 0.0156036
9 0.801293 0.198707
9 0.694767 0.305233
9 0.981822 0.0181778
9 0.761033 0.238967
7 0.360988 0.639012
7 0.344744 0.655256
9 0.999995 5.48169e-06
7 0.419413 0.580587
7 0.00367845 0.996322
7 0.0157931 0.984207
7 0.0028442 0.997156
9 0.99091 0.00908963
7 0.0417276 0.958272
9 0.53256 0.46744
7 0.0652138 0.934786
7 0.128845 0.871155
7 0.207953 0.792047
7 0.423782 0.576218
