labels 1 9
1 0.984196 0.0158043
1 0.994377 0.00562313
1 0.980893 0.0191069
9 1e-07 1
9 1.52031e-06 0.999998
1 0.992682 0.00731805
1 0.757456 0.242544
1 0.999487 0.000512713
9 2.26336e-05 0.999977
9 1e-07 1
9 0.000773122 0.999227
1 0.886883 0.113117
1 0.999297 0.000703093
1 0.87526 0.12474
9 0.218684 0.781316
9 2.24299e-06 0.999998
1 0.889076 0.110924
1 0.998746 0.00125353
1 0.912697 0.0873027
1 0.776057 0.223943
1 0.981176 0.0188245
1 0.9497 0.0502996
1 0.99261 0.00739039
1 0.994863 0.00513669
1 0.965799 0.0342013
1 0.934906 0.065094
1 0.88339 0.11661
1 0.800462 0.199538
1 0.729584 0.270416
1 0.999501 0.000498932
9 8.56706e-05 0.999914
1 0.800104 0.199896
1 0.986874 0.0131261
9 0.000575447 0.999425
9 0.296392 0.703608
1 0.999936 6.3564e-05
1 0.997408 0.00259245
1 0.920051 0.0799486
9 3.5219e-06 0.999996
1 0.99917 0.000830327
1 0.981229 0.0187713
9 0.00858434 0.991416
1 0.989649 0.0103514
1 0.976659 0.0233408
1 0.728823 0.271177
1 0.970928 0.0290725
1 0.992676 0.0073244
1 0.959282 0.0407176
1 0.996322 0.00367796
1 0.996051 0.00394876
1 0.999968 3.21697e-05
9 0.000664165 0.999336
9 0.00315053 0.996849
1 0.511376 0.488624
1 0.996912 0.00308785
1 0.995239 0.00476071
1 0.994227 0.00577337
1 0.970255 0.0297451
1 0.894516 0.105484
1 0.924267 0.0757335
1 0.515944 0.484056
1 0.990976 0.0090239
1 0.968096 0.0319036
1 0.997615 0.00238518
9 1.04485e-06 0.999999
9 1e-07 1
1 0.989673 0.0103267
1 0.933238 0.0667624
1 0.672193 0.327807
1 0.935579 0.0644205
1 0.9921 0.0079001
1 0.590191 0.409809
1 0.997294 0.00270649
1 0.995731 0.00426896
1 0.8726 0.1274
9 1e-07 1
1 0.982862 0.0171382
1 0.993239 0.00676093
1 0.911369 0.0886306
1 0.981309 0.0186911
1 0.968516 0.0314837
1 0.951872 0.0481277
9 2.11975e-06 0.999998
1 0.991455 0.00854514
1 0.689187 0.310813
1 0.996296 0.00370425
1 0.99279 0.00720968
1 0.951851 0.0481492
1 0.993117 0.00688271
1 0.859687 0.140313
9 1e-07 1
1 0.992427 0.0075729
1 0.820097 0.179903
1 0.990662 0.00933799
1 0.992864 0.00713643
9 3.50946e-07 1
1 0.931643 0.0683574
1 0.982582 0.0174177
1 0.982735 0.0172648
1 0.983104 0.0168955
1 0.978222 0.0217777
1 0.994073 0.00592735
9 0.309556 0.690444
1 0.998283 0.00171687
1 0.994005 0.00599507
9 1.76306e-06 0.999998
9 0.0165954 0.983405
1 0.997696 0.00230435
9 0.468392 0.531608
1 0.992889 0.0071111
1 0.995341 0.00465853
1 0.923159 0.0768408
1 0.997716 0.00228426
1 0.995924 0.00407593
1 0.992348 0.0076522
1 0.995637 0.00436279
1 0.981126 0.018874
9 0.499776 0.500224
1 0.993882 0.00611779
1 0.994161 0.00583876
1 0.969954 0.030046
1 0.97786 0.0221405
9 0.174423 0.825577
1 0.945754 0.0542455
1 0.966755 0.0332453
1 0.99765 0.00234968
1 0.985154 0.0148461
9 0.202702 0.797298
1 0.925418 0.0745819
1 0.994944 0.00505592
9 0.455345 0.544655
1 0.930406 0.0695941
1 0.985793 0.0142074
1 0.996895 0.00310467
1 0.557812 0.442188
1 0.991741 0.00825867
9 0.247115 0.752885
1 0.808746 0.191254
9 4.73354e-06 0.999995
1 0.998018 0.00198202
1 0.956738 0.0432621
9 0.421178 0.578822
1 0.997177 0.00282269
1 0.963505 0.0364954
1 0.977884 0.0221163
1 0.992845 0.00715458
1 0.999332 0.00066842
1 0.997957 0.00204289
9 0.492508 0.507492
9 0.240081 0.759919
1 0.764944 0.235056
1 0.999745 0.000255451
1 0.996548 0.00345158
1 0.993288 0.006712
1 0.991908 0.00809168
1 0.994955 0.00504497
1 0.992912 0.00708753
1 0.844907 0.155093
1 0.938121 0.0618785
1 0.999879 0.000120519
9 0.0744841 0.925516
9 0.0316312 0.968369
9 0.000240057 0.99976
1 0.973324 0.0266757
1 0.998093 0.00190694
9 0.413821 0.586179
1 0.999921 7.85393e-05
1 0.722142 0.277858
1 0.957532 0.0424679
9 1.70348e-06 0.999998
9 0.023655 0.976345
1 0.992013 0.00798693
1 0.913116 0.086884
1 0.958533 0.0414672
1 0.959968 0.040032
1 0.982529 0.0174705
9 0.397111 0.602889
1 0.999938 6.22821e-05
1 0.985178 0.0148219
1 0.779771 0.220229
9 3.17818e-05 0.999968
1 0.993026 0.00697398
1 0.988821 0.0111791
1 0.811148 0.188852
1 0.998733 0.00126676
1 0.987931 0.0120685
1 0.990913 0.00908733
1 0.972079 0.0279213
1 0.980808 0.0191919
1 0.865039 0.134961
1 0.992528 0.00747234
9 0.172878 0.827122
1 0.998335 0.00166539
1 0.981847 0.0181534
1 0.991855 0.00814452
1 0.985815 0.0141854
1 0.920293 0.0797067
1 0.977949 0.0220508
1 0.57524 0.42476
1 0.958967 0.041033
9 0.0242981 0.975702
1 0.995615 0.0043847
1 0.992992 0.00700782
1 0.978219 0.0217806
1 0.992081 0.00791909
9 1.11148e-05 0.999989
1 0.906364 0.0936359
1 0.998609 0.00139131
1 0.874727 0.125273
1 0.999866 0.000134124
1 0.988823 0.0111766
1 0.964694 0.0353056
1 0.981946 0.0180543
1 0.572459 0.427541
1 0.975254 0.0247457
1 0.99217 0.00782994
1 0.909107 0.0908928
1 0.994576 0.0054239
1 0.975125 0.0248755
1 0.671544 0.328456
9 0.219598 0.780402
9 1e-07 1
1 0.983788 0.0162119
1 0.992596 0.00740363
1 0.995508 0.00449198
1 0.98743 0.0125704
1 0.98219 0.0178099
1 0.994602 0.00539824
1 0.981112 0.0188883
1 0.994885 0.00511485
1 0.9794 0.0206003
9 2.27852e-05 0.999977
1 0.977424 0.022576
1 0.992615 0.00738503
1 0.99659 0.00340957
1 0.977821 0.0221789
1 0.962349 0.0376515
1 0.98108 0.0189203
9 0.206974 0.793026
1 0.96758 0.0324201
1 0.999568 0.000431915
1 0.839852 0.160148
9 0.000178087 0.999822
1 0.92602 0.0739802
1 0.507352 0.492648
1 0.991112 0.00888818
1 0.988176 0.0118243
1 0.986289 0.0137113
9 0.084517 0.915483
1 0.992795 0.00720505
1 0.989612 0.0103877
9 0.415297 0.584703
1 0.98495 0.0150503
1 0.992894 0.00710601
1 0.980679 0.019321
1 0.912749 0.0872515
1 0.992975 0.00702463
1 0.972054 0.0279461
9 0.28603 0.71397
1 0.999693 0.000306973
9 0.0460201 0.95398
1 0.982468 0.0175319
9 0.482674 0.517326
1 0.988318 0.0116821
9 2.32465e-07 1
1 0.968997 0.0310028
9 4.60112e-06 0.999995
1 0.956819 0.0431812
1 0.992817 0.00718342
1 0.94582 0.0541802
1 0.995052 0.0049476
1 0.656076 0.343924
1 0.999234 0.000765788
1 0.991583 0.00841723
1 0.996217 0.00378305
1 0.993127 0.00687339
1 0.95485 0.0451505
1 0.996899 0.00310136
1 0.993341 0.00665872
9 2.59087e-05 0.999974
1 0.99839 0.00160991
1 0.997859 0.00214081
1 0.994482 0.0055177
1 0.993797 0.0062033
1 0.957375 0.0426246
1 0.891774 0.108226
1 0.997754 0.00224591
1 0.965428 0.0345718
1 0.8129 0.1871
1 0.992764 0.00723566
1 0.900529 0.0994707
1 0.998992 0.00100774
1 0.941109 0.0588908
1 0.994168 0.00583196
1 0.845944 0.154056
1 0.909959 0.0900408
1 0.874192 0.125808
9 1.77035e-07 1
1 0.991958 0.00804151
1 0.894772 0.105228
9 0.00237439 0.997626
1 0.977385 0.0226149
1 0.991896 0.00810443
1 0.932796 0.0672041
1 0.817328 0.182672
9 0.188515 0.811485
1 0.99701 0.00299039
1 0.975488 0.0245124
9 0.00742485 0.992575
9 0.392426 0.607574
1 0.974375 0.0256247
1 0.976421 0.0235792
1 0.772784 0.227216
1 0.991669 0.00833094
1 0.996608 0.00339159
1 0.961279 0.038721
9 0.0735038 0.926496
9 0.0948455 0.905154
1 0.954752 0.0452481
1 0.992044 0.00795648
1 0.892605 0.107395
1 0.964573 0.0354271
1 0.9975 0.0024998
1 0.682544 0.317456
1 0.98814 0.0118598
1 0.995981 0.00401897
1 0.996047 0.00395334
1 0.987174 0.0128259
1 0.971769 0.0282314
1 0.961297 0.0387027
1 0.954711 0.045289
1 0.696744 0.303256
1 0.993319 0.00668097
1 0.994643 0.0053567
1 0.948952 0.051048
1 0.979333 0.0206669
1 0.785511 0.214489
9 2.59779e-05 0.999974
1 0.999492 0.000507521
1 0.999477 0.000523213
1 0.992632 0.00736783
1 0.746974 0.253026
1 0.917686 0.082314
1 0.982463 0.0175369
1 0.992903 0.00709667
9 4.69083e-05 0.999953
1 0.999865 0.000135329
9 0.111987 0.888013
1 0.577374 0.422626
1 0.9558 0.0442
9 0.143271 0.856729
1 0.997675 0.00232462
9 0.0798934 0.920107
9 0.317211 0.682789
1 0.993802 0.00619775
1 0.986254 0.0137464
9 0.0459933 0.954007
1 0.999887 0.000113195
9 1e-07 1
1 0.97265 0.0273503
1 0.830468 0.169532
1 0.993936 0.00606386
1 0.992312 0.00768783
1 0.995202 0.00479791
9 0.0017879 0.998212
1 0.999686 0.000314059
1 0.992081 0.0079188
1 0.993457 0.00654323
1 0.986122 0.0138781
1 0.942962 0.057038
9 0.434033 0.565967
1 0.859335 0.140665
1 0.999968 3.23895e-05
1 0.98975 0.0102499
1 0.9955 0.00450026
1 0.988208 0.0117923
9 0.0730236 0.926976
1 0.930738 0.0692617
1 0.923496 0.0765039
9 1e-07 1
1 0.993181 0.00681912
1 0.999559 0.00044083
1 0.986123 0.0138772
1 0.998136 0.00186378
1 0.994462 0.00553804
1 0.919497 0.080503
1 0.993806 0.00619413
1 0.927443 0.0725566
1 0.99981 0.000190171
1 0.84249 0.15751
1 0.951361 0.0486385
1 0.992648 0.00735232
1 0.999424 0.000575994
9 9.59699e-06 0.99999
1 0.999601 0.000399346
1 0.999827 0.000173377
1 0.988966 0.011034
1 0.966407 0.033593
1 0.972059 0.0279409
1 0.99902 0.000980401
1 0.987566 0.012434
1 0.980023 0.0199774
1 0.999992 8.35795e-06
9 0.104922 0.895078
9 0.224572 0.775428
1 0.992474 0.00752589
9 1.48942e-06 0.999999
1 0.9986 0.00139978
1 0.999965 3.51515e-05
1 0.705193 0.294807
1 0.999527 0.000472787
1 0.797426 0.202574
1 0.995451 0.00454929
1 0.999112 0.000887607
9 0.135691 0.864309
9 1e-07 1
1 0.94532 0.0546804
1 0.993222 0.00677768
9 0.472238 0.527762
9 0.000225312 0.999775
1 0.988616 0.0113835
1 0.588611 0.411389
1 0.987899 0.0121013
1 0.950597 0.0494029
1 0.990761 0.00923933
9 8.1569e-05 0.999918
1 0.602385 0.397615
1 0.958209 0.0417909
9 0.177264 0.822736
1 0.909648 0.0903519
1 0.973519 0.0264805
9 0.307449 0.692551
1 0.999971 2.89464e-05
9 6.45644e-06 0.999994
1 0.980216 0.0197844
9 0.063614 0.936386
1 0.991589 0.00841132
1 0.990271 0.00972936
1 0.993342 0.00665823
1 0.905787 0.0942133
1 0.894389 0.105611
9 0.0579216 0.942078
1 0.981216 0.0187844
1 0.989299 0.0107006
1 0.993136 0.00686446
1 0.994821 0.00517947
1 0.993435 0.00656522
9 1e-07 1
1 0.998986 0.00101417
1 0.987691 0.0123089
1 0.504776 0.495224
1 0.974493 0.0255067
1 0.970763 0.0292374
1 0.981331 0.0186695
1 0.998414 0.00158552
1 0.556263 0.443737
1 0.973888 0.0261118
1 0.972412 0.027588
1 0.59167 0.40833
9 2.75284e-06 0.999997
1 0.87194 0.12806
1 0.792391 0.207609
9 0.283021 0.716979
1 0.993367 0.00663302
1 0.99981 0.000190091
1 0.964758 0.0352418
9 1.01131e-05 0.99999
1 0.824244 0.175756
1 0.989917 0.0100831
1 0.912383 0.0876172
1 0.993625 0.006375
1 0.993756 0.00624381
9 0.221701 0.778299
9 0.00983636 0.990164
1 0.990222 0.00977777
1 0.95377 0.0462295
1 0.602162 0.397838
9 0.0459547 0.954045
1 0.996399 0.00360135
1 0.562986 0.437014
1 0.988387 0.0116128
1 0.999009 0.000990734
1 0.998067 0.0019328
1 0.984029 0.0159707
1 0.927588 0.0724116
9 0.250623 0.749377
1 0.975927 0.0240735
1 0.99995 5.00669e-05
1 0.955173 0.0448267
9 0.00479612 0.995204
1 0.999752 0.000248443
9 0.0286835 0.971316
9 0.0558442 0.944156
1 0.962144 0.0378558
1 0.758169 0.241831
1 0.998288 0.00171212
1 0.90302 0.0969802
1 0.999125 0.000875241
9 0.00146954 0.99853
1 0.990913 0.00908682
9 0.00222166 0.997778
9 1.11562e-05 0.999989
1 0.93802 0.0619799
1 0.98489 0.0151097
1 0.56035 0.43965
1 0.991135 0.0088653
1 0.997437 0.00256271
1 0.993315 0.0066848
9 1.15556e-07 1
1 0.880837 0.119163
1 0.999178 0.000821832
1 0.998803 0.00119678
9 0.000367136 0.999633
1 0.966804 0.0331957
1 0.980073 0.0199272
1 0.989364 0.0106363
1 0.998328 0.00167186
1 0.978995 0.0210049
9 2.04717e-07 1
1 0.987191 0.0128086
1 0.937425 0.0625745
1 0.892707 0.107293
9 1e-07 1
1 0.597411 0.402589
1 0.999175 0.000825044
1 0.984779 0.0152209
1 0.872498 0.127502
9 2.29423e-06 0.999998
1 0.999391 0.000608698
1 0.976944 0.0230555
1 0.994604 0.00539624
1 0.992967 0.00703332
1 0.994666 0.00533382
9 0.000376825 0.999623
1 0.998369 0.00163063
1 0.995251 0.00474938
1 0.987254 0.0127463
1 0.926911 0.073089
1 0.815418 0.184582
9 1e-07 1
1 0.999621 0.000379413
1 0.998522 0.00147751
1 0.981432 0.0185676
1 0.596936 0.403064
9 0.000976538 0.999023
1 0.974642 0.0253577
1 0.991437 0.00856332
1 0.522733 0.477267
1 0.960308 0.0396924
9 0.0036769 0.996323
1 0.991816 0.00818393
1 0.895051 0.104949
1 0.986999 0.0130008
1 0.971083 0.0289169
1 0.982597 0.0174025
9 1e-07 1
1 0.992909 0.00709115
1 0.997056 0.0029439
1 0.947716 0.0522843
9 0.269662 0.730338
1 0.801881 0.198119
1 0.972077 0.0279226
1 0.832257 0.167743
1 0.993937 0.00606253
9 3.46571e-06 0.999997
1 0.994138 0.00586235
9 0.375805 0.624195
9 0.0173017 0.982698
1 0.99869 0.00131038
9 1e-07 1
1 0.685698 0.314302
1 0.934231 0.0657687
9 0.128377 0.871623
1 0.992485 0.00751472
1 0.995422 0.00457782
1 0.887226 0.112774
1 0.937021 0.0629788
1 0.99147 0.00852988
9 0.30909 0.69091
9 0.00847829 0.991522
1 0.994548 0.0054519
1 0.99772 0.0022799
9 1e-07 1
1 0.985963 0.0140371
1 0.907752 0.0922475
1 0.975918 0.0240821
1 0.938282 0.0617175
1 0.987153 0.012847
1 0.99509 0.00491007
1 0.997004 0.00299605
1 0.847543 0.152457
9 1.34091e-05 0.999987
1 0.942055 0.057945
1 0.821403 0.178597
9 3.627e-05 0.999964
1 0.963511 0.0364885
9 0.442039 0.557961
1 0.984905 0.0150951
1 0.992564 0.00743571
9 0.00370057 0.996299
1 0.946268 0.0537322
1 0.995777 0.00422328
1 0.993008 0.00699241
1 0.883964 0.116036
1 0.995234 0.00476593
1 0.573416 0.426584
9 0.403489 0.596511
9 1.95411e-05 0.99998
1 0.781128 0.218872
1 0.975778 0.0242221
1 0.987992 0.0120084
1 0.99228 0.00772019
1 0.994835 0.00516504
1 0.991147 0.00885257
1 0.915908 0.0840917
1 0.999786 0.000214424
1 0.999516 0.000483812
1 0.999626 0.00037363
1 0.570964 0.429036
9 6.98589e-07 0.999999
1 0.796457 0.203543
9 1.06431e-05 0.999989
1 0.970755 0.0292445
1 0.921541 0.0784588
1 0.993 0.00700038
1 0.98871 0.01129
1 0.964138 0.0358618
1 0.962242 0.0377583
1 0.993533 0.00646746
1 0.999147 0.000853335
1 0.999637 0.000363331
1 0.877426 0.122574
9 1e-07 1
1 0.928462 0.0715378
1 0.997885 0.00211515
1 0.993888 0.00611186
9 0.48043 0.51957
1 0.994521 0.00547936
1 0.996723 0.00327669
1 0.992884 0.00711609
1 0.988891 0.0111094
1 0.825317 0.174683
1 0.99655 0.00344992
1 0.803659 0.196341
1 0.998939 0.00106107
1 0.999851 0.000149473
9 0.00113039 0.99887
1 0.994538 0.00546242
1 0.937106 0.0628937
1 0.995176 0.00482353
1 0.983731 0.0162689
1 0.986976 0.0130242
1 0.907626 0.0923741
1 0.992662 0.00733826
9 0.261473 0.738527
9 0.0443607 0.955639
9 0.044977 0.955023
1 0.996724 0.003276
1 0.965469 0.0345312
1 0.999492 0.000507752
1 0.949333 0.050667
1 0.999984 1.56504e-05
1 0.963972 0.0360276
9 0.258478 0.741522
1 0.888342 0.111658
1 0.923461 0.0765394
1 0.980276 0.0197237
1 0.996763 0.00323707
1 0.990329 0.00967131
1 0.959713 0.0402865
1 0.998982 0.00101804
1 0.992762 0.00723799
1 0.8336 0.1664
1 0.99521 0.0047903
1 0.976476 0.0235242
1 0.997176 0.00282431
1 0.914254 0.0857459
1 0.99186 0.0081399
1 0.984028 0.0159721
1 0.989252 0.0107484
1 0.993893 0.00610691
1 0.979354 0.0206465
1 0.998155 0.00184479
1 0.994921 0.00507885
1 0.869175 0.130825
1 0.998095 0.00190536
1 0.999126 0.000874271
1 0.958043 0.0419567
1 0.994795 0.00520466
1 0.999721 0.000279151
1 0.837275 0.162725
1 0.994326 0.00567352
1 0.998042 0.00195835
1 0.995827 0.00417314
1 0.993588 0.00641205
9 0.248571 0.751429
1 0.994011 0.00598887
1 0.825129 0.174871
1 0.996691 0.00330943
1 0.982077 0.0179233
1 0.99921 0.000790355
1 0.980436 0.0195638
1 0.998591 0.0014094
1 0.703169 0.296831
1 0.962254 0.037746
1 0.890447 0.109553
1 0.999802 0.000197864
1 0.999281 0.00071859
1 0.9844 0.0155997
1 0.999578 0.00042155
1 0.856722 0.143278
1 0.986417 0.0135831
1 0.985915 0.0140849
1 0.99268 0.00732032
1 0.985476 0.0145236
1 0.996577 0.00342308
1 0.853513 0.146487
9 1.69802e-05 0.999983
1 0.780714 0.219286
1 0.798179 0.201821
9 0.000504762 0.999495
1 0.933202 0.0667984
9 0.00447094 0.995529
1 0.989598 0.0104017
9 1e-07 1
1 0.993179 0.00682088
1 0.969756 0.030244
1 0.992502 0.00749772
1 0.980173 0.0198274
1 0.986894 0.013106
1 0.957783 0.042217
1 0.993432 0.00656821
1 0.992827 0.00717277
9 1e-07 1
1 0.999124 0.000876344
1 0.999914 8.62155e-05
1 0.993575 0.00642488
1 0.956269 0.0437311
1 0.996113 0.0038869
1 0.977358 0.0226419
1 0.956975 0.0430247
9 0.469559 0.530441
9 4.58782e-05 0.999954
1 0.999372 0.000628098
1 0.940965 0.0590354
1 0.978629 0.0213709
9 0.0582191 0.941781
9 0.0172614 0.982739
1 0.997075 0.00292533
9 0.247007 0.752993
1 0.976243 0.0237569
1 0.992721 0.00727852
9 0.0809442 0.919056
1 0.980431 0.019569
1 0.99156 0.00843953
1 0.62179 0.37821
1 0.925205 0.0747949
1 0.999388 0.000612364
1 0.994095 0.00590464
1 0.959331 0.0406693
9 0.135498 0.864502
1 0.973114 0.0268861
1 0.998202 0.00179794
1 0.991799 0.00820082
1 0.992563 0.00743671
1 0.936673 0.0633267
1 0.568167 0.431833
1 0.985207 0.0147929
1 0.981038 0.0189624
1 0.681347 0.318653
1 0.990708 0.00929246
9 0.0426333 0.957367
1 0.89069 0.10931
1 0.998981 0.00101865
1 0.9991 0.00090014
1 0.996547 0.00345282
1 0.991839 0.00816085
1 0.993935 0.00606505
9 0.000476043 0.999524
9 0.00335965 0.99664
1 0.96 0.0399997
1 0.940407 0.0595931
1 0.978702 0.0212978
1 0.996547 0.00345257
9 0.0837345 0.916266
1 0.995131 0.0048689
1 0.974068 0.0259319
1 0.961578 0.038422
1 0.94193 0.0580696
1 0.998498 0.00150186
1 0.979088 0.0209117
1 0.992301 0.00769937
1 0.975559 0.0244412
1 0.993032 0.0069681
1 0.991271 0.0087292
1 0.993863 0.00613739
1 0.992308 0.00769232
1 0.993177 0.00682279
1 0.976346 0.0236543
1 0.984545 0.0154551
9 0.000242355 0.999758
9 1e-07 1
1 0.982956 0.0170438
1 0.982154 0.0178461
1 0.712466 0.287534
1 0.931314 0.0686858
1 0.920873 0.0791274
9 0.0140858 0.985914
1 0.632143 0.367857
1 0.980267 0.0197325
1 0.999967 3.29556e-05
1 0.990958 0.00904223
1 0.701397 0.298603
1 0.944894 0.0551059
9 0.154449 0.845551
1 0.977378 0.0226218
1 0.990928 0.00907159
1 0.741355 0.258645
9 1e-07 1
1 0.927636 0.0723644
1 0.994937 0.00506316
1 0.988467 0.0115327
1 0.991379 0.00862129
1 0.965857 0.0341432
9 0.000231347 0.999769
1 0.997731 0.00226873
9 0.102338 0.897662
1 0.992637 0.00736288
1 0.987944 0.0120559
9 0.00420237 0.995798
1 0.987719 0.0122806
1 0.998775 0.00122526
1 0.991331 0.00866924
1 0.999372 0.000628436
1 0.971514 0.0284858
1 0.996941 0.00305863
1 0.877097 0.122903
9 0.209935 0.790065
1 0.993321 0.00667919
1 0.990459 0.00954062
1 0.900475 0.0995254
1 0.923068 0.0769324
1 0.760245 0.239755
1 0.987011 0.0129887
9 0.0728033 0.927197
1 0.99589 0.00411001
1 0.770463 0.229537
9 1e-07 1
9 3.82518e-05 0.999962
1 0.99623 0.00376976
9 1e-07 1
1 0.992859 0.00714094
1 0.975089 0.0249115
1 0.970184 0.0298158
9 0.0548536 0.945146
1 0.945659 0.0543406
1 0.731903 0.268097
1 0.995727 0.00427251
1 0.993387 0.00661347
1 0.877148 0.122852
1 0.999965 3.48431e-05
1 0.990204 0.00979571
1 0.98897 0.01103
1 0.96261 0.0373899
1 0.994869 0.00513125
1 0.564552 0.435448
1 0.993855 0.00614522
1 0.999297 0.000702895
1 0.970803 0.0291974
9 0.147533 0.852467
1 0.974462 0.025538
9 0.0340343 0.965966
1 0.501349 0.498651
9 0.00783531 0.992165
9 2.74977e-06 0.999997
9 0.357742 0.642258
1 0.995027 0.0049726
1 0.993225 0.00677514
1 0.992837 0.00716325
1 0.992443 0.00755667
9 0.000174281 0.999826
9 0.0737179 0.926282
9 0.0154883 0.984512
1 0.985327 0.0146726
9 0.00780975 0.99219
1 0.710619 0.289381
1 0.99252 0.00748017
9 2.96597e-06 0.999997
9 0.374761 0.625239
1 0.996124 0.00387592
1 0.991354 0.008646
1 0.986555 0.0134449
1 0.836274 0.163726
1 0.984429 0.0155711
1 0.958274 0.0417259
1 0.994555 0.00544453
1 0.998287 0.00171313
1 0.971483 0.0285168
9 0.204957 0.795043
1 0.99283 0.00716961
1 0.978345 0.021655
9 0.460824 0.539176
9 0.00372425 0.996276
1 0.797875 0.202125
1 0.998858 0.00114245
1 0.970406 0.0295936
9 0.247878 0.752122
1 0.585141 0.414859
1 0.986139 0.0138605
1 0.992969 0.00703075
1 0.972637 0.0273634
1 0.893276 0.106724
1 0.953851 0.0461489
1 0.990954 0.00904577
9 0.234377 0.765623
1 0.999585 0.000414765
1 0.728196 0.271804
1 0.997053 0.00294697
1 0.934538 0.0654621
1 0.914168 0.0858324
1 0.968206 0.0317938
1 0.995333 0.00466712
1 0.930297 0.0697026
1 0.975625 0.024375
1 0.96613 0.0338702
1 0.970913 0.0290872
1 0.933926 0.0660737
1 0.696259 0.303741
1 0.621106 0.378894
1 0.531586 0.468414
1 0.755143 0.244857
1 0.737993 0.262007
1 0.973041 0.0269592
1 0.991872 0.00812779
9 0.119042 0.880958
1 0.999973 2.72619e-05
1 0.781002 0.218998
1 0.944258 0.0557424
1 0.999746 0.000254342
1 0.993161 0.00683862
1 0.987886 0.0121139
9 1.93457e-07 1
1 0.975568 0.0244319
1 0.993027 0.00697344
9 0.381466 0.618534
1 0.993099 0.00690094
1 0.877119 0.122881
9 0.00363364 0.996366
9 0.000512727 0.999487
1 0.991411 0.00858913
1 0.977219 0.0227811
9 0.235336 0.764664
1 0.999983 1.72288e-05
1 0.996544 0.00345573
1 0.957596 0.0424041
1 0.756021 0.243979
1 0.998157 0.00184291
1 0.974996 0.0250036
9 0.380913 0.619087
1 0.953654 0.0463463
1 0.994448 0.00555235
1 0.604372 0.395628
9 0.312262 0.687738
9 2.73858e-06 0.999997
1 0.97848 0.0215205
1 0.993508 0.00649183
1 0.994063 0.00593685
1 0.998353 0.00164694
1 0.993072 0.00692766
9 1e-07 1
1 0.993463 0.00653674
1 0.993107 0.00689257
1 0.966189 0.0338113
1 0.993366 0.00663371
9 5.35328e-07 0.999999
1 0.997491 0.00250901
1 0.990439 0.00956121
1 0.980387 0.0196131
1 0.999723 0.000276549
1 0.954003 0.0459969
1 0.977169 0.0228305
1 0.815129 0.184871
1 0.922059 0.0779409
1 0.988596 0.0114044
1 0.981491 0.0185094
9 0.15039 0.84961
1 0.974199 0.0258012
1 0.991885 0.0081147
1 0.949337 0.0506633
1 0.990089 0.00991058
1 0.99827 0.00173027
9 1e-07 1
1 0.952775 0.0472249
1 0.964318 0.0356816
1 0.986658 0.0133416
1 0.990314 0.00968601
1 0.592099 0.407901
1 0.936996 0.0630039
1 0.998337 0.00166272
1 0.80172 0.19828
9 4.05059e-05 0.999959
1 0.995847 0.00415292
1 0.992872 0.00712776
1 0.972687 0.0273129
1 0.573816 0.426184
1 0.993156 0.00684357
1 0.999112 0.000887964
1 0.727606 0.272394
1 0.833463 0.166537
1 0.991232 0.00876799
1 0.992614 0.00738627
9 0.0011326 0.998867
9 1e-07 1
1 0.927603 0.0723968
1 0.923303 0.0766965
1 0.819236 0.180764
1 0.895917 0.104083
1 0.999983 1.70925e-05
1 0.997311 0.00268908
1 0.935584 0.064416
1 0.985568 0.014432
1 0.807037 0.192963
1 0.645873 0.354127
1 0.983623 0.0163775
1 0.581798 0.418202
1 0.999554 0.000446267
1 0.998575 0.00142546
1 0.982625 0.0173753
1 0.984159 0.0158406
1 0.549808 0.450192
1 0.974362 0.0256383
1 0.995136 0.00486425
1 0.987 0.0129999
9 0.000802958 0.999197
9 0.0539247 0.946075
1 0.992926 0.00707432
1 0.997665 0.00233476
1 0.994427 0.00557301
1 0.978793 0.0212069
1 0.99965 0.000350396
9 0.000905257 0.999095
1 0.898032 0.101968
1 0.98155 0.01845
1 0.983154 0.0168461
9 0.0893293 0.910671
1 0.992987 0.00701307
1 0.997686 0.00231376
1 0.705977 0.294023
9 2.83798e-06 0.999997
1 0.745647 0.254353
1 0.998344 0.00165577
9 7.00664e-06 0.999993
1 0.995734 0.00426602
1 0.990921 0.00907929
1 0.964334 0.0356661
1 0.992299 0.00770146
1 0.999445 0.000554978
9 0.00261591 0.997384
9 0.0853333 0.914667
1 0.978526 0.0214735
9 0.128981 0.871019
1 0.99764 0.0023596
1 0.707646 0.292354
1 0.91969 0.0803096
1 0.746778 0.253222
1 0.957587 0.0424132
1 0.839719 0.160281
1 0.961784 0.0382161
9 0.0673719 0.932628
1 0.932201 0.067799
1 0.989936 0.0100638
1 0.905469 0.094531
1 0.970866 0.0291337
1 0.879645 0.120355
9 6.40152e-05 0.999936
1 0.867308 0.132692
9 1e-07 1
1 0.99635 0.00365026
1 0.997678 0.00232231
1 0.844627 0.155373
9 0.266816 0.733184
1 0.999904 9.60137e-05
1 0.99134 0.00865988
1 0.966453 0.0335473
9 0.0118151 0.988185
9 0.0133016 0.986698
1 0.990779 0.00922076
1 0.999972 2.80951e-05
9 1e-07 1
9 0.0393407 0.960659
1 0.994196 0.00580411
1 0.991011 0.00898876
1 0.991122 0.00887793
9 0.00111453 0.998885
1 0.974646 0.0253545
1 0.885188 0.114812
1 0.9972 0.0027998
1 0.999653 0.000346829
1 0.998429 0.00157107
1 0.993096 0.00690378
1 0.9929 0.00710011
1 0.999745 0.000254802
1 0.94238 0.0576201
1 0.993295 0.00670512
1 0.911682 0.0883184
1 0.997398 0.0026018
1 0.91955 0.0804496
1 0.93931 0.0606901
1 0.9925 0.00749972
1 0.988563 0.0114375
9 1e-07 1
1 0.984073 0.0159269
1 0.943753 0.0562469
9 6.1588e-07 0.999999
1 0.999803 0.000197268
1 0.98238 0.01762
1 0.981381 0.0186193
1 0.998881 0.00111922
1 0.997314 0.00268566
9 0.245631 0.754369
1 0.999853 0.000146815
9 0.164655 0.835345
1 0.973042 0.0269584
1 0.870636 0.129364
1 0.912605 0.0873952
1 0.999019 0.000980667
9 8.45373e-07 0.999999
1 0.993646 0.0063541
1 0.999537 0.000463288
1 0.964299 0.0357011
9 0.322519 0.677481
9 0.441418 0.558582
9 0.208379 0.791621
1 0.9929 0.00710002
1 0.986876 0.0131241
9 1e-07 1
1 0.938077 0.061923
9 0.00295403 0.997046
1 0.987377 0.0126231
1 0.992201 0.00779949
9 0.425019 0.574981
1 0.687595 0.312405
1 0.998486 0.00151405
1 0.978191 0.0218091
1 0.974036 0.0259638
1 0.985676 0.0143244
1 0.994862 0.0051382
1 0.989341 0.0106595
1 0.994521 0.00547855
1 0.990677 0.0093225
9 0.0357937 0.964206
1 0.999461 0.000539442
1 0.984861 0.0151394
1 0.912953 0.0870467
1 0.955982 0.0440178
1 0.987762 0.0122377
9 0.320196 0.679804
1 0.999886 0.000114271
1 0.979519 0.0204812
1 0.907379 0.0926212
1 0.924658 0.0753416
1 0.763959 0.236041
1 0.950889 0.0491107
1 0.707595 0.292405
1 0.99998 2.04817e-05
1 0.980577 0.0194232
1 0.993347 0.00665325
1 0.995163 0.00483705
1 0.980609 0.0193911
1 0.993653 0.00634732
1 0.988788 0.0112123
1 0.985918 0.0140823
1 0.993792 0.00620812
9 0.371762 0.628238
1 0.998354 0.0016456
1 0.932563 0.0674375
9 8.75663e-06 0.999991
1 0.992396 0.00760357
1 0.992515 0.00748453
1 0.998277 0.00172315
1 0.99745 0.00254981
1 0.993272 0.00672763
1 0.992872 0.00712765
1 0.993062 0.00693774
1 0.998306 0.00169379
1 0.98921 0.01079
9 0.000766143 0.999234
1 0.968358 0.0316418
1 0.993102 0.00689756
1 0.974128 0.0258722
1 0.992558 0.00744174
1 0.96677 0.0332305
1 0.999424 0.000576055
1 0.778369 0.221631
1 0.992534 0.0074658
1 0.992865 0.00713533
1 0.987485 0.0125153
1 0.591548 0.408452
9 0.327322 0.672678
1 0.848649 0.151351
1 0.989092 0.0109076
1 0.663386 0.336614
1 0.998072 0.00192795
1 0.996587 0.003413
1 0.999325 0.000675466
1 0.882398 0.117602
1 0.80699 0.19301
9 0.0001439 0.999856
1 0.999562 0.00043799
1 0.993154 0.00684644
1 0.975355 0.024645
1 0.986774 0.0132263
1 0.7418 0.2582
1 0.991826 0.00817399
1 0.993528 0.00647209
9 0.0486947 0.951305
9 0.000624622 0.999375
1 0.994931 0.00506916
1 0.509241 0.490759
9 0.168822 0.831178
1 0.974234 0.0257662
1 0.993325 0.0066748
1 0.99901 0.000990481
1 0.93174 0.0682596
1 0.999202 0.000797822
1 0.947271 0.0527289
1 0.994352 0.00564843
9 0.497018 0.502982
1 0.951195 0.0488047
1 0.999999 7.60061e-07
1 0.736632 0.263368
1 0.822339 0.177661
9 0.133292 0.866708
1 0.995199 0.00480053
1 0.927417 0.0725825
9 0.0150083 0.984992
1 0.993055 0.00694466
1 0.98314 0.0168599
1 0.977823 0.0221765
9 0.339266 0.660734
1 0.995792 0.00420761
1 0.99549 0.00450969
1 0.992896 0.0071043
1 0.991391 0.00860863
1 0.992084 0.00791564
1 0.728649 0.271351
1 0.994854 0.00514649
1 0.99335 0.00665032
1 0.716904 0.283096
1 0.919117 0.0808831
9 1e-07 1
1 0.980137 0.0198633
1 0.995249 0.00475058
1 0.921296 0.0787042
1 0.990238 0.00976164
1 0.999538 0.000462226
1 0.99978 0.000220216
1 0.992868 0.00713236
9 0.00548365 0.994516
1 0.991273 0.00872704
9 0.000156262 0.999844
1 0.995486 0.004514
1 0.9918 0.00820044
9 3.15666e-07 1
1 0.988533 0.0114669
9 0.00270908 0.997291
1 0.996046 0.00395398
1 0.577427 0.422573
1 0.611595 0.388405
9 0.0892773 0.910723
1 0.992963 0.00703714
1 0.952456 0.0475436
9 0.117877 0.882123
1 0.814462 0.185538
9 0.0236933 0.976307
1 0.939636 0.0603644
1 0.999594 0.000405905
1 0.991214 0.00878626
1 0.700827 0.299173
9 0.359421 0.640579
1 0.957669 0.0423314
1 0.998926 0.00107352
1 0.648044 0.351956
1 0.755956 0.244044
1 0.977247 0.0227529
1 0.993297 0.00670293
1 0.907285 0.0927154
1 0.96829 0.0317103
1 0.893192 0.106808
1 0.995386 0.00461356
1 0.984786 0.0152144
1 0.901545 0.0984546
1 0.990045 0.00995506
1 0.992373 0.00762741
1 0.992886 0.00711405
9 0.483057 0.516943
1 0.993922 0.00607828
1 0.993683 0.00631658
1 0.743285 0.256715
1 0.997766 0.00223418
9 0.00767677 0.992323
1 0.991688 0.00831207
1 0.992608 0.00739151
1 0.997364 0.00263555
1 0.706987 0.293013
1 0.964168 0.0358325
1 0.999906 9.41617e-05
9 1e-07 1
1 0.98742 0.01258
1 0.981157 0.0188433
1 0.907569 0.0924307
1 0.9999 9.97063e-05
9 0.440613 0.559387
9 0.0365665 0.963433
1 0.982627 0.0173729
1 0.997963 0.00203709
1 0.996258 0.00374205
1 0.945322 0.0546778
1 0.993353 0.00664742
1 0.978989 0.0210105
1 0.991034 0.00896602
1 0.878991 0.121009
9 4.90526e-05 0.999951
1 0.996048 0.00395169
1 0.893044 0.106956
1 0.987068 0.0129324
1 0.804015 0.195985
1 0.995621 0.00437928
1 0.992385 0.00761469
1 0.994815 0.00518523
1 0.99843 0.0015699
1 0.990654 0.00934589
1 0.983304 0.0166961
1 0.834001 0.165999
9 1.73833e-06 0.999998
9 0.473529 0.526471
1 0.995539 0.00446076
1 0.999849 0.000151149
9 0.0269102 0.97309
9 0.0402433 0.959757
1 0.983788 0.016212
1 0.993293 0.00670683
1 0.988845 0.0111548
1 0.944635 0.0553654
1 0.794419 0.205581
9 0.00171225 0.998288
1 0.994439 0.00556071
1 0.906008 0.0939916
1 0.971479 0.0285207
1 0.984899 0.0151013
1 0.980985 0.019015
9 0.217237 0.782763
9 0.311755 0.688245
1 0.833963 0.166037
9 2.79155e-05 0.999972
1 0.999896 0.000103521
1 0.997651 0.00234928
1 0.976364 0.0236363
9 0.00555513 0.994445
9 0.000353907 0.999646
1 0.959577 0.0404229
1 0.99284 0.00716034
1 0.933407 0.0665927
1 0.985964 0.0140364
1 0.994541 0.00545946
9 0.333193 0.666807
1 0.904073 0.0959275
1 0.994705 0.00529523
1 0.944333 0.0556665
1 0.757821 0.242179
9 0.0104799 0.98952
1 0.999669 0.000331496
1 0.955552 0.0444479
1 0.99971 0.000290427
1 0.842052 0.157948
1 0.999342 0.000657976
1 0.993298 0.00670156
9 1e-07 1
9 0.00078354 0.999216
1 0.988824 0.0111756
1 0.980407 0.0195931
1 0.935685 0.0643152
1 0.994351 0.0056485
1 0.7854 0.2146
1 0.990965 0.00903512
1 0.992728 0.00727224
1 0.955051 0.044949
1 0.89003 0.10997
9 1.32246e-06 0.999999
1 0.995511 0.00448884
1 0.724272 0.275728
1 0.998824 0.00117608
1 0.938603 0.0613968
1 0.982662 0.0173381
1 0.973145 0.0268549
1 0.990814 0.00918644
1 0.993229 0.00677126
1 0.993093 0.00690661
9 0.0857373 0.914263
1 0.992064 0.00793629
1 0.999948 5.21386e-05
9 0.0393164 0.960684
1 0.866993 0.133007
1 0.836293 0.163707
1 0.999447 0.000552711
1 0.995782 0.0042181
1 0.982261 0.0177389
1 0.999501 0.000499054
1 0.95961 0.0403903
1 0.960379 0.0396214
9 0.146337 0.853663
1 0.965188 0.0348117
1 0.994326 0.0056739
1 0.996417 0.00358272
9 2.55443e-06 0.999997
1 0.998286 0.00171367
1 0.981811 0.018189
1 0.81094 0.18906
9 0.4172 0.5828
1 0.750858 0.249142
1 0.989326 0.0106735
1 0.981993 0.0180068
9 0.163823 0.836177
1 0.9836 0.0164003
1 0.927176 0.0728243
1 0.985649 0.0143513
1 0.891031 0.108969
1 0.99835 0.00164993
1 0.995128 0.00487175
9 0.117471 0.882529
9 0.00133169 0.998668
1 0.991732 0.00826755
1 0.840278 0.159722
1 0.976724 0.0232762
1 0.641883 0.358117
1 0.891376 0.108624
9 0.3793 0.6207
1 0.793654 0.206346
1 0.99558 0.00441962
1 0.954276 0.0457245
1 0.992401 0.0075987
1 0.990897 0.00910348
1 0.594145 0.405855
1 0.993405 0.00659517
1 0.678979 0.321021
1 0.938992 0.0610079
1 0.904424 0.0955761
1 0.941211 0.0587892
1 0.997756 0.00224449
9 1e-07 1
9 1e-07 1
1 0.992735 0.00726521
9 0.136847 0.863153
1 0.994737 0.00526252
1 0.996492 0.00350762
1 0.926907 0.0730934
1 0.990105 0.00989465
1 0.883572 0.116428
1 0.85669 0.14331
1 0.992976 0.00702438
9 0.0807819 0.919218
9 5.33544e-07 0.999999
9 1e-07 1
1 0.812398 0.187602
1 0.999502 0.000497685
1 0.994632 0.00536769
1 0.993827 0.00617314
1 0.890162 0.109838
9 0.0508519 0.949148
1 0.979275 0.0207254
1 0.993479 0.00652121
1 0.993152 0.0068477
1 0.997474 0.0025263
1 0.98688 0.0131205
1 0.99736 0.00264043
1 0.992415 0.00758508
9 2.23713e-05 0.999978
9 1e-07 1
1 0.996194 0.00380552
9 0.215655 0.784345
1 0.975001 0.024999
1 0.879479 0.120521
1 0.845468 0.154532
9 1e-07 1
1 0.999555 0.000445183
9 0.00306836 0.996932
1 0.773826 0.226174
9 0.0581046 0.941895
1 0.938257 0.0617434
1 0.999892 0.000107916
1 0.992779 0.0072205
1 0.982226 0.017774
1 0.993494 0.00650635
1 0.961304 0.0386958
1 0.99267 0.00733011
1 0.970177 0.0298227
1 0.94172 0.0582797
1 0.942847 0.0571528
1 0.822813 0.177187
1 0.995421 0.00457915
9 0.0144883 0.985512
1 0.985238 0.0147622
1 0.836105 0.163895
1 0.990382 0.00961768
9 0.0702161 0.929784
1 0.999265 0.000735332
1 0.964424 0.0355761
9 1.27629e-06 0.999999
1 0.999266 0.000733777
1 0.629642 0.370358
1 0.995855 0.00414517
1 0.989924 0.0100763
9 0.470039 0.529961
1 0.998819 0.0011809
9 0.167208 0.832792
9 1e-07 1
9 1e-07 1
1 0.766378 0.233622
1 0.950878 0.0491216
1 0.997396 0.00260439
1 0.999614 0.000385529
1 0.973685 0.0263149
1 0.995741 0.00425858
1 0.82326 0.17674
1 0.994766 0.00523408
1 0.944673 0.0553266
9 0.239224 0.760776
1 0.975094 0.0249058
1 0.995052 0.00494769
1 0.99343 0.0065701
9 0.125292 0.874708
1 0.997518 0.00248244
1 0.787809 0.212191
1 0.984386 0.0156143
9 0.000916899 0.999083
1 0.995019 0.00498136
1 0.991079 0.00892121
9 0.342611 0.657389
1 0.978968 0.0210325
1 0.99298 0.00701967
9 0.0296557 0.970344
9 0.00151447 0.998486
9 2.44836e-06 0.999998
9 1.3101e-06 0.999999
9 7.45556e-07 0.999999
1 0.988453 0.0115469
1 0.993465 0.00653522
1 0.993302 0.00669804
1 0.993682 0.00631821
1 0.993003 0.00699707
9 1.91522e-07 1
1 0.68476 0.31524
1 0.740773 0.259227
1 0.62025 0.37975
1 0.84547 0.15453
1 0.961914 0.0380857
1 0.996758 0.00324161
9 7.5548e-06 0.999992
9 0.0832489 0.916751
9 0.00332984 0.99667
1 0.921792 0.0782085
1 0.987385 0.0126146
1 0.560974 0.439026
1 0.995534 0.00446639
1 0.975935 0.0240647
9 0.105924 0.894076
1 0.982714 0.0172862
9 0.376271 0.623729
1 0.989135 0.0108653
1 0.900124 0.0998762
1 0.993376 0.00662361
1 0.616774 0.383226
9 0.0337799 0.96622
1 0.986826 0.0131739
1 0.999308 0.000691751
1 0.997553 0.00244701
9 0.105794 0.894206
1 0.998114 0.00188606
1 0.786347 0.213653
1 0.981124 0.0188761
9 0.0147871 0.985213
9 3.63391e-06 0.999996
1 0.989194 0.010806
1 0.987947 0.0120526
9 5.05999e-06 0.999995
1 0.99379 0.0062097
1 0.995372 0.00462836
1 0.98304 0.0169602
9 0.0335631 0.966437
9 0.00382611 0.996174
1 0.930714 0.069286
1 0.993072 0.0069275
1 0.956189 0.0438108
9 0.239896 0.760104
1 0.999692 0.000307729
1 0.999079 0.000920809
1 0.917061 0.0829393
1 0.993538 0.00646154
1 0.652322 0.347678
1 0.961888 0.038112
1 0.687386 0.312614
1 0.988152 0.0118482
1 0.917668 0.082332
9 0.39022 0.60978
1 0.91052 0.0894804
1 0.999966 3.42949e-05
9 0.4404 0.5596
1 0.993334 0.00666566
1 0.993997 0.00600349
1 0.86151 0.13849
1 0.999789 0.000211176
1 0.969692 0.0303078
1 0.888275 0.111725
1 0.996379 0.00362114
1 0.994734 0.00526642
1 0.992994 0.0070055
1 0.94471 0.0552897
9 0.00540704 0.994593
1 0.98614 0.0138599
1 0.751376 0.248624
1 0.996148 0.00385201
9 0.27623 0.72377
1 0.849837 0.150163
1 0.975913 0.0240868
9 0.0588718 0.941128
1 0.971944 0.0280565
1 0.985943 0.0140572
1 0.986202 0.0137985
1 0.991247 0.00875333
1 0.992591 0.00740858
1 0.861666 0.138334
1 0.902162 0.0978381
1 0.989849 0.0101511
1 0.999625 0.000374869
1 0.999792 0.000207987
1 0.984291 0.0157092
1 0.996897 0.0031034
1 0.508648 0.491352
9 0.0763224 0.923678
1 0.993544 0.00645579
1 0.993166 0.00683416
1 0.962971 0.0370288
1 0.992085 0.00791454
1 0.755838 0.244162
1 0.743223 0.256777
1 0.720951 0.279049
9 0.0359999 0.964
1 0.991618 0.00838188
1 0.973552 0.026448
1 0.99229 0.00771013
1 0.999942 5.82316e-05
1 0.950717 0.0492829
1 0.994825 0.0051746
1 0.984963 0.0150369
1 0.987594 0.0124058
1 0.99113 0.00886956
1 0.98748 0.0125199
1 0.980337 0.0196628
9 0.158025 0.841975
1 0.999995 4.65222e-06
1 0.982996 0.017004
1 0.962735 0.0372648
1 0.924104 0.075896
1 0.991246 0.00875389
1 0.972296 0.0277039
1 0.989593 0.0104069
9 1e-07 1
1 0.987388 0.0126125
1 0.986769 0.0132314
1 0.965964 0.034036
1 0.892515 0.107485
1 0.99881 0.00119045
9 0.336712 0.663288
1 0.973551 0.0264491
1 0.999293 0.000707475
1 0.99537 0.00462963
9 0.235054 0.764946
9 0.000290294 0.99971
1 0.998445 0.00155486
9 0.129438 0.870562
9 0.450958 0.549042
1 0.897423 0.102577
1 0.998174 0.00182611
1 0.991889 0.0081109
9 5.20322e-06 0.999995
1 0.91642 0.0835795
9 1e-07 1
1 0.987273 0.0127269
1 0.989989 0.010011
1 0.991942 0.00805841
1 0.99225 0.00775026
1 0.964756 0.0352439
1 0.994258 0.00574204
1 0.983185 0.0168153
1 0.560355 0.439645
1 0.998896 0.00110415
9 0.21076 0.78924
9 0.00175062 0.998249
1 0.974719 0.0252813
1 0.993223 0.00677677
9 0.247519 0.752481
1 0.991981 0.00801907
1 0.896218 0.103782
9 0.312444 0.687556
1 0.822126 0.177874
1 0.992776 0.00722435
1 0.998775 0.0012253
1 0.940268 0.0597316
1 0.999668 0.000332144
1 0.993122 0.00687835
1 0.999894 0.000106096
1 0.995265 0.0047346
1 0.999992 8.21609e-06
1 0.99735 0.00264958
1 0.699123 0.300877
1 0.706573 0.293427
9 0.47356 0.52644
1 0.912956 0.0870439
1 0.698901 0.301099
1 0.949694 0.0503064
1 0.99294 0.00705983
1 0.998413 0.00158709
1 0.997854 0.0021464
1 0.999664 0.000336127
1 0.970222 0.0297778
9 1.17524e-05 0.999988
1 0.816462 0.183538
1 0.998978 0.00102205
1 0.993274 0.00672594
1 0.975648 0.024352
1 0.95295 0.0470501
1 0.940123 0.0598773
1 0.684954 0.315046
1 0.996709 0.00329054
9 1.6972e-07 1
1 0.997996 0.00200403
1 0.993393 0.00660684
1 0.9875 0.0125005
1 0.987802 0.0121982
1 0.992774 0.00722595
1 0.99276 0.00724012
1 0.652422 0.347578
1 0.973802 0.026198
9 1e-07 1
1 0.950737 0.0492628
1 0.88369 0.11631
1 0.999972 2.76549e-05
9 0.468336 0.531664
1 0.627933 0.372067
1 0.970397 0.0296033
9 0.000118791 0.999881
9 0.464497 0.535503
1 0.999949 5.12477e-05
1 0.893435 0.106565
1 0.944253 0.055747
1 0.779988 0.220012
1 0.723755 0.276245
1 0.992538 0.00746166
1 0.914357 0.0856432
1 0.99331 0.00668975
1 0.730546 0.269454
9 0.000206413 0.999794
9 1.44456e-06 0.999999
9 0.0356087 0.964391
1 0.998277 0.00172275
1 0.934558 0.0654422
1 0.759861 0.240139
1 0.957379 0.0426209
1 0.998076 0.00192393
1 0.991866 0.00813378
1 0.982893 0.0171068
9 2.23064e-05 0.999978
1 0.999762 0.000238437
1 0.963943 0.0360568
1 0.992349 0.0076511
1 0.993505 0.00649504
1 0.925859 0.0741413
1 0.965176 0.0348244
1 0.999966 3.40294e-05
9 1e-07 1
1 0.996372 0.00362766
9 0.452874 0.547126
1 0.983686 0.0163144
1 0.866773 0.133227
1 0.977105 0.0228947
1 0.995511 0.00448902
1 0.981664 0.0183357
9 0.272068 0.727932
1 0.954527 0.0454727
9 0.0111815 0.988818
1 0.989278 0.0107225
1 0.99992 8.02131e-05
1 0.862461 0.137539
1 0.995921 0.00407917
1 0.981602 0.0183978
1 0.999207 0.000793252
1 0.975363 0.0246372
1 0.998443 0.00155705
1 0.992044 0.00795625
1 0.634284 0.365716
1 0.95956 0.04044
1 0.990064 0.00993634
1 0.981384 0.0186156
1 0.985244 0.0147564
1 0.9997 0.000299573
1 0.674076 0.325924
1 0.986382 0.0136182
1 0.977016 0.0229837
1 0.999117 0.000883307
1 0.998555 0.00144464
1 0.992912 0.00708777
1 0.9774 0.0226002
1 0.977527 0.0224726
1 0.960579 0.0394213
1 0.99281 0.00718956
1 0.71232 0.28768
1 0.996896 0.00310419
1 0.994666 0.00533446
1 0.998938 0.00106212
1 0.870549 0.129451
9 3.12135e-06 0.999997
1 0.970225 0.0297754
1 0.989347 0.0106528
1 0.926576 0.0734239
1 0.978843 0.021157
1 0.99678 0.00321974
1 0.901739 0.0982614
1 0.99282 0.00718
1 0.984853 0.0151469
1 0.967963 0.0320369
1 0.945531 0.0544688
9 0.310298 0.689702
1 0.994924 0.0050759
9 0.0132076 0.986792
1 0.984176 0.0158238
1 0.993009 0.00699062
1 0.8289 0.1711
1 0.915505 0.0844949
1 0.755188 0.244812
1 0.812675 0.187325
1 0.990234 0.00976604
1 0.899039 0.100961
9 0.209321 0.790679
1 0.988758 0.0112421
9 2.47039e-05 0.999975
1 0.997335 0.00266463
9 0.214604 0.785396
1 0.934387 0.065613
1 0.775013 0.224987
1 0.999951 4.93106e-05
1 0.995174 0.00482612
1 0.995189 0.0048112
1 0.981225 0.0187752
1 0.987462 0.0125377
1 0.991696 0.00830418
1 0.98252 0.0174798
1 0.996999 0.00300088
1 0.999521 0.000478618
1 0.923696 0.076304
1 0.800669 0.199331
1 0.996296 0.00370402
1 0.995745 0.00425547
9 1.40565e-05 0.999986
1 0.581707 0.418293
1 0.77668 0.22332
1 0.993573 0.00642661
1 0.99828 0.00172009
1 0.990352 0.00964821
1 0.9802 0.0198
1 0.691655 0.308345
1 0.999836 0.000164297
1 0.986805 0.0131951
1 0.993367 0.00663311
1 0.691159 0.308841
9 0.0931846 0.906815
9 1e-07 1
1 0.999168 0.000832463
9 0.227697 0.772303
1 0.983359 0.016641
9 0.096097 0.903903
1 0.889006 0.110994
1 0.996041 0.00395887
1 0.96698 0.0330199
9 0.124639 0.875361
9 1e-07 1
1 0.993695 0.00630523
1 0.98247 0.0175297
1 0.993629 0.00637107
1 0.99961 0.000390427
1 0.993769 0.00623065
9 7.28336e-05 0.999927
9 0.000116911 0.999883
1 0.807171 0.192829
1 0.959599 0.0404014
9 1e-07 1
1 0.992572 0.007428
9 0.00507678 0.994923
1 0.989212 0.0107881
1 0.994761 0.00523903
1 0.945171 0.0548285
1 0.979574 0.0204258
1 0.573201 0.426799
9 0.290118 0.709882
9 0.27294 0.72706
1 0.949576 0.0504239
1 0.99895 0.00105009
1 0.960695 0.039305
9 0.478616 0.521384
1 0.994814 0.00518571
1 0.955558 0.0444415
1 0.992858 0.00714224
1 0.79575 0.20425
1 0.970752 0.0292477
1 0.983291 0.0167092
1 0.905488 0.0945117
9 0.0174327 0.982567
9 0.011177 0.988823
1 0.975924 0.0240761
1 0.95558 0.0444196
9 1e-07 1
1 0.99836 0.00164011
1 0.994674 0.00532617
1 0.883376 0.116624
1 0.992974 0.00702576
1 0.623424 0.376576
9 0.276217 0.723783
1 0.952394 0.0476062
1 0.999452 0.000547909
1 0.883416 0.116584
1 0.990103 0.00989748
1 0.997199 0.00280088
1 0.991574 0.0084263
1 0.997672 0.00232765
9 0.0982123 0.901788
1 0.990361 0.00963927
1 0.993106 0.00689385
1 0.993041 0.00695884
1 0.660712 0.339288
1 0.994246 0.00575377
1 0.990312 0.0096878
1 0.953696 0.0463039
1 0.968806 0.0311942
1 0.960846 0.0391542
9 0.00834273 0.991657
1 0.99514 0.00485956
1 0.993842 0.00615797
1 0.987981 0.0120188
1 0.61591 0.38409
1 0.950212 0.0497878
1 0.930233 0.0697667
1 0.997642 0.00235847
1 0.90695 0.0930496
1 0.998996 0.00100377
1 0.561712 0.438288
1 0.999581 0.00041878
1 0.851608 0.148392
9 1e-07 1
9 1.90066e-05 0.999981
1 0.999322 0.000677614
1 0.622435 0.377565
1 0.973373 0.0266268
1 0.993299 0.0067007
1 0.987834 0.0121662
1 0.933861 0.0661387
1 0.993569 0.00643108
9 0.287121 0.712879
1 0.996021 0.0039794
1 0.98256 0.0174397
1 0.914498 0.0855025
1 0.982499 0.017501
1 0.683743 0.316257
1 0.982254 0.0177462
9 0.396808 0.603192
1 0.926388 0.0736124
1 0.979731 0.0202693
9 4.39177e-06 0.999996
9 0.403952 0.596048
1 0.805581 0.194419
1 0.824569 0.175431
9 0.00862547 0.991375
9 1e-07 1
1 0.920087 0.0799126
1 0.985938 0.0140622
9 0.000376812 0.999623
1 0.976308 0.0236922
1 0.831879 0.168121
1 0.900653 0.0993466
1 0.984918 0.0150817
1 0.995034 0.00496598
1 0.977485 0.0225153
1 0.891945 0.108055
1 0.985792 0.0142079
1 0.998202 0.00179761
1 0.978952 0.0210477
9 0.169081 0.830919
1 0.978621 0.0213786
9 1e-07 1
9 0.326597 0.673403
1 0.986791 0.0132093
1 0.926618 0.0733817
1 0.992721 0.00727949
9 5.36377e-07 0.999999
9 0.00285717 0.997143
1 0.561132 0.438868
9 1e-07 1
1 0.98156 0.0184396
1 0.999622 0.000377819
9 1.29903e-06 0.999999
1 0.999328 0.000672487
1 0.979083 0.0209173
1 0.994854 0.00514611
1 0.979556 0.020444
1 0.997454 0.00254563
1 0.987779 0.0122206
9 0.107888 0.892112
1 0.993046 0.00695354
9 1.16695e-06 0.999999
1 0.999561 0.000438929
1 0.912318 0.0876819
1 0.979932 0.0200675
9 1e-07 1
1 0.833379 0.166621
1 0.985172 0.0148278
9 0.174741 0.825259
1 0.993316 0.0066844
1 0.690962 0.309038
1 0.992867 0.00713256
1 0.991268 0.00873194
1 0.868814 0.131186
1 0.614196 0.385804
1 0.984334 0.0156665
1 0.999763 0.000236701
1 0.958551 0.0414491
1 0.986175 0.0138246
9 0.378546 0.621454
1 0.932243 0.0677575
1 0.992144 0.00785631
1 0.995439 0.00456124
1 0.642986 0.357014
9 6.58751e-06 0.999993
9 0.129426 0.870574
1 0.581541 0.418459
1 0.994843 0.00515654
1 0.994654 0.00534619
1 0.998082 0.00191763
9 1e-07 1
9 0.000408325 0.999592
9 0.00627984 0.99372
1 0.993046 0.00695364
1 0.984777 0.0152227
9 0.0525487 0.947451
9 0.262938 0.737062
1 0.98663 0.0133699
9 0.385219 0.614781
9 6.9295e-06 0.999993
1 0.998383 0.00161733
1 0.952765 0.0472353
1 0.993165 0.0068345
1 0.895412 0.104588
9 0.408057 0.591943
1 0.631473 0.368527
1 0.925535 0.0744646
1 0.931975 0.0680254
1 0.991651 0.00834863
1 0.985108 0.0148923
1 0.913074 0.0869264
1 0.975507 0.0244933
1 0.987026 0.0129735
1 0.638717 0.361283
1 0.990669 0.00933121
1 0.910093 0.0899069
9 0.142244 0.857756
9 1e-07 1
1 0.993445 0.00655468
1 0.787215 0.212785
1 0.999587 0.000413483
9 1e-07 1
1 0.817342 0.182658
1 0.986695 0.0133049
1 0.994176 0.00582401
1 0.992088 0.00791166
1 0.982103 0.0178971
1 0.98185 0.0181498
1 0.884763 0.115237
1 0.972043 0.0279566
1 0.988483 0.0115171
9 0.101047 0.898953
1 0.999652 0.000348004
1 0.995834 0.00416592
9 1.21e-06 0.999999
1 0.876906 0.123094
1 0.991976 0.00802408
1 0.842515 0.157485
1 0.996264 0.0037355
1 0.945088 0.0549118
1 0.989181 0.0108188
1 0.926976 0.0730241
1 0.646308 0.353692
9 6.14111e-07 0.999999
1 0.97406 0.0259403
1 0.987151 0.0128485
9 1e-07 1
9 0.000229797 0.99977
1 0.949084 0.0509157
1 0.931515 0.0684854
9 0.120905 0.879095
1 0.996102 0.00389821
9 0.218559 0.781441
9 0.000121616 0.999878
1 0.997051 0.00294851
9 4.27352e-06 0.999996
1 0.994783 0.00521671
1 0.74683 0.25317
9 0.476618 0.523382
1 0.988664 0.0113361
1 0.987031 0.0129693
1 0.999711 0.000288887
1 0.995299 0.00470081
1 0.9598 0.0402001
1 0.952949 0.0470506
1 0.991675 0.00832544
1 0.993919 0.00608065
1 0.980171 0.0198291
1 0.992787 0.00721303
1 0.878266 0.121734
9 7.84432e-06 0.999992
1 0.617861 0.382139
1 0.999962 3.81862e-05
1 0.956614 0.0433864
1 0.51619 0.48381
1 0.997198 0.00280214
1 0.982152 0.017848
9 0.247566 0.752434
1 0.762116 0.237884
1 0.706568 0.293432
1 0.904386 0.0956142
1 0.988962 0.0110379
1 0.995143 0.00485733
9 0.244804 0.755196
9 0.346469 0.653531
1 0.977351 0.0226488
1 0.760032 0.239968
1 0.966539 0.0334615
9 1e-07 1
1 0.999792 0.000207622
1 0.9372 0.0628002
1 0.664135 0.335865
1 0.99333 0.0066698
1 0.964001 0.0359986
1 0.816908 0.183092
1 0.984718 0.0152823
1 0.674528 0.325472
1 0.995665 0.00433467
1 0.998616 0.0013839
1 0.992741 0.00725852
1 0.982587 0.0174129
1 0.98944 0.0105599
1 0.962429 0.0375713
1 0.996761 0.00323869
1 0.60486 0.39514
1 0.849575 0.150425
1 0.995309 0.00469076
1 0.993846 0.00615402
1 0.998717 0.00128286
1 0.995813 0.00418683
1 0.999307 0.000693232
1 0.994827 0.00517311
9 0.419926 0.580074
1 0.993925 0.00607534
9 0.434174 0.565826
9 0.00146271 0.998537
1 0.984839 0.0151612
9 0.0221015 0.977899
1 0.995051 0.00494866
1 0.995767 0.00423253
1 0.995194 0.00480599
9 0.000115348 0.999885
1 0.887079 0.112921
1 0.983648 0.0163517
1 0.99987 0.000129734
1 0.999272 0.000728258
1 0.702099 0.297901
1 0.993805 0.0061955
1 0.648622 0.351378
1 0.9204 0.0796004
9 4.00349e-07 1
1 0.778328 0.221672
1 0.993951 0.00604923
9 0.000539643 0.99946
1 0.986525 0.0134749
9 0.181265 0.818735
1 0.833344 0.166656
9 0.0411422 0.958858
9 1e-07 1
1 0.742764 0.257236
1 0.930333 0.0696667
1 0.977527 0.0224727
1 0.99972 0.000279511
1 0.9818 0.0181999
1 0.999203 0.000797267
1 0.991629 0.00837106
1 0.633525 0.366475
1 0.990929 0.00907144
9 0.272425 0.727575
1 0.761386 0.238614
9 0.2749 0.7251
9 1e-07 1
9 0.28934 0.71066
1 0.974934 0.0250661
1 0.796787 0.203213
1 0.980481 0.0195192
1 0.997436 0.00256431
1 0.991098 0.00890187
1 0.99923 0.00077024
1 0.996089 0.00391069
1 0.846363 0.153637
9 0.457691 0.542309
9 0.129963 0.870037
9 1.98554e-06 0.999998
1 0.999882 0.000118157
1 0.996589 0.00341116
1 0.959041 0.0409592
9 0.00136591 0.998634
1 0.992465 0.00753494
1 0.896113 0.103887
1 0.9822 0.0178001
1 0.991381 0.00861898
1 0.993462 0.00653779
1 0.995645 0.00435543
1 0.994132 0.00586825
9 8.40283e-07 0.999999
1 0.993974 0.00602638
1 0.999971 2.9054e-05
1 0.984215 0.0157848
1 0.990938 0.00906204
1 0.96765 0.0323501
1 0.89421 0.10579
9 0.00237338 0.997627
1 0.966779 0.0332206
1 0.999632 0.000367596
1 0.996963 0.0030372
1 0.995516 0.00448388
1 0.849186 0.150814
1 0.985209 0.014791
1 0.997651 0.00234932
1 0.96485 0.0351496
9 1e-07 1
1 0.996023 0.0039768
1 0.995276 0.0047242
1 0.984541 0.0154595
9 0.00426257 0.995737
1 0.92086 0.0791398
1 0.998423 0.00157685
1 0.840558 0.159442
1 0.9597 0.0402999
1 0.96664 0.0333599
1 0.994321 0.00567894
1 0.996701 0.00329934
1 0.664247 0.335753
1 0.859087 0.140913
1 0.976203 0.0237966
1 0.977927 0.0220734
1 0.941048 0.0589524
9 0.445144 0.554856
1 0.988313 0.0116873
9 3.29341e-07 1
1 0.995586 0.00441397
1 0.994499 0.00550077
1 0.98347 0.01653
1 0.931232 0.0687685
1 0.71909 0.28091
1 0.997591 0.0024094
1 0.994275 0.0057253
9 0.0818834 0.918117
1 0.637362 0.362638
9 1e-07 1
9 1.17057e-07 1
1 0.554841 0.445159
9 9.64488e-07 0.999999
1 0.996303 0.00369668
1 0.931392 0.0686075
1 0.992893 0.00710662
9 6.15936e-07 0.999999
1 0.922016 0.0779838
1 0.996605 0.00339458
1 0.997996 0.00200448
9 0.342211 0.657789
1 0.999021 0.000979486
1 0.769653 0.230347
1 0.965147 0.0348534
1 0.999466 0.000533542
1 0.977492 0.0225079
1 0.96457 0.03543
1 0.86274 0.13726
1 0.938354 0.0616463
9 0.000100624 0.999899
1 0.981262 0.0187377
1 0.919202 0.0807979
1 0.999091 0.000908992
1 0.976021 0.0239792
1 0.991833 0.00816727
1 0.797109 0.202891
1 0.994092 0.00590814
1 0.992894 0.00710622
1 0.905831 0.0941694
9 0.23487 0.76513
1 0.992132 0.00786819
1 0.999765 0.000235424
9 1.90952e-05 0.999981
1 0.990167 0.00983348
1 0.988967 0.0110326
1 0.983535 0.0164652
9 3.72604e-05 0.999963
1 0.998761 0.00123883
1 0.830244 0.169756
1 0.968801 0.0311995
1 0.995209 0.0047911
9 0.447034 0.552966
1 0.827277 0.172723
1 0.999058 0.000942123
1 0.999743 0.000256729
9 0.160533 0.839467
9 1e-07 1
1 0.942959 0.0570411
9 0.351916 0.648084
1 0.949783 0.0502172
1 0.892632 0.107368
9 0.000170908 0.999829
1 0.995201 0.00479923
1 0.958881 0.0411187
1 0.993211 0.00678941
9 0.386431 0.613569
9 3.26113e-05 0.999967
1 0.997032 0.00296783
1 0.992673 0.00732684
1 0.995819 0.00418074
9 0.0610034 0.938997
1 0.994234 0.00576577
1 0.768686 0.231314
1 0.97394 0.0260604
1 0.809555 0.190445
1 0.99059 0.00941002
1 0.974014 0.0259861
1 0.97046 0.0295395
1 0.944699 0.0553005
1 0.627385 0.372615
9 0.00248389 0.997516
1 0.999466 0.000534101
1 0.998888 0.00111243
1 0.972622 0.0273775
1 0.9994 0.000599813
9 0.000199153 0.999801
1 0.984934 0.0150656
9 1e-07 1
9 0.00022629 0.999774
1 0.996404 0.00359579
1 0.997158 0.00284238
1 0.99462 0.00537956
9 0.0303823 0.969618
1 0.986621 0.0133795
1 0.857541 0.142459
9 0.0439081 0.956092
1 0.997172 0.00282809
1 0.992728 0.00727155
9 0.168121 0.831879
1 0.934981 0.0650186
9 1.01176e-05 0.99999
1 0.992649 0.00735068
1 0.991812 0.00818767
1 0.995787 0.00421285
9 0.118556 0.881444
1 0.995937 0.00406275
1 0.824275 0.175725
9 1e-07 1
9 4.62495e-06 0.999995
1 0.890524 0.109476
1 0.984506 0.0154936
1 0.620925 0.379075
9 0.024344 0.975656
9 2.9578e-05 0.99997
1 0.898938 0.101062
1 0.764037 0.235963
1 0.99968 0.000320214
9 0.00291899 0.997081
1 0.946305 0.0536954
1 0.99216 0.0078401
9 0.000368815 0.999631
9 0.0213036 0.978696
1 0.998075 0.0019245
9 1.25503e-05 0.999987
9 0.227049 0.772951
1 0.99295 0.00704977
1 0.931161 0.0688387
1 0.987003 0.0129967
1 0.682059 0.317941
1 0.98842 0.0115797
1 0.999925 7.49898e-05
1 0.92596 0.07404
1 0.980478 0.0195223
1 0.992385 0.00761535
1 0.99673 0.00326978
1 0.839207 0.160793
1 0.993974 0.00602645
1 0.954074 0.0459257
1 0.911344 0.088656
1 0.943335 0.0566647
1 0.708748 0.291252
1 0.997853 0.00214727
1 0.992702 0.00729759
1 0.963623 0.036377
1 0.725424 0.274576
1 0.994673 0.00532659
1 0.874175 0.125825
1 0.99333 0.00667019
1 0.952687 0.0473128
1 0.882956 0.117044
1 0.993028 0.0069716
1 0.93691 0.0630897
1 0.924449 0.0755507
1 0.873732 0.126268
9 0.484964 0.515036
1 0.743336 0.256664
1 0.980159 0.0198406
1 0.975724 0.024276
1 0.993588 0.00641168
1 0.99714 0.00285952
1 0.99792 0.00208002
9 7.30332e-06 0.999993
1 0.970152 0.0298481
1 0.663981 0.336019
1 0.871071 0.128929
1 0.628873 0.371127
1 0.993844 0.00615556
9 0.284727 0.715273
1 0.936677 0.0633228
1 0.988302 0.0116984
9 2.24244e-06 0.999998
9 0.00181685 0.998183
1 0.990676 0.00932397
1 0.823988 0.176012
1 0.895384 0.104616
1 0.991565 0.00843545
1 0.99972 0.000280158
1 0.870654 0.129346
1 0.989636 0.0103642
1 0.944309 0.0556915
1 0.861381 0.138619
1 0.970664 0.0293362
1 0.993242 0.00675788
1 0.987346 0.0126536
1 0.894312 0.105688
1 0.998905 0.00109515
1 0.988521 0.0114791
1 0.999098 0.000901659
1 0.996341 0.00365934
1 0.988681 0.0113189
1 0.999867 0.000132541
1 0.993251 0.00674913
1 0.989677 0.0103234
1 0.999855 0.000144907
1 0.978703 0.0212965
1 0.931128 0.0688719
1 0.999459 0.000540672
1 0.999382 0.000618076
1 0.772721 0.227279
1 0.977247 0.022753
1 0.959911 0.0400885
1 0.991914 0.00808622
9 0.467209 0.532791
1 0.996497 0.00350268
9 6.01339e-07 0.999999
1 0.906068 0.0939321
1 0.959992 0.0400083
9 0.179099 0.820901
9 1.05052e-06 0.999999
1 0.99815 0.00184954
1 0.927672 0.0723285
1 0.980347 0.0196529
1 0.97392 0.0260799
1 0.944295 0.0557054
9 0.000368707 0.999631
1 0.998782 0.00121808
1 0.539932 0.460068
1 0.962646 0.0373542
1 0.999676 0.000323844
1 0.884784 0.115216
1 0.996671 0.00332873
1 0.973243 0.0267567
1 0.998525 0.00147544
9 1e-07 1
1 0.99424 0.00575996
1 0.941479 0.0585213
1 0.926696 0.0733037
1 0.875614 0.124386
1 0.991999 0.00800096
1 0.963564 0.0364355
1 0.984976 0.015024
1 0.972586 0.0274141
9 7.56149e-06 0.999992
1 0.90241 0.0975899
1 0.969624 0.0303758
1 0.992005 0.00799517
1 0.969167 0.0308333
1 0.895255 0.104745
9 0.00589432 0.994106
9 0.00445347 0.995547
1 0.992464 0.0075356
1 0.946821 0.0531788
1 0.992041 0.00795902
1 0.992552 0.00744792
1 0.928292 0.0717081
1 0.985119 0.0148806
1 0.997178 0.00282178
1 0.999969 3.14787e-05
1 0.989547 0.0104529
1 0.976106 0.0238938
1 0.995216 0.00478444
1 0.995685 0.00431507
9 0.0931 0.9069
1 0.94834 0.0516596
9 0.36118 0.63882
1 0.994671 0.00532867
1 0.89494 0.10506
1 0.997929 0.00207092
1 0.98654 0.0134597
1 0.999745 0.000254756
1 0.973804 0.0261958
1 0.929306 0.0706939
1 0.973266 0.0267342
9 0.380438 0.619562
1 0.999301 0.00069891
9 0.104838 0.895162
1 0.870734 0.129266
1 0.999104 0.00089561
9 0.0606987 0.939301
1 0.994283 0.00571676
1 0.978132 0.0218675
1 0.980997 0.0190029
1 0.97661 0.0233897
1 0.994691 0.00530857
1 0.99106 0.00894036
1 0.99952 0.000479965
1 0.63741 0.36259
1 0.984515 0.0154854
1 0.983766 0.0162335
1 0.99947 0.000529984
1 0.961341 0.0386593
1 0.99606 0.00394039
1 0.970438 0.0295622
9 0.31108 0.68892
1 0.972352 0.0276478
9 0.24972 0.75028
1 0.548426 0.451574
1 0.99979 0.000210226
1 0.946146 0.0538539
9 1e-07 1
1 0.994441 0.00555938
1 0.989688 0.0103125
1 0.984768 0.0152316
1 0.994933 0.00506698
1 0.953683 0.0463172
1 0.999559 0.000441345
1 0.878718 0.121282
1 0.992163 0.0078365
1 0.974385 0.0256151
1 0.975976 0.0240242
1 0.601853 0.398147
1 0.945374 0.0546257
1 0.640351 0.359649
1 0.999283 0.00071708
1 0.982314 0.0176858
1 0.999488 0.000511912
1 0.999821 0.000178601
1 0.825297 0.174703
1 0.575074 0.424926
1 0.989207 0.0107932
1 0.995176 0.00482416
9 0.00159173 0.998408
1 0.996441 0.00355879
1 0.823235 0.176765
1 0.952154 0.0478457
9 0.355315 0.644685
9 0.0862844 0.913716
1 0.980681 0.0193192
1 0.976878 0.023122
1 0.986069 0.0139308
1 0.974085 0.0259147
9 0.0210361 0.978964
1 0.992629 0.00737112
9 0.0324892 0.967511
1 0.914328 0.0856719
1 0.992863 0.00713675
1 0.992589 0.00741063
9 0.0480311 0.951969
1 0.992192 0.00780808
1 0.821048 0.178952
9 0.000260643 0.999739
9 0.0102245 0.989775
9 1e-07 1
1 0.52847 0.47153
1 0.951566 0.0484336
1 0.993276 0.0067242
1 0.767324 0.232676
1 0.986249 0.0137509
1 0.993172 0.00682783
1 0.977216 0.0227839
1 0.981889 0.0181111
1 0.99439 0.00560985
1 0.913632 0.086368
1 0.772116 0.227884
1 0.999986 1.38854e-05
1 0.986407 0.0135927
1 0.953834 0.0461658
1 0.999635 0.000365396
1 0.53201 0.46799
1 0.921578 0.0784217
1 0.958117 0.0418831
1 0.99433 0.00567017
1 0.992739 0.00726138
1 0.995772 0.0042275
1 0.732657 0.267343
1 0.992584 0.00741563
1 0.995179 0.00482113
1 0.980218 0.0197822
1 0.985948 0.0140516
1 0.948702 0.0512981
1 0.983272 0.0167281
1 0.993836 0.00616408
9 0.281508 0.718492
1 0.980031 0.0199692
1 0.948074 0.0519256
9 0.000137901 0.999862
1 0.929519 0.0704814
9 0.00115498 0.998845
1 0.504062 0.495938
1 0.952687 0.0473128
1 0.993495 0.00650538
1 0.996692 0.00330805
1 0.973935 0.0260649
1 0.946371 0.0536294
1 0.994033 0.00596715
1 0.962639 0.0373613
9 5.89047e-05 0.999941
1 0.999174 0.000826445
9 1e-07 1
1 0.968527 0.0314726
1 0.997254 0.00274578
1 0.992731 0.00726946
1 0.988584 0.0114161
1 0.970498 0.0295022
1 0.986687 0.0133134
9 0.0673314 0.932669
1 0.866455 0.133545
1 0.735796 0.264204
9 0.000214172 0.999786
1 0.99601 0.0039897
9 1.68473e-07 1
1 0.922104 0.0778958
1 0.9986 0.00140024
1 0.964667 0.0353331
1 0.993127 0.00687292
9 0.262712 0.737288
1 0.688032 0.311968
1 0.994647 0.0053528
1 0.63432 0.36568
9 0.00376584 0.996234
1 0.820511 0.179489
1 0.993373 0.006627
1 0.873245 0.126755
1 0.992257 0.00774283
1 0.984634 0.0153658
1 0.985062 0.0149379
9 6.43147e-05 0.999936
1 0.996902 0.00309766
1 0.986123 0.0138768
1 0.947358 0.0526424
1 0.822468 0.177532
1 0.999972 2.83838e-05
9 1e-07 1
1 0.694949 0.305051
9 5.35573e-06 0.999995
9 0.000886114 0.999114
1 0.998688 0.00131229
1 0.972743 0.0272568
1 0.998988 0.00101201
1 0.603086 0.396914
1 0.983224 0.0167761
1 0.989274 0.0107261
1 0.997011 0.00298878
9 0.00535409 0.994646
1 0.999491 0.000508537
9 0.00254255 0.997457
1 0.711364 0.288636
1 0.998378 0.00162154
1 0.991915 0.008085
9 0.25562 0.74438
1 0.999446 0.000554476
1 0.993026 0.00697396
1 0.880271 0.119729
1 0.99945 0.00055025
1 0.996983 0.00301665
1 0.997871 0.00212862
9 0.0578405 0.94216
1 0.999617 0.00038266
9 1.40976e-05 0.999986
1 0.907308 0.092692
1 0.97993 0.02007
1 0.975766 0.0242344
1 0.999858 0.000142405
1 0.50374 0.49626
1 0.991723 0.00827726
1 0.501821 0.498179
9 2.58822e-07 1
1 0.999719 0.00028102
1 0.722782 0.277218
1 0.999783 0.000217004
1 0.993102 0.00689788
1 0.994241 0.00575861
9 0.0190317 0.980968
9 4.84759e-07 1
1 0.994337 0.00566261
9 0.0457187 0.954281
1 0.999466 0.00053438
1 0.999516 0.000483708
9 0.355265 0.644735
1 0.945104 0.0548959
1 0.999861 0.000138783
1 0.814977 0.185023
9 0.105404 0.894596
1 0.902986 0.0970142
9 0.483618 0.516382
9 0.00015303 0.999847
1 0.985092 0.0149076
1 0.999614 0.000386423
9 1.32713e-05 0.999987
1 0.999939 6.0829e-05
1 0.999459 0.000540827
9 1e-07 1
9 1e-07 1
9 0.0747929 0.925207
1 0.99163 0.00836987
1 0.937513 0.0624868
1 0.988399 0.0116006
1 0.999005 0.000995103
1 0.989175 0.0108247
1 0.503177 0.496823
1 0.996093 0.00390716
9 1.24423e-05 0.999988
1 0.949491 0.0505095
1 0.994476 0.00552355
1 0.992561 0.00743883
1 0.993908 0.00609168
1 0.961097 0.0389033
1 0.907842 0.0921579
1 0.668184 0.331816
1 0.714899 0.285101
1 0.705786 0.294214
9 0.00309022 0.99691
1 0.998433 0.00156736
1 0.991795 0.00820481
9 0.1284 0.8716
9 0.265277 0.734723
1 0.969532 0.0304678
1 0.992737 0.00726274
1 0.962318 0.0376819
1 0.910689 0.0893107
1 0.952184 0.0478162
1 0.977953 0.0220471
1 0.93277 0.0672299
1 0.98091 0.0190902
1 0.999904 9.6365e-05
1 0.994132 0.00586844
9 0.00519362 0.994806
1 0.993325 0.00667479
1 0.992938 0.00706203
9 0.0122818 0.987718
1 0.991733 0.00826688
1 0.99781 0.00219013
1 0.984847 0.0151525
1 0.9745 0.0255002
9 0.0374686 0.962531
9 0.273787 0.726213
1 0.996749 0.00325114
1 0.992786 0.00721376
9 0.197627 0.802373
9 3.18893e-05 0.999968
1 0.938162 0.0618379
1 0.985982 0.0140176
9 0.000156549 0.999843
9 1e-07 1
1 0.995363 0.00463698
1 0.997512 0.00248782
1 0.999858 0.0001424
1 0.96415 0.0358497
1 0.98326 0.0167401
1 0.985975 0.0140252
1 0.999807 0.000192622
1 0.957998 0.0420025
1 0.999847 0.0001532
1 0.678106 0.321894
1 0.90006 0.0999402
1 0.992508 0.00749158
1 0.587377 0.412623
9 0.190673 0.809327
1 0.990002 0.00999783
1 0.993711 0.00628942
1 0.958221 0.0417791
1 0.99242 0.00757987
1 0.876688 0.123312
1 0.999109 0.000890556
9 0.243577 0.756423
1 0.987506 0.0124941
1 0.982215 0.0177847
9 0.0460531 0.953947
1 0.923951 0.0760486
1 0.973165 0.0268354
1 0.983824 0.0161762
1 0.984085 0.0159154
1 0.997849 0.00215071
1 0.973103 0.0268975
1 0.628999 0.371001
9 0.0266752 0.973325
9 0.0296608 0.970339
1 0.963751 0.0362486
1 0.985279 0.014721
1 0.999419 0.000581139
1 0.994483 0.00551738
1 0.667748 0.332252
1 0.998006 0.00199391
1 0.995146 0.00485439
1 0.885006 0.114994
1 0.988132 0.0118682
1 0.696477 0.303523
1 0.983991 0.0160092
1 0.990099 0.00990092
1 0.676074 0.323926
1 0.984442 0.0155577
9 0.0140451 0.985955
1 0.901051 0.0989491
9 0.00176919 0.998231
1 0.983566 0.0164342
1 0.920503 0.0794968
1 0.998634 0.00136589
9 0.17256 0.82744
1 0.949747 0.0502526
9 0.332044 0.667956
1 0.974705 0.0252952
1 0.99739 0.00260991
1 0.973451 0.0265487
1 0.975002 0.0249984
1 0.993697 0.00630335
1 0.931021 0.0689791
9 0.0520379 0.947962
9 0.000138466 0.999862
9 1e-07 1
9 0.000327385 0.999673
1 0.967671 0.0323289
1 0.83947 0.16053
1 0.996363 0.00363748
1 0.843119 0.156881
1 0.953409 0.0465909
1 0.995051 0.00494928
1 0.963617 0.0363828
1 0.99204 0.00796015
1 0.993162 0.00683798
9 0.0184296 0.98157
1 0.990164 0.00983556
1 0.999818 0.000182048
1 0.980589 0.0194109
1 0.988813 0.0111872
1 0.998551 0.00144947
9 1e-07 1
1 0.93661 0.0633897
1 0.9928 0.00720037
1 0.988342 0.0116581
9 0.00239505 0.997605
1 0.962646 0.0373537
1 0.99315 0.00684989
1 0.991652 0.00834755
1 0.987978 0.0120225
1 0.995286 0.00471425
9 1e-07 1
1 0.885759 0.114241
1 0.995894 0.00410596
9 0.0161569 0.983843
9 0.19358 0.80642
1 0.959619 0.0403815
1 0.996143 0.00385703
1 0.986254 0.0137457
1 0.998972 0.00102778
1 0.996248 0.00375189
9 0.489285 0.510715
9 0.0186881 0.981312
9 0.00144496 0.998555
1 0.989047 0.0109533
1 0.972383 0.0276166
9 2.07676e-05 0.999979
1 0.982884 0.0171162
1 0.987133 0.0128669
1 0.913753 0.0862471
1 0.993029 0.00697103
9 6.10125e-05 0.999939
1 0.933944 0.0660565
1 0.970284 0.029716
1 0.934914 0.0650862
1 0.944411 0.0555891
1 0.991211 0.00878905
1 0.994996 0.00500361
1 0.999604 0.00039614
1 0.992865 0.0071352
9 1e-07 1
9 1e-07 1
1 0.976191 0.0238089
1 0.997117 0.00288342
1 0.981097 0.0189033
1 0.904206 0.0957937
1 0.993947 0.00605316
1 0.843948 0.156052
1 0.992646 0.00735379
1 0.971173 0.0288269
1 0.997273 0.00272727
1 0.921344 0.0786557
1 0.999045 0.000954888
1 0.993778 0.00622154
1 0.907792 0.0922076
1 0.990411 0.00958933
1 0.97896 0.0210397
1 0.927695 0.0723047
1 0.976358 0.0236418
9 0.307191 0.692809
9 1e-07 1
1 0.602395 0.397605
1 0.990308 0.00969169
9 0.000301908 0.999698
9 0.0137598 0.98624
1 0.968543 0.0314572
1 0.995053 0.00494725
1 0.941266 0.0587343
9 8.47798e-05 0.999915
1 0.998768 0.00123183
1 0.955181 0.0448194
1 0.987936 0.0120637
1 0.997628 0.00237223
1 0.924512 0.0754878
1 0.86092 0.13908
9 0.454892 0.545108
9 0.00100667 0.998993
1 0.999818 0.000181812
9 0.474552 0.525448
1 0.993667 0.00633319
1 0.992969 0.00703128
1 0.796392 0.203608
1 0.973446 0.0265539
1 0.928692 0.071308
9 1.48354e-06 0.999999
1 0.822952 0.177048
1 0.99242 0.00758018
9 0.0406551 0.959345
9 0.000622393 0.999378
9 0.112309 0.887691
9 5.30445e-05 0.999947
1 0.993779 0.00622135
9 0.000168011 0.999832
1 0.994978 0.00502176
1 0.912794 0.0872064
9 0.0111494 0.988851
9 1e-07 1
1 0.986148 0.0138519
1 0.973492 0.0265084
1 0.999995 4.58255e-06
1 0.989604 0.0103957
1 0.993096 0.00690361
9 1.99094e-06 0.999998
1 0.999775 0.000225183
1 0.992348 0.00765151
1 0.986526 0.0134737
1 0.999317 0.000683011
1 0.998651 0.00134934
1 0.999528 0.000472317
1 0.984819 0.015181
1 0.99366 0.00634045
9 2.72301e-06 0.999997
1 0.947521 0.0524786
1 0.99841 0.0015899
9 1.43822e-05 0.999986
9 1e-07 1
1 0.989434 0.0105656
1 0.982372 0.0176276
1 0.996449 0.00355088
1 0.987154 0.0128462
1 0.999271 0.000729336
9 1e-07 1
1 0.990239 0.00976111
1 0.996255 0.00374544
1 0.991189 0.00881121
1 0.993221 0.00677914
1 0.981877 0.018123
1 0.961745 0.0382547
1 0.994068 0.00593187
1 0.967871 0.0321293
1 0.96132 0.0386803
1 0.982365 0.0176353
9 2.11255e-07 1
1 0.993299 0.00670114
1 0.854024 0.145976
1 0.830315 0.169685
1 0.72769 0.27231
9 0.000367036 0.999633
1 0.998878 0.00112249
9 0.477895 0.522105
1 0.987033 0.0129667
1 0.981786 0.0182145
1 0.979032 0.0209679
1 0.829578 0.170422
1 0.988998 0.0110016
1 0.951278 0.0487219
1 0.971145 0.0288546
1 0.987118 0.0128825
1 0.973878 0.0261219
1 0.980162 0.0198383
9 0.231438 0.768562
1 0.998839 0.00116122
1 0.866998 0.133002
9 0.39007 0.60993
1 0.990717 0.00928298
1 0.950282 0.0497183
1 0.995423 0.00457677
1 0.857091 0.142909
9 1.06803e-07 1
9 1e-07 1
1 0.959137 0.0408635
1 0.985071 0.0149288
1 0.931994 0.0680064
1 0.983885 0.0161149
1 0.989043 0.0109571
1 0.993326 0.00667382
9 0.0191768 0.980823
1 0.997554 0.00244629
9 1e-07 1
9 0.000155306 0.999845
1 0.888681 0.111319
1 0.992228 0.00777222
1 0.569954 0.430046
1 0.964384 0.0356156
1 0.974572 0.0254275
9 0.000380683 0.999619
1 0.985385 0.0146154
9 0.394276 0.605724
9 0.000199738 0.9998
1 0.516229 0.483771
1 0.998445 0.00155514
9 3.25639e-06 0.999997
1 0.991135 0.00886537
1 0.998867 0.00113346
1 0.994951 0.0050494
1 0.897169 0.102831
1 0.984719 0.0152806
1 0.980872 0.0191276
1 0.533483 0.466517
9 0.0415239 0.958476
1 0.914504 0.085496
1 0.883346 0.116654
1 0.906506 0.0934939
1 0.709485 0.290515
1 0.984019 0.0159809
9 0.174709 0.825291
1 0.997295 0.00270475
9 6.72754e-06 0.999993
1 0.884321 0.115679
1 0.998154 0.00184591
1 0.999407 0.000593396
1 0.992822 0.0071782
1 0.896847 0.103153
9 0.000811545 0.999188
1 0.996363 0.00363666
1 0.814264 0.185736
1 0.873597 0.126403
1 0.982269 0.0177311
9 1.87342e-07 1
9 3.97454e-05 0.99996
9 0.00965001 0.99035
1 0.971905 0.0280948
1 0.993504 0.00649578
1 0.985455 0.0145453
1 0.971772 0.028228
1 0.97049 0.0295104
1 0.931765 0.0682353
1 0.600156 0.399844
1 0.994374 0.00562552
1 0.89258 0.10742
1 0.999799 0.000201352
1 0.727951 0.272049
1 0.960348 0.0396515
1 0.892776 0.107224
1 0.839278 0.160722
1 0.991778 0.00822178
1 0.863748 0.136252
1 0.860989 0.139011
1 0.992596 0.00740371
1 0.956279 0.0437214
1 0.98218 0.0178201
1 0.992046 0.00795396
9 1e-07 1
1 0.980606 0.0193942
1 0.928215 0.0717854
1 0.993968 0.00603218
9 0.308273 0.691727
1 0.614457 0.385543
1 0.790922 0.209078
1 0.999139 0.000860959
9 3.91634e-07 1
9 0.0396142 0.960386
1 0.996231 0.00376905
1 0.998603 0.00139721
1 0.98057 0.0194298
9 2.99982e-06 0.999997
1 0.966175 0.0338249
1 0.99069 0.00931015
9 0.00887256 0.991127
1 0.999163 0.000836611
1 0.959342 0.0406579
9 7.20532e-07 0.999999
1 0.879879 0.120121
1 0.800679 0.199321
1 0.998097 0.0019033
1 0.59257 0.40743
1 0.904557 0.0954431
1 0.99883 0.00117038
1 0.964789 0.0352112
1 0.999924 7.58993e-05
1 0.993185 0.00681539
1 0.942794 0.0572063
9 1e-07 1
1 0.994279 0.0057215
9 2.55004e-06 0.999997
1 0.96937 0.0306302
1 0.9982 0.00179978
1 0.991533 0.00846678
1 0.968775 0.0312245
1 0.791847 0.208153
1 0.942436 0.0575642
1 0.999723 0.000277114
1 0.66754 0.33246
1 0.991164 0.00883589
1 0.99798 0.00202039
1 0.934808 0.0651924
1 0.867672 0.132328
1 0.925543 0.0744565
1 0.593083 0.406917
1 0.836591 0.163409
1 0.99118 0.00882041
9 5.79581e-06 0.999994
9 0.0534738 0.946526
1 0.999689 0.000310991
1 0.99298 0.0070195
1 0.994457 0.00554275
9 7.24878e-07 0.999999
1 0.992816 0.00718377
1 0.991037 0.00896291
1 0.985969 0.014031
1 0.991441 0.00855855
9 0.000164805 0.999835
9 0.181645 0.818355
1 0.972714 0.0272861
9 1e-07 1
9 7.55926e-05 0.999924
1 0.999962 3.80587e-05
9 2.65389e-06 0.999997
9 0.14101 0.85899
1 0.992828 0.00717156
1 0.99037 0.00962967
1 0.994888 0.00511163
9 0.014372 0.985628
1 0.996284 0.00371601
1 0.998968 0.00103229
1 0.905246 0.0947545
1 0.718134 0.281866
1 0.999528 0.00047158
1 0.523996 0.476004
9 0.00571254 0.994287
1 0.933712 0.066288
1 0.994211 0.00578916
1 0.997954 0.00204561
1 0.663075 0.336925
9 0.418431 0.581569
1 0.861688 0.138312
1 0.812227 0.187773
1 0.993486 0.00651444
1 0.988227 0.0117731
1 0.99455 0.00544992
1 0.647307 0.352693
1 0.99578 0.00422026
9 0.112679 0.887321
1 0.99998 2.04736e-05
1 0.992763 0.00723659
1 0.980831 0.019169
1 0.994158 0.00584196
1 0.973477 0.0265227
1 0.96252 0.0374801
1 0.943438 0.0565616
1 0.998512 0.00148826
1 0.944561 0.0554391
1 0.645794 0.354206
9 4.66657e-05 0.999953
1 0.94865 0.0513503
1 0.897033 0.102967
1 0.576601 0.423399
1 0.96046 0.0395396
1 0.999784 0.000215596
1 0.990163 0.00983733
1 0.984509 0.0154911
9 0.0611393 0.938861
1 0.985793 0.0142067
1 0.786226 0.213774
1 0.926988 0.0730115
1 0.928263 0.0717372
9 3.13734e-07 1
1 0.849351 0.150649
1 0.994434 0.00556643
1 0.977735 0.022265
1 0.999231 0.000769434
1 0.99547 0.00453004
1 0.991577 0.00842274
9 0.365056 0.634944
1 0.990496 0.00950358
1 0.950685 0.0493145
1 0.936989 0.0630107
1 0.961897 0.0381028
1 0.585437 0.414563
1 0.999957 4.26899e-05
1 0.997389 0.00261071
1 0.887426 0.112574
1 0.894936 0.105064
1 0.980971 0.0190288
1 0.992577 0.00742313
1 0.994249 0.00575121
1 0.95535 0.0446495
1 0.838926 0.161074
1 0.89013 0.10987
9 0.0839484 0.916052
9 0.00605257 0.993947
1 0.956804 0.0431959
9 1e-07 1
9 0.220432 0.779568
1 0.91943 0.0805697
1 0.998501 0.00149855
1 0.977596 0.0224043
1 0.993823 0.0061775
1 0.993577 0.00642325
1 0.993593 0.00640711
1 0.948765 0.0512354
9 0.340918 0.659082
9 0.246671 0.753329
1 0.979403 0.020597
1 0.747477 0.252523
1 0.967961 0.0320391
1 0.959473 0.0405269
1 0.981354 0.0186462
1 0.999003 0.000997479
1 0.992813 0.00718679
9 0.20766 0.79234
1 0.986611 0.0133885
1 0.99572 0.0042798
1 0.969666 0.0303339
1 0.909351 0.0906491
1 0.744122 0.255878
1 0.994417 0.00558343
1 0.990997 0.00900307
1 0.998898 0.00110176
1 0.994683 0.00531652
1 0.999099 0.000900914
9 0.0105024 0.989498
1 0.989388 0.0106123
9 3.33867e-07 1
1 0.886894 0.113106
1 0.972823 0.0271768
1 0.802736 0.197264
1 0.948054 0.0519459
1 0.966598 0.0334021
1 0.994234 0.00576569
1 0.992095 0.00790511
1 1 1.15587e-07
1 0.573605 0.426395
1 0.99239 0.00761019
1 0.993085 0.00691528
1 0.993484 0.0065164
1 0.991244 0.00875555
1 0.991951 0.0080489
1 0.997914 0.00208646
1 0.952618 0.0473816
1 0.955595 0.0444051
9 0.0793831 0.920617
1 0.999935 6.46852e-05
1 0.993176 0.00682359
1 0.971055 0.0289449
1 0.627731 0.372269
1 0.956109 0.0438908
1 0.994804 0.00519637
1 0.787391 0.212609
1 0.998042 0.0019577
1 0.993445 0.00655451
9 0.305661 0.694339
1 0.999569 0.000430581
1 0.996226 0.00377389
1 0.994729 0.00527071
1 0.928154 0.0718456
1 0.782642 0.217358
1 0.995878 0.00412183
1 0.989058 0.0109417
1 0.96328 0.0367199
1 0.992939 0.0070607
1 0.999741 0.000259376
1 0.94666 0.0533398
1 0.994672 0.00532825
1 0.910405 0.0895953
1 0.996779 0.00322116
1 0.992605 0.00739542
1 0.755051 0.244949
1 0.972727 0.0272725
1 0.995925 0.00407547
1 0.996789 0.00321117
1 0.993073 0.00692745
1 0.993322 0.00667793
1 0.777559 0.222441
1 0.948836 0.0511644
1 0.911348 0.0886516
1 0.979642 0.0203581
1 0.988786 0.0112135
1 0.920463 0.0795366
1 0.993583 0.00641703
1 0.998254 0.00174559
1 0.957117 0.0428835
1 0.994792 0.00520802
1 0.9914 0.0085996
1 0.993264 0.00673625
9 0.0311766 0.968823
1 0.989202 0.0107978
1 0.993076 0.00692433
1 0.563392 0.436608
1 0.988198 0.0118021
1 0.983025 0.0169748
9 0.130698 0.869302
1 0.999989 1.05365e-05
1 0.999721 0.000278675
9 0.0283829 0.971617
1 0.993532 0.00646799
1 0.994023 0.00597729
1 0.922664 0.0773358
1 0.982878 0.017122
1 0.984866 0.0151341
1 0.984338 0.015662
1 0.934004 0.0659956
9 0.0205016 0.979498
9 0.0010271 0.998973
1 0.689362 0.310638
9 0.380424 0.619576
1 0.996346 0.00365401
9 0.000237459 0.999763
1 0.704064 0.295936
1 0.998054 0.00194617
1 0.957687 0.0423133
9 0.00406091 0.995939
1 0.975151 0.0248489
1 0.994753 0.00524694
1 0.999586 0.000414397
1 0.998295 0.00170534
1 0.997295 0.00270545
1 0.995516 0.00448365
1 0.736212 0.263788
1 0.831559 0.168441
1 0.969826 0.0301741
9 3.80714e-06 0.999996
1 0.999902 9.77532e-05
9 0.464055 0.535945
1 0.986126 0.0138745
1 0.990446 0.00955393
1 0.968657 0.0313426
1 0.74162 0.25838
1 0.999973 2.73509e-05
1 0.994644 0.00535628
1 0.992519 0.00748076
9 0.042781 0.957219
1 0.584345 0.415655
1 0.994976 0.00502369
9 0.0124593 0.987541
1 0.996509 0.00349079
1 0.993731 0.0062689
1 0.556064 0.443936
1 0.95643 0.0435695
1 0.985601 0.0143993
9 0.0514345 0.948565
1 0.999707 0.000293028
9 0.491932 0.508068
1 0.741426 0.258574
1 0.99609 0.00391007
9 0.0671885 0.932811
1 0.99959 0.000409747
1 0.980141 0.0198587
1 0.990651 0.00934944
1 0.996853 0.00314727
1 0.989016 0.0109845
1 0.901616 0.0983837
1 0.765561 0.234439
1 0.995051 0.00494913
1 0.972097 0.0279026
1 0.996833 0.00316658
9 2.04053e-07 1
1 0.996346 0.00365391
1 0.999552 0.000447502
1 0.969161 0.0308392
1 0.833229 0.166771
1 0.78064 0.21936
1 0.754796 0.245204
1 0.987008 0.0129925
9 1e-07 1
1 0.881512 0.118488
1 0.99453 0.00546995
1 0.998681 0.00131901
1 0.995301 0.00469879
9 0.28807 0.71193
1 0.994892 0.00510844
9 0.233944 0.766056
1 0.994031 0.00596856
9 1e-07 1
1 0.984831 0.0151691
1 0.99313 0.00686954
1 0.993884 0.00611626
9 9.704e-05 0.999903
1 0.992551 0.00744876
1 0.610602 0.389398
1 0.993616 0.00638421
1 0.991907 0.00809272
1 0.991706 0.00829377
9 1.29251e-05 0.999987
1 0.845873 0.154127
1 0.995358 0.00464238
1 0.993621 0.00637925
1 0.527246 0.472754
1 0.994847 0.00515314
1 0.998782 0.00121777
9 0.00367727 0.996323
1 0.987073 0.0129273
1 0.612921 0.387079
9 0.0565769 0.943423
1 0.987087 0.012913
1 0.979381 0.0206188
1 0.941127 0.0588728
9 0.37122 0.62878
1 0.905333 0.0946665
1 0.984522 0.0154776
1 0.992691 0.00730873
1 0.985392 0.0146082
1 0.950899 0.0491007
9 3.80389e-05 0.999962
1 0.94026 0.0597404
1 0.994635 0.00536462
1 0.992623 0.00737693
1 0.94692 0.0530796
1 0.951719 0.0482813
9 1e-07 1
9 1e-07 1
1 0.97644 0.0235602
1 0.94583 0.05417
1 0.590597 0.409403
1 0.999988 1.22203e-05
1 0.998996 0.00100359
1 0.971997 0.0280033
9 0.317223 0.682777
9 3.4934e-05 0.999965
1 0.991048 0.00895174
1 0.993187 0.00681283
1 0.864844 0.135156
1 0.980911 0.0190891
1 0.995784 0.0042155
1 0.993502 0.00649808
1 0.997003 0.00299717
1 0.999951 4.94772e-05
1 0.930958 0.0690416
1 0.999194 0.000805595
9 0.00316077 0.996839
1 0.697161 0.302839
1 0.876517 0.123483
9 0.00525477 0.994745
9 0.463347 0.536653
1 0.958409 0.0415908
1 0.93815 0.0618504
9 1.07105e-06 0.999999
1 0.987158 0.0128422
1 0.555574 0.444426
1 0.999219 0.000780738
1 0.999566 0.000433886
9 0.188967 0.811033
1 0.990127 0.00987335
1 0.853787 0.146213
1 0.992886 0.00711401
1 0.918057 0.0819427
1 0.908155 0.091845
1 0.937172 0.0628276
